20 1 166 2 132 3 236 4 34 5 165 6 187 7 277 8 263 9 237 10 250 11 21 12 72 13 7 14 97 15 354 16 572 17 594 18 404 19 534 20 443
1 11 94
0
2 6 42 13 549
0
2 7 340 10 362
0
0
0
1 5 176
1 16 12
1 3 255
0
2 4 104 15 317
1 4 159
0
3 1 182 9 247 17 648
1 17 79
2 4 503 13 254
0
0
0
2 4 343 13 619
2 11 575 13 280
0
2 10 395 20 452
0
1 19 565
2 3 664 9 513
1 7 633
0
1 4 474
2 10 142 17 69
3 1 239 6 423 17 496
0
1 18 486
0
0
0
1 6 417
2 4 278 8 488
1 15 451
0
1 7 84
0
0
0
0
2 10 221 18 551
0
0
2 14 70 16 71
1 12 139
1 10 274
1 10 346
0
3 13 482 18 63 20 532
2 11 379 20 64
1 13 672
1 5 252
0
0
0
0
1 4 470
1 11 661
1 6 556
1 18 80
2 17 540 20 467
1 13 489
2 7 106 17 65
1 5 348
2 2 202 20 33
1 10 373
0
1 17 747
0
0
1 3 682
0
0
0
3 6 507 8 36 14 586
1 11 719
0
1 4 542
0
2 13 506 14 725
0
1 5 420
0
1 9 601
2 1 249 10 449
1 15 533
2 7 111 8 502
0
0
0
1 11 593
0
0
3 13 595 16 98 19 136
0
1 8 720
1 9 432
1 12 148
2 1 335 11 141
1 13 596
0
1 6 526
0
2 3 693 10 8
1 14 749
0
1 20 95
0
0
3 2 286 4 626 10 162
0
1 10 57
0
1 12 171
1 13 495
1 7 137
3 4 685 7 649 13 128
1 18 113
1 19 644
2 5 500 13 177
3 15 610 17 799 20 670
3 10 569 17 5 19 305
0
0
2 11 143 13 615
1 19 538
1 12 259
0
0
1 13 609
2 3 743 9 497
1 2 288
0
1 18 124
1 4 703
1 8 147
1 1 336
0
0
3 2 326 6 623 20 689
1 20 566
0
0
1 11 546
0
0
0
1 10 622
0
1 4 585
1 20 131
0
3 3 31 17 710 20 576
1 13 234
2 7 312 12 224
0
1 18 178
0
1 6 634
0
5 2 110 4 215 12 748 16 579 20 207
1 17 311
0
0
0
1 14 52
1 19 602
2 3 581 5 517
1 11 650
1 4 260
0
0
1 14 787
0
0
3 5 666 6 282 13 756
0
1 12 768
2 10 679 15 627
1 11 746
0
0
0
0
0
1 9 548
2 2 114 8 116
0
1 11 655
2 6 240 20 826
2 10 755 13 366
1 17 325
0
0
0
1 15 82
1 1 349
1 10 422
2 9 776 10 632
1 4 608
0
0
1 3 656
2 16 614 17 587
1 7 408
1 7 425
2 9 790 12 314
0
2 5 728 13 739
0
1 13 791
2 10 185 18 107
2 10 793 13 754
1 10 580
2 8 757 18 161
0
2 10 888 20 742
2 7 433 10 832
0
2 11 638 13 834
0
1 6 570
0
0
2 2 199 13 744
0
2 16 641 19 681
1 10 770
0
1 18 402
1 13 808
0
1 14 89
2 8 54 20 160
0
1 7 520
1 13 510
2 3 686 6 480
1 17 645
1 16 646
0
3 4 606 13 702 14 654
0
1 7 617
0
1 7 663
1 20 683
1 4 660
1 7 630
0
1 2 212
3 1 370 6 529 9 745
2 10 841 19 541
0
0
0
2 8 723 20 396
0
1 7 699
1 11 232
2 6 536 11 830
1 11 169
3 11 392 12 309 13 813
2 8 821 15 194
1 3 173
0
1 18 903
1 5 268
0
0
1 16 653
1 1 456
1 6 406
0
0
0
1 4 750
0
2 12 361 13 145
2 7 764 11 459
1 20 887
2 8 864 14 726
0
1 10 127
1 6 455
0
0
0
0
2 3 735 17 708
1 18 852
1 18 55
3 2 256 17 896 18 180
1 17 283
0
1 4 752
0
1 18 845
1 17 435
0
2 7 783 9 574
0
1 4 804
2 10 767 18 399
1 8 371
0
1 14 211
1 13 297
1 10 299
0
2 11 729 17 796
0
2 1 494 5 515
1 19 269
0
0
1 16 220
0
0
0
0
2 3 765 12 414
1 15 846
0
1 20 181
1 10 200
3 6 509 10 302 12 26
2 10 882 18 368
2 2 293 10 584
2 10 802 13 355
1 10 332
1 10 216
2 12 659 18 122
1 9 820
0
2 7 537 13 328
2 10 805 18 2
0
0
0
2 10 285 13 29
2 12 840 17 923
3 4 853 9 865 11 300
0
1 8 491
1 5 405
0
2 7 35 14 730
1 6 547
1 12 248
1 9 866
0
0
1 18 838
2 13 331 19 732
0
0
0
0
1 9 628
2 1 498 13 553
1 13 578
0
0
0
1 3 102
1 17 753
0
1 11 403
0
1 13 597
2 7 687 13 6
1 10 475
2 5 14 20 227
1 16 228
2 2 367 20 351
3 12 938 15 83 20 895
0
2 14 74 18 242
2 4 281 5 157
0
1 6 539
1 20 827
1 18 889
0
2 8 322 14 394
1 18 733
2 4 291 5 109
1 6 876
2 10 880 20 782
0
1 1 558
0
1 9 692
4 4 512 6 831 15 338 17 66
1 18 91
1 10 797
0
0
1 9 662
0
0
1 14 10
3 6 824 19 389 20 736
2 12 957 13 849
2 4 794 8 203
0
2 5 223 18 218
1 11 478
1 10 45
0
0
1 3 195
0
1 17 487
1 13 50
0
1 1 631
1 16 847
1 6 413
1 9 4
4 10 869 11 599 12 886 20 598
1 1 680
0
0
1 2 387
1 3 391
2 4 73 18 179
2 3 18 20 483
1 20 272
3 14 86 15 61 18 172
2 4 616 18 721
1 7 786
1 4 814
0
2 3 222 13 855
2 13 668 20 857
3 13 642 17 264 18 639
3 10 789 14 781 17 657
1 19 196
0
2 2 390 4 740
2 1 691 17 761
1 18 817
3 3 762 15 330 20 854
2 6 828 13 519
1 10 358
1 10 481
0
0
3 1 697 5 22 13 911
0
2 4 956 18 958
0
3 3 643 10 523 13 942
1 2 466
0
1 19 412
0
3 11 421 13 914 20 149
1 14 51
0
2 6 267 8 316
0
0
1 12 784
0
1 7 815
0
3 6 870 13 839 16 271
1 5 897
0
2 15 75 18 243
0
1 6 909
2 9 253 10 193
0
1 4 135
4 3 785 7 867 13 800 17 618
0
0
0
0
0
0
1 3 872
1 20 117
0
0
0
0
1 10 759
0
1 13 669
0
2 3 860 11 275
1 2 530
0
2 8 287 12 476
1 14 925
1 1 737
0
0
1 6 766
0
0
1 7 924
2 2 718 19 118
0
0
1 5 858
1 17 454
1 18 825
0
1 1 771
1 16 673
1 13 777
0
1 10 407
1 10 550
2 7 972 10 225
1 10 258
0
0
1 15 20
1 9 270
1 4 184
0
2 2 289 10 347
2 4 329 10 780
1 10 810
2 9 856 10 667
0
0
2 4 428 10 951
1 10 409
0
1 2 294
0
1 7 763
3 11 174 13 190 15 453
2 10 807 20 811
2 4 365 20 49
3 9 563 11 320 20 774
1 6 837
2 2 908 10 591
0
3 10 324 13 901 17 514
3 1 851 11 859 17 504
1 14 265
3 4 521 9 257 12 471
2 13 878 17 921
2 3 577 10 78
1 7 946
2 11 919 20 130
0
1 5 235
1 4 954
2 10 966 17 600
0
0
1 13 704
4 1 698 15 210 17 398 19 244
1 2 900
2 7 916 8 658
2 12 301 18 875
0
0
2 3 881 10 988
0
1 14 99
1 7 384
3 9 583 11 705 13 19
1 5 397
1 4 939
1 6 375
1 20 607
0
2 10 47 13 60
1 17 163
0
0
0
1 3 374
0
1 4 932
0
2 2 350 12 327
0
3 1 123 10 933 11 154
2 15 37 19 276
2 7 835 18 701
1 16 296
1 8 360
2 6 444 14 477
0
3 10 920 13 904 20 979
1 4 931
0
2 5 167 9 25
0
0
0
0
1 10 898
0
0
0
0
1 13 380
1 17 445
1 4 146
1 6 307
0
2 3 153 10 11
0
1 7 525
2 1 803 12 92
0
0
1 18 760
0
1 20 313
1 6 353
1 13 625
0
0
0
1 11 907
1 2 894
1 15 333
0
0
0
1 14 571
2 5 119 17 976
0
1 16 419
3 8 345 9 694 10 778
0
1 4 929
1 3 727
1 7 906
1 19 695
0
1 6 53
1 20 795
1 13 696
0
0
0
0
0
0
0
0
1 12 604
0
1 13 76
2 11 915 18 879
0
0
0
1 17 613
0
0
1 1 411
1 3 359
2 3 564 10 690
0
1 10 315
1 10 973
1 10 891
2 3 292 10 883
2 3 829 10 775
1 10 985
2 7 198 10 970
2 7 640 10 304
0
1 3 472
1 20 671
0
2 10 535 16 369
3 2 974 6 121 7 738
1 13 769
2 5 944 10 561
4 3 266 7 424 13 108 20 1
3 3 965 13 28 20 233
2 4 219 13 418
3 10 996 14 334 20 935
3 6 164 13 806 20 341
3 2 562 7 93 16 665
2 9 321 10 568
3 3 204 5 977 6 473
1 4 319
3 4 871 10 758 13 245
3 4 439 10 582 13 410
2 4 213 12 809
2 4 400 15 990
3 4 833 6 342 7 724
4 3 751 14 205 19 386 20 56
1 5 378
2 10 183 13 460
4 3 120 4 357 6 458 17 963
1 7 862
4 6 913 10 511 16 125 20 442
2 2 588 10 928
3 6 918 12 508 13 15
3 10 905 14 978 17 416
2 9 612 19 262
1 10 168
1 10 986
1 13 999
3 8 197 15 722 18 885
3 3 246 5 863 10 505
2 11 983 19 589
0
2 7 943 10 773
2 10 997 11 229
2 2 560 4 175
3 11 41 17 674 20 284
2 6 842 13 30
2 10 531 13 436
2 9 469 13 941
0
3 4 44 14 438 16 479
2 11 936 18 308
4 12 677 13 446 18 713 20 960
0
2 3 884 10 429
2 10 133 15 980
4 1 450 2 13 7 189 13 201
2 5 251 19 961
0
1 17 715
2 6 968 10 383
2 8 448 10 101
0
5 4 734 7 971 11 952 13 356 20 323
3 10 298 11 678 18 23
1 10 464
2 6 975 12 636
0
2 16 339 17 647
2 1 138 9 43
2 3 629 10 155
1 13 812
0
2 2 81 18 917
2 11 144 14 967
0
3 4 567 6 559 7 385
1 5 9
1 17 290
2 15 984 20 714
2 12 934 19 819
1 8 273
0
1 16 67
0
2 7 363 10 868
0
2 6 208 13 24
0
3 10 206 11 217 17 922
0
0
0
2 13 115 20 741
1 5 88
1 9 518
2 3 140 10 969
2 1 310 6 401
2 2 981 18 557
1 17 902
2 10 949 12 545
0
0
1 13 96
0
0
2 4 573 6 964
3 7 994 10 801 14 437
1 16 461
1 17 382
1 11 688
0
0
3 3 32 15 241 20 945
0
2 8 129 19 779
0
0
0
2 7 238 18 434
2 10 112 13 261
0
1 4 150
0
1 5 492
1 12 621
1 6 893
2 2 675 18 555
1 1 700
1 10 993
0
2 3 59 11 158
0
1 9 940
0
2 17 861 20 892
0
1 13 447
1 14 499
1 4 592
0
0
0
1 6 877
1 16 554
0
1 7 431
3 11 989 13 652 18 843
0
1 10 788
0
2 2 524 20 552
0
1 19 87
2 3 134 8 651
0
2 5 100 12 191
0
1 10 543
1 6 962
1 15 192
0
2 1 306 17 344
0
1 13 950
1 4 426
1 11 337
1 9 427
1 7 959
0
1 10 465
0
1 17 3
0
1 13 214
1 14 68
1 16 930
1 11 468
1 5 620
1 18 937
0
1 20 910
0
1 1 982
1 3 712
1 6 603
0
0
0
0
2 2 58 10 899
2 13 231 19 874
0
1 4 706
1 8 707
0
0
2 7 501 12 528
0
0
0
1 11 844
3 10 27 13 40 20 393
0
0
0
2 16 836 17 152
0
0
0
0
0
1 6 823
2 10 798 18 463
1 3 926
0
0
2 5 716 9 441
0
1 15 991
1 20 948
0
1 1 364
1 14 230
1 4 676
0
0
0
1 17 624
0
1 12 126
2 2 457 6 772
0
0
0
1 11 90
0
2 7 376 19 947
1 10 635
1 13 731
1 8 39
0
0
0
2 4 105 18 709
1 6 38
2 5 611 20 62
0
0
0
0
0
0
2 3 792 17 16
0
1 16 170
0
0
1 1 953
0
0
0
0
0
0
0
0
2 9 527 10 711
0
1 14 516
1 7 151
1 13 717
0
1 12 295
0
2 6 377 15 430
1 20 188
0
1 2 103
1 4 873
1 5 77
2 11 850 19 352
1 17 381
0
1 10 484
0
1 18 684
0
1 3 590
0
0
0
0
0
0
0
0
0
1 8 485
1 10 992
0
0
0
1 6 490
0
0
1 13 209
0
0
1 11 822
0
1 17 890
0
1 16 493
1 7 226
0
0
0
1 6 85
2 1 17 20 279
1 4 388
0
0
0
1 9 303
1 12 927
0
1 5 605
0
1 13 415
1 14 544
0
0
0
0
2 3 818 18 998
0
0
0
0
0
0
0
1 10 955
1 17 48
0
2 15 912 19 186
0
0
1 2 637
0
1 11 462
0
0
0
0
0
0
0
1 7 522
0
0
1 13 987
0
2 10 318 16 816
1 20 995
1 12 1000
1 8 156
2 4 46 6 848
1 1 372
0
0
0
0
0
0
0
0
0
1 18 440
0
0
0
0
0
0
0
0
0
0
0
0
0
0
0
0
0
0
0
0
0
0
0
0
0
0
0
0
0
0
0
0
0
0
0
0
0
0
0
0
0
0
0
0
0
0
0
0
0
0
0
0
0
0
0
0
0
0
0
0
0
0
0
0
0
0
0
0
0
0
0
0
DAY = 1134
SCORE = 1865
