20 1 3 2 10 3 28 4 20 5 7 6 19 7 11 8 8 9 1 10 2 11 54 12 9 13 18 14 45 15 36 16 26 17 13 18 46 19 71 20 42
0
0
1 5 16
0
0
1 9 86
1 11 37
1 7 23
0
1 5 32
2 12 35 18 40
1 6 6
1 17 60
0
0
0
2 18 48 20 96
3 3 66 17 78 18 17
0
1 13 53
2 1 21 5 97
0
0
1 2 31
1 18 4
1 9 70
1 15 107
2 4 24 9 43
2 6 15 13 80
2 8 38 16 51
0
1 20 29
0
0
0
1 12 49
0
2 5 93 9 52
2 10 34 19 41
1 3 76
2 7 79 14 39
1 12 91
0
2 4 133 14 63
1 10 59
0
2 8 33 12 67
2 12 145 15 64
0
3 12 27 13 126 19 5
0
1 10 196
3 4 92 6 88 16 47
0
0
1 13 99
1 18 22
1 18 179
0
1 9 114
0
2 2 143 17 112
1 13 202
0
1 9 264
1 15 105
1 20 89
0
1 1 55
1 14 94
1 3 90
3 1 65 7 69 18 125
1 11 83
0
1 18 144
1 9 121
0
3 4 57 19 162 20 169
1 6 182
0
2 12 72 13 238
1 10 151
0
1 12 50
0
1 9 138
0
2 12 108 19 129
1 19 187
1 19 77
4 1 84 3 147 15 186 17 135
1 11 100
0
1 18 131
1 6 157
0
0
0
0
0
2 5 173 15 142
0
0
2 8 74 18 193
1 20 156
1 4 177
1 1 153
0
1 7 111
1 12 103
1 12 113
0
3 7 117 12 124 20 136
3 12 195 13 109 19 73
5 2 149 3 158 12 178 17 298 18 110
1 9 170
0
0
1 13 172
2 6 141 8 188
1 19 120
1 11 101
2 12 140 16 102
0
0
0
0
2 5 155 14 137
1 4 200
0
0
2 2 164 8 161
0
0
1 10 104
2 3 231 15 225
0
0
1 12 235
0
0
0
1 1 223
2 2 116 10 286
1 17 227
2 13 273 18 221
1 3 134
0
1 19 279
2 6 154 7 118
0
0
2 9 315 12 288
2 12 256 17 185
1 9 130
1 16 119
1 5 159
1 3 234
0
0
0
0
1 20 166
0
2 4 198 9 378
2 15 460 18 318
1 11 132
1 13 139
1 3 270
2 9 115 17 30
4 1 383 8 444 12 437 15 390
2 12 429 18 338
0
0
1 15 488
1 4 240
2 2 163 14 150
0
0
3 1 582 12 602 18 433
2 2 230 13 181
0
0
3 2 128 16 192 18 171
0
0
1 19 297
1 1 562
2 6 180 20 165
2 13 204 20 191
2 17 248 19 127
1 9 184
1 12 307
1 10 349
0
1 7 210
0
1 20 250
2 5 380 8 544
0
1 17 341
2 9 662 15 548
2 18 620 19 526
2 16 542 20 658
0
4 1 317 3 541 4 644 20 706
0
1 12 631
1 17 634
0
1 6 189
1 4 183
2 3 197 13 241
0
0
2 15 628 18 725
0
1 3 205
1 19 216
1 16 643
1 11 176
3 5 208 7 610 10 711
1 20 483
1 12 637
2 9 275 13 768
1 15 649
0
1 15 748
0
0
2 2 167 17 148
1 14 206
1 20 213
1 4 201
2 10 260 19 255
2 7 220 12 209
2 3 285 9 302
2 9 152 17 305
0
3 5 242 9 823 17 837
0
0
0
0
0
0
1 14 244
3 5 277 10 274 13 855
1 1 364
0
1 18 824
3 2 807 3 765 18 890
1 6 190
0
0
1 9 203
1 15 857
0
3 7 233 12 858 18 914
3 6 214 8 212 12 237
0
0
1 15 281
2 3 319 5 350
2 10 804 12 908
0
2 5 435 17 194
0
1 4 215
1 15 257
1 20 253
1 4 280
0
2 17 314 19 312
2 13 291 17 351
1 1 14
1 13 44
1 9 228
1 13 902
1 16 82
1 12 958
1 20 290
0
2 8 252 9 327
2 9 950 18 940
1 11 211
1 14 245
0
0
1 18 316
1 20 330
1 5 263
2 9 324 18 174
0
0
2 9 326 19 379
1 13 25
1 6 239
0
1 3 247
1 11 217
1 19 294
1 19 303
1 5 246
2 2 266 12 309
0
0
0
1 15 386
2 9 175 18 259
2 1 343 5 68
2 14 249 15 308
1 12 321
2 13 58 17 106
1 17 218
1 17 993
0
3 3 355 4 329 17 347
0
2 1 295 10 122
2 7 428 15 967
0
1 13 357
2 15 377 20 61
1 3 392
1 13 265
2 12 418 15 966
4 1 85 10 168 12 62 16 425
1 17 229
1 11 232
1 6 251
0
2 7 224 9 299
1 12 222
3 3 471 5 226 20 98
0
2 1 95 20 160
0
1 9 372
1 13 985
2 8 267 18 346
3 4 278 12 258 15 199
2 5 411 18 261
0
0
0
2 6 254 10 300
0
0
0
0
3 1 296 13 533 14 146
1 19 376
1 5 381
0
0
3 2 289 18 611 20 207
1 6 306
0
2 11 283 13 328
0
1 18 344
0
2 12 424 17 445
2 5 320 6 313
0
0
1 3 398
2 13 236 18 12
1 15 81
1 4 304
1 12 994
0
0
0
1 5 323
2 7 243 16 311
0
1 10 680
0
0
1 5 363
1 11 332
2 8 269 9 293
1 6 345
2 17 391 20 336
0
2 2 401 12 292
0
3 3 373 4 399 15 75
1 4 360
1 1 342
1 12 333
0
0
1 3 87
1 2 56
0
2 18 219 20 310
2 8 282 14 123
0
1 5 287
1 19 632
1 6 362
1 13 492
0
0
0
0
0
1 7 262
1 17 395
0
0
0
0
0
3 12 389 15 369 16 371
0
0
0
0
0
0
3 4 331 8 301 9 284
3 4 353 10 334 11 366
0
0
0
0
0
0
4 7 272 12 271 13 268 17 361
0
0
0
0
2 4 374 17 419
0
2 3 368 12 276
0
0
0
0
0
1 3 447
0
0
0
0
0
0
0
0
2 1 352 6 382
1 6 414
3 8 322 9 337 12 348
4 10 358 13 415 15 370 16 430
0
0
0
0
0
1 2 449
0
0
0
0
2 3 442 4 394
2 5 412 6 393
1 9 481
0
0
0
0
0
0
1 2 450
0
2 2 473 4 469
1 1 365
2 4 335 7 325
4 3 375 5 407 10 434 11 513
1 12 456
0
0
0
0
2 4 340 13 367
0
0
1 6 484
0
1 8 359
0
0
0
1 6 507
0
0
0
0
0
0
0
0
0
0
2 1 400 3 384
0
5 4 388 5 354 6 397 8 385 12 387
0
0
2 7 417 9 339
0
1 2 518
0
1 1 410
5 4 396 5 356 10 404 13 406 14 409
0
0
0
1 3 402
0
1 11 543
0
0
1 2 405
1 6 459
0
0
0
0
1 2 420
0
1 9 431
0
0
0
0
0
0
0
0
1 9 472
0
0
1 3 453
0
0
0
0
5 1 413 3 427 4 439 10 467 11 470
0
0
0
0
0
0
0
0
0
0
2 2 403 6 408
2 3 448 6 468
0
0
1 5 422
0
3 7 443 8 458 9 421
2 3 486 12 480
0
0
0
0
0
0
0
0
2 9 516 10 554
0
0
0
0
4 1 416 13 436 14 462 15 461
0
0
1 3 536
0
0
0
0
0
0
0
1 8 555
1 4 463
0
1 9 517
0
0
0
0
0
0
0
0
3 5 426 11 491 12 454
0
1 2 501
4 4 495 6 479 7 589 10 561
0
0
0
4 1 423 15 438 16 509 17 432
0
1 6 521
2 3 540 18 633
0
1 1 523
0
0
0
0
0
1 1 512
0
0
0
1 7 617
2 11 452 13 441
0
0
0
0
1 8 624
0
0
1 1 464
1 9 654
0
4 10 525 13 522 15 485 17 476
0
0
0
0
0
2 4 502 6 574
0
0
4 7 563 10 675 12 669 13 672
2 12 741 15 717
0
0
4 5 440 13 475 17 446 18 487
2 14 500 19 529
0
0
0
0
0
1 3 604
0
0
2 6 497 12 482
1 9 520
0
0
1 1 510
0
2 2 466 12 474
0
3 11 490 13 457 15 493
0
0
0
0
0
2 3 570 16 590
0
1 1 538
0
1 10 524
1 3 618
0
1 8 499
1 2 477
0
0
0
4 4 505 6 552 12 595 13 556
3 11 515 15 496 17 607
0
0
5 5 455 15 465 18 451 19 504 20 537
1 12 528
1 6 571
0
0
3 13 494 15 519 19 565
1 2 503
1 4 535
1 18 478
2 5 514 20 489
1 13 506
0
0
1 12 575
1 15 511
1 5 576
0
3 7 598 9 613 19 656
1 3 546
1 12 616
2 9 696 12 566
0
0
0
2 14 534 19 558
0
1 6 596
1 2 545
2 10 641 16 559
0
1 18 498
1 20 560
1 12 663
1 14 539
0
4 5 530 11 619 17 684 20 580
0
0
2 4 594 12 569
0
1 1 621
2 1 714 3 704
0
0
1 6 527
4 7 567 9 508 13 547 18 626
0
0
4 2 584 12 750 17 615 19 636
2 7 573 20 593
0
0
0
1 3 703
1 4 553
0
0
1 9 572
0
1 1 645
0
1 3 549
0
3 8 678 9 564 11 597
0
0
1 13 599
1 3 568
0
0
0
0
2 8 715 12 739
0
0
1 3 578
0
1 4 583
0
0
0
2 9 659 10 660
0
0
0
2 3 790 11 793
0
1 7 586
5 6 577 12 627 14 531 15 625 16 587
0
4 12 639 13 652 17 638 18 640
3 5 532 19 601 20 557
0
0
2 1 609 19 734
4 6 646 12 622 13 722 20 592
0
1 17 657
0
0
2 6 655 18 782
4 6 699 9 667 12 749 19 673
0
0
0
2 2 600 19 753
1 4 650
1 6 759
0
0
0
0
0
1 3 792
0
2 10 709 13 693
0
0
1 1 551
0
0
0
0
1 5 719
0
4 6 647 7 608 8 767 9 686
0
0
0
0
0
0
0
2 1 585 3 635
0
0
0
0
4 2 612 4 700 9 630 12 668
2 10 774 13 783
0
0
3 6 690 15 724 17 676
0
1 4 721
0
0
1 8 800
2 2 651 17 623
2 11 832 18 836
4 9 605 14 702 19 581 20 550
2 9 648 19 579
0
0
0
2 2 642 3 677
0
0
1 3 695
1 2 685
0
0
0
0
2 6 692 9 705
1 3 849
0
0
0
0
3 1 588 5 606 10 666
1 7 653
0
0
0
0
0
0
1 9 728
0
0
2 1 664 4 591
5 5 614 6 707 8 661 12 688 13 694
2 5 665 15 629
1 3 864
2 6 755 16 713
3 4 603 10 744 12 689
0
0
0
0
1 12 731
0
0
0
1 8 691
0
0
1 6 797
0
3 3 670 5 745 14 878
4 1 682 16 674 17 679 18 698
1 15 687
0
0
2 9 727 16 732
0
0
0
0
0
3 3 758 7 743 9 683
2 4 681 19 671
0
0
1 2 738
0
1 10 701
3 4 708 16 716 19 764
3 5 757 6 875 7 870
0
0
0
1 11 735
1 3 812
0
0
2 6 970 9 775
7 1 710 8 712 12 781 13 761 15 720 18 742 20 729
1 15 697
1 1 718
0
2 3 772 6 803
0
0
1 7 723
2 15 747 16 763
0
2 12 730 17 831
0
1 12 751
0
4 1 736 3 769 11 737 14 771
0
0
0
0
0
1 4 773
0
1 6 839
2 9 848 19 843
2 3 788 10 847
0
2 2 752 14 814
2 15 821 18 828
0
0
3 6 826 17 754 19 779
1 1 740
3 3 810 13 787 17 778
0
0
0
0
0
1 3 862
3 7 877 13 889 15 756
0
0
2 5 834 18 816
0
5 2 777 12 762 16 794 19 785 20 766
0
1 12 780
0
2 11 770 20 829
0
0
0
3 4 733 8 726 15 840
1 15 819
0
3 1 746 17 791 19 838
1 13 805
0
2 4 795 10 808
0
1 9 820
0
1 5 846
1 1 776
2 12 784 20 835
2 3 802 20 842
1 20 817
0
1 15 880
1 6 798
1 7 760
0
0
1 7 841
1 10 866
0
0
4 2 852 3 822 14 809 16 853
0
1 5 884
0
1 12 969
0
0
3 6 863 11 827 15 825
0
0
0
0
2 2 854 12 888
0
4 12 851 13 900 16 811 17 926
0
0
2 5 915 6 925
0
0
0
0
1 5 907
1 3 845
0
1 7 789
0
2 1 786 8 909
4 4 799 9 859 10 901 15 844
0
0
0
0
0
0
0
0
0
5 2 869 7 861 13 879 17 865 18 904
2 9 882 17 922
2 12 876 19 911
0
0
0
2 9 886 20 924
0
0
0
0
0
1 6 928
0
4 4 806 7 885 9 801 12 931
1 3 920
0
0
0
0
0
1 11 871
0
0
2 6 893 13 818
2 5 944 14 918
0
1 15 932
0
0
0
0
0
0
4 1 796 3 887 5 949 7 956
0
0
0
3 3 947 8 919 14 948
2 9 873 16 833
0
1 12 976
0
0
2 12 981 13 941
0
0
4 6 881 9 894 15 965 18 916
1 2 917
0
0
3 4 896 7 813 17 895
0
0
1 10 933
1 15 987
0
0
0
2 9 903 12 971
3 2 913 4 906 13 927
1 4 977
0
0
4 1 815 10 850 18 874 19 856
1 2 972
1 3 988
0
3 5 923 6 945 20 905
0
0
0
0
1 1 830
2 18 897 20 899
1 19 939
1 15 935
1 14 952
2 5 891 11 898
1 9 953
0
0
0
0
4 1 860 4 946 6 942 8 982
0
0
0
0
0
0
0
1 2 992
1 7 867
0
0
0
0
0
2 9 910 12 955
0
1 10 872
2 11 974 13 990
2 7 912 16 964
0
0
0
0
0
0
0
0
1 3 954
0
1 1 868
0
1 10 883
2 1 929 10 957
1 9 930
1 7 983
0
0
0
2 1 934 14 937
0
0
0
2 3 892 5 991
0
1 7 963
2 6 961 10 962
2 4 959 9 989
0
0
0
0
0
4 2 938 3 921 4 979 6 978
0
0
0
0
1 3 960
0
0
0
0
3 2 943 8 975 9 986
0
0
0
0
0
0
0
1 2 996
0
0
0
0
0
2 1 936 3 980
0
0
0
0
4 1 951 4 973 5 997 11 1000
0
0
0
1 2 999
0
0
0
0
0
0
0
0
2 1 968 2 995
0
0
0
0
0
1 4 984
0
0
0
0
0
1 1 998
0
0
0
0
0
0
0
0
0
0
0
0
0
0
0
0
0
0
0
0
0
0
0
0
0
0
0
0
0
0
0
0
0
0
0
0
0
0
0
0
0
0
