20 1 105 2 29 3 5 4 13 5 259 6 244 7 156 8 6 9 49 10 8 11 239 12 12 13 50 14 74 15 302 16 176 17 161 18 112 19 271 20 338
3 7 14 8 175 15 1
0
0
0
1 20 387
1 4 304
0
2 8 44 19 119
3 8 72 19 527 20 100
1 20 77
1 8 198
1 14 578
0
2 12 437 16 245
1 7 31
2 5 483 7 232
3 3 99 19 138 20 282
1 8 2
1 15 46
1 1 113
0
1 9 182
0
1 13 92
0
0
0
0
3 3 115 4 190 16 117
2 3 441 12 335
0
0
3 2 64 7 121 9 179
0
0
1 16 166
0
0
3 3 330 9 201 19 490
0
0
3 8 40 16 306 20 194
0
1 17 234
2 1 127 2 139
1 1 172
3 1 184 7 254 20 142
1 7 220
4 6 279 11 292 18 241 20 313
0
0
0
1 3 366
2 3 224 4 351
1 3 340
1 10 89
3 3 76 15 365 20 381
0
2 5 521 6 322
1 18 275
3 2 199 8 145 13 52
2 8 205 9 209
1 9 345
0
5 2 332 3 146 11 210 16 339 19 350
2 13 120 16 274
1 8 291
1 14 349
1 16 342
1 19 347
3 1 296 11 468 20 396
2 5 416 12 538
1 15 284
1 16 384
1 10 185
0
1 3 206
1 3 217
1 3 371
0
3 1 323 15 355 18 540
2 1 447 15 454
1 17 235
2 7 57 14 621
0
3 1 491 3 453 14 59
3 1 130 3 541 13 583
2 2 377 8 523
0
1 9 53
1 13 45
1 20 485
0
2 7 516 11 107
2 7 11 15 36
2 8 542 13 626
1 4 386
1 18 564
0
1 8 43
1 15 611
3 7 21 15 781 16 204
3 7 560 8 56 12 106
3 7 41 12 160 13 153
0
2 1 212 11 228
2 1 385 19 364
2 7 65 15 223
1 6 363
3 9 123 12 265 15 221
2 15 242 17 575
2 4 154 12 231
1 5 418
4 3 549 8 261 12 656 15 567
1 13 195
1 18 448
2 2 208 10 405
0
2 14 108 16 629
1 16 250
0
1 1 588
1 14 500
2 15 469 18 680
3 7 126 15 27 16 576
3 7 136 8 520 9 91
0
0
3 2 251 7 150 15 703
0
2 8 495 10 23
0
1 18 419
0
0
1 1 604
5 8 529 11 272 12 580 13 692 17 277
1 17 262
0
0
1 5 420
0
3 1 546 19 406 20 844
0
0
1 15 362
3 3 288 11 408 16 865
2 3 554 20 760
1 3 543
2 1 614 4 246
0
1 1 644
1 3 673
0
0
2 2 297 9 258
3 7 222 8 637 12 128
1 8 670
1 17 325
2 11 413 17 582
2 16 666 17 830
3 4 435 6 506 19 336
3 8 752 11 481 16 775
0
1 8 642
2 10 94 14 579
1 2 370
2 1 376 15 702
2 3 738 15 790
0
0
0
0
2 7 303 18 511
2 12 486 16 522
1 1 450
0
1 1 589
3 1 547 12 563 19 215
3 1 286 2 382 9 169
2 12 845 16 16
1 12 125
1 16 745
0
0
2 1 367 3 38
5 7 328 12 792 13 587 17 623 18 374
1 7 397
4 2 812 7 492 12 424 20 616
0
1 8 4
3 5 801 8 829 20 171
1 6 226
1 20 324
4 1 430 13 855 15 289 16 699
0
1 3 90
2 4 461 5 383
1 13 689
3 2 880 8 356 20 98
1 19 655
1 7 519
0
1 17 817
2 8 654 15 799
1 15 809
2 2 886 15 257
1 15 360
2 12 393 15 753
1 1 517
1 1 601
2 7 569 9 263
1 10 188
3 1 620 2 758 15 813
1 11 550
1 16 307
2 6 293 12 266
0
1 2 628
1 15 854
0
0
0
0
3 3 477 4 849 17 518
2 10 240 15 783
1 13 70
0
0
3 6 316 8 395 15 913
3 7 586 8 619 14 866
2 11 565 16 867
2 12 915 15 859
1 7 839
2 8 570 11 635
1 3 488
1 1 627
3 1 634 7 317 19 927
0
1 9 343
0
2 6 711 12 820
2 16 808 18 779
1 15 401
2 7 167 20 602
1 3 532
1 2 361
0
3 4 762 7 598 14 624
3 5 664 7 903 11 238
2 2 816 7 766
0
2 8 595 13 157
1 4 427
0
1 7 428
0
2 8 665 11 218
1 1 700
1 14 789
1 2 273
0
0
1 19 936
1 17 608
3 3 552 16 907 17 894
0
1 19 947
0
2 10 252 13 793
2 5 888 12 249
0
0
2 1 730 8 227
4 7 815 9 174 13 797 19 202
0
1 12 592
1 19 873
0
0
2 1 740 15 814
1 8 368
0
2 9 899 17 236
2 7 667 20 645
1 20 712
2 13 831 20 280
1 20 890
0
1 6 718
0
0
6 2 544 5 807 12 207 13 155 16 846 17 268
2 1 858 12 310
4 11 75 13 353 19 674 20 380
0
1 4 443
1 15 784
1 2 912
1 7 759
2 7 512 8 267
2 15 398 17 439
0
1 16 926
3 5 835 7 132 18 862
2 1 334 20 688
2 19 67 20 693
1 19 62
2 12 559 19 872
2 4 525 20 842
0
4 11 819 13 482 14 716 19 630
1 19 444
2 3 562 20 911
2 8 896 12 876
1 8 375
1 6 881
0
3 2 622 3 392 19 22
2 10 314 13 715
2 3 144 20 390
3 4 545 12 878 20 823
0
1 15 479
4 3 192 8 459 13 625 19 937
4 5 914 7 704 9 870 14 298
0
0
1 3 618
3 3 421 6 877 13 315
1 20 871
1 17 451
0
1 1 301
0
1 16 24
2 4 942 15 895
0
0
2 7 802 17 82
1 7 826
2 7 705 17 967
1 17 18
2 5 429 17 140
2 7 87 12 838
3 3 821 7 409 12 683
3 3 504 8 617 17 507
1 2 641
2 3 684 17 391
1 19 717
1 11 901
1 7 501
4 5 359 7 69 10 928 12 452
1 11 864
2 8 118 17 537
1 7 476
0
1 9 944
0
0
1 8 458
1 18 137
0
2 1 659 10 230
0
2 13 327 17 663
1 5 414
3 7 898 14 25 20 463
1 19 736
2 7 505 8 585
0
0
0
1 16 114
1 12 923
1 13 594
2 2 647 16 51
1 1 178
2 9 939 11 686
0
3 3 732 7 373 20 929
0
1 16 632
2 3 828 15 768
3 2 676 3 675 17 729
1 8 652
0
1 17 811
1 17 852
2 4 856 19 818
0
1 19 778
1 2 747
1 6 918
2 2 834 3 755
2 2 851 18 906
0
2 5 503 17 916
1 3 774
3 2 885 10 935 12 900
0
2 6 449 14 28
0
2 8 695 14 596
0
0
2 7 707 8 909
1 8 599
1 5 536
0
1 1 573
2 8 767 17 402
2 8 777 17 591
2 1 958 17 555
5 1 749 7 887 8 805 14 514 17 403
4 1 787 7 782 8 956 15 7
3 2 917 7 977 20 741
1 7 961
1 13 68
2 14 796 20 681
1 7 840
4 3 853 8 780 11 751 17 754
4 8 803 15 857 16 348 19 425
2 13 971 15 83
3 3 921 7 253 17 638
3 3 940 4 785 7 765
1 9 660
4 8 276 11 891 17 533 20 874
1 1 810
1 19 919
0
1 7 489
0
1 14 133
1 9 9
2 7 318 17 572
2 3 243 15 639
3 7 248 8 952 13 574
2 5 636 16 558
1 11 337
1 20 953
2 3 530 15 706
1 19 879
0
2 8 165 17 326
2 1 882 4 39
1 12 955
0
0
0
4 12 96 13 985 18 498 19 966
2 8 97 9 984
0
1 10 910
1 2 925
1 15 415
1 20 101
2 1 934 3 164
0
1 16 650
1 4 721
1 17 941
1 14 735
2 7 34 16 528
1 12 713
0
0
0
0
1 1 411
1 19 948
0
0
2 6 466 17 187
0
3 2 372 11 442 13 640
0
2 7 943 8 892
0
0
0
1 3 889
1 15 17
0
1 4 58
0
0
2 7 725 10 806
1 9 613
1 18 724
1 19 394
1 3 731
1 5 687
0
2 1 653 16 333
1 20 88
1 8 124
1 14 141
1 17 607
1 12 496
0
0
1 11 708
0
2 5 696 6 773
1 13 256
0
1 19 433
0
0
0
2 2 763 16 15
1 8 26
2 7 196 15 237
0
0
0
0
0
0
0
2 4 389 9 47
1 5 294
1 1 20
1 3 951
0
1 20 456
1 20 824
1 20 508
2 8 80 20 685
1 8 556
3 7 473 8 35 16 440
4 7 597 8 764 12 455 16 986
3 7 959 8 960 20 584
4 7 320 8 515 12 850 20 321
3 7 109 8 255 12 400
3 7 836 8 551 10 697
4 7 905 8 509 15 581 20 79
2 7 404 17 989
3 7 691 10 149 12 344
4 7 869 8 996 16 566 20 499
2 7 606 18 494
3 7 19 11 694 15 794
1 8 478
1 15 465
1 15 875
4 3 841 7 973 11 963 16 295
3 7 462 10 535 12 726
5 7 825 8 672 12 897 19 938 20 690
6 8 358 11 484 12 319 15 671 17 95 20 904
4 7 270 8 661 13 633 16 931
2 7 497 8 147
2 1 71 8 950
1 1 438
1 7 216
3 3 737 7 346 18 553
4 3 502 11 354 15 281 20 84
6 1 410 2 974 3 976 4 698 13 285 19 264
2 7 981 10 772
3 14 152 17 648 20 3
3 8 526 13 837 15 548
3 2 111 3 979 12 426
4 1 750 3 203 9 170 15 651
3 1 407 4 211 20 995
7 1 848 3 983 7 649 11 55 12 66 16 609 19 678
3 7 884 16 85 17 143
1 7 474
2 7 908 14 219
3 7 743 10 954 13 32
0
3 3 213 7 378 9 727
5 3 54 7 189 8 436 16 970 19 305
2 1 964 11 73
1 15 183
1 13 643
3 2 965 8 432 16 464
0
3 7 746 12 168 20 832
4 2 761 4 557 7 728 12 945
2 7 748 13 701
1 6 902
3 3 662 14 78 18 719
0
5 1 158 2 733 15 417 17 827 20 987
0
2 1 739 10 531
2 7 798 8 980
2 3 369 5 37
2 3 932 12 423
0
3 2 800 17 122 19 922
1 9 116
1 8 471
2 7 148 13 757
0
2 11 593 16 311
0
2 1 561 3 668
1 7 470
3 4 920 15 159 20 445
2 7 742 12 605
1 6 860
1 17 714
0
1 7 480
1 13 399
2 3 969 20 723
2 14 998 15 883
0
1 19 994
0
1 18 422
3 2 957 8 769 10 577
2 16 102 17 30
2 3 269 9 682
1 4 568
2 7 278 17 329
0
1 1 186
1 12 163
1 3 734
1 5 657
1 8 962
1 15 993
0
1 7 991
2 1 191 19 590
1 13 10
1 11 181
0
0
0
0
1 16 539
1 9 786
3 8 744 10 467 19 709
3 1 722 7 312 15 804
0
0
2 4 134 7 990
1 3 104
1 2 308
3 14 487 19 600 20 86
0
0
0
0
1 6 999
4 4 893 13 868 15 457 17 646
0
2 16 180 18 200
1 1 193
2 7 612 12 770
0
1 9 379
1 3 260
2 2 1000 8 42
1 13 610
0
0
2 1 81 10 287
0
2 5 933 17 795
0
2 7 972 11 791
0
1 19 151
0
0
2 1 510 20 822
2 4 341 8 173
1 16 968
1 12 61
2 13 33 14 524
0
1 7 162
0
1 1 388
0
2 7 997 15 233
0
2 2 214 9 493
0
0
0
0
0
0
1 3 229
1 18 861
0
3 6 946 13 110 15 603
0
0
1 1 677
2 10 771 17 129
1 3 847
0
2 7 924 8 446
0
0
2 11 756 19 48
2 16 571 20 131
0
0
0
0
2 7 930 12 283
0
1 13 975
1 14 631
1 4 299
0
1 9 776
1 7 460
1 5 177
1 3 135
1 17 472
0
3 1 863 2 679 19 833
0
1 7 309
1 15 331
0
0
0
0
0
1 16 669
0
1 11 247
0
1 8 93
2 7 290 13 988
1 3 978
0
0
0
0
1 12 63
2 10 615 20 357
1 2 710
0
0
0
2 4 412 6 225
0
0
3 1 534 14 658 19 103
0
1 18 788
1 9 982
1 8 513
1 11 843
0
0
0
1 17 60
0
1 16 300
1 15 949
1 13 431
0
1 3 197
0
1 7 475
0
0
1 5 992
0
0
0
1 20 720
0
2 8 434 12 352
0
0
0
0
0
0
0
0
0
0
0
0
0
0
0
0
0
0
0
0
0
0
0
0
0
0
0
0
0
0
0
0
0
0
0
0
0
0
0
0
0
0
0
0
0
0
0
0
0
0
0
0
0
0
0
0
