20 1 32 2 73 3 18 4 72 5 8 6 60 7 84 8 144 9 339 10 263 11 31 12 299 13 25 14 517 15 171 16 169 17 12 18 6 19 54 20 246
1 15 325
1 4 277
0
1 16 189
0
0
0
0
0
0
2 11 69 17 445
1 5 100
0
0
0
0
0
0
1 8 98
1 1 111
0
1 18 42
1 6 468
0
0
0
1 10 393
0
0
1 17 549
1 11 432
1 6 482
1 15 164
1 3 87
1 20 187
1 18 56
3 4 63 8 371 19 705
2 12 315 16 156
0
2 2 124 17 330
0
1 14 565
1 20 576
1 14 397
1 14 636
2 4 151 14 724
2 1 158 17 587
1 13 110
1 9 652
0
0
0
1 10 478
0
1 13 112
0
1 5 191
2 13 159 15 327
2 2 143 4 476
0
0
1 18 140
0
0
2 3 117 6 535
2 7 168 18 227
1 15 513
1 9 459
0
1 15 524
2 3 145 6 597
2 1 38 9 540
2 6 646 19 713
1 17 663
0
1 20 596
0
1 8 307
0
0
2 3 219 16 204
1 18 387
1 12 407
1 10 553
2 7 240 14 763
0
1 15 761
1 3 108
0
3 5 224 6 200 15 20
0
0
0
1 8 658
0
1 19 726
1 12 774
3 4 1 10 788 17 630
0
1 13 225
1 17 120
2 1 429 18 324
0
0
0
2 4 501 11 700
1 19 79
0
1 12 764
0
3 2 239 12 657 20 114
0
1 9 609
1 16 290
1 15 36
1 5 741
2 4 557 12 591
0
1 14 794
0
1 10 270
0
0
2 3 262 6 154
2 6 675 12 751
1 17 133
0
1 17 310
0
2 4 590 16 817
1 15 75
1 15 93
1 15 152
0
2 7 278 12 520
1 3 268
0
1 20 118
1 5 399
1 17 386
0
0
0
2 7 195 16 378
0
0
2 5 792 18 781
1 14 651
1 1 522
1 14 791
1 10 775
1 15 211
1 15 293
2 14 408 15 735
0
2 8 314 13 757
2 11 88 19 787
0
0
0
1 19 808
3 2 337 5 656 17 410
1 6 686
0
1 18 137
2 9 708 17 744
0
0
1 6 500
0
0
1 8 385
0
1 12 578
2 3 343 19 772
2 1 541 18 173
0
2 4 115 11 567
0
0
3 3 360 5 390 16 312
0
0
0
2 5 801 14 458
0
3 6 752 11 695 15 605
1 13 285
2 16 313 19 782
1 17 795
0
1 10 510
1 20 755
2 9 678 12 722
1 15 147
2 3 361 15 497
1 15 320
2 3 416 4 435
2 14 165 16 488
0
2 4 619 15 287
1 19 606
0
0
1 5 846
1 20 209
1 10 194
2 11 742 16 167
1 4 704
1 16 398
0
1 13 380
1 12 786
2 4 838 20 806
0
1 8 411
2 7 196 10 326
1 17 836
0
1 6 783
0
1 16 26
1 2 363
0
3 1 634 9 203 14 796
2 3 514 19 767
1 6 129
1 15 65
0
1 5 853
1 5 244
0
0
2 5 259 18 35
0
2 8 502 12 834
1 11 205
0
0
0
1 15 37
2 5 712 18 902
1 5 610
1 5 438
1 18 720
1 12 303
2 4 267 9 899
0
2 10 419 20 859
0
0
1 17 719
2 1 680 16 105
1 19 566
0
0
1 13 572
2 2 402 9 376
1 6 805
1 5 174
1 5 750
1 5 689
0
2 3 365 11 334
0
1 20 22
1 5 406
1 14 16
1 5 867
1 18 491
0
0
2 6 241 7 218
4 6 895 12 94 15 765 16 349
1 3 810
0
1 5 703
0
0
2 13 756 17 80
0
0
1 13 135
1 11 820
0
2 15 101 18 671
1 8 533
1 6 507
1 20 825
1 10 499
1 14 753
0
2 2 498 14 449
2 4 470 19 282
0
1 16 626
0
0
1 12 844
0
3 6 489 10 391 12 580
1 7 119
0
0
0
1 6 364
1 4 563
0
0
2 2 532 19 496
2 6 340 10 780
1 12 861
0
1 5 593
1 1 559
1 7 280
0
4 3 420 5 384 10 198 16 548
0
1 13 913
0
0
1 2 598
1 12 602
0
0
2 15 193 18 685
1 9 474
1 16 773
0
1 1 589
2 14 509 17 148
0
0
0
0
2 2 615 14 367
0
1 5 903
2 5 747 10 546
2 5 545 14 862
2 5 920 11 163
2 5 370 15 737
2 4 640 5 208
0
2 5 600 8 778
2 3 732 15 814
1 7 286
2 6 421 13 192
1 10 300
1 14 893
2 12 202 18 197
0
0
1 20 442
2 8 573 19 19
2 5 668 11 622
1 15 554
1 7 925
0
1 18 379
1 9 552
0
0
0
1 2 674
1 3 206
3 4 230 13 848 14 579
1 9 570
0
1 10 594
1 19 505
2 5 684 16 199
1 15 842
0
0
1 6 871
0
0
2 12 736 18 827
1 5 620
0
0
1 20 515
1 20 353
0
0
0
1 20 136
0
1 11 672
1 8 777
1 2 690
0
1 1 818
3 3 841 11 11 20 919
1 3 607
2 8 301 17 790
1 4 34
0
0
2 14 288 17 608
0
0
0
1 13 855
0
1 11 181
2 10 254 13 797
2 3 878 7 222
2 19 116 20 691
2 4 901 17 839
0
2 1 373 14 558
0
2 8 68 15 175
1 5 304
0
1 16 234
1 12 457
0
4 6 362 10 584 13 811 18 642
0
1 2 758
0
1 19 699
0
0
0
0
2 9 649 11 779
0
2 3 232 7 847
1 5 829
1 4 358
0
1 2 804
0
1 17 526
1 10 485
1 14 221
1 15 257
0
0
2 1 714 12 793
2 11 717 19 67
2 6 909 18 830
0
0
1 16 915
1 20 892
1 2 851
0
0
0
2 8 41 13 930
0
1 13 51
0
0
0
1 8 264
1 13 107
0
0
1 20 213
0
1 20 645
1 5 61
2 4 885 5 614
2 5 529 17 946
0
3 3 377 14 172 15 317
1 8 886
1 13 396
0
4 4 201 7 863 10 131 14 381
5 5 929 8 422 12 283 15 160 17 289
1 20 236
0
2 10 214 18 479
3 9 733 13 653 18 612
0
2 4 771 15 321
0
1 17 359
1 12 611
1 19 465
2 2 912 5 874
2 5 914 14 483
0
2 6 233 13 372
0
1 12 888
1 3 332
1 10 731
1 18 368
4 4 577 7 504 16 875 20 537
0
1 8 417
1 11 807
1 5 866
1 14 833
1 1 39
0
1 19 188
1 15 405
0
3 6 23 13 82 17 887
0
1 12 454
1 2 33
0
0
0
1 3 669
0
0
0
0
1 5 926
0
2 16 434 18 837
0
0
0
1 10 394
0
1 15 604
0
0
0
0
0
1 14 922
1 17 21
1 9 760
2 4 542 6 544
0
0
0
0
0
2 19 631 20 333
0
0
1 13 585
2 5 292 18 383
1 5 547
3 5 896 11 809 18 800
1 13 66
2 1 661 16 835
3 2 146 5 89 18 437
1 18 933
3 8 819 9 776 12 799
1 18 768
3 1 58 5 624 13 947
1 5 876
0
1 5 430
2 5 621 16 415
2 13 635 15 4
1 2 59
3 5 305 15 40 16 456
3 5 447 10 121 15 229
2 5 581 15 309
4 3 975 5 647 11 348 15 109
0
0
4 1 493 2 854 7 345 13 891
1 5 426
0
0
0
1 10 64
1 5 53
2 3 935 5 27
1 8 824
2 15 881 16 880
0
0
1 10 894
2 1 538 6 486
3 7 852 12 898 15 918
3 2 710 13 45 15 616
2 11 409 17 963
2 9 831 14 815
1 4 150
2 3 523 12 228
1 10 693
0
2 1 868 18 959
0
1 19 707
0
4 5 687 6 153 13 291 15 357
0
2 2 877 8 471
2 4 904 16 967
1 10 480
1 17 44
0
1 6 643
3 11 451 12 953 19 284
1 15 639
1 5 512
0
2 1 966 3 941
0
0
0
2 8 331 20 928
0
1 13 43
0
2 6 375 17 336
2 4 948 7 86
1 16 974
1 5 306
1 14 856
0
0
1 18 428
0
0
0
1 4 961
1 15 530
1 5 864
0
0
2 9 860 19 845
3 1 931 2 564 12 927
1 10 62
1 19 865
1 3 709
1 14 858
2 4 681 11 266
1 16 917
0
0
2 17 127 18 662
1 5 382
0
1 8 2
1 6 561
0
1 20 92
0
0
0
0
1 14 484
1 7 519
1 13 679
0
0
0
0
1 9 921
0
2 15 400 19 954
1 10 161
0
1 2 637
1 18 857
0
1 16 890
1 12 142
0
0
0
1 6 440
0
1 17 676
0
0
0
0
0
0
0
0
1 14 122
0
1 1 968
0
2 3 13 13 436
2 4 155 5 450
0
0
0
0
0
2 11 550 19 76
0
0
0
0
2 1 936 9 102
0
0
3 10 444 15 586 20 956
1 2 883
0
1 8 279
0
0
0
1 18 798
0
3 6 664 12 247 16 448
1 16 625
0
0
2 12 338 16 900
1 17 271
2 12 249 17 769
1 17 667
0
2 12 938 16 727
1 14 346
0
2 16 462 17 85
2 14 803 16 973
1 14 261
2 12 184 16 986
0
1 7 588
1 5 235
3 5 599 14 978 16 889
1 5 849
2 5 427 17 907
2 5 95 12 993
3 5 139 12 176 14 57
1 7 569
1 14 99
0
2 4 481 17 527
3 4 739 13 487 17 71
1 5 555
3 2 784 5 141 16 395
3 10 601 12 702 14 96
1 5 937
1 5 463
3 5 424 12 995 16 660
1 14 613
4 4 265 12 472 13 494 17 644
3 5 443 13 981 17 318
4 5 351 13 666 16 734 19 14
4 4 460 13 212 17 908 19 179
3 5 506 7 525 10 477
5 2 269 5 170 12 945 14 633 15 850
3 3 960 5 539 12 840
3 4 352 16 985 17 104
0
1 1 971
1 6 716
2 5 50 17 125
2 12 418 19 242
1 14 745
0
2 3 134 11 311
4 5 243 6 873 13 738 15 217
3 5 932 14 157 15 650
2 5 347 15 461
2 15 560 17 273
4 7 965 12 939 18 762 20 178
1 15 692
2 2 276 16 341
2 1 944 14 723
0
3 4 342 8 294 10 826
3 5 138 6 969 9 603
2 15 659 19 823
2 11 802 17 923
1 13 3
2 1 996 14 828
1 12 490
1 18 628
2 2 905 3 677
1 5 697
0
2 10 997 15 715
4 4 979 15 528 16 957 17 582
0
1 20 70
0
1 15 423
1 6 988
0
2 5 916 7 556
2 9 388 19 281
1 18 392
2 1 516 2 749
0
2 12 884 17 964
1 14 49
2 13 215 16 253
1 11 210
2 5 813 10 74
3 6 748 8 128 15 627
0
1 4 992
1 20 543
1 14 508
0
0
3 2 455 3 52 17 729
1 18 275
0
1 5 568
0
2 6 374 16 28
1 14 536
0
1 13 998
3 4 231 7 725 15 29
2 12 789 19 683
1 9 718
1 1 950
1 10 298
0
1 3 816
0
0
0
2 6 870 12 592
0
2 16 433 17 30
1 11 623
2 5 832 8 670
0
1 15 344
1 13 226
2 14 329 20 126
2 18 869 19 943
1 4 123
1 6 730
1 16 308
0
3 1 354 12 425 17 990
0
0
0
1 5 81
1 10 721
0
1 2 47
0
0
0
1 10 24
1 13 574
0
0
2 14 251 15 366
2 3 162 9 879
3 7 216 10 15 16 389
1 18 1000
0
1 5 701
1 19 511
0
1 20 46
2 4 897 17 177
1 15 441
1 6 185
0
0
1 6 9
0
0
0
1 8 414
3 10 439 11 260 12 843
1 13 106
1 14 534
0
2 5 186 19 83
0
2 2 238 10 77
2 1 237 16 302
1 12 618
1 3 822
0
0
0
0
0
2 6 452 18 10
1 5 207
2 4 503 9 949
0
1 15 431
0
1 20 698
0
0
0
0
4 7 55 10 412 13 466 19 190
0
0
0
1 17 551
0
1 16 694
1 6 617
0
0
0
0
2 12 223 14 272
2 2 955 18 766
1 1 632
0
1 8 48
0
0
1 5 322
0
1 3 90
0
0
0
0
1 10 970
2 11 711 13 688
1 15 518
0
0
0
0
0
0
0
1 19 696
0
0
1 4 595
1 18 492
0
3 5 403 9 132 16 220
1 17 872
0
0
0
0
0
4 12 638 14 319 15 464 20 350
1 6 413
0
0
1 7 248
1 1 673
0
1 10 180
0
2 3 328 13 245
1 2 258
0
0
1 4 629
0
2 17 980 19 785
0
0
2 8 183 11 972
1 18 495
1 5 983
0
0
2 15 911 16 575
0
1 6 984
0
0
1 14 882
1 12 531
0
0
0
1 20 665
0
1 13 103
0
0
0
0
0
1 16 934
0
0
1 5 906
1 10 987
0
0
2 3 999 19 274
3 8 571 15 255 18 297
0
0
2 1 682 17 295
0
0
1 9 356
2 2 940 4 641
0
0
0
1 12 473
1 11 475
0
0
0
0
1 5 404
0
0
0
2 7 743 14 759
1 6 250
2 16 910 20 951
0
1 10 648
0
0
0
1 13 989
0
1 19 952
0
0
1 18 97
1 17 130
0
1 12 369
0
0
0
0
0
0
0
0
1 15 754
0
1 2 746
1 16 113
1 4 583
1 5 982
0
1 8 446
0
0
0
0
0
1 1 355
2 13 942 18 7
0
0
1 6 728
0
1 20 78
0
1 10 958
1 9 149
0
2 3 977 14 467
2 11 91 19 335
0
0
1 17 182
1 16 770
0
0
1 15 401
0
0
0
0
0
1 12 812
0
1 7 453
0
0
0
1 5 256
0
0
0
3 2 521 13 976 18 821
0
0
0
0
0
1 8 962
0
2 4 924 6 17
0
0
0
0
0
1 10 5
0
1 12 655
0
0
1 1 323
1 16 706
0
1 19 166
1 14 994
1 5 469
0
0
0
1 20 316
0
0
1 17 252
2 3 562 15 654
1 13 740
0
0
0
0
0
0
0
0
0
0
1 11 991
0
1 9 296
0
0
0
0
0
0
0
0
0
0
0
0
0
0
0
0
0
0
0
0
0
0
0
0
0
0
0
0
0
0
0
0
0
0
0
0
0
0
0
0
0
0
0
0
0
0
0
0
0
0
0
0
0
0
0
0
0
0
0
0
0
0
0
0
0
0
0
0
0
0
0
0
0
0
0
0
0
0
0
0
0
0
0
0
0
0
0
