20 1 11 2 12 3 10 4 3 5 8 6 2 7 38 8 22 9 80 10 57 11 6 12 92 13 4 14 35 15 17 16 61 17 23 18 42 19 13 20 93
0
0
0
0
1 9 103
0
1 15 32
2 2 24 20 63
0
1 9 41
0
1 16 105
0
1 2 5
1 1 25
1 5 28
0
1 16 76
0
0
0
0
2 3 27 19 60
0
0
0
2 7 74 18 123
1 15 130
1 9 131
1 5 88
1 20 65
0
1 13 20
1 4 9
0
1 17 16
0
0
1 8 85
0
0
1 2 95
2 2 14 14 117
2 2 39 10 46
1 2 26
2 2 115 7 81
1 2 18
1 12 157
0
1 10 36
0
0
1 9 90
1 2 174
1 2 193
1 11 77
1 15 138
0
2 3 37 6 49
0
1 17 67
0
1 20 82
2 4 50 16 58
1 13 43
1 9 53
2 2 175 18 202
0
0
2 5 102 14 150
1 20 52
1 12 259
1 19 144
0
1 2 137
2 2 75 7 158
1 9 120
1 18 54
1 6 64
2 4 97 20 148
0
1 9 84
2 2 129 4 143
1 2 169
1 2 155
0
0
1 10 231
0
0
2 5 108 13 164
2 1 29 7 124
0
0
0
1 8 101
0
1 15 55
1 8 165
0
1 13 180
1 9 205
1 15 184
1 10 223
1 5 66
2 11 86 20 163
1 7 140
0
0
1 4 181
1 2 221
1 12 34
0
0
0
2 15 79 18 7
0
1 3 51
3 5 152 7 215 16 186
0
0
1 5 269
0
0
0
0
0
1 15 251
2 7 286 14 208
0
0
0
1 19 228
1 18 44
3 5 285 10 315 15 229
1 9 303
1 20 357
0
2 1 33 2 47
2 2 73 20 78
2 2 100 18 125
1 17 72
1 10 166
1 18 226
2 9 234 18 222
0
1 5 306
0
0
1 6 89
1 13 94
2 11 87 15 109
0
2 3 139 4 141
1 18 414
1 12 116
1 3 162
1 5 289
1 15 422
2 4 403 7 404
0
0
1 2 320
1 7 268
0
0
0
2 10 338 18 336
0
0
1 3 443
0
1 11 127
1 8 136
2 9 293 16 323
1 2 321
0
1 10 415
1 7 421
0
1 5 473
0
0
1 4 479
1 13 113
0
1 2 145
1 18 436
0
2 14 135 20 465
2 6 118 13 107
0
1 12 182
0
0
1 1 71
0
1 15 151
1 12 216
2 17 99 20 40
1 13 194
0
0
0
0
0
2 6 176 7 91
2 2 178 18 147
1 10 83
1 3 485
2 1 110 16 128
0
0
0
0
1 4 160
0
1 1 121
2 3 189 19 119
0
1 14 156
1 17 190
0
0
1 8 159
0
1 7 390
0
1 18 409
0
0
1 15 218
0
0
1 9 351
0
1 4 230
1 2 450
1 15 444
1 11 170
1 7 183
0
1 10 114
0
1 12 240
0
0
0
0
4 4 62 7 250 8 255 20 236
0
1 13 288
1 5 287
0
2 1 134 16 153
0
1 6 177
2 8 161 16 227
1 2 196
1 10 185
0
1 9 319
1 18 212
1 2 476
1 2 456
3 3 192 4 146 5 394
1 17 214
0
0
1 7 324
0
0
2 2 480 19 558
0
0
0
3 1 154 9 142 14 199
1 16 187
0
0
0
1 18 405
0
1 16 254
1 16 448
1 15 523
1 4 549
0
0
1 2 497
1 8 204
0
1 4 233
0
1 18 482
0
0
1 20 275
0
0
1 3 245
1 10 249
1 11 201
0
1 9 239
1 9 171
2 12 244 13 203
1 7 271
0
0
0
1 18 392
1 2 261
3 2 270 12 297 15 312
1 2 506
2 5 248 17 572
2 4 252 18 296
1 6 211
3 1 198 2 283 3 188
1 17 579
2 2 329 12 353
1 10 380
0
0
1 20 499
3 2 260 13 291 14 213
2 15 344 19 608
1 3 195
3 3 267 16 536 20 437
0
1 7 434
0
0
1 6 588
0
0
0
1 5 281
0
0
0
1 15 605
1 20 640
2 2 277 3 317
0
1 17 360
2 6 578 12 612
2 8 206 14 280
0
0
1 7 242
3 4 299 7 266 15 273
2 4 332 16 382
1 13 374
2 10 232 11 253
2 2 322 7 300
0
0
0
2 8 262 18 237
1 12 256
0
1 9 219
0
1 7 335
0
3 1 278 9 295 11 326
0
0
1 6 247
0
1 13 308
1 12 318
0
1 6 294
0
1 10 302
2 3 304 11 282
0
1 10 313
1 9 337
0
1 15 284
0
1 12 333
0
2 9 349 15 369
1 4 341
2 5 428 6 396
2 6 346 20 397
2 2 327 11 368
1 3 398
0
0
1 4 375
0
0
1 3 258
1 7 356
1 9 348
2 18 263 19 581
0
2 10 334 16 574
0
1 10 389
2 10 355 13 583
1 17 671
0
0
1 7 535
2 1 292 16 376
1 19 557
1 14 339
0
0
2 7 301 12 417
0
1 12 438
1 5 495
1 3 484
1 14 343
1 10 412
0
2 4 325 9 386
0
1 2 395
0
1 2 367
2 8 290 9 502
0
0
1 5 722
0
0
1 6 643
2 7 352 18 361
2 4 435 20 370
1 3 602
2 14 441 15 765
0
1 2 399
0
0
1 13 768
0
0
0
1 7 406
1 16 446
2 12 439 18 447
0
1 17 383
0
0
0
0
1 17 601
3 3 653 4 703 5 747
2 10 440 20 498
0
0
0
1 10 792
1 18 676
2 11 411 15 785
0
1 20 728
1 14 455
0
0
0
1 2 512
0
2 7 674 17 755
1 20 731
0
1 1 311
0
1 12 347
0
2 5 362 6 340
2 10 366 13 531
1 9 756
1 15 732
0
1 20 808
1 19 786
2 5 754 6 712
1 8 298
0
0
0
2 7 310 15 331
0
0
2 7 385 10 384
1 12 416
0
1 4 771
0
0
0
2 2 895 9 843
3 2 749 3 910 17 678
1 18 740
3 9 449 10 675 16 122
0
0
0
3 10 891 12 798 16 48
1 8 305
1 6 365
1 11 882
1 10 191
0
1 5 932
0
0
3 14 809 18 929 20 921
0
2 10 1 11 220
0
0
0
2 3 884 20 912
1 7 432
0
2 4 330 10 902
0
1 15 408
0
1 5 742
2 9 466 11 15
1 3 243
1 12 851
1 3 954
1 9 946
2 11 238 14 772
2 7 811 19 224
0
2 2 824 3 711
0
0
1 6 381
0
2 4 429 18 104
1 13 595
1 9 571
0
1 2 835
2 2 880 7 235
0
2 4 31 11 914
2 8 373 14 391
0
1 9 966
0
1 18 517
1 13 173
0
0
3 1 371 3 401 16 111
0
0
0
0
2 2 903 20 257
0
1 19 345
0
2 4 241 17 976
1 10 132
1 8 388
1 10 402
0
0
2 1 372 12 377
1 15 420
0
0
0
1 17 452
1 6 997
1 5 314
0
1 7 179
0
1 8 413
1 5 424
0
0
1 18 627
2 7 98 18 586
2 3 410 7 217
0
2 6 387 12 442
0
2 14 430 17 472
0
2 5 431 18 451
0
1 2 468
2 2 491 7 30
1 2 342
1 4 379
1 11 68
1 17 423
1 7 96
1 2 856
0
0
2 4 354 13 309
1 18 69
0
0
2 2 279 4 999
0
1 9 168
1 11 1000
0
0
3 7 433 8 445 15 504
1 2 427
0
2 16 200 18 507
1 3 503
3 1 393 3 426 17 597
0
0
2 14 471 20 363
3 5 419 10 457 12 328
1 6 407
2 4 470 13 418
1 16 207
0
0
0
0
1 19 953
0
1 7 454
1 9 492
1 9 264
3 11 350 15 316 16 19
0
0
1 18 276
1 2 522
1 7 453
2 13 490 20 45
1 12 359
1 2 197
0
1 17 149
0
1 1 425
0
1 14 494
0
0
1 4 520
0
2 2 461 5 400
1 3 459
0
2 3 527 18 307
0
1 8 167
1 5 948
1 14 210
1 15 225
1 9 133
1 6 463
1 4 505
0
2 10 460 20 556
1 19 615
0
0
1 11 378
0
2 4 515 16 172
0
0
0
2 3 458 18 900
2 2 474 10 500
1 13 508
0
0
1 20 478
1 10 514
0
0
0
1 12 534
1 7 592
0
1 17 469
0
3 5 467 8 486 15 272
0
1 7 968
0
1 17 483
1 10 613
0
2 4 358 13 59
0
2 18 126 19 112
1 14 970
1 9 265
1 1 475
0
0
1 17 462
0
0
0
2 11 481 20 548
1 3 525
0
0
0
1 2 488
1 6 509
0
0
1 3 511
1 7 106
0
0
1 16 274
0
0
0
1 1 489
1 4 487
1 10 501
1 3 493
1 4 364
1 15 246
0
0
0
1 18 209
1 2 513
3 6 464 13 519 17 496
0
1 8 516
0
0
0
2 9 477 12 528
1 2 566
1 2 538
1 8 609
0
0
1 11 575
1 5 526
2 7 567 20 56
0
1 17 544
0
0
0
0
0
1 4 70
0
1 2 550
1 13 540
1 19 545
0
2 10 543 18 537
0
2 17 599 18 568
2 14 547 18 635
1 11 539
1 6 524
0
2 3 546 18 21
0
0
0
0
0
0
0
0
0
1 2 679
0
2 3 551 5 555
2 6 554 7 552
0
0
2 2 562 5 594
0
0
0
0
2 2 580 9 591
1 6 587
0
0
0
4 1 521 10 510 11 530 13 533
1 12 559
1 14 604
0
0
0
0
0
0
0
1 4 565
0
0
0
0
2 4 518 5 585
0
0
0
0
0
0
2 2 644 8 607
3 5 593 10 657 12 629
3 4 532 15 563 16 600
0
0
3 2 648 3 553 4 737
0
0
5 3 689 6 617 7 619 9 625 10 638
0
0
0
0
0
0
0
0
0
0
0
0
1 2 542
2 2 618 3 636
2 3 673 5 691
0
0
0
0
0
1 5 623
0
0
0
0
0
3 1 529 7 560 8 589
2 2 646 10 634
0
0
0
1 2 606
1 11 573
0
0
0
0
0
0
1 10 651
0
0
0
0
0
0
0
0
0
0
0
0
0
0
0
0
0
1 2 694
1 3 622
0
0
0
0
0
0
2 4 639 6 669
0
5 7 569 8 561 9 652 10 614 11 598
0
0
0
0
2 9 727 12 714
0
0
0
0
3 7 603 13 584 14 658
0
0
1 2 664
0
0
2 4 667 5 620
0
0
0
0
0
0
0
1 2 744
1 5 659
1 7 621
0
0
3 1 541 8 582 10 570
0
0
0
0
0
0
0
2 2 577 10 628
1 3 668
0
0
2 8 633 11 661
0
0
0
0
0
0
0
0
0
0
0
0
0
1 2 626
1 3 683
0
0
0
4 1 576 4 590 6 564 9 630
0
0
0
0
0
0
2 2 632 10 680
0
0
0
1 7 670
0
4 1 610 4 637 8 596 9 665
0
0
1 3 690
0
0
0
0
0
2 4 647 7 662
0
3 8 611 10 686 12 650
0
2 5 616 6 706
0
0
0
0
0
0
2 7 666 9 760
0
0
3 8 645 11 688 13 682
1 10 782
0
0
0
0
0
0
0
0
1 2 698
0
1 2 741
3 3 663 4 707 10 720
4 1 649 12 624 14 641 15 681
0
1 11 751
1 4 739
0
0
0
0
0
0
3 5 699 6 769 7 767
1 7 778
0
0
0
0
0
0
0
0
4 8 654 9 642 11 631 12 660
0
0
3 3 672 13 696 15 695
0
2 3 687 16 761
2 10 685 11 697
0
1 7 726
0
0
0
0
1 2 810
1 3 684
1 4 757
3 3 705 7 730 9 750
0
0
0
0
0
0
1 9 823
0
2 3 762 10 763
0
0
1 6 849
0
0
1 4 713
1 12 795
0
0
0
2 2 656 8 717
0
0
0
0
2 2 716 5 692
0
0
2 7 799 10 796
4 1 655 13 701 14 729 15 710
1 2 718
0
0
0
0
0
0
0
2 2 837 7 802
2 1 693 10 677
0
0
0
4 2 775 3 770 4 745 8 725
2 2 819 11 831
3 2 830 7 918 12 867
0
0
1 3 820
0
1 5 759
0
0
1 2 897
0
2 1 702 4 708
0
0
0
0
0
0
1 5 736
0
0
0
0
0
0
0
0
0
0
0
0
4 2 715 6 753 7 700 9 766
2 2 743 10 779
0
0
3 4 752 11 735 13 814
0
0
0
0
0
0
0
0
3 1 709 10 758 14 764
0
0
0
0
0
0
0
0
0
0
0
3 3 800 5 846 8 836
0
0
0
0
0
2 7 704 10 721
7 1 733 6 787 11 719 12 794 15 848 16 806 17 776
0
0
0
0
0
0
7 3 723 7 777 9 724 11 781 18 816 19 877 20 738
0
3 3 790 6 734 7 746
1 2 748
0
1 9 793
0
0
1 10 805
0
0
0
0
0
2 3 797 15 813
0
2 11 788 14 791
1 4 817
0
0
0
0
0
0
0
0
0
0
1 10 859
0
0
1 5 838
0
3 4 801 6 780 9 773
1 4 828
1 2 842
1 9 818
0
0
1 7 845
0
4 4 833 11 869 13 863 17 887
0
0
5 2 807 3 896 4 889 10 930 15 886
1 6 840
0
1 7 857
0
0
0
0
0
1 7 841
0
1 8 874
0
0
0
4 1 774 3 789 10 803 12 829
0
0
0
0
0
5 2 804 3 858 13 904 14 834 15 815
1 7 844
0
1 5 862
0
0
0
0
0
3 2 861 3 864 16 826
1 9 821
0
0
0
0
1 2 922
1 7 913
1 4 975
0
0
0
0
0
1 9 847
1 9 923
0
1 12 832
0
0
0
2 2 941 7 988
0
1 10 905
2 11 881 13 892
0
1 6 850
0
1 2 979
0
0
0
0
0
0
0
0
0
0
0
0
0
2 2 872 4 925
0
0
0
0
0
0
0
1 2 901
2 3 868 5 879
0
3 4 958 6 983 7 989
0
0
0
0
2 1 783 8 825
0
0
0
0
0
0
3 1 839 6 784 9 827
0
0
0
0
0
3 2 942 4 924 10 992
0
0
0
0
0
0
0
0
0
1 2 950
0
0
4 5 812 6 853 11 883 12 961
0
0
2 3 909 13 898
0
0
1 9 875
0
0
3 1 855 4 878 7 928
0
0
0
0
0
0
0
0
0
3 2 915 3 908 4 957
0
0
0
1 2 934
0
0
2 5 822 7 852
0
0
0
0
1 3 871
0
0
1 4 854
0
0
0
0
0
0
0
2 5 876 6 865
0
0
5 4 943 8 888 9 920 10 972 11 982
0
4 1 870 13 860 14 866 15 955
0
0
0
0
0
0
0
1 2 917
0
0
0
0
0
0
0
0
0
0
0
0
0
0
0
0
0
0
0
0
0
0
0
0
0
0
0
0
0
0
0
3 3 911 4 893 5 963
0
0
0
2 2 933 6 938
0
0
0
2 2 927 3 973
2 7 944 8 890
0
0
1 2 935
0
0
0
0
0
0
0
0
0
0
0
0
0
0
0
4 3 885 4 919 5 939 6 899
0
0
1 7 947
0
0
0
0
0
0
0
0
0
0
0
0
0
0
4 1 873 8 907 9 894 10 964
0
0
0
1 7 906
1 3 916
0
0
0
0
0
0
0
0
1 2 931
2 2 956 6 971
2 7 940 8 994
0
0
0
0
0
3 2 936 3 951 9 984
0
0
0
0
0
0
0
0
0
0
0
0
0
0
0
0
0
1 2 959
1 3 949
0
0
0
0
0
0
1 2 985
2 2 987 4 996
0
0
0
0
2 2 969 5 952
0
0
0
0
1 2 990
0
0
0
0
0
0
0
0
0
0
0
0
0
0
0
0
0
0
0
0
2 1 945 6 926
0
1 2 995
0
0
0
0
1 2 977
0
0
0
0
0
0
0
0
0
0
1 2 993
0
0
0
0
0
0
2 3 937 4 960
0
0
1 2 998
0
0
0
0
0
0
0
0
0
0
0
0
0
0
0
0
0
0
0
0
0
4 1 965 4 978 5 991 6 962
0
0
1 4 981
0
0
0
0
0
0
0
0
0
0
0
0
0
0
0
0
0
0
0
0
0
0
0
0
0
0
0
1 2 974
0
0
0
0
0
0
0
0
0
0
0
0
0
0
0
0
0
0
2 1 967 2 980
0
0
0
0
0
0
0
0
0
0
0
0
0
0
0
0
0
0
0
0
0
0
0
0
0
0
0
0
0
0
0
0
0
0
0
0
0
0
0
0
0
0
0
0
0
0
0
0
0
0
0
0
0
0
0
0
0
0
0
0
0
0
0
0
0
0
0
0
0
0
0
0
0
0
0
0
0
0
0
1 1 986
0
0
0
0
0
0
0
0
0
0
0
0
0
0
0
0
0
0
0
0
0
0
0
0
0
0
0
0
0
0
0
0
0
0
0
