20 1 19 2 8 3 1 4 21 5 199 6 288 7 36 8 20 9 53 10 112 11 309 12 42 13 393 14 425 15 413 16 460 17 469 18 577 19 518 20 593
0
1 8 86
0
0
0
2 13 54 20 596
1 6 639
0
1 1 632
1 1 667
0
0
1 8 690
1 2 689
0
0
1 5 707
1 5 720
1 5 795
0
0
1 16 541
1 9 548
1 19 875
1 13 729
0
1 10 866
0
0
1 14 514
0
0
4 3 22 4 870 6 951 17 931
2 1 909 4 955
0
1 16 573
1 16 984
0
1 3 914
1 18 43
0
0
0
1 1 26
0
2 8 35 20 103
2 2 769 5 49
1 10 13
1 11 6
0
1 14 50
1 15 32
1 2 216
2 5 3 13 25
2 7 135 12 229
2 5 16 9 11
1 5 18
2 4 2 20 17
0
3 14 73 16 7 19 4
0
1 1 63
1 5 30
2 3 977 6 31
0
0
0
0
0
2 7 15 8 168
2 16 9 17 46
2 4 12 16 27
2 15 109 20 72
0
1 12 34
0
2 3 38 5 65
0
0
1 13 41
0
1 16 84
1 14 78
1 14 10
3 1 68 2 207 8 33
0
2 4 70 5 230
1 8 52
0
3 3 83 13 64 18 14
1 1 93
0
2 5 23 10 45
1 14 24
0
1 11 69
0
0
0
0
2 9 40 19 58
2 2 44 11 5
1 18 47
1 16 85
0
2 1 107 7 90
2 3 55 11 28
1 9 51
1 12 57
0
0
0
2 9 48 15 29
1 20 127
1 10 87
0
1 13 100
1 4 80
0
0
1 5 254
0
1 17 79
2 5 74 12 329
1 11 96
0
0
2 1 59 13 99
0
0
2 5 88 8 110
2 5 153 14 124
0
1 16 71
0
2 9 143 16 75
1 6 37
0
1 13 128
2 2 239 5 126
2 5 108 10 56
1 9 146
0
0
0
0
0
1 9 162
1 1 139
0
0
0
0
0
0
0
1 1 137
0
0
1 4 122
0
0
0
0
0
0
0
0
1 1 82
0
2 2 160 3 125
0
0
6 2 120 5 39 6 66 8 77 9 60 11 61
2 7 89 8 94
0
1 5 81
0
0
0
0
1 3 138
3 5 178 7 97 9 117
1 5 62
0
0
0
0
1 4 105
0
0
0
0
0
0
0
0
0
3 5 102 6 67 10 147
0
1 2 121
3 5 141 11 114 12 134
2 9 197 13 175
0
0
2 8 123 14 152
0
0
0
0
4 3 76 6 119 7 91 8 104
0
0
0
0
0
1 10 151
0
0
0
2 4 115 12 113
0
0
3 1 159 15 106 16 166
2 8 118 17 158
0
0
0
0
0
0
0
0
0
0
1 9 194
2 7 98 10 111
0
0
0
1 2 131
0
1 1 200
0
0
0
3 2 155 5 130 7 136
4 8 140 11 163 13 172 15 133
1 13 212
4 5 144 17 185 18 148 19 180
1 14 193
0
0
0
0
1 14 201
0
1 2 176
0
1 8 189
0
0
0
0
0
0
1 5 177
3 3 92 4 157 6 95
1 7 132
2 1 196 5 262
0
0
2 2 234 9 204
2 12 149 14 164
0
0
1 5 167
0
0
0
2 8 263 11 182
0
2 3 150 13 101
0
0
2 3 156 5 192
0
0
0
0
0
0
1 7 142
7 2 170 4 165 7 188 11 211 14 183 16 190 18 179
1 13 116
1 4 215
0
0
3 4 169 8 171 10 161
0
1 12 145
0
3 1 219 3 186 5 243
0
0
2 7 223 10 209
0
0
0
0
0
0
2 5 154 6 129
0
0
1 5 242
0
2 6 174 13 181
0
0
0
0
0
0
0
0
1 5 269
0
0
3 2 173 9 184 14 213
1 5 244
0
0
0
2 7 221 14 237
0
2 1 241 12 226
0
0
0
0
0
1 4 227
2 11 266 12 245
0
4 4 232 8 228 15 222 16 203
0
3 1 290 12 231 13 225
0
0
0
2 9 202 14 206
0
2 3 205 5 253
0
2 10 214 13 238
1 1 261
0
0
0
4 4 298 7 292 9 278 11 251
1 10 252
0
3 11 294 14 321 16 307
0
0
0
0
0
2 4 275 5 285
0
3 8 279 9 281 13 260
0
0
0
0
4 12 233 14 276 16 248 17 236
3 10 297 18 316 19 339
0
0
0
3 6 195 9 355 20 187
1 3 250
1 5 334
1 15 246
0
2 2 191 16 210
1 5 377
0
1 16 272
2 19 220 20 208
0
0
0
0
0
0
2 11 308 14 373
0
0
0
0
0
0
0
0
2 5 293 7 333
1 4 375
3 2 198 8 217 9 218
0
1 1 350
0
0
0
0
0
0
0
0
3 3 257 10 273 11 259
6 2 247 12 291 13 286 14 283 15 224 16 235
0
0
0
0
0
1 13 264
0
0
0
0
1 10 289
0
0
0
3 9 267 13 265 14 348
3 10 240 16 330 17 356
0
0
0
0
1 8 301
0
2 13 258 15 249
0
0
1 16 349
1 1 351
3 5 284 6 304 16 359
0
0
0
1 4 385
0
0
0
3 2 287 16 319 17 280
0
0
2 3 315 7 322
0
2 10 255 11 282
2 8 299 10 256
0
0
4 12 326 14 338 18 300 19 337
0
1 4 295
3 5 274 15 311 20 270
0
1 13 268
0
2 4 296 9 352
0
0
1 10 312
2 17 340 20 271
0
0
1 3 302
2 11 277 13 314
0
0
1 14 404
0
1 8 335
0
0
2 4 318 18 327
1 16 367
0
2 5 331 20 379
0
0
1 10 336
2 13 323 15 408
0
0
1 7 371
0
3 16 382 18 396 20 317
3 11 370 13 325 14 360
1 18 378
1 1 358
0
1 6 400
0
0
0
1 7 411
2 9 353 12 365
0
0
0
0
2 8 401 17 374
2 2 305 19 383
2 4 324 18 388
0
1 1 343
1 18 303
0
0
1 16 368
0
0
1 1 397
0
0
0
2 12 432 19 418
1 5 357
0
1 13 341
1 14 361
0
2 2 306 16 376
0
2 12 454 16 465
0
3 3 328 5 390 16 442
0
2 5 372 6 415
2 5 398 11 431
1 8 416
0
1 9 391
0
4 2 310 13 320 18 364 20 389
0
1 7 313
1 10 344
4 5 423 6 387 7 406 15 471
1 5 463
1 14 491
0
1 13 363
0
0
0
0
0
0
3 1 332 3 347 4 392
0
2 7 346 10 443
2 7 444 11 433
0
3 9 412 14 461 15 395
0
4 1 402 16 369 18 380 19 420
1 20 450
0
0
1 5 427
0
0
0
0
0
0
0
1 2 342
0
6 5 430 8 462 10 405 12 474 13 488 14 490
0
0
0
0
1 4 492
0
0
0
0
0
0
0
5 4 399 5 407 6 499 9 452 14 439
0
2 1 409 11 422
0
0
3 10 428 15 455 16 464
0
0
0
0
0
0
2 2 345 7 354
0
0
0
0
3 4 424 14 446 17 473
0
0
1 12 414
0
3 3 362 13 429 16 410
0
0
0
0
0
0
3 2 403 5 381 9 394
0
0
0
3 1 440 13 482 14 419
2 15 531 18 509
0
0
0
0
0
2 1 475 4 478
0
2 8 426 9 434
0
1 9 580
0
0
0
2 4 507 6 517
0
0
0
0
0
1 10 472
0
0
1 5 480
1 8 438
2 7 386 11 479
0
0
0
0
0
2 3 366 4 447
0
0
0
0
0
1 1 520
0
1 6 502
0
2 2 449 8 445
0
0
0
1 9 506
0
0
0
0
0
0
0
0
0
0
1 4 484
0
0
0
3 5 417 7 436 8 467
0
0
0
0
0
0
0
0
0
0
0
2 3 384 9 456
1 5 468
0
0
0
0
2 3 435 5 421
0
0
0
0
0
0
0
0
0
7 1 451 3 448 4 486 8 496 10 516 11 487 12 437
0
1 2 453
0
0
0
0
2 5 494 6 489
1 5 495
3 9 481 13 497 14 505
1 14 538
2 7 441 15 523
0
0
0
0
0
0
1 4 493
1 9 500
0
0
0
3 2 457 4 470 12 501
0
0
0
3 1 458 5 483 9 539
0
1 4 503
0
0
0
0
0
0
1 5 504
0
2 2 466 5 543
1 3 525
0
0
0
0
0
1 5 575
0
3 6 498 7 476 8 515
0
0
0
0
0
0
0
0
0
0
1 2 485
0
0
0
0
2 7 540 9 534
0
3 1 459 10 550 11 530
0
0
0
0
0
3 4 510 8 511 12 508
2 5 519 6 513
0
0
0
0
0
0
0
1 5 545
0
3 3 551 8 533 9 574
2 4 542 12 522
0
0
0
0
0
0
0
0
0
0
0
0
0
0
0
0
1 4 536
0
0
2 5 556 8 646
1 9 674
1 6 554
0
0
0
3 5 568 6 603 7 656
0
1 2 583
0
0
0
0
0
0
0
0
0
0
0
0
0
2 3 571 8 586
0
1 4 549
0
0
0
0
0
0
0
5 1 512 5 521 7 547 8 477 9 524
1 5 528
1 7 552
0
0
0
0
0
0
1 9 576
0
0
0
0
0
0
0
0
0
0
3 5 529 10 544 11 624
0
0
1 10 553
0
0
0
0
1 4 558
0
0
0
3 7 560 9 594 10 569
0
0
0
0
0
0
1 2 605
0
0
0
0
0
0
3 3 532 6 561 7 526
1 7 546
3 5 537 8 535 10 622
0
0
0
0
0
0
0
0
0
0
0
2 5 559 11 609
0
5 1 527 3 566 12 557 13 562 14 608
1 7 599
1 4 615
0
1 9 642
0
2 5 563 7 592
0
0
0
0
0
0
3 11 572 12 630 15 565
2 5 633 14 584
0
0
0
1 2 578
0
0
0
0
0
0
0
0
6 3 579 4 621 5 620 9 629 12 610 13 664
0
0
0
0
0
1 8 669
0
1 2 625
1 7 626
1 9 657
4 3 591 10 589 11 637 14 648
0
0
4 5 567 6 616 15 670 16 653
0
0
0
4 1 555 2 582 17 587 18 606
0
0
0
0
0
1 3 666
0
0
0
0
3 4 581 5 611 13 636
0
0
0
2 14 683 15 701
0
0
0
3 1 564 18 607 19 638
0
0
0
0
1 5 681
0
0
0
0
0
0
0
0
0
0
0
1 4 627
1 6 703
0
0
0
0
0
0
1 5 619
0
0
2 5 644 7 634
0
0
0
2 5 661 8 708
0
0
0
0
0
4 2 640 9 590 10 631 11 600
0
0
0
0
1 8 736
0
0
0
0
0
0
3 1 585 7 570 11 595
0
0
0
0
0
0
2 3 613 7 597
0
0
0
0
0
0
0
0
0
0
0
0
0
0
0
0
0
0
0
0
0
0
0
0
0
0
0
0
0
0
0
0
0
0
0
0
0
0
0
0
0
0
0
0
1 2 651
0
0
0
0
3 1 588 4 604 5 645
0
0
0
0
0
0
0
3 4 614 6 623 8 691
0
0
0
0
0
0
0
0
0
1 2 753
1 4 598
0
0
0
0
1 3 654
0
0
0
0
0
0
0
0
2 1 601 5 618
0
0
0
0
0
0
0
0
0
0
0
0
0
0
0
0
0
1 3 682
0
0
0
0
0
1 2 710
2 4 662 5 641
0
0
4 1 602 6 659 7 686 8 677
0
0
0
0
0
0
0
1 4 676
0
0
0
0
0
0
0
0
0
0
0
0
0
0
0
0
0
0
0
0
0
0
2 2 731 5 724
0
0
0
0
0
1 4 694
0
0
0
0
0
0
0
0
1 2 709
0
0
1 3 733
0
0
0
0
0
0
0
0
0
0
0
0
0
0
0
0
0
0
0
0
0
0
0
0
0
1 2 700
0
0
0
3 1 612 4 635 5 617
0
0
0
0
0
0
0
0
0
0
0
4 4 706 5 649 6 712 7 668
0
0
0
0
0
0
0
0
0
0
0
0
0
0
0
0
0
0
0
2 3 692 4 678
0
0
0
0
0
4 1 628 5 655 8 675 9 698
0
0
0
0
0
0
0
0
0
0
0
0
6 1 647 2 643 3 652 8 685 9 665 10 671
0
0
0
0
0
0
0
0
1 2 673
0
0
0
0
1 4 684
0
3 5 705 7 680 9 687
0
0
0
0
0
0
0
0
0
0
0
0
0
0
0
0
0
0
0
0
0
0
0
4 2 696 3 715 4 713 5 702
0
0
0
0
0
0
3 4 717 5 760 6 743
0
0
0
0
5 1 650 5 672 8 730 9 695 10 741
0
0
0
0
0
0
0
0
0
2 7 697 11 754
0
0
1 9 740
0
2 2 711 12 728
0
1 5 726
0
0
0
0
0
0
0
0
0
0
0
0
0
0
0
0
0
0
0
0
1 5 791
3 4 746 6 719 7 745
0
2 3 718 8 808
0
0
0
0
0
1 2 716
0
0
0
0
1 5 764
0
0
0
0
3 1 688 5 658 9 679
0
0
0
0
0
0
0
0
0
0
0
3 5 663 6 693 10 660
0
0
1 4 699
2 2 752 6 747
0
0
0
0
2 9 734 11 767
0
0
0
0
0
0
1 2 802
0
0
0
0
1 2 722
2 3 748 5 723
1 7 846
0
0
0
1 2 813
0
0
0
0
0
0
0
0
0
0
0
2 1 704 5 725
0
2 4 768 8 742
0
0
0
0
0
0
0
0
0
0
0
0
0
0
4 5 732 6 727 8 737 9 749
0
0
1 3 771
4 4 751 5 750 10 801 11 789
0
0
0
0
0
3 5 772 12 776 13 840
1 2 894
0
0
0
0
2 4 775 5 785
0
0
0
0
0
0
0
0
0
1 7 805
0
0
0
0
0
3 1 744 9 714 11 721
0
0
0
0
0
2 9 738 12 765
2 12 777 14 793
0
0
0
0
0
1 4 755
0
0
1 6 822
0
0
0
0
1 2 759
3 8 735 10 756 11 773
0
0
2 1 757 4 758
1 5 788
0
0
0
2 5 739 9 763
0
1 4 781
4 1 774 10 762 12 784 13 816
0
0
2 3 780 15 799
0
2 9 766 16 837
0
1 16 847
0
0
0
0
0
0
0
0
0
0
1 1 790
3 1 819 7 850 11 803
0
0
3 2 761 4 800 6 794
6 8 779 9 792 10 778 11 797 14 843 16 820
0
0
0
0
3 5 783 17 829 18 782
0
0
0
0
2 3 864 7 826
4 5 806 8 787 19 798 20 833
0
2 5 814 14 807
0
0
1 8 832
0
3 10 812 16 876 18 842
0
0
0
1 12 855
1 5 848
0
1 16 919
0
3 1 811 9 825 18 796
0
4 2 818 5 786 13 862 15 882
0
0
0
0
2 11 868 16 810
1 4 903
2 11 809 18 892
0
0
2 1 865 2 911
1 16 823
2 9 869 12 770
2 7 804 19 854
0
0
0
0
2 9 824 14 849
1 6 817
0
1 13 899
2 5 815 12 821
0
0
0
2 5 891 14 831
0
1 11 828
0
2 10 835 16 841
0
2 3 851 20 839
0
1 19 881
1 15 877
0
0
0
1 17 836
0
3 8 838 9 830 14 845
0
0
1 7 827
0
2 4 910 15 880
1 14 834
0
0
0
0
2 2 853 3 901
0
0
3 1 878 16 900 18 905
1 5 950
1 9 860
1 8 857
0
2 6 896 10 923
0
0
0
0
0
2 9 897 14 861
3 13 858 17 898 19 872
1 11 863
1 15 844
1 10 883
0
1 2 859
0
0
0
0
0
2 1 921 2 915
1 13 867
2 4 920 15 932
0
2 14 922 16 947
1 16 976
0
1 12 906
0
0
0
0
0
0
0
0
0
0
7 4 856 5 871 7 895 8 884 9 952 10 852 13 873
2 17 889 18 886
0
1 3 956
0
3 5 879 16 937 19 888
0
1 1 929
0
1 14 994
0
2 2 913 5 916
0
0
0
0
3 5 874 11 890 15 904
4 5 902 10 885 11 917 16 908
0
0
0
0
0
0
0
0
2 6 907 12 918
0
1 9 953
0
0
0
0
0
0
0
0
1 6 924
0
0
0
0
0
0
3 2 927 3 941 6 949
0
1 5 934
1 8 926
0
0
0
0
0
0
0
0
0
0
0
0
0
0
4 4 893 6 936 8 939 9 887
1 7 912
0
0
1 1 925
0
2 4 945 5 940
0
0
0
0
0
0
0
4 1 928 2 933 11 971 12 982
0
0
5 3 944 6 964 10 960 13 962 14 946
0
1 4 959
0
1 1 935
0
1 4 975
0
0
0
0
0
0
0
0
1 5 942
3 7 930 8 961 11 997
0
0
1 4 979
0
0
0
0
0
0
1 2 938
0
2 5 954 6 943
0
0
1 2 996
0
0
0
3 3 948 5 957 9 973
0
1 5 966
2 7 958 8 967
0
0
0
0
1 3 963
0
1 4 987
0
0
0
0
0
0
0
0
1 5 980
2 1 970 10 974
1 3 965
0
0
1 2 998
0
0
0
3 4 972 5 983 7 992
1 5 990
0
0
0
0
0
0
0
0
0
0
0
3 2 969 3 993 5 968
0
0
0
0
1 8 978
0
0
0
0
0
0
0
0
0
0
0
1 1 986
0
3 2 981 5 988 6 999
0
0
0
0
0
0
0
1 3 985
0
0
0
0
0
0
0
0
0
0
0
0
0
0
0
0
1 2 989
0
0
0
0
0
0
0
0
0
0
2 2 995 4 991
0
0
0
0
0
0
0
0
0
0
0
0
0
0
0
0
0
0
0
0
0
0
0
0
0
0
0
0
0
0
0
0
0
1 1 1000
0
0
0
0
0
0
0
0
0
0
0
0
0
0
0
0
0
0
0
0
0
0
0
0
0
0
0
0
0
0
0
0
0
0
0
0
