20 1 29 2 36 3 35 4 40 5 6 6 33 7 5 8 1 9 27 10 26 11 60 12 25 13 28 14 49 15 3 16 16 17 20 18 55 19 10 20 12
2 13 73 20 70
0
0
1 19 4
3 3 41 4 61 19 124
2 5 11 19 51
1 19 44
3 5 24 18 95 19 77
1 19 189
2 12 173 19 138
1 4 89
0
1 6 37
0
2 2 98 13 68
0
2 4 56 17 22
3 9 67 11 91 13 17
3 11 46 13 119 14 131
0
0
0
1 19 19
0
0
0
3 3 8 8 170 18 188
0
0
1 19 126
1 19 2
3 12 185 14 18 19 105
0
2 1 58 16 79
1 15 47
1 13 52
1 17 76
1 6 110
1 14 233
0
0
1 3 78
1 14 45
1 19 246
2 11 205 19 262
1 19 237
2 7 62 19 23
0
1 20 298
0
1 6 285
1 4 83
1 2 101
1 17 90
2 6 290 17 177
1 14 82
3 8 85 13 186 18 81
1 10 63
1 19 103
1 5 64
2 5 118 12 111
0
1 19 96
4 5 69 7 194 14 86 20 306
0
0
1 13 255
3 11 99 15 88 19 120
2 8 155 19 192
1 19 144
0
0
2 2 263 17 379
2 16 92 20 342
0
0
0
0
1 6 328
2 10 74 19 253
3 3 93 4 116 19 351
1 19 145
1 19 135
1 16 162
1 6 156
0
2 1 108 9 75
2 18 161 19 100
0
2 2 304 14 225
0
1 16 240
2 8 230 10 276
0
0
0
0
0
0
0
1 4 122
5 2 102 11 137 12 121 13 136 19 106
2 7 191 19 128
0
0
4 3 115 14 178 16 129 17 257
0
1 11 139
2 10 318 20 271
4 6 217 7 329 18 251 19 403
2 9 127 19 291
0
1 15 160
0
0
2 13 202 19 374
0
0
1 20 336
0
1 7 507
1 19 361
2 6 486 19 369
1 19 364
0
4 3 154 6 190 9 169 19 174
3 2 125 6 183 17 149
2 2 72 5 378
2 14 412 20 530
1 20 511
1 7 520
0
1 13 242
0
1 16 171
1 1 123
0
2 10 140 13 321
2 4 200 8 245
1 2 84
1 18 113
1 7 153
0
0
2 14 521 20 421
2 17 182 19 579
1 3 179
1 6 187
0
2 8 254 19 569
0
1 3 247
3 1 134 14 132 20 210
2 8 236 11 346
0
1 19 558
1 13 572
1 20 220
3 5 175 7 180 15 465
0
1 6 213
3 12 133 13 203 14 193
2 9 195 11 668
1 18 610
2 2 97 16 181
1 11 513
1 14 561
2 12 201 19 164
1 12 215
1 18 617
3 10 146 16 152 18 249
0
2 3 197 20 204
0
0
0
0
1 6 286
0
1 4 252
1 19 562
1 19 664
1 19 578
2 13 208 14 228
2 3 459 11 653
0
1 8 714
0
0
2 7 505 14 622
2 6 635 18 755
1 4 280
2 17 235 20 560
1 20 694
1 18 804
1 19 646
3 3 688 6 626 18 532
0
1 2 703
0
1 1 142
2 13 141 19 148
1 19 226
2 6 248 12 238
2 16 209 19 696
1 19 758
1 18 736
1 5 222
0
0
3 7 647 8 835 15 793
0
1 9 196
1 12 260
0
1 14 229
3 6 266 14 258 17 314
2 17 278 19 870
1 13 219
1 19 212
3 10 223 16 269 19 243
0
1 20 831
1 15 877
1 8 919
3 7 279 12 898 19 853
1 19 901
3 13 330 14 798 19 31
2 13 373 19 356
2 3 15 19 932
2 19 7 20 961
1 2 13
0
2 4 478 11 837
2 6 270 18 313
1 13 386
3 9 292 13 401 16 747
1 11 30
1 20 860
0
0
1 19 9
1 19 989
1 19 984
1 19 958
1 6 294
2 13 301 15 289
2 7 259 10 265
0
4 3 234 5 250 16 309 19 296
1 17 888
0
1 19 32
1 15 340
1 12 39
0
0
0
3 3 256 18 317 19 362
2 16 316 19 299
0
2 1 151 13 198
2 10 409 14 406
1 16 42
0
2 8 117 13 165
1 7 312
4 3 268 4 334 9 310 13 387
2 2 21 5 211
0
0
0
0
1 7 339
2 13 934 20 645
2 13 365 19 903
3 13 367 14 466 19 199
2 13 380 16 66
2 3 352 6 308
0
3 11 347 13 357 19 461
2 19 506 20 538
1 19 418
3 5 325 18 112 19 50
1 19 457
1 2 94
0
0
3 15 389 17 59 18 975
1 16 372
3 2 143 10 713 13 904
1 3 969
0
0
0
2 1 163 19 267
2 12 48 19 806
3 5 407 11 422 19 998
1 19 176
1 19 997
1 19 803
1 19 158
1 19 38
1 19 1000
1 19 80
2 12 114 19 988
1 19 43
5 2 354 4 363 5 500 13 167 19 107
1 19 576
2 13 65 19 496
2 13 157 19 207
3 6 547 14 474 19 559
1 19 274
3 17 516 19 781 20 53
2 8 150 11 168
1 14 719
1 13 272
2 5 159 13 104
2 12 981 19 482
2 4 452 19 130
3 9 349 17 394 19 34
2 1 166 17 206
2 15 817 19 288
1 16 54
1 7 87
1 19 172
0
0
2 2 390 3 375
3 14 753 18 297 20 477
0
0
0
1 2 637
0
1 13 71
0
1 19 14
2 3 410 8 184
1 10 273
1 11 109
0
2 5 57 16 992
2 12 221 19 284
0
0
0
0
1 20 468
1 19 341
2 6 594 9 552
2 4 467 14 147
1 18 597
0
1 8 950
0
0
0
1 2 344
0
0
1 19 525
0
0
0
0
3 6 224 7 295 15 641
0
0
0
0
0
0
0
0
0
0
0
0
0
2 1 214 2 218
0
0
2 3 232 4 319
0
0
0
0
0
0
0
0
0
0
0
0
0
0
0
0
0
0
0
0
0
0
0
7 1 216 2 239 4 264 5 293 6 227 7 324 8 382
1 7 408
0
0
0
1 6 484
2 5 326 7 327
0
1 3 320
0
0
0
0
0
0
0
2 1 261 6 231
0
1 4 458
0
0
3 2 241 7 283 8 302
0
0
1 3 413
0
4 1 282 9 277 10 322 11 275
0
0
0
0
0
0
1 11 343
0
0
2 2 244 12 281
0
0
0
2 5 402 13 411
0
0
0
0
2 4 537 14 540
1 7 335
2 9 333 15 368
0
3 1 300 3 348 16 492
0
0
0
0
1 6 287
0
0
0
2 3 398 10 358
0
2 11 359 17 396
0
0
0
0
2 8 355 9 371
0
0
0
3 2 307 6 303 12 305
2 2 323 8 405
2 6 353 13 331
2 15 419 18 420
3 2 345 11 383 19 366
0
0
0
0
0
2 7 338 14 612
0
0
0
0
3 1 311 10 385 11 395
0
0
0
1 8 446
1 3 606
0
0
0
0
0
0
0
0
1 4 417
0
0
0
0
0
0
2 2 392 3 360
0
2 5 400 6 388
0
2 1 332 8 315
1 4 436
0
0
3 9 424 10 432 13 483
2 12 393 14 381
0
0
0
1 7 376
0
0
0
1 6 445
0
0
0
1 10 514
3 10 593 11 535 15 534
2 3 434 16 456
0
1 7 556
0
0
0
1 4 620
0
0
0
2 9 435 11 494
2 8 404 13 350
0
2 2 453 14 399
0
0
0
1 7 541
0
0
0
0
0
0
1 6 599
0
2 4 718 10 712
0
0
0
5 2 397 3 444 7 427 11 518 12 428
0
0
0
4 1 377 9 337 13 512 16 370
0
0
0
0
0
0
5 5 416 7 487 14 415 15 463 16 464
2 4 476 5 751
1 8 423
0
0
0
0
0
0
0
0
1 3 480
2 2 426 6 469
0
0
0
0
0
1 13 539
2 5 791 13 815
0
0
0
0
0
0
2 1 425 5 414
6 7 454 8 430 12 531 15 503 16 529 17 470
0
3 9 384 18 431 19 391
3 8 545 11 509 20 473
1 2 440
1 16 433
1 13 577
0
0
0
1 6 565
0
1 4 524
0
0
1 8 510
0
0
0
1 3 479
0
0
0
0
0
0
0
0
3 2 629 6 628 8 575
1 9 515
0
2 5 493 10 448
1 3 485
0
0
0
0
6 1 429 7 437 8 491 9 528 11 447 12 504
0
0
0
2 13 475 14 439
0
0
1 2 670
0
0
1 6 708
0
0
1 2 757
2 4 553 16 586
1 2 776
0
0
0
0
0
1 3 566
0
0
0
0
1 8 548
1 10 488
2 6 794 11 742
3 1 438 13 460 14 450
0
0
0
0
0
3 2 542 5 498 11 527
0
3 9 573 14 526 15 582
0
0
1 8 613
0
2 2 554 16 619
0
0
0
0
3 7 441 12 522 14 443
3 2 471 13 581 17 517
0
2 3 665 6 700
0
2 2 489 6 546
0
0
3 7 449 8 502 11 451
0
0
0
0
0
3 1 442 2 495 10 501
1 2 584
0
1 13 702
0
0
0
0
1 4 543
2 6 627 8 551
0
0
0
1 3 549
0
3 9 614 13 598 14 618
1 8 568
4 4 588 5 592 11 571 15 472
0
0
0
0
2 2 590 10 536
0
0
0
1 11 574
0
0
0
0
0
1 2 595
0
0
1 6 657
0
3 7 462 8 523 9 455
0
0
0
0
0
0
3 1 481 2 497 11 490
1 7 533
0
0
0
1 3 631
3 4 683 6 754 12 589
2 8 596 13 621
0
0
0
0
0
0
0
0
0
1 7 605
0
1 14 508
0
1 5 611
0
0
0
1 10 701
0
0
0
0
0
0
0
2 2 519 9 544
0
0
2 1 550 13 499
2 1 567 14 564
0
3 2 601 15 615 16 609
0
0
0
0
0
0
0
0
0
0
0
0
1 3 557
0
1 4 669
0
0
0
0
1 5 711
0
3 5 644 6 686 7 680
0
2 8 583 9 555
0
4 2 672 10 654 11 616 12 658
0
0
0
1 7 698
0
0
0
1 5 740
2 12 591 13 587
0
0
3 1 580 4 632 14 570
0
0
2 6 763 8 602
0
3 2 600 13 607 15 640
0
0
1 1 634
0
1 5 682
0
0
0
0
0
0
0
0
0
0
1 3 563
0
0
0
0
0
3 4 691 6 656 8 732
1 6 677
0
0
6 3 661 9 625 11 604 13 663 15 603 16 608
0
0
3 14 585 17 639 18 630
1 7 724
0
1 10 681
0
2 7 636 14 624
2 10 655 12 662
0
0
0
3 2 660 5 623 8 649
0
0
0
1 4 704
1 13 652
0
0
0
3 7 675 15 642 18 650
0
1 11 638
0
0
0
0
3 2 671 3 745 12 750
0
0
2 6 643 13 705
0
0
0
0
0
4 9 667 14 633 16 690 17 674
0
0
0
0
0
0
6 1 648 2 676 3 678 18 659 19 699 20 725
1 19 666
2 10 749 19 765
0
0
3 8 726 16 792 19 845
2 16 838 19 709
1 13 752
0
0
1 19 651
1 10 783
0
1 5 707
0
0
4 2 706 11 847 14 911 16 874
2 2 687 5 777
0
3 4 768 14 723 18 767
1 14 733
3 6 734 11 923 19 729
0
0
1 13 973
1 8 770
3 2 715 10 710 16 842
0
0
0
0
3 7 756 12 741 17 772
0
4 1 722 18 697 19 679 20 720
2 3 737 18 731
2 15 693 19 716
1 19 673
3 6 689 16 684 19 759
1 16 692
0
1 2 928
1 8 685
0
0
0
0
1 17 787
0
0
2 13 728 15 773
0
0
0
0
1 4 766
0
4 5 721 6 717 7 827 8 695
0
0
0
2 6 786 8 769
0
0
3 7 744 9 833 10 746
0
2 11 802 14 859
0
0
0
0
1 2 843
3 8 760 13 814 17 795
1 16 764
0
3 1 727 18 807 19 762
0
0
0
2 12 761 20 816
1 5 808
4 1 730 8 779 19 738 20 771
0
3 6 782 11 735 17 836
1 2 826
1 12 784
2 3 775 15 789
2 8 850 20 739
1 13 824
0
1 3 788
3 4 785 10 748 19 774
1 19 840
1 19 834
1 19 861
1 14 889
2 2 851 19 910
0
0
0
2 6 805 19 796
1 7 778
0
3 1 743 9 800 19 907
3 2 811 5 892 19 905
2 13 909 19 828
1 20 825
0
3 3 876 8 895 17 839
2 2 797 15 819
0
2 12 863 19 872
1 6 844
1 16 866
0
2 9 809 11 822
1 14 810
0
1 18 884
0
1 20 946
0
3 2 813 14 849 19 886
3 9 818 19 867 20 880
3 4 848 10 780 19 846
2 16 906 19 921
0
0
0
1 6 857
0
1 1 799
3 7 821 9 926 14 879
0
1 15 801
2 17 939 19 855
1 17 930
1 6 935
1 14 883
3 11 881 13 790 17 990
1 2 852
2 16 885 18 976
1 19 929
0
0
1 12 956
3 4 858 19 862 20 931
2 2 878 11 916
0
0
0
3 1 820 6 832 8 951
2 11 917 15 993
1 3 920
0
0
0
2 5 918 9 962
1 4 925
0
3 2 952 11 887 13 913
0
1 5 947
0
0
0
0
0
0
0
0
0
0
0
0
1 7 841
2 8 949 10 812
0
0
0
0
0
2 1 823 11 915
0
1 6 864
0
0
0
0
0
1 2 974
0
1 3 977
0
0
0
0
0
0
0
0
0
0
0
0
1 2 869
0
3 2 914 4 953 5 937
0
0
0
0
0
0
4 2 936 3 965 4 968 6 987
1 2 954
0
0
0
0
0
0
0
0
0
0
0
0
0
0
7 1 829 2 830 3 890 5 854 7 893 8 900 9 865
0
0
0
0
0
0
0
0
0
0
0
0
0
0
2 2 882 8 873
0
0
0
3 7 927 10 896 11 902
0
0
0
0
0
2 2 912 4 891
0
0
0
0
0
0
0
0
0
0
0
0
0
0
0
0
0
1 4 957
0
0
0
0
0
0
4 1 871 3 868 5 856 6 941
0
2 2 924 7 979
0
0
0
1 3 875
1 4 978
0
0
0
0
0
0
0
0
0
0
3 6 972 7 970 8 944
0
0
0
0
0
0
0
0
0
1 4 908
0
0
0
3 2 982 5 991 6 999
0
0
0
0
0
0
0
0
0
0
0
0
2 2 959 3 897
0
0
1 4 940
0
0
0
0
0
0
0
0
0
0
0
0
0
0
4 1 933 4 894 5 943 6 942
0
3 2 963 7 960 8 966
1 2 983
0
0
1 6 964
0
0
0
0
0
0
0
1 3 922
0
0
0
0
0
1 4 899
0
1 2 996
0
0
0
0
0
0
0
1 2 955
0
0
0
0
0
0
0
0
0
0
0
4 1 938 5 948 6 945 9 971
0
0
1 5 995
0
0
0
0
0
1 3 986
0
0
2 2 985 6 994
0
0
0
0
0
0
0
0
0
0
0
0
0
0
0
2 1 980 3 967
0
0
0
0
0
0
0
0
0
0
0
0
0
0
0
0
0
0
0
0
0
0
0
0
0
0
0
0
0
0
0
0
0
0
0
0
0
0
0
0
0
0
0
0
0
0
0
0
