20 1 21 2 1 3 7 4 41 5 31 6 4 7 51 8 42 9 181 10 90 11 2 12 15 13 5 14 13 15 10 16 160 17 213 18 220 19 9 20 63
1 16 119
1 2 267
0
0
0
0
1 12 327
0
1 6 253
2 8 334 10 383
1 2 297
1 14 311
0
1 3 409
0
1 13 44
1 5 59
0
0
0
3 4 370 14 335 19 264
2 8 441 15 331
1 11 3
3 9 271 16 440 18 477
0
1 14 494
2 1 25 13 489
1 12 418
1 13 496
0
0
1 18 493
4 1 599 3 591 17 619 18 656
0
2 8 529 14 647
0
1 3 725
0
0
0
2 17 304 19 763
2 5 692 20 683
0
1 15 780
1 3 762
0
0
1 7 70
2 4 859 16 899
0
0
0
0
2 4 779 12 935
0
0
2 2 928 14 924
1 15 790
1 10 516
1 6 858
1 15 963
2 15 384 17 986
0
3 4 953 18 735 20 111
2 8 564 16 950
2 9 545 17 11
1 11 8
2 1 19 13 18
1 1 24
0
1 5 66
1 10 613
0
1 3 16
1 7 121
1 18 62
2 5 27 19 37
1 14 6
0
0
0
4 1 43 2 40 5 52 18 81
2 3 14 20 75
3 3 56 5 22 12 53
0
1 15 38
0
0
1 12 96
1 16 39
0
2 2 29 8 23
1 6 20
2 4 17 17 12
0
0
0
0
2 16 67 20 46
0
1 14 45
0
0
1 20 92
1 3 134
0
1 17 57
2 11 50 13 68
0
0
1 3 193
1 6 30
4 1 115 4 60 16 80 19 36
1 12 83
0
4 10 145 11 128 18 106 20 47
0
1 15 171
0
0
1 18 58
1 14 117
0
2 2 61 7 26
0
1 17 120
0
1 18 49
2 9 71 18 87
0
0
1 1 64
0
0
0
3 4 97 5 65 11 34
0
1 6 35
0
0
0
3 3 74 10 48 18 108
0
1 15 28
0
1 20 33
0
0
2 3 95 8 32
0
1 14 185
0
2 12 54 16 55
2 15 88 17 93
0
2 12 112 18 102
0
0
0
1 2 103
2 2 101 4 141
0
0
0
0
0
0
1 4 69
0
5 7 116 8 110 10 82 11 84 12 85
0
1 4 126
4 4 169 11 149 13 137 14 100
2 1 130 15 98
1 1 184
0
5 2 163 8 118 16 147 17 148 18 107
5 9 194 14 165 15 188 19 177 20 76
1 3 72
2 3 86 6 89
0
0
3 5 94 15 73 18 123
0
0
0
0
0
0
0
0
0
0
1 2 208
0
1 1 125
0
0
0
0
0
0
0
0
0
0
0
6 1 156 2 136 3 122 4 129 5 99 6 109
1 9 180
0
1 7 135
2 10 78 11 105
0
0
0
2 12 210 13 139
0
0
0
0
1 4 247
0
1 12 77
0
0
0
0
0
2 1 158 4 215
1 5 182
0
0
0
2 2 206 4 142
2 7 114 8 79
0
0
0
0
0
0
2 1 162 4 151
0
2 6 140 8 113
0
0
0
3 4 174 5 133 7 281
0
0
4 10 175 12 150 14 91 15 124
0
0
0
0
0
3 1 204 2 189 3 187
0
0
0
0
0
0
0
3 2 170 6 159 10 138
1 4 238
2 4 288 11 319
0
2 9 143 10 219
2 12 164 13 157
0
0
0
1 3 407
0
2 1 234 10 299
0
0
1 2 191
5 4 155 8 104 11 127 13 153 14 144
0
0
2 5 166 6 146
4 2 237 8 132 13 173 15 131
0
0
0
0
2 12 195 15 167
3 12 197 15 265 16 190
0
0
0
0
3 13 186 14 176 17 235
0
0
0
0
1 5 205
0
0
3 9 224 12 152 16 203
4 13 201 14 211 17 226 18 202
1 3 233
1 3 243
0
0
0
4 1 179 2 154 5 218 6 161
0
3 4 212 7 227 9 198
0
0
0
0
0
0
0
0
0
0
0
1 1 217
0
0
1 3 291
0
0
0
0
0
0
0
0
1 1 244
0
0
4 1 292 5 337 8 325 10 214
0
0
5 4 168 6 207 11 236 12 178 13 230
0
0
3 6 223 13 255 14 221
0
2 5 256 9 232
0
0
1 2 246
0
0
0
0
4 2 196 4 192 12 183 15 172
4 2 199 16 258 17 273 18 283
1 1 300
3 6 231 7 295 19 284
0
0
2 11 270 20 245
0
0
1 10 289
0
0
0
0
1 2 200
3 3 257 5 242 6 296
1 13 303
0
0
1 6 366
0
0
1 8 290
0
3 3 260 12 278 13 356
1 11 280
1 3 261
3 4 225 14 222 17 262
1 15 209
0
0
0
0
0
3 7 286 13 279 16 272
0
0
0
0
0
0
0
0
1 3 308
0
0
0
0
0
0
2 1 216 2 254
1 5 302
0
0
2 3 276 7 252
0
0
0
1 3 294
0
0
3 9 310 10 298 13 318
2 12 320 14 369
0
0
2 4 228 15 248
0
0
0
1 6 362
4 1 229 8 315 14 277 15 326
0
2 6 282 11 314
0
0
0
0
0
0
0
0
1 5 275
0
0
0
0
0
1 3 345
0
3 1 287 5 240 7 268
0
0
2 12 293 13 285
0
0
0
0
0
1 2 353
0
0
0
0
0
1 2 389
3 3 239 4 249 12 269
0
1 9 322
2 6 301 14 312
0
3 3 241 15 263 16 266
3 1 330 17 329 18 340
0
1 10 306
0
0
1 2 373
0
3 1 259 3 307 11 420
0
0
0
0
0
0
0
0
2 8 332 11 324
2 1 309 12 333
0
0
2 3 341 9 328
0
1 4 342
0
1 9 355
3 1 251 4 250 5 305
2 1 336 13 274
0
1 5 351
0
0
0
0
1 1 352
0
3 7 364 10 313 14 317
0
0
8 5 347 8 339 15 338 16 395 17 401 18 392 19 368 20 344
1 9 380
0
0
0
0
1 6 321
2 4 323 7 430
1 6 346
0
1 1 405
3 5 348 11 393 12 367
0
0
4 8 358 13 316 14 365 15 359
1 2 414
0
0
1 7 463
2 3 361 12 350
0
0
0
3 8 363 16 391 17 394
0
0
0
0
0
0
5 1 415 11 398 14 455 19 379 20 425
1 5 357
0
1 14 388
1 4 343
1 7 390
0
2 5 376 18 371
0
4 1 375 3 403 4 428 12 439
0
0
1 17 480
1 10 426
0
0
2 1 374 13 382
0
0
0
2 8 399 10 443
0
1 1 377
0
0
1 2 461
0
4 10 410 11 411 12 448 14 432
2 3 419 15 421
0
4 3 349 6 402 16 413 17 486
5 1 354 3 385 15 406 19 454 20 386
2 1 372 7 400
0
1 11 442
0
1 12 360
0
3 4 378 17 433 18 459
2 9 436 17 507
3 10 451 16 460 19 449
0
0
3 3 397 6 408 18 447
0
0
0
0
2 2 538 14 526
1 1 427
2 8 438 9 446
0
0
1 13 484
2 2 541 16 511
3 5 387 6 381 17 404
1 5 396
0
0
0
0
0
0
1 1 444
3 4 416 10 457 12 437
0
0
0
0
3 1 417 3 423 5 412
1 1 462
0
0
1 4 424
0
0
0
1 6 456
0
0
0
0
0
0
2 8 523 13 537
0
3 3 475 7 450 14 478
0
0
0
0
0
3 1 469 2 495 11 488
3 1 535 12 512 15 562
0
2 10 533 15 513
0
0
2 5 422 11 434
0
1 3 487
0
2 4 431 16 429
0
0
0
3 6 481 17 458 18 531
0
0
1 2 520
0
0
0
0
0
0
0
2 3 445 4 435
0
2 8 466 9 453
0
3 2 552 12 521 13 519
0
1 1 588
2 11 468 14 508
2 3 452 6 465
0
0
0
0
0
0
0
0
4 3 464 13 499 14 471 15 563
0
0
0
0
1 2 509
1 4 566
0
0
2 10 518 11 570
0
0
0
0
0
4 3 467 5 482 7 522 12 504
4 1 470 3 540 9 483 13 473
0
0
0
1 3 580
7 4 472 6 506 11 577 12 515 15 579 16 501 17 573
0
0
2 4 497 18 510
0
0
0
0
0
0
0
0
0
0
0
0
0
4 3 500 4 527 5 498 8 550
0
1 5 505
0
2 3 548 12 503
2 3 554 14 571
3 3 524 4 572 10 583
3 1 474 15 555 16 476
0
0
3 16 534 17 514 18 479
1 10 595
0
5 2 528 8 549 11 586 13 544 17 517
2 1 492 19 485
0
0
0
2 19 490 20 584
0
0
0
1 7 530
0
2 4 574 15 622
0
1 6 539
2 4 618 10 672
0
0
0
3 2 558 4 604 5 602
0
0
0
1 3 525
0
0
6 1 502 9 546 12 568 14 578 16 565 17 585
0
0
0
0
0
0
2 6 553 18 491
0
0
2 4 617 12 606
0
0
0
2 10 676 17 726
0
0
3 1 532 11 557 15 589
0
0
0
4 3 542 12 594 13 637 16 596
2 8 569 17 648
0
0
3 2 576 10 590 19 696
0
0
0
0
0
2 4 600 9 608
0
0
1 12 689
1 12 739
3 1 536 15 559 16 630
0
2 2 593 17 581
0
1 5 655
0
0
1 4 625
0
4 1 592 17 609 18 626 19 561
3 10 635 14 582 20 662
0
2 6 629 13 634
0
0
0
1 2 597
1 4 650
0
5 3 543 6 547 7 556 8 575 14 587
0
1 10 644
0
3 9 628 12 678 15 633
2 7 620 15 679
0
0
0
3 4 611 14 632 15 675
2 3 627 17 560
0
1 11 567
2 13 713 14 721
0
1 3 641
0
0
0
0
2 2 605 13 601
0
0
0
0
1 4 624
0
0
0
1 8 612
0
0
0
1 1 598
0
0
0
1 3 551
1 4 688
0
0
0
4 2 610 6 658 7 652 9 638
0
0
0
1 5 740
0
0
0
0
3 1 614 10 603 12 657
0
1 8 693
0
0
0
0
0
0
0
0
0
3 2 642 5 615 14 645
0
2 12 701 15 746
0
0
0
0
0
1 1 621
4 3 616 4 636 7 663 11 649
3 3 623 5 607 10 665
0
3 13 654 16 660 17 680
0
0
0
0
0
0
2 7 684 12 646
0
4 1 639 2 661 4 670 14 685
0
4 5 631 15 674 17 664 18 681
1 9 734
1 2 669
0
1 2 709
0
4 4 694 7 737 8 702 16 715
0
0
0
3 2 714 6 722 10 666
1 4 720
0
0
0
0
3 3 667 8 677 14 710
0
0
2 3 700 15 673
0
0
1 7 753
1 11 717
3 1 640 8 697 16 668
0
0
1 14 741
0
0
0
4 3 731 11 712 16 770 17 812
2 3 794 6 736
0
3 9 699 13 704 18 708
2 1 653 19 705
0
0
3 5 706 16 643 17 682
1 12 729
2 16 651 20 695
0
0
0
0
0
0
3 2 802 4 798 10 730
0
2 4 829 14 847
0
0
2 10 750 15 747
0
0
0
0
0
0
0
0
2 1 671 2 743
1 8 754
0
0
0
0
0
1 2 757
0
0
1 2 707
0
0
0
3 1 686 3 744 5 728
6 5 719 6 733 7 659 8 691 9 732 12 755
0
0
0
0
0
0
0
0
0
0
0
0
0
0
0
0
1 4 718
0
0
1 7 793
4 5 724 9 766 10 745 13 760
0
2 4 808 14 797
1 3 748
3 1 687 15 703 16 777
1 11 775
0
0
0
1 4 767
0
0
0
0
0
0
0
5 1 690 6 711 8 749 16 742 17 698
0
0
0
0
0
0
0
0
0
1 2 723
1 4 727
0
0
0
2 4 738 5 791
0
0
0
0
5 1 771 3 716 5 756 12 778 14 782
3 3 761 15 769 18 786
0
0
0
0
1 1 789
0
0
0
0
1 3 783
1 7 773
0
4 8 855 9 818 11 866 12 796
2 6 758 13 764
2 10 751 16 813
0
0
0
0
0
0
0
0
0
2 2 759 15 792
0
0
0
2 1 765 2 795
0
0
0
4 4 768 5 788 17 776 18 772
0
1 1 774
0
0
0
0
0
0
0
0
1 7 752
0
0
4 2 816 8 872 10 880 11 945
0
0
0
0
0
7 1 781 3 806 8 825 12 807 13 804 14 876 16 810
4 6 784 17 799 18 817 19 867
0
0
3 13 888 19 845 20 884
0
1 3 822
1 3 811
1 7 826
1 17 787
0
1 4 803
0
2 1 785 9 821
0
0
0
0
4 2 824 9 834 14 809 15 801
2 1 805 17 820
1 20 850
0
1 16 931
2 5 800 16 852
0
0
0
1 3 851
0
4 3 894 7 898 11 902 13 921
0
1 8 827
0
0
4 4 843 6 857 12 839 13 828
0
0
2 1 815 16 832
0
3 1 819 7 846 14 830
0
0
0
2 4 922 10 930
0
0
0
1 13 842
0
2 1 833 3 823
1 1 835
0
0
0
2 3 831 4 868
1 4 946
0
0
3 2 836 8 840 10 875
2 1 854 11 883
0
0
0
4 3 856 11 871 14 900 15 893
0
5 9 838 16 887 17 861 18 901 19 849
3 1 860 5 848 20 814
1 4 837
1 15 947
2 12 844 14 927
0
0
1 2 865
0
1 5 890
0
2 7 869 20 938
0
1 1 870
1 6 897
2 9 881 18 882
2 2 873 11 916
1 8 877
1 7 908
1 16 891
0
4 3 863 10 911 13 909 20 972
0
0
0
1 19 896
1 12 853
1 10 920
1 4 864
0
0
1 17 923
0
0
4 5 905 11 914 14 934 20 885
0
1 18 862
1 3 940
0
4 1 874 17 889 19 841 20 932
1 5 917
3 13 915 14 960 19 989
1 4 903
0
1 15 925
1 6 906
1 14 936
0
0
4 4 968 8 941 16 879 20 975
1 2 895
1 6 939
1 12 952
0
0
1 18 912
1 5 966
2 4 1000 5 878
0
0
2 16 913 17 961
0
2 1 964 8 949
0
1 19 999
0
2 5 886 9 969
0
2 4 943 13 919
0
0
0
1 12 892
4 3 977 4 956 12 974 20 978
3 10 933 11 918 14 929
0
0
0
1 5 904
0
0
0
2 10 957 16 962
2 1 970 6 951
1 15 976
0
0
2 3 984 17 981
2 9 994 12 982
0
1 8 910
2 2 907 7 971
1 5 926
1 1 985
0
0
0
1 4 973
0
0
0
0
0
0
1 3 997
0
0
0
0
1 6 954
0
0
0
0
1 3 967
2 4 955 7 937
0
0
0
0
0
0
0
0
0
0
0
1 3 993
0
1 1 988
0
0
0
0
0
0
3 2 944 4 958 5 942
1 4 959
0
0
0
0
0
0
2 2 948 3 987
0
0
0
0
0
0
0
0
0
0
0
0
0
0
0
0
0
0
0
4 1 965 2 992 3 980 4 979
1 1 990
0
0
0
0
0
0
1 5 983
0
0
0
0
0
0
1 2 995
1 3 996
0
0
0
0
0
0
0
0
0
0
0
0
0
0
1 1 991
0
0
1 1 998
0
0
0
0
0
0
0
0
0
0
0
