20 1 26 2 11 3 29 4 41 5 3 6 23 7 39 8 18 9 7 10 45 11 1 12 20 13 65 14 59 15 12 16 13 17 82 18 8 19 46 20 4
2 1 40 14 52
0
4 1 51 6 47 14 50 17 159
2 9 9 18 72
1 9 27
2 9 32 11 5
2 2 25 8 43
3 7 14 16 112 18 24
2 10 75 14 48
0
1 9 126
2 8 119 9 22
1 14 117
1 9 28
0
0
0
2 5 17 13 98
1 13 175
0
0
2 4 60 8 36
0
2 14 121 19 30
3 1 56 6 49 19 10
3 17 78 18 95 20 106
0
2 3 33 15 55
2 3 227 11 192
3 3 144 11 2 17 153
2 3 203 14 193
0
1 16 42
3 2 64 11 44 13 68
1 12 81
0
2 9 73 13 148
1 13 151
1 5 101
2 6 83 8 79
3 3 96 6 87 8 263
0
1 4 70
0
2 9 149 10 129
3 2 103 13 230 18 172
0
0
0
0
1 16 94
2 1 66 14 71
2 6 53 7 131
0
0
0
2 11 34 13 140
2 13 62 15 85
3 13 165 14 123 17 97
1 19 88
2 10 265 20 74
1 16 37
0
1 1 76
2 12 67 14 128
3 8 195 9 86 14 291
2 8 107 19 242
1 8 277
1 17 118
2 11 210 13 168
2 3 178 7 162
0
3 2 134 9 241 18 258
0
0
0
1 4 124
1 11 223
2 7 89 11 194
0
2 6 113 19 245
0
0
1 13 31
1 13 217
0
0
3 11 171 16 54 20 321
0
2 8 69 12 181
2 3 111 8 91
1 9 154
0
0
2 2 202 17 322
1 20 262
0
2 4 80 13 58
3 5 186 10 114 13 108
1 18 324
0
1 15 135
0
2 2 233 17 246
1 12 185
2 5 157 6 191
1 13 379
2 11 145 15 253
1 1 105
0
1 16 99
2 15 158 19 100
3 3 127 13 396 14 390
3 9 366 13 354 17 428
2 8 174 13 163
2 12 256 13 302
0
1 4 116
1 19 282
2 9 250 10 445
2 2 198 16 109
0
0
0
3 5 161 9 259 17 440
2 17 423 19 385
2 17 146 19 226
0
2 11 196 20 147
3 5 240 7 188 11 184
2 18 248 20 285
3 1 187 15 182 20 209
0
1 4 205
0
0
0
2 17 376 18 357
1 15 215
3 6 252 9 279 17 288
2 1 212 17 138
1 13 156
0
1 11 152
0
1 8 180
3 7 269 14 306 20 409
0
1 17 139
2 16 132 17 213
1 16 204
0
2 10 249 11 451
1 2 206
0
0
2 5 216 9 317
2 3 222 13 338
1 13 225
1 17 407
0
1 11 283
0
1 9 234
2 9 274 13 208
1 11 427
0
1 8 207
1 18 381
0
0
3 1 260 11 483 17 243
0
2 10 401 17 486
3 12 264 16 278 17 313
2 8 170 19 183
3 3 229 8 312 14 464
0
1 15 266
1 20 429
3 5 289 6 286 7 323
0
1 9 362
1 5 303
1 9 400
1 15 296
1 3 231
2 7 272 18 477
0
0
2 13 361 15 308
3 9 497 10 473 17 543
2 3 284 9 251
2 4 218 11 578
3 8 349 11 320 18 348
1 13 430
1 18 441
1 8 353
1 8 426
2 9 307 11 468
2 9 314 11 539
2 11 523 18 615
1 9 316
3 1 268 2 276 9 247
0
0
4 2 334 5 326 14 377 16 224
0
3 3 310 9 327 19 275
2 15 295 19 399
1 17 382
0
2 9 472 13 318
0
2 13 556 20 507
2 13 594 17 469
0
2 11 449 20 538
1 19 695
3 2 305 6 375 13 599
1 15 350
0
0
0
1 20 591
1 13 689
2 8 304 12 755
1 17 564
2 9 550 11 491
2 1 332 9 271
3 1 333 3 365 9 287
1 9 383
1 9 315
1 9 404
2 11 331 18 422
1 8 325
3 8 330 13 411 16 257
3 8 344 13 417 16 337
1 5 393
1 7 336
1 13 372
1 10 352
1 2 335
2 14 346 16 369
1 16 371
2 9 416 15 367
2 6 495 9 254
1 9 341
1 19 418
2 4 267 8 389
2 13 597 20 719
3 2 359 11 360 18 684
1 13 636
0
0
1 5 475
3 8 391 13 460 14 756
1 16 434
3 9 436 16 546 17 603
1 3 433
4 1 810 2 699 17 573 18 639
1 9 795
0
1 9 626
1 19 610
2 1 453 3 504
3 3 488 13 596 18 585
1 8 733
2 2 685 5 854
0
1 12 760
0
0
0
2 9 717 11 747
1 16 474
1 5 796
2 6 398 15 792
0
0
3 9 711 13 777 16 673
1 17 829
1 12 812
0
2 3 548 15 802
1 8 875
2 9 782 11 818
7 6 373 7 419 9 408 10 415 11 619 13 858 16 690
2 3 280 13 775
1 14 892
1 18 841
2 9 867 16 301
3 1 456 11 781 16 748
1 11 329
3 11 455 17 300 19 960
1 16 942
0
1 14 911
0
2 1 351 4 462
2 9 297 16 788
2 9 638 18 160
2 9 115 11 933
1 3 294
0
3 1 358 11 355 20 435
3 5 386 6 410 16 412
3 2 508 16 438 17 450
1 17 533
4 9 780 13 956 15 342 17 90
3 9 102 13 199 18 328
2 14 378 20 167
0
0
0
1 19 907
0
3 3 447 11 414 12 836
0
2 1 392 14 299
0
3 4 531 8 363 14 912
0
0
2 10 467 13 718
1 13 200
2 13 514 16 92
2 16 929 18 893
2 11 345 16 669
1 15 61
2 11 339 18 236
0
1 11 993
0
1 11 368
0
4 2 516 13 552 16 130 17 125
2 13 618 18 606
3 3 470 11 584 13 965
2 9 728 11 952
3 11 891 15 120 16 19
1 19 273
1 9 532
2 1 395 7 439
2 14 499 20 437
6 1 442 5 444 8 452 12 405 14 485 17 425
1 17 490
3 6 457 11 443 17 431
2 11 509 17 420
1 2 402
3 9 651 17 461 18 228
2 16 424 17 421
1 17 179
1 9 679
3 5 534 9 110 16 141
0
1 13 356
0
2 4 675 15 918
1 2 458
0
1 16 394
0
1 14 513
3 3 487 10 479 19 968
2 5 93 18 413
1 20 459
3 9 529 11 448 17 938
0
1 3 535
2 9 542 20 503
2 9 201 13 489
2 6 480 13 446
3 6 484 8 545 13 38
0
0
4 3 579 13 559 18 646 20 496
1 13 498
1 13 511
1 13 570
1 13 947
4 8 463 9 600 12 571 13 466
2 8 471 20 551
1 18 136
0
1 18 874
3 1 476 16 526 18 506
0
0
1 11 406
1 11 387
3 11 370 17 563 18 298
2 6 527 11 502
0
1 1 519
4 7 522 8 500 9 482 17 521
3 9 587 16 492 18 478
1 9 501
2 13 621 15 620
1 2 528
1 5 561
0
1 1 575
1 15 664
1 14 515
1 4 547
1 7 582
1 3 609
1 5 572
1 10 583
2 17 565 19 549
0
2 9 580 11 589
2 9 536 11 164
1 6 567
2 3 255 4 311
0
1 17 641
2 3 971 11 743
2 9 189 11 510
1 9 902
2 3 577 9 525
3 4 560 6 537 8 581
4 2 530 8 558 13 655 18 625
2 11 595 13 541
1 20 592
1 18 562
3 12 574 13 644 15 616
3 11 566 13 654 16 753
1 11 613
1 11 642
4 3 540 5 628 11 716 14 232
1 15 862
1 9 593
2 9 173 11 517
3 9 712 10 238 11 855
2 11 688 17 309
2 5 697 17 454
1 15 798
2 9 759 11 846
1 11 520
3 1 568 8 611 11 166
3 11 629 14 645 19 627
0
2 12 671 13 658
2 13 982 18 926
2 17 176 19 221
1 3 576
1 10 608
1 17 374
2 15 57 17 77
1 17 939
1 18 63
1 8 617
2 8 214 13 384
1 19 137
0
1 13 524
2 6 586 7 364
2 1 632 8 143
1 18 290
1 11 219
3 9 806 11 16 17 197
2 9 885 20 104
2 2 588 10 555
0
2 9 923 16 980
5 5 951 9 281 13 986 14 910 15 432
3 9 169 11 380 12 872
1 8 793
4 7 343 17 270 18 623 19 635
1 13 21
2 6 601 9 590
1 4 598
1 16 637
0
2 2 607 16 220
0
2 10 35 11 481
0
1 8 190
1 5 840
1 17 544
3 3 604 11 754 19 553
1 18 972
0
1 20 319
1 13 403
1 14 6
2 9 650 15 235
2 6 605 9 602
2 6 656 9 663
1 9 682
3 9 622 16 670 17 734
0
2 1 729 16 680
3 7 681 8 614 16 122
0
0
0
1 4 630
2 2 631 3 643
3 12 612 13 692 19 633
0
1 10 211
1 8 177
1 7 696
0
1 5 465
0
3 9 624 17 239 18 340
2 9 640 11 700
2 1 735 9 790
2 9 751 15 347
1 9 512
1 13 726
2 7 150 16 293
2 14 835 20 569
3 4 657 11 667 13 648
1 11 634
1 17 668
1 6 687
1 19 666
1 2 653
1 3 649
0
0
2 6 722 9 647
1 9 725
1 9 261
1 13 660
0
1 18 493
0
2 5 494 14 388
2 17 723 19 742
1 19 397
2 8 678 11 721
3 4 683 8 703 16 686
0
0
0
1 13 736
0
1 10 708
0
1 12 672
0
1 6 698
2 1 746 17 749
1 4 677
0
1 15 701
1 9 659
0
1 13 744
0
0
3 3 662 11 505 13 15
0
1 19 665
0
2 2 674 18 676
2 5 661 17 237
3 4 785 16 292 20 652
1 2 693
0
2 5 758 7 707
1 8 713
2 10 702 14 731
1 18 720
1 5 727
1 13 761
0
2 6 778 14 730
0
1 13 823
1 13 772
1 9 714
1 2 768
1 8 694
1 8 740
0
0
1 1 741
2 1 769 2 776
2 9 825 11 710
4 1 819 15 737 16 750 18 739
2 7 839 18 771
1 3 704
0
1 14 691
2 1 837 2 815
1 18 783
0
1 17 766
3 12 706 13 805 18 869
1 9 859
1 6 826
1 13 752
1 1 878
2 6 883 17 860
3 5 822 16 738 19 813
1 19 804
1 2 913
1 7 880
1 16 784
0
0
0
4 1 757 11 787 14 765 20 844
1 15 801
1 5 882
2 4 856 13 831
2 6 809 11 807
2 11 901 15 852
3 8 786 11 821 12 763
2 11 838 16 715
3 5 916 9 828 13 848
2 9 921 18 957
1 11 843
2 13 857 14 820
2 2 745 3 919
0
1 18 794
0
4 9 881 10 890 13 789 17 879
0
0
0
1 13 922
0
1 11 853
1 11 870
2 11 800 16 779
1 11 803
2 11 808 16 814
1 5 945
0
2 1 817 4 774
0
0
3 14 895 15 943 20 936
3 2 827 5 834 11 764
2 4 830 20 940
2 6 904 19 897
0
3 12 849 13 799 19 709
3 9 914 13 797 17 705
4 3 864 9 732 18 791 19 762
2 8 816 9 811
2 13 833 16 847
2 9 865 13 850
3 1 824 7 832 9 927
1 2 863
0
1 3 877
1 5 842
1 16 917
3 11 773 17 851 19 898
0
3 7 983 9 724 14 770
1 9 899
0
1 13 946
1 4 884
1 17 935
4 6 894 16 845 17 554 18 953
2 15 962 19 557
1 11 861
1 1 889
1 12 866
1 9 937
1 10 985
0
0
0
3 3 915 9 963 13 518
1 9 84
0
0
2 2 888 20 873
1 11 871
1 11 925
0
0
0
2 2 876 8 909
1 5 920
0
0
4 5 868 6 979 13 767 17 133
0
2 9 155 18 244
1 14 142
0
1 15 928
0
1 11 973
0
1 11 976
2 5 934 16 886
5 1 896 2 905 13 961 16 932 20 984
3 1 906 13 900 16 969
2 4 903 13 931
3 7 996 9 975 13 955
0
1 19 908
4 5 930 8 941 12 970 16 887
1 8 924
0
3 4 999 8 950 9 989
0
0
1 13 995
1 6 981
2 15 978 18 977
2 3 998 11 974
1 2 944
1 11 949
1 7 988
1 18 994
1 9 954
0
0
1 15 987
0
0
0
0
0
0
0
0
0
0
0
2 4 948 5 958
0
0
2 6 990 8 991
0
0
0
1 1 964
1 2 966
0
1 3 959
0
0
0
0
0
0
0
0
0
0
0
0
0
0
2 3 1000 4 992
0
0
0
0
0
1 2 997
0
0
0
0
0
0
0
0
0
0
0
0
0
0
0
0
0
0
0
1 1 967
0
0
0
0
0
0
0
0
0
0
0
0
0
0
0
0
0
0
0
0
0
0
0
0
0
0
0
0
0
0
0
0
0
0
0
0
0
