20 1 96 2 15 3 95 4 7 5 28 6 44 7 67 8 30 9 54 10 298 11 17 12 292 13 221 14 13 15 315 16 9 17 83 18 60 19 5 20 304
1 6 78
0
0
0
0
0
0
1 17 69
1 15 341
1 6 113
4 8 81 11 51 16 49 18 155
1 8 50
1 8 360
1 19 487
1 16 100
3 3 110 8 57 16 139
0
0
0
2 6 260 10 385
1 9 130
1 17 91
0
0
0
1 5 187
1 2 66
1 20 437
0
2 7 80 14 107
0
1 20 245
1 8 116
0
0
0
2 5 441 10 305
3 9 394 13 417 18 408
0
2 6 137 19 141
1 6 34
0
0
1 20 247
0
0
0
1 7 93
2 9 372 12 357
0
1 1 160
1 8 102
5 2 147 3 87 4 162 5 488 10 393
1 20 285
0
1 8 161
1 11 103
1 8 188
0
1 12 108
0
0
0
3 10 97 16 144 17 301
1 14 136
0
1 13 471
0
1 19 526
2 1 224 20 178
0
3 9 104 10 381 18 397
1 10 45
1 15 436
1 3 214
0
2 6 133 8 522
0
0
1 16 172
3 8 131 10 329 20 302
1 17 335
0
1 19 606
0
0
1 10 367
0
0
1 14 167
0
1 16 185
1 5 493
2 6 227 14 244
0
1 10 658
3 2 151 6 157 17 382
0
0
2 13 674 20 455
1 15 498
1 7 98
2 11 199 19 634
0
2 9 112 13 193
0
0
1 5 509
1 1 290
0
3 1 331 4 233 12 418
2 8 204 14 545
0
1 5 780
2 5 421 18 630
1 20 740
1 9 206
1 10 279
2 8 666 19 696
1 6 201
0
0
0
0
3 5 277 6 423 8 596
2 9 208 20 755
1 20 563
1 5 605
1 18 317
2 2 176 16 225
0
0
2 4 267 6 464
5 8 266 10 527 11 241 13 652 15 597
0
0
0
0
2 16 236 17 383
1 3 295
1 6 555
0
1 13 481
2 11 282 20 325
0
0
1 8 573
0
0
0
0
0
0
1 9 215
0
1 1 365
2 2 242 9 353
0
3 6 439 9 287 12 496
3 10 623 14 660 15 22
0
3 2 326 4 278 8 280
1 13 1
2 6 443 10 702
3 5 520 6 31 10 564
1 10 624
1 7 126
0
0
0
2 4 369 10 758
3 18 742 19 8 20 728
1 20 680
1 9 311
0
1 17 789
1 14 662
0
2 2 392 11 415
1 20 800
0
0
0
0
2 8 313 16 345
0
0
1 1 411
1 10 410
0
1 15 46
2 12 684 13 546
1 17 603
0
0
1 9 333
1 6 33
0
0
1 8 364
1 10 602
2 6 766 11 642
1 20 784
1 5 582
0
0
0
0
2 11 524 18 694
0
0
1 4 428
0
2 2 41 19 217
2 1 495 20 586
0
0
1 20 243
1 8 380
2 12 745 13 465
1 19 776
2 3 704 14 207
0
0
1 17 693
1 7 174
0
1 3 741
0
3 6 354 9 828 16 816
1 14 588
1 10 625
1 10 668
0
1 8 419
0
1 12 836
1 10 761
2 4 459 16 503
1 20 460
0
2 7 220 14 716
2 2 398 6 379
3 10 318 12 869 20 622
0
0
1 15 56
0
0
2 2 458 5 788
4 1 480 8 482 9 523 16 795
1 9 534
1 17 921
1 18 736
1 6 895
0
2 9 610 17 149
4 1 502 5 592 11 793 16 413
2 10 368 13 803
1 6 537
0
1 19 782
0
0
1 14 476
2 1 569 4 494
1 10 291
0
0
0
0
1 3 514
0
0
1 1 580
3 1 124 4 314 6 751
0
0
1 10 377
5 4 173 5 772 10 665 17 309 20 649
1 10 762
1 9 640
0
1 1 561
0
3 6 706 9 802 18 210
4 2 754 6 475 16 376 20 203
1 8 497
2 10 835 12 361
2 7 249 11 336
1 5 239
1 5 446
3 4 773 17 543 19 343
2 12 121 15 786
0
1 11 671
0
0
1 4 470
1 6 148
0
1 13 812
0
1 14 529
3 5 670 14 687 17 583
2 1 879 9 274
1 19 192
2 6 319 7 848
1 15 391
1 4 195
0
0
0
2 10 216 20 186
3 6 395 10 824 17 484
0
0
0
0
0
1 16 519
4 1 508 2 857 10 156 11 841
2 9 153 10 858
3 3 604 5 653 10 797
2 8 578 9 150
1 13 721
0
0
2 2 384 10 646
1 14 738
0
2 9 256 18 253
1 5 815
1 10 501
0
2 11 275 19 119
1 9 675
1 14 551
1 6 407
1 6 451
1 6 454
2 6 513 10 456
0
3 9 862 13 829 20 587
4 4 517 7 251 10 868 11 838
0
0
0
2 8 644 19 562
1 6 538
3 4 608 12 145 18 695
1 8 685
2 4 611 9 59
1 2 504
2 5 927 17 902
0
0
1 6 560
0
1 15 420
2 6 452 10 923
1 10 213
0
0
2 12 570 16 362
0
1 10 72
0
1 3 627
1 14 903
1 10 654
2 1 568 9 837
2 15 450 16 48
0
1 8 768
2 13 711 14 884
0
2 13 731 20 750
2 3 852 10 635
1 7 356
2 1 554 20 463
0
1 19 211
1 5 729
1 16 647
1 6 637
1 15 273
2 4 676 9 539
0
1 10 749
0
0
1 4 691
1 9 19
2 11 466 20 165
0
0
0
1 17 638
1 14 614
3 1 340 6 258 9 374
2 5 942 10 231
1 12 190
1 8 818
2 2 845 3 567
0
0
1 20 600
0
0
0
1 18 743
1 8 853
1 2 854
1 10 643
1 10 632
3 10 770 16 25 19 785
1 7 672
0
0
0
0
1 20 90
1 10 943
2 4 760 10 629
0
2 9 435 10 663
3 9 899 10 779 20 323
2 7 321 15 900
3 5 757 17 416 19 897
1 6 307
1 16 26
2 6 822 10 574
1 9 222
1 11 717
2 3 886 20 709
0
1 15 708
1 8 915
3 14 650 17 661 20 168
0
2 1 401 16 851
4 4 101 6 703 9 263 10 901
1 13 808
1 5 122
0
1 18 412
2 10 864 19 922
1 7 883
2 2 698 20 953
1 9 261
0
1 14 910
0
0
0
1 1 598
0
1 8 796
2 6 125 17 615
0
0
2 4 947 11 506
0
0
0
3 5 399 10 938 15 820
0
2 3 595 12 823
0
0
1 16 212
0
0
0
1 20 924
0
1 18 264
0
1 9 787
1 10 117
0
0
0
1 2 861
0
1 6 930
2 8 434 19 478
0
1 19 914
1 8 692
0
3 5 425 14 479 19 276
1 5 252
0
2 8 830 17 936
0
1 19 655
3 1 447 7 633 19 366
2 14 932 20 138
5 5 876 8 461 10 715 13 299 17 719
2 10 194 17 536
1 10 556
3 10 878 14 730 20 271
2 10 223 20 641
2 10 184 20 619
3 1 896 7 814 17 581
4 8 533 10 944 13 825 20 516
4 4 589 10 617 14 346 20 553
1 10 863
2 8 293 19 594
3 5 939 10 667 17 320
2 9 152 10 375
1 10 36
4 1 444 10 907 16 928 20 821
1 10 550
0
1 13 338
1 6 237
0
2 4 579 19 268
2 7 472 10 405
2 9 860 15 981
1 3 18
1 1 115
3 6 370 10 129 14 950
3 10 912 11 911 20 733
2 16 926 17 827
2 8 43 9 352
0
1 10 753
1 9 689
5 2 834 6 492 10 427 13 84 19 705
0
0
1 4 959
0
0
0
2 6 855 12 889
0
0
1 10 432
3 6 269 15 963 18 2
0
0
3 1 400 6 549 8 552
3 7 949 9 180 10 987
0
1 16 530
2 11 175 20 636
0
3 4 58 13 957 14 819
0
0
1 17 951
0
0
0
0
0
2 2 964 5 774
0
0
1 3 94
0
3 6 763 9 679 19 134
0
0
1 1 197
1 8 973
0
0
0
1 10 966
0
3 2 870 15 483 20 707
1 18 792
0
0
0
1 5 52
0
2 12 764 17 892
0
1 14 813
3 4 744 8 378 16 507
0
0
0
0
1 11 344
0
2 10 485 13 284
0
1 9 794
1 7 232
0
0
1 6 111
0
0
0
0
0
1 1 941
1 19 283
0
0
0
0
1 5 871
1 14 515
0
1 10 843
1 16 732
0
1 8 970
0
1 20 12
1 3 3
1 6 406
0
0
2 9 918 20 371
2 9 940 20 962
2 6 120 9 235
3 6 14 9 937 20 474
4 2 438 6 228 15 714 20 807
2 2 697 6 931
4 3 992 6 189 17 154 20 917
1 6 468
1 6 616
2 9 916 10 686
4 2 105 6 334 9 65 10 904
5 3 999 6 63 9 722 10 577 20 925
4 6 678 9 804 10 847 15 826
3 10 701 15 388 17 229
2 4 888 10 257
0
5 6 505 9 727 10 440 14 324 20 387
0
1 15 40
2 18 499 20 448
5 2 544 5 73 6 791 8 972 17 683
3 4 565 6 612 10 934
6 4 601 6 146 8 198 10 833 12 850 14 576
3 3 997 6 885 20 294
2 6 682 10 76
2 10 737 15 82
2 4 548 10 99
3 8 618 9 37 14 226
2 2 713 17 961
1 10 500
4 1 599 6 53 7 316 10 355
3 6 358 8 61 11 977
5 4 348 6 296 9 673 13 867 18 404
1 15 831
1 1 955
3 3 945 14 846 20 541
4 5 842 9 373 10 894 12 39
2 8 272 10 462
1 19 960
2 2 584 7 300
2 10 86 20 262
2 10 332 17 10
0
1 9 445
0
0
4 4 396 6 645 16 865 20 891
3 1 337 10 954 19 512
4 8 887 9 849 10 996 13 712
3 7 390 15 71 18 767
2 5 756 14 801
0
0
3 2 965 6 68 9 979
2 6 363 20 874
0
2 9 805 10 809
3 10 967 12 620 17 875
3 2 55 3 998 16 909
1 19 426
0
3 4 810 6 330 11 542
1 20 442
1 9 664
0
3 5 657 13 528 14 473
2 8 933 10 35
2 10 250 15 143
2 10 431 19 457
1 20 422
1 9 47
0
3 6 179 9 297 12 859
3 9 288 17 6 20 74
4 1 158 7 724 9 306 16 42
1 18 386
2 5 209 8 734
0
1 4 607
1 6 27
0
1 3 70
2 13 873 19 163
1 20 88
1 10 123
3 2 246 11 639 14 952
0
1 17 806
1 1 486
0
0
3 8 799 10 255 15 790
0
1 9 811
3 6 339 7 38 10 958
2 5 591 10 424
3 4 566 14 771 20 92
0
0
2 17 929 18 765
1 19 935
2 10 169 16 170
0
2 12 265 14 535
0
3 1 585 5 218 6 183
2 2 359 9 281
0
0
0
1 20 489
2 6 993 8 106
0
2 3 913 13 681
0
1 20 540
2 5 109 6 969
1 11 1000
5 8 781 9 118 10 718 15 908 17 177
1 19 270
1 4 726
1 10 254
0
1 18 739
4 6 769 9 248 12 349 14 308
0
0
0
0
1 2 135
2 7 525 20 893
1 8 752
1 1 327
0
1 10 200
0
1 20 775
1 14 127
1 6 648
1 3 449
1 11 968
2 4 651 16 521
1 15 866
2 9 29 10 609
0
2 8 626 20 982
0
1 17 350
0
2 2 669 5 991
2 13 205 14 409
0
1 8 976
1 19 988
0
0
0
0
0
1 6 159
1 10 181
0
2 1 984 9 4
0
1 4 557
1 7 312
1 18 430
1 20 547
2 12 746 17 699
3 5 881 6 778 16 142
2 8 469 9 690
0
0
1 14 946
1 10 128
0
0
0
2 11 389 15 798
0
1 2 182
2 6 559 20 659
0
1 13 725
0
0
1 5 747
1 10 490
0
1 6 880
2 8 351 17 986
1 20 631
2 3 20 9 64
0
1 4 322
1 19 467
1 18 402
0
0
0
2 1 32 5 234
0
1 10 303
1 7 342
1 16 700
0
1 6 11
2 8 16 10 735
0
1 20 971
2 12 817 14 510
1 2 196
1 9 956
1 15 628
0
0
0
0
0
1 4 656
0
0
1 11 259
0
2 17 75 18 511
1 19 191
1 13 872
1 6 491
1 8 948
0
0
1 3 898
0
0
0
0
1 20 621
1 5 140
1 10 238
2 6 23 9 613
0
0
0
1 12 723
1 16 572
0
2 1 171 14 677
0
0
0
3 2 21 6 980 7 477
0
0
1 19 983
2 5 748 17 328
2 15 985 18 166
2 9 890 10 995
1 4 347
0
2 8 531 10 77
0
0
0
0
1 11 240
0
0
1 20 840
1 9 919
1 8 518
0
0
0
1 14 974
2 10 202 13 575
0
1 6 856
0
1 3 403
0
0
0
0
1 9 839
1 17 532
1 19 994
1 4 414
0
0
2 5 906 16 783
1 15 453
2 10 230 12 590
0
0
0
1 20 114
0
0
0
1 1 286
2 2 989 18 832
1 8 433
0
0
0
0
1 14 571
1 6 79
0
1 7 164
0
1 11 905
0
1 9 558
0
0
0
0
1 10 593
0
1 20 844
0
0
1 4 219
0
0
1 13 62
0
0
1 10 85
0
2 2 978 3 24
1 6 429
0
1 17 710
0
3 1 882 5 759 16 132
1 19 777
1 14 920
0
0
0
1 10 310
0
4 8 990 9 877 15 289 18 89
0
1 12 975
0
0
0
0
0
0
0
0
1 20 688
1 4 720
0
0
0
0
0
0
0
0
0
0
0
0
0
0
0
0
0
0
0
0
0
0
0
0
0
0
0
0
0
0
0
0
0
0
0
0
0
0
0
0
0
0
0
0
0
0
0
0
0
0
0
0
0
0
0
