20 1 12 2 19 3 18 4 13 5 32 6 1 7 2 8 15 9 28 10 11 11 17 12 6 13 9 14 53 15 5 16 24 17 60 18 34 19 43 20 8
0
0
0
0
1 10 69
1 10 3
1 2 37
0
0
1 9 31
0
1 2 42
2 2 101 14 10
1 2 102
1 2 113
0
0
1 14 168
1 8 33
1 13 58
2 2 40 11 50
0
1 18 98
1 10 56
1 16 35
0
0
3 10 51 15 65 20 181
1 4 63
0
0
2 2 14 6 104
0
3 7 22 12 71 17 23
1 11 84
0
0
1 9 55
2 16 59 19 20
1 3 77
1 2 145
0
0
1 9 76
1 6 79
0
2 1 47 5 80
1 19 62
0
0
2 5 90 16 46
1 3 44
0
0
0
2 4 29 14 45
3 2 72 8 57 15 131
1 2 85
1 2 73
1 2 114
1 13 67
2 3 200 20 138
2 1 88 3 259
1 17 136
0
1 11 82
2 10 70 11 191
2 2 36 3 52
3 2 105 17 204 19 197
0
0
0
1 12 103
1 11 93
3 10 75 16 120 19 16
0
2 6 106 18 25
1 15 39
0
3 4 66 7 144 13 74
2 8 127 14 86
1 17 48
0
2 14 153 17 100
1 3 91
1 9 213
1 19 27
0
1 16 174
0
1 13 163
0
3 2 121 3 139 10 109
2 2 154 3 89
1 15 229
1 13 221
0
0
2 4 99 9 212
5 2 117 5 107 11 149 12 170 19 185
1 11 157
0
1 2 251
1 2 110
0
0
0
3 1 94 16 49 18 246
1 11 354
0
1 20 211
1 12 68
0
0
3 2 124 15 214 17 324
2 14 210 15 218
5 7 309 9 323 12 241 15 295 19 351
3 3 375 15 140 20 343
2 8 147 10 115
0
2 1 128 4 108
0
0
1 11 179
0
0
1 6 148
2 2 125 19 146
0
1 13 289
2 11 198 20 257
1 15 305
2 14 129 16 247
0
1 12 166
2 12 178 19 207
0
0
0
1 3 237
2 6 235 15 175
0
1 7 327
0
0
1 15 415
2 6 256 18 294
2 2 133 3 217
1 2 187
0
4 9 261 15 87 17 176 19 151
1 5 167
2 6 304 13 405
0
1 20 268
2 10 119 16 336
1 4 180
3 2 169 6 122 17 190
1 2 231
3 8 158 11 301 12 205
1 7 410
1 14 162
0
1 1 142
1 11 220
0
0
1 5 203
0
1 15 192
1 18 152
1 10 184
1 7 355
0
1 2 302
2 2 363 3 266
2 2 339 12 123
0
0
2 7 480 13 253
1 3 315
1 7 482
1 9 426
0
1 7 332
1 14 196
2 2 265 11 454
1 19 450
1 12 201
2 13 274 15 322
0
2 2 161 6 290
0
1 11 276
1 17 224
0
2 1 159 14 193
2 9 270 15 469
2 5 222 14 291
0
0
0
2 3 553 15 436
2 11 378 12 283
2 3 183 8 165
3 10 264 14 202 16 349
0
2 4 228 13 239
1 9 278
1 6 293
1 20 361
1 4 254
1 11 449
1 19 453
0
1 7 445
0
1 4 568
2 2 189 16 523
1 2 373
1 2 345
3 2 186 3 199 15 431
1 15 487
3 5 313 12 317 15 292
0
1 4 590
0
0
1 19 550
3 3 284 13 271 17 318
1 11 424
1 2 249
1 19 206
0
1 6 377
1 11 573
2 1 188 4 252
2 16 209 18 233
1 10 300
0
1 20 525
2 7 586 11 499
0
0
1 9 297
0
0
0
3 5 325 6 223 14 459
0
2 3 478 15 676
0
1 2 311
2 8 240 13 348
0
0
1 14 479
1 19 219
1 17 338
4 2 273 4 328 12 319 13 386
2 2 342 10 312
1 10 347
1 11 391
0
0
0
1 8 236
1 19 234
1 3 493
3 2 288 3 532 16 654
0
2 6 298 12 587
1 20 132
0
2 3 296 19 160
2 2 367 12 359
2 1 215 2 385
1 16 396
1 11 164
2 7 277 9 402
0
0
3 11 611 12 421 15 742
1 14 409
2 16 439 19 686
1 4 400
3 2 406 10 429 19 392
2 8 393 19 331
1 5 514
1 15 530
1 6 360
2 3 358 19 371
1 3 335
1 13 491
0
3 10 353 12 370 17 650
1 2 441
1 4 662
4 2 485 7 509 15 570 16 749
1 18 258
1 14 557
0
0
0
1 13 545
1 14 582
0
0
2 19 462 20 452
2 4 137 16 621
1 5 593
1 19 549
0
2 3 712 19 538
1 8 706
0
1 12 376
1 13 698
1 1 285
1 11 216
0
1 2 679
1 2 554
1 2 717
3 2 772 7 602 10 569
2 7 692 14 784
0
2 2 652 8 683
0
0
2 15 341 18 286
1 20 506
3 4 390 6 411 8 226
2 6 435 12 438
2 9 389 15 447
1 6 520
1 11 299
1 6 477
2 2 566 3 725
2 2 599 3 782
2 2 356 18 696
1 15 497
2 13 624 17 789
1 10 705
3 3 473 7 807 9 753
1 14 827
1 11 357
1 13 805
0
3 2 839 17 763 19 812
0
2 7 729 9 866
0
0
3 12 628 17 648 18 709
1 19 854
0
1 19 775
1 9 863
3 5 272 8 627 14 829
3 2 844 12 927 15 427
1 2 799
1 11 455
0
2 5 329 11 861
1 10 867
2 4 463 10 398
2 3 872 11 831
1 13 481
1 3 851
0
1 6 574
2 14 508 16 680
2 1 303 7 330
1 7 364
3 2 306 10 308 12 422
1 15 472
0
1 2 314
3 2 320 9 344 11 740
0
1 11 792
1 5 577
1 12 474
0
2 11 561 20 384
0
2 2 404 10 798
1 3 930
1 3 871
2 3 182 8 245
1 3 803
0
1 7 434
2 12 838 13 845
2 2 430 19 929
1 19 280
1 19 836
0
4 1 316 10 382 12 835 17 671
0
1 5 859
0
1 2 458
2 3 238 18 928
1 3 898
1 7 533
1 8 337
0
3 12 543 14 403 15 882
1 10 414
1 20 464
0
0
1 17 420
0
5 1 365 10 440 13 892 15 948 19 726
2 2 556 11 526
0
2 3 860 15 527
0
1 9 379
3 6 465 10 663 20 966
0
2 4 486 10 475
0
1 17 604
1 17 800
1 14 443
4 7 542 11 597 16 977 18 64
1 20 734
1 4 500
2 12 368 13 269
0
1 15 869
3 7 776 15 914 19 444
1 7 689
0
1 4 564
0
1 15 808
0
1 8 856
3 4 916 5 941 14 118
1 19 466
3 7 926 15 83 17 372
0
2 2 954 3 922
1 2 81
2 2 502 6 541
1 9 428
0
0
1 12 407
2 8 307 11 939
0
0
1 2 575
2 8 97 11 905
0
0
1 5 727
3 10 529 11 490 13 340
1 16 126
0
0
2 2 21 4 682
1 2 484
2 3 918 5 832
2 8 243 13 874
0
0
0
3 2 670 14 657 19 242
3 2 177 4 640 16 456
0
0
1 20 915
0
2 2 938 7 38
0
1 18 95
2 1 374 10 547
2 3 886 13 498
0
3 10 548 11 578 15 622
1 14 644
2 2 135 5 401
2 8 963 12 350
0
2 18 92 19 522
1 17 878
0
1 9 476
1 6 638
1 11 904
0
0
2 4 244 13 4
1 15 380
2 3 457 7 381
1 16 262
0
1 10 581
1 10 956
1 10 857
0
0
1 16 352
1 10 156
2 2 451 11 26
3 1 394 2 383 10 310
0
1 11 771
3 9 517 10 555 16 173
0
0
1 14 664
0
4 2 433 8 413 11 416 16 387
2 2 503 20 172
2 12 531 20 971
0
1 17 412
1 5 983
1 5 41
2 1 408 15 446
2 12 399 17 467
1 8 112
2 16 470 19 388
1 20 362
0
1 9 588
2 3 230 19 944
2 3 559 13 134
1 8 718
2 8 78 12 260
2 1 496 11 418
4 4 492 6 704 11 537 17 521
4 6 495 7 987 16 460 20 921
1 2 539
2 5 560 19 512
3 12 744 13 369 14 962
2 6 540 10 635
1 10 232
4 3 536 4 584 14 544 18 130
2 17 208 20 150
4 4 645 11 947 16 806 19 346
3 8 61 12 483 13 227
1 17 937
3 2 567 11 919 13 468
1 7 824
0
1 3 607
1 18 667
1 12 225
0
4 3 437 10 563 11 417 17 642
2 1 511 3 518
3 2 524 3 592 14 546
2 14 488 15 507
1 3 528
0
1 9 632
1 7 688
1 13 442
4 8 54 11 321 16 631 19 505
4 4 598 10 674 12 535 15 925
0
0
1 10 768
1 3 576
2 1 605 3 580
1 14 513
0
1 20 510
2 14 534 17 519
0
1 6 615
1 12 620
1 7 736
1 5 571
2 11 579 13 637
1 15 248
1 2 572
2 2 616 9 653
4 8 626 11 552 18 668 19 585
0
3 2 595 7 720 17 636
1 2 655
1 2 651
1 2 666
1 12 647
3 10 814 13 461 17 263
0
0
0
3 1 641 3 923 16 728
1 9 660
0
1 7 96
1 15 30
1 14 596
1 2 600
1 13 448
0
1 4 603
1 1 625
0
0
3 4 687 11 633 17 684
0
3 2 623 4 902 15 471
2 2 669 6 703
3 2 583 3 594 5 629
3 2 723 12 1000 18 143
1 2 931
0
3 10 665 11 279 16 741
0
2 7 608 14 896
1 5 659
1 19 606
1 13 591
0
1 2 699
3 9 719 10 710 15 711
0
0
0
2 3 282 4 754
1 3 194
1 8 697
1 15 395
0
0
0
2 7 609 14 673
3 12 675 17 565 20 721
2 7 646 8 630
2 2 612 15 700
1 2 614
1 2 643
4 2 701 7 672 9 770 11 649
1 13 730
0
1 13 661
0
1 16 778
0
2 3 714 6 690
1 14 765
2 7 760 20 677
0
1 2 757
1 13 739
1 12 678
2 3 619 17 746
0
2 10 802 14 773
2 3 658 5 819
1 2 716
3 4 733 11 767 19 809
0
3 1 748 4 788 15 708
1 4 693
3 7 785 9 804 18 715
1 2 743
3 2 751 3 786 19 707
1 13 796
0
1 4 833
0
2 3 868 6 634
0
1 16 787
0
0
0
1 16 747
0
2 2 834 4 865
1 2 745
2 2 617 6 613
3 7 877 11 816 19 815
1 18 250
2 14 793 15 995
0
0
0
1 8 639
3 2 783 10 685 17 489
0
0
2 12 737 19 702
0
1 12 756
0
1 5 813
1 13 828
1 10 694
1 16 397
0
0
2 2 795 3 790
2 2 847 9 903
2 11 267 15 516
1 14 858
0
1 8 681
0
3 10 750 17 818 20 713
0
1 8 691
0
1 4 764
2 12 758 17 762
0
1 6 755
1 10 811
2 3 879 11 722
1 2 601
2 7 801 17 195
0
1 10 855
1 3 946
2 3 781 6 333
2 3 821 20 873
2 8 791 12 779
2 8 850 15 820
2 1 817 19 810
2 11 731 18 738
0
0
0
3 9 852 11 826 13 837
1 2 766
2 2 840 17 735
2 10 853 19 887
1 10 777
2 12 842 19 823
1 14 958
0
1 15 893
1 16 901
1 3 780
2 2 909 15 959
1 2 759
0
0
0
0
0
1 1 849
3 5 917 6 830 19 883
1 14 171
3 5 889 8 848 12 895
1 11 906
0
1 3 880
2 4 774 15 769
1 7 841
2 13 932 17 843
0
1 2 281
0
2 10 797 15 155
1 16 970
2 13 326 17 752
0
1 4 864
1 3 501
4 2 846 7 881 8 875 10 996
1 2 890
3 2 897 14 894 20 934
2 5 899 9 935
1 12 908
0
0
0
0
1 16 862
0
0
0
1 15 912
0
4 3 949 5 920 6 933 11 515
0
0
1 3 988
3 2 951 6 960 15 978
2 2 910 16 695
2 2 952 12 953
1 5 973
0
0
1 19 618
1 11 419
0
1 17 425
4 4 876 6 870 10 942 15 825
1 9 957
0
2 3 955 20 761
1 10 964
3 1 724 5 950 13 562
1 18 794
0
1 2 965
0
0
2 6 111 8 334
0
1 7 974
1 14 940
1 12 967
0
0
1 3 992
0
1 11 991
1 3 924
1 7 986
2 7 558 16 366
0
0
2 11 504 12 985
1 10 656
1 19 911
1 2 494
1 13 287
1 17 432
0
1 15 589
1 4 907
1 18 884
0
0
0
0
1 2 885
2 2 943 4 900
0
1 14 979
0
0
1 9 972
0
1 7 968
1 15 913
2 5 891 18 982
0
3 4 989 7 945 13 975
1 10 969
2 7 994 12 732
2 4 998 14 255
2 1 423 8 275
0
0
1 20 141
1 6 888
2 5 936 10 822
3 2 961 11 990 15 551
3 2 976 3 981 16 7
2 2 980 13 116
0
1 19 610
0
0
2 17 999 18 997
0
0
0
0
0
0
0
0
0
0
0
0
0
0
1 2 993
0
0
0
0
0
1 2 984
0
0
0
0
0
0
0
0
0
0
0
0
0
0
0
0
0
0
0
0
0
0
0
0
0
0
0
0
0
0
0
0
0
0
0
