20 1 15 2 13 3 50 4 33 5 106 6 186 7 35 8 45 9 17 10 176 11 3 12 6 13 210 14 46 15 189 16 10 17 5 18 259 19 206 20 193
0
0
1 18 9
1 13 12
0
1 3 255
0
1 20 56
2 6 158 20 322
0
0
1 13 395
1 13 362
1 13 354
0
2 5 427 13 286
1 9 26
1 4 412
0
1 20 318
1 20 394
2 4 75 14 380
1 1 478
1 13 43
1 6 509
1 16 482
1 16 493
1 20 544
2 17 451 20 470
4 2 570 4 572 7 670 20 588
2 19 730 20 611
0
1 9 767
2 8 741 11 747
1 10 842
0
0
2 8 90 12 788
3 2 443 3 573 5 783
1 10 808
0
1 8 852
0
1 20 864
2 19 860 20 906
2 2 936 12 941
3 5 943 13 4 14 645
1 13 332
2 9 770 11 949
2 13 37 17 460
2 6 526 15 579
1 16 8
0
0
0
2 14 135 20 7
1 18 16
1 12 11
0
1 8 20
0
1 1 495
0
0
0
2 9 87 18 24
0
1 3 1
1 8 51
1 8 111
1 7 32
0
1 14 34
1 8 69
2 9 27 17 21
1 13 25
3 10 39 13 29 20 14
1 5 950
1 4 28
1 20 59
0
1 11 18
1 13 2
1 17 42
0
1 18 36
1 13 40
1 7 125
1 2 957
1 9 38
0
2 11 55 19 19
0
0
1 10 48
1 16 31
0
1 12 23
0
1 6 77
0
2 4 84 15 41
0
0
0
0
0
0
1 1 79
1 10 30
1 5 992
0
1 12 92
0
0
0
2 3 22 13 44
0
1 1 139
1 4 144
1 14 54
0
2 12 105 15 98
0
0
4 1 47 8 64 10 57 16 71
1 18 63
0
1 5 93
0
3 1 52 9 49 13 68
2 15 129 16 72
0
0
0
0
3 7 53 9 81 17 80
0
1 2 116
0
0
1 7 58
1 6 88
0
0
1 9 83
0
2 7 61 11 62
3 3 66 14 102 17 101
0
0
0
2 4 96 12 86
2 15 150 17 183
3 13 133 18 152 19 70
0
2 10 74 20 60
1 20 112
0
0
2 9 94 12 78
0
0
3 8 65 12 67 20 110
0
1 16 85
1 14 82
0
0
0
0
1 16 171
1 18 76
0
0
0
0
0
0
2 1 113 4 73
0
0
0
1 2 122
1 5 214
0
0
1 1 138
0
2 3 108 6 95
0
0
0
0
1 5 132
0
3 4 159 6 143 7 126
0
0
3 9 97 10 99 12 91
1 9 100
1 11 104
1 5 154
0
0
3 1 127 6 136 7 142
0
2 12 119 13 117
0
0
1 6 89
2 8 114 14 124
0
0
0
0
1 1 162
1 9 118
0
0
0
0
2 9 166 11 128
0
3 2 182 8 188 13 141
0
0
0
0
1 10 153
0
0
1 13 146
0
0
0
0
0
0
0
5 4 103 5 115 6 155 12 107 14 140
0
0
0
0
1 5 177
0
0
1 9 169
0
0
0
3 10 164 11 157 13 134
3 3 195 14 109 15 147
1 7 199
0
0
0
2 1 175 9 208
2 8 226 13 220
5 12 179 16 170 17 130 18 120 19 149
0
0
2 14 123 20 167
2 6 194 17 161
0
0
1 4 137
0
1 9 180
0
0
0
0
0
0
0
0
0
0
2 4 173 8 217
0
0
0
3 1 192 9 190 12 253
0
1 13 121
0
2 2 229 12 280
6 13 181 16 156 17 151 18 168 19 184 20 202
0
2 9 131 14 215
0
1 8 211
1 10 145
1 19 160
0
1 5 198
0
0
0
1 11 201
2 3 262 14 288
0
1 7 203
2 9 271 14 270
1 4 185
0
0
0
0
2 5 222 8 232
0
0
5 6 165 11 231 12 207 13 235 15 236
0
3 1 200 12 212 17 273
0
0
1 1 243
0
0
0
2 9 303 17 349
0
2 10 218 18 148
0
2 2 289 19 295
0
1 13 172
0
0
2 4 187 14 204
0
1 14 294
1 3 283
0
0
0
1 8 309
0
0
0
0
0
0
2 5 191 7 230
0
1 4 221
0
1 1 225
0
0
7 5 209 7 248 9 250 12 178 13 300 15 163 16 174
1 6 197
0
0
0
0
0
1 4 247
0
0
0
0
3 5 241 9 219 11 245
0
1 10 242
0
0
0
0
0
0
1 9 244
1 4 317
0
0
0
0
1 1 260
3 2 237 6 213 8 246
2 7 310 9 264
0
0
1 10 269
0
0
0
0
0
1 2 287
0
0
1 1 297
0
0
0
0
0
2 2 302 5 311
2 6 227 7 196
0
0
0
0
0
0
1 2 323
2 3 234 4 205
0
0
6 6 216 7 223 9 239 10 256 11 261 12 224
0
0
0
0
0
0
0
0
0
0
0
0
0
0
0
0
0
3 1 266 5 282 8 257
2 1 296 9 281
0
0
0
0
0
0
0
0
0
0
0
1 4 290
0
0
0
0
0
0
0
0
4 2 238 3 228 4 315 7 252
2 9 340 10 345
0
0
0
0
0
6 2 233 6 240 12 285 13 279 14 263 15 277
0
0
1 5 284
0
1 1 265
2 11 327 12 291
1 1 357
0
2 2 249 13 276
0
3 1 391 7 306 14 421
0
1 12 324
0
0
0
1 8 274
0
0
1 11 350
0
0
0
0
0
0
0
1 1 321
0
0
2 4 278 6 304
0
0
1 7 403
0
1 5 346
1 8 293
1 1 347
0
3 2 251 9 254 10 329
0
0
0
1 8 359
2 3 267 12 292
1 5 352
0
0
0
2 4 326 10 330
1 4 348
0
0
0
0
2 2 258 8 336
0
0
0
0
1 7 393
1 4 408
0
3 3 275 9 308 10 299
0
0
2 2 268 11 272
0
0
0
0
1 11 335
0
1 12 333
0
0
0
0
0
0
0
0
0
0
0
0
0
0
0
0
0
4 1 298 2 307 6 356 7 325
0
0
0
0
0
0
0
0
0
0
0
1 4 396
0
0
0
0
1 5 363
0
0
0
1 8 337
4 1 314 9 353 12 305 13 334
0
0
1 8 338
0
1 3 301
1 6 358
2 9 397 13 382
0
0
0
2 1 320 14 316
0
0
1 10 390
0
1 11 367
0
0
0
0
0
0
0
2 7 376 13 370
8 2 312 6 341 7 398 13 339 15 444 16 385 17 328 18 313
2 10 456 17 351
0
0
0
0
1 1 343
0
0
1 13 405
0
1 4 422
0
0
2 5 361 6 344
0
5 2 342 8 402 12 360 13 355 14 378
0
1 9 424
0
1 5 536
0
0
0
0
0
0
0
5 1 365 3 331 7 364 10 371 17 319
0
0
0
3 13 431 17 400 18 410
0
0
0
0
0
0
0
2 11 387 13 476
4 9 459 14 473 16 448 19 430
3 7 399 9 411 16 471
3 10 375 17 373 20 372
1 4 416
0
0
0
0
1 4 479
1 7 379
0
0
0
0
0
1 4 432
0
1 7 388
3 8 415 9 461 10 497
0
0
2 3 401 8 384
6 1 383 12 368 13 386 15 419 19 377 20 446
0
0
1 6 404
4 2 366 12 374 13 407 14 381
0
0
0
1 14 420
0
4 3 437 9 409 13 434 15 500
0
0
1 17 429
1 18 452
1 9 425
1 5 439
1 9 510
0
0
0
0
0
0
0
2 4 485 10 450
0
1 6 406
0
0
0
4 7 389 9 527 12 392 13 524
3 6 413 8 426 13 467
0
1 3 453
0
2 4 466 5 528
0
1 10 469
0
3 1 418 13 445 14 481
0
1 4 542
2 11 447 14 549
0
1 13 464
0
1 13 484
0
0
1 1 423
0
1 8 441
0
0
0
0
0
0
0
4 2 417 4 428 5 474 8 369
0
0
0
0
0
2 4 477 12 438
0
0
0
0
0
0
0
0
0
1 8 568
0
0
0
0
4 7 489 9 440 10 486 11 442
3 6 449 13 454 14 414
1 3 458
0
1 13 475
0
2 8 433 9 595
0
0
0
0
0
0
0
2 1 455 4 435
0
0
0
0
0
0
1 4 488
0
0
0
0
0
0
0
0
0
0
0
0
0
0
0
6 2 436 5 553 7 514 8 504 9 521 10 462
0
2 3 487 11 505
0
0
3 1 463 12 457 13 480
3 2 465 14 492 15 533
0
0
0
0
1 5 643
0
0
0
0
0
0
0
2 4 515 7 522
0
3 6 589 8 535 9 468
0
0
0
0
2 10 483 12 547
0
0
0
0
0
0
1 8 538
2 4 519 13 525
0
2 1 498 10 501
1 3 494
0
2 10 552 14 529
0
0
0
4 1 499 4 523 6 503 16 600
0
0
0
0
0
0
0
0
0
0
0
0
0
0
0
0
0
0
3 2 491 9 472 10 490
0
0
0
2 3 520 5 513
0
0
0
0
1 11 616
0
3 1 511 10 518 12 507
2 9 496 13 516
2 7 599 14 550
1 4 539
3 9 564 15 502 16 530
0
0
0
0
0
1 5 586
0
0
0
1 8 582
3 1 540 9 551 10 534
0
0
2 2 541 4 506
0
0
0
0
0
0
0
3 5 517 6 543 9 679
0
0
0
0
0
4 10 531 11 580 12 557 13 554
0
0
4 2 558 14 560 15 581 17 601
4 3 571 18 576 19 537 20 532
0
0
1 17 591
0
0
0
0
5 1 545 4 508 8 603 12 614 17 512
1 8 613
0
2 6 569 8 565
2 3 577 14 575
0
0
3 2 559 7 640 13 638
0
1 1 578
2 5 546 9 593
2 2 607 7 561
1 16 562
0
0
1 9 651
0
0
1 6 604
0
1 4 566
2 5 619 11 671
0
4 6 608 12 648 13 620 14 687
1 2 629
0
0
0
6 1 548 9 583 10 622 13 567 15 621 17 627
0
0
0
0
0
1 11 556
0
3 2 644 4 702 16 630
1 1 555
2 9 587 18 602
0
3 8 605 9 628 19 596
2 6 662 12 650
0
0
0
1 5 585
0
2 6 609 7 563
1 8 617
0
0
0
1 11 719
0
0
0
0
2 7 655 9 723
0
0
0
1 10 634
0
0
0
3 3 592 12 590 13 639
0
1 2 672
0
1 1 574
2 12 598 13 681
1 13 682
0
0
0
0
0
0
1 4 746
1 7 656
0
1 9 631
0
3 3 618 12 610 14 680
0
0
0
0
0
0
0
1 4 646
0
0
0
0
0
1 5 674
0
1 2 615
0
0
0
0
0
0
0
0
0
0
4 1 584 7 594 8 597 10 624
0
0
3 1 626 4 606 9 657
1 6 683
0
0
1 2 623
0
0
5 2 664 4 632 10 685 11 696 12 688
0
0
0
1 3 637
0
1 4 652
0
0
0
1 5 697
3 8 636 9 668 10 625
2 8 658 13 667
1 4 663
2 1 635 14 665
0
0
4 3 659 11 649 15 698 16 700
1 13 692
2 1 642 17 641
0
0
0
0
0
3 5 675 8 654 12 739
0
0
0
0
0
1 5 754
0
0
0
0
5 7 612 9 690 12 647 13 689 15 661
1 1 653
0
0
3 5 708 7 691 16 633
2 4 710 10 705
0
0
1 14 731
0
0
0
5 6 703 11 673 17 714 18 709 19 684
1 4 725
0
0
0
0
0
0
0
0
0
0
3 2 677 13 701 14 706
0
1 13 745
0
1 4 823
0
0
0
0
0
0
2 2 721 8 772
0
1 6 707
0
0
1 1 711
0
0
0
1 6 807
0
0
0
6 2 676 3 666 9 686 10 660 12 693 13 669
0
3 12 734 14 704 15 787
1 5 801
0
0
2 8 796 16 798
0
1 14 737
0
3 11 678 13 750 17 755
0
0
0
2 4 699 9 781
0
0
1 1 736
0
2 7 724 10 718
0
0
0
2 12 774 13 818
0
0
0
0
2 11 695 17 729
0
0
0
0
4 1 742 8 792 14 771 18 773
0
0
0
0
0
2 4 716 5 722
0
0
0
2 1 752 9 819
0
0
0
1 4 748
0
0
0
0
0
0
0
4 2 733 6 713 9 694 10 803
1 8 854
0
2 1 763 12 762
0
0
3 3 717 13 720 14 726
0
1 13 727
2 5 735 9 712
1 13 758
0
0
2 7 744 15 778
1 7 800
0
0
0
3 6 728 16 761 17 786
0
0
0
0
0
0
0
4 5 765 13 780 18 831 19 813
1 4 827
1 10 732
0
2 9 753 11 715
0
0
0
1 2 740
0
0
1 4 751
1 11 743
0
2 1 782 13 814
3 3 738 14 757 15 769
0
0
0
0
2 9 794 13 785
0
2 12 791 13 861
0
0
3 1 875 8 883 15 929
0
1 10 802
1 5 795
2 13 835 16 919
0
0
0
0
1 6 760
0
0
0
0
2 7 925 8 885
3 4 766 9 806 13 837
1 13 878
0
0
0
0
0
2 11 810 13 826
0
0
0
0
0
0
0
1 6 812
0
0
1 4 776
0
0
1 1 970
0
0
0
0
3 3 775 7 749 10 756
0
0
0
0
0
0
0
0
0
0
0
4 2 768 8 759 9 789 12 764
0
1 10 784
0
0
0
1 5 799
0
0
0
0
0
2 6 797 7 805
1 7 867
0
0
0
0
0
3 4 779 8 809 9 857
0
0
0
0
0
3 1 793 2 820 10 824
0
0
0
0
2 4 841 7 804
0
2 5 873 6 847
0
0
0
0
0
0
1 3 777
3 4 910 7 845 9 888
0
0
0
2 5 815 8 851
0
0
2 1 825 6 817
0
0
0
0
0
0
0
0
0
0
0
0
0
0
0
3 1 840 5 891 7 893
0
0
0
0
1 6 821
0
0
0
0
0
0
0
0
3 4 931 9 933 10 998
0
0
0
0
0
1 5 927
0
1 1 868
0
0
0
0
0
0
0
4 1 822 4 869 6 877 8 848
0
0
0
0
0
0
0
0
0
0
0
3 2 942 4 904 5 959
0
1 3 790
0
0
0
0
0
0
0
0
0
0
0
0
0
0
0
0
0
0
0
0
0
0
0
0
0
0
0
3 1 846 2 894 4 844
0
0
0
0
5 1 828 3 811 4 849 5 834 6 865
0
0
0
3 1 829 7 830 8 833
0
0
0
0
0
0
0
0
0
0
0
0
0
0
0
0
0
0
0
0
0
1 4 872
0
0
3 1 836 7 832 8 917
0
0
0
0
0
0
0
2 3 816 4 863
5 1 871 4 887 9 880 10 898 11 856
0
0
0
0
0
0
1 8 958
0
0
0
1 1 859
0
0
0
0
0
0
0
0
0
0
5 1 874 2 876 4 955 5 916 6 932
0
0
0
0
2 7 862 10 843
0
0
2 4 972 9 986
0
1 5 999
3 2 901 4 930 6 973
0
0
0
0
0
0
0
0
0
0
0
0
0
0
4 1 890 5 908 7 889 8 884
0
0
0
0
0
0
0
6 3 838 7 858 9 866 10 870 12 855 13 915
2 1 921 6 935
0
0
1 11 907
0
0
0
0
0
1 1 952
0
0
0
1 6 996
0
0
0
0
1 2 967
2 4 879 10 905
0
0
0
0
0
2 9 902 12 939
0
0
3 1 881 7 886 13 895
2 5 961 8 964
0
0
0
0
3 1 897 2 920 14 960
0
0
1 4 940
0
1 10 945
0
2 3 839 8 882
0
3 1 909 4 912 9 997
0
0
0
0
0
1 10 963
0
1 7 911
1 4 937
0
0
1 11 944
5 3 850 8 926 12 899 13 903 14 853
0
1 2 928
2 5 978 13 995
0
0
0
0
0
0
0
0
0
0
0
0
1 6 914
0
0
0
0
0
0
2 1 934 5 975
0
0
0
0
0
0
1 1 892
1 3 918
0
0
0
0
0
0
1 2 976
0
0
2 1 896 4 913
2 4 938 6 984
0
0
0
0
5 7 946 8 979 9 956 10 985 12 987
0
0
0
1 3 924
0
0
0
0
1 9 980
0
0
4 1 923 13 954 14 900 15 962
0
0
2 4 948 5 989
0
0
0
0
0
1 6 968
1 10 994
0
0
0
0
0
0
0
1 1 966
0
0
1 10 988
0
1 1 971
4 1 951 11 1000 12 977 13 922
0
1 7 947
0
0
1 1 982
1 4 969
0
0
0
0
0
0
0
0
0
0
0
3 1 990 2 974 4 983
0
0
0
0
0
0
0
0
0
0
0
0
0
0
0
0
1 1 991
0
0
0
0
0
0
0
0
0
0
0
0
2 3 965 4 953
0
0
0
0
0
0
0
0
0
0
0
0
0
0
0
0
0
0
0
0
0
0
0
1 2 993
0
0
0
0
0
0
0
0
0
0
0
0
0
0
0
0
0
0
0
0
0
0
0
0
0
0
1 1 981
0
0
0
0
0
0
0
0
0
0
0
0
0
