20 1 6 2 56 3 26 4 34 5 85 6 63 7 17 8 90 9 33 10 204 11 8 12 12 13 4 14 14 15 133 16 29 17 45 18 3 19 111 20 77
1 17 44
1 8 120
0
1 18 64
3 3 143 6 139 19 62
1 5 179
2 7 19 20 123
0
0
0
0
1 4 74
1 5 95
0
0
0
1 16 126
2 6 141 8 225
1 15 61
1 11 140
0
0
1 18 15
2 14 73 20 286
0
2 10 154 14 156
0
0
1 8 114
2 7 37 15 30
2 11 92 19 41
2 2 71 11 52
1 6 159
1 12 20
0
0
0
0
3 4 124 9 106 12 100
2 9 83 15 93
3 7 47 9 76 18 42
0
1 14 191
0
1 4 145
0
0
1 2 88
1 3 160
0
2 5 70 17 105
1 17 129
1 1 18
1 6 11
0
0
2 7 138 16 276
0
2 8 182 15 187
0
0
0
1 3 177
3 2 212 10 115 19 152
2 17 134 19 266
1 11 84
1 19 412
1 15 244
0
0
1 2 271
0
2 15 341 17 218
1 19 301
1 6 335
0
1 18 48
1 14 235
2 4 161 8 46
0
3 5 36 9 170 13 137
0
0
1 7 163
0
2 1 27 2 35
1 14 38
2 8 184 11 96
1 20 173
0
0
0
3 5 58 9 199 11 103
1 17 167
1 12 166
0
2 1 59 14 116
1 14 174
0
1 11 462
0
0
0
3 9 205 15 354 17 328
2 3 240 13 367
0
0
2 9 214 16 314
1 15 495
0
0
0
3 2 130 12 135 19 54
1 15 237
2 2 144 19 132
1 6 419
2 12 324 15 433
2 4 210 7 261
1 19 203
2 10 375 17 348
0
0
0
1 3 437
2 4 213 9 425
3 9 465 11 300 17 401
0
0
0
3 2 165 14 215 15 198
0
1 2 190
0
0
0
0
2 9 131 18 234
2 6 557 8 323
4 4 311 7 269 14 479 15 284
1 4 250
2 12 356 14 297
0
2 18 223 19 258
1 5 119
2 11 390 17 287
1 20 192
1 3 25
3 2 508 15 68 16 322
0
0
2 2 319 19 509
0
2 13 315 14 385
2 1 69 18 101
0
0
0
1 2 251
0
0
1 20 217
1 3 109
0
0
1 4 625
1 11 482
0
0
0
1 20 249
1 11 386
1 15 164
0
0
0
1 10 293
1 4 415
3 4 216 5 146 14 402
2 9 197 17 426
0
2 6 427 17 650
0
1 8 446
0
2 16 398 17 333
0
1 11 553
0
0
1 9 247
3 2 239 4 350 19 543
2 10 281 18 513
1 11 682
1 17 340
1 17 378
2 7 277 17 447
1 16 520
1 11 345
1 11 151
0
1 1 98
1 15 147
3 6 496 7 547 8 636
2 12 500 14 586
0
0
3 3 142 10 162 11 451
1 8 545
1 18 611
0
0
1 5 230
3 1 153 9 99 10 117
1 20 256
0
0
0
0
2 13 148 15 185
0
0
1 12 347
2 8 260 14 573
0
1 9 149
2 2 332 3 242
1 17 530
2 2 572 19 552
0
0
0
0
0
0
1 15 485
0
1 18 661
0
1 4 382
1 6 605
2 5 565 7 628
1 8 285
2 11 556 16 472
0
0
3 4 408 15 514 18 581
0
1 12 368
0
2 2 489 4 445
2 2 188 13 186
3 2 227 14 491 19 635
3 3 241 9 486 14 771
2 2 273 7 707
1 2 649
1 2 413
1 6 726
3 5 621 15 569 17 245
0
2 7 175 10 735
0
0
2 17 330 18 342
1 3 268
1 2 490
0
1 7 195
1 9 193
2 4 502 16 584
2 1 222 14 232
1 20 353
2 5 211 17 231
2 11 435 20 600
0
0
1 15 439
1 11 640
3 4 255 11 593 14 658
0
2 3 346 16 626
1 12 432
2 8 369 15 680
0
1 14 694
0
1 11 846
1 9 275
0
0
3 14 278 15 326 17 399
0
0
1 9 645
0
1 19 699
1 2 809
3 2 723 11 637 19 764
2 17 746 18 539
1 2 798
1 14 316
0
0
3 11 711 14 770 17 736
2 12 747 17 836
2 3 361 15 418
2 17 381 19 783
2 4 474 17 329
1 2 791
1 15 892
2 5 236 7 702
1 13 259
1 20 862
1 17 389
1 6 409
2 9 646 14 785
0
0
1 12 748
0
2 10 754 18 629
1 18 725
1 15 835
0
1 5 289
3 1 224 6 238 9 444
1 4 480
1 13 280
1 11 521
0
1 19 265
0
1 17 477
1 2 857
0
1 14 886
0
0
0
2 2 693 16 745
3 15 802 17 811 18 262
1 4 544
1 8 450
1 9 894
1 6 291
1 11 579
1 7 853
0
0
1 15 684
1 17 714
0
2 6 343 11 676
1 3 460
2 8 454 20 387
0
1 14 336
1 11 724
0
0
0
2 4 39 7 868
2 2 901 19 819
0
1 13 296
0
2 12 360 16 880
1 9 200
0
0
1 20 683
0
0
0
1 15 57
0
0
2 10 879 12 434
1 9 829
1 5 294
2 11 753 17 825
1 16 81
3 6 562 9 78 15 492
2 9 376 14 858
2 4 270 18 79
3 7 13 18 82 19 549
1 19 201
1 19 958
0
2 2 168 3 781
0
2 10 274 11 351
0
0
0
1 12 453
1 2 630
1 17 924
0
0
1 8 652
4 1 288 8 257 9 220 19 171
1 8 765
1 4 292
2 14 303 19 559
1 14 279
1 3 16
2 8 666 9 824
1 11 127
1 19 208
1 6 591
3 5 371 9 379 14 416
0
3 3 394 5 373 7 21
1 9 823
0
0
1 18 181
1 15 107
0
0
0
1 10 89
1 3 436
1 20 484
2 2 417 7 718
2 6 568 8 31
2 2 438 5 180
0
1 19 421
1 11 49
2 8 202 17 523
0
1 3 515
2 5 317 13 357
0
2 11 60 14 494
1 1 295
3 2 302 9 511 12 896
1 17 40
0
0
0
1 19 604
4 8 362 9 602 13 7 14 407
2 4 359 18 248
0
1 15 110
1 11 372
0
3 3 882 14 536 17 24
1 16 176
0
0
0
0
2 1 299 20 308
0
0
0
2 9 582 15 327
0
0
0
1 18 298
2 7 43 19 667
2 12 911 15 459
0
1 14 264
0
2 1 310 15 50
2 5 321 11 320
1 20 374
1 6 483
1 17 632
2 2 312 13 391
1 2 344
0
1 4 429
0
1 3 272
0
1 8 452
1 10 397
0
0
0
0
2 8 466 17 443
1 8 497
0
0
1 11 405
2 11 414 19 505
2 7 23 14 558
0
1 18 953
2 9 643 15 612
1 4 663
3 6 504 11 364 12 91
0
0
1 20 404
0
2 4 587 8 396
0
0
0
0
0
2 4 599 16 677
1 5 358
1 17 393
0
0
1 17 411
1 6 541
1 10 207
1 15 86
3 1 388 8 488 14 448
1 17 510
1 17 528
1 10 313
0
1 19 67
2 11 751 16 104
3 2 410 3 403 9 395
0
0
0
1 14 233
1 14 128
0
0
2 7 363 11 995
0
0
0
1 6 72
0
1 18 183
0
1 20 476
1 15 463
0
1 13 431
0
1 15 458
3 5 428 12 503 17 618
1 17 651
0
0
1 18 535
0
2 5 526 8 440
1 4 627
1 17 461
1 11 673
0
2 9 564 20 527
0
2 4 506 13 641
1 18 716
2 2 475 8 487
0
1 3 498
1 4 570
3 9 603 14 656 15 430
2 11 196 14 469
1 19 449
0
2 11 983 14 349
0
2 9 695 14 470
1 15 221
2 19 32 20 2
2 3 516 11 588
6 1 400 4 422 10 478 11 577 14 622 19 575
0
1 7 678
0
0
1 20 590
2 8 533 9 727
3 8 566 15 750 16 620
0
0
1 14 780
1 11 108
2 6 608 20 805
3 11 507 14 121 18 657
0
2 16 935 18 377
2 11 529 17 112
2 11 542 17 80
1 19 150
1 19 812
2 16 252 20 304
2 14 305 17 253
2 12 518 14 852
1 17 922
2 3 598 18 290
1 9 243
0
0
3 12 551 17 228 19 125
2 1 456 14 424
1 2 499
0
0
2 9 578 11 848
2 5 534 19 178
3 7 597 9 701 20 860
2 16 563 18 949
0
3 7 524 14 633 17 895
1 11 226
1 4 517
4 4 522 10 679 13 601 15 94
1 18 267
3 1 538 8 550 19 644
0
3 14 715 15 519 17 169
3 4 619 6 698 20 763
0
0
2 11 471 16 172
1 18 996
1 7 548
1 17 338
1 9 537
0
2 11 776 17 420
3 3 653 4 609 14 675
1 14 728
3 5 779 7 806 17 468
2 10 595 15 705
2 1 540 4 580
0
1 3 668
4 11 741 14 761 15 731 17 352
2 2 567 18 965
3 9 594 15 561 20 331
0
1 9 423
2 16 733 19 493
0
1 17 65
0
0
2 2 642 15 758
1 18 102
1 8 571
1 3 759
2 1 574 9 672
2 8 623 20 473
1 12 576
3 9 87 17 189 19 700
3 7 606 13 810 18 442
0
1 3 828
2 6 737 16 797
1 14 813
0
2 3 909 15 689
1 4 647
0
2 8 624 11 803
2 5 768 17 655
1 9 75
2 1 596 9 554
0
1 15 899
0
1 2 685
2 15 664 19 9
1 9 638
0
0
1 13 263
1 18 194
2 2 734 6 713
1 20 800
0
1 15 309
2 2 766 19 648
0
0
0
1 4 654
2 9 841 14 669
1 1 686
1 11 816
1 15 455
0
0
0
3 7 634 12 659 18 960
0
2 8 670 19 955
2 5 690 12 864
1 6 789
1 9 787
3 10 908 11 775 15 639
2 3 790 14 696
0
3 11 794 13 665 17 97
0
0
0
0
2 15 688 16 815
1 4 706
1 15 55
2 10 555 18 334
1 8 743
0
2 3 704 20 874
2 14 834 16 742
0
3 1 757 16 155 20 219
1 6 441
1 4 717
1 12 792
1 19 875
1 2 820
2 2 851 14 826
2 12 877 17 28
2 9 842 18 840
0
0
5 5 898 9 51 14 589 15 383 18 926
1 19 380
0
1 8 830
1 11 778
2 3 839 5 113
1 10 662
1 17 981
0
1 11 818
2 4 801 14 732
0
2 2 738 8 209
1 15 355
4 2 784 6 943 11 616 20 928
1 14 740
0
0
0
2 18 755 19 744
2 2 307 17 22
3 7 671 9 708 16 384
2 3 831 14 282
1 4 804
1 15 833
0
1 2 866
1 7 729
1 11 838
2 8 878 17 890
0
0
0
1 5 692
1 10 762
1 6 687
1 20 122
0
3 5 760 13 749 17 720
0
1 14 339
0
1 12 254
1 18 796
3 10 873 11 913 13 769
1 15 512
0
1 9 773
1 2 885
1 11 808
0
2 3 849 14 756
1 8 934
1 3 944
2 9 872 17 845
1 7 945
0
2 11 782 19 843
2 1 777 6 767
0
0
0
1 8 814
1 17 884
1 12 799
1 15 5
2 16 752 17 631
1 10 585
1 4 889
1 2 910
3 3 888 9 859 15 722
1 20 610
0
1 2 985
0
1 2 392
0
1 9 936
1 14 246
0
2 7 10 17 739
1 6 786
0
2 13 844 19 941
1 9 807
0
0
0
2 6 832 15 881
1 15 948
1 11 865
1 2 969
2 8 938 9 525
2 5 546 15 615
0
0
2 3 921 12 906
2 6 932 10 697
1 17 613
0
2 4 962 11 919
0
2 3 822 18 870
2 11 930 16 837
0
1 4 963
1 7 721
1 2 66
0
0
1 14 719
1 20 607
0
0
1 5 774
0
1 18 793
2 15 947 19 206
1 8 827
1 11 366
1 1 856
1 9 847
0
0
0
1 4 850
1 19 118
0
0
1 2 821
0
1 17 730
1 1 869
1 14 904
0
1 3 917
0
1 10 876
2 6 854 7 942
0
1 11 53
0
0
0
0
1 16 929
1 2 318
3 12 907 14 927 15 337
2 10 871 13 954
0
1 9 855
0
1 19 887
2 9 883 18 863
0
0
0
1 8 867
0
0
0
1 8 975
3 5 897 9 703 18 136
2 3 925 20 592
2 4 891 6 325
1 11 283
0
0
0
0
2 2 961 12 467
1 9 532
0
2 17 923 19 788
0
1 14 980
0
0
0
1 15 952
0
1 9 916
0
2 7 918 14 583
0
0
0
1 16 614
4 1 912 2 893 3 900 18 970
0
0
0
1 5 959
2 2 914 8 978
2 4 979 11 972
0
1 13 956
1 14 974
2 5 998 18 991
2 2 982 8 987
3 2 931 10 915 17 967
0
1 6 984
0
0
1 11 964
1 19 937
0
1 15 501
1 5 306
2 4 1 10 560
1 8 157
0
0
1 20 660
0
1 11 531
0
0
1 3 902
3 2 940 14 973 18 986
1 14 976
0
2 9 365 12 406
1 17 994
0
1 6 1000
0
0
0
1 1 920
0
1 7 966
2 13 939 19 946
0
0
0
0
0
0
0
0
0
3 11 158 15 772 18 464
1 9 951
1 7 617
1 2 971
0
1 17 681
0
0
2 5 229 14 691
3 1 977 3 933 16 989
1 4 370
0
0
1 19 795
0
1 3 968
0
0
1 8 950
0
0
1 6 674
0
0
0
2 1 992 10 861
0
2 11 903 20 457
0
1 9 905
0
0
1 3 710
0
0
1 18 709
2 2 997 12 988
0
1 15 957
0
0
0
0
0
0
2 11 817 14 481
0
0
0
0
1 7 712
0
0
0
0
0
0
0
0
0
0
0
0
0
0
0
0
0
0
0
1 2 990
1 2 993
0
0
0
0
1 1 999
0
0
0
0
0
0
0
0
0
0
0
0
0
0
0
0
0
0
0
0
0
0
0
0
0
0
0
0
0
0
