20 1 4 2 53 3 3 4 2 5 1 6 216 7 8 8 30 9 20 10 50 11 40 12 42 13 44 14 63 15 46 16 9 17 56 18 6 19 114 20 34
1 13 61
0
1 7 70
1 13 218
0
0
1 13 133
3 4 267 6 12 13 205
1 13 49
0
1 16 10
0
0
0
0
0
1 13 456
0
0
1 13 102
0
0
3 1 19 2 67 20 37
2 4 199 13 222
2 6 147 19 292
0
0
0
1 15 235
5 1 72 2 23 7 96 9 82 16 36
1 8 14
0
1 3 16
0
0
1 5 97
1 10 73
0
1 9 88
2 4 64 14 104
1 18 52
0
0
5 2 41 6 158 7 371 13 66 19 25
0
1 5 148
0
1 12 69
0
0
0
1 5 156
0
0
1 1 86
0
1 16 189
0
2 7 140 11 18
0
1 13 31
0
0
0
2 5 244 10 146
2 13 59 18 24
1 1 173
0
2 6 106 11 225
0
1 13 21
1 6 187
1 3 28
1 4 62
2 5 116 20 209
1 1 39
0
0
0
2 6 276 16 60
0
2 9 142 12 138
3 2 111 4 85 12 250
2 17 137 18 220
1 7 237
0
0
1 15 254
0
0
0
0
2 3 78 16 159
0
0
0
0
1 14 157
0
2 6 68 13 532
3 10 407 13 457 19 351
2 4 182 15 336
2 4 467 13 322
0
1 8 15
0
1 19 436
0
1 18 229
1 16 201
0
3 1 134 4 400 15 476
1 9 370
2 5 176 12 190
0
0
1 2 175
0
1 16 243
0
3 6 91 11 196 13 263
0
0
1 1 204
1 7 261
0
1 2 265
1 6 109
2 10 449 19 258
0
1 20 223
1 18 242
1 17 198
2 2 356 4 423
1 16 128
0
0
0
0
1 1 296
0
2 11 328 18 450
1 16 202
2 9 468 15 375
0
2 4 107 8 475
1 13 553
1 14 580
0
2 9 288 17 291
2 3 99 6 197
2 4 256 5 125
2 12 289 15 470
0
0
0
3 2 446 10 564 18 447
0
1 15 502
0
0
1 18 359
0
0
0
0
1 14 350
1 17 559
0
1 12 543
2 4 286 7 505
0
0
0
0
1 3 162
0
1 4 302
1 10 499
1 13 557
1 9 379
0
0
5 4 294 10 33 14 501 16 330 20 327
1 6 232
1 5 165
2 11 339 12 360
1 13 364
1 1 316
0
1 9 545
0
0
0
1 2 480
3 1 304 18 394 19 372
2 1 388 9 523
1 2 486
1 16 357
1 6 308
0
1 14 317
2 9 531 15 524
0
0
1 4 324
1 3 231
1 13 206
0
0
0
0
1 11 355
1 12 571
2 2 526 7 551
1 10 57
0
1 8 602
2 14 630 19 647
0
0
0
1 20 597
0
0
0
1 8 644
4 5 398 6 207 13 174 17 383
1 2 570
0
0
1 12 566
1 18 689
0
1 4 404
2 5 425 8 418
1 16 430
1 13 224
2 6 305 15 212
0
2 1 455 18 591
1 9 582
0
1 14 640
0
1 13 266
1 18 590
1 15 612
0
2 10 130 20 657
0
0
1 6 396
3 6 469 15 385 17 93
0
0
3 4 661 16 685 18 368
1 12 584
2 3 234 4 349
1 13 343
1 10 230
1 11 441
0
0
0
0
2 7 646 14 500
1 6 533
1 18 536
0
1 6 599
1 4 670
1 7 491
0
0
2 1 326 10 544
1 20 438
0
1 5 440
2 2 645 16 517
0
0
0
0
0
3 9 387 13 692 15 705
1 13 79
0
1 20 509
3 2 558 15 634 18 272
0
1 3 238
1 6 667
3 6 615 16 727 20 601
1 10 641
1 19 718
1 13 54
5 1 413 7 95 8 562 13 132 17 369
1 4 722
0
2 7 185 14 537
1 13 135
2 6 659 20 257
0
0
0
1 13 195
3 13 273 14 755 20 625
1 4 541
0
1 6 668
1 17 47
2 5 529 12 535
2 4 608 11 754
0
1 13 335
0
0
2 9 345 18 511
0
0
0
1 13 426
0
0
1 1 424
0
0
1 10 422
1 4 756
0
3 5 284 7 460 17 552
0
0
1 4 84
1 20 669
0
1 6 741
0
1 7 631
1 1 451
0
1 2 605
0
0
2 3 312 7 745
2 9 384 18 575
0
1 16 734
0
1 16 600
0
2 13 721 15 658
0
1 8 637
1 12 554
0
1 14 786
1 13 538
1 9 421
0
2 5 300 18 577
2 6 603 16 624
1 11 604
1 9 459
1 10 514
1 8 716
2 1 463 16 522
1 7 795
0
0
0
2 13 723 20 119
2 7 598 12 655
1 19 834
1 7 769
2 2 785 4 26
2 10 636 18 707
0
0
3 3 348 8 402 17 806
0
0
1 20 154
0
2 9 539 15 743
2 1 479 17 831
0
1 6 610
2 6 701 13 793
0
0
1 20 817
1 3 377
0
2 16 353 18 433
0
3 5 429 8 700 11 621
2 2 365 16 386
0
2 6 781 10 121
0
1 7 765
1 17 203
1 1 547
0
0
0
2 1 410 3 555
0
2 14 828 15 151
0
2 4 686 8 800
2 6 803 13 35
2 9 586 16 487
1 4 783
1 6 753
0
1 12 697
1 8 763
2 2 373 9 592
1 19 837
2 1 485 15 760
1 5 504
0
1 4 236
1 10 776
0
0
1 11 699
0
1 5 819
1 4 334
1 20 269
0
0
0
1 6 794
0
1 18 483
0
1 7 801
0
0
1 18 530
1 3 898
0
1 5 858
0
0
0
2 14 849 16 75
1 12 744
2 10 623 18 889
1 10 628
1 13 65
0
0
1 1 560
1 4 540
3 1 626 2 414 8 253
0
0
1 10 654
0
2 3 684 13 820
1 2 461
3 9 663 10 213 17 732
0
0
2 4 595 7 813
2 6 666 15 792
1 7 899
1 17 854
0
0
1 16 101
0
1 6 444
1 3 412
1 7 92
1 20 787
0
2 6 874 14 841
1 9 725
1 4 675
2 4 812 18 901
1 19 749
2 4 629 20 850
2 1 627 17 726
0
0
0
1 5 872
0
1 6 845
1 7 139
1 8 788
1 12 774
1 18 638
1 11 715
2 1 691 14 869
0
3 2 494 10 306 13 859
0
2 9 746 12 857
0
1 4 709
1 10 401
0
0
1 2 594
0
0
0
2 15 808 18 110
1 16 863
1 14 172
0
1 3 439
2 5 805 17 777
0
0
0
4 4 758 6 323 9 906 13 907
0
3 12 928 16 891 20 117
1 5 835
0
0
1 10 492
2 1 751 8 883
1 20 118
0
1 19 757
2 2 632 10 589
0
0
2 3 772 13 513
4 6 227 7 251 14 519 16 643
0
0
0
1 4 914
0
0
0
0
1 1 762
0
0
0
2 18 160 20 826
2 5 767 11 871
1 10 681
1 9 268
1 4 960
0
1 8 905
0
0
0
0
0
1 13 887
0
1 10 761
1 7 191
0
0
1 3 926
1 12 13
3 2 649 7 866 16 87
0
0
0
0
0
3 1 778 12 194 18 38
3 6 827 7 711 15 606
1 17 131
1 3 478
0
1 4 876
1 7 454
0
1 6 662
1 12 870
3 9 861 16 911 18 419
0
0
1 11 882
0
0
1 4 248
1 14 550
1 19 656
0
0
0
1 6 847
1 5 779
1 9 311
2 3 833 10 120
2 7 842 13 150
2 8 908 13 710
3 1 832 13 865 15 482
2 10 717 13 878
1 12 740
1 7 542
0
1 5 947
0
2 1 877 18 848
0
2 8 515 16 274
3 2 664 13 915 20 484
2 10 687 18 233
0
1 17 910
0
0
1 6 507
0
3 3 880 4 690 7 113
0
1 5 280
0
0
1 15 556
1 8 126
3 1 735 2 965 10 909
0
1 14 642
0
1 9 528
0
1 20 290
3 2 896 12 904 18 170
0
0
0
2 6 431 7 408
2 13 633 16 43
0
0
1 10 155
1 10 178
2 4 578 10 614
0
1 10 281
2 1 752 10 696
0
2 4 742 19 924
0
0
0
1 10 245
1 14 152
1 5 342
2 10 298 18 518
1 18 922
1 4 565
0
1 19 329
0
1 14 976
1 10 239
1 5 427
2 6 868 18 683
2 4 378 10 773
0
1 17 648
2 6 695 13 98
0
2 11 888 18 471
0
1 3 953
3 2 521 4 925 12 935
3 5 548 9 163 20 347
1 6 677
2 1 790 13 789
0
1 1 811
1 14 838
0
1 7 804
2 8 215 16 366
2 4 916 10 168
0
0
1 3 585
0
2 13 864 19 860
0
0
1 2 839
0
1 9 784
1 18 563
1 15 959
0
0
0
0
1 6 900
3 7 867 10 950 13 918
1 10 51
1 17 682
0
1 5 367
2 7 920 16 358
1 11 738
1 4 815
1 1 814
1 8 340
0
0
1 8 262
2 7 932 12 713
0
1 6 166
3 1 830 6 435 13 587
2 6 129 13 796
1 13 823
4 1 927 7 853 13 894 20 780
5 1 893 6 921 8 958 9 962 14 214
0
1 13 249
1 12 389
0
0
2 2 923 13 750
0
2 6 946 9 374
2 1 929 9 177
1 13 676
2 6 940 20 829
2 2 179 13 188
1 18 951
0
3 4 534 6 617 18 48
0
2 2 77 3 581
0
1 18 331
2 5 596 14 32
3 8 964 12 516 13 840
0
2 5 579 8 297
1 9 123
2 4 448 16 279
0
1 15 506
1 7 941
0
3 2 264 4 824 6 390
3 3 810 5 797 9 105
1 19 902
1 10 319
1 18 729
2 13 477 20 315
1 1 944
1 12 731
0
0
1 4 453
1 17 945
2 16 963 18 852
0
0
1 10 933
2 5 881 9 712
2 8 164 15 651
0
0
1 6 991
0
0
0
1 3 766
1 13 277
1 14 747
0
2 4 303 7 246
0
5 2 977 12 704 18 192 19 576 20 954
0
0
0
0
2 1 489 4 122
1 13 737
0
1 11 822
0
1 2 961
1 5 593
0
1 10 285
2 6 890 9 620
1 1 957
0
0
0
0
0
1 4 310
0
2 13 228 16 210
2 7 613 17 496
1 8 144
0
0
0
1 15 295
0
0
1 18 391
0
2 12 393 20 7
1 3 609
0
1 6 381
0
0
0
0
0
0
0
0
0
1 2 611
0
0
1 10 497
2 5 948 14 320
0
0
0
0
2 7 903 13 397
0
1 13 380
3 9 481 13 981 19 919
1 13 639
1 13 569
1 13 856
1 13 443
2 4 124 11 332
2 6 90 9 703
1 6 141
3 6 346 9 917 13 287
2 1 252 6 892
2 1 493 19 55
1 1 354
3 6 1000 13 89 16 337
3 4 217 13 739 18 549
4 4 943 9 382 13 171 18 992
4 6 240 11 719 16 568 20 488
2 6 724 16 437
2 1 931 9 403
4 4 978 13 495 18 472 19 987
0
1 20 678
0
1 4 5
1 18 299
2 6 988 16 821
0
1 9 652
1 8 875
1 11 94
4 4 971 10 80 13 247 18 851
2 6 100 18 211
5 1 816 13 17 15 972 18 395 20 275
1 17 525
1 10 293
3 6 983 13 694 19 698
1 4 473
1 16 458
1 6 619
1 7 466
1 18 994
3 4 445 8 986 20 432
0
3 10 452 12 885 13 255
0
5 1 952 3 181 5 998 9 108 15 208
3 2 897 6 736 11 219
0
0
1 16 58
3 6 420 19 949 20 338
4 4 672 7 895 17 127 18 995
1 5 282
1 10 674
0
1 8 508
0
3 6 728 13 886 18 985
2 5 81 16 301
3 1 999 4 730 12 680
0
0
2 9 11 20 693
1 2 325
2 3 996 6 607
1 18 333
3 4 169 7 937 10 153
2 11 622 14 679
2 5 344 18 934
0
3 8 29 13 392 15 873
2 4 415 16 167
0
2 9 912 17 650
1 1 665
2 19 673 20 417
2 5 764 6 83
1 4 984
0
2 2 76 10 226
0
3 6 180 7 546 13 798
0
0
1 9 939
3 4 409 12 341 16 474
0
0
0
1 18 720
0
0
3 1 913 3 307 20 588
1 8 807
1 6 136
3 15 376 16 313 17 966
1 14 45
1 10 271
0
3 4 775 13 149 18 103
2 5 969 9 989
0
0
1 12 352
0
1 11 145
0
1 19 955
1 7 855
1 6 733
0
0
2 1 363 4 979
2 5 561 10 399
0
1 2 406
0
1 18 510
1 8 997
3 13 980 16 184 20 434
0
0
0
1 3 702
1 15 527
1 6 416
0
1 18 942
0
2 10 200 12 221
0
0
2 4 973 14 791
1 1 314
0
1 17 573
2 2 520 13 688
1 5 270
0
0
1 7 260
0
0
1 9 993
3 4 572 6 490 18 22
0
1 20 970
1 16 974
1 11 671
1 10 583
0
0
1 3 782
0
0
0
0
0
1 19 465
0
0
0
3 4 706 6 428 18 818
0
1 5 759
1 9 259
0
2 7 771 8 836
1 1 990
0
0
1 12 112
1 15 442
1 13 498
0
0
1 10 930
0
1 18 462
0
2 2 799 20 503
2 6 143 14 186
0
1 13 967
1 16 879
1 4 161
0
1 17 635
0
0
1 9 768
0
1 5 183
0
0
0
0
0
0
0
1 7 708
1 3 193
1 18 283
1 11 982
0
1 6 512
0
1 10 411
0
0
3 1 802 12 318 19 884
0
0
1 5 714
0
1 4 825
1 8 653
1 13 309
1 20 846
0
0
0
1 15 968
3 2 844 6 71 9 361
0
0
0
0
2 10 660 16 464
0
0
0
1 7 956
0
0
0
0
0
1 18 936
1 5 362
0
0
0
0
0
1 4 770
0
0
0
1 13 618
1 14 241
0
0
0
0
0
0
0
0
3 3 975 9 843 17 74
0
0
0
0
2 6 115 12 748
1 20 278
0
1 4 574
0
0
0
0
1 11 616
1 19 567
0
1 18 27
0
2 1 809 7 321
0
1 13 405
1 10 862
1 2 938
0
0
0
0
0
0
0
0
0
0
0
0
0
0
0
0
0
0
0
0
0
0
0
0
0
0
0
0
0
0
0
0
0
0
0
0
0
0
0
0
0
0
0
0
0
0
0
0
0
0
0
0
0
0
0
0
0
0
0
0
0
0
0
0
0
0
0
0
0
0
0
0
0
0
0
0
0
0
0
0
0
