20 1 2 2 6 3 26 4 29 5 76 6 42 7 8 8 51 9 20 10 9 11 28 12 30 13 12 14 37 15 18 16 88 17 79 18 15 19 75 20 34
0
0
1 16 65
0
0
0
0
3 7 4 16 17 17 72
0
0
1 14 87
1 11 59
1 17 117
0
0
0
1 1 27
0
0
0
2 6 44 15 5
0
0
1 17 33
0
1 15 13
0
2 13 80 15 11
1 6 92
3 5 165 7 54 13 159
1 18 198
2 15 22 18 148
1 15 167
0
0
0
1 6 129
1 15 208
1 15 135
2 1 43 6 62
1 1 57
1 16 71
1 13 174
0
2 2 7 11 21
0
1 1 100
1 12 39
0
1 6 47
1 19 84
0
0
3 5 175 6 93 18 25
1 15 142
4 3 64 10 40 14 74 15 102
0
0
1 17 24
1 20 114
2 7 49 12 210
0
0
0
0
2 1 81 4 63
0
1 8 67
2 16 35 18 16
0
0
0
1 13 132
1 7 69
0
0
1 9 10
1 4 89
2 15 120 17 144
2 10 46 14 83
2 5 73 18 112
1 1 94
0
3 5 77 11 101 16 91
1 15 126
1 15 224
2 3 68 13 150
2 6 164 12 160
0
1 14 128
0
1 7 163
1 7 170
1 2 41
0
1 6 118
1 19 229
3 11 256 15 248 19 141
1 1 60
0
0
1 9 38
1 13 90
0
1 4 200
2 11 138 20 288
2 17 180 19 247
3 5 86 13 265 16 319
0
1 20 162
0
0
3 3 99 4 113 14 157
0
0
0
0
2 13 147 18 335
1 8 95
0
2 14 85 20 238
0
0
2 5 125 12 239
0
1 14 130
1 5 300
2 1 176 4 216
1 16 233
0
0
3 8 172 14 182 15 286
0
0
3 1 58 2 158 5 345
1 1 154
1 7 70
2 16 151 17 289
3 10 55 13 261 18 314
0
0
1 6 155
4 1 177 9 206 19 56 20 272
0
0
0
0
0
1 1 341
0
0
0
0
0
1 20 328
2 7 106 17 366
2 17 273 18 332
1 1 354
0
3 2 197 3 369 5 361
1 5 225
2 6 315 17 243
0
1 17 415
1 17 404
2 1 280 15 203
0
0
0
1 13 257
0
4 5 181 11 153 15 171 16 219
1 14 268
0
0
0
1 1 218
1 8 183
0
1 16 207
0
2 11 189 15 205
1 17 279
2 16 262 18 184
2 4 82 19 276
0
1 7 137
0
1 4 97
1 10 78
2 15 136 18 143
2 2 214 15 217
0
1 12 235
0
1 3 254
1 15 410
1 15 403
0
2 5 146 10 193
0
0
1 19 168
0
2 6 333 20 346
1 5 149
0
1 17 304
1 15 336
0
1 18 316
2 1 407 3 448
0
2 10 209 14 270
0
0
2 1 325 15 274
2 15 493 16 466
0
1 13 524
0
0
0
3 2 232 7 293 9 228
0
0
2 3 485 15 134
1 15 156
0
0
1 19 196
0
2 2 258 16 260
1 17 312
1 1 385
1 17 363
1 18 107
4 8 223 13 187 17 178 18 31
0
1 6 502
2 7 124 18 298
3 3 199 15 529 16 430
3 3 271 15 511 17 313
2 6 520 17 550
1 17 306
2 7 222 19 414
0
0
1 5 226
1 11 194
0
1 5 236
0
0
2 4 115 20 426
1 7 242
1 18 389
0
1 10 220
1 18 383
0
2 17 353 18 560
0
1 14 299
2 12 285 17 329
0
1 1 565
0
3 6 368 13 579 14 644
0
2 6 632 18 501
3 6 266 8 295 17 429
1 14 576
0
0
1 9 321
0
1 18 628
2 2 305 16 687
3 7 287 15 453 18 720
2 3 296 6 342
1 6 613
0
1 15 371
2 16 626 19 589
1 11 750
2 1 365 2 373
1 18 394
0
0
1 5 278
2 6 528 13 592
1 18 424
1 8 588
2 3 738 17 710
2 1 593 19 717
0
1 4 173
0
2 10 263 16 311
2 5 378 17 647
2 5 745 9 633
0
0
1 1 702
1 13 787
0
0
2 8 680 15 682
1 3 803
0
2 1 318 12 374
1 1 661
0
1 7 317
3 5 330 14 380 16 584
1 6 800
0
1 6 726
0
1 1 731
2 15 499 18 887
2 5 350 18 376
1 4 245
0
2 2 204 6 878
0
1 2 292
1 20 513
1 16 634
1 7 874
2 1 442 14 823
1 17 701
0
0
0
0
2 11 541 20 773
3 4 249 17 788 19 804
0
1 1 851
0
0
0
1 9 812
2 10 291 18 309
1 14 344
2 12 401 17 882
1 4 250
2 2 320 11 881
1 19 876
1 6 756
3 5 327 6 322 18 419
0
2 8 444 20 379
2 2 331 20 848
0
2 13 850 16 283
0
0
1 3 805
0
3 3 370 5 898 14 234
1 17 844
0
1 19 819
1 6 347
1 2 121
1 7 297
0
3 14 548 15 326 16 944
0
2 15 439 18 152
0
0
0
1 7 111
1 1 427
1 15 116
0
0
1 18 362
0
0
0
0
2 18 240 20 290
4 13 409 16 917 17 752 18 212
0
1 8 465
1 3 398
1 11 382
1 20 510
0
0
2 12 460 17 933
1 1 841
0
0
1 16 914
0
1 18 211
1 5 915
1 14 619
2 7 640 13 399
0
0
0
0
1 2 241
1 19 405
2 9 846 15 131
2 2 525 20 926
1 13 227
2 3 417 15 105
3 4 281 7 302 17 943
0
2 1 776 5 52
2 10 355 16 348
1 15 294
1 6 349
0
0
0
0
0
0
1 4 356
1 2 391
1 15 337
0
1 1 364
1 19 388
2 7 636 14 303
3 2 408 13 418 14 447
1 15 359
0
0
1 16 412
2 17 384 20 440
1 14 351
1 18 307
0
1 7 714
2 1 421 9 657
1 11 392
2 1 463 5 397
1 1 546
1 1 185
0
0
2 1 221 2 406
3 1 473 5 476 8 284
2 1 962 2 835
0
0
0
1 6 402
0
2 1 438 17 259
1 20 531
1 16 449
2 1 462 7 736
1 3 724
0
1 10 428
1 17 390
1 15 735
2 8 813 18 400
0
1 7 775
2 5 530 18 791
1 18 372
1 4 358
1 13 422
0
1 14 435
1 12 523
1 1 534
2 15 477 17 396
2 2 470 16 521
1 2 552
0
4 2 535 5 483 15 539 17 766
0
1 6 431
2 5 581 19 386
1 7 779
0
2 1 557 5 608
1 3 580
0
0
0
0
0
3 11 490 15 432 18 540
2 10 474 13 459
2 5 434 18 469
1 8 457
0
1 2 571
1 12 622
0
3 14 500 16 467 17 797
2 17 480 18 799
2 5 472 15 433
1 5 527
0
0
0
3 2 553 16 375 20 420
2 2 436 16 967
2 1 598 19 827
0
2 4 393 17 445
1 3 504
1 10 498
2 13 464 20 492
1 15 508
2 6 395 15 590
1 17 446
2 17 471 20 562
0
0
3 2 645 12 491 18 842
1 9 455
0
1 18 927
0
0
0
3 3 515 7 542 11 566
0
1 12 760
1 4 423
0
0
1 15 411
1 1 489
0
2 8 517 17 503
1 5 190
0
1 5 468
0
1 5 978
2 1 516 16 32
1 1 213
1 3 568
3 3 543 7 599 19 964
0
5 1 554 3 577 13 514 16 425 19 977
1 9 958
3 5 901 18 605 19 789
0
1 16 641
1 18 3
0
0
2 1 586 17 595
1 14 532
2 5 639 19 601
2 2 665 3 629
0
3 1 578 13 454 18 202
0
1 19 912
1 9 340
0
1 6 479
3 1 705 2 690 16 762
0
1 18 765
0
0
0
1 2 604
2 14 538 19 251
2 13 452 17 110
2 5 656 20 441
0
0
1 14 597
0
3 6 611 11 255 17 109
0
0
0
3 4 484 14 478 15 496
2 2 509 10 522
0
0
1 13 688
1 19 450
1 17 646
3 5 635 6 637 17 416
0
1 3 707
0
0
2 14 563 18 201
1 8 537
0
1 9 352
0
0
1 7 551
0
1 11 630
1 1 728
1 12 437
1 20 573
0
1 5 694
0
0
0
1 3 334
1 17 119
0
1 13 996
0
0
0
0
1 6 549
1 16 794
1 15 559
3 8 582 13 831 19 519
2 13 700 18 179
3 1 23 6 127 18 264
1 18 992
1 18 905
1 19 691
1 18 533
1 18 122
3 1 324 17 934 18 310
2 13 161 17 133
2 17 907 18 413
1 19 61
2 1 609 15 252
4 1 544 4 50 16 36 17 387
2 6 740 15 66
0
1 18 970
2 17 475 19 269
1 18 526
1 11 486
0
0
2 6 648 14 506
4 7 1000 13 618 17 567 18 253
1 15 556
0
0
1 20 308
2 2 555 11 575
1 15 558
0
0
1 13 338
2 3 507 19 96
2 16 664 18 103
2 4 564 10 602
3 9 614 15 574 17 166
0
1 8 585
1 5 722
1 17 53
0
0
1 1 561
1 12 976
1 7 612
2 5 123 13 267
2 14 456 18 606
1 19 461
1 6 659
0
2 3 367 6 995
1 1 569
0
3 10 603 17 230 20 973
0
0
0
1 11 594
1 16 583
2 15 853 18 600
0
3 5 536 13 275 15 195
1 10 615
0
0
0
2 17 678 19 512
0
0
1 11 674
4 1 381 3 649 7 231 12 282
1 14 729
0
1 6 98
1 2 591
0
1 15 572
0
1 18 607
0
1 4 643
1 16 587
1 13 610
0
2 5 692 11 246
2 5 708 17 697
2 1 763 3 852
0
2 19 482 20 936
4 1 667 4 672 8 623 9 815
2 2 617 17 673
0
1 6 19
0
0
0
1 17 497
0
1 16 685
0
0
0
1 5 621
1 18 782
3 8 670 16 686 18 642
1 17 139
0
0
0
2 7 786 16 186
1 14 875
1 1 706
0
1 5 683
1 3 704
2 6 693 19 660
0
1 1 734
1 17 14
2 12 616 15 140
1 1 339
1 20 495
2 8 638 11 518
1 2 620
0
0
0
2 1 658 7 377
0
1 2 663
0
1 10 627
1 16 653
0
0
0
1 4 753
1 15 679
1 18 718
0
0
1 13 676
1 2 669
2 3 723 16 733
2 7 631 17 662
1 15 695
2 9 712 17 709
0
1 6 741
1 17 798
0
1 1 711
1 17 696
1 17 652
1 18 494
4 5 739 11 698 14 721 19 244
0
0
3 1 713 6 826 20 822
0
2 7 777 11 668
0
0
1 15 771
0
0
1 16 770
1 3 754
1 20 801
1 11 840
0
0
0
1 7 744
0
1 18 443
1 8 982
0
2 5 755 13 743
0
1 17 677
1 5 767
1 5 343
0
1 14 651
0
1 20 699
0
2 4 814 6 818
0
3 1 795 7 893 16 834
0
1 18 48
1 17 570
0
0
0
1 12 689
0
1 19 666
0
1 2 727
3 2 790 5 746 6 684
0
1 11 730
0
1 6 747
2 10 681 15 783
0
1 18 655
1 18 625
1 18 748
1 11 793
2 1 879 9 891
0
2 6 817 11 301
0
1 3 780
1 15 806
1 7 816
2 13 932 16 821
1 7 802
0
0
1 18 671
2 2 828 15 810
0
1 16 596
1 13 956
2 14 716 19 758
0
1 17 191
0
1 1 903
2 5 751 19 830
2 8 974 19 952
0
1 2 883
0
1 1 861
0
0
1 6 849
0
1 15 908
1 3 859
3 7 774 14 979 18 505
2 6 911 19 769
0
1 5 104
0
1 20 488
1 4 824
2 10 749 17 1
0
0
0
0
2 4 892 14 458
0
0
1 1 865
4 1 872 9 836 10 960 18 277
0
1 3 906
1 1 764
0
0
0
0
0
1 16 169
1 12 725
0
0
0
0
1 5 732
1 2 703
0
0
1 11 904
0
0
2 13 785 17 547
1 6 45
0
0
0
1 18 360
1 15 481
3 3 867 7 860 8 975
0
0
0
3 1 809 2 781 5 737
1 19 742
1 4 993
0
0
0
0
0
0
0
0
0
0
0
1 20 188
1 16 719
1 1 837
1 11 820
0
1 18 838
0
2 2 873 18 675
3 7 792 9 192 17 451
1 8 145
2 14 778 19 108
0
0
0
0
0
2 5 829 10 545
2 12 757 13 847
0
0
0
1 6 487
1 15 215
0
0
2 2 963 13 237
0
1 1 855
0
0
1 18 870
0
0
2 1 877 17 935
1 1 937
0
1 1 895
1 3 886
0
1 17 951
2 1 759 12 761
0
0
1 5 921
1 1 796
1 7 885
0
2 1 807 18 845
0
0
1 7 884
0
3 3 920 11 832 14 866
0
1 2 811
1 19 889
1 5 857
1 4 825
1 1 899
2 8 863 20 808
0
1 16 862
1 11 896
0
1 7 931
0
3 1 909 14 890 18 957
1 18 880
1 13 888
1 6 624
2 14 945 15 650
1 12 768
1 4 987
0
1 18 654
1 5 930
1 19 985
0
1 1 929
0
2 8 997 14 715
0
1 1 323
1 17 357
2 3 968 9 991
0
0
0
0
0
0
0
0
0
0
1 7 980
0
0
1 2 843
0
0
0
0
0
1 3 971
0
0
0
0
0
0
3 5 928 6 897 10 972
0
0
0
0
1 2 868
1 1 986
0
0
0
0
2 7 784 10 772
0
0
0
0
0
0
0
1 4 953
0
0
0
0
0
0
0
0
1 1 998
0
0
0
0
0
0
0
0
0
0
0
0
0
0
0
1 3 839
2 3 871 4 919
0
0
0
0
0
0
2 2 949 5 913
0
1 6 833
0
1 1 900
0
0
0
0
0
0
0
1 2 989
0
0
0
0
0
0
0
0
0
0
0
0
0
0
0
0
0
1 3 966
0
0
0
0
0
0
0
0
3 4 858 5 856 6 854
0
0
0
0
0
0
0
2 2 923 5 948
0
0
0
0
0
0
0
2 1 902 7 938
0
0
1 5 988
0
0
0
1 6 916
0
0
0
0
2 1 922 5 940
0
0
0
0
0
0
0
0
0
0
0
0
0
0
0
0
0
0
0
0
0
0
0
0
0
3 1 864 3 910 4 925
0
0
0
0
0
0
0
4 2 939 5 924 6 984 7 947
0
0
1 1 869
0
1 5 965
0
0
0
0
0
0
0
0
0
1 5 994
0
0
0
0
0
0
0
0
0
1 2 942
0
0
0
0
0
0
0
3 3 961 6 955 7 959
0
0
0
1 2 946
0
0
3 1 894 3 954 8 969
0
0
1 4 941
2 1 918 8 981
0
0
0
0
0
0
0
0
0
0
0
0
1 1 950
0
0
0
0
0
0
0
0
0
0
1 1 999
0
0
0
0
0
0
0
0
0
0
0
0
0
0
0
0
1 1 983
0
0
0
1 1 990
0
0
0
0
0
0
0
0
0
