20 1 19 2 13 3 33 4 6 5 1 6 53 7 18 8 69 9 15 10 16 11 17 12 95 13 23 14 31 15 60 16 75 17 91 18 42 19 3 20 94
0
0
0
0
0
1 9 20
0
0
0
0
0
2 7 149 15 10
1 3 76
2 1 28 8 134
1 19 50
1 16 83
1 15 61
0
1 9 68
0
1 15 93
1 3 55
1 12 105
0
0
1 6 116
0
1 7 49
0
1 2 25
0
0
0
0
0
1 14 58
1 16 84
1 15 40
0
0
1 5 64
2 2 51 10 190
0
0
2 17 92 18 234
0
0
0
1 1 30
4 4 27 9 120 18 138 20 137
1 11 100
0
1 19 86
0
1 13 66
2 7 32 12 175
1 10 125
2 4 37 5 97
1 18 82
0
2 4 98 5 71
0
2 9 63 15 21
1 3 57
1 15 43
0
1 8 173
1 7 189
1 6 39
0
0
1 13 128
1 3 74
1 16 146
1 17 170
3 7 197 8 54 16 45
0
0
0
2 5 155 15 56
0
0
0
1 1 34
2 16 115 18 144
0
1 10 101
1 4 112
1 3 121
1 9 124
1 9 99
1 4 122
1 4 165
0
0
1 13 171
0
2 6 118 9 135
2 2 96 6 7
0
1 10 198
1 4 4
1 12 136
2 5 215 20 160
1 7 209
1 3 183
1 14 126
1 18 156
2 15 202 17 129
2 18 167 19 296
1 4 338
1 12 177
1 10 148
0
0
2 4 102 6 226
1 3 242
0
0
1 10 195
2 15 208 16 340
1 2 147
1 7 168
1 20 374
0
1 3 278
0
1 15 218
2 5 152 8 248
0
2 4 191 14 225
1 1 108
2 4 143 12 169
1 15 41
1 9 331
1 11 111
0
0
1 13 255
1 4 344
0
1 6 289
0
0
0
1 20 212
1 7 299
1 3 336
0
0
0
1 15 141
2 8 213 15 77
1 9 401
1 10 300
4 1 151 7 179 17 158 18 370
2 5 193 17 250
0
1 2 211
1 6 199
1 15 235
0
1 19 14
0
0
1 17 130
0
0
1 1 219
2 3 162 4 166
1 13 224
0
0
1 17 505
1 16 452
1 7 203
0
1 15 257
1 6 232
2 12 210 17 264
1 10 451
0
0
0
3 6 271 8 90 19 522
0
1 5 200
0
0
0
0
1 10 402
0
2 5 269 14 245
1 7 279
0
0
1 9 457
2 12 292 15 387
2 16 266 20 512
0
1 4 258
0
0
3 4 439 5 391 20 454
0
0
0
4 2 150 3 178 7 297 11 220
1 19 48
1 17 117
1 13 298
2 2 153 4 157
1 15 460
3 8 114 10 538 15 503
0
0
1 12 367
1 13 408
2 1 236 18 379
1 4 187
1 15 142
0
1 5 81
0
0
1 9 260
3 3 254 8 176 9 582
0
1 1 287
0
1 4 244
1 1 304
0
0
1 16 252
0
1 8 277
2 6 353 14 314
1 7 355
1 9 192
1 11 221
1 5 159
3 5 52 17 438 19 581
2 7 423 17 442
1 2 207
1 1 229
0
1 1 237
1 20 186
0
2 1 533 15 228
1 18 407
0
0
1 17 489
3 3 285 7 429 15 459
1 6 319
0
0
0
1 4 327
0
1 10 276
1 2 222
0
1 12 290
0
1 3 302
0
0
0
1 19 569
0
2 8 286 13 359
0
1 1 557
0
0
0
0
1 10 349
1 14 453
1 17 541
0
2 5 140 18 542
0
0
0
2 1 440 4 241
1 1 403
1 20 600
1 9 239
1 7 450
2 6 180 15 476
1 15 466
1 10 478
1 4 324
1 17 567
1 17 531
2 1 425 4 568
0
0
0
1 12 295
2 4 575 8 521
0
0
0
2 1 182 6 366
2 5 205 13 564
2 2 227 18 305
2 3 317 14 267
1 16 328
1 9 339
2 5 388 17 288
0
0
0
1 12 322
1 20 473
0
0
0
1 18 330
0
1 15 343
2 11 283 13 253
0
0
0
0
0
0
0
1 3 323
1 15 424
3 10 332 15 337 16 566
1 19 598
1 18 354
1 2 272
1 4 291
0
0
0
2 1 392 3 380
0
1 7 526
2 6 329 17 263
1 8 552
2 4 363 9 345
1 3 648
1 17 518
0
1 2 282
4 1 549 8 609 17 550 20 536
0
3 10 181 15 281 20 523
1 14 316
1 5 501
1 17 554
1 20 546
1 12 375
0
1 12 448
0
0
0
1 3 591
1 4 616
2 4 462 20 233
0
0
0
0
3 6 394 7 381 18 431
0
2 4 346 11 313
0
2 9 307 20 640
0
2 5 530 20 681
1 1 631
1 1 671
0
0
0
0
0
2 2 356 7 389
0
1 12 464
1 9 371
1 8 736
1 4 383
0
1 4 430
1 15 467
2 7 465 15 535
1 5 553
0
1 19 661
2 10 308 13 261
0
0
0
3 3 318 14 274 17 608
2 1 685 4 517
2 2 372 20 456
1 5 382
3 5 447 9 584 19 730
1 9 816
3 5 468 16 754 18 698
0
1 7 607
0
0
0
0
2 1 369 10 606
2 6 481 14 428
0
1 15 342
0
1 17 805
0
1 1 406
0
2 1 326 3 411
1 8 458
2 4 395 10 426
1 2 377
0
2 7 412 13 351
0
1 1 385
1 4 446
0
0
3 5 443 15 427 19 614
1 4 488
1 9 470
1 18 776
0
3 6 540 15 827 20 672
2 1 422 8 393
1 18 834
2 10 528 12 506
2 2 444 8 396
2 3 483 4 678
1 14 432
0
1 11 352
0
1 18 525
2 10 574 20 785
1 4 795
0
1 4 859
0
1 3 502
1 15 840
0
0
1 8 477
0
0
1 2 507
2 4 657 15 752
0
2 9 815 17 757
0
0
0
2 5 520 17 684
0
0
0
1 16 783
0
2 10 413 13 579
3 1 461 6 436 7 577
0
0
0
1 7 585
1 17 463
0
0
0
0
0
0
0
1 9 583
0
2 12 599 15 773
0
2 3 645 18 760
0
0
0
2 8 638 9 551
2 4 722 19 763
1 4 811
2 5 472 10 543
0
1 16 759
2 2 586 20 555
1 10 590
1 7 623
0
0
1 17 475
1 17 633
0
2 8 519 14 786
2 1 485 5 493
1 16 469
0
2 6 486 15 509
0
0
1 4 876
1 3 854
1 1 537
2 11 417 15 563
0
1 12 558
1 8 539
0
1 6 514
0
0
1 12 516
2 4 625 15 666
1 15 669
1 2 610
0
0
1 8 635
1 13 613
0
1 9 573
1 18 602
1 12 593
1 19 821
0
1 7 677
0
1 5 556
2 7 496 17 702
0
0
0
0
0
0
0
2 8 793 10 626
1 20 654
0
1 13 594
1 4 644
0
2 1 578 5 561
1 15 721
0
1 11 497
0
1 3 510
0
1 6 548
1 7 529
0
1 15 595
0
2 18 826 19 719
1 6 596
2 7 484 16 565
3 1 587 4 655 10 620
2 4 718 12 857
0
2 15 750 17 852
0
0
0
1 6 675
2 5 618 12 801
0
3 4 809 6 690 14 836
2 4 900 9 862
0
1 5 650
1 15 835
0
2 5 658 15 887
1 8 822
0
1 3 11
0
0
3 2 617 12 621 15 691
0
0
0
0
0
1 17 651
2 1 589 3 918
0
2 4 36 8 223
1 19 22
1 4 131
0
0
0
1 12 692
1 2 680
0
1 3 682
2 6 560 7 492
0
0
0
0
1 19 787
2 4 660 20 746
3 10 653 13 5 15 216
0
0
1 4 347
2 4 350 9 766
1 4 240
0
1 18 838
0
0
2 4 545 11 882
1 5 665
1 7 504
0
1 14 727
1 16 597
0
0
0
2 5 735 20 576
2 3 619 4 740
0
2 10 674 18 769
2 7 547 17 652
2 9 639 16 872
1 20 749
0
1 5 44
2 1 636 17 659
0
2 4 908 8 869
1 16 421
1 1 715
2 10 755 20 929
1 15 214
1 15 627
3 2 580 6 571 15 706
1 15 799
1 12 732
2 1 739 11 65
0
1 20 231
0
0
1 9 897
0
0
0
2 5 886 11 273
2 1 670 3 637
2 4 603 7 615
1 4 667
1 4 707
0
2 5 701 20 926
0
1 8 9
0
0
0
2 10 849 19 753
1 15 969
1 18 853
0
0
1 5 800
2 5 312 9 433
1 1 946
1 17 663
0
1 17 731
1 17 803
0
0
0
0
2 8 693 20 206
2 3 791 14 865
2 13 59 18 262
1 6 630
2 4 762 10 668
1 4 723
0
2 4 230 12 940
2 5 315 14 588
0
0
2 4 325 11 410
2 12 975 18 498
2 7 634 15 646
0
1 9 480
2 9 78 16 487
0
0
1 4 259
3 5 649 7 697 19 683
1 6 641
0
0
0
0
0
0
2 5 710 14 686
0
2 2 624 5 737
1 15 734
1 7 704
1 12 771
2 6 647 17 807
3 1 781 5 717 7 788
0
1 8 714
0
0
2 4 642 13 280
1 5 724
0
1 3 866
2 11 848 17 29
1 19 47
0
0
1 9 824
1 7 792
0
1 1 789
2 10 688 18 362
0
0
0
2 4 601 15 987
2 4 711 15 490
1 15 145
0
2 6 744 16 251
2 4 774 5 107
1 1 870
2 8 768 20 256
0
2 3 790 15 310
1 5 534
0
0
1 11 855
2 5 364 16 699
1 6 733
0
1 7 833
0
0
2 5 524 15 419
0
1 20 303
1 5 12
2 8 770 10 703
0
0
1 9 217
0
2 3 348 15 333
1 10 779
2 2 695 12 716
0
0
3 6 728 14 696 17 804
1 16 930
2 19 978 20 499
0
1 12 729
0
2 1 794 9 268
3 5 784 6 837 7 694
0
1 4 873
1 5 864
1 10 980
0
0
2 5 437 15 572
2 4 817 8 902
2 3 850 13 185
1 2 713
1 1 738
0
0
0
0
0
1 17 845
0
1 18 775
1 1 782
1 17 891
0
1 5 334
0
1 20 404
1 16 2
0
4 8 72 9 914 10 726 19 132
1 6 851
1 4 664
1 15 163
2 5 196 7 405
1 14 725
0
1 11 894
0
0
0
0
1 12 751
0
0
2 3 743 4 113
0
0
0
2 1 844 18 829
1 12 767
0
0
1 17 819
1 6 806
0
1 13 841
0
1 2 741
0
0
1 9 780
1 3 796
0
0
1 8 798
0
2 5 110 20 643
2 1 899 3 808
1 19 172
0
0
1 12 810
1 17 847
1 16 777
1 10 832
0
2 1 922 3 479
0
2 1 825 19 676
4 3 194 7 605 8 161 15 441
3 4 123 7 898 15 320
3 4 341 7 765 15 270
2 4 628 15 532
3 1 294 4 629 15 932
2 4 758 15 104
0
1 7 968
2 7 812 8 154
5 1 415 3 311 12 87 15 632 19 127
2 4 46 15 243
2 2 747 9 820
1 15 764
3 3 874 10 956 11 420
2 1 700 16 513
0
1 4 962
3 8 797 14 871 19 500
1 7 984
1 9 839
0
1 6 828
0
0
0
1 5 893
1 4 889
1 18 434
1 1 400
3 4 904 7 879 17 24
0
0
2 9 885 12 903
0
1 16 911
2 5 965 14 103
4 1 901 4 858 17 756 19 906
1 11 373
1 20 709
0
1 7 119
1 4 358
1 13 188
1 10 474
0
1 3 949
3 17 85 18 335 19 878
0
1 20 933
3 1 656 4 62 18 679
1 1 570
0
0
1 6 880
1 15 823
1 15 888
1 7 860
0
1 8 868
1 5 861
2 5 942 6 916
1 10 559
2 5 306 14 708
0
0
1 4 445
0
0
1 17 527
1 1 802
1 5 73
3 9 913 11 937 19 905
2 6 881 8 909
0
1 18 8
0
0
0
1 13 133
1 5 360
3 1 892 6 970 10 26
3 2 830 12 814 20 761
2 3 958 17 843
0
1 4 971
1 8 390
2 5 957 16 471
4 3 883 5 79 7 70 17 174
2 4 772 18 38
1 12 910
0
1 2 867
2 14 890 15 842
0
0
0
0
0
1 1 896
0
1 7 920
1 11 846
4 2 923 4 877 5 953 15 907
1 4 927
0
2 10 915 17 482
1 15 67
1 9 921
0
1 8 950
1 6 935
3 8 813 18 979 20 983
1 15 376
0
1 5 409
1 17 992
1 7 106
1 15 1000
0
2 15 249 19 967
0
1 13 742
1 1 961
1 5 673
1 12 928
0
2 10 939 15 184
1 11 998
1 6 284
0
1 16 917
1 8 895
1 20 912
0
1 9 938
2 4 990 15 991
2 7 398 15 687
1 3 959
1 17 884
0
0
1 7 515
3 6 977 10 491 19 778
0
1 2 960
0
0
0
4 1 973 6 301 15 943 20 952
1 5 831
1 12 934
2 8 386 17 204
1 14 919
3 1 951 3 941 9 931
0
0
0
0
0
1 16 378
1 15 818
0
0
0
1 4 995
2 7 544 13 748
2 3 455 19 511
1 10 494
1 12 955
0
0
0
1 11 856
2 4 993 18 720
1 17 449
1 9 976
2 5 945 6 418
1 8 966
0
1 15 414
0
1 20 705
0
0
0
0
0
0
1 4 357
0
0
0
0
0
1 1 986
0
0
0
0
2 3 164 19 592
1 6 89
0
3 4 863 7 397 8 989
1 10 562
0
1 12 964
0
0
1 20 247
2 2 988 16 611
1 17 982
1 15 936
0
2 1 361 13 238
1 18 604
0
0
0
2 5 365 9 109
0
1 11 399
0
0
1 8 689
0
0
0
1 4 293
0
0
0
1 14 944
0
0
1 15 924
0
1 2 875
0
0
0
1 1 88
1 9 612
1 14 974
2 6 985 17 972
0
0
1 12 275
0
5 3 963 4 321 10 712 16 265 19 309
0
1 6 416
2 5 662 20 954
1 15 994
2 7 947 15 508
0
0
0
0
0
0
0
0
0
0
0
0
0
1 18 997
0
0
0
0
0
0
2 1 201 13 35
0
0
1 8 745
0
1 17 622
0
2 10 139 15 495
0
2 6 435 9 925
0
0
1 4 384
0
0
0
1 5 368
1 7 999
1 14 981
1 11 948
0
1 20 80
0
1 3 246
0
0
0
0
1 14 996
0
0
0
0
0
0
0
0
0
0
0
0
0
0
0
0
0
0
0
0
0
0
0
0
0
0
0
0
0
0
0
0
0
0
0
0
0
0
0
0
0
0
0
0
0
0
0
0
0
0
0
0
0
0
0
0
0
0
0
0
0
0
0
0
0
0
0
0
0
0
0
0
0
0
0
0
0
0
