20 1 38 2 6 3 29 4 32 5 8 6 11 7 10 8 15 9 40 10 33 11 46 12 12 13 23 14 18 15 19 16 90 17 5 18 126 19 35 20 3
2 15 27 16 41
0
0
1 7 13
0
1 18 26
0
1 7 105
2 8 9 17 59
1 20 30
0
0
1 3 7
0
0
1 7 65
1 16 85
1 18 49
1 17 128
1 6 106
0
0
0
1 19 101
0
0
0
0
0
0
0
2 10 71 15 206
0
2 7 88 15 154
1 12 132
3 9 130 11 112 14 24
2 14 133 16 213
0
0
2 8 58 19 203
1 4 86
1 17 175
0
2 8 111 9 20
0
3 2 36 6 151 11 238
0
1 15 89
1 15 2
2 9 21 15 96
1 15 72
1 15 173
0
1 2 75
0
1 13 247
1 15 202
0
1 5 44
0
1 3 25
0
1 19 55
3 1 39 18 51 20 43
0
0
2 8 160 14 99
2 8 227 16 158
0
0
0
0
0
0
2 7 183 11 249
0
0
0
0
0
2 2 273 16 261
2 6 122 17 83
2 4 139 15 267
1 15 400
1 15 343
0
3 4 70 6 207 9 174
0
0
1 14 295
1 18 52
1 5 91
1 12 78
1 9 195
2 10 108 19 63
0
1 4 251
0
1 10 240
1 19 115
2 3 87 19 131
1 19 22
0
0
0
0
3 3 116 10 123 17 124
0
1 11 332
2 6 254 13 322
1 4 434
1 15 346
3 4 119 5 102 16 186
1 20 118
0
0
1 9 331
0
1 15 311
1 9 100
2 10 193 15 380
0
0
0
0
0
2 3 93 19 147
0
2 4 162 11 176
2 8 318 10 237
0
2 7 215 16 424
0
0
0
3 9 114 12 161 18 303
2 5 129 13 156
2 15 184 19 84
1 15 69
0
0
3 1 56 9 125 18 145
0
2 14 209 18 233
1 16 170
0
1 4 164
0
0
1 2 187
0
1 13 180
1 15 496
0
1 6 308
1 5 138
0
1 12 351
0
0
0
0
1 16 47
0
0
1 3 50
1 11 391
0
1 8 459
1 17 422
1 15 509
1 10 336
2 6 113 19 458
1 8 426
0
1 18 510
1 11 361
3 1 57 5 201 15 110
0
0
0
1 7 234
2 9 190 15 182
0
2 1 74 15 76
0
1 16 144
1 12 64
0
2 2 61 10 252
1 4 241
1 14 220
2 14 152 16 172
0
2 8 135 20 501
0
1 17 503
0
1 11 526
2 6 143 15 591
1 15 494
0
3 15 630 17 542 18 558
0
0
1 3 121
4 4 196 9 298 13 191 18 460
2 7 449 11 468
2 2 356 9 107
0
0
1 20 683
0
2 12 137 18 615
1 15 710
0
1 16 185
1 15 651
1 14 579
0
0
0
0
4 4 205 9 226 12 685 18 497
2 4 702 15 681
1 20 559
1 11 677
0
0
0
1 1 98
1 19 79
2 2 229 8 525
1 15 690
0
1 17 495
0
3 11 208 16 726 17 350
0
0
0
1 14 601
0
1 6 221
1 13 150
2 1 163 8 167
0
0
1 15 177
1 17 153
0
0
0
2 5 212 7 715
3 10 222 15 214 17 673
0
1 13 561
0
3 7 120 18 136 19 822
0
1 15 239
2 15 266 20 646
0
0
0
2 11 243 14 625
0
2 16 826 19 635
1 15 595
0
3 4 731 11 661 12 623
3 3 772 4 533 19 588
1 13 819
1 17 836
0
2 7 188 13 619
1 9 707
1 18 211
1 4 602
2 2 258 4 594
2 9 739 13 649
2 6 223 14 718
2 8 168 19 687
2 15 293 18 777
0
0
0
1 13 809
0
0
1 1 171
0
1 12 253
1 2 178
0
1 15 705
1 15 760
1 20 829
0
1 5 246
0
1 17 296
0
2 3 782 15 721
1 12 665
1 2 217
0
0
1 4 663
1 16 674
1 7 286
0
1 2 269
1 6 255
1 4 235
0
2 11 907 12 803
1 10 894
0
0
0
1 18 794
1 4 785
1 15 818
1 20 910
0
1 5 248
2 9 874 13 848
1 3 750
0
1 15 763
1 6 264
0
0
0
3 4 302 13 387 17 724
0
1 11 850
3 6 310 13 858 19 854
2 8 192 9 922
0
1 14 863
0
0
0
0
0
1 15 864
0
0
1 11 748
3 3 787 15 242 18 878
2 1 179 19 236
0
1 6 231
0
0
0
0
1 11 360
0
0
0
0
2 3 197 8 299
1 16 842
1 11 194
2 7 294 20 323
1 6 275
2 5 283 15 309
1 4 263
1 3 225
0
2 2 362 9 265
0
2 13 937 16 104
1 8 688
1 8 802
1 11 204
0
2 10 903 12 319
0
2 1 250 10 219
4 4 199 13 274 16 277 18 271
0
1 19 272
1 15 402
0
0
1 14 945
1 10 228
0
1 7 301
0
1 9 653
0
0
2 4 244 8 257
0
1 9 284
0
1 17 780
2 2 312 3 291
0
2 6 292 15 317
0
0
2 4 359 16 366
0
0
1 4 335
1 15 330
1 9 519
1 4 892
1 11 224
1 11 307
0
1 16 280
2 7 334 9 847
0
1 3 904
0
1 18 603
0
1 16 141
1 12 281
0
2 11 355 19 287
1 9 957
0
0
0
1 5 338
1 13 285
0
1 4 297
1 4 358
0
0
4 4 354 14 440 18 605 20 45
2 15 364 17 868
0
0
2 11 435 13 289
0
1 3 352
2 8 315 11 339
1 4 544
1 10 320
0
0
2 7 262 19 270
0
1 6 368
2 6 856 9 97
0
1 1 304
1 5 348
0
2 6 316 14 324
2 7 353 15 282
0
0
1 2 344
0
2 3 328 16 429
2 5 363 9 417
0
1 15 82
0
2 1 314 12 268
1 13 374
0
0
0
2 9 443 18 333
2 6 393 11 376
0
0
0
1 19 165
1 3 60
3 4 438 13 347 14 200
0
0
2 9 37 16 232
0
0
2 8 396 19 378
2 15 407 17 73
1 11 384
0
2 13 48 20 555
0
0
1 4 671
0
0
1 12 967
0
0
1 11 571
0
2 9 321 15 898
0
0
0
2 7 390 18 388
1 7 370
0
1 3 908
0
0
0
0
2 10 340 16 169
2 4 372 15 326
0
4 7 421 8 377 14 412 19 924
1 17 327
2 6 403 13 425
0
0
1 9 181
0
2 10 367 18 613
1 18 1
3 9 216 11 548 18 988
1 18 851
2 11 313 20 189
1 11 66
2 11 300 20 980
2 9 54 11 341
1 18 149
0
2 7 423 11 444
0
1 2 381
1 18 383
0
1 15 409
0
3 1 342 6 415 9 345
1 20 349
1 15 448
1 5 373
0
1 12 389
0
0
1 4 973
2 3 682 20 14
0
1 19 53
2 4 166 13 127
1 7 461
1 16 433
0
1 17 276
2 4 31 19 962
1 8 401
2 3 95 4 28
1 14 375
0
1 5 404
0
1 14 385
1 20 109
3 4 386 8 146 18 612
1 13 476
1 2 428
2 12 230 17 77
2 10 371 20 16
1 19 691
1 8 256
1 15 484
2 3 481 11 357
1 18 928
0
1 2 599
1 17 148
1 9 411
0
0
0
2 1 382 19 395
1 11 365
1 13 997
1 7 505
3 16 554 18 504 19 62
0
1 12 325
1 6 432
1 6 437
0
2 16 408 17 968
0
0
2 8 883 15 198
0
0
1 15 94
2 3 427 4 4
1 15 210
1 11 140
1 14 453
1 14 532
0
4 2 472 9 465 19 926 20 67
1 16 456
1 7 541
1 13 337
0
1 15 218
2 3 466 12 259
1 8 305
1 10 410
0
1 11 42
1 18 245
0
1 5 414
0
1 17 447
1 4 290
2 1 392 9 405
1 10 419
0
0
0
0
0
1 15 397
1 4 398
0
1 20 469
1 15 418
2 8 446 15 462
1 14 570
2 6 507 19 454
1 18 420
1 17 488
2 5 450 13 441
2 11 479 15 477
4 12 455 16 92 17 68 18 159
1 15 155
0
0
1 8 516
2 1 467 14 451
0
0
0
0
0
1 7 464
1 11 498
1 6 550
1 20 538
1 2 506
0
2 11 528 15 568
1 15 609
2 9 482 15 436
1 3 553
1 4 431
0
2 14 430 17 536
1 14 520
1 5 457
2 4 475 9 547
2 8 483 16 529
1 15 439
0
2 14 452 15 549
2 6 587 15 470
2 2 552 14 575
2 3 574 15 442
1 8 527
1 18 521
0
1 13 471
1 15 511
1 15 562
1 15 485
1 15 539
1 1 535
1 13 518
0
2 2 486 11 500
2 3 489 7 566
0
1 14 648
0
0
1 19 565
2 15 473 18 556
0
0
0
0
1 1 474
1 16 540
1 15 515
0
2 5 445 10 546
4 4 557 12 502 13 569 17 478
3 11 492 15 480 19 551
2 4 564 15 499
1 15 577
2 2 524 8 656
1 20 629
0
1 7 522
1 15 600
0
0
1 16 593
0
0
0
2 2 657 6 530
2 15 508 17 983
2 8 790 18 534
0
0
0
1 5 490
0
1 15 537
0
1 9 560
1 12 578
3 7 567 9 628 15 581
1 15 596
1 14 650
2 15 487 19 604
1 15 582
0
0
2 4 717 18 660
0
1 13 659
1 4 590
4 4 563 11 666 17 610 19 642
0
3 6 617 15 621 16 572
2 5 543 16 654
1 19 652
0
2 1 640 20 725
0
0
1 19 634
2 16 643 19 517
1 18 669
0
3 3 580 10 531 20 608
2 8 632 9 696
0
0
2 9 662 15 573
2 2 523 14 394
0
1 16 906
0
0
3 6 701 15 703 17 645
0
0
0
1 3 586
1 15 117
2 4 728 18 103
1 19 157
1 4 667
0
0
2 9 755 15 576
1 20 658
1 11 729
0
1 5 545
0
0
0
2 1 686 8 583
0
0
1 11 737
0
0
0
1 10 584
1 16 746
1 8 598
1 7 589
1 2 732
1 9 627
1 18 329
1 14 493
2 12 585 13 700
1 15 142
0
0
1 4 624
2 3 611 6 622
1 16 638
2 11 786 17 742
1 9 675
0
3 12 631 16 695 19 655
0
0
0
0
0
0
0
1 16 821
0
0
0
1 7 664
2 15 759 19 714
3 6 639 15 672 20 753
0
1 18 607
0
0
1 19 698
1 6 597
0
0
1 1 764
5 2 606 4 693 5 689 8 788 16 853
1 19 678
1 6 369
0
1 14 134
1 7 936
3 8 720 15 413 17 278
0
1 18 616
0
1 11 379
0
0
0
1 18 416
0
0
2 1 800 9 830
0
1 20 711
1 4 756
0
0
1 13 633
1 15 34
0
0
1 12 647
1 19 17
0
0
0
2 3 679 11 694
2 10 626 15 641
1 16 406
0
0
1 6 260
1 20 513
0
1 9 889
1 15 712
1 14 935
0
1 18 279
0
0
0
0
0
1 7 514
1 1 865
1 8 807
0
1 16 512
0
0
1 9 795
1 17 592
0
1 4 769
0
0
1 11 740
0
0
0
0
1 11 823
0
0
0
0
2 10 670 15 733
2 6 736 18 797
1 10 765
1 2 614
0
1 19 620
0
1 8 636
2 5 706 19 644
1 3 738
0
2 4 668 14 719
0
0
1 20 697
0
1 19 722
0
1 1 692
4 9 766 13 709 15 288 16 399
0
0
0
0
1 8 680
2 17 618 18 961
2 10 723 19 852
3 9 684 11 845 12 793
1 3 784
0
1 15 859
3 7 815 15 80 20 948
1 5 713
0
0
0
1 4 637
0
1 9 716
0
4 6 752 10 887 11 306 19 743
0
0
0
0
0
0
0
0
0
2 10 463 15 81
1 8 699
0
0
0
1 16 751
0
0
0
1 13 704
0
1 2 676
1 6 808
1 16 796
2 9 727 14 747
1 6 838
1 6 757
1 12 837
0
0
1 5 813
0
0
0
0
0
0
0
3 6 866 7 768 18 839
1 3 806
1 17 835
1 8 745
1 1 849
0
1 7 811
3 4 831 11 931 16 779
0
3 15 792 19 749 20 834
0
1 12 855
0
1 8 833
0
1 16 914
0
0
0
1 2 730
2 9 744 17 735
1 8 771
1 15 741
0
0
1 2 734
0
2 4 857 15 846
1 4 923
0
1 7 824
0
1 6 888
0
3 1 897 18 876 19 925
1 3 891
0
1 14 816
1 9 754
1 13 774
0
2 10 882 15 895
0
1 13 900
0
1 6 901
0
2 8 920 18 817
0
2 9 761 14 773
0
1 12 804
1 8 873
1 11 989
2 4 929 18 843
2 4 930 16 767
0
0
1 11 810
2 15 775 20 820
0
0
2 7 805 10 893
2 2 781 6 762
0
0
0
1 2 789
0
0
1 9 798
1 7 880
0
1 17 778
4 5 861 10 832 19 918 20 776
0
0
0
2 3 970 13 971
0
1 6 964
4 8 799 9 825 11 860 19 998
1 13 975
0
1 15 827
0
1 2 791
1 5 801
2 10 812 12 890
0
0
0
2 17 828 18 872
2 11 905 16 909
2 3 960 6 758
1 17 862
1 14 921
0
0
2 4 844 9 992
1 20 770
0
0
1 17 870
1 7 915
2 1 814 8 912
1 10 933
1 11 877
2 4 896 12 916
0
2 15 927 17 869
2 4 938 19 944
0
1 7 913
1 13 875
0
1 6 840
0
0
1 5 884
1 17 841
0
0
1 16 708
0
0
0
0
1 18 881
1 2 783
1 14 871
0
1 15 947
1 15 955
3 7 969 15 956 17 972
1 10 934
0
0
0
2 15 943 19 976
1 18 952
0
1 11 940
1 4 949
0
1 5 984
1 9 953
0
0
0
0
1 6 946
2 4 994 5 491
0
0
0
0
0
0
0
0
1 3 917
0
0
0
0
2 8 919 12 965
0
0
0
0
0
3 7 986 8 959 11 977
0
0
0
0
2 7 1000 8 996
0
0
0
0
0
0
0
0
0
0
0
2 1 867 6 879
0
0
0
0
0
0
0
0
0
0
0
0
3 1 885 2 899 3 974
1 4 941
0
0
0
0
0
0
0
0
0
0
0
0
0
0
0
0
0
0
0
0
0
0
0
0
0
0
0
0
0
2 1 886 3 951
0
0
0
0
0
0
2 2 950 4 942
0
0
0
0
0
0
5 1 911 5 902 6 963 7 978 8 939
0
0
0
0
0
0
0
0
0
0
0
0
0
3 1 954 8 932 9 958
0
0
1 2 979
0
1 4 995
0
2 5 999 8 990
0
0
0
1 2 993
0
0
0
0
0
0
0
0
0
1 3 982
0
0
0
0
0
0
1 4 981
0
0
0
0
0
0
0
0
0
1 4 987
0
0
0
0
0
0
0
0
0
0
0
0
0
0
0
0
0
0
0
0
0
0
0
0
0
0
0
0
0
0
0
0
0
1 1 966
0
0
0
0
0
0
0
0
0
0
0
0
0
0
0
0
0
0
0
0
0
0
0
0
0
0
0
0
0
0
0
0
0
0
0
0
0
0
0
0
0
0
0
0
0
0
0
0
0
0
0
0
0
1 1 985
0
0
0
0
0
0
0
0
0
0
0
0
0
0
0
0
0
0
0
0
0
0
1 1 991
0
0
0
0
0
0
0
0
0
0
0
0
0
0
0
0
0
0
0
0
0
0
0
0
0
0
0
0
0
0
0
0
0
0
0
0
0
0
0
0
0
0
0
0
0
0
0
0
0
0
0
0
0
0
0
0
0
0
0
0
0
0
0
0
0
0
0
0
0
