20 1 12 2 26 3 31 4 6 5 152 6 114 7 10 8 27 9 15 10 8 11 5 12 33 13 24 14 159 15 81 16 4 17 18 18 29 19 14 20 174
1 15 239
1 15 96
0
0
3 3 118 12 219 14 235
2 3 36 14 224
2 10 173 14 132
2 4 25 14 59
1 14 56
1 14 28
1 14 69
1 14 315
1 12 240
0
1 19 110
0
1 9 30
0
1 1 41
0
2 6 83 19 301
1 4 105
1 12 244
1 14 67
1 15 212
0
1 19 139
0
1 17 101
0
0
1 14 77
1 7 66
1 3 52
2 3 116 6 124
1 19 243
1 16 218
1 2 55
2 10 221 20 38
1 10 16
1 17 185
0
1 3 200
2 9 107 20 131
1 4 205
0
1 18 93
0
2 10 285 12 40
1 11 84
2 14 120 15 50
2 14 336 19 201
0
2 14 140 20 37
3 5 166 14 193 18 351
2 2 430 14 23
1 14 98
2 6 129 13 321
1 1 60
0
0
0
0
1 8 209
1 14 280
2 6 70 20 126
0
1 15 111
2 3 191 15 266
1 18 354
1 14 339
1 11 100
0
0
1 7 75
0
0
1 3 263
2 7 80 15 196
1 10 142
0
1 14 316
1 4 254
1 10 293
3 10 165 11 102 17 489
0
1 1 74
4 2 109 5 178 13 464 14 359
3 11 135 14 502 17 73
1 4 313
0
1 7 112
0
2 2 121 3 262
1 14 324
0
0
1 15 342
3 2 169 16 210 17 302
1 15 378
0
1 9 163
1 19 274
2 5 22 6 47
0
1 3 362
0
0
2 3 238 18 32
4 3 195 10 179 11 416 14 273
1 17 117
1 12 63
0
0
0
0
0
0
0
2 3 413 4 89
0
1 15 286
2 3 317 8 348
3 3 119 7 242 18 275
1 3 338
1 3 350
2 9 225 16 310
0
0
1 13 387
2 14 309 17 125
0
0
2 4 151 14 127
2 19 160 20 392
0
2 10 539 17 469
0
0
1 1 113
1 5 146
2 3 453 10 327
0
0
0
2 13 409 15 194
0
2 5 170 14 144
2 10 398 17 482
1 6 72
2 3 78 12 485
2 2 177 3 133
0
0
1 7 230
0
1 19 199
2 3 215 19 226
1 15 283
0
3 6 86 15 529 16 423
1 15 466
2 11 572 17 460
2 1 122 19 123
0
3 2 130 7 322 14 442
1 3 236
2 3 294 18 545
0
1 20 471
0
1 3 450
0
0
2 9 282 19 614
0
2 3 496 14 498
1 14 566
2 2 184 14 220
0
1 20 557
0
1 8 377
1 4 233
1 15 552
3 11 669 15 678 17 643
1 15 560
3 4 245 15 320 20 659
1 1 171
1 9 341
2 3 187 19 674
1 10 459
0
0
2 10 510 16 602
1 13 501
3 2 211 11 281 19 723
1 14 468
3 2 222 4 307 14 145
2 9 366 15 305
3 8 514 12 304 15 542
1 15 372
2 6 153 15 543
1 5 229
2 2 292 20 538
1 11 356
1 9 370
1 17 382
0
1 3 223
1 1 188
0
1 10 251
0
0
1 1 231
0
2 6 207 10 217
2 7 346 19 158
1 4 311
0
0
0
0
3 4 214 16 752 19 593
2 15 695 19 626
2 15 780 18 530
1 14 181
2 14 465 17 269
0
0
3 2 306 7 417 20 690
1 13 824
2 16 788 17 549
1 17 699
0
1 9 420
1 11 720
1 3 288
0
0
1 3 722
0
1 20 556
2 6 270 19 823
2 2 815 15 860
4 5 308 10 271 12 312 15 234
3 14 716 15 810 17 818
3 5 405 14 95 15 551
2 1 248 19 830
2 7 428 18 600
2 13 857 14 569
1 15 435
0
0
0
0
2 9 497 14 479
0
3 14 833 16 799 17 771
2 3 329 12 790
0
0
2 10 364 20 353
1 14 648
1 13 918
1 4 247
0
1 1 268
1 1 334
0
2 15 361 17 343
3 8 367 15 401 17 291
1 9 519
1 19 289
1 11 446
0
1 1 431
2 4 258 18 357
0
1 19 381
2 6 369 9 335
3 5 418 14 371 17 575
4 2 391 13 298 14 631 16 826
0
0
2 2 422 7 629
1 20 386
2 3 419 15 876
2 10 365 15 399
1 1 526
1 13 319
2 14 476 19 825
0
1 4 300
0
1 15 432
1 15 484
1 15 500
1 15 534
2 6 443 15 541
1 3 279
0
0
0
0
1 6 444
0
2 11 499 14 861
3 2 427 12 671 17 856
1 10 436
0
0
0
3 3 374 9 349 15 525
2 14 330 19 792
2 5 434 14 844
2 4 347 14 944
3 12 410 14 764 20 290
2 3 441 14 394
0
1 10 440
1 14 911
0
0
0
0
1 17 154
0
0
1 4 412
0
1 19 376
1 11 504
1 3 480
3 2 577 3 477 16 864
5 8 463 10 331 13 363 14 438 16 639
1 7 709
1 1 532
1 19 874
1 15 585
1 15 828
1 3 565
1 2 397
1 2 352
0
0
1 20 48
1 14 705
2 1 414 10 760
1 18 415
0
1 2 894
0
2 1 380 9 487
0
0
0
0
2 6 396 13 358
1 11 915
1 17 202
1 20 90
2 1 384 3 603
2 4 454 15 295
2 10 628 14 831
3 4 547 14 885 15 928
2 14 259 15 332
2 3 373 14 106
2 11 424 12 445
1 16 843
0
0
0
0
2 18 503 20 134
0
1 15 157
0
1 6 455
1 10 917
1 4 576
0
1 8 553
1 15 563
3 2 650 15 512 16 642
1 19 726
0
1 9 587
0
1 1 458
2 5 437 15 559
3 7 535 12 325 20 19
1 3 782
1 3 439
0
3 14 645 15 952 20 402
2 14 713 15 137
2 3 368 15 97
0
1 11 448
0
0
1 15 486
0
2 3 64 17 947
0
0
2 10 564 15 237
2 14 9 15 192
0
0
0
1 7 561
2 3 467 6 488
0
2 14 579 18 505
3 14 822 16 104 19 255
2 14 7 19 183
1 14 340
1 10 616
1 4 578
2 5 523 8 491
2 17 637 18 589
1 2 685
0
1 16 646
3 13 651 17 682 19 379
1 14 524
1 2 733
0
1 16 652
3 5 548 8 586 11 607
1 20 623
2 14 737 15 879
0
1 9 103
1 17 261
0
0
0
0
0
0
1 14 46
1 7 622
0
0
0
1 1 461
1 8 595
1 12 385
0
0
2 3 611 8 509
0
2 4 896 11 204
2 12 383 19 406
1 14 473
2 10 318 15 54
3 10 886 13 241 15 190
1 15 99
2 15 592 18 725
1 15 606
2 1 495 16 703
2 2 1 10 677
0
0
0
0
0
2 5 591 17 875
0
2 10 213 13 793
0
1 2 946
0
0
2 1 558 8 582
1 14 555
2 6 608 15 531
6 1 594 3 583 5 638 9 567 10 605 14 494
2 14 433 18 232
1 14 408
3 2 11 13 550 17 150
1 12 475
1 3 621
0
2 1 662 20 668
0
0
0
1 14 632
1 14 680
1 14 721
4 7 708 14 714 15 736 20 800
1 1 670
1 19 612
1 2 697
2 4 588 17 686
1 15 148
0
0
2 3 634 15 472
3 11 751 15 580 16 128
0
0
1 13 272
1 12 772
0
1 15 481
3 4 692 10 688 19 284
1 1 729
1 18 710
1 7 755
1 2 769
0
0
3 8 584 16 635 17 658
0
1 15 568
2 1 794 7 754
1 15 744
1 15 783
0
0
4 1 742 6 667 14 797 15 868
0
0
2 1 590 8 599
2 2 666 9 617
2 11 834 14 811
0
0
2 2 765 19 795
2 5 706 14 700
1 3 717
2 7 812 20 841
1 12 718
1 6 696
0
0
4 2 836 7 838 13 719 15 897
0
1 9 641
0
1 16 687
0
0
2 3 758 17 615
1 2 906
1 3 704
1 15 655
4 4 759 10 707 15 34 17 536
0
0
1 3 87
1 2 425
1 11 390
1 14 447
1 9 679
1 20 684
1 5 734
1 10 206
0
1 1 618
1 14 508
0
0
2 7 907 9 774
0
2 3 872 19 988
3 6 750 8 604 15 400
0
1 12 767
0
0
2 2 837 4 732
1 2 846
1 6 802
1 17 773
0
0
4 5 741 11 749 14 808 18 784
0
0
0
2 9 890 14 801
2 10 804 20 859
0
0
0
1 15 813
3 4 753 10 789 13 228
1 19 345
1 18 878
0
0
0
1 14 613
3 15 739 16 785 17 869
1 3 970
2 4 630 10 675
0
0
1 11 770
0
1 1 633
2 2 892 9 683
0
1 3 61
1 11 798
0
0
0
0
0
0
3 1 672 6 796 15 871
1 20 730
1 12 787
1 6 819
0
3 7 303 14 65 17 403
0
0
1 1 676
0
0
1 6 852
0
0
3 8 827 10 698 11 880
1 14 647
1 14 663
2 14 916 15 689
0
0
1 19 681
1 13 927
1 2 951
0
0
1 16 507
0
3 5 768 11 832 14 905
0
1 17 923
0
1 14 969
0
2 2 902 18 959
1 19 735
1 3 761
1 11 848
0
0
1 10 724
1 4 763
0
1 15 740
3 14 777 15 781 17 571
0
1 6 889
0
1 9 257
1 14 863
1 8 854
1 5 817
0
1 19 375
0
2 10 745 20 250
0
1 1 766
0
0
2 3 176 14 728
1 14 91
1 14 155
1 14 791
0
2 7 910 14 296
1 14 407
2 4 847 14 779
3 7 470 14 877 15 574
3 14 941 15 989 16 182
5 2 924 6 978 14 540 15 388 16 252
3 7 845 12 835 15 389
3 10 806 15 57 17 44
2 15 624 16 267
1 15 762
1 15 186
1 18 994
2 14 51 17 88
4 8 898 12 922 14 694 15 323
3 14 747 15 993 18 853
4 11 903 14 49 15 189 16 862
2 14 13 15 426
2 14 537 15 546
2 14 654 15 625
2 14 62 15 511
5 4 909 14 452 15 712 16 961 17 657
4 5 866 11 870 14 942 15 743
2 2 925 18 873
1 16 411
3 3 246 6 520 17 462
2 3 573 13 492
2 2 929 3 299
1 3 934
0
2 14 980 15 702
1 8 914
0
0
1 17 996
0
4 9 821 10 820 14 899 15 94
1 14 731
1 3 851
3 1 807 3 935 4 610
3 15 79 17 809 19 664
2 15 203 16 314
1 15 451
2 3 971 15 968
1 15 175
1 15 333
0
1 15 757
1 6 829
2 14 449 15 544
2 7 920 14 939
2 13 850 18 609
0
2 3 518 7 180
0
1 20 620
1 16 748
3 5 884 13 883 19 953
0
0
2 10 855 15 954
3 4 746 14 493 15 598
0
2 3 326 15 673
1 11 895
0
3 12 887 17 891 19 972
1 7 328
2 11 956 17 949
0
2 11 644 14 816
1 15 619
2 15 653 20 979
0
1 1 842
2 3 882 16 715
1 9 858
2 17 355 18 344
0
1 6 693
3 12 984 14 167 19 661
2 2 932 15 297
0
1 3 893
3 7 992 12 960 13 738
3 2 966 3 865 10 990
3 3 260 4 937 14 483
0
0
0
0
2 14 71 15 814
0
0
3 7 627 10 108 17 277
1 15 253
0
0
3 11 360 15 45 16 926
3 3 515 14 867 15 53
5 1 881 5 962 8 933 14 908 15 900
0
1 5 995
3 12 85 17 197 18 35
1 19 701
1 20 39
0
0
0
0
3 6 596 14 527 19 2
0
2 3 805 13 554
0
1 4 395
2 2 973 17 256
1 10 975
1 5 999
0
1 14 42
0
0
0
1 7 147
1 9 904
1 15 921
3 3 943 5 404 10 983
1 2 636
1 12 691
1 16 478
1 15 919
2 14 457 17 601
1 20 20
1 11 208
1 4 490
0
0
2 14 976 15 136
0
1 19 249
1 17 276
0
0
0
0
2 3 156 15 265
1 18 803
1 14 665
0
0
1 10 168
0
0
0
3 1 901 7 913 13 958
0
1 16 912
2 6 562 19 597
4 1 936 8 987 9 957 12 985
1 3 522
2 1 963 5 938
0
1 4 991
0
1 14 172
1 15 17
0
1 2 3
0
2 15 528 20 513
1 4 931
0
1 17 506
0
1 3 965
0
1 10 456
1 8 164
0
1 14 21
1 15 143
3 11 997 13 986 16 974
1 3 82
0
1 9 977
0
1 15 516
2 3 68 7 967
0
1 18 649
0
0
3 14 888 15 287 17 756
1 10 227
0
0
0
2 12 76 19 161
0
1 6 264
1 1 981
0
1 4 115
0
0
0
0
0
0
0
0
1 20 727
1 11 840
1 5 955
0
1 2 521
1 15 517
0
0
0
0
1 14 337
0
1 9 982
1 16 656
1 13 198
1 17 948
1 19 998
0
1 14 660
2 7 1000 10 581
1 15 964
1 3 778
0
2 12 162 14 92
0
0
0
1 5 945
0
2 8 839 14 429
0
1 1 278
0
0
1 4 570
0
2 2 141 6 849
0
1 15 216
0
0
0
2 14 533 20 393
1 18 950
0
1 17 149
1 9 421
1 19 711
1 3 138
0
0
2 10 930 15 58
0
0
1 11 640
0
0
0
0
0
0
0
0
0
0
1 16 43
0
2 7 940 15 474
0
0
0
0
2 1 775 14 786
0
0
0
1 12 776
0
0
0
0
0
0
0
0
0
0
0
0
0
0
0
0
0
0
0
0
0
0
0
0
0
0
0
0
0
0
0
0
0
0
0
0
0
0
0
0
0
0
0
0
0
0
0
0
0
0
0
0
0
0
0
0
0
0
0
0
0
0
