20 1 29 2 9 3 38 4 46 5 49 6 26 7 27 8 135 9 114 10 45 11 2 12 23 13 168 14 160 15 25 16 48 17 206 18 316 19 278 20 250
1 5 301
1 9 365
0
1 5 366
1 5 404
0
0
1 16 330
1 16 430
1 7 394
1 12 443
0
0
0
0
2 7 523 11 576
2 5 458 6 608
3 5 475 8 507 19 663
1 20 654
0
2 9 406 10 626
2 5 705 18 605
0
0
0
1 4 686
0
1 16 782
0
0
3 2 706 12 714 17 708
0
2 9 744 11 664
1 2 704
1 8 800
0
0
1 5 741
0
0
3 14 898 15 865 17 860
1 9 835
0
1 1 776
2 1 251 13 882
0
1 2 897
0
0
1 10 902
2 7 869 10 881
0
2 19 904 20 786
1 17 747
1 6 943
2 11 964 14 879
3 2 901 11 3 18 667
1 9 888
2 5 785 13 20
3 2 55 3 421 5 8
1 5 17
2 5 997 11 952
1 5 845
0
1 16 793
0
0
3 4 702 13 788 20 827
2 6 824 8 80
1 3 61
1 20 60
0
0
1 15 10
2 2 33 16 12
2 9 907 11 58
3 4 797 13 790 18 16
2 1 81 18 344
2 18 4 19 32
0
2 5 13 17 1
1 10 69
0
1 12 7
1 5 22
2 5 28 7 15
0
2 1 5 10 59
1 18 71
1 5 35
1 2 34
1 7 93
1 9 965
0
1 17 36
3 13 19 16 30 19 79
0
1 11 65
3 2 43 7 101 13 37
0
0
0
1 10 63
4 5 66 11 94 15 77 20 47
1 9 40
0
0
1 9 57
2 6 41 13 54
0
1 14 56
1 4 6
1 13 64
0
0
1 9 129
2 8 92 16 11
1 18 51
2 8 75 18 44
1 3 132
1 8 98
1 5 88
0
3 4 53 5 111 16 31
1 17 117
0
2 18 90 19 130
1 20 178
1 5 18
2 4 84 5 76
1 3 120
0
0
0
1 18 85
0
0
0
3 1 86 12 21 13 97
1 13 116
2 7 140 9 24
0
2 4 121 16 68
1 11 174
0
2 10 73 14 70
2 2 50 18 78
0
2 4 91 9 139
2 8 125 17 153
0
2 5 102 16 218
0
0
1 9 39
0
1 7 14
0
0
0
1 15 157
1 13 103
3 2 99 18 72 20 96
0
1 3 106
0
0
0
0
0
0
1 1 151
1 5 87
0
4 7 52 8 67 11 215 12 225
5 5 110 6 131 16 182 18 83 19 42
0
0
0
0
2 5 122 16 148
3 5 134 7 145 8 185
1 5 172
2 3 136 5 203
2 18 95 20 126
1 1 150
0
1 8 100
1 5 74
0
0
1 4 123
1 5 89
2 6 104 7 143
0
0
0
1 8 62
0
3 9 162 10 128 12 107
0
0
0
0
3 2 113 7 118 9 179
3 4 199 7 156 13 209
0
0
3 5 163 7 181 14 133
4 4 82 5 115 8 161 15 149
3 3 137 7 187 16 262
0
0
0
0
0
3 5 164 6 212 9 194
1 3 141
1 5 169
0
2 2 127 8 246
0
0
0
0
0
0
0
0
0
3 1 159 2 152 5 176
0
0
0
2 3 144 8 147
0
0
0
0
0
1 10 266
0
0
0
0
0
0
1 6 277
0
0
0
2 7 170 8 146
0
0
0
3 4 119 5 105 11 112
0
0
0
0
3 5 108 12 124 13 190
0
0
0
0
0
1 9 195
3 1 180 11 184 13 188
0
0
0
0
0
2 4 154 6 138
4 5 109 9 142 10 226 13 166
0
1 7 222
0
1 3 192
4 2 158 5 213 14 175 15 171
0
1 8 202
1 3 201
0
0
0
0
0
0
0
0
1 5 285
0
3 3 217 6 205 9 177
0
1 8 295
0
0
0
0
4 2 204 5 242 13 191 16 167
0
2 7 173 12 240
0
1 3 220
0
1 10 307
1 8 378
0
0
0
0
0
5 4 165 5 183 10 235 17 219 18 155
0
2 3 228 11 249
0
0
2 5 200 9 189
0
0
0
0
3 7 193 8 252 12 230
1 7 196
1 1 270
0
0
0
0
0
0
0
0
0
4 5 223 9 244 11 236 14 198
11 2 186 4 210 5 239 6 214 10 231 13 207 15 296 17 268 18 259 19 232 20 208
1 16 216
1 1 281
1 8 265
0
0
1 12 271
0
4 5 255 9 283 11 267 14 297
2 3 258 5 325
0
0
0
2 7 197 17 241
1 16 243
1 17 293
0
1 11 269
0
2 7 234 12 263
3 13 282 15 312 18 237
0
1 10 256
0
0
0
1 3 300
0
6 2 224 7 274 10 291 13 238 16 254 18 311
0
2 6 260 18 245
1 1 289
0
1 9 299
0
2 4 221 16 211
5 2 233 5 229 15 309 17 322 19 317
0
0
0
0
0
3 6 288 15 261 18 272
0
0
0
1 4 257
0
0
0
0
2 7 304 8 292
0
0
2 3 310 5 264
1 5 305
0
1 13 308
0
1 1 324
3 9 227 10 313 11 280
0
0
0
0
0
0
1 5 345
0
0
0
0
2 6 248 9 253
0
0
1 1 349
1 2 247
2 8 275 11 358
2 4 273 12 306
1 4 276
3 8 279 9 353 13 290
1 8 303
0
6 2 286 5 318 14 354 15 329 16 302 17 350
0
0
2 11 362 18 431
0
0
0
0
1 7 374
6 5 337 8 368 9 356 14 401 19 327 20 323
2 3 335 5 399
1 5 384
3 2 336 12 294 16 315
2 1 319 18 321
0
0
0
0
0
0
0
2 6 287 10 284
0
0
1 1 382
0
0
0
0
0
3 1 314 3 326 5 328
1 4 352
0
0
2 5 425 6 332
0
0
0
0
0
4 5 427 8 347 9 373 11 331
0
0
2 7 320 13 393
0
0
0
0
0
0
1 4 385
1 5 359
0
2 6 346 7 413
2 2 338 10 363
0
2 4 298 11 343
1 8 357
0
0
0
0
0
2 6 360 12 387
0
0
2 4 340 8 334
0
0
0
0
0
3 4 348 5 398 8 433
2 3 351 5 419
1 5 440
0
0
0
0
0
3 1 333 3 339 13 410
1 5 487
0
0
0
0
0
0
0
0
2 7 481 8 499
1 5 528
0
0
0
0
0
0
0
0
0
0
0
0
0
2 5 388 7 392
1 6 383
6 2 341 8 342 9 361 10 412 11 438 13 371
0
0
0
0
1 3 418
3 4 400 5 381 7 442
0
0
0
4 1 403 14 379 15 428 16 389
2 12 395 17 439
0
3 8 355 18 372 19 415
2 18 375 20 380
0
3 5 424 17 386 18 462
0
0
0
1 5 423
0
0
0
0
0
0
0
0
0
2 6 434 9 364
0
2 8 397 11 416
0
0
0
3 4 450 8 420 9 471
0
0
0
0
1 3 444
2 4 495 5 519
1 7 466
0
4 2 367 3 417 8 377 9 396
4 10 414 12 454 13 446 14 449
0
0
0
2 3 429 13 464
0
4 6 453 9 441 10 460 15 488
2 5 480 10 612
0
4 1 455 5 465 9 529 12 552
0
0
0
0
1 7 437
1 5 557
0
0
0
2 5 503 8 544
2 1 554 5 506
0
0
0
1 1 578
0
0
0
0
0
1 9 459
1 6 482
1 8 568
0
0
0
2 3 524 5 451
0
0
0
0
1 10 494
0
0
0
0
0
0
0
0
3 2 369 5 408 8 405
0
0
2 4 436 5 489
0
2 7 448 11 477
0
0
0
1 5 542
0
0
0
0
1 4 514
0
0
0
0
0
0
0
0
0
0
0
5 1 370 2 402 3 411 7 409 9 376
1 5 586
0
0
2 9 447 12 390
2 1 391 13 469
0
1 5 509
1 5 587
0
0
0
0
0
1 5 472
1 6 422
0
0
0
0
0
0
0
4 7 452 8 502 9 500 10 534
0
0
0
3 7 492 11 476 13 550
1 3 426
0
0
0
0
0
0
1 4 566
0
0
0
3 2 457 12 483 14 432
1 5 516
2 6 445 8 504
1 13 620
0
2 1 407 15 435
1 3 512
0
0
0
0
0
0
0
0
0
0
0
1 5 575
2 5 496 8 539
0
0
1 9 505
0
0
1 3 508
2 4 627 5 653
0
2 10 467 11 532
0
0
0
0
0
1 5 589
2 5 655 8 628
0
1 7 565
3 1 456 8 470 12 463
0
0
0
0
0
0
4 5 473 6 498 9 520 13 746
1 1 461
1 7 486
3 5 571 10 525 14 535
2 9 513 12 522
0
0
1 5 611
0
0
0
2 4 485 5 547
2 2 491 8 468
0
0
4 1 474 5 478 10 541 12 479
0
0
1 6 580
0
0
0
0
0
0
0
1 7 561
2 5 530 8 540
2 3 527 11 531
0
3 2 510 13 517 15 501
0
0
1 12 511
2 9 559 10 579
0
0
0
0
0
0
0
0
0
5 2 515 4 533 9 538 14 577 15 595
0
0
0
0
0
0
0
0
0
0
0
1 3 581
0
0
0
0
0
0
0
0
0
0
2 4 537 5 613
0
0
0
0
2 2 610 6 573
1 4 548
0
0
0
0
0
0
0
0
3 1 490 5 484 7 546
0
0
0
0
0
1 2 497
0
0
1 5 630
0
0
2 3 583 6 614
0
0
0
0
0
0
0
0
0
1 5 711
0
0
0
0
0
0
0
0
0
0
0
0
0
1 2 563
0
0
0
0
0
0
0
0
0
0
0
0
5 1 493 4 545 5 543 6 518 7 536
2 5 593 8 569
0
0
0
0
0
4 4 570 9 632 10 625 11 597
0
0
1 7 603
2 4 598 8 591
0
0
0
1 9 679
1 5 602
4 5 644 12 638 13 634 14 669
0
0
1 5 697
0
3 1 521 2 558 15 615
0
0
0
0
0
0
0
3 3 661 9 616 10 721
0
0
0
0
1 2 639
2 5 647 7 651
2 5 668 8 734
0
0
0
0
1 2 715
1 9 674
0
0
0
0
0
1 1 526
0
0
0
0
0
1 3 725
0
0
0
0
0
0
0
2 5 553 6 560
0
0
0
0
0
2 4 555 5 631
0
0
0
2 6 621 7 606
0
0
0
0
0
0
5 1 551 7 556 8 585 9 549 10 567
0
0
0
0
0
0
0
0
1 3 681
0
0
0
0
0
0
0
0
0
0
2 1 574 2 584
0
0
0
0
0
0
0
0
0
0
2 5 600 6 635
0
0
0
0
1 5 665
0
3 1 582 8 642 9 607
0
3 2 601 10 670 11 588
0
1 10 758
3 1 617 12 599 13 592
0
0
0
2 5 722 8 682
1 4 624
0
0
1 5 562
5 4 594 5 564 7 572 8 609 9 596
0
0
0
0
1 5 590
3 5 637 10 660 11 623
0
1 4 604
2 4 690 5 673
0
0
0
4 8 622 11 657 12 671 13 629
1 7 640
0
0
0
0
0
1 6 650
3 3 709 4 680 6 717
0
5 1 618 9 652 10 707 11 749 14 738
0
0
0
5 5 658 7 678 8 649 15 688 16 689
0
0
1 5 675
0
0
0
0
0
0
0
2 5 641 10 645
2 4 736 13 696
7 1 646 2 619 6 636 13 643 17 656 18 694 19 700
0
1 11 807
0
0
0
1 12 745
0
0
1 13 737
2 13 828 20 822
1 6 648
0
0
1 11 659
0
0
2 14 751 16 781
0
1 9 684
0
1 3 691
0
1 5 842
0
0
1 5 726
2 7 710 8 775
4 6 677 12 919 13 683 14 762
1 10 662
0
0
0
0
0
0
1 2 633
0
0
2 4 821 8 752
0
1 5 778
0
0
1 3 693
0
1 5 672
0
3 6 740 8 783 9 729
2 1 666 10 703
0
0
0
3 1 692 9 687 11 676
0
0
0
2 8 756 12 718
0
0
0
0
0
0
0
0
3 5 720 9 701 13 761
6 3 731 5 719 7 713 13 771 14 754 15 733
0
0
2 5 724 9 779
2 5 759 13 732
3 2 685 16 695 17 712
0
2 2 698 15 742
1 2 727
2 5 763 13 748
0
2 4 773 12 755
1 12 805
3 3 723 5 739 11 806
3 1 730 5 728 13 743
0
3 5 774 10 765 14 802
3 5 812 13 794 18 791
2 9 894 10 809
1 6 764
0
0
0
0
0
0
0
4 2 716 7 770 9 760 12 699
0
0
1 5 813
0
2 5 766 8 772
1 5 804
0
0
0
0
0
0
1 9 784
1 8 861
0
0
0
2 2 753 4 767
0
2 1 735 10 803
1 7 831
1 4 947
0
0
0
0
0
0
0
0
0
0
2 5 838 7 875
1 2 836
1 8 850
1 9 887
0
0
0
0
5 1 757 5 769 7 768 11 808 12 856
1 5 820
0
0
4 3 750 4 789 10 819 13 780
0
0
0
0
0
2 5 795 6 810
0
0
0
1 8 843
0
5 1 777 8 811 13 823 14 832 15 815
2 5 814 9 892
1 5 818
0
0
0
2 7 801 16 849
0
0
0
2 8 841 17 840
2 5 825 13 885
2 5 854 14 913
0
0
0
2 3 922 5 909
0
1 5 893
1 2 873
2 5 905 8 826
0
1 9 871
0
0
3 10 917 11 926 12 864
0
0
0
0
0
3 4 796 5 927 13 816
0
5 7 834 10 817 16 938 17 949 18 923
0
0
0
0
3 6 830 10 883 16 880
0
0
0
0
2 5 942 13 975
0
0
0
0
0
0
0
0
0
0
0
0
0
0
0
2 2 868 4 839
0
0
0
0
0
0
2 2 851 4 906
0
5 1 792 5 787 7 798 8 799 9 867
0
0
0
0
2 3 925 5 940
2 8 847 9 872
0
0
0
0
0
0
1 5 833
0
0
2 7 911 9 910
1 10 918
0
1 2 866
1 6 890
0
0
0
0
0
0
0
0
0
0
1 5 844
2 1 829 8 848
0
3 1 837 9 857 10 852
0
2 5 853 6 903
2 5 863 11 931
0
0
0
0
1 7 914
0
0
0
0
0
2 2 858 7 908
0
0
0
0
0
0
1 4 876
0
0
0
0
0
4 3 941 5 974 7 946 8 976
4 1 846 5 877 9 896 11 980
1 5 930
4 5 951 6 944 12 967 13 963
0
0
0
0
0
0
1 3 959
0
2 2 932 5 878
0
1 2 933
0
0
0
0
1 2 948
0
0
0
0
0
3 1 870 3 855 4 884
0
0
0
0
0
0
0
0
0
0
0
1 5 972
0
0
0
0
0
1 5 985
0
0
0
0
0
0
0
0
0
0
0
3 2 956 4 961 5 912
0
0
0
0
0
0
0
0
0
0
0
0
0
0
0
0
0
0
0
0
0
0
0
0
2 2 859 3 862
0
2 1 874 5 886
0
0
3 5 935 6 921 7 981
4 1 899 8 889 9 936 10 934
0
0
0
0
1 6 924
0
0
0
0
0
0
1 5 962
0
0
1 2 891
0
0
0
0
0
2 8 955 9 968
0
0
0
5 2 895 5 916 11 900 12 915 13 983
0
0
1 1 953
3 4 937 5 960 12 929
0
1 7 982
0
1 4 950
1 11 945
2 2 920 13 928
0
0
0
0
1 5 986
1 2 978
2 1 970 3 979
0
0
0
0
0
0
1 8 966
2 6 969 9 996
0
0
0
0
3 4 939 5 954 10 988
4 1 984 5 958 12 992 13 973
0
0
0
2 3 994 8 1000
0
0
0
0
0
0
0
0
0
0
0
0
0
0
0
0
0
0
0
0
0
3 2 993 5 971 7 957
0
0
0
0
0
0
0
1 5 999
0
0
0
0
3 1 990 6 989 8 998
0
0
0
0
0
0
0
0
0
0
2 2 977 4 987
0
0
0
0
1 1 991
0
0
0
0
0
0
0
0
0
0
0
0
0
0
0
1 1 995
0
0
0
0
0
0
0
0
0
0
0
0
0
0
0
0
