20 1 9 2 31 3 1 4 20 5 16 6 70 7 56 8 25 9 231 10 174 11 36 12 11 13 45 14 139 15 13 16 12 17 14 18 15 19 276 20 55
1 1 335
1 13 274
3 11 32 13 215 15 325
1 15 289
0
0
2 7 398 20 461
1 19 402
1 6 448
1 13 460
1 15 500
0
0
0
0
0
0
0
0
0
2 1 497 10 559
1 3 52
0
0
1 12 554
1 16 625
0
1 12 616
1 6 599
1 4 722
1 9 756
1 15 709
4 3 63 5 718 9 736 15 828
1 15 860
0
1 3 836
0
0
1 17 874
0
0
0
2 12 894 20 866
0
1 18 23
0
0
0
1 20 953
3 1 504 5 99 11 582
1 1 716
0
0
1 20 26
3 2 17 6 33 20 54
0
2 3 27 19 10
3 8 951 12 44 14 2
0
1 9 46
1 20 4
1 7 8
0
1 7 3
0
0
1 13 19
2 16 40 19 95
1 2 24
2 16 68 18 34
0
1 19 58
0
1 1 107
3 7 578 10 30 20 38
0
0
2 7 57 15 37
0
1 12 62
0
2 3 5 14 29
1 2 42
0
0
0
1 5 60
0
0
4 4 742 7 43 15 114 18 65
1 17 22
1 1 50
1 11 6
0
3 1 73 6 91 10 21
0
2 3 84 18 28
0
0
3 14 94 19 69 20 88
3 1 96 4 41 8 121
3 3 125 9 132 12 119
0
0
0
0
0
0
0
0
0
1 10 74
3 7 122 13 75 16 49
0
0
2 8 18 11 35
3 6 101 16 53 19 7
0
1 15 195
0
0
0
0
1 18 85
1 18 124
1 1 194
3 1 71 2 64 12 100
2 11 39 20 48
0
0
0
2 4 67 18 47
0
0
0
3 1 175 13 80 20 83
0
2 2 115 16 72
1 1 86
2 5 78 20 149
0
0
1 14 90
0
1 16 187
1 3 108
0
2 14 93 18 51
0
0
2 8 98 19 82
1 9 66
1 8 135
0
0
0
0
0
0
1 10 92
2 4 81 13 138
1 1 89
2 6 77 11 109
0
3 1 134 14 61 15 59
0
0
0
0
0
0
0
1 3 136
1 14 87
0
3 5 111 15 97 17 76
0
7 4 166 6 112 9 110 11 79 18 126 19 120 20 160
2 2 171 6 128
0
0
2 18 169 20 123
0
0
1 15 106
1 7 129
0
1 20 200
0
0
0
1 9 117
1 12 102
2 1 188 7 153
0
1 18 137
0
2 16 167 18 143
1 3 155
2 6 118 9 141
0
0
0
0
0
2 14 103 17 152
0
0
0
0
0
0
0
0
1 1 190
0
0
0
0
0
0
1 1 146
3 3 161 5 131 6 130
0
0
1 3 192
0
2 7 157 8 104
0
0
0
0
0
0
3 8 144 10 148 11 113
0
0
1 4 240
0
0
0
0
0
0
1 1 178
1 2 253
0
3 2 198 3 203 9 150
0
0
0
0
0
1 1 230
0
0
2 1 156 2 151
0
0
4 5 181 6 116 7 145 8 140
0
0
0
0
0
0
0
3 4 168 11 105 12 127
0
0
3 1 176 2 182 13 180
0
0
0
1 6 202
1 1 247
0
1 4 199
0
0
0
3 3 184 6 162 8 165
0
0
0
3 3 185 5 205 7 210
0
0
0
0
0
0
0
0
0
0
0
1 3 193
0
0
0
0
0
0
0
0
0
0
0
0
0
0
0
0
0
0
0
0
0
0
0
3 1 142 4 133 5 173
0
0
0
0
0
0
2 2 177 4 222
0
0
0
0
1 3 197
1 3 207
0
0
0
0
1 3 256
0
6 1 159 6 223 7 147 8 242 9 154 10 227
0
0
0
0
0
0
0
0
0
0
0
0
2 1 209 9 158
0
2 7 208 11 206
0
0
0
0
0
0
0
0
0
1 2 267
0
0
2 5 163 9 172
3 9 251 12 220 13 179
0
0
1 1 332
0
0
0
0
1 3 266
0
0
0
0
0
7 2 164 4 191 5 214 6 183 9 236 10 212 14 170
0
0
0
0
1 6 248
0
0
0
0
0
0
0
0
1 3 301
0
0
0
0
0
0
0
0
0
0
1 1 244
4 2 229 3 216 5 224 7 213
0
0
0
0
0
0
0
1 1 250
0
0
3 8 196 9 186 10 260
0
0
0
0
1 2 326
0
2 6 262 11 258
0
0
0
0
3 6 277 8 271 12 201
0
0
0
0
0
1 2 292
0
2 3 279 11 221
0
0
3 1 241 4 311 8 211
1 1 243
0
0
4 4 245 7 219 8 233 13 297
1 1 268
0
0
0
0
0
1 11 225
0
0
1 10 273
0
2 9 189 14 218
0
0
0
0
0
0
0
0
0
0
0
0
0
2 6 204 12 232
1 5 238
0
0
0
0
0
0
0
0
0
0
0
1 3 217
0
0
0
3 1 287 4 296 5 237
0
2 2 302 6 294
0
3 1 228 3 366 8 239
0
0
0
0
0
1 6 336
0
0
0
0
0
0
0
0
0
0
0
0
3 2 265 3 291 7 295
0
0
0
1 1 246
7 8 252 9 226 10 303 11 278 12 269 13 235 14 234
0
0
0
0
3 5 261 6 254 9 280
1 3 317
0
3 13 270 15 263 16 284
0
1 1 281
0
0
2 7 321 15 349
1 11 304
0
0
0
0
0
0
0
0
0
0
1 3 286
3 1 307 9 316 15 333
0
0
0
0
0
0
3 4 275 8 312 11 306
0
2 3 320 16 386
1 10 331
0
0
0
0
0
0
0
0
0
0
0
0
1 2 290
0
0
3 1 255 6 249 9 259
1 3 355
0
1 12 288
0
0
2 9 314 13 334
0
0
3 6 282 14 299 15 318
0
0
4 5 285 13 327 15 283 17 408
0
0
0
0
0
0
0
0
3 7 309 8 352 11 315
0
0
0
5 1 257 6 313 13 264 14 338 16 305
2 5 339 6 348
1 4 293
0
0
0
1 4 346
1 2 344
0
1 6 382
1 10 392
0
1 3 375
0
3 9 300 12 319 14 341
0
0
0
2 11 390 15 328
3 1 298 16 272 18 310
1 15 406
0
0
0
2 13 324 15 308
0
1 4 359
0
2 15 353 18 401
0
0
0
1 3 380
0
0
0
0
0
0
0
0
0
0
2 5 322 6 323
0
2 7 367 8 343
0
0
0
0
0
2 3 354 5 330
0
0
3 9 329 10 337 12 369
2 2 362 5 400
0
0
8 1 345 4 357 10 371 13 358 15 340 16 356 17 370 18 372
0
1 16 405
0
0
1 11 409
0
0
0
5 1 351 3 368 13 347 16 451 19 426
2 8 342 9 391
1 6 381
0
0
2 11 363 14 360
1 17 468
0
0
0
0
0
1 14 442
0
0
0
0
0
0
0
0
1 7 388
0
0
0
0
0
0
0
0
3 2 365 10 374 11 419
0
1 6 472
0
1 1 377
1 1 418
0
2 3 364 8 350
0
1 4 389
0
0
0
0
0
0
0
3 1 385 8 387 9 444
0
0
0
0
4 11 384 12 379 14 439 15 447
0
2 13 361 16 378
1 15 458
0
0
0
1 8 427
1 12 550
0
0
0
3 2 376 14 417 17 394
1 5 412
0
0
1 3 383
0
0
0
0
0
0
2 1 393 4 411
0
3 2 416 6 435 7 430
0
0
0
0
0
0
0
0
0
0
0
0
3 3 395 8 424 9 404
0
2 10 396 11 422
0
0
0
0
0
0
6 3 413 5 445 9 421 14 484 15 466 16 433
3 2 434 18 425 19 455
0
0
1 1 429
0
0
1 8 520
0
1 6 499
0
2 13 373 15 397
0
0
2 4 428 10 399
1 17 420
0
0
0
0
0
0
1 11 501
1 2 459
0
0
0
3 3 443 6 414 7 495
1 8 436
0
0
0
0
3 1 449 6 415 9 491
2 1 453 12 483
0
0
0
0
0
2 11 452 13 423
0
0
0
0
3 9 403 10 440 14 431
0
2 11 481 15 486
0
0
0
0
1 5 471
0
2 3 446 7 467
0
0
1 6 454
1 1 457
0
0
0
0
3 1 474 2 513 7 480
0
1 3 511
2 8 546 12 580
0
0
0
0
3 1 407 9 477 16 410
1 2 515
4 1 437 4 432 10 463 17 475
0
0
0
1 3 473
2 11 485 14 524
0
0
0
0
1 10 490
0
0
1 3 470
0
1 6 577
1 6 618
1 11 438
0
0
0
1 1 450
0
0
5 3 441 4 482 13 462 15 514 16 558
1 3 476
0
0
0
0
1 5 568
0
2 9 478 15 557
0
0
0
0
0
0
0
0
0
0
0
0
0
4 1 464 5 533 7 469 12 526
6 1 487 3 510 7 489 8 503 13 465 14 527
0
0
1 2 531
0
3 6 493 11 529 13 456
1 13 479
2 4 496 15 498
5 4 507 10 492 16 542 17 540 18 570
0
0
0
0
0
0
0
0
0
1 3 561
0
0
0
0
0
0
0
0
0
0
0
1 9 547
0
0
0
0
0
2 2 572 11 534
0
0
1 1 502
0
0
0
2 12 488 13 535
0
0
0
1 2 611
2 3 528 5 573
0
0
0
2 8 506 10 552
0
3 6 508 9 541 11 505
1 3 609
0
0
0
0
1 7 585
0
0
0
3 5 517 6 537 14 548
3 4 516 15 512 16 532
0
0
2 9 633 13 574
0
1 16 632
0
0
0
0
0
0
4 3 521 8 519 13 544 17 591
3 11 545 18 592 19 601
2 3 523 20 566
0
0
1 9 654
0
1 1 538
0
0
0
0
0
1 7 597
0
1 4 543
1 2 602
0
0
0
4 9 494 10 555 11 575 12 563
2 1 583 4 551
0
0
3 3 579 13 536 14 605
0
1 1 641
0
1 1 686
0
1 5 560
0
0
0
1 1 758
0
2 6 584 10 607
0
1 11 698
7 1 522 2 509 9 567 13 562 14 553 15 576 16 620
1 3 587
0
0
0
0
4 1 556 18 549 19 571 20 622
1 4 530
1 4 539
1 5 627
1 7 652
0
1 6 700
0
0
3 8 593 11 596 18 612
0
1 8 608
0
0
0
2 3 565 10 684
2 3 635 14 661
1 13 581
2 1 564 16 614
2 12 595 17 658
2 15 604 18 615
1 2 518
3 9 629 15 634 16 636
0
2 7 689 14 738
0
0
0
1 8 672
0
0
0
0
0
0
0
0
0
0
2 3 598 9 628
0
0
5 2 525 13 603 18 588 19 569 20 617
0
0
1 6 655
1 6 590
0
0
1 9 642
3 2 594 11 623 15 613
2 5 640 18 657
0
0
1 1 586
0
4 9 631 13 715 17 667 19 606
0
0
0
4 3 664 4 630 11 645 14 681
1 3 701
0
0
0
0
1 4 663
0
0
0
0
0
0
0
0
4 1 648 4 656 8 619 14 589
0
3 2 610 15 600 18 671
0
0
0
3 10 665 16 688 18 682
0
1 6 621
2 15 644 20 626
1 15 694
1 8 651
0
0
0
0
0
2 1 737 13 690
0
2 7 695 15 708
1 5 668
2 9 649 17 703
3 4 650 11 702 12 693
2 6 647 18 643
0
0
0
1 5 637
4 3 755 7 653 11 660 18 712
0
0
0
0
0
0
0
1 1 624
2 2 638 3 646
1 3 687
0
0
3 1 674 3 725 5 705
2 7 659 8 662
0
0
2 3 750 12 757
0
0
1 13 777
1 10 707
0
2 6 679 11 745
0
0
0
2 5 732 6 754
0
6 1 639 2 697 8 678 14 670 15 721 16 675
0
0
0
0
0
0
0
0
0
0
0
4 9 669 18 685 19 706 20 677
1 4 673
0
0
2 4 676 15 729
2 9 696 16 691
0
0
0
1 2 766
0
0
0
0
0
0
0
1 2 710
1 3 692
0
4 1 666 4 739 10 683 11 723
0
0
0
1 14 699
0
1 5 761
0
0
0
0
0
0
0
1 4 735
0
0
0
0
0
7 1 680 8 719 9 727 11 728 13 740 15 730 16 734
0
0
3 10 711 12 714 17 776
3 6 726 7 759 18 753
0
0
0
1 13 784
0
0
0
0
1 3 717
0
4 2 713 6 744 12 791 17 747
0
1 1 704
0
2 1 746 19 769
2 10 741 20 803
1 3 720
0
0
1 14 812
0
0
0
2 4 792 6 834
0
0
0
0
0
0
0
0
0
2 2 751 3 799
0
0
0
0
2 5 743 6 733
2 1 773 9 825
1 13 771
0
0
0
1 7 768
1 6 787
8 1 775 8 724 13 749 14 789 15 762 16 765 17 774 18 748
0
0
0
1 11 731
0
5 5 752 13 763 18 808 19 760 20 802
0
0
0
0
1 3 810
1 1 783
0
0
2 4 830 14 838
0
1 9 772
0
0
2 3 798 5 764
0
0
0
1 3 822
0
1 9 827
0
0
0
0
1 10 855
1 12 854
0
1 1 800
2 1 806 2 848
1 7 778
1 1 851
0
3 8 770 14 824 15 785
1 6 801
0
0
1 4 796
0
2 4 837 6 843
0
0
0
3 4 805 11 807 13 767
0
0
0
0
0
0
0
0
0
0
0
1 1 794
0
0
0
0
0
0
0
0
0
0
0
0
0
0
0
0
5 1 813 3 877 5 870 9 882 11 903
0
0
2 8 780 12 790
0
2 1 818 6 905
1 10 923
0
0
0
0
0
0
1 4 863
0
0
0
0
0
0
0
0
0
0
0
0
0
0
3 2 779 3 786 7 861
0
0
3 6 907 10 973 11 960
0
0
0
0
1 1 895
0
0
0
0
0
0
0
0
0
0
0
0
0
0
2 8 817 9 782
0
0
0
1 6 996
0
2 2 788 10 781
0
0
0
0
0
0
1 1 922
0
0
1 5 809
0
0
0
0
1 8 831
0
0
0
2 3 819 10 816
2 8 840 11 918
0
0
0
0
4 2 793 4 820 7 853 11 988
1 1 887
0
1 4 873
2 4 845 9 857
0
0
2 3 890 4 864
0
0
0
0
0
0
0
0
0
0
0
0
0
0
0
1 3 868
0
3 2 815 6 795 7 878
0
0
0
0
0
0
0
0
0
0
0
0
0
0
0
3 1 804 4 797 6 850
0
0
0
0
0
0
4 5 814 6 846 8 909 9 821
0
0
0
0
0
0
0
0
2 3 869 7 939
0
0
2 5 823 10 859
0
0
0
0
0
0
1 5 832
0
0
3 1 839 11 867 12 811
3 2 826 13 844 14 829
0
0
1 3 884
0
0
0
0
0
0
3 1 888 4 849 8 881
4 4 879 5 886 12 915 15 916
0
0
0
0
1 9 917
1 6 872
0
0
1 1 926
0
0
0
0
0
0
2 1 833 2 904
0
0
1 4 962
0
0
0
0
1 4 992
2 1 835 5 928
1 3 902
0
4 3 900 6 910 7 919 8 930
0
0
0
0
0
0
0
0
2 3 913 8 950
0
0
0
0
0
1 2 955
0
0
0
0
3 1 847 6 842 9 841
0
0
0
2 10 891 11 937
0
0
1 5 941
4 1 858 12 862 13 856 14 876
3 1 865 15 880 16 897
2 6 852 17 883
0
0
0
1 6 899
1 3 925
0
0
2 10 968 11 908
0
0
0
0
0
0
0
0
2 2 906 4 940
0
0
0
0
1 3 957
0
0
1 4 898
0
0
4 1 892 11 936 14 875 15 948
1 7 976
0
0
1 8 989
0
0
0
0
2 1 985 6 914
0
0
0
0
0
0
0
0
0
1 1 889
4 1 911 3 893 9 871 12 971
0
0
3 2 885 8 946 13 901
0
0
2 1 912 14 942
1 9 944
0
0
0
0
1 5 965
4 3 929 10 934 11 958 15 954
0
0
0
0
0
2 1 921 13 966
1 1 956
0
0
0
0
0
1 11 980
0
0
0
2 1 931 3 967
0
0
0
0
0
0
0
0
0
0
0
0
0
3 2 896 6 927 7 974
3 1 933 6 932 8 943
0
0
0
0
0
4 1 938 4 959 8 949 9 990
0
0
0
0
0
0
0
0
0
0
0
1 5 952
0
0
0
0
1 3 935
3 3 969 6 970 7 979
0
1 3 983
0
0
0
5 1 987 3 963 8 984 10 945 11 972
1 3 982
0
2 2 920 3 947
0
0
1 1 994
0
0
0
0
1 4 964
0
1 2 924
0
0
0
0
2 4 998 6 1000
0
0
0
0
2 1 999 4 997
0
0
0
0
0
0
0
0
0
0
0
0
0
0
0
2 3 981 6 993
0
2 5 961 6 977
0
0
0
0
0
0
0
0
1 1 991
0
0
0
0
0
0
0
1 2 975
0
0
0
0
0
0
0
0
0
0
0
0
0
0
1 1 995
0
0
0
0
0
0
0
0
0
0
0
0
0
0
0
0
0
0
0
0
0
0
1 1 978
0
0
0
0
0
0
0
0
0
0
0
0
0
0
0
0
1 1 986
