20 1 26 2 22 3 16 4 37 5 5 6 11 7 8 8 23 9 9 10 36 11 29 12 35 13 40 14 3 15 42 16 59 17 76 18 41 19 45 20 64
3 5 47 7 7 9 63
2 2 20 3 31
0
1 16 96
0
0
1 3 55
0
1 13 92
2 2 43 4 49
1 8 194
0
0
0
0
0
1 3 48
0
0
1 5 51
0
0
2 2 53 3 60
1 10 54
1 3 113
2 4 99 19 17
2 4 87 14 132
1 10 100
4 6 38 13 65 15 123 16 12
2 1 46 4 28
0
0
2 9 58 17 89
2 9 73 13 95
1 16 90
1 1 74
0
3 2 93 7 56 10 77
3 7 70 18 143 20 52
0
1 6 57
2 1 117 6 152
2 3 160 6 44
3 13 78 17 91 19 25
0
1 4 50
2 5 61 10 112
2 6 86 8 15
1 6 166
2 1 62 4 135
0
2 2 33 4 4
0
1 12 67
1 19 128
3 6 88 15 75 18 197
3 6 66 7 85 11 225
0
1 15 218
4 2 140 7 110 14 80 19 161
1 7 207
2 4 32 13 173
1 6 107
1 20 68
1 9 109
3 2 233 3 83 19 122
0
1 20 21
2 12 79 17 164
1 19 101
2 8 72 15 178
0
3 2 103 7 150 13 241
1 16 111
3 5 71 8 153 9 106
1 4 119
1 3 147
2 2 69 20 190
0
1 2 6
2 1 154 6 137
1 19 163
0
1 9 125
2 2 151 10 98
4 1 97 4 158 5 186 19 24
0
1 2 188
1 15 215
0
0
1 7 180
0
0
3 13 214 17 277 18 231
0
0
0
2 14 168 16 81
1 5 240
1 11 219
0
1 13 366
0
1 7 347
0
0
1 6 217
0
3 4 187 7 170 19 102
2 6 134 19 126
3 6 169 8 182 9 223
1 6 199
2 11 226 13 175
1 17 257
2 5 246 20 291
2 9 220 19 237
0
1 3 222
4 3 84 11 171 12 159 16 319
2 2 245 19 252
1 2 322
2 6 155 10 179
0
3 1 118 9 185 14 224
1 15 288
0
0
0
0
1 14 229
0
5 4 249 7 198 8 259 12 356 16 282
2 2 200 5 294
3 2 228 5 405 17 121
2 17 348 18 379
0
1 6 253
1 6 340
0
0
1 2 265
1 4 256
3 1 144 3 162 4 191
0
4 4 221 15 283 17 338 20 377
1 17 378
0
3 2 196 3 388 16 280
0
1 19 334
2 2 232 3 373
3 2 255 6 310 20 138
2 12 386 17 429
0
2 7 238 20 156
4 1 145 5 244 6 195 11 176
2 6 181 10 264
1 6 189
1 13 247
2 4 204 9 236
2 10 275 14 427
1 5 276
0
0
0
0
2 8 261 20 235
0
1 20 402
1 7 260
2 3 263 6 387
0
1 4 234
2 5 279 15 382
0
1 12 486
0
2 4 297 18 295
2 9 254 17 469
0
0
1 16 442
0
1 9 301
0
1 20 476
3 2 311 6 341 20 440
1 12 483
1 9 390
2 4 327 9 307
3 1 208 3 239 19 216
1 11 271
2 10 312 11 436
2 4 398 9 18
1 3 142
2 5 262 13 302
2 10 281 19 410
0
1 20 115
1 4 305
0
1 3 266
4 7 324 10 346 15 331 17 332
4 6 329 7 381 9 298 19 306
0
2 7 451 10 104
1 18 459
2 15 210 20 285
3 2 268 7 267 8 333
2 2 290 14 524
2 6 342 7 364
1 7 353
4 3 352 4 494 7 339 12 343
0
2 15 365 16 489
3 2 351 14 456 17 326
2 2 362 19 309
1 2 414
0
1 8 376
0
4 2 425 3 354 10 394 15 120
0
0
0
0
1 13 336
0
1 6 457
2 16 316 20 370
2 9 344 20 415
3 6 454 8 497 17 493
5 1 269 2 242 6 538 11 455 17 545
0
1 2 296
1 5 349
0
1 13 391
0
3 1 313 4 350 11 485
2 4 385 7 413
2 2 383 7 447
0
0
0
2 7 574 8 422
1 6 389
2 6 450 20 495
1 6 541
1 13 393
1 3 407
1 18 556
1 12 434
1 15 139
1 1 320
1 19 325
0
2 5 409 7 380
1 13 404
2 10 531 17 475
0
0
0
1 16 614
0
1 19 401
1 2 423
0
1 14 460
5 1 397 6 368 10 418 11 565 20 561
3 6 426 9 508 10 431
3 3 420 8 484 19 411
1 2 503
4 2 435 5 533 9 558 17 547
1 4 421
0
1 14 473
1 17 521
0
0
0
1 10 465
0
2 13 193 15 501
2 8 453 15 535
1 5 559
1 14 564
2 12 464 19 679
3 6 430 7 467 19 406
1 6 706
1 6 374
1 7 638
1 11 609
1 18 654
3 5 624 12 651 16 733
0
0
5 4 463 12 205 13 444 19 481 20 468
1 9 482
0
2 1 488 2 487
1 2 496
0
0
0
1 14 490
1 5 449
4 3 519 5 284 12 477 20 690
0
0
0
0
1 2 600
3 9 479 13 549 17 445
1 17 542
1 19 696
2 6 627 16 602
1 8 568
0
2 10 474 19 715
2 10 510 15 664
1 1 499
0
0
1 10 597
3 3 509 4 472 19 520
3 4 526 13 512 19 505
2 5 317 20 618
0
0
1 16 560
1 11 543
3 6 491 7 577 15 779
2 3 513 20 529
2 2 537 4 613
2 8 570 9 534
0
2 5 358 16 375
2 1 506 20 515
0
0
1 3 582
2 10 643 18 749
0
2 15 471 16 665
0
1 10 695
2 11 552 12 632
2 2 593 9 633
1 5 369
1 14 498
2 10 569 13 587
0
3 4 562 6 681 19 691
2 2 704 19 825
2 2 716 9 575
1 6 720
1 6 808
1 6 873
2 14 598 17 514
0
2 2 838 16 697
1 2 862
1 3 667
0
1 6 891
3 6 708 9 942 13 858
4 4 594 6 563 8 650 15 544
1 13 548
3 7 557 9 553 20 616
0
1 4 606
2 7 596 15 931
1 8 417
0
1 20 629
0
1 6 623
1 11 621
1 3 687
1 7 27
1 5 424
3 2 502 5 461 20 723
2 5 516 12 1
2 4 670 18 857
0
1 15 965
2 3 554 17 736
3 1 571 2 511 10 591
2 2 566 13 572
1 4 586
0
1 7 615
0
2 4 739 8 707
0
1 11 683
2 5 532 16 579
0
0
0
0
3 5 625 13 668 20 608
1 2 583
3 3 601 10 634 19 839
3 4 699 6 116 8 912
1 2 675
0
1 11 419
1 5 642
0
0
1 14 605
1 20 617
1 3 603
3 3 626 17 809 19 620
2 3 889 19 973
4 3 718 4 610 6 923 19 167
2 4 148 6 367
0
4 7 576 9 714 12 82 15 952
2 2 752 5 700
1 19 659
0
3 16 640 18 585 20 823
1 17 448
1 5 710
1 5 581
1 13 673
3 1 611 12 573 13 592
1 2 653
1 14 639
0
1 3 660
0
0
2 4 666 13 644
1 15 657
0
0
0
0
0
2 6 595 12 584
2 6 604 10 698
1 2 648
2 4 680 7 656
1 4 652
1 2 762
1 16 658
4 1 631 12 622 19 767 20 795
3 7 754 8 685 9 678
0
4 2 797 7 589 17 713 18 853
1 17 791
0
2 2 702 10 740
0
0
1 11 637
2 5 725 14 517
1 5 300
1 17 849
1 19 914
2 3 926 4 315
0
0
1 7 647
2 6 628 7 416
1 16 684
0
2 5 717 18 899
0
1 7 896
1 1 686
2 6 674 13 677
1 6 663
1 2 744
0
1 7 759
1 13 694
0
3 6 719 7 692 15 761
2 9 758 10 787
1 9 428
3 6 689 9 768 16 518
2 5 737 20 157
2 2 522 19 124
4 2 709 6 722 16 782 19 630
3 2 635 12 636 20 729
3 3 783 5 751 13 772
2 2 730 7 764
3 4 776 8 727 16 788
0
3 15 804 19 785 20 363
0
1 7 812
2 11 721 12 641
3 2 738 9 753 14 826
1 1 701
0
0
2 6 777 20 757
1 7 669
1 7 525
0
2 4 856 17 778
0
1 15 887
1 7 270
0
3 7 732 10 962 11 478
1 5 769
1 19 866
0
1 19 879
0
0
1 10 728
2 5 774 6 773
2 8 817 19 833
3 4 815 13 775 15 806
2 2 790 17 765
0
2 3 796 7 800
3 4 810 9 822 20 832
1 20 868
2 2 821 8 843
3 3 900 8 384 11 661
2 2 802 6 816
1 12 662
0
0
1 10 880
1 20 39
0
0
1 18 895
0
0
2 5 711 12 781
1 4 814
3 6 836 8 439 13 412
0
1 3 258
3 10 131 11 580 20 966
2 1 712 17 748
2 6 841 7 883
1 7 304
1 16 330
1 14 890
1 15 272
2 3 850 4 834
1 2 884
0
2 18 551 20 655
3 3 747 5 763 9 910
1 19 846
0
1 7 855
1 19 920
1 8 745
0
0
0
0
0
2 13 946 14 213
1 8 936
1 5 149
0
0
3 4 829 9 314 12 446
1 6 851
1 17 875
1 10 807
0
2 6 770 16 273
1 6 741
0
2 2 743 20 859
0
2 7 867 13 466
1 7 274
0
0
1 3 830
1 18 828
0
0
1 15 278
0
2 4 860 19 392
0
1 11 649
2 5 794 10 14
3 2 323 5 396 6 500
4 2 619 5 371 6 878 9 546
3 2 536 6 452 11 403
4 2 432 4 105 6 408 10 248
4 2 345 5 755 9 645 14 130
2 2 527 6 2
2 2 328 6 947
3 5 480 6 672 10 172
0
1 12 507
1 6 34
2 6 399 9 251
2 6 523 8 108
3 1 771 2 726 6 724
5 3 813 4 811 6 831 11 906 18 837
1 12 202
1 5 803
3 5 470 7 760 14 299
2 7 894 17 703
2 13 995 16 114
1 4 819
1 17 827
1 6 870
2 15 955 19 607
1 8 321
2 1 780 20 818
4 9 250 10 183 13 555 18 141
2 5 671 9 211
2 12 789 19 203
0
2 3 869 14 335
2 2 750 6 746
1 10 784
1 7 133
4 10 847 11 848 15 13 20 913
1 5 177
3 1 820 5 824 17 292
1 8 492
0
1 14 212
3 7 30 9 361 16 400
0
1 15 793
2 7 688 13 318
1 3 905
1 19 438
0
2 2 799 20 798
1 2 844
3 2 882 4 885 10 805
1 1 871
0
2 6 786 20 852
2 9 888 18 892
1 15 864
0
1 12 861
1 10 835
0
3 5 734 7 192 19 886
3 6 863 9 872 17 948
1 11 874
1 8 854
0
1 2 893
3 2 916 6 877 13 957
1 2 938
2 4 928 14 927
1 3 898
0
2 2 945 9 941
2 7 915 15 902
3 5 904 7 972 12 986
4 1 897 5 909 16 940 20 919
0
2 5 921 14 949
3 9 960 15 19 17 967
2 6 881 20 918
2 3 974 6 987
3 8 922 13 530 20 357
0
2 7 227 12 146
1 19 165
0
1 5 939
1 2 988
0
0
0
1 10 908
0
5 5 985 9 550 16 976 17 395 20 907
1 1 917
0
0
4 2 924 3 980 5 10 6 462
1 2 693
1 15 979
1 13 925
0
2 4 934 6 504
2 6 184 19 911
1 2 676
1 10 968
1 7 578
1 4 954
0
0
2 5 933 18 992
1 17 984
0
1 12 612
1 6 360
1 9 289
2 3 944 11 876
1 3 977
0
1 2 989
0
3 2 901 6 441 16 742
1 15 932
3 1 930 4 951 20 994
4 3 998 6 1000 17 963 20 991
0
1 8 943
1 13 865
1 7 243
1 2 842
0
1 20 801
0
2 10 983 14 308
3 4 959 6 975 11 961
0
1 19 646
0
1 5 956
1 2 903
3 1 953 7 978 10 286
0
3 3 136 6 929 9 372
2 2 970 8 950
1 5 588
3 7 682 15 971 19 792
0
1 17 230
2 6 993 18 433
1 6 539
1 12 94
0
0
1 2 997
1 2 590
0
0
1 4 982
3 3 845 11 206 20 937
1 13 540
0
0
1 16 756
1 9 127
0
1 7 958
0
1 1 969
2 4 964 10 303
1 8 443
0
3 2 840 5 705 6 337
0
1 14 599
0
0
0
1 4 990
0
1 19 766
1 3 359
0
2 15 355 16 201
0
0
0
0
0
3 2 437 17 209 20 935
0
2 9 528 13 996
0
1 5 287
4 1 981 6 174 11 458 12 735
0
0
0
0
1 2 567
0
0
1 4 731
1 19 129
1 7 293
0
0
0
0
0
0
0
0
0
0
0
0
0
0
0
0
0
0
0
0
0
0
0
0
0
0
0
0
0
0
0
0
0
0
1 1 999
0
0
0
0
0
0
0
0
0
0
0
0
0
0
0
0
0
0
0
0
0
0
0
0
0
0
0
0
0
0
0
0
0
0
0
0
0
0
0
0
0
0
0
0
0
0
0
0
0
0
0
0
0
0
0
0
0
0
