20 1 89 2 10 3 142 4 194 5 72 6 60 7 25 8 36 9 184 10 27 11 171 12 139 13 55 14 30 15 29 16 253 17 213 18 247 19 18 20 13
2 6 24 20 102
1 11 44
0
0
0
0
1 6 104
0
2 7 43 20 40
1 1 135
0
3 15 46 17 12 18 73
1 15 134
2 7 83 10 128
1 7 122
1 12 188
1 6 78
1 6 120
0
3 3 179 5 23 6 141
1 6 133
2 1 153 6 136
3 3 146 6 182 15 226
0
1 1 393
1 10 1
1 16 288
0
3 7 33 10 9 13 66
0
0
2 4 196 5 112
0
1 17 22
4 3 132 17 129 18 117 20 152
0
0
2 8 71 13 202
1 14 121
1 9 191
2 7 270 11 165
1 2 74
1 20 322
2 6 206 12 383
1 1 482
1 17 272
0
1 13 229
1 5 282
2 4 332 14 391
2 7 239 15 280
1 13 277
0
2 3 211 9 525
1 12 448
1 7 394
0
3 1 217 3 67 10 585
0
2 1 551 7 628
3 7 97 13 692 19 538
1 3 118
1 20 384
0
0
2 7 107 14 604
1 7 588
1 10 671
0
3 6 303 7 304 17 380
2 6 643 19 520
0
0
3 12 669 13 555 16 697
1 16 488
3 1 696 9 481 15 435
1 1 539
1 5 290
1 8 159
1 3 115
1 13 205
0
0
3 4 157 13 420 18 489
0
0
0
0
0
0
1 7 578
0
1 16 518
1 1 644
1 8 529
3 2 161 11 584 12 607
3 1 505 6 727 19 542
2 6 540 7 797
1 9 652
2 10 605 16 395
1 20 678
0
1 3 180
1 18 589
3 1 248 2 190 7 221
0
0
1 4 235
3 10 658 14 647 17 215
1 13 487
1 1 675
1 2 227
2 10 731 17 495
0
0
1 12 638
1 3 688
2 3 660 15 706
1 8 534
0
2 3 802 6 673
0
3 7 231 13 685 14 532
0
1 13 250
5 4 258 9 745 13 635 15 610 18 300
1 5 311
1 6 679
2 2 256 6 754
1 3 749
1 7 325
2 1 775 6 316
1 10 275
0
2 4 268 11 750
1 10 545
2 3 26 10 228
0
0
1 17 5
1 18 491
1 13 376
1 6 360
0
1 3 413
4 3 246 8 273 10 526 12 6
0
1 16 490
1 5 339
0
2 12 705 20 236
1 7 399
0
0
2 1 863 3 597
0
1 15 634
1 3 614
3 9 641 19 600 20 703
0
0
0
0
2 6 450 10 665
0
0
1 16 822
1 7 328
0
1 18 243
1 6 207
2 4 279 5 369
1 8 371
3 3 666 10 751 19 291
0
3 13 65 14 101 17 341
0
1 3 712
2 1 259 2 278
1 1 323
3 8 147 13 809 20 271
1 7 651
0
0
1 1 367
2 1 403 3 396
1 6 453
0
2 1 411 19 483
2 1 485 17 680
0
2 11 757 12 430
3 1 720 10 569 15 326
2 4 340 9 312
0
0
1 14 193
0
0
4 7 682 9 176 11 788 15 77
1 4 345
0
3 1 388 6 755 7 62
0
0
3 3 479 12 314 14 313
1 1 477
2 6 499 19 269
0
2 16 296 20 170
2 1 443 5 400
1 1 470
1 10 629
2 7 570 20 580
2 2 820 7 99
1 18 601
0
0
0
0
1 6 508
0
1 1 553
2 6 791 9 795
2 3 565 13 880
2 4 359 5 186
0
0
1 7 287
3 7 337 15 756 16 49
0
1 8 230
0
0
2 8 748 17 372
2 6 79 8 218
3 1 613 12 378 20 375
0
2 7 615 18 805
0
2 7 856 12 331
0
0
0
0
0
1 10 699
1 15 175
2 10 59 11 493
0
0
3 2 722 6 476 14 295
0
3 7 623 13 344 15 244
2 7 813 10 583
2 4 415 6 349
1 16 85
0
2 14 709 16 811
0
2 1 701 11 677
1 17 818
1 18 725
1 7 382
1 20 166
2 6 884 20 550
1 2 739
0
1 3 769
1 6 794
0
1 6 137
1 12 404
1 7 713
1 19 294
0
1 5 106
1 15 657
2 6 145 13 251
0
1 10 436
0
3 3 379 7 825 9 444
0
0
0
1 11 773
2 6 297 8 108
2 1 466 4 475
2 1 519 6 721
1 20 786
2 8 433 12 810
0
2 2 831 14 474
2 6 816 14 87
1 6 902
0
0
1 7 732
0
1 18 746
2 12 524 18 845
0
1 15 203
1 16 58
1 7 827
0
0
0
0
0
3 2 484 5 156 8 506
0
0
0
3 6 832 17 664 18 168
1 6 799
4 3 800 14 823 19 363 20 656
0
0
0
0
0
0
0
1 3 21
0
2 10 127 13 790
2 11 787 12 830
2 9 511 13 445
1 10 877
0
2 1 598 7 568
0
0
0
1 13 792
1 10 262
0
4 4 544 6 261 10 181 16 249
1 7 645
0
2 1 618 7 667
3 7 672 15 654 18 684
2 7 693 14 876
1 7 735
2 2 183 13 898
0
2 6 695 10 353
0
0
0
1 19 432
0
2 15 752 17 267
3 1 646 10 711 20 100
1 1 691
2 5 362 14 68
0
0
4 4 562 6 61 16 116 19 109
0
2 8 881 13 88
1 2 223
0
0
0
0
4 3 351 6 219 15 309 20 547
0
3 1 761 5 779 9 305
2 6 821 7 434
1 10 759
3 14 772 17 753 18 560
1 14 817
2 11 883 12 694
0
0
0
0
1 3 389
0
0
1 4 581
0
2 8 655 10 853
2 6 824 16 870
1 10 901
0
0
1 1 834
1 14 861
1 13 554
1 6 862
0
0
0
2 16 838 18 561
1 7 498
2 10 921 14 80
3 2 260 19 144 20 174
1 5 828
3 4 633 12 918 15 338
0
2 3 935 11 293
0
1 17 777
1 3 192
2 3 624 17 867
1 1 844
1 12 803
0
0
3 3 843 5 308 9 668
0
3 1 398 15 855 17 447
1 11 710
2 1 15 3 866
1 1 734
1 6 151
2 7 819 18 548
2 7 90 18 350
3 1 698 3 370 5 306
1 1 639
3 6 858 7 93 9 364
0
3 1 356 7 894 18 865
2 3 114 12 798
1 15 123
0
1 11 718
3 5 762 13 222 17 426
1 10 951
0
1 6 321
0
0
1 10 914
1 6 318
1 1 622
3 3 885 7 289 13 242
1 20 172
0
0
0
1 18 730
1 16 872
1 4 716
2 8 686 14 700
1 12 676
1 5 582
1 17 105
0
1 3 47
1 15 911
1 7 567
1 10 39
1 9 422
0
1 6 111
3 5 950 7 608 11 428
0
0
1 1 454
0
1 13 187
0
2 2 320 19 173
0
0
0
0
2 18 851 20 522
0
0
0
1 17 408
1 7 452
0
2 2 764 8 778
1 19 503
1 3 942
0
0
0
0
1 10 329
1 15 513
0
1 6 365
1 6 38
2 6 956 15 143
3 6 760 12 446 16 264
1 14 715
0
1 12 590
0
1 4 785
1 15 917
2 1 397 7 933
2 1 868 7 427
1 7 98
3 7 440 8 301 16 833
1 7 923
2 5 948 7 780
3 6 530 7 966 12 35
4 6 564 7 366 13 814 15 960
1 6 784
3 6 796 14 617 18 741
1 14 979
1 16 266
2 1 893 8 959
2 5 873 6 333
1 7 927
2 7 467 9 204
2 11 546 20 931
0
2 10 414 12 286
2 13 536 15 255
0
2 7 149 18 896
2 10 910 16 63
1 3 829
3 1 625 3 34 14 765
1 1 317
1 11 650
2 18 594 20 782
1 6 900
1 7 354
1 8 602
1 17 932
2 6 964 12 374
0
0
2 5 138 14 478
2 1 957 16 596
1 9 869
1 10 412
1 15 937
3 7 509 17 96 20 943
0
1 4 836
2 3 70 13 557
1 1 50
2 5 472 10 559
0
1 6 815
1 11 661
1 19 574
0
0
1 18 906
0
2 2 835 8 852
0
2 6 766 20 579
2 4 919 6 357
1 14 599
0
1 3 177
0
0
1 15 381
0
0
0
2 1 19 16 220
2 7 167 12 925
2 10 113 13 631
1 6 241
0
1 18 502
0
1 17 944
0
1 9 457
0
1 3 373
0
2 19 846 20 714
0
0
1 5 527
0
0
0
0
0
1 10 28
0
0
1 7 771
0
1 11 573
0
3 6 878 15 423 18 486
2 2 837 16 402
0
1 1 681
0
1 14 670
0
0
0
0
1 12 978
1 8 922
1 10 907
1 3 492
0
0
1 7 224
1 7 500
2 7 497 13 342
3 4 938 5 807 7 473
1 7 909
2 7 543 13 662
2 7 949 9 407
1 7 840
1 7 32
2 6 178 13 930
2 5 928 6 571
3 5 14 6 11 17 648
3 6 808 10 419 15 185
4 2 889 6 842 7 386 10 237
3 6 609 7 75 9 42
4 5 719 6 319 7 738 17 980
2 6 961 7 653
2 7 976 20 848
1 13 726
1 10 946
4 7 233 9 620 13 940 19 462
3 7 905 15 416 18 895
3 1 674 6 17 7 480
1 1 377
5 6 864 10 899 17 281 18 263 20 521
3 5 687 6 417 7 990
3 6 708 7 763 16 343
3 6 54 7 603 13 57
1 7 839
5 1 793 3 20 7 336 9 955 19 335
6 1 556 3 626 6 974 7 245 17 214 18 418
4 1 962 6 195 7 723 13 968
3 3 945 6 621 20 912
2 10 125 12 897
2 7 385 20 954
2 7 330 13 920
0
0
2 1 992 19 501
2 3 81 15 199
3 7 997 16 124 20 774
4 3 857 7 627 13 110 14 649
1 4 952
3 5 514 11 274 12 429
4 6 421 9 984 17 41 18 903
2 7 4 10 986
2 1 781 14 612
1 20 606
0
0
0
1 10 871
5 5 140 7 849 15 64 17 209 19 991
1 20 632
3 8 515 13 801 16 860
1 7 616
3 2 265 3 640 4 941
2 6 283 12 361
3 6 934 14 456 18 537
2 1 315 10 890
2 6 69 10 464
1 7 346
0
1 11 659
3 9 592 16 307 17 130
1 20 465
1 7 558
1 7 437
1 13 439
1 3 82
1 1 577
3 3 225 6 994 10 368
1 19 160
1 20 276
2 14 744 18 729
2 4 804 7 94
4 1 742 7 758 8 148 15 16
3 2 975 5 563 7 572
1 6 591
1 16 210
1 12 996
3 7 200 17 455 20 2
0
0
1 3 913
0
1 3 619
0
3 1 915 9 150 18 352
3 6 965 7 510 20 967
0
2 8 904 10 776
3 7 460 11 953 15 690
3 1 926 3 334 14 963
2 6 84 13 254
1 5 48
2 17 552 19 1000
0
0
0
2 3 461 6 973
3 6 663 10 234 18 993
4 1 468 2 874 7 970 16 212
0
3 12 198 15 298 20 348
0
0
1 18 983
0
1 4 972
1 3 892
3 1 958 6 985 14 812
1 9 989
1 8 358
0
1 5 324
1 17 936
0
0
0
2 6 747 7 724
2 6 392 19 916
1 18 516
2 10 533 11 284
0
0
4 2 971 3 683 6 854 13 252
2 1 988 20 425
2 5 998 12 238
0
0
2 6 982 14 576
0
1 4 826
1 7 197
3 1 126 15 459 18 879
1 16 969
1 3 169
0
1 6 410
2 1 939 17 875
1 10 630
2 6 806 10 471
1 18 91
0
1 7 431
2 1 494 14 103
1 9 164
0
1 8 541
1 19 390
1 13 977
0
2 5 507 6 469
1 7 740
0
2 11 387 15 158
3 12 496 18 8 20 737
0
0
0
0
0
2 1 888 2 95
1 3 189
0
0
2 10 707 16 886
2 4 999 17 504
1 6 310
0
0
0
0
1 7 733
0
1 14 728
1 1 908
2 5 611 15 850
0
0
1 7 449
1 13 924
1 9 162
1 12 717
0
0
2 6 887 20 882
1 10 929
0
3 3 441 8 789 18 535
0
0
0
0
2 5 355 11 232
0
1 16 406
2 1 154 10 56
0
0
0
1 17 517
0
1 6 257
1 19 51
0
1 4 86
0
1 3 768
1 2 704
1 13 995
0
1 6 595
3 7 45 15 131 20 438
1 14 947
0
0
0
0
1 10 593
0
2 12 528 18 891
1 9 424
0
0
0
1 8 523
1 6 155
0
0
1 1 512
0
0
0
0
1 3 575
1 17 841
1 14 549
0
1 16 327
0
1 11 240
0
1 5 347
0
1 6 463
2 7 689 20 201
0
0
0
1 10 642
1 15 451
1 12 405
1 13 409
1 1 736
1 4 208
1 3 981
1 18 987
1 19 285
0
0
0
0
0
0
0
1 2 3
0
0
1 6 37
0
0
1 14 702
1 10 76
2 9 92 17 53
1 3 743
0
1 12 7
0
0
1 8 31
1 7 531
0
0
0
0
1 1 783
0
1 5 637
1 15 52
0
3 6 586 11 847 13 458
2 16 587 18 292
0
0
0
1 20 299
0
0
0
0
0
0
0
1 10 767
1 14 859
1 7 163
0
0
3 3 216 6 636 12 302
0
0
0
1 1 119
0
1 19 566
0
0
0
1 4 401
1 9 442
0
1 18 770
0
0
0
0
0
0
0
0
0
0
0
0
0
0
0
0
0
0
0
0
0
0
0
0
0
0
0
0
0
0
0
0
0
0
0
0
0
0
0
0
0
0
0
0
0
0
0
0
0
0
0
0
0
0
0
0
0
0
0
0
0
