20 1 6 2 16 3 27 4 24 5 2 6 13 7 49 8 58 9 1 10 7 11 14 12 4 13 113 14 34 15 100 16 31 17 60 18 92 19 83 20 42
0
0
0
0
1 7 9
3 10 61 15 73 18 57
0
2 6 35 16 48
0
3 1 11 4 36 6 90
1 19 12
3 7 21 9 18 11 33
2 17 44 20 89
1 7 116
0
0
2 5 45 8 88
2 2 29 10 51
0
0
0
0
1 11 164
1 17 149
1 9 37
0
0
1 7 70
1 7 68
2 3 52 16 30
0
1 14 110
3 8 139 13 22 17 111
1 8 80
0
0
1 6 87
1 16 53
1 9 102
0
1 17 188
2 16 59 18 40
1 4 106
2 1 47 10 93
2 2 63 11 125
1 16 25
1 12 46
0
1 3 50
2 7 98 18 115
0
1 20 131
2 6 119 7 217
2 5 96 16 128
4 1 148 5 127 13 86 14 114
2 8 122 19 91
1 9 64
0
1 10 166
0
1 4 126
1 5 142
2 15 75 16 137
2 16 103 19 156
0
0
2 6 134 16 225
0
1 5 146
1 18 39
3 1 71 3 97 11 10
0
1 10 173
2 5 191 7 177
0
0
1 8 101
2 15 84 19 210
4 7 183 11 133 17 56 20 263
1 9 205
0
1 8 303
0
1 6 3
2 7 72 16 297
2 7 160 8 220
1 12 54
1 2 147
3 6 95 11 120 12 74
1 19 130
1 18 55
1 8 5
2 9 153 11 151
2 7 108 13 94
1 20 105
1 7 154
2 7 185 16 237
1 7 275
1 7 306
1 16 209
1 16 273
2 10 184 17 65
1 6 112
2 1 107 19 199
0
0
1 18 67
3 7 287 13 124 16 187
1 6 145
0
1 15 117
1 2 178
2 4 161 9 143
2 14 140 20 236
2 7 99 12 182
0
1 17 163
0
1 11 129
0
0
1 5 198
0
1 13 186
0
1 3 168
2 4 203 10 194
2 5 190 7 135
0
2 2 204 8 85
4 2 152 6 201 14 231 16 277
0
0
0
1 19 138
1 16 150
0
2 8 248 20 158
0
2 2 197 17 213
2 6 221 16 172
1 20 165
0
0
0
0
2 10 257 12 192
0
2 1 181 7 167
1 7 256
1 8 346
2 3 200 15 249
1 10 353
3 5 261 7 196 19 141
1 2 216
0
0
4 8 162 10 268 13 82 18 271
3 6 246 8 193 11 308
0
1 13 144
2 3 279 16 266
3 6 291 10 304 12 341
1 6 227
1 7 176
2 2 251 7 202
1 11 354
1 8 226
0
1 16 157
1 16 230
4 2 223 7 228 9 265 11 175
0
4 5 286 6 267 12 305 14 358
0
1 19 229
1 18 417
1 15 214
2 1 215 17 274
0
0
2 4 243 10 285
2 7 293 18 206
1 5 429
0
0
1 18 244
0
0
2 17 264 20 211
1 10 310
0
1 17 332
1 16 431
0
0
0
1 19 233
0
0
1 5 356
1 6 428
0
1 12 327
2 5 315 7 420
1 12 462
3 9 278 17 242 20 222
1 1 252
3 7 219 16 434 20 393
1 19 517
0
0
1 18 410
2 1 260 8 292
0
1 13 253
1 6 232
1 8 361
2 7 299 17 421
2 3 339 5 352
1 5 317
1 14 414
1 10 355
1 10 376
2 2 247 7 359
1 4 326
1 17 290
1 16 433
1 8 443
1 15 258
3 11 272 18 396 19 366
0
1 2 270
0
1 3 391
0
0
1 11 379
1 9 289
0
1 13 307
1 17 340
1 6 235
0
1 9 338
1 7 545
0
3 1 333 5 325 7 331
2 7 432 17 494
0
2 8 478 10 509
1 12 463
2 2 283 9 313
3 7 330 13 397 20 344
2 6 390 7 238
3 6 254 7 499 10 531
2 4 449 14 569
0
1 20 425
0
1 2 288
0
0
2 6 295 19 296
0
1 7 321
0
0
0
2 4 328 18 413
0
3 3 402 7 369 13 454
1 7 466
2 1 343 8 349
2 10 538 14 542
1 10 488
1 16 492
1 5 387
0
2 9 319 16 364
0
1 7 573
1 17 336
0
2 9 554 10 386
0
0
2 1 382 7 472
3 7 592 9 487 13 577
0
1 5 424
0
1 13 464
0
0
4 1 301 7 447 15 430 16 439
0
0
1 3 482
4 4 309 5 373 6 360 11 405
2 6 561 20 525
0
1 16 579
1 12 486
1 8 381
2 19 348 20 445
2 1 388 17 584
0
1 3 617
0
0
1 9 626
3 7 368 16 419 19 502
2 6 497 19 436
2 6 467 8 541
2 2 294 8 298
1 8 555
0
2 4 404 9 365
0
2 10 662 14 609
2 6 550 12 568
1 13 522
2 18 465 20 635
1 16 475
1 9 377
0
2 2 351 7 320
0
0
0
0
3 6 329 10 437 11 484
2 3 415 5 371
0
0
1 5 383
1 19 604
2 14 496 16 532
0
1 18 375
0
0
2 8 642 19 664
0
1 1 392
1 14 669
0
2 1 342 7 459
4 1 378 2 370 4 350 15 426
1 8 519
1 6 408
1 7 606
0
2 9 601 20 590
0
1 13 588
0
1 11 491
1 10 615
0
1 13 575
1 19 693
1 16 385
0
1 3 504
2 5 384 7 581
0
1 15 582
1 2 423
2 1 389 17 438
0
0
0
1 12 380
0
2 18 645 20 471
3 5 444 9 765 19 634
1 20 665
1 12 416
1 4 450
0
0
1 19 631
3 6 500 7 440 16 442
4 3 521 5 543 10 666 18 804
0
0
0
0
2 8 612 19 790
1 7 523
2 6 508 9 713
2 5 816 20 825
0
1 16 785
2 1 398 3 796
2 10 632 11 802
4 6 476 13 452 16 511 17 862
1 1 451
0
0
0
2 7 920 15 894
1 7 886
2 7 741 8 889
2 4 460 20 159
0
1 14 811
1 17 950
2 10 850 11 269
0
0
2 5 871 18 945
0
1 6 515
2 4 547 7 553
0
0
1 20 218
1 17 949
1 9 302
1 19 912
2 6 594 13 529
2 6 574 7 528
4 7 570 8 583 14 623 18 572
1 12 477
0
1 2 448
0
0
3 1 474 9 512 11 461
1 15 498
0
1 17 527
2 16 524 18 503
1 20 316
1 4 322
2 12 552 13 536
2 8 603 20 334
0
1 13 622
1 12 596
1 10 977
2 4 629 6 954
2 3 318 7 441
1 8 686
0
2 5 407 10 456
1 14 625
1 10 932
1 20 455
1 6 841
0
0
0
1 20 170
1 15 530
0
1 19 924
1 6 66
1 6 77
3 4 684 10 660 20 904
0
1 16 580
1 9 595
1 8 776
1 7 259
2 2 514 4 468
2 11 516 18 513
0
0
2 5 563 18 537
1 5 745
4 1 483 8 507 9 636 19 624
3 2 549 6 556 16 589
1 17 610
2 5 659 7 551
0
0
1 8 661
1 20 761
1 15 544
4 13 780 15 453 16 469 20 855
0
3 3 362 8 26 11 367
3 1 557 8 505 12 620
1 7 667
1 1 576
1 13 969
2 7 400 13 970
1 7 672
2 11 628 12 689
1 1 585
1 4 473
1 10 616
1 10 675
1 9 687
0
2 7 506 8 571
1 7 567
3 11 490 15 914 19 281
4 10 614 11 118 13 501 18 255
2 7 658 10 706
1 4 533
0
0
1 16 208
3 10 640 16 759 17 180
3 2 618 15 560 20 526
1 14 8
1 13 345
1 19 195
0
0
0
0
2 11 946 16 411
2 7 337 15 79
0
0
0
2 13 959 20 224
1 3 979
0
3 5 599 6 699 18 650
1 6 724
2 8 593 17 611
0
1 1 591
1 12 775
1 9 709
1 5 654
0
1 19 357
1 6 179
2 4 587 6 613
0
0
1 18 559
1 10 633
1 7 586
0
2 2 600 4 695
0
0
0
1 16 668
1 7 608
1 1 630
1 5 679
1 1 691
2 6 627 11 651
1 7 619
0
1 20 539
3 10 678 13 671 16 734
1 14 698
0
1 20 540
2 5 688 12 700
0
0
1 15 655
1 7 641
1 1 714
0
1 10 682
1 8 637
2 8 621 17 639
1 6 644
1 4 738
0
2 8 681 13 690
2 9 656 11 719
1 1 721
2 1 716 3 806
1 8 773
2 2 670 20 638
3 6 652 15 605 20 712
0
1 8 723
3 18 597 19 647 20 722
3 5 692 6 663 12 710
1 10 694
0
3 3 708 6 702 10 685
1 9 752
2 6 677 17 566
0
0
1 8 564
1 7 649
1 7 728
2 7 760 13 121
2 10 62 11 169
2 8 653 19 395
3 6 680 13 123 18 409
0
3 5 740 7 280 10 643
4 7 737 11 784 12 374 20 646
1 7 744
3 5 746 7 673 8 756
2 13 764 16 399
2 10 479 12 406
2 8 683 20 311
2 4 489 19 705
1 2 674
3 3 782 9 789 18 799
1 17 731
2 8 876 10 412
1 8 314
0
2 16 250 20 394
0
3 8 725 12 787 14 743
1 7 696
0
0
0
1 10 748
3 4 832 9 323 20 23
1 9 212
2 1 703 15 534
1 19 324
1 5 15
0
2 16 403 18 284
1 6 758
3 6 767 7 755 10 648
1 9 17
1 11 834
1 7 762
2 12 845 17 846
1 5 457
3 13 788 16 803 20 772
0
1 15 171
0
1 10 960
1 9 38
2 12 879 18 427
0
1 7 770
5 3 769 6 801 7 840 8 792 20 823
4 5 435 7 104 19 598 20 41
0
0
2 9 676 14 993
1 2 697
1 6 720
0
2 4 750 7 704
1 10 893
1 15 891
3 3 810 7 798 19 815
1 20 777
0
1 5 109
0
0
1 1 707
0
1 7 701
1 18 735
1 7 245
1 5 300
0
2 10 870 19 833
1 11 763
2 4 813 9 828
1 18 602
1 14 562
1 8 973
1 16 848
0
3 7 837 13 830 19 872
0
0
1 1 718
1 7 715
1 7 717
3 7 749 9 853 16 899
2 6 747 20 736
1 17 778
0
0
1 5 896
2 10 826 20 885
0
0
2 9 847 17 897
1 12 943
3 1 779 4 751 6 817
2 9 783 20 820
2 7 809 8 753
1 10 905
1 16 857
3 7 818 13 869 14 917
3 2 711 7 793 11 771
2 6 866 15 729
1 18 578
0
1 8 797
1 15 988
0
1 6 607
2 1 807 19 276
0
4 8 808 10 915 13 844 16 900
1 4 843
2 3 814 7 878
1 9 795
1 6 829
2 1 842 19 824
1 13 887
2 8 851 11 821
1 20 867
2 5 884 7 922
0
1 18 480
0
1 7 241
2 13 43 17 925
1 5 78
1 2 742
1 11 727
1 20 786
1 7 952
3 1 861 3 877 19 827
0
0
1 10 535
1 20 865
0
3 5 510 16 812 18 868
0
1 9 262
4 1 873 4 940 12 732 13 774
1 2 819
1 6 805
0
1 15 838
1 11 757
1 20 882
0
0
1 16 754
2 1 859 17 881
4 2 875 3 860 10 906 19 919
2 5 836 14 739
2 5 363 18 136
2 11 768 20 903
0
1 7 854
2 7 944 20 955
2 13 733 20 822
1 8 901
1 16 831
0
2 6 852 10 874
3 9 927 10 962 17 907
0
1 16 913
1 11 863
2 1 926 5 794
0
0
1 7 928
0
1 14 936
1 18 937
2 3 916 19 947
0
1 1 974
1 17 835
0
3 12 895 14 335 16 781
3 8 981 13 485 18 347
0
1 20 418
0
0
0
1 16 982
1 15 856
1 9 849
0
2 6 908 7 892
3 8 902 17 968 19 991
2 4 958 8 948
1 2 888
1 3 890
0
1 11 883
0
1 6 961
1 19 929
2 16 921 20 935
1 3 898
1 10 930
2 6 911 17 994
2 1 953 12 1000
2 1 980 19 972
1 17 470
2 7 923 9 189
1 10 998
1 6 800
1 5 858
1 8 495
0
2 16 989 20 81
0
1 3 934
1 18 730
1 10 19
2 11 918 13 976
0
1 20 155
0
1 16 880
0
1 1 839
0
1 9 20
0
2 10 548 12 766
0
2 7 234 14 32
1 8 520
2 2 910 17 939
0
1 15 864
0
2 8 909 19 207
0
1 17 966
0
2 3 984 18 239
2 6 282 13 546
1 16 965
0
1 11 933
1 4 967
2 2 999 20 791
0
1 10 458
0
0
1 5 941
2 8 975 9 931
0
2 5 942 15 978
0
1 1 422
1 7 372
0
1 16 69
0
1 12 28
1 4 997
0
0
0
1 8 565
0
2 11 951 14 76
2 10 493 19 401
2 7 240 18 938
0
0
1 16 726
0
0
2 9 132 13 174
0
0
1 20 985
0
0
2 3 964 5 990
1 6 971
0
1 2 957
1 11 963
0
0
0
0
0
1 7 996
1 10 446
0
0
1 15 956
1 12 657
1 1 518
0
0
1 7 986
1 17 995
2 5 992 6 558
1 9 312
2 3 987 4 481
0
0
0
0
0
0
0
0
0
0
0
0
0
0
0
0
1 2 983
0
0
0
0
0
0
0
0
0
0
0
0
0
0
0
0
0
0
0
0
0
0
0
0
0
0
0
0
0
0
0
0
0
0
0
0
0
0
0
