20 1 8 2 261 3 23 4 10 5 287 6 75 7 9 8 14 9 47 10 6 11 11 12 279 13 81 14 2 15 270 16 15 17 301 18 52 19 7 20 323
2 4 21 5 35
0
1 12 302
2 1 27 14 331
2 13 362 14 360
0
0
4 2 41 4 407 8 318 13 532
1 13 539
1 9 121
2 11 593 14 565
2 11 516 17 622
2 8 609 11 599
0
0
1 2 512
0
0
0
0
1 20 633
2 1 657 20 693
1 20 705
1 20 656
1 1 740
1 16 753
1 9 814
2 1 752 20 637
2 6 788 10 878
2 7 905 11 934
0
1 14 973
1 8 60
1 13 587
1 1 1000
0
1 9 4
0
1 5 56
3 3 13 19 29 20 25
0
3 4 1 5 12 15 64
2 2 43 4 19
1 1 49
1 18 17
0
2 3 3 8 30
2 7 5 11 69
2 5 46 18 34
4 1 22 4 28 16 82 20 74
0
1 7 33
1 2 58
2 3 16 11 65
1 20 145
1 11 31
0
1 12 53
1 13 18
0
1 10 167
2 5 120 19 110
1 17 38
1 14 90
0
0
0
1 6 54
2 3 26 8 48
0
2 1 61 8 70
1 8 93
0
0
0
0
0
3 3 88 5 44 8 57
0
0
0
0
0
5 4 36 5 59 9 51 10 37 12 45
0
4 3 97 4 107 5 20 7 24
0
2 11 123 13 32
0
0
0
1 3 181
0
0
0
1 2 42
0
1 3 39
0
1 6 40
0
0
0
1 4 213
0
0
2 1 79 5 76
2 5 86 7 146
2 6 71 8 132
0
0
2 8 78 11 118
0
2 1 116 12 103
0
0
2 9 63 13 66
0
0
0
0
0
1 4 77
0
0
0
0
1 1 135
0
0
0
1 3 138
0
0
0
0
0
1 3 201
0
0
2 4 153 5 193
0
0
0
0
3 6 125 7 105 8 134
3 2 89 9 50 10 72
0
0
0
0
0
0
0
1 1 159
0
2 2 99 6 101
1 6 136
0
0
0
0
0
0
0
0
1 1 163
0
0
0
2 7 55 8 62
0
8 8 104 9 108 10 112 11 127 12 67 13 85 14 84 15 80
0
0
0
0
0
0
1 3 91
0
0
3 4 73 5 68 12 98
0
0
0
0
3 4 117 5 133 11 83
3 6 186 12 173 13 169
2 2 170 16 137
0
1 5 172
1 6 284
3 3 92 6 87 9 119
0
5 4 158 11 129 15 131 17 96 18 95
0
0
0
1 3 164
0
0
0
1 1 140
3 10 177 12 111 14 113
1 8 114
0
0
2 4 94 7 144
2 6 162 19 122
3 2 139 18 100 20 174
3 3 244 10 245 11 194
1 8 202
1 5 106
3 2 156 9 211 13 199
0
1 8 229
0
0
1 19 142
1 9 307
0
0
0
0
0
0
0
0
1 2 155
1 3 102
0
0
0
0
3 6 226 8 175 11 115
0
0
1 5 124
0
4 4 154 12 184 15 126 16 152
0
1 6 160
0
1 1 166
0
0
0
0
0
0
0
0
1 6 295
0
6 3 161 8 149 9 109 10 148 11 130 13 128
2 11 205 14 143
0
7 9 179 13 197 16 191 17 192 18 190 19 200 20 150
1 7 180
0
0
0
0
1 1 165
0
0
0
0
0
2 4 231 6 296
2 5 141 8 183
0
2 10 188 11 219
0
2 1 235 7 222
0
0
0
0
0
2 1 210 5 208
1 6 314
0
2 8 151 10 178
0
1 5 147
0
0
0
0
5 3 185 4 168 7 236 9 176 11 203
3 2 224 3 207 11 195
0
0
1 4 171
3 4 187 12 196 13 216
2 8 223 14 182
0
0
0
0
2 15 264 16 206
1 6 294
0
0
2 6 215 9 217
3 11 233 13 239 16 234
3 5 204 11 256 17 157
0
0
1 6 271
1 1 214
1 3 212
0
3 1 227 4 327 6 221
3 2 343 4 291 10 237
0
4 6 320 7 238 18 230 19 262
0
0
1 1 240
0
0
0
0
0
0
0
1 2 274
0
0
1 4 298
0
2 4 324 5 288
0
0
0
3 6 249 7 209 8 198
0
0
2 1 218 3 220
0
0
0
0
1 2 189
0
0
0
0
0
0
0
2 6 247 8 267
0
0
0
0
1 4 363
0
0
0
0
0
0
3 5 254 7 272 8 225
0
2 1 251 4 228
0
1 6 269
0
0
0
0
0
0
3 6 232 8 243 9 309
3 8 259 10 322 11 246
3 3 250 12 273 13 312
0
0
1 2 255
0
0
0
4 1 258 3 335 9 283 14 257
0
0
1 8 304
0
0
0
0
0
4 2 266 11 265 15 316 16 263
0
0
0
0
0
0
0
2 1 252 3 306
0
4 4 280 6 281 8 241 9 268
0
1 12 286
0
3 14 275 15 285 16 277
1 5 341
0
0
2 1 253 17 260
0
0
0
1 8 242
2 6 328 8 248
0
0
5 3 350 5 311 7 348 8 368 18 425
1 3 352
0
1 5 393
1 4 310
0
2 13 276 14 297
0
2 16 278 19 282
3 15 292 16 300 20 319
1 3 345
1 11 339
1 5 355
0
3 1 325 7 418 8 415
0
3 8 364 10 303 12 356
1 3 401
0
2 8 313 16 383
0
2 6 353 14 321
2 12 289 13 384
0
5 2 317 4 342 9 333 11 370 15 293
0
0
0
0
1 6 366
0
0
0
6 5 290 10 315 14 365 16 330 17 359 19 334
1 3 420
0
0
0
0
0
1 4 400
0
6 1 337 5 392 11 381 13 338 14 369 16 326
0
2 8 387 11 462
1 18 506
0
0
1 4 434
0
1 7 389
0
0
0
1 12 299
4 1 390 15 375 17 373 19 402
0
0
0
0
0
0
2 8 459 11 450
0
1 4 358
1 6 379
0
0
0
0
0
1 3 376
5 3 361 8 378 9 447 11 424 13 367
1 10 351
0
0
0
7 5 354 11 329 12 332 14 340 16 374 17 305 18 308
0
0
0
0
1 5 391
0
0
1 3 382
1 4 346
3 1 435 6 397 8 395
4 2 349 11 344 16 336 17 357
1 11 347
0
0
0
0
0
0
2 1 427 4 406
0
0
0
0
4 5 380 8 413 10 371 12 398
0
0
3 3 412 8 385 16 449
0
3 1 372 7 386 12 451
0
0
2 3 430 8 422
1 1 411
0
0
3 5 433 8 436 13 405
0
0
1 8 497
0
1 6 417
4 1 396 2 440 4 377 14 428
2 9 421 11 394
0
0
0
1 12 511
5 8 457 13 472 15 527 19 474 20 581
0
2 1 399 14 439
0
0
3 6 470 10 404 17 461
1 13 423
0
0
1 6 403
1 6 388
4 10 469 15 426 16 442 18 477
0
1 2 452
1 20 501
1 19 463
1 6 409
1 20 445
0
3 2 444 8 455 13 482
1 4 519
0
0
1 3 431
1 18 473
2 5 458 15 558
1 7 414
1 11 454
2 4 416 6 438
1 3 520
0
1 19 538
0
1 7 496
0
0
0
2 11 456 13 480
0
0
1 4 493
0
0
1 2 453
0
0
2 6 489 9 460
0
2 8 481 11 485
4 1 410 3 419 14 408 16 448
0
1 12 582
0
4 5 476 13 471 17 507 20 478
0
0
0
2 1 500 7 479
1 14 464
0
2 3 429 14 468
0
0
0
0
0
1 11 483
2 4 490 11 559
1 13 576
0
0
3 3 443 8 432 11 484
0
1 1 577
0
2 4 518 6 437
0
3 8 503 10 487 15 531
0
0
0
0
0
0
1 7 521
0
0
0
0
0
1 2 465
1 5 513
0
0
0
0
5 3 446 9 486 11 491 12 522 16 510
0
0
0
4 3 467 8 466 13 515 17 494
0
1 4 564
1 9 552
0
0
0
2 11 492 12 572
1 4 658
0
0
0
0
0
4 3 499 4 498 9 561 14 488
1 12 619
3 1 517 6 625 14 441
0
1 3 502
0
0
0
0
1 4 508
1 5 524
5 4 495 8 526 10 475 11 546 17 509
1 4 504
0
0
0
0
3 5 542 15 530 18 535
0
0
0
0
0
2 1 505 3 541
3 1 523 5 525 9 533
2 3 578 7 544
0
0
0
0
0
0
2 3 528 4 575
2 1 560 5 563
1 11 554
3 8 534 13 580 14 536
0
0
0
0
0
1 4 594
0
0
2 1 589 5 583
2 3 588 6 602
3 2 543 3 547 7 617
1 8 586
4 9 549 12 551 16 545 19 598
0
2 17 595 18 621
3 4 618 14 550 20 540
1 12 592
0
2 5 600 8 639
3 9 529 10 548 16 514
0
1 5 568
0
0
1 3 553
1 1 608
0
0
0
1 4 667
0
0
0
2 5 597 6 601
0
0
0
2 8 648 10 674
0
0
0
0
2 1 556 4 562
0
0
1 5 647
4 7 537 9 567 11 573 12 603
0
0
1 5 604
2 2 574 5 605
2 3 571 6 615
0
2 3 579 5 623
0
0
0
2 5 555 7 607
2 5 610 8 638
0
0
3 1 585 11 557 12 606
0
0
0
0
0
1 5 635
0
1 6 613
3 1 612 10 611 12 630
0
0
0
2 2 584 13 620
2 9 660 14 614
3 4 569 15 632 16 596
0
0
0
0
2 8 644 11 566
0
2 14 666 15 691
0
1 3 645
0
0
0
1 5 650
1 3 671
0
0
0
0
0
0
1 5 640
1 1 628
0
0
2 4 570 8 590
2 3 683 7 694
1 10 629
0
1 11 676
0
0
0
3 2 591 9 627 11 641
1 11 715
3 6 634 12 626 15 710
3 6 659 7 649 8 636
3 13 646 16 665 17 701
1 14 700
0
1 5 651
0
0
1 6 702
1 7 654
0
0
0
4 8 679 9 670 10 712 16 680
0
0
3 1 624 4 663 11 616
0
0
0
1 5 661
1 5 709
0
3 3 686 6 713 8 754
0
0
0
0
0
5 2 631 4 642 14 687 15 706 16 761
0
1 7 692
1 8 685
0
0
1 8 703
4 11 677 12 719 13 662 17 652
1 14 716
1 5 728
0
0
0
0
2 2 696 6 643
0
0
0
0
0
0
0
6 1 668 6 684 7 655 9 669 14 731 18 704
2 5 750 19 741
0
0
0
0
2 3 723 13 673
1 16 766
1 10 779
1 12 760
0
0
2 9 718 10 744
0
2 6 743 8 748
0
2 8 772 9 721
0
4 4 678 11 688 13 664 18 720
1 14 841
0
6 1 695 4 675 8 672 17 681 19 697 20 653
1 8 689
0
1 10 758
0
1 13 759
1 15 733
0
3 5 735 12 717 18 774
1 4 690
0
0
2 6 730 8 780
2 1 729 3 739
1 12 783
1 16 792
0
0
2 3 745 6 808
2 4 699 16 714
0
0
0
3 4 708 5 707 18 773
5 2 698 5 711 7 726 19 756 20 727
2 7 738 20 682
1 15 798
0
1 3 790
0
1 11 724
1 9 751
2 5 795 14 822
0
0
1 20 722
0
0
0
0
3 3 791 5 826 8 858
1 4 734
2 17 736 19 771
0
0
2 8 800 11 746
0
0
1 14 764
0
2 3 809 5 742
3 4 737 12 793 13 849
0
2 3 805 10 770
1 19 830
1 3 785
1 11 888
1 9 757
0
4 1 732 5 755 6 794 11 815
1 16 803
0
0
0
0
0
0
0
0
3 1 784 4 799 7 781
0
1 2 725
1 6 853
0
0
0
0
4 3 747 8 796 11 775 16 789
0
0
2 5 765 7 810
0
0
2 4 807 5 839
1 9 802
0
0
0
2 1 776 3 875
0
0
0
0
1 8 865
0
0
0
0
0
0
0
3 1 821 6 811 11 806
2 6 817 12 909
1 2 749
0
0
0
0
3 1 831 8 847 10 824
1 12 993
0
0
0
0
0
0
0
2 1 845 5 877
0
2 4 862 6 840
0
0
0
0
0
0
0
0
0
0
0
0
3 1 898 3 848 5 879
0
0
0
0
0
0
0
0
0
1 5 866
0
0
7 1 782 2 768 3 762 4 832 6 777 7 763 8 902
2 7 829 9 778
0
0
0
0
0
4 1 787 5 786 11 819 12 881
0
0
0
0
3 6 842 8 835 13 838
0
0
3 4 834 9 854 11 833
0
2 6 852 14 886
2 11 908 15 925
0
1 2 828
0
0
0
0
0
0
0
4 1 818 4 804 5 844 7 813
1 4 895
0
0
1 5 871
0
0
0
0
0
0
0
0
0
0
0
0
0
0
3 2 797 3 820 4 767
0
0
0
0
0
0
0
2 3 855 5 867
2 3 884 6 882
0
0
0
0
0
0
6 1 823 3 836 6 863 8 856 9 885 10 904
0
0
0
0
3 2 812 11 827 12 801
1 8 900
0
1 7 894
0
3 4 769 13 825 14 816
2 3 837 15 859
0
0
0
0
0
0
0
4 4 843 8 864 11 869 16 917
4 1 846 17 922 18 861 19 913
0
0
0
0
0
0
0
0
0
0
0
0
1 5 883
1 2 850
0
2 6 880 12 918
1 3 933
0
0
0
1 6 920
1 5 910
0
2 8 911 11 915
1 11 924
2 5 931 12 981
10 1 868 4 891 13 876 14 907 15 870 16 872 17 914 18 945 19 851 20 929
0
0
0
0
1 10 912
0
0
0
0
0
0
2 5 893 6 928
2 5 943 9 938
2 7 919 10 979
0
5 2 860 4 887 7 901 11 892 12 857
3 2 899 13 889 14 890
0
0
0
4 2 923 3 980 6 939 8 940
0
1 3 927
0
0
1 2 942
0
1 5 959
0
0
0
0
0
0
2 1 873 7 906
0
0
0
0
0
0
0
0
0
0
0
0
0
3 7 953 8 941 9 988
0
5 1 874 6 897 10 921 13 916 14 936
0
0
1 6 903
1 12 947
1 4 896
1 5 937
1 3 948
1 8 963
0
0
0
0
1 6 930
1 11 999
0
2 7 965 14 955
0
0
0
0
0
0
0
0
2 4 951 5 944
1 5 952
0
0
1 6 994
0
0
0
1 5 983
0
0
0
0
0
2 2 958 4 970
0
0
3 1 932 6 946 8 949
1 9 954
0
0
0
0
0
0
0
0
0
0
0
0
1 2 995
0
0
0
0
0
3 1 935 3 957 5 991
1 3 960
0
0
0
0
2 1 950 2 969
0
0
0
0
0
3 4 926 7 956 8 966
0
0
0
0
0
0
0
0
2 5 961 6 974
0
0
1 8 977
0
0
0
1 2 997
0
0
0
0
0
0
2 1 967 8 962
0
0
1 1 985
2 4 972 8 986
1 7 964
0
0
1 5 968
0
0
0
0
0
0
1 3 984
0
0
0
0
0
0
1 7 978
3 5 971 6 989 8 976
0
0
0
0
0
0
0
0
1 1 992
0
1 4 975
1 1 996
0
0
0
0
0
0
0
0
0
0
0
0
0
0
0
0
0
0
0
0
0
0
0
0
0
0
0
0
0
0
3 1 987 2 998 3 982
0
0
0
0
1 1 990
0
0
0
0
0
0
0
0
0
0
0
0
0
0
0
0
0
0
0
0
