20 1 79 2 142 3 40 4 160 5 31 6 30 7 57 8 93 9 47 10 19 11 91 12 324 13 238 14 136 15 311 16 7 17 185 18 43 19 61 20 41
0
0
1 12 16
0
0
0
0
1 20 15
1 5 98
0
0
0
0
0
2 3 73 11 87
1 1 135
0
0
0
0
1 14 34
1 18 99
0
0
0
0
1 1 224
1 11 8
0
4 1 77 5 235 10 48 20 288
1 4 193
0
1 14 123
1 7 58
2 1 127 12 116
0
0
1 2 180
0
1 8 122
1 8 94
0
0
2 16 21 19 81
1 20 275
1 14 186
1 3 173
1 14 308
2 11 46 13 359
1 16 45
1 17 440
1 11 76
1 9 112
0
2 5 96 8 296
2 4 370 15 436
1 13 270
1 13 455
1 20 357
2 6 32 20 430
2 3 226 18 571
0
1 9 609
0
1 14 567
0
0
2 4 429 13 618
1 17 471
1 16 83
0
0
0
1 18 603
1 11 80
2 5 147 18 645
1 2 214
3 1 159 10 266 20 177
2 6 234 20 285
1 10 271
0
1 7 69
1 3 292
2 12 216 13 312
1 2 260
0
1 20 259
0
1 3 442
2 3 475 17 347
0
0
0
1 8 481
0
1 7 164
2 1 227 10 178
1 14 572
1 4 278
1 19 102
1 16 151
1 15 515
1 5 350
2 6 167 7 322
0
0
2 9 104 11 389
0
0
1 10 232
0
2 7 328 12 225
2 11 166 19 327
0
1 20 297
0
0
3 6 194 18 459 19 619
1 2 432
0
1 1 257
1 7 338
1 20 355
2 8 485 17 533
0
0
1 11 199
1 5 548
0
1 4 330
1 7 348
3 10 291 13 386 20 85
1 1 277
2 1 283 15 486
1 19 5
1 2 514
2 3 247 16 282
1 20 181
1 14 110
0
0
1 14 108
2 8 146 9 636
0
0
0
5 1 325 5 575 12 512 14 516 15 504
1 1 391
0
0
0
1 15 626
0
0
1 14 484
1 5 576
1 16 335
1 18 559
2 4 656 15 477
1 14 585
1 10 390
0
1 18 353
1 2 599
1 20 661
1 12 602
2 8 209 19 89
3 4 239 7 387 11 397
0
0
1 18 255
0
1 18 365
0
0
2 10 410 17 437
1 9 718
3 1 579 5 652 15 351
0
0
1 16 553
1 5 558
1 14 488
0
1 1 642
0
0
1 13 388
0
3 15 169 18 435 19 701
2 12 630 16 381
1 3 424
2 5 210 6 364
0
1 8 249
2 3 506 18 313
2 5 240 14 396
0
1 4 305
0
1 20 345
0
0
0
0
1 17 795
0
1 6 751
1 4 356
1 11 401
1 9 561
1 2 663
1 19 720
1 7 683
1 5 323
0
2 17 373 18 287
1 20 403
1 4 447
3 7 428 14 762 18 295
2 2 341 5 735
1 1 657
0
1 8 276
1 15 265
0
1 20 405
1 3 42
2 2 358 6 343
1 14 382
1 12 753
1 10 480
0
1 11 750
1 20 778
1 13 433
0
1 16 406
0
1 18 709
1 11 208
0
0
1 5 802
0
1 11 725
1 14 482
0
0
2 11 236 20 269
1 20 730
0
0
0
2 1 374 6 707
2 8 371 10 524
0
2 9 671 11 451
1 16 84
0
2 13 453 20 490
1 2 393
1 3 407
1 16 737
2 4 492 16 710
0
1 20 766
0
1 4 542
0
0
0
0
3 9 590 16 787 19 727
2 1 468 7 822
1 14 494
1 5 811
2 11 534 20 126
2 1 535 11 472
2 8 372 12 581
0
0
1 10 541
0
2 15 332 18 789
2 1 420 2 536
3 1 458 3 489 20 111
2 7 452 8 666
0
1 5 739
0
1 15 425
0
1 17 450
2 4 749 16 248
0
2 12 67 18 788
2 16 583 20 148
0
0
0
0
3 2 587 10 573 16 800
1 7 522
0
3 2 526 3 569 20 610
0
1 4 487
0
3 1 543 9 463 14 644
0
0
2 5 170 12 805
0
1 13 140
1 11 517
0
0
0
0
1 18 9
1 2 55
0
0
1 13 465
1 18 229
3 14 634 16 145 20 74
2 1 604 8 776
0
2 6 719 11 592
1 19 760
0
1 2 190
1 15 434
1 4 847
0
2 16 804 20 640
1 7 588
1 7 646
0
0
1 18 639
1 9 539
1 11 537
3 8 643 14 286 20 595
2 1 700 20 635
1 13 844
1 10 366
1 7 681
2 12 503 15 703
3 5 717 18 222 20 299
3 5 794 11 12 14 839
1 5 876
1 1 706
0
1 8 254
3 2 620 3 898 14 377
0
1 1 731
1 1 785
0
0
1 8 768
1 17 544
0
1 3 500
0
3 9 589 10 518 12 68
0
1 16 736
1 18 272
0
1 14 171
1 6 808
2 3 829 8 880
1 4 33
0
0
0
4 1 532 10 653 12 702 20 445
0
1 5 243
0
2 9 676 11 54
1 3 600
0
1 2 655
1 16 909
0
1 11 339
0
1 20 114
0
1 14 27
1 15 263
0
5 7 716 10 763 13 25 18 529 19 163
1 8 817
1 18 418
3 6 699 9 896 19 577
1 4 13
1 3 281
0
1 18 781
1 20 200
1 12 318
0
0
2 5 293 8 782
2 14 321 18 668
0
3 4 850 10 616 19 457
0
2 1 565 20 745
1 20 796
2 2 715 11 448
3 6 723 14 764 16 765
1 12 310
1 4 874
0
1 3 118
1 8 268
2 9 924 18 26
1 4 947
0
0
2 1 606 6 625
2 1 799 7 686
2 18 916 20 309
1 20 813
1 17 632
0
1 18 422
2 18 394 20 831
0
0
2 5 554 10 520
2 16 289 20 361
0
0
0
1 2 767
0
1 18 836
0
2 2 833 20 326
2 14 728 19 693
0
1 5 367
1 20 792
1 15 315
0
0
2 11 474 16 301
1 1 879
0
3 2 846 3 843 12 218
0
2 10 687 17 806
0
1 8 336
0
1 10 746
0
1 13 119
0
1 14 697
0
1 10 812
1 7 741
0
1 6 627
0
0
1 4 411
1 11 772
1 18 698
2 14 464 20 115
1 18 889
2 12 838 14 939
2 5 175 12 128
1 20 870
3 5 824 10 10 16 654
1 12 641
5 3 497 11 596 14 509 18 369 20 4
2 7 927 9 392
0
1 16 304
2 1 131 5 791
0
1 14 53
0
1 12 150
1 2 513
1 15 925
0
5 1 726 3 623 11 877 19 754 20 744
0
0
1 7 861
1 14 1
1 10 525
1 12 37
0
0
2 16 438 18 783
0
2 5 738 9 818
0
0
1 8 383
1 13 202
1 8 38
0
0
0
2 4 502 8 456
1 2 493
3 2 790 8 71 20 841
1 13 256
0
0
2 1 508 11 815
1 14 649
4 1 897 8 890 15 141 20 937
2 3 674 8 221
0
1 20 923
3 2 733 4 714 17 633
0
1 11 103
1 14 875
1 1 797
1 15 932
1 19 926
2 5 809 20 228
1 5 144
3 3 137 4 912 8 62
1 11 523
3 2 814 15 97 18 314
0
0
1 6 664
1 10 530
2 5 454 7 882
2 14 213 20 607
1 8 334
0
4 1 605 17 915 18 59 20 921
0
2 12 132 20 426
0
1 20 417
1 5 65
2 2 960 19 823
0
0
1 16 868
0
0
0
2 11 864 14 333
1 8 307
2 1 161 18 902
2 4 854 12 478
0
1 20 856
2 3 899 15 14
0
0
1 9 862
0
1 7 949
3 10 556 14 863 20 660
2 1 303 13 845
0
0
1 2 153
1 5 887
1 6 878
0
1 6 195
0
1 1 264
1 1 971
1 1 662
1 1 803
2 1 918 16 780
3 1 223 11 404 16 207
1 1 360
2 1 496 19 511
1 17 408
2 16 934 18 158
2 11 380 16 244
2 6 752 20 974
2 8 385 18 933
4 1 810 8 913 11 742 20 570
3 4 564 8 860 16 848
2 18 578 19 942
1 1 967
2 11 499 20 826
0
2 1 586 11 253
0
0
2 16 712 20 883
0
1 11 17
2 8 903 17 598
3 1 35 12 920 14 729
3 5 853 18 157 20 174
0
2 4 690 9 133
2 1 819 16 914
1 1 505
1 5 212
1 19 832
2 7 109 15 86
4 1 352 3 747 11 956 16 121
1 20 705
0
1 12 329
1 6 919
2 8 399 10 773
1 20 95
0
0
1 14 637
2 1 951 2 907
0
0
2 5 519 13 611
1 20 708
0
3 5 670 8 162 19 18
2 1 245 18 908
0
2 15 825 20 774
1 17 117
0
1 11 528
1 3 866
0
1 4 935
0
0
0
0
0
1 9 379
2 12 398 16 886
1 7 954
1 14 11
0
1 18 100
0
2 10 201 11 63
1 19 872
1 6 375
0
1 1 546
0
3 2 378 5 945 15 885
1 20 470
0
0
0
0
0
1 8 669
0
0
1 18 368
0
1 16 807
0
0
1 13 510
0
1 3 994
0
0
1 11 129
0
1 20 769
0
0
1 12 922
1 4 560
0
1 14 798
2 9 830 17 557
0
1 5 943
1 2 419
0
1 19 734
1 7 884
2 1 120 10 179
0
1 8 563
0
0
1 15 44
0
0
0
0
1 18 205
1 11 198
0
0
2 16 306 20 679
0
0
0
0
0
0
1 3 531
1 12 614
0
0
2 6 188 13 721
0
0
0
0
1 14 237
0
3 1 317 4 695 20 917
1 20 658
0
0
0
2 2 192 10 460
2 2 840 8 349
3 5 740 8 155 20 970
2 5 152 20 997
2 5 858 20 801
2 5 631 20 261
1 20 982
3 4 498 8 82 20 891
3 5 743 9 591 10 149
0
4 2 1000 9 124 15 242 20 998
3 4 859 18 251 19 986
1 18 594
2 2 24 10 439
1 5 957
0
2 4 821 20 105
3 4 230 8 975 19 72
3 8 402 10 60 16 344
1 16 759
1 11 219
2 11 274 20 107
5 2 211 3 584 7 959 17 273 18 647
5 5 665 8 837 9 138 11 929 18 2
3 10 134 15 962 18 944
0
2 4 290 5 39
2 1 320 14 987
4 1 262 16 972 18 910 19 953
3 1 196 8 184 9 827
1 1 319
1 1 75
0
3 2 779 4 231 20 473
2 1 628 14 217
2 4 449 15 191
4 3 786 11 300 12 376 17 241
1 7 978
0
4 5 835 8 495 18 648 20 673
1 16 483
1 18 828
2 9 992 20 612
2 1 965 20 651
3 10 999 19 501 20 777
3 2 446 11 92 14 64
1 16 189
1 14 551
3 1 521 4 28 17 280
3 5 867 6 964 20 78
2 9 395 15 667
3 1 936 8 183 16 672
1 12 566
3 3 981 7 928 20 650
1 20 629
1 1 851
1 11 246
1 18 793
3 10 608 13 989 19 90
1 16 893
0
2 9 834 11 56
0
2 1 331 5 955
0
3 2 88 12 894 14 384
4 1 252 5 820 8 892 20 761
1 16 694
0
1 20 969
1 15 354
1 7 409
2 9 680 11 284
0
1 6 279
2 3 852 18 444
2 4 547 17 154
1 20 187
2 10 755 19 985
1 13 22
0
0
1 2 3
2 1 552 12 363
1 5 50
3 14 940 16 624 20 991
1 8 316
1 15 842
2 11 900 18 49
0
2 1 416 9 29
0
0
2 11 20 19 732
0
0
2 4 337 18 678
1 7 258
0
1 5 233
1 20 931
1 11 70
2 3 101 10 215
2 13 412 14 139
3 1 770 2 130 8 615
0
1 12 757
0
1 6 855
1 15 869
0
3 9 771 16 758 17 881
0
1 18 545
0
2 5 966 20 467
0
1 11 980
0
0
0
2 5 106 8 996
0
1 20 294
1 14 527
1 19 568
2 1 165 20 427
1 7 941
1 4 905
0
0
1 16 775
1 2 346
3 5 593 10 756 13 182
0
2 12 685 20 622
0
0
0
1 3 441
0
0
0
3 1 400 11 204 18 930
2 5 659 8 963
0
0
0
0
1 14 555
1 9 342
1 15 469
0
2 2 156 20 724
1 4 979
2 5 340 18 362
1 16 748
1 6 580
1 20 491
1 17 904
0
0
0
1 12 888
1 7 692
0
3 10 684 13 613 19 540
0
1 1 476
0
0
2 11 696 14 36
0
0
0
0
1 11 6
0
0
0
1 18 298
2 8 549 16 220
1 3 688
1 5 66
0
0
0
1 9 849
1 15 250
0
0
0
0
3 1 704 2 443 20 23
0
0
1 12 143
0
0
1 18 677
0
1 11 125
1 5 722
0
2 4 415 10 691
0
0
1 14 784
1 6 675
1 20 984
1 19 414
0
1 1 895
0
0
0
0
0
3 13 911 16 689 17 995
0
1 3 990
1 8 952
2 5 582 20 203
1 7 968
0
0
0
0
2 11 51 14 713
0
0
2 2 961 12 113
0
1 18 865
0
0
1 15 466
0
0
1 9 711
0
0
2 1 946 5 638
1 4 993
0
1 18 423
1 16 176
0
1 20 507
0
2 10 302 11 973
0
1 13 816
1 19 197
0
2 5 562 20 958
0
0
0
0
1 15 538
1 8 871
0
1 3 601
0
0
0
0
0
2 2 977 16 988
1 20 901
0
1 17 461
1 1 857
0
0
0
3 7 267 14 168 18 938
0
0
1 5 172
2 6 413 11 976
0
0
1 4 621
1 12 682
1 9 479
0
0
0
1 16 574
0
0
1 13 462
1 20 550
0
1 14 948
0
0
0
0
0
0
1 2 873
0
1 5 597
0
0
1 11 421
1 19 983
2 8 950 15 206
1 18 617
0
0
0
0
0
2 3 52 10 906
1 20 431
0
0
0
0
0
0
0
0
0
0
0
0
0
0
0
0
0
0
0
0
0
0
0
0
0
0
0
0
0
0
0
0
0
0
0
0
0
0
0
0
0
0
0
0
0
0
0
0
0
0
0
0
0
0
0
0
0
0
0
0
