20 1 69 2 9 3 3 4 16 5 116 6 14 7 91 8 112 9 189 10 71 11 57 12 105 13 173 14 198 15 168 16 201 17 273 18 180 19 257 20 51
0
0
0
3 2 52 7 158 10 90
0
3 14 238 18 17 20 48
0
1 17 191
0
0
2 1 97 5 293
3 3 30 10 185 16 285
1 16 702
0
2 8 129 13 256
0
0
0
0
2 13 89 18 324
0
0
1 5 269
1 12 160
0
0
0
2 2 54 12 79
1 11 99
0
1 9 245
4 1 121 6 290 18 357 20 303
3 2 205 7 567 15 508
0
0
1 14 710
1 18 693
0
1 9 259
1 10 709
0
0
1 7 460
0
1 12 154
0
0
3 3 125 8 177 11 582
1 14 487
1 17 549
0
1 19 294
1 1 753
1 2 251
0
2 7 573 16 373
2 3 140 6 507
3 2 261 13 151 14 531
1 20 359
0
1 4 94
1 5 849
1 14 819
1 6 387
1 3 207
2 7 578 8 337
0
1 15 599
1 17 266
1 6 762
2 12 164 13 396
0
2 11 609 15 626
0
2 9 330 10 335
2 4 106 18 768
2 2 345 16 355
2 8 660 11 21
2 8 720 14 2
1 12 197
2 3 206 16 640
1 20 408
1 14 301
1 10 818
0
1 6 826
3 7 778 8 505 15 644
2 11 42 14 143
2 9 200 12 842
1 10 572
0
0
1 20 226
1 3 309
2 2 329 19 388
1 13 365
0
1 1 755
2 10 844 12 840
0
0
1 10 405
0
1 16 70
0
0
1 12 354
1 11 625
1 5 394
1 8 713
0
0
0
1 2 351
1 8 718
1 2 444
0
2 4 188 18 774
2 10 727 14 722
2 7 279 20 506
1 17 363
1 18 381
1 3 372
1 12 131
1 15 659
0
1 9 300
3 8 488 10 610 12 29
0
1 6 879
4 2 532 13 442 14 730 16 684
1 14 561
0
0
0
0
0
0
1 12 446
1 15 638
1 9 227
3 4 250 12 766 13 47
1 2 629
1 17 445
1 16 677
1 7 379
0
1 2 308
2 2 58 8 24
0
2 1 811 19 809
1 10 85
0
1 11 694
1 20 32
2 15 700 20 836
0
2 7 474 18 793
2 16 704 17 681
1 11 465
1 14 798
3 6 291 9 721 12 92
1 12 538
0
2 4 260 13 792
2 14 657 15 865
1 12 734
0
1 5 485
1 20 96
1 3 448
0
1 16 429
0
1 2 122
0
1 9 210
0
0
0
1 7 705
1 6 362
2 8 26 16 495
2 14 903 16 737
1 2 787
3 9 852 16 452 18 736
1 7 196
1 10 148
2 2 101 20 223
0
2 14 192 16 67
1 8 68
1 17 745
1 13 562
0
0
1 17 843
2 1 812 12 193
0
1 5 413
0
0
2 3 515 19 624
0
0
0
0
2 2 682 3 667
1 7 875
0
1 18 897
1 11 473
1 15 117
1 5 211
1 16 138
1 17 212
1 1 851
0
3 11 263 14 509 16 611
2 10 214 16 597
1 8 384
0
1 7 267
1 13 823
5 1 888 8 887 9 557 16 870 17 688
0
1 4 316
1 2 327
2 7 280 20 412
0
0
1 2 397
0
0
0
1 8 385
0
1 16 805
2 13 880 14 860
0
2 10 746 11 551
0
1 3 725
2 3 589 16 228
1 3 525
3 3 461 8 157 16 268
2 12 264 16 808
1 2 416
4 2 477 6 426 9 607 12 137
2 16 66 19 358
4 7 490 8 39 16 155 20 847
0
1 17 459
2 12 555 16 606
0
0
0
1 9 419
0
1 2 560
1 8 221
0
3 4 318 12 320 20 386
1 7 839
0
1 18 833
1 20 401
1 17 901
1 5 292
1 10 777
1 16 750
1 1 898
1 13 894
0
0
2 14 35 20 906
1 3 104
1 19 364
1 15 767
0
0
0
0
1 8 858
2 7 463 13 423
1 9 891
1 16 208
2 11 457 16 883
2 11 439 16 216
2 11 464 16 467
0
0
1 10 789
1 2 361
2 5 377 10 779
1 2 882
2 12 353 16 453
0
0
1 18 617
0
1 17 287
2 4 343 10 325
2 2 344 11 724
0
0
0
0
0
0
0
2 2 7 8 229
1 6 492
1 3 751
0
1 14 187
2 7 627 16 213
1 6 564
0
1 1 964
1 18 542
0
1 14 432
1 2 22
1 10 393
1 12 451
1 12 537
1 11 799
0
1 20 217
0
1 12 615
0
0
1 13 434
1 8 110
0
2 2 352 17 8
1 6 528
3 9 590 13 869 16 576
0
2 13 652 16 769
2 3 965 15 523
1 10 479
2 4 431 6 86
2 1 979 13 375
1 16 874
1 7 475
1 16 182
4 3 668 5 896 14 74 15 619
1 1 872
2 9 791 16 925
1 14 814
0
2 16 522 19 631
2 10 520 18 399
0
1 11 947
0
1 7 420
2 3 262 20 867
1 5 471
4 6 641 8 635 12 841 13 801
0
0
1 16 53
1 2 435
0
0
2 1 186 14 242
2 4 518 18 699
0
1 6 649
1 16 899
3 8 771 13 424 20 708
2 2 558 9 50
0
0
0
0
1 10 554
0
2 3 237 12 115
1 19 889
0
0
0
1 11 336
0
1 15 910
1 8 675
1 5 356
0
1 1 486
0
2 2 822 7 553
0
1 10 585
1 10 614
1 18 701
3 4 527 13 289 16 150
1 17 76
1 20 697
1 14 482
0
0
2 2 312 9 284
1 17 650
0
0
1 10 680
0
0
0
1 8 204
2 11 174 12 588
2 11 628 12 568
2 8 493 16 232
0
1 6 902
1 12 580
2 3 717 8 918
2 11 636 16 556
3 12 855 13 924 16 950
1 8 603
1 3 317
1 12 868
0
2 6 548 7 529
0
2 3 871 20 371
1 5 366
2 11 695 12 848
4 1 729 6 646 10 422 13 95
0
3 10 807 12 711 16 546
1 2 409
2 3 176 8 334
2 7 927 20 616
1 5 654
3 2 403 13 592 19 765
0
2 2 692 17 672
2 1 637 10 199
1 14 222
1 15 45
2 4 598 11 957
2 2 601 13 249
1 16 905
1 18 980
0
2 3 740 14 418
0
2 12 500 20 806
0
1 8 963
2 9 340 10 788
0
2 6 584 7 145
1 5 489
0
1 1 455
1 9 873
0
0
2 12 235 13 73
0
2 11 282 20 685
0
0
0
1 17 920
1 14 218
0
2 8 310 18 534
3 2 202 10 276 19 676
1 16 928
0
1 3 220
1 4 632
0
0
0
0
1 15 392
0
0
0
3 6 850 12 968 14 169
1 7 128
0
0
0
1 9 11
0
0
0
1 8 449
0
1 17 853
2 2 425 5 741
0
0
0
1 1 236
0
1 1 311
2 13 679 16 743
3 4 647 11 499 16 900
2 13 349 20 56
1 16 332
3 11 973 16 945 20 378
1 16 389
3 2 908 11 691 13 80
2 2 346 10 147
3 10 989 16 756 20 904
4 2 678 4 81 13 600 16 594
1 1 712
4 10 579 13 651 14 162 18 60
2 12 622 16 533
1 20 111
3 2 749 10 757 14 49
0
0
1 16 992
2 2 786 10 781
0
1 18 726
1 11 530
1 3 480
0
0
1 7 254
5 4 62 9 940 14 333 16 476 20 911
2 1 952 13 296
0
0
1 12 689
2 7 581 12 37
0
1 6 890
1 19 907
3 3 571 11 124 16 642
1 17 948
2 15 443 18 466
1 8 815
1 16 209
0
1 2 797
3 1 845 7 233 17 909
2 16 563 20 326
0
2 14 824 17 653
3 4 939 7 658 12 470
3 6 962 9 380 14 454
1 10 829
0
1 13 764
1 3 225
0
1 8 15
0
4 5 776 7 33 12 936 16 656
1 15 524
1 19 383
0
1 13 983
1 2 859
0
0
2 1 831 11 931
2 10 559 14 239
2 3 886 20 88
1 18 790
0
1 17 943
1 9 219
0
2 6 61 7 172
1 10 941
2 2 885 14 954
2 1 732 13 752
0
0
1 14 190
2 5 686 12 165
0
2 10 12 16 655
2 2 913 4 4
1 2 728
0
0
0
1 11 683
1 8 785
0
0
1 16 703
1 18 916
2 7 690 20 468
1 2 447
0
0
0
1 12 175
0
0
1 15 932
1 3 436
0
0
2 16 404 17 877
1 14 596
0
0
1 19 760
0
1 10 102
1 1 127
1 2 645
1 8 243
0
2 9 949 13 398
1 6 462
0
1 18 577
1 7 917
0
1 5 109
0
0
1 11 934
0
0
1 20 863
0
1 4 288
0
1 2 170
0
0
0
3 3 496 12 142 14 706
0
0
1 1 283
0
0
1 10 10
0
1 18 975
3 7 437 8 472 16 996
4 7 456 8 981 16 253 17 634
0
0
0
2 7 919 16 278
3 7 297 15 36 16 998
4 7 277 8 593 13 747 16 152
4 7 800 11 733 16 795 17 84
3 11 595 16 93 17 167
3 2 959 11 350 16 270
1 16 633
2 13 956 17 541
4 7 512 10 27 11 146 17 834
4 7 313 8 402 11 946 13 265
1 7 864
1 16 513
5 6 258 7 519 11 299 15 516 20 63
5 7 817 10 784 13 321 16 126 17 440
1 2 234
4 2 295 8 985 10 775 11 144
3 16 130 17 120 19 763
2 9 65 16 314
3 2 421 10 915 16 286
3 2 583 13 536 16 183
2 7 780 11 782
1 6 458
0
2 16 881 20 714
2 8 252 12 450
4 7 739 10 987 11 961 17 390
2 2 960 17 203
1 12 719
3 6 810 15 438 17 804
1 13 241
4 7 972 12 44 16 315 20 661
3 8 38 14 114 19 820
2 7 501 9 271
1 2 813
3 6 231 11 566 12 59
3 8 347 10 923 14 970
2 12 382 16 141
3 5 796 7 215 18 994
1 13 400
3 2 194 13 895 17 951
1 10 665
3 10 433 11 55 16 298
1 7 181
4 1 618 6 108 7 854 20 670
3 2 569 8 938 16 469
3 2 98 12 827 18 64
2 3 574 14 862
1 15 967
0
2 4 884 8 738
2 17 591 19 707
3 3 83 14 828 16 696
2 2 407 13 20
3 5 825 8 391 9 772
0
2 12 893 20 248
1 10 6
4 7 136 8 912 11 323 18 113
0
1 17 348
2 1 990 3 302
3 6 716 16 744 18 369
1 16 783
1 13 995
1 18 976
1 2 307
3 1 484 12 240 16 415
2 15 430 16 153
1 13 123
3 2 514 9 773 10 643
3 2 411 16 322 20 87
1 5 306
2 7 861 14 988
1 4 604
2 11 166 13 878
0
0
0
5 1 723 8 517 14 502 16 395 18 662
0
0
2 12 46 17 119
1 19 179
0
0
5 2 630 9 971 10 955 14 342 16 605
1 3 339
2 2 958 6 664
1 13 978
0
0
1 20 535
1 2 550
1 10 754
1 5 835
1 16 149
2 7 28 9 521
1 4 82
2 13 132 15 977
0
1 12 510
1 14 794
2 11 758 18 933
1 1 602
2 2 942 16 224
0
0
0
2 8 255 17 821
0
0
1 10 133
1 20 281
0
2 3 802 14 735
1 13 13
0
0
1 12 374
1 16 545
1 19 540
1 20 184
0
2 6 926 17 674
1 11 526
2 9 997 16 195
3 2 982 5 491 10 427
0
1 1 338
1 7 552
0
3 2 759 4 929 18 40
0
1 12 178
0
1 3 230
2 14 161 15 613
1 8 497
1 10 621
1 16 612
0
0
0
0
0
2 13 838 20 837
2 2 118 7 742
0
0
1 16 993
0
0
0
1 6 31
1 1 761
1 18 274
1 11 107
2 2 78 14 100
0
2 8 543 10 319
3 13 159 17 428 19 639
0
0
2 12 504 20 669
0
1 16 244
0
0
0
2 4 715 7 930
1 3 360
1 2 620
0
1 5 272
1 10 663
2 9 18 18 406
1 15 671
1 16 1000
0
0
0
0
1 13 999
1 16 511
2 8 921 14 816
0
0
0
1 11 937
0
1 10 914
0
2 12 163 20 103
0
2 1 367 2 832
1 13 417
1 18 414
1 7 43
0
1 6 770
0
1 17 41
0
2 2 341 14 623
1 16 441
1 5 666
0
0
0
0
1 19 19
0
3 3 953 4 892 12 135
0
1 9 986
1 20 944
0
1 10 156
0
1 8 328
0
0
1 15 748
0
1 7 23
1 13 547
1 2 171
0
1 16 481
0
2 14 72 18 25
1 11 687
0
0
0
1 10 966
1 12 587
0
0
1 17 586
0
1 8 856
0
0
0
1 1 698
2 14 991 16 478
1 7 857
2 2 608 20 34
1 3 139
0
1 5 331
1 18 275
1 6 5
0
0
0
1 4 866
0
0
2 2 494 13 731
0
0
1 12 503
0
0
0
0
2 9 247 16 483
0
0
1 11 410
0
1 10 376
0
1 8 876
1 19 1
0
0
1 17 368
0
1 7 575
0
0
1 14 305
0
1 20 570
1 2 539
1 13 498
0
0
2 1 77 15 974
2 10 673 16 969
0
1 5 246
0
1 18 830
0
0
1 12 544
0
0
0
1 14 370
0
0
1 3 984
0
0
0
0
0
2 2 648 8 565
3 6 935 11 134 20 803
0
0
0
0
2 7 75 9 922
0
1 2 846
1 4 304
0
0
0
0
0
0
0
0
0
0
0
0
0
0
0
0
0
0
0
0
0
0
0
0
0
0
0
0
0
0
0
0
0
0
0
0
0
0
0
0
0
0
0
0
0
0
0
0
0
0
0
0
0
0
0
0
0
0
0
0
0
0
0
0
0
0
0
0
