20 1 13 2 25 3 29 4 127 5 14 6 79 7 38 8 17 9 109 10 1 11 132 12 16 13 18 14 70 15 62 16 90 17 49 18 157 19 131 20 58
1 3 175
0
0
1 10 46
0
1 9 102
0
0
0
0
1 4 207
2 4 184 18 216
0
1 3 140
1 7 165
0
0
0
2 8 98 15 15
1 20 312
1 10 114
0
0
0
1 2 9
1 10 77
1 1 426
0
0
0
1 3 336
4 6 101 12 27 15 31 17 404
2 8 444 11 326
0
0
0
1 14 401
0
0
2 7 464 18 532
1 3 435
1 14 455
2 5 395 20 480
0
1 19 578
1 16 531
2 3 527 15 653
2 3 623 14 592
1 12 595
0
0
0
2 1 437 11 698
0
1 7 487
1 4 477
2 13 569 14 657
2 3 727 19 758
1 10 725
3 9 474 12 768 17 631
0
1 2 740
0
1 3 773
0
0
1 14 658
0
2 2 782 7 818
1 4 755
0
1 9 524
0
0
1 12 834
2 11 779 15 822
1 17 914
3 2 849 12 826 20 880
0
1 7 938
1 16 967
0
1 1 896
0
0
1 19 797
1 18 807
1 15 155
0
0
0
1 18 168
2 3 906 10 2
0
3 3 629 6 945 18 307
0
0
0
1 14 922
1 9 34
3 8 686 9 498 20 998
2 10 4 16 732
2 3 957 15 722
0
0
0
0
1 19 837
1 2 398
1 5 20
2 7 42 10 3
1 12 87
0
1 11 7
1 1 5
0
1 4 839
0
1 3 39
1 20 6
0
0
2 4 35 20 81
0
1 8 33
1 17 45
0
2 1 12 13 24
1 11 65
0
1 18 40
1 12 60
2 9 8 10 23
0
0
0
1 10 43
1 15 95
0
0
0
2 14 962 20 50
0
1 10 53
1 5 26
0
1 7 22
1 10 74
2 3 97 10 139
1 6 52
2 7 37 17 68
0
0
0
0
0
3 9 67 10 80 16 113
1 14 51
1 12 86
1 20 145
1 15 71
1 14 19
0
1 20 10
0
1 4 73
1 15 11
0
0
3 5 76 11 55 18 133
0
1 1 54
1 3 47
0
1 2 69
1 3 88
0
1 12 100
1 5 108
1 19 877
1 8 44
0
2 17 59 20 30
2 13 64 18 28
2 2 169 4 126
1 15 21
1 7 41
0
0
1 10 93
1 10 147
2 6 85 8 66
0
0
0
0
0
0
2 3 82 15 96
0
0
0
1 5 143
1 19 92
0
2 3 162 12 105
1 9 163
0
3 11 56 13 136 20 83
0
1 6 115
1 10 106
1 15 84
1 12 72
2 10 36 18 111
0
0
2 3 205 7 89
0
0
1 2 103
0
2 4 138 16 144
0
2 8 130 13 78
0
0
0
2 1 164 2 142
1 12 129
1 17 107
0
2 14 32 20 94
1 9 63
1 6 119
0
0
0
3 1 178 15 233 20 149
1 20 203
0
0
2 10 122 11 104
0
0
0
0
0
0
0
0
1 1 177
0
1 3 121
0
0
2 5 61 6 48
0
0
0
1 10 152
0
0
0
0
0
0
2 14 151 15 99
3 2 171 6 210 17 57
2 9 137 12 91
0
0
0
0
3 3 125 7 150 8 190
2 13 135 15 123
0
0
0
1 4 229
0
2 2 161 5 158
0
0
1 1 231
0
1 9 209
0
0
0
0
1 3 166
0
0
0
0
0
0
0
0
3 1 189 7 141 10 112
0
0
0
0
1 2 75
2 4 232 11 204
0
3 5 128 10 195 12 185
0
1 10 197
0
0
0
0
0
0
1 1 206
0
0
0
0
0
1 4 259
0
0
0
3 2 110 12 153 13 118
0
0
0
0
0
2 7 228 9 186
1 3 240
0
1 11 288
0
0
0
0
2 4 179 8 188
0
2 5 160 12 134
0
0
2 6 238 14 310
0
0
5 3 180 12 146 15 201 16 148 17 223
0
0
1 3 181
0
2 1 208 3 276
0
1 6 249
0
0
1 3 361
0
0
0
0
0
0
0
0
0
5 4 193 7 277 10 265 13 154 15 124
0
0
2 5 202 10 239
0
0
0
2 4 262 9 261
0
0
0
0
0
1 10 316
0
1 3 434
0
0
0
2 2 116 11 182
0
0
0
0
0
0
4 2 156 6 194 12 212 13 117
0
0
0
0
1 8 235
0
0
0
0
0
0
0
0
0
1 3 214
0
0
0
0
0
0
0
0
0
0
0
0
2 2 173 3 211
0
1 4 343
0
1 1 245
0
3 5 225 6 271 7 292
0
0
1 1 324
0
0
0
0
0
1 3 258
0
0
0
0
0
0
0
0
0
0
0
0
0
0
0
0
0
0
0
0
0
0
0
3 2 187 3 222 4 192
0
0
0
3 5 167 7 120 8 159
0
0
0
0
0
0
0
0
0
0
0
0
0
0
2 1 196 2 253
0
0
0
0
0
0
0
0
0
0
1 5 264
1 1 221
0
0
0
2 3 227 6 237
0
0
0
0
0
0
1 3 294
0
0
0
0
0
0
0
0
0
0
1 2 272
0
0
0
2 3 301 4 354
0
0
0
0
3 4 172 6 170 7 200
0
0
0
0
0
0
3 1 174 4 215 8 248
0
0
0
0
1 2 311
0
0
0
0
1 3 378
0
0
1 5 305
0
0
0
3 6 183 8 241 9 236
4 6 191 10 220 11 219 12 255
0
0
0
0
0
0
0
0
1 4 243
0
0
0
0
0
0
0
0
0
4 1 176 3 199 8 275 9 270
3 5 278 10 267 12 349
0
2 7 213 11 284
2 6 198 13 234
0
0
2 10 318 14 319
0
0
0
0
1 4 298
3 5 289 15 287 16 370
1 8 412
0
0
0
1 7 224
1 5 303
2 12 385 14 403
0
0
0
0
0
1 2 257
0
0
0
0
0
4 3 254 4 256 7 280 9 242
1 3 286
0
0
0
0
1 2 291
0
1 7 285
3 1 217 10 218 12 273
0
0
0
2 12 325 17 314
0
0
4 6 230 9 266 10 246 18 299
0
0
0
0
0
0
0
0
0
0
0
1 4 282
5 1 283 13 251 16 226 18 244 19 290
2 7 320 20 357
0
1 3 367
1 15 340
0
0
1 3 379
1 1 327
0
0
1 5 308
1 11 373
1 6 247
0
0
0
2 3 339 4 352
1 8 424
2 4 428 10 368
0
0
0
0
0
0
0
0
0
4 2 362 3 313 12 406 14 429
4 3 250 6 329 15 274 17 331
0
4 7 345 12 330 15 293 20 407
0
0
1 10 388
0
0
0
2 9 279 20 269
0
1 15 355
0
2 11 391 13 263
0
1 4 502
0
0
0
1 1 427
0
0
0
0
0
0
0
0
0
0
1 4 252
0
0
0
0
0
2 7 322 8 358
0
0
1 9 281
0
3 2 260 3 268 11 335
1 5 333
0
1 7 397
0
0
0
0
0
0
2 1 363 10 411
0
0
0
0
0
0
1 7 476
1 4 297
0
0
0
0
0
0
0
0
0
0
0
0
0
0
0
1 6 393
0
0
0
0
0
0
0
0
0
0
2 3 341 4 360
0
0
0
0
0
0
0
0
0
3 1 300 2 304 3 475
0
0
1 5 409
0
0
2 3 295 6 356
0
0
0
0
0
0
0
0
0
0
0
1 4 374
0
0
3 3 296 6 348 7 338
0
0
0
0
0
6 1 315 8 309 9 337 10 383 11 394 12 375
1 12 468
0
0
0
2 4 421 13 466
1 7 438
0
0
0
0
0
3 3 302 5 332 14 384
1 2 306
0
0
0
0
0
0
0
0
0
0
0
0
0
0
0
0
0
0
0
0
0
0
0
0
0
0
0
0
2 3 364 6 405
4 1 328 10 372 12 382 15 334
2 2 402 16 317
0
0
3 3 442 17 414 18 457
0
0
0
2 10 376 12 423
3 3 321 7 323 8 392
0
1 4 446
0
1 11 479
0
0
0
0
1 5 350
0
0
0
2 10 469 14 425
0
0
0
4 3 351 8 371 9 344 13 514
0
0
0
0
0
0
0
0
0
0
1 4 432
0
0
5 1 346 5 347 6 342 10 420 13 408
0
0
0
0
0
0
0
0
0
0
0
1 2 386
0
0
0
0
2 3 418 7 369
2 5 381 10 365
0
0
0
3 1 353 12 413 13 366
1 6 377
1 3 419
0
0
1 11 501
1 12 430
0
0
0
0
1 8 390
0
0
0
1 10 441
0
2 3 447 12 431
1 10 504
2 3 436 5 454
2 1 359 4 450
0
0
0
0
0
0
0
0
0
0
0
0
0
0
0
0
0
2 2 400 7 387
0
0
0
1 9 561
2 8 410 10 396
0
0
3 3 451 7 465 10 510
1 4 481
0
3 3 472 11 499 12 461
0
0
1 12 559
0
1 1 380
0
0
0
0
2 1 415 13 389
0
3 8 416 14 445 15 453
2 5 462 16 544
1 7 492
0
0
3 11 467 14 513 15 497
0
0
2 2 439 17 452
0
0
0
0
0
0
0
1 3 471
0
0
0
0
1 4 563
0
0
1 6 528
0
0
0
0
0
0
2 2 463 7 473
0
0
0
1 4 639
0
0
0
2 9 485 10 488
0
0
0
0
0
1 2 537
2 6 557 7 511
0
0
0
0
0
0
0
1 3 529
0
0
0
0
0
1 2 399
0
0
0
0
3 1 433 5 483 9 496
0
1 10 564
0
0
0
0
0
0
0
0
0
4 3 417 4 448 8 422 11 671
1 3 440
3 1 470 12 503 13 523
1 7 505
0
0
0
0
0
0
0
0
0
2 8 482 12 517
0
0
0
2 3 449 14 443
2 2 486 15 494
0
0
0
0
0
2 4 541 5 489
2 1 493 9 546
0
0
1 4 549
1 3 456
1 3 458
1 2 490
0
3 3 459 4 460 10 584
0
0
0
0
0
1 11 674
0
0
0
0
0
0
0
0
0
1 1 542
0
0
0
0
0
0
0
0
0
0
0
0
0
1 6 593
1 7 547
0
0
0
3 2 491 9 515 11 539
0
0
0
0
2 4 495 10 507
1 10 602
1 1 558
0
0
3 3 478 12 530 13 540
0
2 8 508 10 522
0
0
3 9 560 10 568 14 591
0
0
0
0
0
3 2 516 10 526 15 519
0
0
4 3 484 5 506 16 518 17 520
1 1 616
0
0
0
0
0
0
0
2 1 607 6 638
0
0
0
2 7 551 9 573
0
0
4 5 538 10 534 11 553 12 545
3 5 606 18 585 19 587
0
0
0
0
0
0
3 1 500 3 651 20 533
0
0
0
0
0
0
0
0
0
0
0
2 2 521 3 552
1 10 635
0
0
2 5 601 14 634
2 3 556 7 619
0
4 8 509 14 536 15 708 18 535
2 4 579 20 543
0
1 9 577
0
0
0
2 12 567 13 548
0
0
0
3 3 589 14 599 16 550
0
0
1 15 615
0
2 3 575 12 610
0
3 1 512 17 565 20 554
0
0
1 9 581
0
2 8 525 19 562
1 6 692
0
0
0
0
0
1 3 642
2 4 596 5 572
0
0
1 7 582
0
0
0
0
0
0
0
1 9 594
0
2 2 570 10 614
0
0
0
0
0
2 2 571 11 636
0
0
0
0
0
2 1 580 10 574
0
0
0
0
0
1 5 625
0
0
0
0
0
2 4 632 7 604
2 3 656 10 738
0
0
0
0
2 10 626 12 603
0
0
0
0
0
0
0
0
0
1 2 663
0
0
0
4 1 598 5 583 6 609 13 678
3 10 655 14 630 15 641
0
0
0
0
7 3 576 7 617 8 555 10 611 11 612 12 640 14 590
0
0
0
1 9 688
0
0
0
3 8 600 10 680 12 566
1 10 693
0
0
0
0
0
3 3 605 10 624 11 668
0
0
0
0
3 3 613 8 652 15 646
2 3 622 9 695
2 3 660 16 716
0
0
0
0
2 1 618 17 648
0
3 2 659 9 628 10 649
1 14 608
0
0
0
2 11 719 17 689
0
0
0
0
4 1 654 12 683 15 637 18 647
0
2 4 643 19 702
0
0
0
4 6 621 7 669 12 633 20 685
1 4 676
1 17 627
0
0
0
1 15 794
0
0
0
0
0
0
0
0
0
0
0
0
0
0
3 3 620 4 675 10 699
2 5 586 11 666
0
0
0
0
0
1 11 670
1 3 720
2 12 704 13 712
1 10 743
0
2 7 703 14 759
0
0
0
2 1 673 3 661
0
0
0
1 9 761
0
0
3 2 665 8 707 10 705
0
0
0
0
0
0
1 3 718
0
0
1 9 677
0
0
1 1 697
0
0
0
0
0
0
0
0
0
0
0
0
2 3 728 9 747
0
3 5 588 10 662 11 667
0
0
0
2 6 644 12 645
1 1 713
0
0
0
0
0
0
1 4 700
0
0
0
0
0
5 7 672 10 701 11 681 12 682 14 734
0
0
0
1 6 691
0
2 10 724 11 767
0
1 12 710
0
2 2 709 9 706
0
0
0
0
0
0
0
1 2 739
0
0
0
0
1 3 597
1 3 650
1 4 808
0
0
0
0
1 3 664
6 3 679 5 736 7 696 8 754 10 730 11 746
0
0
0
0
0
0
0
0
0
1 1 721
4 2 687 3 694 12 748 13 684
0
0
2 10 752 14 749
0
2 7 787 15 717
0
0
0
0
0
0
0
2 3 760 10 742
0
2 5 788 13 744
1 8 757
0
0
0
0
0
2 2 737 15 690
0
0
0
0
0
0
3 1 715 9 735 15 762
0
0
0
3 6 711 7 726 16 729
0
0
0
0
0
0
0
0
1 4 840
2 7 766 9 778
0
0
3 6 733 10 714 13 745
2 2 750 12 801
3 1 723 5 753 12 901
0
3 3 814 8 799 11 830
0
0
0
0
2 7 775 14 765
0
0
0
0
0
0
0
0
0
4 3 763 4 771 6 783 14 832
0
1 12 989
2 7 810 12 806
0
0
2 13 820 15 770
0
0
2 10 731 16 781
0
0
0
2 4 772 15 819
1 3 764
0
1 7 898
0
0
0
0
0
1 7 885
3 2 835 12 825 14 841
0
1 1 741
0
1 12 842
0
0
0
0
1 3 774
0
1 5 796
0
0
0
3 3 786 9 800 10 790
0
0
0
0
0
0
0
1 7 955
2 6 811 11 793
1 8 859
3 1 751 7 798 10 838
0
0
0
0
0
0
0
2 4 777 12 776
2 3 802 13 812
0
1 9 831
3 1 785 17 756 18 805
2 12 784 15 821
1 5 857
0
0
0
0
0
0
0
1 10 884
0
2 11 809 14 845
0
1 2 911
1 5 861
2 6 828 14 813
0
0
0
1 12 789
1 1 804
0
0
0
0
0
1 11 824
1 12 844
1 4 780
1 9 920
1 3 817
3 13 815 14 816 16 848
0
0
3 1 900 10 893 18 907
0
1 15 910
1 12 846
0
0
0
0
3 2 792 10 930 12 769
0
0
0
0
0
1 1 862
0
3 4 791 7 850 10 871
0
0
0
0
0
0
0
0
0
0
5 3 855 8 863 17 823 18 873 19 917
0
0
0
0
0
3 1 803 4 879 12 836
0
0
0
3 2 829 4 795 14 886
0
0
0
0
0
0
0
0
0
2 2 833 6 865
0
1 3 875
0
2 7 923 11 933
0
1 12 843
0
0
0
0
4 3 905 4 888 5 908 7 924
2 3 915 10 977
2 6 912 12 913
0
0
0
0
0
1 3 866
2 4 852 8 897
0
0
0
0
0
0
4 1 851 9 847 10 883 12 827
0
2 3 890 13 929
0
0
0
0
0
1 11 902
0
0
0
0
0
0
0
0
0
0
0
0
3 2 853 6 870 10 889
0
0
0
0
0
0
3 3 869 4 895 12 918
2 3 952 4 874
0
0
1 5 942
4 1 858 14 854 15 856 16 891
0
0
0
0
0
0
0
1 3 931
0
0
0
0
0
0
0
1 4 872
0
0
1 3 904
2 3 934 6 968
1 3 974
0
0
0
0
0
0
0
0
0
0
0
0
0
0
0
0
0
0
0
0
0
0
0
0
0
3 1 864 3 939 7 921
0
0
1 3 984
3 2 860 8 868 9 935
2 1 887 10 903
0
0
0
0
0
0
0
0
0
0
0
0
0
0
0
0
2 5 881 6 951
0
0
0
1 4 899
0
4 2 867 8 878 9 876 11 894
0
0
0
1 3 925
0
0
0
0
0
0
0
1 1 944
1 9 882
0
0
1 7 946
2 5 919 10 965
0
0
0
0
2 3 943 11 972
0
0
0
0
0
0
1 1 975
0
0
0
0
0
1 3 969
0
3 5 926 6 987 9 996
1 10 978
0
0
0
0
0
0
3 4 932 5 982 12 963
0
0
0
0
1 7 960
5 1 892 2 909 12 964 13 958 14 916
0
0
0
0
6 2 937 5 940 8 948 12 970 15 976 16 936
0
0
1 10 997
1 3 983
0
0
0
0
0
0
0
0
0
0
1 2 985
0
0
0
0
0
3 1 927 3 928 6 999
1 5 947
0
0
0
4 4 953 5 941 6 992 10 986
0
0
0
0
0
0
0
0
0
0
1 1 949
0
1 6 980
0
0
0
0
3 2 973 4 991 7 954
1 3 966
0
0
0
0
0
0
0
0
1 8 961
0
0
0
0
0
0
0
0
0
0
0
0
0
0
0
0
0
1 3 988
0
0
0
0
0
1 6 971
0
0
1 5 950
0
1 7 959
0
0
2 3 993 4 994
0
0
0
0
0
1 3 1000
0
0
0
0
0
1 1 956
0
0
0
0
0
0
0
4 2 990 3 981 5 979 8 995
0
0
0
0
0
0
0
0
0
0
0
0
0
0
0
0
0
0
0
0
0
0
0
0
0
0
0
0
0
0
0
0
0
0
0
0
0
0
0
0
