20 1 14 2 30 3 17 4 114 5 160 6 26 7 186 8 142 9 238 10 211 11 192 12 52 13 163 14 12 15 22 16 3 17 406 18 155 19 457 20 55
2 13 451 18 563
0
1 10 54
0
0
2 4 169 11 2
0
0
1 2 46
0
0
0
1 5 209
0
0
1 5 47
0
0
1 5 151
1 6 43
1 12 282
2 2 105 14 171
1 8 168
1 14 613
2 15 424 17 159
0
2 3 94 10 68
1 9 322
1 9 173
2 9 239 13 172
1 19 505
0
0
0
1 1 38
0
1 20 66
1 2 388
2 13 276 18 283
3 4 189 15 177 17 215
0
0
0
0
2 1 132 16 64
3 2 80 9 272 13 265
1 15 537
1 17 470
2 8 221 18 202
1 15 329
1 7 225
2 9 71 11 260
2 9 593 19 140
3 5 201 14 683 19 233
2 3 149 9 691
1 3 196
0
0
1 2 101
3 6 684 9 677 13 638
2 9 540 12 415
2 10 75 20 746
1 18 546
0
3 4 227 7 520 18 237
2 3 157 16 360
0
2 12 286 14 325
2 4 353 12 747
3 2 188 5 704 8 125
1 11 70
1 8 337
1 14 97
0
2 12 633 19 648
1 12 629
4 8 567 9 356 13 481 14 435
1 6 686
0
2 1 230 15 346
2 1 240 18 248
1 17 524
0
1 6 699
1 8 258
2 13 598 17 560
2 1 411 16 18
0
0
1 3 213
1 10 122
0
3 13 626 14 19 15 378
1 9 85
0
1 4 405
0
0
0
0
3 3 281 11 134 19 365
2 5 401 15 5
0
0
0
2 6 208 10 234
1 3 340
0
2 13 277 18 700
1 19 16
0
1 20 772
0
0
0
2 9 461 16 472
2 2 231 4 447
0
2 8 581 17 229
1 14 118
1 1 200
0
0
1 6 299
5 5 713 12 263 14 420 17 349 18 790
2 12 517 17 578
4 1 284 16 627 17 434 19 653
1 18 768
0
1 7 798
2 1 486 4 328
3 8 332 11 193 13 811
0
2 1 342 3 362
1 6 305
0
2 2 249 3 440
0
0
2 13 89 15 439
2 4 635 5 515
0
1 19 538
0
2 8 336 15 467
1 16 659
0
1 1 341
1 6 379
1 17 471
4 4 217 5 723 14 721 20 544
1 7 523
0
1 9 469
1 1 422
1 10 292
0
1 20 649
0
3 6 465 12 455 19 679
1 2 291
2 7 138 18 247
1 20 655
1 19 701
1 12 521
2 16 212 18 720
0
0
0
1 12 355
0
1 8 400
0
1 4 367
1 17 483
2 13 179 14 433
1 19 738
1 3 33
0
1 6 527
3 1 502 15 473 18 769
2 1 148 4 430
0
1 17 372
1 3 36
0
0
0
1 10 311
0
1 16 675
0
2 5 819 17 426
1 12 824
0
0
2 7 152 18 784
2 11 252 14 13
1 19 50
1 15 128
0
1 1 756
0
1 8 459
1 3 62
1 9 478
1 2 351
0
3 5 350 13 279 15 754
0
0
1 4 444
2 17 733 20 652
0
1 14 53
1 12 108
1 7 246
1 3 751
2 7 253 11 315
1 9 576
3 3 493 18 838 19 586
3 6 542 13 369 16 594
1 8 509
0
0
1 6 547
2 10 344 18 737
0
0
1 14 56
0
1 16 642
0
3 1 663 9 625 13 826
0
0
1 17 740
3 3 831 18 706 19 657
1 19 622
1 12 153
0
2 5 423 9 673
0
2 5 507 13 843
0
3 6 771 12 779 18 828
1 19 588
1 6 257
3 3 364 11 836 17 158
1 6 735
0
1 4 487
3 7 318 10 410 13 724
0
0
1 2 432
0
0
1 8 450
1 12 584
3 12 466 13 374 15 690
0
1 16 774
2 18 640 19 674
2 7 338 17 82
4 4 559 5 551 14 818 17 84
1 4 644
1 4 69
0
1 14 820
0
0
2 1 516 8 750
2 3 448 20 662
0
0
2 9 739 17 894
0
4 3 637 5 301 6 776 11 37
2 3 228 4 220
1 3 781
0
1 8 310
0
3 4 504 10 312 12 829
3 4 526 14 6 18 126
0
0
0
0
1 3 849
0
1 19 198
1 16 801
0
1 7 431
1 15 728
1 13 23
2 2 518 17 436
1 16 479
3 8 664 18 797 20 395
0
2 1 525 15 869
3 4 553 13 408 18 882
0
0
0
0
1 8 773
0
1 5 681
2 16 543 20 872
0
2 4 532 15 15
0
0
1 12 879
0
2 10 595 16 236
0
0
1 14 862
2 6 668 10 796
1 18 464
2 12 106 18 28
2 17 463 18 207
2 9 807 19 219
2 13 865 18 813
1 4 568
1 12 755
1 13 443
2 1 579 2 590
1 8 536
1 4 21
0
1 11 141
1 1 610
1 8 319
0
2 3 531 5 35
1 7 452
1 17 548
1 18 392
1 9 65
0
0
1 19 244
0
0
2 12 102 15 91
0
1 13 783
0
2 4 678 19 39
2 8 131 11 780
1 4 190
0
0
1 20 250
1 19 692
1 5 79
2 14 331 16 885
1 16 916
3 1 694 10 498 18 449
1 4 61
0
0
1 19 731
3 6 942 8 850 14 307
0
1 3 766
1 16 317
1 17 630
1 5 876
1 9 99
0
1 9 495
0
1 20 719
2 5 940 9 381
1 12 116
2 2 608 5 218
1 9 840
1 11 855
1 7 550
1 6 545
2 14 534 18 943
2 5 409 20 63
0
1 4 92
0
2 1 761 15 100
2 12 564 14 484
1 11 866
2 18 565 19 67
2 9 861 13 29
0
0
2 9 95 15 474
0
0
0
1 5 396
1 8 868
1 10 522
0
0
0
0
0
2 4 835 12 468
1 18 778
1 19 917
1 20 577
2 3 852 8 904
0
1 16 123
1 15 271
1 17 708
1 6 556
0
1 14 496
2 7 554 14 881
0
2 3 741 17 730
0
0
1 15 289
0
2 7 562 14 744
1 4 304
2 5 949 15 846
3 6 419 11 641 13 619
1 18 255
1 3 806
1 19 834
2 13 878 19 58
4 1 841 3 412 6 935 19 709
1 18 210
3 5 194 12 456 18 893
1 4 621
3 4 224 9 634 14 180
0
2 10 161 18 508
2 11 614 13 354
0
3 1 889 9 912 15 488
1 6 119
2 2 631 8 707
0
0
2 5 585 19 262
0
1 9 898
3 3 597 12 558 18 203
1 11 475
0
1 20 601
0
3 4 557 13 539 17 716
1 16 485
0
3 1 900 6 953 10 791
1 8 726
1 19 789
1 14 166
0
1 12 175
0
0
1 2 685
0
1 20 864
0
0
1 7 604
1 18 964
0
2 9 884 18 514
2 3 606 9 711
1 15 136
2 5 770 8 370
2 9 982 16 300
2 3 503 16 302
1 15 25
2 8 930 9 603
2 16 956 18 363
2 4 693 15 589
1 3 10
5 1 111 4 261 8 303 13 330 16 822
2 8 167 17 950
1 18 482
1 1 582
2 9 154 17 109
4 8 809 17 44 18 270 19 428
3 3 646 11 290 15 245
2 6 334 19 651
4 1 573 12 343 13 416 19 670
2 9 135 14 667
2 8 226 15 533
0
4 1 725 2 313 4 266 16 549
3 17 899 18 660 19 972
0
1 10 802
3 5 825 6 671 9 348
3 3 650 11 896 19 366
0
0
0
0
1 13 666
2 17 767 18 339
3 8 928 14 130 16 320
1 15 918
0
0
2 9 259 20 273
1 1 753
6 2 661 4 765 6 86 7 278 10 139 12 112
1 19 383
0
2 13 647 18 922
0
1 4 815
1 17 833
1 8 752
3 4 886 6 903 15 34
2 3 698 11 795
1 19 911
2 14 552 16 883
0
0
1 9 587
0
0
1 12 137
1 6 888
0
1 12 156
1 9 150
1 17 566
1 20 462
1 10 892
0
3 3 924 5 308 13 871
1 12 414
0
0
0
0
2 8 960 18 324
0
0
1 3 380
1 19 913
1 7 764
2 1 782 16 427
1 1 845
0
1 4 842
2 11 204 14 494
1 15 453
0
0
0
0
0
0
1 10 732
2 6 978 8 618
1 17 599
0
1 18 736
1 12 185
1 4 223
0
0
1 20 235
0
0
2 3 492 9 57
1 13 944
0
2 2 748 19 952
0
0
3 1 908 5 910 14 971
1 12 124
1 8 275
0
1 17 933
0
0
1 15 397
0
0
2 1 920 7 947
2 1 938 11 359
1 6 987
1 10 4
0
0
0
0
1 16 915
1 18 382
1 19 513
0
0
0
1 4 117
1 8 115
1 5 104
1 2 799
1 3 848
1 1 988
1 1 998
1 1 561
1 7 792
2 9 954 13 316
4 9 144 12 984 13 373 17 113
4 1 981 12 986 13 296 17 993
2 12 418 13 615
1 3 907
2 13 863 20 821
0
1 7 654
2 3 27 9 714
3 1 205 9 574 14 596
1 1 42
0
0
2 12 389 17 758
4 1 867 2 860 9 569 14 808
1 7 251
2 3 501 12 710
1 15 528
2 19 535 20 620
3 3 1000 9 293 17 375
1 17 182
4 3 996 6 357 7 90 15 715
2 3 404 12 510
3 8 571 9 195 20 499
1 9 497
2 14 103 17 695
4 8 906 14 1 15 170 19 757
5 1 870 7 460 12 817 18 572 19 955
1 19 345
2 17 511 18 387
3 8 973 16 162 18 371
1 3 749
1 9 600
4 1 887 4 905 6 925 13 580
4 10 93 15 931 16 689 19 77
3 1 921 12 306 20 967
1 19 146
2 16 583 19 999
4 1 936 3 985 10 81 14 856
5 8 267 12 617 13 352 17 183 19 703
3 4 297 8 294 18 827
3 1 232 11 8 19 241
1 1 734
1 9 994
2 13 959 19 636
3 7 901 10 854 17 333
5 5 187 6 394 8 191 15 957 18 793
1 16 787
2 1 390 14 477
1 4 490
3 4 413 5 727 9 763
3 11 945 19 11 20 445
0
1 16 658
2 10 181 15 49
3 8 386 16 851 19 393
1 1 529
1 1 932
2 12 74 19 607
5 1 929 12 970 14 120 18 800 19 274
2 4 24 13 425
2 6 407 12 76
4 1 760 3 858 7 980 8 327
0
0
3 5 110 16 612 17 676
0
1 15 645
2 6 421 19 919
1 3 927
2 1 997 15 977
1 8 98
3 8 60 14 624 20 639
1 9 857
1 10 438
2 4 839 18 287
2 3 530 5 323
1 12 309
4 2 975 6 48 13 762 17 214
2 11 429 19 178
0
2 8 164 14 377
1 9 990
5 1 417 5 669 7 335 9 890 12 979
0
0
0
1 18 133
3 1 242 6 442 8 951
2 10 199 16 402
2 4 902 19 991
1 20 830
0
0
1 17 314
0
1 3 948
1 19 742
1 18 895
0
3 7 946 12 718 19 295
4 4 696 5 605 11 609 19 974
1 14 280
2 13 965 15 628
0
0
0
1 16 176
0
1 6 966
2 4 489 8 873
0
0
2 1 476 2 672
0
2 9 7 18 794
1 8 88
1 10 804
3 12 591 15 814 19 812
0
1 20 926
1 3 361
0
2 16 702 17 59
1 14 326
2 6 743 8 805
1 5 897
1 7 914
1 1 785
0
1 18 500
1 14 656
1 4 264
0
0
4 1 269 6 45 8 51 9 480
0
1 13 939
3 10 665 11 909 19 688
1 15 384
0
0
0
2 4 197 5 891
0
1 17 107
1 12 288
0
0
0
2 8 446 19 87
1 3 570
3 2 243 7 968 16 983
1 20 962
0
2 1 823 18 611
0
0
0
2 8 687 9 83
2 5 399 14 41
0
1 4 254
0
1 6 775
1 12 810
1 13 165
2 17 853 19 859
1 1 958
0
0
0
1 10 602
1 8 454
2 11 786 12 995
1 15 72
1 16 398
0
1 4 368
1 19 391
0
0
1 5 268
1 14 206
1 18 31
1 3 745
0
0
0
0
0
1 9 941
0
1 6 184
2 7 934 10 78
2 13 143 20 437
1 17 256
2 1 816 12 222
0
1 8 880
1 4 759
1 1 788
0
1 15 121
0
1 16 298
0
0
2 2 403 3 32
0
1 14 844
0
1 13 877
2 5 321 19 512
0
1 11 623
0
1 9 729
0
1 18 989
1 12 506
0
0
0
1 1 127
0
0
1 4 73
0
0
3 7 96 8 969 14 441
0
0
0
2 9 347 20 717
0
1 10 963
0
0
0
0
0
0
2 3 129 19 491
3 6 697 12 923 17 680
0
1 16 722
0
1 14 832
0
0
1 18 575
2 4 145 5 147
0
0
0
0
1 15 874
0
1 2 875
0
0
1 13 40
0
0
1 17 385
1 1 376
1 8 555
0
0
0
0
0
2 6 682 9 632
2 14 837 18 285
2 10 592 11 358
0
0
0
2 19 9 20 616
1 12 777
0
1 16 937
0
0
0
0
1 5 803
0
1 4 216
1 7 541
0
2 3 705 15 847
0
1 13 174
0
0
0
0
0
0
0
0
1 17 992
0
2 6 976 8 458
0
0
0
2 1 20 18 712
0
1 19 643
0
0
1 9 961
0
0
0
1 14 519
0
0
0
0
0
0
0
0
0
0
0
0
0
0
0
0
0
0
0
0
0
0
0
0
0
0
0
0
0
0
0
0
0
0
0
0
0
0
