20 1 251 2 291 3 346 4 207 5 267 6 271 7 383 8 118 9 226 10 20 11 217 12 193 13 178 14 214 15 304 16 313 17 208 18 269 19 262 20 287
2 1 272 5 624
0
0
0
0
2 1 436 7 1
2 3 496 16 331
0
3 1 57 10 249 11 398
0
0
2 6 296 20 430
0
1 8 144
0
1 4 261
1 2 303
1 17 215
1 14 414
0
2 12 265 13 198
1 12 651
1 17 312
0
0
1 15 58
1 2 37
0
2 11 411 15 531
3 5 338 12 687 18 2
0
0
1 4 339
2 3 370 4 39
1 2 86
2 2 126 10 137
1 7 32
0
2 1 139 16 500
1 9 305
0
1 1 177
0
1 14 222
2 18 359 19 354
1 13 308
0
1 15 374
0
3 2 40 5 347 7 187
1 17 405
1 12 657
0
0
1 16 368
0
1 4 97
2 8 229 9 375
1 13 611
2 4 136 12 445
1 15 281
1 4 334
2 3 481 17 472
1 1 34
1 20 300
0
2 10 373 15 581
2 8 270 15 324
1 6 369
1 1 526
1 19 29
1 16 448
4 4 407 9 408 11 396 20 439
1 5 325
0
0
1 18 365
1 7 264
0
0
1 15 395
0
0
0
1 16 44
2 12 299 14 257
2 4 453 12 382
1 13 661
0
0
0
1 8 293
0
2 2 113 13 288
0
0
0
1 12 470
0
1 18 379
2 18 443 20 384
1 1 231
1 16 729
0
1 15 460
2 7 451 10 307
0
1 3 348
0
0
1 15 326
2 9 485 19 4
1 2 181
0
2 4 530 17 705
1 4 366
1 9 709
0
2 2 205 5 510
1 4 465
2 4 421 11 561
2 1 521 9 329
0
0
1 4 461
1 4 463
1 12 550
2 6 391 13 431
0
1 4 357
0
0
0
0
2 7 457 13 478
1 18 504
0
2 5 376 15 53
1 5 419
1 4 456
0
1 3 3
1 3 45
0
1 18 6
0
1 1 68
1 20 706
0
3 1 497 4 85 13 77
2 9 557 12 400
0
1 15 79
4 1 540 12 475 13 554 15 76
0
1 10 340
1 1 596
2 8 314 19 380
1 2 301
0
1 1 38
0
3 3 583 11 807 16 101
1 11 75
2 3 493 18 433
0
0
1 6 435
1 20 529
2 5 290 14 441
2 1 715 17 648
2 5 474 19 467
1 12 63
0
0
0
1 12 15
2 7 498 10 406
1 3 680
0
0
0
1 4 135
2 17 669 19 21
1 7 506
1 10 59
1 18 505
1 12 127
1 1 735
0
1 19 22
1 4 142
0
0
2 13 109 16 622
0
1 1 78
1 2 344
3 1 523 14 659 16 66
0
3 2 89 12 83 17 100
0
3 11 149 15 562 20 98
1 19 26
1 4 234
0
1 12 124
1 11 190
2 18 519 19 95
2 4 655 9 35
1 10 82
1 5 696
2 3 321 8 786
0
1 11 458
0
1 2 105
0
2 16 789 19 733
1 18 555
1 6 495
0
1 1 630
0
2 7 159 12 752
3 2 161 4 643 12 746
1 2 211
0
0
0
0
4 5 155 13 560 15 654 19 88
1 16 639
0
3 1 69 9 677 20 92
1 4 10
2 1 754 11 584
1 15 730
0
1 15 775
1 13 649
2 3 360 11 372
0
1 5 823
1 4 103
1 15 27
1 13 633
1 11 402
1 15 16
0
2 6 524 12 501
1 5 413
0
0
0
1 9 11
3 5 547 10 125 12 691
0
1 17 227
0
1 14 738
3 1 117 12 548 19 36
2 2 107 12 656
2 8 808 13 695
1 11 442
1 6 593
2 9 538 15 641
0
2 1 180 19 821
1 18 602
1 4 845
2 7 256 15 110
0
0
0
0
0
1 10 134
0
0
1 16 574
2 1 188 20 690
0
0
0
0
1 20 192
2 5 604 12 567
0
2 4 686 16 636
2 2 428 3 432
3 7 698 17 327 18 311
4 12 667 15 717 18 878 20 203
1 15 713
0
1 14 315
1 13 631
0
0
2 3 363 17 218
0
2 5 610 18 564
1 2 502
1 20 94
2 6 597 10 140
1 8 812
0
0
1 15 629
1 19 908
1 11 488
0
1 1 191
2 11 525 12 518
2 4 749 9 608
0
1 16 758
0
1 7 731
2 1 788 4 652
0
1 3 385
1 13 24
0
1 12 121
2 12 492 18 817
1 1 798
0
3 12 853 16 638 18 829
1 5 694
1 15 700
2 7 765 17 594
0
0
1 14 618
0
0
3 1 665 4 292 18 132
0
3 2 572 4 542 12 122
0
1 10 209
1 12 342
0
0
0
1 20 130
2 1 664 6 580
4 1 693 11 587 14 692 19 499
1 15 726
0
0
0
1 8 824
1 1 763
0
2 9 784 13 617
2 6 728 12 62
1 13 707
0
1 18 527
1 19 864
1 8 355
0
0
1 16 811
1 12 772
1 11 676
2 4 616 18 670
0
0
0
2 2 668 12 236
1 19 721
0
0
0
2 1 745 5 777
0
3 4 714 12 91 16 679
1 12 767
0
3 5 681 7 773 17 60
0
1 3 479
2 11 704 15 909
0
2 4 769 8 157
0
2 9 795 18 318
2 8 723 16 894
2 5 751 18 446
0
2 12 323 19 473
0
1 13 791
3 1 250 6 750 10 242
0
5 4 813 9 220 12 826 18 742 20 237
1 5 778
0
0
2 1 289 8 202
1 1 362
2 12 533 16 934
1 16 933
0
0
0
0
0
0
2 2 724 17 673
0
2 14 761 15 719
1 15 736
2 2 771 7 747
2 2 804 16 774
1 2 102
0
1 1 743
3 1 708 4 426 18 152
1 1 841
2 18 881 19 165
1 12 9
3 1 532 3 480 12 515
0
2 10 565 16 671
2 11 790 13 843
2 7 737 17 536
2 2 185 4 820
4 5 875 11 56 12 800 18 476
0
2 1 606 5 834
0
0
0
1 7 822
0
0
0
1 9 255
2 1 689 20 317
0
1 6 759
2 4 243 9 907
4 1 760 4 415 9 860 13 852
3 2 170 13 566 19 52
2 2 832 13 252
1 2 171
1 6 796
2 12 815 14 803
2 4 755 15 883
1 12 830
2 2 839 12 899
1 9 174
1 13 756
2 3 851 16 417
0
0
0
1 12 920
1 11 537
3 1 825 10 427 17 381
0
3 8 275 14 131 18 404
1 19 592
0
1 15 553
0
1 4 802
1 4 710
0
0
1 9 819
0
1 8 345
0
2 5 840 7 888
0
1 13 744
0
1 3 416
0
0
0
2 12 873 18 462
1 5 905
4 2 847 6 859 11 176 16 150
3 2 870 4 322 5 858
1 4 861
1 7 947
0
1 1 846
1 20 397
0
1 4 722
1 4 922
0
1 4 119
2 4 545 5 976
0
1 20 818
0
1 8 350
2 1 924 7 857
0
2 4 768 17 146
1 15 403
0
2 9 919 18 906
2 5 482 10 868
1 6 872
3 4 948 8 332 15 867
1 5 901
0
2 14 911 19 937
1 12 418
2 1 603 7 952
1 9 647
0
3 2 902 13 949 18 783
2 4 874 20 129
0
0
0
0
0
0
1 1 511
0
1 15 556
0
0
2 12 371 17 429
1 11 241
0
0
0
2 6 887 10 179
2 7 224 16 336
0
1 7 897
0
0
2 1 483 3 842
0
0
3 4 172 5 814 6 794
1 5 43
1 15 903
1 15 855
1 15 960
2 1 615 12 487
3 5 955 8 890 19 579
3 1 280 12 927 15 8
1 13 882
0
2 12 258 15 621
0
0
2 1 401 18 568
1 5 449
4 1 522 6 297 12 885 14 361
3 1 848 13 836 20 353
2 2 930 9 194
0
1 18 969
0
1 12 143
0
2 1 263 8 72
0
1 15 440
1 19 753
1 11 151
1 7 233
0
1 16 392
0
1 20 389
2 5 316 15 337
1 12 600
1 1 167
0
1 18 898
0
0
2 2 923 4 650
1 14 642
1 16 833
1 15 570
3 6 164 9 468 13 590
1 12 378
1 10 244
0
0
1 1 54
0
0
1 4 810
2 11 444 17 367
0
1 3 582
1 7 954
0
1 19 675
1 20 879
0
0
1 19 889
3 2 552 12 959 20 877
3 2 388 12 452 18 585
2 12 931 20 490
1 5 450
2 5 235 19 273
0
2 2 494 20 816
2 2 260 18 921
1 8 711
2 5 880 12 625
1 11 186
2 1 219 16 601
0
1 19 913
1 1 964
1 18 623
2 4 910 15 589
3 4 145 10 925 11 163
1 1 221
3 2 986 12 112 15 147
3 4 956 8 940 20 936
3 2 712 5 284 12 14
1 4 286
4 4 259 12 13 16 780 18 351
1 9 979
0
3 1 929 5 944 19 865
2 2 935 4 169
0
0
2 12 528 13 682
1 18 989
3 6 199 14 160 15 871
2 5 74 10 28
0
1 16 320
1 11 895
1 2 33
2 1 210 20 539
1 13 65
1 12 757
0
1 17 425
1 7 740
2 4 544 8 71
1 9 896
0
1 19 660
1 2 634
0
1 18 785
0
0
0
1 4 128
1 7 364
0
1 1 646
1 3 628
3 12 563 15 993 17 951
0
1 6 779
1 11 464
1 5 508
2 13 534 16 30
0
1 1 141
1 14 685
1 10 268
1 20 438
0
1 2 23
1 4 133
0
0
0
1 9 904
1 18 844
0
1 19 926
1 7 856
0
0
1 1 12
0
0
0
0
0
1 8 422
2 5 434 11 546
0
0
1 12 619
0
1 3 491
0
0
1 18 938
1 15 213
1 4 569
1 6 225
1 16 358
0
2 13 516 17 914
2 1 835 17 61
1 1 223
1 1 302
2 1 985 17 541
1 1 575
2 1 718 2 148
1 1 588
1 20 156
0
0
1 2 212
0
0
3 1 412 17 912 20 356
3 10 352 12 298 20 995
3 1 420 2 410 12 424
0
1 12 168
1 20 138
0
1 20 283
2 2 720 14 17
2 1 115 2 893
0
1 5 973
3 12 965 17 966 19 469
1 12 967
2 1 862 15 980
4 1 741 5 377 15 612 20 343
2 9 41 10 725
1 12 551
4 1 838 2 64 12 997 15 18
6 1 319 11 971 12 697 15 953 17 640 18 892
2 4 248 12 111
3 1 672 12 932 14 184
1 5 662
1 2 239
2 4 96 19 613
0
3 7 674 11 387 12 957
1 2 837
2 4 189 11 484
2 1 246 15 663
1 20 866
2 10 869 12 162
1 4 782
2 12 987 18 108
3 4 972 9 195 13 793
0
1 2 512
2 5 827 6 454
3 1 333 4 950 17 294
0
1 13 486
3 4 455 15 999 16 274
5 1 513 3 394 7 974 11 981 18 961
2 18 349 19 805
1 12 216
3 4 970 8 900 14 996
3 4 282 13 764 18 90
0
0
3 5 653 9 626 15 701
0
1 18 998
0
1 20 727
2 1 166 12 253
2 7 196 10 809
0
2 2 330 11 549
2 16 918 17 386
1 1 517
1 4 466
2 3 928 18 797
0
0
1 18 984
1 5 627
0
2 15 31 19 423
4 4 535 6 828 9 206 12 806
2 2 70 18 197
0
0
3 7 849 11 276 13 67
0
0
3 1 573 8 863 12 990
0
0
1 15 279
1 4 792
0
0
2 2 42 12 183
2 3 635 20 942
2 11 850 14 114
0
0
1 16 962
1 1 963
1 17 945
2 4 716 9 988
1 10 645
0
0
0
0
1 18 683
0
2 12 232 15 941
2 5 632 13 994
2 1 5 19 50
1 2 703
1 11 266
2 7 51 8 55
0
1 6 591
0
1 4 514
1 18 328
1 12 787
1 15 543
0
0
0
1 16 766
1 14 975
0
1 5 732
0
2 2 247 20 228
1 9 637
1 3 390
0
2 4 509 12 571
1 13 559
0
2 10 577 17 886
0
1 11 154
0
1 19 123
1 18 620
0
1 1 917
0
1 15 49
0
1 12 295
0
0
0
2 7 285 20 884
1 5 106
0
0
1 2 702
1 6 977
2 15 1000 16 946
0
1 4 576
2 12 644 14 762
0
0
1 12 200
0
2 2 992 13 120
2 8 309 9 943
1 1 770
1 3 46
0
0
0
0
1 10 153
1 19 399
0
2 5 7 18 47
0
1 12 173
1 11 666
0
2 12 201 17 341
2 7 609 15 238
1 4 503
0
0
0
0
0
0
0
1 20 684
0
0
0
1 16 116
1 5 175
1 1 158
0
1 13 982
0
1 12 586
0
0
2 2 658 18 854
0
0
2 4 595 7 84
0
1 12 876
0
1 11 958
1 6 520
0
1 9 983
1 15 93
0
0
1 3 507
0
1 10 578
0
1 19 734
1 14 254
2 1 459 13 240
3 4 409 12 81 18 599
0
1 8 87
0
2 5 614 16 598
1 20 801
0
0
1 7 245
0
0
0
0
1 1 104
0
1 17 335
1 2 447
1 15 748
0
0
1 18 99
0
1 13 230
0
0
0
0
0
0
0
0
2 11 204 12 991
0
0
0
1 19 310
0
0
0
0
2 4 393 16 605
0
0
2 6 688 15 489
2 2 891 3 915
1 9 80
0
1 10 471
2 1 19 7 916
1 18 477
0
0
0
1 20 437
0
0
0
0
1 12 277
0
0
3 5 776 11 678 14 182
0
1 13 781
2 15 306 17 978
0
1 8 25
0
1 4 558
0
0
0
0
0
0
1 18 73
0
1 16 699
0
0
0
0
1 1 831
0
0
0
0
0
1 2 607
0
0
2 12 48 19 739
1 15 968
0
0
0
1 6 799
0
0
2 1 939 4 278
0
0
0
0
0
0
0
0
0
0
0
0
0
0
0
0
0
0
0
0
0
0
0
0
0
0
0
0
0
0
0
0
0
0
0
0
0
0
0
0
0
0
0
0
0
0
0
0
0
0
0
0
0
0
0
0
0
0
0
0
0
0
0
0
