20 1 22 2 30 3 3 4 19 5 57 6 15 7 6 8 59 9 27 10 48 11 5 12 68 13 17 14 18 15 44 16 61 17 11 18 1 19 82 20 110
2 5 4 12 29
0
1 9 33
0
0
1 17 13
0
1 16 8
0
0
2 7 25 10 16
2 10 63 12 53
0
1 6 107
0
0
1 20 47
0
0
0
1 9 81
2 15 10 16 7
0
3 8 120 10 36 14 93
0
1 1 37
1 20 77
0
1 20 174
0
1 17 156
0
0
1 15 204
2 5 41 20 202
1 12 71
2 12 87 17 199
0
0
0
0
0
1 7 40
0
1 4 299
1 3 34
0
1 18 12
0
3 2 55 4 46 13 101
2 7 73 12 271
3 6 100 9 62 11 86
0
2 3 72 10 74
2 11 119 17 266
0
1 10 375
1 8 393
1 11 377
0
1 5 121
1 2 69
0
1 6 97
0
1 16 38
1 1 422
2 13 191 14 453
1 15 225
0
1 2 126
1 5 387
2 4 445 12 389
0
1 19 136
0
2 6 182 13 547
0
1 2 140
2 5 467 14 533
1 3 92
1 7 114
1 9 106
1 15 144
0
1 10 437
2 8 421 13 310
2 4 450 20 343
1 14 581
1 17 591
0
1 8 318
0
1 11 395
0
0
0
0
3 7 152 9 615 13 673
0
0
0
0
1 6 586
1 1 624
3 16 43 19 210 20 703
1 12 692
0
1 15 242
0
2 13 94 18 58
1 14 571
2 4 614 8 685
0
1 10 691
1 17 724
1 20 797
1 1 795
0
2 12 735 20 764
1 13 660
0
0
0
1 7 791
0
0
2 2 816 6 843
2 8 256 15 830
4 9 90 15 771 16 812 19 889
0
1 5 890
1 17 949
0
0
4 3 131 5 902 8 868 18 929
0
2 10 102 17 164
0
0
1 12 118
1 11 497
0
1 7 958
1 4 899
1 14 976
1 6 132
0
0
1 17 52
2 15 910 16 24
0
0
2 1 884 13 185
0
1 14 237
0
1 4 239
1 20 975
1 8 427
1 9 153
0
1 4 162
0
0
2 10 846 18 14
0
2 15 984 20 991
3 6 938 12 842 19 997
0
0
0
0
2 5 906 8 134
1 12 914
0
0
1 3 78
1 6 326
1 2 45
2 5 2 10 20
1 17 9
0
0
0
0
0
0
0
0
0
0
0
0
0
0
3 5 21 7 75 9 23
0
0
0
1 10 31
0
0
0
0
0
0
0
0
0
3 1 65 4 42 8 122
0
0
2 4 56 10 85
0
0
0
3 5 99 10 28 11 35
0
0
0
0
0
0
0
0
2 3 88 4 128
0
0
0
0
0
0
0
0
0
1 5 129
0
0
0
0
3 2 98 3 96 6 127
0
0
0
0
0
0
0
6 3 50 5 83 6 26 7 91 8 51 9 89
0
0
0
1 10 39
0
1 9 163
0
1 2 60
0
0
0
0
0
0
0
0
0
0
0
3 1 67 10 80 11 146
1 10 84
0
0
0
1 7 104
2 6 32 7 49
0
0
0
0
0
2 7 64 9 112
2 2 138 5 172
7 3 66 6 79 10 105 12 116 13 141 14 76 15 142
1 8 54
1 4 155
1 15 220
0
2 3 111 16 70
0
0
0
2 7 181 13 179
0
0
0
1 15 298
0
3 3 157 17 190 18 201
0
1 3 169
0
1 7 139
0
2 1 125 9 145
2 11 243 14 219
0
0
3 3 109 6 186 7 254
0
0
0
0
3 12 117 14 209 16 158
0
0
0
2 10 108 15 143
3 4 130 10 173 16 151
0
0
2 2 159 13 231
1 16 234
0
4 8 124 17 115 19 103 20 95
0
2 6 188 14 279
0
0
1 7 315
0
2 3 113 16 166
2 1 147 14 150
0
0
0
0
0
2 5 135 10 171
0
0
0
0
0
2 9 178 12 205
1 6 245
0
2 1 149 10 212
0
0
1 12 217
0
0
0
0
0
0
0
0
1 9 251
4 11 154 12 221 14 198 15 167
0
0
0
2 1 193 4 183
1 6 177
0
0
0
3 5 206 7 211 9 311
0
1 8 133
0
0
0
0
0
0
5 2 161 3 123 6 160 9 168 12 137
3 1 180 5 235 14 200
0
0
1 3 184
0
0
0
3 8 165 16 218 17 148
1 17 196
0
0
5 10 170 12 175 13 176 18 223 19 265
1 7 236
1 10 241
0
0
1 14 283
0
0
0
0
0
2 1 227 12 215
2 10 281 13 282
1 15 322
0
1 10 222
0
0
1 3 228
0
0
3 3 258 4 284 9 238
3 2 195 10 192 11 229
0
0
0
3 5 189 8 187 16 270
0
0
0
0
2 3 197 6 207
0
0
0
0
0
0
0
2 1 291 7 252
2 10 203 12 259
0
0
1 4 302
0
0
0
0
2 7 277 11 272
0
1 9 226
0
0
0
4 3 208 7 249 8 194 10 244
1 12 304
0
0
0
1 13 369
0
0
0
4 5 246 14 285 15 273 17 247
4 6 213 18 230 19 269 20 286
0
0
0
1 6 257
0
0
0
0
0
0
0
0
0
0
2 1 276 3 297
1 4 292
1 3 368
0
0
0
3 12 290 14 294 15 278
0
2 8 224 12 216
0
0
3 2 214 16 248 17 274
0
3 5 255 6 250 7 338
1 4 263
3 3 287 9 268 17 233
0
0
1 7 333
2 14 288 16 253
3 10 293 14 349 20 321
0
0
0
1 10 374
0
0
0
0
0
0
0
0
3 3 275 5 300 7 316
3 2 261 12 232 14 260
0
1 6 458
0
2 12 264 13 305
0
0
1 11 307
0
0
1 12 240
1 9 301
1 4 336
2 3 295 14 289
1 7 373
0
2 8 262 17 303
0
0
0
0
0
2 1 296 11 327
0
1 7 384
1 8 324
0
0
3 1 314 10 382 12 325
1 3 317
0
0
1 11 267
2 3 331 13 320
1 1 351
0
0
0
0
1 6 528
1 3 391
0
0
0
3 2 306 9 313 10 280
7 5 312 11 308 13 366 14 358 15 309 16 340 18 357
3 1 319 9 398 19 396
0
0
2 4 341 20 359
1 17 334
0
0
0
1 12 344
0
1 10 328
1 1 416
1 8 335
1 11 348
0
2 3 323 14 330
2 7 378 20 361
0
0
0
0
0
0
2 4 414 12 412
0
1 4 337
4 3 390 5 372 10 485 18 332
0
2 2 345 5 339
0
0
0
1 1 346
1 3 342
1 6 423
0
0
0
5 5 367 8 329 9 347 12 402 15 355
0
1 4 360
1 3 352
4 2 362 15 356 16 353 17 440
0
1 9 383
0
0
0
1 6 371
0
0
0
0
0
0
0
0
0
1 1 406
2 6 354 7 417
3 8 386 10 403 11 405
2 5 380 13 419
3 1 404 8 418 12 408
0
1 12 350
0
2 14 487 15 455
2 2 376 17 438
0
2 3 432 18 370
0
0
0
0
0
0
0
3 5 429 7 435 10 397
0
1 3 468
5 5 431 6 388 11 364 19 409 20 363
0
0
2 4 365 12 452
0
0
0
1 9 443
1 1 407
2 13 424 19 394
2 8 379 16 433
0
2 11 401 12 381
0
0
1 7 446
1 8 439
0
1 6 441
0
1 17 461
3 14 481 16 475 17 472
1 12 411
0
1 7 478
0
0
0
0
3 1 449 3 466 10 413
2 7 385 10 430
0
1 3 494
0
3 7 448 9 392 12 426
0
3 11 463 14 456 15 459
0
0
0
0
3 5 469 12 436 16 464
0
0
2 3 410 4 465
0
0
0
4 2 399 5 444 15 442 18 428
0
0
0
0
0
0
3 9 400 19 451 20 415
0
1 16 507
0
2 10 536 11 476
0
0
1 7 502
0
1 12 479
1 10 484
1 14 514
1 10 529
3 8 462 13 489 14 492
0
0
0
0
0
4 6 447 11 486 14 531 15 490
0
0
3 8 512 11 504 15 525
0
0
0
0
0
0
0
0
3 2 482 6 454 9 488
0
0
0
0
0
0
3 3 425 13 420 14 619
1 3 477
0
2 1 470 10 500
1 4 552
0
0
0
5 5 460 7 534 8 559 10 457 12 542
4 1 508 2 498 16 567 17 496
1 10 499
3 3 518 10 495 19 491
0
0
0
2 1 524 7 569
0
1 18 434
0
0
0
0
0
0
0
2 3 471 6 480
0
1 8 521
0
0
2 7 474 10 526
2 1 554 12 574
1 11 509
0
0
0
0
1 10 588
2 9 501 13 548
3 5 503 14 505 15 546
0
3 2 493 7 517 16 541
0
2 1 506 17 590
1 9 597
0
0
0
0
0
0
0
0
0
0
0
0
0
0
1 4 513
0
0
0
3 5 511 10 523 12 600
0
2 3 473 14 519
1 3 545
0
0
1 6 483
0
0
0
1 9 598
4 5 544 7 530 15 577 16 562
1 12 676
2 5 629 12 555
1 11 553
0
0
0
0
4 2 527 3 550 9 510 14 636
1 8 532
2 11 617 17 604
4 9 522 11 561 18 565 19 576
0
0
1 1 583
2 7 560 12 587
1 11 596
1 13 643
0
4 10 575 15 623 19 566 20 584
1 18 625
1 11 557
0
0
0
1 3 589
2 4 516 17 682
1 6 515
3 7 573 8 579 17 654
0
0
1 12 610
1 14 608
1 4 540
1 2 549
0
2 5 535 14 572
0
2 7 620 16 621
0
0
0
0
3 9 551 10 627 20 564
0
0
2 6 537 7 585
1 10 580
1 14 578
1 16 670
0
0
1 11 657
2 8 652 9 599
0
0
1 1 645
1 8 653
1 16 658
1 9 609
0
2 7 674 19 665
0
0
3 9 630 11 687 15 704
1 3 605
0
1 12 616
0
0
1 16 718
0
2 3 570 5 601
1 18 638
0
1 6 538
0
1 13 613
0
0
2 10 611 17 695
0
0
4 1 690 8 633 17 612 19 558
2 2 602 16 641
0
0
0
1 7 520
0
1 12 592
0
0
1 13 667
0
2 2 626 14 642
0
3 9 646 12 659 15 720
2 6 634 20 603
0
1 4 556
1 14 606
0
2 7 618 19 622
1 11 668
1 18 666
0
2 12 647 16 750
1 9 669
0
2 1 708 11 568
2 10 650 17 607
1 5 656
1 5 696
0
2 8 688 11 729
0
2 6 644 14 700
0
0
1 3 594
1 10 593
2 10 706 14 640
0
1 4 563
0
1 5 635
0
0
0
1 10 664
1 10 732
1 12 661
0
0
1 16 721
1 12 709
1 9 649
0
1 15 632
0
1 12 539
3 6 698 10 672 13 697
0
1 18 714
1 17 716
1 8 717
1 3 736
1 2 662
1 10 739
0
0
2 7 639 9 675
1 4 595
2 1 582 15 655
2 18 631 20 699
0
2 6 722 8 543
2 2 663 3 693
2 1 678 7 677
3 7 705 10 684 19 628
0
0
0
2 10 727 11 648
0
0
2 3 679 14 740
0
0
0
2 14 831 15 783
1 14 753
1 4 651
0
0
0
0
0
2 3 702 7 681
3 5 683 10 686 12 710
1 10 711
1 10 742
0
3 5 754 12 725 13 730
1 11 723
1 11 744
0
0
0
0
6 2 671 6 701 15 680 16 758 17 770 20 738
0
1 9 726
0
0
0
0
2 12 788 14 766
0
0
2 5 751 15 752
0
0
0
1 1 712
2 3 713 7 707
0
1 8 743
0
1 10 820
0
0
2 2 694 9 715
3 4 737 12 719 15 689
0
0
1 12 728
0
0
1 1 773
0
0
1 12 637
0
1 8 836
0
0
0
0
1 10 778
0
2 7 796 10 731
1 5 793
3 8 760 11 879 14 792
3 6 741 15 746 16 748
2 2 733 17 777
0
0
0
1 7 757
0
0
2 4 755 7 798
0
0
0
0
3 9 762 12 761 16 802
0
1 13 767
0
1 10 734
0
0
2 4 786 11 775
1 11 776
0
0
0
0
0
0
0
0
1 7 875
0
3 1 769 3 747 8 821
2 12 756 14 749
0
0
0
0
0
2 4 818 12 848
0
4 2 745 15 780 16 763 17 765
0
0
0
4 6 759 12 774 14 781 18 815
2 8 784 10 866
1 5 803
1 9 853
1 15 804
0
0
1 13 807
0
0
0
0
0
2 11 849 12 851
0
0
0
0
0
0
0
0
0
0
1 5 768
0
0
1 2 772
0
2 1 782 6 790
2 5 805 7 825
0
0
0
1 6 794
0
0
0
0
1 3 809
0
0
0
3 1 785 8 839 9 819
3 4 823 10 828 12 829
1 10 844
2 14 837 15 801
2 3 885 14 838
0
0
0
2 4 915 11 888
0
1 3 965
0
0
0
0
0
3 5 817 7 811 9 806
0
0
2 3 920 11 966
0
0
2 8 870 10 874
1 9 897
0
0
1 11 824
0
1 5 872
0
0
0
1 4 959
0
0
0
0
0
1 7 869
0
1 3 854
0
0
0
0
4 2 787 4 779 5 826 6 847
0
0
1 1 814
0
0
0
0
0
0
0
0
0
0
0
0
0
0
0
0
0
0
0
0
0
0
0
0
0
2 3 800 4 833
0
0
0
0
0
0
1 5 893
0
0
0
0
6 2 810 7 813 8 799 9 859 10 881 11 789
0
0
1 5 891
0
0
2 6 850 7 827
1 3 808
0
0
0
0
1 1 845
0
2 8 852 9 841
0
0
0
0
0
0
0
2 7 855 8 931
0
1 4 871
0
0
0
0
0
0
0
0
0
0
0
0
0
4 1 857 3 822 5 896 7 876
0
0
0
0
0
0
0
0
2 9 940 10 873
1 1 860
0
0
0
0
1 1 887
0
0
0
0
0
0
0
0
1 5 937
0
1 6 921
0
0
0
3 2 834 7 861 8 858
1 4 911
0
0
1 7 956
0
0
0
0
0
0
0
0
0
0
0
5 3 832 5 908 6 904 9 895 10 919
0
0
0
0
0
0
1 1 928
0
0
0
2 5 942 8 982
0
0
0
0
1 3 865
0
0
0
0
0
1 4 960
0
0
5 2 835 6 867 7 864 10 862 11 927
0
0
0
0
0
0
1 5 954
0
0
0
0
0
0
0
0
1 7 886
0
2 1 945 8 980
0
0
0
0
0
0
0
1 3 926
0
0
0
0
0
0
0
0
0
0
0
0
0
0
0
0
0
0
5 1 898 4 905 5 912 6 946 7 979
0
0
0
0
0
0
1 5 936
0
0
0
0
0
0
0
0
0
0
0
0
0
0
0
0
0
0
0
3 2 856 5 840 8 900
0
0
0
0
2 6 924 8 950
0
0
0
4 2 878 3 877 9 939 10 934
0
1 6 948
0
0
0
2 1 923 11 913
0
0
1 5 863
2 3 903 12 944
0
0
0
0
0
1 12 952
0
2 3 918 13 947
0
0
0
4 2 882 3 907 4 917 8 880
0
0
1 1 994
0
0
0
4 3 894 5 901 7 930 9 941
0
0
0
0
1 10 992
0
1 11 988
0
1 3 916
4 4 932 6 993 12 963 14 983
0
0
0
0
0
0
0
0
0
0
0
0
0
0
0
0
0
3 1 961 4 883 8 925
4 3 957 4 972 9 953 10 955
0
1 3 973
0
0
0
2 5 922 10 943
2 2 909 10 892
0
0
0
0
1 7 969
0
0
0
0
2 1 986 8 974
3 5 995 6 935 11 989
1 10 978
0
0
0
0
2 4 981 10 977
1 1 971
0
0
0
0
0
0
0
1 4 987
1 3 998
0
0
0
0
0
0
0
3 2 964 6 933 7 970
0
1 9 967
0
0
0
0
0
0
0
0
0
1 1 990
0
0
1 2 968
0
0
0
0
0
0
0
0
0
0
1 1 985
0
0
0
0
0
0
0
0
0
0
1 2 999
0
0
0
0
0
0
2 3 951 4 962
0
0
0
0
0
0
0
0
0
0
0
0
0
0
0
0
1 1 1000
0
0
0
0
0
0
0
0
0
0
0
0
0
0
0
0
0
0
0
0
0
0
0
0
0
0
0
0
0
0
1 1 996
0
0
0
0
0
0
0
0
0
0
0
0
0
0
0
