20 1 47 2 78 3 48 4 49 5 11 6 35 7 13 8 72 9 24 10 14 11 36 12 29 13 84 14 5 15 113 16 140 17 123 18 50 19 52 20 97
0
1 4 112
1 4 12
0
0
1 16 27
0
0
2 10 22 12 66
1 3 67
1 13 2
1 8 184
0
0
0
2 3 109 11 30
1 3 100
1 15 170
1 2 122
1 2 162
1 2 160
1 12 142
4 4 23 11 53 15 127 19 188
1 6 59
1 3 89
1 4 244
2 5 79 18 19
0
0
0
0
1 3 313
1 12 219
0
0
2 14 55 18 277
0
0
1 20 131
2 1 54 20 111
1 20 328
2 2 190 18 315
0
1 5 365
1 6 303
2 10 355 15 374
2 12 221 17 379
0
0
0
1 11 456
1 6 410
1 6 465
2 8 236 15 215
1 9 428
1 6 420
0
3 1 144 3 320 12 521
3 12 401 16 439 18 463
1 6 486
0
1 20 432
3 4 514 16 580 20 462
2 19 587 20 591
1 19 663
1 13 566
0
0
1 5 558
1 6 680
2 11 679 12 621
1 12 668
0
1 13 688
1 18 670
0
2 8 711 11 715
2 3 699 9 734
0
3 4 736 7 795 16 792
0
1 15 810
1 2 935
0
2 5 895 20 867
0
1 15 861
3 8 741 15 883 16 891
0
1 7 947
0
1 3 890
1 20 951
1 3 902
3 3 926 12 923 19 948
1 6 594
0
0
1 4 10
1 4 852
0
0
0
2 1 962 19 7
4 2 69 5 940 8 979 14 80
3 8 787 11 37 19 65
2 6 15 19 6
3 10 973 11 31 16 173
0
1 17 394
1 4 18
0
0
1 18 995
0
1 15 3
1 3 32
1 3 40
2 3 25 9 38
3 1 120 3 33 19 20
1 20 26
1 15 51
2 6 483 17 453
1 15 104
1 9 91
1 12 42
0
2 3 45 13 64
0
1 15 106
1 15 58
1 8 815
0
2 4 21 9 74
1 11 41
1 15 16
2 4 61 12 94
1 2 119
0
0
1 19 85
1 12 81
1 16 60
0
1 1 1
1 10 75
0
2 3 63 5 71
2 9 70 20 43
2 2 68 7 9
0
0
1 11 117
1 20 108
1 3 135
0
1 1 4
0
2 8 128 14 856
2 11 143 12 46
1 19 171
1 18 17
1 4 39
1 4 115
2 1 105 2 8
1 6 90
0
3 7 82 9 83 10 77
0
0
2 3 125 4 126
0
0
1 12 167
4 1 147 9 118 16 114 20 164
2 4 163 5 73
0
0
0
2 4 62 13 57
0
0
1 15 28
0
0
1 16 187
0
0
0
0
0
0
0
1 1 93
2 5 129 8 194
0
0
0
0
3 2 34 10 56 11 86
2 9 146 16 139
0
0
2 3 185 6 206
0
1 3 103
2 8 124 9 44
0
0
0
0
3 7 152 11 121 13 156
0
1 5 153
1 3 193
0
0
0
0
0
3 1 132 8 179 12 98
2 10 116 15 92
0
0
0
0
5 4 95 6 155 17 107 18 247 19 207
0
2 1 134 20 150
1 11 196
2 1 161 2 203
1 8 101
3 10 159 15 192 20 148
0
0
1 3 195
0
4 3 138 12 141 14 130 20 295
0
1 4 149
0
0
3 4 191 5 220 8 336
3 1 211 11 232 13 168
0
0
0
1 12 174
0
0
0
0
0
2 16 151 17 145
0
0
0
0
2 11 311 18 304
0
0
3 1 228 5 224 8 266
0
4 7 96 9 178 19 226 20 76
0
2 5 88 20 136
0
0
1 3 87
2 4 263 13 305
1 4 267
1 9 210
1 15 243
1 7 180
2 11 154 19 208
2 1 227 2 321
1 12 300
0
1 4 216
1 20 157
2 6 182 15 271
3 10 197 14 217 20 202
0
1 8 175
0
0
4 7 201 17 251 19 234 20 299
0
0
0
2 11 241 20 225
0
0
1 5 99
2 3 183 18 137
1 11 298
0
1 3 102
0
0
0
1 5 199
0
2 6 205 10 275
0
0
1 1 230
0
1 7 166
0
0
0
3 5 189 8 249 11 369
0
0
0
0
0
1 2 276
0
1 1 330
0
0
1 6 259
0
1 2 294
1 1 429
0
1 2 378
1 4 212
4 3 110 7 169 9 133 12 200
3 3 165 13 186 14 158
1 3 172
3 3 204 15 176 16 250
0
2 5 281 6 319
0
0
0
0
0
1 7 181
2 6 381 8 411
3 3 209 9 213 11 198
0
3 15 223 17 257 18 177
2 5 285 10 373
0
0
1 1 478
0
0
0
0
0
0
0
0
1 1 290
1 2 256
0
0
2 4 229 5 240
0
0
2 9 272 10 286
0
0
3 8 235 11 214 12 222
0
1 13 248
3 3 233 9 264 15 218
0
0
1 4 246
0
0
2 8 254 14 237
0
0
1 9 306
0
0
0
0
0
3 3 255 4 265 5 258
0
0
0
0
0
0
0
0
1 1 273
1 6 282
0
0
0
0
2 2 314 3 262
0
0
2 4 239 5 231
0
0
0
0
0
0
0
0
2 4 242 7 322
0
0
0
0
1 2 309
0
0
0
0
0
0
0
0
0
0
0
0
0
1 1 274
0
0
0
0
0
0
0
0
5 1 238 3 279 4 316 5 296 7 302
0
0
0
0
0
1 2 387
0
1 4 389
0
0
1 5 283
0
4 1 245 3 297 6 340 7 317
0
0
0
0
1 2 310
0
0
0
0
0
4 1 252 3 260 5 334 8 332
0
0
0
4 3 288 9 289 10 308 11 331
0
0
1 4 352
0
0
1 6 354
0
0
0
0
2 3 292 7 344
0
4 1 268 8 261 9 253 11 345
0
0
0
0
0
5 3 301 11 293 12 323 13 359 14 329
0
0
0
0
0
0
0
0
0
0
0
0
1 2 431
0
0
0
3 3 337 5 419 6 375
0
2 5 278 7 269
0
0
0
0
0
0
0
0
0
0
5 1 287 3 324 4 280 5 333 8 325
0
0
3 1 291 9 370 10 383
2 11 341 12 342
1 11 346
0
0
0
0
0
0
0
0
0
0
0
2 2 356 11 436
3 2 339 5 338 12 406
1 12 496
0
0
0
1 5 380
0
0
0
0
0
0
0
1 3 377
0
0
3 1 318 5 335 13 326
0
1 8 391
0
2 7 270 14 360
3 1 407 15 398 16 371
0
3 4 284 9 390 17 467
2 6 423 11 444
0
0
3 1 307 4 347 10 350
0
1 5 396
0
0
0
2 4 368 8 385
0
0
1 12 418
2 2 357 12 362
0
0
1 3 382
0
0
1 3 393
0
0
1 6 425
0
2 6 361 7 348
2 3 404 5 489
0
0
0
0
1 3 403
0
0
0
0
0
0
0
0
0
0
0
0
3 1 312 4 349 9 353
0
0
1 6 366
1 3 413
0
0
0
0
0
0
0
0
4 2 400 3 376 9 363 10 441
1 3 471
0
1 3 388
0
0
3 1 343 11 327 12 399
0
0
0
3 4 384 5 417 8 358
0
3 2 405 6 414 13 421
0
0
0
0
0
0
0
0
0
1 3 409
0
0
0
0
0
0
0
0
1 4 451
0
4 2 372 5 469 8 464 11 395
1 2 386
0
0
0
1 3 485
0
1 10 491
0
2 9 460 11 452
0
0
2 7 416 12 402
0
0
0
0
0
0
0
1 5 477
0
0
1 10 450
4 1 367 2 351 3 397 11 427
5 1 422 4 426 13 443 14 446 15 447
0
0
0
0
0
4 6 473 8 459 16 474 17 563
0
2 3 433 18 408
0
2 2 364 19 434
2 19 472 20 513
1 12 507
0
0
0
0
0
1 4 457
0
1 3 440
0
1 5 503
0
1 1 435
0
1 8 527
0
0
0
1 9 498
0
0
0
0
4 2 412 10 438 11 392 12 442
0
0
2 6 445 7 466
1 4 458
0
3 10 482 13 502 15 530
0
0
0
1 11 449
0
3 3 448 16 495 17 499
0
0
2 1 454 10 437
0
0
0
0
2 11 468 12 494
0
0
0
0
2 3 455 10 510
3 1 470 12 461 15 526
0
0
0
1 12 561
0
0
5 2 480 9 511 18 430 19 415 20 424
0
1 1 479
0
0
2 5 538 7 518
4 4 484 12 576 13 504 16 493
1 3 501
0
2 6 481 14 476
2 7 505 9 542
0
0
0
1 12 520
1 19 564
2 4 506 5 533
0
1 20 601
1 19 638
2 8 613 11 597
0
1 9 548
0
1 7 509
2 2 516 14 515
1 18 523
1 6 490
1 4 525
0
0
1 16 512
1 10 517
0
0
0
0
1 4 488
1 1 487
0
2 3 557 8 552
0
0
0
0
2 18 545 20 606
0
1 17 546
0
1 16 553
2 15 567 19 528
1 19 653
1 3 532
1 3 631
2 3 562 15 475
1 9 588
1 20 556
2 2 519 16 529
0
1 12 524
1 11 583
1 8 628
0
4 1 508 7 536 11 550 13 565
0
1 3 537
0
0
0
0
0
1 4 689
0
2 2 590 5 577
0
0
3 6 492 11 554 13 497
2 10 539 18 547
4 5 500 6 540 14 522 19 620
0
0
0
1 7 585
0
0
2 3 589 8 624
0
2 1 535 10 702
2 5 534 11 574
1 1 549
0
0
0
0
0
1 3 575
0
1 7 593
0
0
0
0
0
0
5 1 604 4 579 6 555 9 603 12 581
0
2 11 531 14 605
1 15 559
1 13 543
0
0
1 2 598
0
0
0
0
0
0
0
0
0
0
0
0
0
4 5 541 8 634 16 551 17 568
0
0
2 2 560 3 651
0
3 1 611 9 672 11 626
0
0
0
3 4 647 12 595 18 657
0
0
1 6 572
3 15 570 19 584 20 629
0
0
0
0
0
0
0
1 2 713
0
0
0
1 3 571
0
0
4 4 600 5 573 9 650 10 586
0
1 7 619
0
0
0
0
1 3 627
7 9 569 10 612 11 544 12 599 13 596 14 618 17 578
0
2 10 677 18 696
0
0
0
0
0
0
0
2 1 656 6 644
0
2 11 615 19 639
2 5 582 20 607
0
1 20 608
3 8 630 16 678 19 708
0
0
0
3 4 617 18 616 20 705
0
1 6 659
1 5 636
2 12 641 15 661
0
0
0
3 3 643 17 602 20 592
0
2 13 622 20 681
2 1 642 18 673
0
0
3 2 717 3 693 18 623
0
0
1 9 610
0
1 15 625
1 6 671
0
1 15 640
0
0
2 14 674 18 660
0
1 3 694
1 19 609
1 12 662
1 5 746
1 3 727
0
0
1 20 655
1 11 675
1 11 700
0
1 7 695
0
1 13 667
0
0
0
0
3 1 684 16 751 19 731
1 8 633
1 2 632
1 5 635
0
2 1 697 10 665
0
1 14 725
0
0
0
2 4 658 20 652
2 4 669 13 683
0
2 3 738 18 750
1 15 685
1 11 703
0
1 20 752
0
1 4 756
0
0
2 3 762 4 749
1 3 645
1 9 614
0
3 1 706 2 686 12 648
1 19 654
1 10 719
1 20 666
0
0
0
4 3 690 6 701 13 646 17 664
2 6 754 15 712
1 8 691
2 3 724 14 692
0
1 5 704
0
0
1 11 714
1 1 710
1 7 720
2 10 761 18 718
0
0
0
0
1 19 744
0
2 1 755 2 732
0
1 4 819
0
0
0
1 3 682
1 1 896
1 4 812
1 6 803
0
1 10 771
2 8 737 11 745
2 4 728 12 824
0
0
0
2 1 757 4 796
0
0
2 5 830 10 817
0
0
1 13 739
0
0
0
2 3 768 12 779
1 3 788
0
0
0
0
0
4 4 637 8 649 9 676 12 764
0
0
0
0
0
0
0
0
0
1 1 770
0
0
2 2 698 5 733
0
2 6 707 8 687
0
0
0
0
1 6 709
1 3 726
5 5 742 7 748 8 802 9 799 11 777
2 4 722 12 735
0
0
0
0
0
4 2 716 6 721 7 730 9 784
0
0
2 4 729 10 790
0
1 8 828
0
0
0
0
0
2 1 753 3 743
0
1 3 760
0
0
0
0
0
0
1 1 747
2 3 769 4 778
0
4 5 758 7 797 8 804 11 827
0
0
0
0
0
0
0
0
0
1 4 811
0
4 2 740 6 723 9 763 10 789
0
1 1 774
0
0
0
5 3 783 4 813 8 840 11 785 12 842
0
0
0
0
0
0
0
0
2 2 759 9 772
0
0
2 5 766 10 820
0
0
0
2 3 825 12 798
0
1 3 836
0
0
2 2 844 11 791
2 6 765 13 786
0
1 10 837
2 5 767 14 848
0
0
0
0
0
0
3 3 846 7 806 8 849
0
0
0
0
0
1 3 937
0
0
0
0
2 3 773 6 855
3 1 775 10 814 15 834
0
0
3 4 905 15 922 16 835
2 2 897 17 918
0
0
2 3 781 4 821
1 3 793
0
0
0
3 7 794 11 854 12 800
0
1 12 826
4 10 877 12 847 13 843 17 872
0
0
0
0
1 3 892
1 3 964
2 1 776 5 801
0
0
0
0
1 2 841
1 4 816
1 4 925
0
6 1 780 6 782 7 857 8 805 9 939 10 864
0
0
0
1 3 853
0
0
0
0
0
1 8 900
0
0
0
2 2 859 11 851
0
0
2 2 868 9 989
0
0
2 3 910 12 913
2 13 931 14 941
0
0
0
0
0
0
0
0
0
0
0
2 3 965 10 985
3 3 980 12 982 13 992
0
5 5 808 7 831 11 878 12 838 15 869
1 8 969
0
0
0
0
0
0
0
4 1 809 3 862 4 818 11 807
0
0
0
0
0
0
0
3 6 822 12 882 14 875
2 3 944 16 943
2 2 884 3 946
0
0
0
0
0
3 2 907 3 885 12 912
0
0
0
0
0
1 9 956
0
0
0
0
4 1 874 2 866 8 887 10 829
0
4 1 823 6 894 11 832 14 839
0
0
5 5 904 7 899 9 879 15 870 17 968
0
0
0
0
0
0
3 6 903 7 919 13 958
1 3 955
0
3 3 863 4 893 11 860
0
0
4 1 865 2 833 16 845 18 901
3 1 909 12 921 19 871
0
1 3 889
2 1 932 19 957
2 2 880 20 858
0
0
1 3 911
0
0
0
2 3 888 6 945
0
2 1 950 7 966
3 1 898 8 876 12 850
6 3 914 4 942 14 881 15 886 16 971 17 930
0
0
0
0
5 3 928 9 920 11 959 13 976 15 960
0
0
3 1 953 10 974 16 873
0
0
4 5 916 12 934 18 908 19 981
0
0
0
0
0
0
5 7 906 8 915 9 984 11 970 12 999
0
2 5 924 10 933
0
0
3 4 967 5 983 20 936
0
0
1 3 938
0
0
0
0
0
2 2 917 12 961
0
2 1 986 17 978
0
0
0
0
0
0
1 6 949
0
0
3 4 993 5 952 7 991
2 3 954 9 987
2 1 975 8 929
0
0
0
0
0
0
0
0
0
0
1 5 972
0
0
0
0
0
0
0
3 1 963 3 994 7 927
1 2 988
0
1 4 997
1 2 990
1 3 1000
0
1 1 977
0
0
0
0
0
0
0
0
0
0
0
0
0
0
0
0
0
1 1 998
0
0
0
0
0
0
0
0
0
0
0
0
0
0
0
0
0
0
0
0
0
0
0
0
0
0
0
0
0
0
0
0
0
0
0
1 1 996
0
0
0
0
0
0
0
0
0
0
0
