20 1 24 2 16 3 4 4 12 5 20 6 32 7 40 8 86 9 69 10 154 11 63 12 118 13 19 14 6 15 17 16 18 17 115 18 220 19 134 20 25
2 13 36 16 27
1 16 5
0
0
1 11 187
1 8 130
2 3 60 6 33
1 20 84
1 12 176
1 8 26
0
1 15 41
0
0
1 14 35
0
2 7 107 15 217
0
1 2 31
1 19 71
1 17 218
1 4 398
1 5 42
2 3 143 10 98
0
0
0
0
2 10 155 18 3
1 4 43
1 20 23
2 7 126 8 142
1 15 208
1 4 136
0
2 5 48 11 55
1 10 239
0
0
1 4 158
0
3 7 117 12 169 13 34
2 9 145 13 310
2 9 147 17 165
1 11 148
0
1 4 422
1 16 51
1 14 120
0
0
1 18 44
0
0
0
1 1 85
0
2 5 58 6 47
0
0
1 15 76
0
1 6 7
1 14 129
0
0
2 2 81 19 50
0
1 14 188
2 16 128 20 179
0
1 10 53
1 2 83
1 15 177
1 5 62
2 6 215 12 14
0
2 8 238 14 1
1 17 275
0
1 4 156
0
2 7 146 13 166
2 3 190 4 157
0
0
0
2 2 97 6 88
1 11 198
0
1 9 213
2 4 64 12 30
1 4 29
2 4 91 6 205
1 7 191
0
1 15 261
1 6 240
0
1 10 95
1 14 59
2 17 54 18 180
1 7 193
1 10 481
1 16 139
3 1 163 5 66 13 90
0
0
2 12 116 14 77
0
1 9 244
2 18 224 20 127
1 13 113
2 4 197 16 237
2 4 56 19 140
0
0
1 14 109
0
0
0
1 17 80
0
1 11 367
0
1 10 253
1 3 210
0
1 5 99
1 4 150
1 2 112
0
1 20 189
1 4 246
1 17 141
0
0
2 4 264 13 104
0
1 8 252
0
2 14 173 19 260
1 16 334
2 15 357 16 262
2 9 333 11 362
0
0
0
0
1 12 321
0
0
2 4 308 12 336
1 19 286
1 6 283
0
1 9 329
1 16 328
0
1 10 378
1 18 249
2 16 207 20 430
0
0
0
0
3 1 281 7 178 13 291
0
0
0
0
1 17 227
1 20 257
0
2 2 183 4 152
0
0
0
0
0
1 3 209
0
0
1 18 332
2 5 135 13 372
1 12 400
2 4 265 14 269
0
1 3 296
0
1 12 270
1 13 437
2 9 343 10 380
3 4 271 9 22 14 485
1 11 423
3 8 298 10 548 12 512
0
0
3 6 304 15 355 19 278
1 7 272
0
1 2 196
0
1 9 206
0
0
0
0
0
0
0
2 10 204 16 399
0
0
1 13 503
1 2 216
1 4 199
2 1 300 17 501
0
1 10 541
1 13 346
1 7 280
0
1 12 342
1 19 588
1 20 470
0
0
1 14 551
0
1 12 351
1 18 391
0
1 13 305
1 9 93
2 1 307 16 195
1 14 288
0
1 2 315
2 8 369 10 231
0
4 13 450 16 222 17 313 18 526
0
1 19 75
1 5 186
1 10 46
3 2 341 12 13 16 589
0
0
3 3 364 6 358 7 94
1 11 65
1 16 151
0
0
1 4 571
0
0
1 15 226
0
1 16 457
0
0
0
0
1 9 182
0
1 18 123
1 15 159
1 7 495
1 4 236
0
1 10 520
1 6 294
2 19 102 20 498
1 12 72
1 14 366
1 17 464
0
1 8 387
1 14 528
2 10 701 12 340
0
1 16 531
2 1 211 5 317
0
0
1 9 250
2 10 585 20 349
1 5 591
0
1 18 212
1 13 316
0
2 5 396 8 483
0
1 14 580
1 13 359
0
0
2 1 290 12 284
2 2 404 4 347
3 3 419 15 460 17 254
0
1 10 326
0
1 12 324
0
0
1 9 256
0
1 15 523
0
0
0
0
0
1 11 114
1 19 111
1 1 295
2 6 301 16 327
1 20 383
0
1 16 309
0
0
2 6 368 16 668
0
1 13 395
0
1 16 569
1 3 494
2 4 410 10 729
0
0
4 4 219 5 488 10 468 18 539
1 20 472
0
2 9 318 15 504
1 4 306
0
0
2 3 521 7 663
1 12 335
1 4 365
0
1 11 538
2 9 389 14 547
0
3 4 276 9 393 17 557
1 1 323
1 2 405
1 16 407
1 3 594
0
1 8 446
0
2 3 595 13 554
1 5 427
2 10 192 19 565
0
2 10 214 11 587
2 4 696 13 623
1 17 619
3 4 414 5 484 16 616
3 8 432 12 555 19 797
3 7 651 12 645 14 804
0
1 20 474
2 6 373 18 447
2 2 475 15 583
3 1 394 8 518 13 473
1 4 492
1 6 381
1 17 607
0
2 5 412 14 669
2 13 508 20 529
0
0
1 14 603
0
0
1 20 382
1 14 691
0
1 9 417
2 5 235 10 664
2 16 650 20 426
1 3 376
0
0
3 7 525 12 700 18 812
0
0
2 2 493 15 561
0
0
1 5 292
0
0
1 7 671
1 8 546
0
0
0
1 4 563
1 13 522
2 14 559 19 621
0
0
2 5 314 14 597
1 4 578
1 6 453
1 1 489
0
3 8 465 10 678 11 674
0
3 14 770 17 743 18 748
1 6 545
1 10 657
1 20 490
0
1 4 579
3 8 505 9 552 16 697
0
0
1 13 716
0
2 8 600 15 609
2 12 808 17 643
0
0
1 19 293
0
0
0
0
0
0
0
1 1 564
1 8 535
1 12 692
0
1 7 303
2 3 610 9 795
1 2 549
0
0
0
1 20 556
0
1 19 384
0
1 10 125
1 14 820
1 16 132
1 20 590
0
2 4 601 13 640
1 4 599
0
1 12 782
0
1 11 747
2 3 744 15 656
0
3 4 626 9 672 11 825
0
1 8 560
0
1 5 390
2 14 811 18 875
2 13 662 14 745
1 16 202
2 13 832 16 652
0
0
1 6 570
2 8 611 11 682
0
3 13 693 14 613 17 598
1 4 699
0
0
2 1 615 15 637
2 3 614 6 632
0
0
1 4 352
1 13 778
2 2 596 17 411
0
1 16 618
0
0
2 4 131 10 168
2 2 635 10 799
1 10 311
1 15 181
0
2 7 360 9 353
0
0
1 4 221
0
1 14 625
0
0
1 19 440
1 12 846
0
1 8 644
1 20 690
0
1 7 401
1 9 834
0
1 16 694
2 4 299 17 431
1 18 449
1 14 688
1 10 769
0
1 13 860
1 4 371
0
0
1 10 763
1 4 402
0
1 6 455
1 4 786
0
1 5 459
1 15 267
2 8 740 13 497
0
1 1 665
2 3 622 15 348
0
1 12 874
0
0
1 13 687
0
0
0
2 3 642 11 838
0
1 2 677
2 16 854 17 741
1 7 415
1 20 725
1 5 511
1 9 790
0
1 10 835
0
0
2 10 889 14 831
2 10 870 12 638
0
1 13 320
2 10 282 14 576
2 14 828 17 443
0
0
1 13 865
0
0
1 4 873
2 2 750 19 723
2 9 717 20 451
2 4 507 13 833
1 10 312
2 10 514 18 331
0
3 1 686 4 715 16 703
0
0
1 8 759
1 13 840
0
0
1 5 530
1 6 925
1 19 777
2 12 670 18 425
1 3 653
0
2 14 898 17 73
1 1 727
0
2 11 435 15 617
1 4 851
0
0
0
2 13 540 20 912
0
1 5 586
0
0
1 13 566
0
0
3 10 592 14 683 20 868
1 6 915
0
1 13 593
0
1 3 661
0
2 13 766 14 403
1 16 771
1 9 680
1 10 826
3 2 756 7 448 20 574
1 19 639
3 4 149 6 751 17 386
1 12 845
1 18 809
2 11 479 17 951
4 4 876 12 897 13 631 15 184
0
0
0
0
0
1 4 452
2 3 676 17 711
1 16 754
2 10 544 14 406
0
2 15 397 18 853
1 17 789
2 2 776 13 709
0
0
0
2 9 742 17 121
1 12 9
0
2 8 794 10 856
2 10 956 12 634
1 12 517
1 4 439
1 16 784
1 2 424
1 14 848
1 3 728
2 4 775 17 881
0
0
2 12 49 14 847
0
1 9 170
2 5 628 20 666
0
3 2 735 3 815 6 624
1 13 901
0
0
2 1 764 14 767
0
0
1 16 836
1 15 698
1 17 82
2 4 803 10 781
2 9 902 16 892
1 4 885
0
0
0
0
1 11 533
2 7 524 12 429
1 4 886
1 8 827
0
2 6 721 19 730
0
1 8 867
1 13 45
1 6 478
1 11 606
0
2 13 920 18 476
1 17 160
0
0
2 3 841 7 87
0
0
2 6 973 18 937
1 5 702
0
2 4 659 8 684
2 5 736 10 707
0
0
1 2 823
1 17 907
0
0
1 5 788
0
3 4 758 9 737 17 934
2 12 911 15 791
5 6 705 7 732 8 929 16 760 20 957
0
1 18 685
1 15 814
2 2 863 16 894
1 14 837
1 20 322
0
2 4 774 9 802
1 4 787
0
1 3 757
1 14 734
0
2 5 796 19 858
0
2 1 722 6 800
0
1 17 857
0
0
0
3 2 658 11 852 18 354
1 13 506
0
2 9 813 20 869
2 3 655 16 229
2 14 783 19 337
1 10 714
1 15 822
0
0
1 1 731
0
0
2 9 779 10 753
1 8 944
0
1 7 768
1 12 921
2 6 887 17 477
1 2 708
0
0
0
1 9 568
1 4 842
1 4 893
2 4 895 7 850
2 3 667 16 746
1 18 287
0
1 10 807
1 13 361
0
2 4 861 5 900
1 14 878
0
0
0
0
0
0
2 15 943 19 913
1 1 817
0
0
0
0
1 20 923
2 10 905 16 932
2 12 96 14 100
0
0
0
0
1 17 739
0
1 13 864
0
2 9 919 10 279
0
2 4 872 11 243
0
0
0
0
1 2 719
0
0
0
0
1 8 37
0
0
0
2 7 880 20 888
0
1 6 906
0
1 12 629
0
0
3 3 877 12 890 14 577
2 10 939 20 543
2 10 106 14 976
3 4 502 12 990 19 461
2 16 428 18 765
1 16 515
1 16 445
2 3 636 10 242
1 14 259
0
0
1 10 843
1 20 575
0
3 4 980 15 891 16 785
1 12 879
0
0
0
4 4 928 5 630 14 258 19 940
2 4 954 18 454
0
0
1 9 436
0
0
1 3 654
1 13 909
1 10 374
2 4 67 17 981
1 14 927
2 16 942 20 110
1 1 910
1 15 918
0
0
1 12 469
0
0
2 13 582 19 620
1 11 302
1 16 806
2 6 133 8 899
1 3 319
2 2 978 7 633
3 4 584 9 562 10 962
0
0
0
0
1 12 185
4 5 370 11 917 14 339 20 883
0
2 13 433 16 416
1 18 513
0
0
0
0
1 15 904
1 17 164
0
0
0
0
0
1 4 821
0
0
1 1 952
2 2 78 10 79
1 19 916
1 6 409
1 14 2
1 9 830
0
1 1 958
1 3 350
0
0
2 5 519 8 938
1 20 122
0
0
0
0
1 1 972
0
1 12 673
2 7 363 16 772
1 4 805
1 13 268
1 13 941
1 1 277
0
0
1 13 824
0
1 10 985
1 10 987
4 1 456 9 11 10 930 11 28
3 9 849 10 438 13 946
1 10 761
2 10 230 17 627
0
1 9 285
1 17 8
0
0
4 1 444 10 749 11 467 15 345
2 10 945 13 466
0
1 11 936
1 15 536
3 10 421 17 516 19 171
2 9 232 13 138
1 10 61
1 10 931
1 6 993
0
2 11 153 13 10
3 12 986 15 297 18 752
1 19 689
2 5 988 10 108
3 4 70 9 713 14 646
1 1 491
1 16 679
1 17 356
2 10 263 12 266
2 2 695 4 996
1 4 377
4 6 991 14 200 16 726 20 648
4 3 542 5 949 14 710 15 441
2 4 855 12 581
2 13 92 18 248
1 11 884
3 8 955 9 89 19 161
0
1 4 1000
0
0
2 10 203 17 39
2 9 101 14 572
1 20 866
2 10 773 12 458
2 4 718 6 245
3 2 968 5 15 14 966
1 16 509
2 3 379 9 961
2 1 947 19 829
2 13 914 18 755
2 8 647 10 859
1 9 641
1 16 74
0
1 12 228
0
0
3 3 480 5 681 15 289
1 17 532
3 6 375 10 344 11 388
1 20 194
0
2 4 608 9 649
1 14 964
1 7 995
1 18 999
0
2 4 977 12 903
2 10 234 16 274
0
1 19 704
0
0
4 2 720 3 103 8 413 13 733
2 1 418 10 935
2 6 251 14 325
0
0
3 5 950 9 604 17 201
0
1 10 442
0
1 11 984
0
0
1 9 706
0
1 12 223
0
1 16 997
1 17 550
2 7 255 10 816
0
2 15 500 20 247
1 4 896
0
3 3 167 13 994 19 967
1 18 963
0
0
0
1 8 605
0
0
0
0
3 1 462 6 162 14 392
0
0
0
2 2 819 10 510
0
0
3 5 471 9 68 13 982
0
1 16 882
0
0
0
0
1 14 871
1 17 998
0
2 12 172 20 975
1 11 810
1 9 798
0
3 4 330 7 534 15 463
0
0
0
0
1 18 273
0
1 3 738
0
1 13 762
1 8 38
0
2 9 338 10 969
0
0
1 6 780
1 16 496
0
1 5 959
1 19 792
1 4 241
0
0
0
0
1 1 482
2 12 174 14 926
0
1 2 970
0
0
1 16 553
0
1 17 434
0
1 20 105
2 10 124 13 908
0
1 11 989
0
0
0
0
0
1 15 52
2 4 933 8 839
0
1 7 948
1 18 420
1 9 385
0
0
1 14 974
1 4 119
1 3 21
0
0
0
2 6 801 10 486
0
2 16 408 17 233
0
0
0
0
2 5 979 19 225
0
0
0
0
1 13 971
0
0
0
0
0
1 20 818
1 12 573
0
1 9 992
0
2 1 499 18 862
0
0
3 2 844 11 527 14 660
1 7 965
2 10 793 16 612
0
0
0
0
1 4 960
0
1 3 712
0
1 13 983
0
0
0
1 8 57
0
1 15 924
0
0
0
0
1 16 953
0
0
0
0
1 6 175
0
2 5 922 9 724
0
1 10 144
0
0
1 19 487
1 17 537
0
0
2 12 602 20 567
1 4 675
0
0
0
0
0
0
0
0
0
0
0
1 16 558
1 18 137
0
0
0
0
0
0
0
0
0
0
0
0
0
0
0
0
0
0
0
0
0
0
0
0
0
0
0
0
0
0
0
0
0
0
0
0
0
0
0
0
0
0
0
0
0
0
0
0
0
0
0
0
0
0
0
0
0
0
0
0
0
0
0
0
0
0
0
0
0
0
0
0
0
0
0
0
0
