20 1 29 2 15 3 18 4 40 5 38 6 34 7 76 8 45 9 198 10 27 11 12 12 226 13 10 14 331 15 25 16 298 17 22 18 343 19 21 20 354
0
1 17 2
0
0
0
0
1 2 8
2 10 6 17 20
0
1 15 30
0
1 16 31
0
0
0
0
0
0
0
0
0
0
2 1 413 13 282
0
2 11 464 17 467
0
0
1 19 452
1 11 360
0
0
2 14 523 17 412
1 17 497
1 12 564
3 7 519 12 601 20 628
2 3 612 18 426
1 13 381
0
0
5 5 70 6 617 8 657 17 639 18 666
2 12 745 15 757
0
1 11 738
1 20 754
1 10 48
0
1 17 874
0
2 17 932 18 899
0
1 20 877
1 1 430
0
0
0
2 9 974 11 861
2 11 235 19 43
1 10 990
1 15 946
0
0
1 7 998
0
1 3 629
0
0
1 5 58
0
3 10 1 19 3 20 26
1 16 54
2 6 33 12 620
0
2 4 665 8 62
0
1 15 189
1 19 7
2 17 256 20 52
1 13 11
1 17 16
2 1 145 20 9
0
2 1 4 14 106
0
1 11 193
0
0
0
0
0
2 2 35 18 17
0
0
0
0
0
3 4 13 12 688 20 53
0
0
0
2 9 100 19 989
2 2 78 3 37
0
1 10 14
2 6 73 12 133
2 4 41 15 19
1 8 115
1 17 46
2 11 66 14 28
0
0
1 10 39
0
1 13 23
1 19 24
0
0
0
0
1 17 74
0
1 1 32
0
0
1 13 85
1 6 77
1 15 59
1 12 42
0
0
0
1 7 128
2 9 137 16 5
0
1 10 51
1 5 61
0
1 7 83
2 2 142 15 69
1 17 98
1 6 92
0
1 4 50
0
1 1 36
5 11 105 13 84 17 102 18 122 20 109
1 9 215
1 3 75
0
0
3 10 67 14 47 15 71
0
0
0
0
0
0
0
0
2 8 126 13 82
0
3 12 72 13 120 15 57
2 13 44 16 56
0
0
0
0
0
0
0
0
0
2 2 81 5 65
1 3 89
0
0
1 11 68
0
0
0
4 3 164 9 129 10 93 11 144
0
0
0
0
2 4 113 12 55
0
0
1 7 167
2 1 95 8 124
0
0
0
0
0
3 12 107 13 49 14 60
0
0
4 4 130 15 154 17 64 19 147
0
0
0
3 1 146 6 169 9 163
0
0
0
0
0
0
0
0
0
0
0
2 4 79 5 63
1 7 104
0
0
0
0
0
0
1 1 111
4 2 94 3 80 7 87 8 86
0
0
0
0
0
0
0
0
0
0
0
0
0
1 1 208
0
0
0
0
0
0
0
0
0
0
0
0
0
0
0
0
0
4 4 97 7 96 8 162 9 88
0
0
0
0
0
3 1 91 3 152 6 150
0
0
0
0
0
0
2 5 101 8 139
0
0
0
0
0
0
0
0
0
0
0
0
0
0
0
0
0
0
0
0
0
0
0
0
0
3 1 157 2 175 3 148
0
0
0
0
0
0
0
1 3 234
0
0
0
0
0
0
0
0
0
0
0
0
0
0
0
0
0
0
0
0
0
2 4 90 5 143
0
0
0
1 6 181
0
0
0
0
0
0
3 2 186 3 187 6 206
0
0
0
0
0
0
0
0
0
0
0
0
0
0
0
0
0
0
0
0
0
0
0
0
0
0
0
0
0
0
0
0
0
0
0
0
0
0
0
0
0
0
0
0
0
0
0
0
0
0
0
0
6 1 135 2 99 3 110 4 114 5 108 6 103
0
0
0
0
0
0
0
0
0
0
0
0
0
0
0
0
0
0
0
0
2 3 141 4 112
0
2 5 116 7 149
0
0
0
0
0
0
0
0
0
8 2 170 6 168 8 125 9 119 10 176 11 182 12 117 13 131
0
0
1 4 159
0
0
1 13 192
0
0
0
0
0
0
8 5 118 11 160 12 151 14 127 15 123 16 155 17 177 18 196
2 11 184 19 213
0
0
0
0
3 3 225 15 161 20 136
0
0
0
2 1 166 20 165
1 8 156
1 9 216
0
0
0
0
3 11 179 12 190 13 199
0
4 2 252 3 173 8 138 11 140
0
2 11 200 14 153
1 4 171
0
0
0
0
0
0
0
2 1 241 6 188
3 5 174 12 121 15 202
1 11 203
1 1 271
0
0
0
1 5 185
1 13 214
3 3 201 13 222 16 194
0
0
0
2 7 178 9 232
0
0
0
0
0
0
1 2 281
0
1 8 211
0
0
0
0
0
0
0
0
1 9 268
0
0
1 10 218
0
0
0
2 5 267 11 197
0
1 3 270
0
0
0
0
0
0
0
0
0
0
0
4 5 158 10 132 12 205 13 134
0
3 12 172 14 209 15 191
0
0
0
0
4 2 240 4 217 6 243 8 221
0
2 9 220 11 237
0
2 5 249 16 183
0
1 11 262
3 7 195 8 228 17 311
0
0
1 2 297
0
3 1 180 12 219 14 261
0
0
1 3 299
0
2 9 230 17 247
0
0
0
0
0
0
0
1 3 277
3 4 250 5 204 12 210
1 12 212
2 10 227 13 231
0
0
1 6 266
0
0
0
0
0
0
0
2 1 253 2 255
0
0
0
0
0
0
0
3 3 229 4 223 7 207
0
0
0
0
0
2 2 248 3 273
0
0
1 1 285
2 10 244 11 238
5 5 275 8 233 12 224 14 246 15 287
2 12 288 16 236
0
0
4 9 258 11 242 17 239 18 245
0
0
0
0
1 3 292
0
0
0
5 4 263 10 276 11 257 13 264 19 254
0
0
0
0
0
0
2 9 274 11 304
0
2 14 345 15 315
0
0
0
0
0
1 6 279
1 3 318
0
0
3 3 265 4 309 5 293
2 6 251 11 295
0
0
0
0
0
0
0
0
0
1 1 272
0
0
2 5 280 6 320
0
0
0
0
0
0
0
0
1 7 322
0
1 2 278
0
1 3 259
0
0
0
0
0
0
3 2 300 8 332 9 319
0
0
0
0
0
0
0
0
0
0
5 1 308 5 284 7 301 10 289 11 328
2 3 260 12 269
0
0
5 8 286 12 290 13 342 14 306 15 333
0
0
1 1 323
0
2 4 317 16 344
0
0
0
0
0
0
0
3 6 294 9 374 10 326
0
1 11 341
0
0
0
0
1 11 362
0
0
3 5 305 7 347 12 314
0
0
0
0
0
3 3 283 9 291 11 321
2 11 337 12 419
0
0
0
0
0
2 3 296 10 310
0
2 1 366 13 330
0
0
0
1 2 389
0
0
0
0
0
0
0
3 10 383 11 367 14 316
1 12 460
0
2 6 302 15 369
0
0
0
0
4 3 303 8 312 17 350 18 325
1 5 405
3 4 329 16 375 17 363
2 7 307 9 351
0
0
0
0
0
0
0
0
0
0
0
0
0
0
1 6 336
1 10 373
0
0
2 8 368 11 371
1 10 399
0
0
0
0
0
0
0
0
0
0
0
0
0
0
0
0
1 8 432
0
0
0
1 1 395
0
0
0
0
2 1 313 2 340
0
0
2 3 327 5 377
0
2 3 364 7 358
0
0
0
0
0
0
2 4 334 8 387
0
1 2 372
1 2 391
0
0
0
4 1 324 9 346 10 378 11 380
0
0
0
0
1 6 356
0
3 4 335 5 382 12 339
0
1 11 468
0
0
2 3 411 13 397
0
0
0
0
0
0
0
1 10 390
0
0
0
0
2 1 349 3 338
2 8 384 9 359
0
2 8 396 12 388
0
0
0
0
0
0
1 10 393
1 13 403
0
2 7 398 14 361
2 3 357 9 352
1 2 416
0
0
0
2 1 353 3 454
0
0
3 5 365 6 417 8 385
0
0
3 7 392 10 406 11 478
0
0
0
0
0
0
0
0
0
0
9 1 376 3 370 4 401 5 348 7 355 10 400 12 394 13 410 15 422
0
0
0
0
0
0
0
0
0
0
0
0
0
0
0
0
0
0
0
0
2 2 433 5 408
0
0
0
0
3 9 404 10 479 11 434
0
1 12 407
0
0
2 3 379 5 443
1 2 522
0
0
0
0
0
0
0
1 8 418
4 6 409 9 435 11 440 12 471
0
0
0
0
2 5 415 7 425
0
1 9 451
0
0
3 4 402 11 453 12 449
1 11 455
0
0
0
0
2 6 431 11 476
0
0
0
0
0
1 2 427
0
0
0
0
0
0
0
1 2 436
0
1 3 528
0
0
2 4 420 6 428
0
0
3 1 386 5 424 7 445
3 1 414 8 441 10 423
0
0
0
0
0
3 2 437 11 512 12 498
0
0
0
0
0
0
0
0
2 9 463 13 459
0
0
0
0
1 3 530
0
1 8 475
0
0
0
0
0
3 5 444 9 438 14 446
0
2 2 442 15 457
0
2 1 466 2 487
0
0
0
2 2 496 3 524
0
0
0
5 4 447 6 491 7 421 9 481 11 484
0
0
1 10 429
0
0
0
4 4 450 5 448 13 525 16 508
0
0
0
0
1 4 465
0
3 6 510 11 502 12 558
1 9 486
0
2 7 490 17 480
1 17 538
4 5 456 15 462 17 492 18 493
3 10 477 19 488 20 439
1 10 483
0
0
0
0
1 12 472
2 7 494 10 550
0
0
0
0
2 11 458 20 503
0
0
1 3 509
0
3 5 482 6 473 8 539
2 11 507 12 544
0
0
2 11 461 13 517
0
0
0
0
0
0
0
0
0
0
2 1 555 5 474
0
0
0
0
0
0
2 7 495 8 500
0
0
0
0
3 2 501 3 504 12 506
0
3 4 469 13 547 14 527
0
1 7 513
0
2 5 515 7 569
0
0
0
0
2 12 597 15 599
2 10 562 16 613
1 9 489
0
0
1 11 505
1 7 653
0
3 12 551 13 578 17 587
0
0
0
0
1 9 533
3 4 470 10 485 12 541
0
2 6 499 15 521
1 11 514
0
0
0
0
0
0
0
0
0
0
0
0
1 1 542
0
1 3 518
1 3 531
0
0
0
1 5 590
2 2 536 7 516
0
0
0
0
0
0
0
0
0
0
1 3 532
4 2 526 4 511 8 534 11 559
2 11 563 12 645
0
0
0
1 3 584
0
0
3 7 545 13 577 14 600
0
0
0
0
2 3 535 4 611
0
0
0
0
1 8 591
1 9 588
0
0
0
0
2 7 643 10 636
0
3 6 549 13 520 15 554
0
0
0
0
1 11 607
9 2 556 3 546 5 560 10 570 16 561 17 598 18 548 19 537 20 678
0
1 15 624
1 18 540
0
2 3 583 17 579
0
0
0
1 1 575
0
0
0
0
1 3 655
4 2 565 4 557 7 572 8 608
1 10 621
0
1 9 648
0
0
0
0
0
0
0
0
2 4 585 7 582
0
0
0
1 11 529
0
0
0
0
1 1 581
0
2 9 595 12 649
0
1 3 697
3 5 567 6 615 13 573
1 14 543
2 2 574 15 622
0
0
0
1 3 630
0
0
0
1 7 606
0
0
0
0
0
0
1 4 668
0
0
0
0
0
0
0
0
1 3 632
0
0
0
0
2 1 552 4 619
0
1 2 589
0
0
0
0
0
0
1 3 681
0
0
0
2 5 614 7 663
0
0
0
0
0
0
0
0
0
0
0
0
0
1 8 626
0
0
1 6 623
0
0
0
0
0
0
0
0
0
1 3 656
0
0
0
0
0
0
0
0
0
0
0
0
0
0
0
0
0
0
1 3 637
0
0
3 2 603 3 605 5 679
0
1 4 717
0
0
0
0
0
3 1 571 6 602 7 553
1 3 616
0
0
0
0
0
0
0
0
1 3 692
0
0
0
0
0
0
1 1 593
0
0
0
0
0
0
0
0
0
1 4 739
0
0
1 3 698
0
0
0
0
1 6 609
0
3 7 566 8 580 9 576
0
0
0
0
0
0
0
0
0
0
0
0
0
0
0
3 2 627 3 650 5 661
0
0
2 8 604 10 667
0
0
0
0
0
4 1 625 11 654 12 651 13 594
0
0
1 5 724
3 6 618 8 631 9 662
0
0
0
3 3 686 13 691 14 747
0
0
4 7 592 15 568 16 596 17 586
0
0
0
0
0
0
0
1 7 610
0
1 11 713
0
0
0
0
2 4 634 5 683
0
0
0
1 4 664
0
2 3 640 6 676
0
0
0
0
2 3 642 7 671
1 1 633
0
1 3 673
0
0
0
0
0
0
0
0
0
0
0
4 2 646 5 652 10 641 11 694
0
0
1 8 647
0
4 1 635 10 658 12 644 13 674
0
0
0
0
0
2 4 718 7 725
0
1 11 714
0
1 9 684
0
0
0
2 1 638 13 721
0
1 3 690
0
0
2 3 685 10 689
0
0
1 13 750
0
0
0
0
0
0
0
0
0
0
0
0
4 5 708 7 752 10 822 11 727
0
0
2 8 669 11 682
3 8 704 13 699 14 716
0
1 6 731
0
0
0
0
0
0
0
0
0
0
2 2 670 9 696
5 8 712 11 715 12 766 15 751 16 723
2 3 705 17 703
1 4 722
0
1 10 872
1 13 700
0
1 12 773
0
0
0
0
2 1 659 18 706
0
0
2 1 660 12 787
0
1 6 735
0
0
0
3 2 677 5 672 16 788
1 11 737
0
2 3 726 13 741
0
0
0
0
2 8 746 14 784
2 6 771 9 840
0
3 1 680 3 719 13 702
0
0
0
1 4 758
0
0
1 7 744
1 13 749
5 2 695 17 740 18 701 19 687 20 748
0
0
0
0
1 7 761
0
0
3 1 710 8 709 15 742
2 1 755 9 711
0
3 5 733 10 675 11 732
0
1 12 827
2 2 728 16 720
0
0
0
1 13 759
0
2 14 707 19 765
0
2 10 730 16 693
1 17 764
0
1 5 743
4 2 729 3 734 10 799 18 781
2 7 817 20 816
1 10 791
0
0
2 5 772 12 795
1 15 767
2 1 769 10 830
0
1 4 779
2 5 864 9 756
0
1 6 753
2 11 768 17 850
0
0
2 7 851 13 770
1 12 866
0
0
0
0
0
2 9 774 14 736
0
1 15 813
3 3 775 10 814 12 919
1 11 790
0
1 13 798
1 13 796
0
2 6 800 11 835
0
1 8 760
0
0
0
2 9 782 18 828
0
0
1 5 802
2 11 823 17 794
2 11 811 15 862
2 17 801 19 847
2 3 780 16 832
1 14 786
3 6 924 7 873 17 882
1 18 837
0
0
0
0
0
2 2 776 12 763
1 12 824
0
0
0
0
1 3 762
2 3 789 8 809
0
0
4 12 831 13 803 16 845 17 804
0
2 6 819 10 858
0
0
2 1 785 11 806
0
0
0
0
0
2 15 898 16 871
0
0
0
2 4 897 11 863
3 7 820 9 881 12 867
0
0
0
0
0
1 6 888
6 5 807 8 834 9 893 12 821 14 900 15 901
0
0
2 6 907 11 956
0
0
4 2 792 17 778 18 783 19 777
0
2 3 805 11 878
2 3 833 20 836
1 16 841
1 17 829
0
0
0
0
1 1 844
0
0
1 10 909
1 12 905
0
1 8 843
1 7 920
0
0
1 13 852
0
1 16 857
1 5 887
1 6 808
1 10 915
0
2 17 842 18 815
0
0
0
1 8 976
4 3 838 14 865 15 846 19 913
1 1 910
0
0
0
0
0
2 4 912 5 954
0
0
1 7 967
0
0
0
4 2 797 7 793 9 826 11 818
0
0
0
0
0
0
0
2 4 921 8 935
0
2 10 883 12 944
3 3 848 9 892 13 943
0
3 14 839 15 911 16 884
0
0
1 7 825
0
0
0
1 3 855
0
0
0
0
0
0
2 1 812 2 810
0
0
3 3 856 5 875 11 926
0
0
2 7 891 12 868
4 1 849 6 854 13 853 14 859
0
0
0
0
1 3 870
0
0
5 1 860 17 890 18 931 19 906 20 886
0
0
0
0
0
0
0
2 2 879 4 880
2 5 903 8 955
1 4 908
0
0
0
0
1 9 960
0
0
1 3 922
0
0
0
1 10 930
0
0
0
0
0
0
0
0
0
1 8 895
0
0
0
0
0
0
0
0
0
0
2 7 952 10 916
0
2 3 933 5 929
3 1 889 3 947 11 936
0
0
1 2 928
1 3 985
5 1 927 7 966 11 965 12 951 13 977
0
0
0
6 2 894 4 869 6 949 10 925 11 961 12 972
0
0
0
0
1 11 991
0
1 5 962
0
0
0
0
0
2 2 896 9 923
0
0
0
0
2 3 904 5 941
0
0
0
1 8 996
0
1 3 940
0
2 4 885 10 876
0
0
0
0
0
0
1 4 902
0
2 3 948 11 993
0
2 1 942 9 970
0
0
1 7 978
0
1 1 963
0
0
0
0
0
6 2 918 3 917 5 939 7 969 8 982 10 986
1 9 975
0
0
0
0
0
0
1 6 973
0
0
0
0
0
0
0
0
0
0
0
2 3 934 6 958
0
0
0
0
0
0
0
1 3 957
0
0
0
0
0
0
0
0
1 3 971
0
0
0
0
2 4 914 6 994
0
0
0
0
0
0
3 5 953 7 950 8 988
1 3 987
0
0
0
2 5 964 7 997
0
0
0
0
0
0
0
4 2 937 9 979 10 945 11 938
0
0
0
0
0
1 1 992
0
0
2 2 959 3 968
0
0
0
0
0
0
0
0
1 1 984
0
0
0
0
1 4 981
0
0
0
0
0
0
0
0
0
0
0
0
0
0
1 2 983
0
0
0
0
0
0
0
0
0
0
0
0
0
0
0
0
0
0
0
0
0
0
0
0
0
0
0
0
0
2 2 1000 3 980
0
0
0
0
1 1 995
0
0
0
0
0
0
0
0
0
0
0
0
0
0
0
0
0
0
0
0
0
0
0
0
0
0
0
0
0
0
0
0
0
0
0
0
0
0
0
0
0
0
0
0
0
0
0
0
0
0
0
0
0
0
0
0
0
0
0
0
0
1 1 999
0
0
0
0
0
0
0
0
0
0
0
