20 1 2 2 10 3 26 4 17 5 8 6 67 7 18 8 42 9 4 10 16 11 32 12 7 13 14 14 44 15 22 16 38 17 64 18 41 19 52 20 5
0
1 15 1
1 10 20
0
0
2 11 25 19 96
1 1 19
0
1 18 88
0
0
1 11 49
0
0
3 4 73 10 111 16 113
1 19 29
2 5 68 6 45
1 15 89
1 16 50
0
0
1 15 92
0
1 9 70
3 11 93 13 6 16 12
1 10 134
2 16 66 17 23
2 5 117 18 118
0
2 4 48 14 15
0
2 9 104 16 91
1 4 82
2 2 30 4 28
0
4 7 35 10 53 12 130 17 196
0
0
0
1 8 95
0
1 10 43
0
2 2 79 20 11
0
3 10 83 11 103 14 76
0
1 9 57
0
0
1 11 86
1 5 129
1 3 54
2 6 85 15 105
0
0
4 5 63 9 80 12 51 18 39
1 19 116
2 2 148 20 202
3 10 141 11 62 16 155
2 1 33 15 34
1 9 61
0
0
1 15 159
2 15 143 20 174
2 4 46 15 216
0
1 16 234
1 2 114
0
1 19 162
3 6 108 16 181 17 156
0
2 7 74 14 55
2 5 123 15 188
1 4 107
1 1 58
1 18 47
4 2 65 3 97 4 126 13 94
1 7 244
0
0
1 12 142
2 7 238 17 169
2 8 183 15 170
0
0
0
0
2 7 317 12 284
0
1 6 158
2 3 184 19 279
2 10 60 19 290
3 1 100 2 71 10 122
0
1 15 77
1 15 87
1 14 137
3 5 110 11 149 20 9
0
0
0
0
1 18 56
1 7 75
0
1 4 133
0
0
2 5 40 16 69
0
2 1 112 14 125
2 4 101 9 186
3 12 131 13 138 17 147
1 2 151
1 5 99
3 3 128 6 228 7 272
1 8 84
0
0
1 5 192
0
2 7 187 10 102
0
1 15 171
1 5 219
1 14 179
0
1 16 146
0
2 2 232 15 258
0
0
1 19 160
1 9 282
1 7 231
0
1 20 98
0
1 3 203
0
1 4 136
1 12 201
2 3 255 16 326
0
3 1 119 10 121 13 198
2 6 211 11 426
1 4 165
1 7 140
0
1 3 271
0
0
0
1 2 415
0
2 8 177 16 161
1 3 276
0
1 18 78
1 5 248
3 11 204 12 194 17 438
1 15 267
1 4 175
0
1 3 260
1 7 173
0
0
0
2 18 120 20 222
0
0
0
2 4 199 17 365
3 5 342 9 487 14 273
0
4 2 422 3 235 10 448 16 447
1 8 465
1 7 189
0
2 4 214 10 220
2 4 523 11 472
0
1 20 226
1 10 538
2 11 363 19 393
0
1 15 564
0
0
1 5 587
1 8 550
0
2 1 124 19 153
1 6 191
1 10 277
1 15 586
1 4 405
2 4 621 12 456
2 11 281 13 572
1 16 537
1 4 545
1 8 608
1 10 603
0
0
0
2 4 269 20 654
1 17 711
0
1 15 674
1 14 293
0
2 16 135 18 688
1 5 662
1 10 562
3 3 719 6 657 10 787
0
0
2 12 157 19 166
0
1 2 801
1 7 208
1 20 254
1 13 626
1 1 127
1 6 132
0
1 19 145
0
0
2 9 304 11 495
2 15 154 16 511
3 2 322 3 307 4 714
1 4 761
1 10 785
1 15 167
1 5 200
2 3 176 11 209
1 18 687
1 7 739
1 10 822
1 17 713
0
0
1 18 745
1 1 164
0
0
2 5 195 20 172
0
0
0
2 12 178 16 250
2 4 266 19 817
2 4 346 19 366
0
0
2 8 233 15 659
1 15 784
0
0
0
2 13 843 14 858
0
1 1 206
1 16 899
0
0
2 10 375 16 906
1 2 328
2 4 150 17 964
1 11 243
0
0
0
3 3 139 6 205 18 223
0
1 4 24
0
1 15 921
2 5 218 8 252
0
1 19 152
0
1 11 341
0
0
1 20 225
1 4 952
2 4 989 15 970
3 4 973 11 857 15 37
2 7 793 17 247
0
0
1 2 336
2 4 13 16 903
1 10 288
1 9 308
1 18 253
0
1 12 210
1 20 221
2 3 163 5 180
0
0
1 5 207
1 18 257
1 10 315
1 13 305
0
2 6 213 15 283
1 20 242
0
0
0
1 20 285
0
1 10 380
0
1 11 230
3 7 323 8 249 11 353
1 14 901
1 19 106
1 19 90
0
2 4 241 5 753
0
2 3 224 5 227
0
1 1 215
2 17 256 19 275
0
1 2 229
1 8 262
2 4 237 16 635
2 12 240 18 212
3 4 268 11 261 18 289
1 2 292
0
0
1 15 431
1 16 115
2 4 280 17 318
1 9 358
0
1 10 303
2 6 263 10 270
0
0
1 16 320
3 12 274 14 355 19 368
0
0
1 5 197
0
0
0
0
0
0
1 7 81
1 5 924
1 20 295
1 11 344
1 3 300
1 10 21
4 1 236 9 217 16 299 18 396
1 13 351
2 3 372 5 471
2 15 36 20 956
1 15 168
1 7 3
1 1 245
1 14 291
1 10 407
3 4 403 10 432 20 389
2 2 297 4 313
2 9 251 12 333
2 4 264 5 109
1 3 394
2 5 417 19 440
0
0
0
1 15 72
2 2 182 5 287
1 4 239
2 12 404 15 190
0
4 8 314 15 321 17 340 18 310
1 15 359
2 4 982 10 998
0
3 5 362 7 246 15 286
1 6 278
0
1 1 296
2 2 259 19 316
1 4 335
1 14 352
0
0
1 14 966
0
0
2 4 402 8 302
0
3 5 397 10 578 20 59
2 11 384 16 996
0
2 4 294 9 334
2 4 298 12 453
1 18 265
1 13 185
1 14 31
2 7 521 15 997
0
2 1 325 10 301
0
0
0
0
1 3 357
0
1 5 413
2 3 354 9 379
2 4 337 11 377
1 12 488
0
0
2 6 309 8 360
1 16 306
0
0
0
0
1 16 386
2 3 406 15 327
0
2 10 319 19 371
0
1 19 454
0
1 9 416
1 6 329
0
2 8 388 20 429
0
1 3 419
2 5 482 15 339
3 2 312 4 350 18 348
0
0
2 1 382 18 330
2 16 374 17 435
1 16 331
1 14 411
3 7 343 18 376 20 383
0
0
0
1 13 988
3 4 392 6 347 15 922
2 3 332 7 144
2 9 338 10 965
0
0
1 12 27
0
0
1 11 193
0
0
1 8 450
0
0
1 18 324
0
0
2 2 364 19 367
0
0
0
1 10 356
2 10 361 16 349
2 15 468 16 385
0
1 4 311
0
2 8 373 9 381
1 1 427
1 19 409
0
0
0
1 3 370
1 3 430
1 3 434
1 5 418
3 2 387 9 412 20 420
2 3 378 10 442
0
0
1 17 390
1 19 452
1 5 428
0
2 1 446 10 455
1 16 391
0
0
1 3 414
2 4 437 5 513
4 7 398 8 401 10 460 15 458
0
1 4 478
1 12 345
1 3 457
1 1 449
1 6 475
1 14 484
1 5 574
1 4 525
2 8 480 19 464
0
1 11 526
1 17 489
2 2 399 13 469
4 3 540 4 581 5 461 11 425
2 2 424 5 474
1 1 451
1 18 421
0
0
0
2 10 473 20 485
1 12 436
1 15 500
2 8 520 20 494
0
0
0
2 16 445 18 395
0
0
1 4 463
2 5 423 20 408
1 4 410
2 1 516 8 462
1 9 443
0
1 5 459
0
1 18 483
2 4 433 7 504
1 3 486
1 8 369
0
1 5 467
1 11 558
1 19 505
1 4 439
0
2 3 400 10 441
1 6 490
1 11 597
0
0
3 2 476 4 503 12 529
0
0
0
0
0
0
5 1 444 4 506 9 518 12 602 15 479
2 15 534 18 508
2 11 677 20 568
0
3 3 509 14 470 16 510
0
1 15 619
1 5 493
1 11 580
0
1 7 592
0
1 3 570
0
1 15 559
3 4 512 8 732 15 605
3 4 539 9 604 18 584
1 17 498
0
1 4 547
1 12 555
2 6 497 16 535
0
2 10 491 15 552
5 2 514 3 524 10 533 13 606 15 499
0
0
0
0
0
0
0
2 4 622 20 477
1 6 507
1 10 610
0
3 8 481 14 764 17 532
2 5 548 16 517
1 15 515
0
0
1 10 595
0
0
0
0
0
0
2 3 569 4 575
0
0
2 2 541 12 571
0
1 9 611
0
0
0
3 3 590 5 650 11 599
0
0
0
4 1 502 9 466 14 522 16 501
0
0
3 2 557 3 582 18 576
0
0
0
0
0
0
1 3 492
0
2 4 527 5 600
0
0
2 6 519 7 546
0
0
0
0
0
0
0
0
0
0
1 4 627
0
1 3 496
0
0
0
0
2 5 530 7 561
0
0
0
1 2 585
4 4 528 5 589 8 629 9 556
0
0
0
0
0
0
3 2 628 6 670 10 645
0
2 1 531 11 596
2 7 616 13 566
0
1 8 560
1 3 536
0
0
5 1 542 9 579 14 543 15 593 16 609
4 2 583 12 640 17 577 18 631
0
0
2 15 613 19 655
1 4 549
0
0
0
0
1 10 702
1 3 567
0
0
0
0
0
0
2 5 633 10 689
0
0
1 8 598
0
0
3 6 614 9 594 10 648
0
0
0
0
0
0
0
2 11 618 12 551
1 3 588
2 3 615 6 591
1 3 636
0
1 4 565
0
2 4 639 10 573
1 4 644
0
3 2 620 13 680 14 658
1 5 700
3 4 664 15 694 16 673
3 9 607 17 656 18 651
0
0
0
5 1 553 3 544 11 671 19 686 20 563
0
1 7 638
0
0
0
0
0
1 12 766
3 6 632 14 630 15 623
0
3 4 682 13 704 16 770
0
0
0
0
0
0
0
0
2 3 720 5 707
1 3 778
0
0
0
0
0
0
2 8 795 10 862
2 4 709 11 747
0
0
0
0
1 4 752
0
1 11 776
0
0
1 10 890
0
3 2 683 6 646 13 652
0
0
0
0
4 1 612 4 637 5 554 8 772
0
5 6 665 7 675 14 672 15 736 16 685
0
4 9 649 17 661 18 676 19 690
0
0
0
1 5 601
1 18 738
3 1 617 14 624 20 725
2 4 642 10 667
0
1 19 724
3 3 799 10 730 11 751
0
0
2 10 641 14 814
0
2 9 726 15 669
0
0
1 4 653
0
5 1 678 5 625 7 692 11 668 18 634
2 8 708 16 660
2 10 643 20 727
0
2 6 666 19 740
3 4 679 12 765 19 767
0
0
1 4 706
0
0
1 9 735
1 3 691
2 3 697 5 827
1 3 699
2 10 693 13 681
0
0
0
2 4 703 6 716
0
0
0
0
1 2 684
0
0
0
1 1 737
0
0
0
1 4 792
0
3 7 705 8 728 9 759
1 3 712
3 10 710 11 746 13 717
3 14 722 15 731 18 647
1 15 782
4 2 695 4 696 10 729 16 715
5 3 721 4 763 17 741 19 754 20 788
0
0
0
1 9 780
0
1 18 663
0
0
0
0
0
0
1 6 796
0
0
0
1 5 909
0
0
0
1 4 841
2 3 756 4 927
2 10 723 11 755
0
0
0
0
0
0
0
0
0
0
1 4 820
4 7 779 8 743 9 783 10 797
2 2 698 11 742
0
2 1 749 12 807
0
0
0
0
0
0
0
0
0
2 3 769 4 768
0
2 9 750 11 771
0
0
0
0
5 6 810 10 773 14 744 15 786 16 802
2 2 701 17 794
0
0
0
2 11 831 18 825
0
0
1 7 798
0
0
0
0
2 3 851 5 848
0
0
0
0
0
2 4 809 7 781
0
0
0
0
1 4 815
0
2 1 758 8 790
0
0
0
0
0
0
2 5 856 9 886
0
2 3 838 6 893
0
0
0
0
2 4 842 7 836
0
0
5 2 733 8 775 10 789 11 757 13 718
0
0
0
0
0
1 3 854
0
0
0
0
0
0
0
0
0
1 11 762
0
1 1 760
0
4 4 892 10 806 12 867 13 805
0
0
0
0
2 2 734 5 748
1 8 800
0
0
0
0
0
0
0
0
0
0
0
3 4 850 6 830 9 853
2 8 818 10 865
0
0
0
1 3 870
0
1 3 929
0
5 1 835 7 774 8 829 10 834 11 852
3 5 832 10 804 12 819
1 10 826
0
0
0
0
0
0
0
0
0
0
0
1 3 918
0
0
0
0
4 1 847 4 846 5 863 6 895
0
0
0
1 4 874
0
0
3 1 777 3 803 7 816
1 4 942
0
0
0
0
1 7 905
0
0
0
0
0
0
4 1 808 2 813 4 791 8 821
0
1 3 887
1 3 976
0
0
0
0
0
0
0
2 3 833 4 811
0
0
0
0
0
0
0
3 1 812 4 860 7 873
0
0
0
0
2 2 828 4 840
0
0
0
0
0
0
0
0
0
0
0
0
0
0
0
0
0
0
0
0
0
3 1 823 3 855 4 849
0
0
1 4 868
0
0
0
0
9 3 869 4 908 5 866 6 910 7 919 8 954 9 891 10 881 11 877
3 3 916 12 878 13 879
2 3 951 7 955
3 3 915 4 969 14 957
0
0
1 5 967
6 1 824 4 861 10 872 15 884 16 864 17 898
0
0
0
4 2 875 18 837 19 839 20 859
0
1 13 907
1 4 917
0
0
1 9 912
0
1 5 981
1 11 897
0
0
0
2 4 946 6 984
0
1 3 902
0
1 5 882
0
0
3 2 876 4 896 8 961
0
3 9 880 10 935 13 945
0
0
0
0
1 4 937
0
0
0
3 5 904 7 963 16 883
0
0
0
0
0
0
0
3 5 986 6 947 9 914
1 2 885
0
3 10 939 11 934 15 944
3 2 974 8 889 17 972
0
0
0
0
0
1 1 844
0
0
0
0
1 2 941
2 4 940 5 993
1 4 991
3 1 845 8 871 10 923
0
0
2 3 926 9 943
3 3 932 4 992 13 968
0
1 2 953
0
0
0
4 4 888 8 920 11 938 12 931
3 4 894 5 913 14 987
0
0
0
0
1 6 977
0
0
1 7 925
1 8 971
2 4 950 10 980
0
0
0
0
0
0
0
0
1 4 933
0
0
0
0
0
0
0
0
0
0
0
0
0
3 1 900 2 928 4 911
1 5 930
0
0
1 3 985
0
0
0
0
0
2 3 995 4 983
0
0
2 6 959 7 948
0
3 2 949 5 990 9 936
0
0
0
0
0
2 1 962 3 958
0
0
1 6 979
0
1 8 999
0
0
0
0
0
0
0
0
0
1 3 960
0
0
0
0
0
0
0
0
0
0
0
1 2 994
1 1 975
0
0
0
0
0
0
0
0
0
0
0
0
0
0
0
0
0
0
1 1 978
0
0
0
0
0
0
0
0
0
0
0
0
1 1 1000
0
0
0
0
0
0
0
