20 1 15 2 7 3 1 4 58 5 12 6 3 7 42 8 9 9 22 10 11 11 21 12 44 13 43 14 30 15 64 16 6 17 29 18 40 19 8 20 66
0
1 19 28
1 13 14
0
0
0
1 12 48
1 9 16
1 17 18
1 20 82
2 19 57 20 32
1 9 101
0
0
0
1 9 52
0
0
1 12 59
0
2 5 20 6 86
1 8 56
0
1 15 38
1 19 25
1 19 90
0
2 9 31 17 80
0
1 20 139
0
0
0
0
1 14 34
1 4 72
0
1 4 95
0
0
0
1 3 2
1 2 10
1 4 13
1 15 5
0
1 1 45
1 20 165
2 10 68 16 54
0
0
4 1 110 5 26 10 53 11 71
1 10 62
1 4 50
1 20 98
1 18 70
0
1 17 144
1 13 36
3 3 103 6 74 8 77
0
0
0
2 4 210 19 39
0
1 12 60
1 20 164
1 17 150
1 16 206
0
1 18 141
0
1 9 111
1 20 17
1 19 83
1 12 185
1 6 55
0
2 4 88 15 131
1 4 145
0
0
0
1 14 69
1 4 209
0
0
0
1 5 79
1 17 73
1 10 27
1 12 35
1 7 140
4 1 115 9 75 11 87 13 100
1 13 129
2 2 51 8 92
1 18 37
3 6 106 19 85 20 67
2 10 121 13 154
2 4 61 15 128
0
1 10 245
1 14 109
0
0
1 4 134
2 19 163 20 214
1 13 283
0
3 4 108 8 148 17 177
1 15 136
1 8 143
0
1 17 218
0
1 15 142
1 11 146
0
1 5 81
1 14 97
3 9 46 12 49 15 63
0
2 7 236 9 252
1 2 65
0
1 4 116
2 16 89 20 91
2 1 118 6 211
0
2 9 230 15 78
2 1 138 6 272
1 3 125
0
3 2 99 18 122 19 113
1 20 112
1 8 196
0
0
0
3 12 239 13 93 16 160
1 17 180
0
0
2 10 117 12 123
0
1 15 227
0
1 4 132
1 4 174
2 9 161 10 171
0
2 11 155 15 223
0
1 1 147
3 3 179 10 167 11 190
1 19 288
1 15 351
1 9 382
0
0
0
2 5 94 13 172
0
5 1 114 7 293 9 182 12 119 20 264
2 9 349 20 186
0
0
0
3 8 168 9 205 18 197
2 10 225 20 267
0
0
1 19 375
3 4 126 9 175 14 378
1 16 235
0
0
2 5 156 20 189
0
1 17 199
0
2 6 313 15 192
0
1 4 347
0
2 11 198 13 201
2 2 107 8 152
0
1 14 120
1 1 208
2 9 265 17 331
3 3 166 5 207 10 404
0
1 10 412
1 4 277
0
2 7 246 18 482
2 4 151 6 448
0
0
1 19 402
0
1 9 391
0
0
0
1 15 238
1 12 219
0
0
1 6 406
1 9 273
2 8 191 20 479
0
0
3 4 491 18 240 19 464
0
1 11 254
2 12 217 15 301
1 6 234
0
1 19 373
0
1 4 551
0
2 10 409 13 534
0
1 12 426
1 5 559
0
0
2 2 159 9 124
0
2 1 127 17 178
0
0
0
4 1 169 3 173 5 137 9 212
2 9 237 13 221
0
1 10 130
0
0
1 16 226
0
3 2 215 4 241 6 451
2 9 253 17 243
1 8 216
0
1 15 224
0
0
0
1 4 244
0
0
1 19 564
0
0
2 15 474 20 542
1 12 540
1 4 256
2 7 329 11 297
3 11 259 13 310 17 480
1 1 184
0
1 15 620
0
1 4 320
4 4 183 9 619 12 589 14 613
3 5 157 9 229 10 555
0
1 17 505
2 15 311 18 323
3 1 188 2 220 4 247
1 9 298
1 20 614
0
2 5 162 10 654
1 10 535
0
0
0
2 12 506 14 484
3 6 685 9 583 10 651
1 15 725
0
0
0
3 1 204 10 203 15 195
2 2 222 16 286
0
0
1 19 550
2 9 704 19 701
1 8 232
0
1 9 847
0
0
4 4 710 12 733 17 763 20 670
0
1 2 271
1 4 295
0
2 3 213 6 260
1 11 263
1 10 242
3 12 291 13 784 20 675
0
0
0
0
3 10 250 11 699 13 618
1 15 202
1 2 255
1 20 289
0
1 10 274
1 7 279
1 17 338
0
2 11 318 19 766
1 12 350
2 5 233 17 370
0
1 20 330
0
1 4 314
1 17 399
1 8 261
2 9 688 11 801
1 10 303
0
2 11 360 13 639
1 11 431
2 9 783 11 861
1 1 268
0
3 6 248 14 275 18 266
2 3 228 15 281
0
0
1 5 270
1 11 249
0
0
1 5 296
0
2 1 779 19 813
1 6 278
3 15 324 16 302 20 312
0
0
0
1 8 280
2 11 276 12 428
2 2 308 18 290
1 20 387
0
0
1 1 837
1 5 327
0
0
1 13 893
2 7 316 17 921
1 5 363
1 15 396
2 10 325 19 348
2 4 357 11 333
0
0
0
1 5 434
0
0
2 9 858 20 962
1 15 415
1 1 849
1 20 922
0
1 2 925
1 6 305
0
0
2 11 802 17 284
0
0
0
3 1 328 13 374 14 910
0
0
2 11 863 14 983
1 13 930
1 5 908
0
0
0
0
2 1 368 7 390
1 12 398
2 4 383 9 257
2 5 251 14 105
2 3 332 8 282
3 1 285 10 292 19 407
0
0
2 15 420 19 400
1 9 934
2 3 337 13 340
0
0
0
0
0
0
0
1 6 393
1 12 334
1 17 299
1 19 317
0
0
0
1 18 341
0
1 8 306
1 7 335
1 5 300
2 5 304 16 194
2 10 315 15 424
5 1 358 4 439 11 454 15 444 18 435
0
0
1 20 769
0
0
0
0
2 6 414 20 985
1 9 476
3 2 133 7 364 16 262
2 11 176 14 33
0
2 8 326 19 309
0
0
0
0
2 15 369 19 339
1 15 377
1 10 346
2 12 344 13 366
0
0
1 20 468
0
2 10 371 13 381
1 9 23
1 17 319
0
2 6 386 11 582
2 6 294 11 321
4 3 359 15 342 19 380 20 104
1 18 102
1 6 258
2 5 401 11 336
0
2 1 361 13 322
5 6 356 10 352 12 422 17 84 20 376
1 6 385
2 4 445 20 389
0
0
1 3 452
1 17 365
0
1 8 355
0
0
0
1 8 345
0
1 11 413
2 10 362 11 436
2 8 411 18 418
0
0
0
1 19 388
0
0
0
1 9 447
2 13 367 15 372
1 3 477
0
0
0
0
1 6 392
0
0
2 16 405 17 353
0
1 14 24
0
1 20 379
3 2 4 17 135 20 494
2 10 410 13 433
1 5 419
0
1 6 397
2 17 458 19 403
1 20 446
1 6 423
1 7 343
1 14 417
2 5 460 12 170
2 2 384 5 981
0
1 9 421
1 4 498
0
1 1 429
1 4 501
2 6 469 15 427
1 15 432
1 19 475
3 1 430 9 530 15 980
1 5 193
0
1 2 470
1 20 76
1 8 416
2 7 461 9 394
3 11 459 12 520 14 181
0
0
0
0
1 19 269
1 3 472
1 15 408
1 10 455
1 17 553
0
3 5 529 11 509 20 481
2 7 483 11 438
1 17 149
3 10 425 13 522 18 442
0
1 10 453
5 1 466 2 449 8 465 9 450 12 437
0
1 19 492
0
0
1 15 488
1 10 499
0
0
1 10 552
2 4 537 14 571
0
0
0
0
1 14 443
2 6 518 19 513
1 20 545
1 18 478
1 13 510
2 5 473 16 593
0
0
1 12 441
1 6 490
1 3 546
1 17 467
0
3 11 471 13 485 17 457
0
0
0
1 14 539
0
2 2 504 10 456
2 15 497 20 594
0
0
0
1 6 495
1 9 486
2 6 500 11 463
2 7 527 13 503
1 4 496
1 3 307
1 2 523
1 15 581
2 1 512 11 487
1 17 489
1 2 533
1 14 440
0
0
0
3 5 502 8 528 12 462
0
0
1 20 517
0
0
1 18 561
1 9 683
2 13 516 19 544
1 15 153
0
1 20 554
1 17 158
1 4 868
0
1 7 565
0
1 8 547
0
0
1 16 558
1 6 519
0
1 20 599
1 20 640
1 9 630
1 10 508
1 11 511
0
2 8 560 20 549
1 17 674
1 10 573
1 3 231
0
5 5 507 10 591 15 584 18 524 20 557
0
2 2 575 19 200
0
3 4 395 14 187 16 96
3 1 566 5 592 10 525
2 6 531 20 541
1 13 521
2 12 493 15 562
0
0
0
0
0
1 20 608
0
1 11 515
2 5 598 8 632
0
0
1 7 532
1 17 597
0
2 18 610 19 606
0
1 9 686
0
2 4 19 6 287
0
0
0
0
0
0
0
3 9 698 13 694 15 543
0
0
0
0
0
0
0
1 10 548
0
1 15 354
1 17 47
2 11 538 20 526
0
0
1 5 572
3 2 514 12 588 14 563
1 12 636
1 18 536
2 9 676 12 609
0
1 1 567
0
2 10 580 11 587
0
1 19 568
1 3 41
0
0
0
0
2 5 586 16 605
0
0
1 4 556
2 2 576 6 590
0
0
0
0
0
1 9 617
0
1 5 663
0
0
2 8 596 10 625
0
0
0
0
0
0
0
2 9 629 10 711
0
0
0
0
0
1 7 738
2 4 615 9 579
0
0
0
2 6 626 10 682
0
1 9 600
3 2 638 11 653 13 612
0
0
0
0
0
1 4 672
0
0
2 2 684 10 778
0
0
0
5 1 569 5 577 12 633 14 648 15 649
0
0
0
0
0
1 4 737
0
0
0
0
0
1 3 607
5 5 601 6 637 8 603 11 666 12 703
1 6 665
2 4 788 16 781
0
0
0
0
0
0
0
0
0
0
0
1 5 645
2 9 697 11 624
0
1 15 745
5 1 570 14 578 16 621 17 585 18 574
0
0
0
0
0
5 4 643 9 696 10 720 16 635 19 762
2 5 664 6 721
1 13 641
3 7 761 9 828 19 823
0
1 6 928
0
4 1 602 9 642 17 595 20 628
3 6 748 8 611 10 616
1 13 646
0
0
0
1 9 680
0
3 1 627 12 681 20 673
1 5 692
0
2 1 656 16 715
1 11 679
1 2 700
0
1 15 724
0
2 4 644 14 622
0
0
0
0
0
1 6 797
1 9 709
4 3 634 10 652 19 623 20 657
1 10 604
3 5 671 17 706 18 743
0
2 5 722 12 714
0
0
0
1 2 678
0
0
0
2 13 753 20 796
0
2 2 713 5 739
1 7 668
1 10 662
0
1 1 693
1 8 631
0
0
0
0
1 5 655
1 20 677
2 11 751 15 702
0
0
0
1 2 658
1 17 718
0
2 4 647 10 660
2 12 727 14 793
2 6 862 19 846
0
0
1 9 765
0
0
3 4 669 9 659 17 747
0
0
0
0
0
0
2 5 736 6 667
0
0
3 4 712 9 705 11 707
0
0
0
1 6 661
3 7 756 10 809 12 786
0
0
0
1 10 795
1 10 805
0
0
0
2 1 785 4 731
0
0
1 8 708
0
0
0
0
0
0
0
0
3 4 757 5 815 13 824
2 9 732 14 787
0
1 14 831
4 3 650 15 695 16 687 17 690
0
0
0
1 2 689
0
0
0
0
2 10 717 11 749
2 10 729 18 764
0
0
0
0
0
0
1 8 782
0
0
1 4 832
2 9 740 14 728
1 6 760
1 10 818
0
0
0
0
0
2 1 768 4 819
0
0
3 7 723 10 754 15 873
1 6 808
1 12 811
0
0
0
1 5 798
4 2 719 14 730 16 767 17 755
0
0
0
1 3 691
1 15 885
0
0
0
0
0
0
0
1 4 790
0
0
2 1 839 5 803
0
0
0
0
2 2 770 8 726
4 5 776 9 742 11 884 12 835
0
2 7 741 8 746
0
4 6 814 10 772 13 850 16 758
0
0
1 15 898
0
3 5 791 6 821 10 789
0
0
5 5 845 6 826 10 889 15 881 17 812
2 14 744 18 734
0
2 4 880 12 836
0
0
0
1 4 894
1 8 775
0
0
3 5 834 9 927 15 771
0
2 1 829 17 750
1 9 944
0
1 6 920
0
0
0
0
0
0
1 1 716
0
1 2 820
1 3 959
0
0
0
1 4 900
0
0
0
0
1 3 995
0
0
0
1 6 794
0
0
0
0
0
4 7 817 8 807 9 833 10 759
0
0
0
0
0
0
0
2 3 752 9 800
0
4 1 735 4 792 10 799 11 998
1 7 822
1 5 840
4 10 890 12 866 13 804 14 843
0
0
0
0
2 2 844 6 841
0
0
0
0
0
0
0
3 2 901 12 872 14 875
4 3 816 4 777 15 878 16 848
0
0
1 7 987
0
0
2 10 806 11 865
0
0
1 9 838
0
0
1 8 896
1 6 864
0
0
0
0
0
0
2 9 897 11 929
0
0
0
2 4 810 6 857
0
5 3 851 12 877 13 879 14 891 15 870
0
0
0
0
0
1 10 825
0
0
0
1 2 967
0
0
0
0
0
0
0
0
0
1 5 853
2 1 774 6 773
4 4 874 12 882 13 830 14 876
0
0
0
0
0
0
0
2 7 902 9 937
0
0
0
0
0
0
2 2 936 4 958
1 8 855
0
0
0
0
3 1 780 9 859 10 949
0
0
0
0
0
0
1 5 860
0
0
0
1 3 869
0
0
0
0
3 3 871 4 888 8 883
0
2 6 854 9 842
0
0
0
0
4 6 905 11 946 12 887 13 899
1 6 919
0
0
0
3 3 886 10 926 14 948
1 10 969
0
0
0
1 1 827
0
0
0
0
0
0
2 2 903 3 947
0
3 2 907 5 924 8 940
0
0
0
1 3 968
0
0
0
3 6 942 9 931 10 941
0
0
1 11 974
0
0
1 13 990
0
3 4 895 15 917 16 964
0
0
0
0
0
3 2 918 4 951 5 954
0
0
0
0
0
3 7 978 15 939 17 932
0
0
1 1 852
0
0
0
0
0
0
0
1 4 913
0
0
1 6 1000
0
0
0
7 1 856 9 904 10 909 11 950 12 867 14 915 16 935
0
0
0
0
0
0
0
0
0
0
0
4 5 906 6 976 9 991 12 916
0
0
0
0
0
0
1 4 997
1 8 960
0
0
0
0
0
2 5 963 7 911
0
0
0
1 3 982
0
0
0
0
0
0
0
0
0
2 2 971 4 993
0
0
1 6 984
0
0
0
0
0
0
0
0
0
0
2 1 892 8 923
3 1 912 9 945 10 977
0
0
0
0
0
0
0
1 3 972
0
1 4 979
0
0
0
0
0
2 1 933 2 938
0
0
0
0
0
0
0
0
0
2 4 965 5 914
3 5 956 6 988 7 970
0
0
0
0
0
0
0
0
0
0
0
0
0
0
0
0
0
0
0
0
0
0
0
0
0
1 5 957
0
2 3 989 6 999
0
0
0
1 2 994
0
0
0
0
0
0
0
0
0
1 4 996
3 1 943 3 953 7 955
0
0
0
0
0
0
0
0
0
0
0
0
0
0
0
0
5 1 961 2 986 3 952 4 975 6 966
0
0
0
1 1 973
0
0
0
0
0
0
0
0
0
0
0
0
0
0
0
0
0
0
0
0
0
0
0
0
0
0
0
0
0
0
0
1 1 992
0
0
0
0
0
0
0
0
0
0
0
0
0
0
0
0
0
0
0
0
0
0
0
0
0
0
0
0
0
0
0
0
