20 1 10 2 25 3 124 4 2 5 7 6 26 7 12 8 30 9 23 10 46 11 52 12 88 13 40 14 15 15 14 16 167 17 17 18 21 19 221 20 41
3 6 31 8 93 13 5
1 13 83
1 1 90
1 1 16
0
0
0
1 1 60
0
2 11 105 13 156
1 8 257
3 8 79 9 174 14 6
1 18 49
0
3 1 102 8 131 14 178
2 1 108 4 77
0
0
0
1 8 76
0
2 11 141 16 208
2 1 35 2 72
1 17 47
1 11 237
2 10 69 20 29
4 5 74 8 265 19 261 20 127
1 8 241
0
1 7 27
1 20 160
1 13 213
1 11 277
1 1 87
2 9 78 17 8
1 12 98
2 4 122 20 36
1 5 117
1 1 106
1 15 20
2 3 45 6 202
0
2 11 216 17 53
3 5 179 10 165 14 292
2 13 48 15 3
1 1 149
1 20 228
2 8 58 18 280
2 7 92 14 276
0
1 16 18
2 7 176 15 138
0
2 7 273 20 61
1 14 236
0
3 12 99 13 281 20 343
1 20 37
0
1 15 230
2 14 104 17 143
3 1 296 19 71 20 175
3 11 263 13 301 20 84
1 17 220
0
0
0
2 4 65 8 196
1 1 322
1 1 336
1 4 85
0
0
2 6 217 7 180
2 2 148 7 59
0
0
3 3 73 6 316 8 272
2 6 75 7 223
2 9 152 18 155
1 19 95
2 8 365 20 348
1 19 188
1 5 205
1 16 24
0
2 2 166 12 114
2 13 56 16 386
1 19 308
0
0
0
1 5 270
3 8 91 11 313 13 154
1 1 416
3 4 125 14 169 19 118
2 7 321 9 62
1 10 238
2 8 211 12 246
2 1 247 8 157
0
1 17 267
0
1 20 89
0
2 1 279 15 300
1 13 418
2 2 204 9 109
0
0
2 12 380 16 399
2 7 144 9 405
1 11 337
2 6 96 11 364
1 11 255
2 7 183 16 253
3 4 195 6 251 14 130
1 6 262
2 16 151 20 434
5 7 210 11 189 16 203 18 133 20 284
4 2 218 8 177 11 288 20 395
3 13 356 17 161 20 100
1 10 314
3 9 137 11 320 19 134
2 6 55 11 70
0
3 10 249 11 287 12 377
3 3 94 9 233 17 494
0
2 2 264 4 311
0
0
0
1 1 286
0
1 11 289
1 19 457
1 19 293
2 6 227 14 142
4 1 344 5 304 6 158 20 317
0
0
1 8 274
0
1 20 485
1 18 172
0
3 13 338 15 360 16 193
1 7 285
0
2 14 192 19 245
2 3 168 19 435
3 15 524 19 467 20 521
3 12 441 16 268 20 564
3 11 347 19 477 20 518
2 17 312 20 164
0
0
0
1 4 170
0
2 19 529 20 390
2 5 394 8 577
0
0
2 12 351 16 576
2 12 367 16 637
2 16 406 20 466
2 9 283 13 341
0
2 11 404 17 349
3 1 370 7 306 20 565
1 19 562
2 13 432 16 297
1 11 372
1 19 363
2 6 171 17 673
2 12 409 20 589
0
2 10 181 18 603
0
1 11 489
1 11 630
5 6 310 9 209 12 567 15 614 16 547
0
2 1 383 8 633
1 1 448
1 12 456
2 6 334 11 371
0
0
1 9 559
1 2 626
1 8 552
3 4 250 11 568 13 708
2 11 727 17 514
1 14 235
0
0
1 20 339
0
2 8 743 18 648
0
0
0
1 5 479
0
4 8 826 13 813 18 755 19 607
1 11 811
1 8 636
3 1 584 9 649 11 892
4 3 214 5 254 7 258 11 756
0
3 4 278 10 739 16 762
1 17 602
1 6 402
1 9 335
0
2 10 771 11 677
1 11 763
2 11 551 12 679
2 11 734 17 431
2 11 266 14 754
1 9 421
1 20 368
2 15 413 20 632
1 20 691
1 20 804
1 8 821
1 8 784
2 1 657 13 837
0
2 7 331 8 736
0
0
1 6 891
1 5 848
2 10 707 19 899
3 2 362 7 392 11 329
1 10 794
1 20 537
1 12 785
1 20 865
3 16 810 17 527 20 803
1 17 704
1 12 867
0
2 11 749 15 592
2 6 692 20 746
1 20 798
1 19 897
1 4 345
1 1 318
1 13 353
3 4 924 8 902 18 550
1 11 146
1 15 187
1 3 294
0
1 7 410
2 11 411 12 882
1 9 50
1 8 101
0
3 4 875 11 219 20 795
1 20 925
1 20 702
3 9 305 17 33 20 621
2 13 451 15 222
1 13 242
1 5 13
0
2 1 330 12 346
0
4 1 502 9 28 14 844 17 229
2 8 706 20 770
0
0
1 6 779
2 13 903 19 767
2 10 136 13 43
1 15 688
1 4 199
2 1 63 7 957
3 1 226 10 162 11 543
1 6 829
0
2 11 115 15 244
3 11 944 16 147 20 269
3 1 239 11 252 12 19
0
1 8 787
1 8 256
2 3 302 13 385
3 1 352 2 439 14 325
0
0
0
2 5 44 17 937
2 4 373 20 853
4 4 126 6 465 7 354 20 307
2 15 132 20 232
3 11 200 15 872 20 940
2 16 173 20 864
4 14 357 16 878 17 876 18 64
1 11 150
0
2 19 290 20 793
1 7 186
4 2 424 5 474 9 419 14 110
3 4 97 6 22 19 184
3 1 369 6 436 8 340
2 8 359 14 9
3 8 971 10 212 15 103
0
0
1 11 86
1 11 718
1 5 528
1 13 393
2 5 408 20 482
2 6 415 13 446
2 16 128 18 374
0
0
1 17 42
0
2 8 667 12 747
1 9 38
1 1 388
1 19 430
1 19 461
0
2 8 437 19 382
1 20 116
1 4 381
1 13 932
0
1 7 426
0
0
1 14 928
2 1 291 11 601
2 5 420 11 332
1 11 563
4 2 309 3 326 11 520 16 471
1 11 620
1 12 120
1 17 231
1 12 111
1 17 81
1 20 788
1 20 234
2 12 993 19 656
4 17 224 18 275 19 107 20 153
1 20 54
1 19 303
3 6 507 15 206 20 194
4 9 225 11 39 15 654 20 323
3 11 328 15 997 20 271
6 3 391 11 384 16 486 17 260 19 121 20 112
4 1 398 11 1000 18 517 19 572
1 11 350
5 2 366 6 535 11 333 12 573 15 548
1 1 375
1 1 533
5 1 423 5 526 8 583 9 355 20 501
2 10 599 20 34
2 3 417 17 459
1 15 299
2 15 358 19 207
2 16 488 18 342
2 16 66 20 982
3 12 462 13 598 17 668
0
3 3 445 8 455 11 378
2 9 433 15 463
0
2 8 468 16 80
0
1 11 469
2 17 983 18 324
2 7 159 20 129
3 2 379 8 403 10 538
1 4 476
1 6 542
2 8 414 11 495
2 8 444 19 407
3 11 499 13 401 20 389
3 11 593 16 201 20 972
1 20 123
1 10 215
2 13 243 15 190
2 17 295 20 113
2 14 191 20 443
2 3 453 20 799
1 7 611
1 4 834
2 1 458 5 585
2 6 483 12 549
3 1 454 8 450 17 481
2 12 505 16 139
3 12 376 18 500 20 163
2 3 523 9 473
2 1 540 16 298
0
2 1 591 17 51
0
2 7 663 11 981
1 20 472
1 12 140
0
2 13 248 17 396
1 6 492
0
2 4 508 8 566
3 2 387 3 460 7 447
1 5 836
2 14 438 20 554
1 11 327
2 15 557 16 32
0
0
0
0
1 10 361
1 7 496
2 1 425 11 1
1 12 442
1 11 259
3 8 530 11 11 17 397
1 19 412
3 7 544 13 665 18 580
1 20 57
0
0
0
0
1 1 990
1 9 522
1 6 532
1 7 615
2 11 198 17 315
0
1 1 429
2 8 197 15 4
1 12 697
2 5 625 7 715
0
2 11 282 14 82
4 1 498 3 478 17 534 19 862
1 16 920
0
0
1 7 961
1 13 135
1 5 319
1 12 182
1 8 709
2 2 422 4 464
1 20 575
1 20 623
1 1 556
1 18 145
0
2 12 581 19 185
2 3 515 11 513
1 10 491
1 15 693
0
1 4 506
0
0
1 16 240
3 8 617 9 545 12 760
0
0
0
2 6 582 19 616
0
2 17 400 20 687
1 11 560
1 20 68
0
3 3 579 7 541 10 516
0
0
1 14 531
1 10 119
1 1 618
2 1 624 19 757
1 1 67
0
0
1 4 596
0
2 2 427 11 480
0
1 8 662
2 7 720 8 574
0
0
0
1 5 796
0
0
0
0
0
0
0
0
0
4 4 612 6 595 7 629 8 655
4 1 590 3 652 6 635 9 681
1 6 671
0
0
0
0
1 2 428
0
0
0
0
2 6 686 8 745
0
0
0
0
0
0
0
0
0
0
0
0
0
0
0
2 4 628 6 645
3 1 675 8 658 9 600
0
0
0
0
0
0
0
0
0
0
0
3 3 664 5 710 7 748
0
1 8 646
0
0
0
0
0
0
3 1 725 6 700 8 722
0
0
0
0
0
0
0
0
0
0
0
2 1 781 7 731
0
0
0
2 1 651 4 714
0
0
5 2 440 6 452 7 484 8 511 9 525
0
2 4 759 8 764
0
2 1 674 10 750
0
0
0
0
3 1 487 5 503 6 493
0
0
0
0
2 1 490 6 509
3 2 475 8 449 11 504
0
0
0
0
0
0
0
2 1 539 9 553
0
0
0
0
0
1 8 470
1 6 519
0
1 3 733
3 8 561 10 570 11 510
1 8 619
0
0
0
2 1 594 12 604
3 7 555 8 569 13 631
0
2 11 586 14 536
1 11 639
0
0
0
1 5 578
0
2 6 571 7 605
0
1 8 587
0
0
0
0
0
0
0
1 4 588
0
1 6 670
0
1 8 684
0
1 5 640
0
2 2 497 9 512
3 1 676 8 606 11 721
0
0
0
1 1 698
0
0
0
2 1 752 12 782
0
3 1 666 8 634 10 627
0
0
0
2 2 558 13 546
1 8 690
2 7 622 13 694
0
1 12 828
0
1 3 753
1 1 695
0
0
0
0
0
0
0
0
0
0
0
0
3 1 641 4 613 6 609
0
0
0
0
0
0
3 1 643 8 719 9 661
0
0
0
0
0
2 4 683 6 685
0
1 5 678
0
0
0
0
0
0
0
3 2 597 6 642 7 653
0
0
2 1 728 9 680
1 8 800
0
0
0
0
5 1 703 8 839 9 879 11 850 12 859
0
0
1 4 761
1 10 711
0
1 6 699
2 9 919 11 913
1 6 712
0
1 10 717
0
0
0
4 1 608 2 669 8 682 9 610
1 8 778
1 11 934
0
0
0
0
0
0
0
0
1 4 791
0
0
0
0
2 1 638 7 705
0
0
4 6 783 8 724 10 742 11 751
3 5 773 8 737 12 777
1 8 812
1 3 809
0
1 1 644
0
1 4 827
0
0
1 6 786
0
2 1 647 8 659
0
0
1 8 726
0
0
0
0
0
1 8 744
0
1 7 758
0
0
2 4 846 5 849
0
0
0
0
1 2 808
8 1 650 6 696 7 660 9 732 10 820 11 835 12 881 13 817
0
2 9 741 14 819
0
0
0
0
1 2 830
0
1 8 896
1 8 978
2 1 689 12 672
3 9 769 10 905 14 776
0
0
0
3 1 701 3 716 5 895
0
3 1 801 7 730 11 797
0
0
0
0
2 1 866 5 898
0
0
0
1 5 842
0
0
0
3 6 729 10 775 11 735
1 11 780
2 8 861 11 994
0
0
0
1 1 949
0
2 12 713 13 766
0
0
0
0
3 1 774 5 907 9 926
0
7 1 768 4 870 6 851 10 792 11 873 14 938 15 869
0
0
0
4 12 790 16 772 17 806 18 723
4 5 858 6 916 19 914 20 987
1 6 948
0
0
3 11 814 12 802 20 856
0
1 11 954
0
1 4 884
5 8 857 10 855 11 970 19 933 20 946
3 7 738 11 824 20 818
3 1 815 6 838 20 807
1 17 845
0
2 6 889 8 888
4 2 740 3 880 11 831 19 847
1 11 833
0
0
1 11 883
1 1 871
1 12 904
0
0
0
3 1 901 6 887 13 942
1 2 765
0
0
1 1 908
1 9 893
0
0
2 1 911 3 941
2 4 909 6 951
0
0
1 10 805
0
7 4 823 11 923 12 906 14 943 15 976 16 822 17 965
0
1 13 996
0
4 8 843 10 973 18 860 19 890
0
3 1 953 11 929 20 950
3 3 825 7 816 20 789
0
2 8 922 16 995
0
0
0
0
1 11 885
2 4 852 5 863
0
0
0
2 3 912 10 832
0
0
2 4 927 6 877
7 1 841 6 900 7 894 12 963 13 985 18 968 19 910
1 8 962
0
0
0
1 9 952
0
1 7 955
3 3 917 9 986 11 979
0
0
3 4 945 13 959 14 936
0
0
0
0
0
0
0
1 12 991
3 5 915 13 930 15 947
0
0
0
2 4 956 7 958
0
0
1 6 921
0
2 1 931 9 874
0
0
3 1 960 4 975 11 992
1 1 999
0
0
0
0
0
1 1 840
0
0
0
0
1 2 967
0
0
0
0
4 3 966 8 868 10 935 11 854
0
0
0
0
0
0
0
0
1 8 886
1 4 977
0
0
1 1 964
3 3 939 6 984 7 980
0
0
0
0
0
0
0
0
0
1 5 918
0
0
0
0
0
0
0
0
0
0
0
0
0
0
0
0
0
0
1 1 998
0
0
0
0
0
0
0
0
0
0
0
1 1 969
2 1 988 2 974
0
0
0
0
0
0
0
0
0
0
0
0
0
0
0
0
0
0
0
0
0
0
0
0
0
0
0
0
1 1 989
0
