20 1 20 2 52 3 77 4 45 5 19 6 9 7 213 8 169 9 43 10 29 11 8 12 2 13 1 14 40 15 84 16 207 17 12 18 262 19 7 20 294
0
0
0
1 5 263
1 19 65
1 19 57
0
0
1 6 82
0
1 13 421
0
0
2 19 484 20 499
3 8 462 16 483 20 388
1 11 529
0
1 10 30
0
1 3 537
2 15 109 16 491
1 2 515
0
2 3 516 16 571
0
0
1 19 580
1 11 606
1 13 750
0
0
2 4 724 14 609
0
0
0
1 8 682
2 6 806 18 634
0
0
3 4 257 7 760 16 816
2 8 819 19 772
1 2 871
1 6 897
0
4 1 25 5 922 6 956 12 240
1 10 108
0
0
0
1 6 204
1 6 271
1 15 231
0
1 7 834
1 3 877
0
3 8 90 9 1000 18 965
1 12 984
1 2 24
1 6 27
1 8 178
3 4 3 19 11 20 142
1 13 850
2 1 21 14 63
1 20 227
1 17 18
2 11 33 15 6
0
1 3 10
0
0
1 3 31
1 16 23
0
0
3 4 34 5 55 20 38
1 20 41
0
2 2 66 17 32
1 8 180
1 8 16
1 5 107
0
0
0
1 3 69
1 2 70
0
0
3 6 26 15 37 20 4
2 8 17 9 59
0
0
1 8 35
4 7 925 8 14 10 15 14 5
1 1 36
0
1 20 49
3 6 42 12 47 17 51
2 11 48 19 39
0
0
0
1 15 89
2 11 113 15 58
3 2 100 15 13 20 44
0
0
1 7 136
0
0
0
3 7 28 8 22 12 96
0
0
0
1 5 78
0
0
0
0
0
0
5 5 68 7 124 13 87 16 134 17 143
0
2 8 46 18 50
2 8 85 19 79
1 13 115
2 4 81 9 167
3 3 53 6 54 17 64
0
1 5 61
1 15 91
0
0
0
0
0
4 1 76 3 60 18 71 20 122
1 3 73
1 14 62
0
2 7 95 17 83
0
1 19 56
1 10 80
0
0
0
0
1 11 74
0
0
2 5 72 9 67
0
0
0
0
0
0
3 4 94 6 99 7 111
2 7 133 8 135
0
2 3 75 8 116
0
0
1 3 114
0
0
0
0
2 1 148 5 104
0
0
2 2 144 5 131
0
0
1 7 118
1 3 126
0
0
0
0
0
5 1 92 6 86 8 121 9 103 10 137
1 8 125
0
0
0
0
5 5 93 11 88 12 105 13 171 15 97
4 7 150 11 120 16 129 17 106
0
0
0
1 8 102
0
0
0
0
0
0
0
0
0
1 13 112
0
0
0
0
6 1 200 5 117 6 161 8 149 14 98 15 101
2 7 194 17 159
1 9 202
2 12 110 18 123
3 4 158 19 176 20 185
1 11 155
0
1 16 130
1 20 233
0
0
0
2 1 183 3 128
0
0
1 1 139
0
2 10 119 11 165
2 12 132 15 146
1 2 151
0
0
0
1 3 184
0
0
1 10 181
2 6 164 12 188
0
3 5 145 6 127 9 166
0
0
2 8 195 18 225
2 7 224 15 189
0
0
0
0
0
0
0
0
2 6 191 13 140
0
0
0
0
0
1 14 154
1 12 226
0
0
0
0
4 5 168 12 138 16 153 17 162
1 11 179
0
1 3 232
0
6 9 177 10 199 15 197 18 261 19 215 20 192
3 2 172 6 219 8 157
0
0
3 4 253 6 170 14 175
1 16 187
0
0
2 3 302 7 160
0
0
0
1 11 209
0
1 5 238
0
0
0
0
0
0
1 3 205
2 12 141 13 163
0
0
0
0
1 5 274
1 6 201
4 1 235 8 236 15 156 17 147
3 3 243 7 208 10 288
0
0
0
0
0
0
0
4 3 223 9 245 19 266 20 239
0
1 16 214
2 12 190 19 152
0
1 14 237
0
1 5 255
1 18 254
0
0
2 6 289 9 279
1 6 196
3 6 218 8 287 11 203
3 2 242 6 315 8 357
0
0
0
0
0
0
0
0
0
0
2 4 211 5 249
1 6 342
0
0
2 1 250 3 280
0
0
0
0
0
0
0
0
0
1 5 307
4 7 182 8 212 9 206 10 174
2 6 217 10 228
1 11 251
1 12 173
0
0
0
0
1 5 344
0
0
0
0
3 2 193 12 222 13 198
2 13 248 14 221
0
0
1 4 264
0
2 8 270 15 290
1 6 299
0
0
0
0
1 13 336
0
2 3 230 8 241
1 4 277
0
0
2 9 268 11 282
0
0
3 7 186 8 210 12 244
0
0
0
0
0
0
0
0
0
0
0
1 1 292
0
0
2 5 258 7 234
0
0
3 6 246 8 269 10 312
0
0
0
0
0
0
0
0
2 2 320 3 216
0
0
0
2 8 295 9 329
2 4 285 12 327
1 5 293
1 8 300
0
0
0
0
4 3 229 13 220 14 247 15 303
2 2 398 12 349
0
0
0
0
2 1 326 4 324
0
0
0
0
0
3 5 276 6 260 7 341
0
2 9 297 11 351
0
1 8 339
0
0
0
6 3 252 10 272 15 259 16 331 17 333 18 306
0
0
0
1 8 435
0
1 15 316
1 6 337
0
1 5 311
0
0
1 9 305
1 15 335
0
0
0
3 6 366 8 359 11 396
0
0
1 5 332
0
0
2 3 265 8 310
0
0
0
0
0
0
3 1 286 9 256 11 314
0
1 4 364
0
0
2 2 275 8 309
0
0
2 7 267 10 291
0
0
0
2 1 363 8 374
0
1 8 417
0
0
0
3 3 278 8 381 10 353
0
0
1 8 382
3 3 284 11 281 12 360
0
5 3 321 5 330 13 365 14 338 15 296
0
0
2 8 273 9 301
0
0
0
3 2 308 6 318 12 325
2 7 283 16 358
0
2 11 328 17 313
1 14 377
0
2 9 402 12 397
1 7 317
1 5 410
0
0
2 4 319 7 355
0
0
0
0
0
1 12 378
2 6 345 13 323
0
0
3 2 334 10 343 11 403
2 5 395 6 498
2 5 426 9 414
0
3 3 298 4 356 6 346
0
0
0
1 4 391
0
1 7 367
0
1 6 380
0
0
0
2 3 322 6 304
0
0
0
0
4 1 411 8 372 12 451 14 401
4 2 347 15 361 16 348 17 408
1 6 368
0
0
2 6 371 11 369
0
0
0
0
0
0
0
1 4 457
1 5 394
0
0
0
0
0
1 9 495
0
5 5 375 12 405 15 362 16 412 18 418
0
3 6 384 7 438 19 386
2 10 389 20 350
2 3 340 8 404
1 17 373
1 6 385
1 19 392
1 14 442
0
1 13 379
0
1 19 423
1 8 490
1 3 352
1 7 370
1 14 447
1 15 480
1 1 413
1 6 533
0
1 11 354
1 19 475
1 3 390
0
3 5 428 13 387 14 406
2 8 383 20 416
1 13 465
2 3 393 8 430
1 15 432
1 6 461
2 2 399 14 440
0
2 12 425 19 453
1 20 492
1 10 422
0
2 5 431 19 445
1 7 376
1 8 434
1 8 471
2 8 460 16 473
0
2 1 455 11 415
0
2 13 511 15 463
1 3 476
1 9 555
1 5 531
2 8 464 17 407
1 8 467
2 3 419 6 489
1 6 507
1 14 477
0
1 2 400
1 5 452
0
0
1 1 482
2 4 470 6 448
0
0
0
0
0
0
3 6 420 7 450 8 433
1 2 439
0
1 4 548
0
0
0
0
0
0
2 5 478 8 449
0
1 11 530
0
9 5 424 6 458 10 437 12 520 15 508 16 479 18 472 19 427 20 569
0
1 9 487
0
0
2 3 429 7 441
0
1 6 501
0
0
0
0
0
1 8 459
0
2 3 468 9 409
0
0
0
0
0
0
4 1 436 5 505 7 486 8 557
0
0
0
0
1 8 567
0
0
2 2 541 11 598
0
1 6 591
0
0
0
1 6 645
0
0
0
2 5 523 12 589
0
0
0
0
0
1 13 506
4 4 443 7 454 9 474 14 466
0
0
0
1 11 651
3 1 456 15 519 16 521
1 8 573
0
1 8 444
0
0
0
0
0
2 4 497 5 446
0
3 2 485 3 532 6 481
0
0
1 8 739
0
3 1 488 10 503 11 522
1 13 469
0
0
5 3 496 6 546 14 600 15 550 16 559
0
1 5 544
2 2 494 7 543
0
0
0
0
0
0
0
0
0
0
0
4 1 493 5 554 6 590 9 502
0
0
0
0
0
1 2 535
0
0
0
0
0
0
0
0
0
0
0
0
0
0
0
0
0
0
0
2 4 551 5 524
0
0
0
0
0
0
0
0
1 3 604
0
0
0
4 1 504 5 500 6 528 7 534
0
4 8 509 9 539 10 553 11 514
0
4 6 536 12 556 13 601 14 613
0
0
0
1 2 579
1 4 584
0
1 8 518
0
3 1 512 12 525 13 585
0
1 11 517
0
0
0
0
0
5 1 526 7 513 14 560 15 574 16 549
0
0
1 12 545
0
0
2 1 570 2 615
1 9 542
2 6 547 15 562
1 7 527
0
0
0
0
1 1 578
0
2 10 561 17 582
0
2 8 552 18 595
0
0
1 3 605
0
1 9 572
0
0
0
5 5 558 8 538 11 510 16 540 19 564
0
0
0
3 9 563 10 624 12 635
1 15 593
2 1 612 17 587
0
1 6 596
0
0
0
0
1 2 622
0
2 1 626 13 670
1 9 588
1 17 607
1 11 583
0
0
1 9 575
0
1 2 602
0
1 5 586
2 4 640 10 680
3 3 568 7 623 12 684
0
1 6 632
0
2 8 566 13 565
1 8 599
0
0
2 6 644 14 652
0
0
0
0
0
3 11 637 15 608 16 672
0
1 16 694
0
0
0
0
2 8 611 17 668
0
0
0
1 6 667
0
0
0
0
0
0
1 4 686
1 8 764
0
9 3 603 5 576 6 594 8 619 10 625 11 597 12 643 13 581 14 633
0
0
0
1 15 758
0
2 2 614 17 658
0
2 7 630 8 621
2 8 649 11 716
0
0
0
0
0
1 5 592
0
0
0
3 9 620 12 577 13 756
4 1 618 3 662 10 687 14 631
0
0
0
0
0
0
0
0
0
1 2 636
0
2 5 627 6 610
0
2 4 616 10 657
0
0
2 11 787 12 824
1 11 802
0
1 8 665
0
0
2 7 663 15 641
0
0
2 1 628 16 705
0
1 2 648
0
0
0
0
0
0
0
1 1 660
0
0
2 3 696 6 639
0
0
1 6 723
0
0
0
7 5 655 7 656 8 629 11 674 12 712 13 671 14 817
1 8 707
1 8 709
0
3 5 711 8 727 16 747
0
0
3 1 638 9 646 12 679
0
0
0
0
0
5 5 744 9 717 15 738 17 654 18 683
0
4 1 661 2 650 8 653 19 659
1 8 703
1 8 713
1 5 768
0
1 8 734
0
4 4 617 5 676 6 673 12 755
0
0
0
1 2 666
0
0
1 5 719
0
0
0
0
0
0
0
0
0
0
1 3 714
0
2 6 675 9 689
0
0
0
1 3 741
0
0
0
0
3 1 677 10 685 12 691
0
0
2 11 706 13 715
0
0
0
5 7 678 14 697 15 669 16 702 17 710
1 14 725
1 2 736
0
2 4 647 8 642
0
0
1 3 690
0
0
1 6 704
0
1 2 763
0
1 1 693
0
2 3 762 6 699
0
1 8 771
0
0
0
2 12 730 13 743
1 6 692
0
1 5 735
0
0
0
0
0
2 9 731 10 757
0
0
2 1 695 3 726
0
0
0
9 4 718 5 664 8 779 10 766 11 698 13 708 15 767 16 732 18 688
1 6 700
0
0
0
0
0
0
0
0
0
2 7 681 8 740
0
0
1 12 745
0
1 3 799
0
0
0
3 7 721 8 733 13 769
0
0
0
0
0
0
0
3 5 737 8 729 11 722
0
1 1 701
3 3 797 6 749 8 795
0
0
0
0
1 6 778
0
2 8 791 9 796
0
0
0
0
0
0
6 2 776 3 800 8 828 10 792 12 783 13 808
0
0
0
0
0
0
0
0
0
0
0
3 4 728 6 720 14 777
0
0
0
3 3 773 5 759 15 761
1 3 781
0
1 11 785
0
0
0
0
1 5 830
4 7 751 8 748 9 782 10 845
0
4 1 754 8 774 11 784 12 848
0
0
0
2 6 742 14 793
0
0
0
0
0
1 8 798
4 6 789 7 841 8 770 12 814
0
0
1 6 807
0
1 10 931
1 3 804
0
0
0
0
1 2 812
1 5 842
0
2 1 833 12 775
0
0
1 6 843
2 4 746 8 752
2 3 825 11 822
0
0
2 2 868 13 844
0
2 9 818 15 815
0
0
0
0
0
1 1 932
0
8 2 765 3 780 4 811 5 835 14 813 15 809 16 839 17 753
0
0
0
0
0
0
0
0
1 5 838
0
0
0
0
1 6 786
1 7 855
1 8 852
0
0
0
1 6 821
5 2 794 5 803 6 788 8 837 9 827
3 4 829 8 865 10 858
0
0
2 3 810 11 853
3 6 805 12 888 13 846
0
0
0
1 6 894
0
0
0
0
0
0
0
0
0
0
0
0
1 6 912
0
4 5 856 7 857 8 918 12 906
1 10 790
0
3 2 831 8 826 13 801
3 8 862 14 832 15 915
0
0
1 1 903
2 7 869 13 884
0
0
0
0
4 3 820 16 823 17 867 18 859
1 8 895
0
2 14 861 15 885
0
4 2 854 9 866 15 860 19 893
1 8 887
2 8 902 15 914
0
0
0
0
0
1 7 880
2 4 863 5 904
0
2 9 881 11 840
3 3 836 16 849 20 847
0
0
0
0
1 6 851
0
0
0
0
0
0
2 5 878 6 910
0
0
0
0
0
0
0
0
0
0
2 8 873 11 876
1 1 907
0
0
1 9 927
0
0
0
0
0
6 1 864 3 875 12 886 13 913 14 882 15 934
0
0
0
0
0
1 8 879
0
3 2 872 6 874 8 870
0
2 7 892 8 966
0
0
1 3 883
0
0
0
1 8 899
2 2 898 9 952
0
2 1 889 4 900
2 5 908 6 933
0
0
4 3 890 10 901 12 950 13 949
0
2 6 964 14 953
0
2 8 928 15 909
0
0
0
0
0
0
0
0
1 5 930
1 6 940
3 4 917 8 924 9 955
0
1 8 978
0
0
0
0
0
0
0
0
1 4 973
1 5 939
0
0
0
0
0
0
0
0
0
0
0
0
7 1 891 3 921 6 929 7 951 8 971 9 944 10 896
0
0
0
1 2 916
0
0
0
2 2 923 5 962
0
0
0
0
0
0
4 1 920 7 905 8 919 11 942
1 8 992
0
0
0
0
0
0
0
0
0
0
0
1 3 935
0
0
1 6 943
0
0
0
0
0
0
0
0
0
2 1 948 4 938
1 4 941
0
4 5 946 6 961 8 970 9 972
2 3 936 11 947
0
2 2 926 6 945
0
0
0
0
0
0
0
0
0
0
0
0
1 5 981
0
2 7 911 10 937
0
1 6 987
0
0
0
0
0
1 3 957
0
0
0
0
0
0
0
0
0
0
2 1 976 2 975
0
0
0
0
5 3 958 6 967 8 979 9 960 10 989
1 4 983
0
0
0
3 3 980 8 968 11 974
1 2 991
0
0
2 5 995 8 986
0
0
0
0
0
0
0
2 2 954 7 959
0
0
2 3 982 9 993
0
0
0
0
0
1 3 990
1 3 997
2 1 996 12 998
0
2 6 969 13 985
0
0
0
0
0
0
0
0
0
0
0
0
0
1 5 999
0
0
0
0
0
0
0
0
0
0
0
0
1 1 977
0
0
0
1 2 963
0
0
0
0
0
0
0
1 1 994
0
0
0
0
0
0
0
0
0
0
0
0
0
0
0
0
0
0
0
0
0
0
0
0
0
0
0
1 1 988
0
0
0
0
0
0
0
0
0
0
0
0
0
0
0
0
0
0
0
0
0
0
0
0
0
0
0
0
0
0
0
0
0
0
0
0
0
0
0
0
0
0
0
0
0
0
0
0
