20 1 26 2 6 3 3 4 55 5 39 6 4 7 1 8 7 9 63 10 60 11 50 12 11 13 36 14 46 15 41 16 9 17 18 18 5 19 112 20 73
2 7 31 20 97
0
0
2 8 19 16 152
0
1 11 35
1 17 34
2 2 24 16 29
0
0
1 8 72
2 11 121 15 8
1 11 78
0
2 4 49 12 77
1 13 92
1 11 93
1 8 44
0
0
0
0
0
1 7 25
1 1 28
0
4 5 37 6 79 10 40 14 32
2 6 86 19 58
3 4 91 18 87 19 48
1 20 12
1 20 56
0
2 8 57 17 189
0
0
3 3 59 12 38 19 149
0
2 2 45 5 186
1 2 132
1 14 158
0
2 11 145 19 16
1 4 133
4 6 131 7 27 15 117 18 128
0
0
2 9 162 18 124
2 6 69 20 191
3 6 120 16 108 19 167
3 1 54 7 70 8 105
1 5 204
2 5 116 18 123
0
1 12 51
1 2 135
0
2 6 42 20 227
2 17 155 20 33
2 12 110 15 118
0
2 9 99 16 164
1 18 248
1 8 175
2 4 136 10 43
4 3 80 7 82 11 147 13 115
0
0
2 10 140 15 221
4 6 74 10 2 14 219 18 168
1 19 71
1 15 151
0
1 8 276
2 13 239 15 68
3 5 205 15 144 19 62
0
3 3 106 4 95 20 107
1 19 249
2 7 141 10 75
2 12 17 13 13
0
0
4 2 111 3 81 6 197 15 157
1 2 247
1 19 264
1 10 103
2 9 252 18 172
1 1 94
2 4 76 13 119
1 20 64
3 11 171 15 160 18 178
0
1 18 199
1 10 113
1 15 187
3 2 281 8 224 19 232
2 8 312 17 52
0
1 6 210
1 6 270
2 6 311 19 176
3 5 202 11 211 13 327
2 14 183 16 220
0
1 2 359
3 1 138 6 161 19 416
0
1 11 302
5 4 90 6 139 8 215 9 297 20 306
2 19 307 20 422
0
1 14 206
0
2 15 318 20 126
1 20 114
3 12 104 15 137 17 353
0
0
3 6 143 13 330 16 159
0
4 7 200 10 173 14 320 19 333
1 11 341
1 10 208
3 8 310 19 260 20 166
2 2 406 8 439
1 18 233
0
1 3 88
1 1 142
1 14 194
1 5 83
1 5 89
2 7 225 8 229
2 15 256 17 214
0
1 11 185
3 1 154 6 184 11 216
2 11 188 20 345
2 11 134 12 280
2 6 196 11 343
1 19 268
1 19 338
2 13 304 15 411
1 6 207
1 6 223
2 4 148 10 180
1 16 240
2 12 378 13 436
0
0
0
1 18 383
1 14 209
2 5 96 10 201
0
0
0
0
1 8 491
2 4 212 8 468
2 5 125 10 294
3 2 358 9 373 11 352
0
0
1 19 428
1 19 448
1 17 228
0
0
0
2 19 515 20 498
3 3 174 6 253 20 181
0
0
0
0
0
3 8 222 14 516 20 485
1 15 598
2 4 237 11 529
1 7 278
3 8 234 10 243 20 382
3 8 245 12 290 18 542
0
1 12 321
1 5 203
1 4 295
0
3 6 277 8 293 11 331
0
1 1 213
2 9 251 19 495
1 2 366
3 11 387 16 385 20 384
2 5 258 11 298
2 3 271 14 179
1 7 262
0
0
0
2 3 273 15 282
1 12 374
1 20 241
0
1 17 272
1 13 432
0
3 3 255 15 296 20 493
1 15 620
2 15 597 18 572
3 12 621 15 563 19 509
1 12 645
1 10 244
4 5 275 6 269 7 274 10 354
0
3 11 305 16 526 20 514
1 2 672
0
0
1 3 351
3 10 357 12 624 13 668
2 12 328 17 644
1 14 246
2 5 372 9 279
2 1 217 6 231
3 5 257 6 289 16 284
2 6 344 19 356
2 6 363 18 388
0
0
0
1 10 670
1 4 557
0
0
1 8 386
2 11 347 19 744
3 7 395 12 301 13 286
1 8 440
1 2 667
2 4 731 17 649
1 11 688
1 11 470
1 15 637
1 17 636
0
0
1 15 704
0
1 12 364
2 4 805 19 820
1 20 720
1 20 652
3 3 743 6 828 19 761
0
1 17 813
1 11 734
3 2 299 14 315 16 292
0
1 19 287
1 12 396
0
2 5 303 9 323
2 1 261 2 326
0
2 11 746 18 769
1 6 836
1 6 728
1 6 896
3 3 592 6 894 8 845
2 6 789 8 795
0
2 13 336 16 889
0
0
1 3 236
2 16 788 18 238
1 15 898
1 10 739
1 19 375
0
1 8 888
0
1 10 807
1 6 861
3 6 862 11 109 18 960
3 2 377 4 362 14 837
2 2 420 6 465
1 12 566
0
2 17 65 20 701
1 20 127
2 7 402 13 403
0
0
0
2 8 929 13 941
2 5 379 8 329
1 15 421
0
2 1 266 4 322
0
2 18 444 20 897
1 11 182
0
0
0
1 8 369
1 20 230
1 13 887
1 6 993
3 3 334 6 300 15 880
2 15 908 19 399
1 2 923
1 6 460
2 6 380 17 288
0
1 13 100
2 9 423 15 361
2 11 192 16 355
0
1 10 226
1 19 165
0
1 15 875
1 18 539
0
1 2 325
1 5 934
1 6 412
1 7 482
2 8 429 17 409
1 8 392
1 11 506
0
1 12 799
2 12 177 15 647
3 10 250 13 317 20 30
1 20 881
3 4 408 12 122 13 263
1 15 324
4 6 20 14 985 15 101 18 555
2 1 283 6 316
3 9 291 15 309 20 501
1 12 319
0
1 8 413
1 5 791
1 11 153
2 16 146 19 156
3 8 939 11 558 14 169
1 19 435
3 5 235 13 437 16 523
3 3 346 8 47 18 85
1 15 340
1 5 367
1 11 981
0
2 8 259 16 603
1 18 14
2 4 427 19 471
2 8 418 14 478
0
1 11 930
4 8 314 9 489 15 534 19 22
5 1 339 5 308 8 360 17 335 18 102
2 5 368 11 130
2 8 389 12 84
2 10 332 13 53
2 2 376 10 190
1 19 10
3 4 394 6 417 8 66
0
0
2 11 544 20 67
2 7 511 8 129
0
0
0
2 4 398 12 451
1 18 986
2 6 496 19 370
2 6 414 10 940
1 13 512
0
0
1 15 564
2 11 571 16 629
0
1 8 634
2 2 193 8 98
0
3 1 391 5 390 20 463
0
1 10 393
1 19 198
2 6 313 11 350
4 5 431 6 443 17 365 18 477
1 6 540
0
1 9 381
1 8 570
3 6 530 8 267 14 445
1 19 242
2 3 490 20 560
2 4 410 11 479
1 2 400
0
1 10 425
1 18 441
0
3 1 401 2 397 12 405
2 8 483 13 218
1 8 611
1 6 61
1 7 931
1 17 419
1 16 265
1 18 285
0
1 15 639
2 8 404 9 607
1 8 254
0
1 2 438
1 10 21
1 15 737
3 4 434 5 426 19 500
0
0
1 12 449
2 11 475 19 371
1 11 824
1 8 442
1 20 578
2 14 163 20 337
0
1 12 528
3 6 455 12 814 15 497
0
0
0
1 13 424
0
1 19 195
1 1 407
2 8 430 15 522
2 2 488 9 150
4 3 559 16 15 17 349 18 170
1 11 567
0
0
1 4 446
3 7 852 12 870 19 995
0
0
1 20 348
1 5 452
1 12 942
0
0
0
0
1 5 492
0
3 6 453 8 473 10 545
1 3 447
0
2 1 456 7 450
0
3 8 415 14 474 19 342
0
3 4 507 17 469 18 23
0
0
0
2 6 433 8 998
0
1 5 494
0
1 2 518
0
0
0
1 6 467
3 6 520 11 550 15 486
0
0
2 7 461 13 480
1 12 513
1 5 508
0
0
0
0
1 10 454
1 4 517
1 20 527
0
0
0
0
0
6 1 466 2 458 5 464 11 503 17 457 20 554
1 19 502
3 5 535 6 582 12 531
1 16 604
1 11 547
1 3 556
1 8 653
1 16 676
0
0
0
0
0
0
0
5 3 484 6 462 15 459 17 569 19 655
2 4 521 6 546
1 14 476
0
2 9 504 13 537
0
2 5 548 15 519
0
0
0
0
1 8 733
1 2 533
2 15 677 18 732
2 12 625 15 586
0
0
0
0
3 4 472 6 541 7 736
3 1 525 8 532 10 565
0
0
2 6 562 11 581
0
0
0
0
0
0
1 13 584
0
2 4 505 6 481
0
0
0
0
0
0
0
0
1 5 719
2 8 591 9 552
1 3 499
2 8 633 11 632
0
0
2 3 524 12 510
2 5 798 14 776
2 2 553 15 593
1 6 487
0
0
3 2 588 10 628 16 643
2 7 863 14 803
2 4 574 8 576
0
3 5 673 15 817 17 661
0
0
0
0
0
0
0
0
0
0
0
0
0
0
4 2 684 7 664 11 615 18 595
0
0
0
3 1 573 10 549 14 631
3 5 551 6 682 18 750
1 6 716
1 10 585
0
0
2 6 642 9 606
0
0
2 8 577 11 654
5 4 583 12 536 13 587 16 609 19 613
0
1 6 717
1 6 749
2 8 619 11 665
0
0
0
1 6 801
0
0
3 8 674 10 589 14 678
3 2 781 6 847 17 718
1 11 809
0
2 1 575 18 610
1 19 702
4 5 580 10 681 15 630 20 842
1 20 623
2 12 602 18 543
0
1 4 594
2 3 568 7 538
0
0
2 8 760 9 745
1 2 561
3 2 683 7 616 12 622
0
0
1 16 626
0
0
0
0
0
3 2 762 6 763 7 770
1 2 834
1 6 709
1 6 808
0
1 5 612
4 1 599 8 671 14 663 19 675
0
0
2 7 692 10 766
0
0
0
1 11 579
4 3 600 12 638 14 666 18 657
3 7 590 9 752 13 729
0
0
0
0
2 6 871 15 857
0
5 1 686 2 601 6 691 17 646 19 685
0
2 9 800 20 793
0
2 4 618 16 697
3 5 659 7 700 14 635
0
0
0
0
1 10 617
0
0
1 17 650
1 16 687
4 2 693 4 660 8 767 19 596
2 5 725 11 669
0
1 4 680
1 2 698
1 1 715
0
0
2 5 711 6 775
1 7 696
0
2 6 721 10 694
2 6 821 10 759
2 3 605 4 656
0
0
1 5 708
0
0
0
0
0
2 7 804 8 841
0
0
0
0
6 3 614 6 679 8 608 9 757 11 703 12 689
7 1 724 6 707 8 627 10 764 13 830 15 690 17 640
0
0
0
5 2 710 6 714 11 755 15 758 18 787
2 4 713 5 792
0
0
1 3 641
2 8 722 11 658
2 8 773 12 797
2 4 726 6 730
1 6 796
0
0
1 15 712
1 4 740
3 2 695 14 790 16 765
0
0
0
0
0
0
1 4 851
3 8 785 14 794 17 850
2 12 826 18 846
2 8 802 12 806
0
3 1 741 4 912 8 735
1 7 859
0
0
0
0
0
0
4 5 831 9 780 10 812 11 865
1 6 829
0
0
2 3 648 14 727
0
1 10 854
0
0
0
0
0
2 2 699 13 768
0
0
1 10 892
0
2 9 864 15 832
1 4 914
0
0
0
0
0
0
0
0
0
0
1 5 893
0
0
0
1 4 811
0
0
3 5 913 6 932 7 971
0
0
2 2 771 4 706
1 5 933
2 5 947 8 961
0
0
2 4 774 8 738
3 2 822 10 815 11 858
1 5 974
0
0
1 6 990
4 1 825 6 756 7 917 11 924
2 6 838 12 816
0
0
0
0
0
0
1 4 849
0
0
0
0
0
3 1 883 4 936 8 827
0
0
0
0
1 7 839
1 6 877
0
2 3 651 8 723
0
0
0
0
0
0
0
0
0
0
0
0
0
0
0
0
0
0
0
0
0
0
0
0
0
0
0
0
0
0
0
0
0
0
0
2 1 949 2 979
0
0
0
0
1 4 919
4 3 742 5 705 6 662 7 747
1 6 748
0
1 6 783
0
0
0
4 5 751 8 772 9 778 10 754
0
0
0
0
0
1 1 810
0
0
0
2 2 786 5 853
0
2 3 753 6 823
0
0
0
0
0
0
0
0
0
2 3 779 4 835
3 6 872 8 777 10 784
0
0
1 6 873
2 6 911 11 950
1 4 878
0
0
0
0
0
0
0
0
4 3 819 6 869 8 867 12 782
0
0
0
0
2 6 860 10 840
0
0
1 5 927
1 4 876
5 2 843 6 844 7 879 8 962 9 818
0
0
0
0
0
3 2 882 10 855 12 910
0
0
0
0
2 1 891 4 958
1 6 890
0
0
0
0
0
1 6 968
0
1 5 954
1 4 996
2 2 902 5 918
0
0
0
0
0
0
0
3 3 833 6 895 8 874
2 1 885 7 955
0
0
0
2 1 965 11 969
0
0
0
1 4 868
0
0
4 3 856 10 848 12 903 13 866
0
0
1 9 905
0
1 5 964
1 5 977
2 6 926 8 982
2 1 945 10 992
0
1 6 978
0
0
0
3 2 906 6 987 14 907
0
0
0
0
0
0
0
1 3 884
0
0
0
0
0
0
0
0
1 1 957
0
0
2 3 899 4 886
0
0
0
0
0
0
0
0
0
0
2 3 900 5 904
0
0
0
0
0
0
0
4 2 925 6 935 7 948 8 972
3 2 938 9 928 10 967
6 3 901 11 915 12 921 13 970 14 952 15 991
1 6 980
0
0
0
0
0
0
0
0
0
0
0
5 1 946 2 922 4 937 5 909 6 953
0
0
0
0
0
0
0
0
0
0
0
0
0
0
0
0
0
2 4 984 6 997
1 2 944
0
0
0
0
0
0
0
0
0
0
0
0
4 3 920 6 956 8 951 10 916
0
0
2 1 975 4 976
1 5 983
0
0
0
0
0
0
1 6 989
0
0
1 7 966
0
0
0
0
0
0
0
0
0
0
2 4 943 5 1000
0
2 3 963 6 973
0
0
0
0
0
0
1 1 959
0
0
0
0
0
0
1 2 988
0
0
0
0
1 3 994
0
0
0
0
0
0
0
0
0
0
0
0
0
0
1 2 999
0
0
0
0
0
0
0
0
0
0
0
0
0
0
0
0
0
0
0
0
0
0
0
0
0
0
0
0
0
0
0
0
0
0
