20 1 133 2 3 3 8 4 113 5 24 6 39 7 132 8 117 9 254 10 15 11 26 12 72 13 17 14 19 15 93 16 301 17 116 18 290 19 369 20 54
1 18 323
0
0
1 13 311
0
1 11 169
1 17 23
1 7 208
0
0
0
0
1 5 448
1 14 91
1 14 233
0
1 20 123
0
1 6 115
0
3 3 41 15 119 18 64
3 3 65 7 175 15 51
2 11 107 14 121
1 14 503
1 13 240
0
2 4 141 8 159
1 8 202
0
0
1 7 197
3 1 6 2 230 16 7
1 20 218
1 9 47
1 8 266
0
2 3 162 20 14
0
0
0
0
1 16 83
0
1 15 128
2 14 402 15 310
0
0
2 7 209 15 370
2 7 333 15 439
4 6 46 9 127 10 97 18 56
2 2 276 20 87
0
2 4 148 16 211
0
0
1 17 59
2 11 98 13 84
2 11 406 12 42
0
1 4 151
2 7 135 20 401
0
2 8 313 19 513
0
2 1 99 5 508
2 10 417 11 411
2 3 244 20 353
0
2 11 194 15 515
1 2 288
0
1 7 179
0
0
1 4 250
1 3 334
0
1 8 584
2 2 381 18 120
0
1 1 110
1 9 186
1 17 547
0
1 7 487
3 1 178 14 292 16 595
1 6 100
1 8 92
0
0
0
0
0
2 9 234 18 155
1 2 481
0
1 12 389
2 13 177 15 470
2 15 447 20 544
2 5 203 18 572
0
0
0
2 2 387 11 68
2 7 492 11 185
1 16 482
2 12 172 15 163
1 8 190
1 14 344
3 3 422 7 590 16 160
1 13 20
1 4 368
1 7 600
3 7 578 12 176 20 671
1 7 308
0
1 4 241
1 15 37
2 3 336 19 307
1 8 280
1 17 588
1 3 700
3 8 295 9 358 20 298
0
1 3 504
1 4 340
0
0
1 7 312
1 5 229
0
1 6 192
2 6 227 10 440
1 7 320
4 1 223 7 395 8 541 16 166
1 7 400
0
0
1 20 337
2 4 576 18 495
2 11 365 19 165
0
0
0
0
1 7 709
4 3 366 9 554 16 109 17 602
0
2 5 321 8 193
2 7 204 8 663
2 2 407 7 477
0
1 15 512
0
1 20 408
2 7 58 8 62
3 4 418 7 583 14 378
1 12 188
0
0
3 2 222 8 777 19 44
1 7 596
1 7 603
0
1 7 531
0
3 1 247 15 755 17 85
0
2 11 36 13 73
1 6 245
1 9 427
0
0
1 18 532
2 2 232 8 662
1 14 343
0
0
1 11 88
0
0
1 7 601
0
1 5 396
1 7 764
3 7 189 8 787 16 630
0
0
1 15 712
2 4 456 8 428
2 7 199 19 76
3 15 461 16 714 20 683
0
0
1 3 451
0
0
0
1 8 706
1 20 708
0
1 8 725
3 8 476 10 48 20 810
1 19 137
1 15 509
2 11 574 15 129
1 11 648
1 5 734
0
2 3 145 14 114
0
1 15 361
1 6 326
2 7 82 13 759
0
1 18 579
0
0
4 1 255 4 458 12 322 13 246
1 17 678
0
1 16 45
1 8 523
1 8 609
1 19 561
0
0
2 7 106 20 594
2 6 423 7 182
1 9 685
0
0
1 15 437
0
2 8 656 18 12
0
1 19 775
1 1 284
1 2 262
2 3 738 18 826
1 5 722
3 11 332 12 660 15 281
1 13 252
1 7 265
1 4 474
1 11 346
0
0
0
0
1 2 184
0
1 14 191
0
0
1 18 794
4 8 715 10 667 18 548 20 569
1 4 484
1 7 291
2 2 328 7 236
0
1 3 676
1 16 60
1 14 239
2 3 287 14 723
2 11 446 18 9
1 15 367
1 5 780
0
0
0
0
1 8 739
2 8 743 20 473
1 1 285
0
0
1 17 728
0
1 19 735
1 7 756
3 3 318 7 746 17 168
3 7 865 12 796 14 63
2 3 809 18 496
2 4 293 13 413
2 7 711 8 1
2 7 18 8 664
1 13 782
1 15 392
1 7 517
0
0
2 15 436 19 769
4 5 854 7 49 15 567 20 763
3 7 124 14 104 16 497
2 9 744 13 243
1 7 217
3 2 385 5 820 7 640
0
2 4 324 10 670
1 3 828
1 7 902
2 8 485 11 556
0
3 4 438 6 404 17 226
0
1 7 238
0
1 4 536
3 4 534 8 622 18 909
2 1 374 8 719
0
1 15 605
0
1 13 304
1 14 213
2 6 453 8 770
1 12 131
1 7 345
2 3 885 7 242
1 2 454
1 12 61
0
2 5 785 8 835
1 8 416
0
2 3 382 11 762
0
0
1 7 612
2 7 821 9 935
0
0
2 8 771 20 105
0
0
1 20 797
1 4 577
1 9 331
1 7 837
1 15 327
1 18 118
1 8 840
0
1 6 505
2 12 888 20 877
0
1 2 462
2 8 466 14 264
4 1 471 9 628 10 871 19 616
3 4 585 7 650 18 922
2 3 666 7 475
1 15 221
1 13 379
0
0
2 3 742 17 249
1 12 480
2 3 751 20 635
0
0
0
1 13 275
2 1 490 18 507
0
0
1 18 575
0
0
0
1 19 535
1 4 673
2 4 668 7 478
0
2 5 867 16 519
0
1 4 200
3 8 645 9 491 18 626
1 11 348
0
1 18 125
1 10 53
2 11 693 18 371
0
1 3 813
0
3 8 677 12 278 17 158
2 15 316 20 758
2 6 520 13 754
1 18 745
1 11 258
0
0
1 14 303
0
1 10 721
1 5 611
0
2 7 540 15 394
0
1 12 283
0
1 9 552
2 3 829 6 555
3 2 511 12 219 20 297
2 13 67 17 850
1 11 201
0
1 8 703
0
1 5 727
2 8 747 18 690
1 1 539
1 8 750
0
1 16 546
0
1 7 551
1 8 81
0
1 4 856
0
1 4 942
2 8 883 15 582
2 3 870 8 138
0
3 2 604 4 430 15 818
1 15 231
1 19 90
1 15 570
2 8 970 15 559
0
1 3 880
1 8 606
0
2 4 489 15 891
1 5 861
1 15 432
3 6 784 11 845 20 882
0
1 10 216
2 12 651 18 832
2 8 282 19 28
2 7 573 9 52
1 11 698
0
1 13 146
1 4 873
2 5 315 14 811
0
1 13 623
0
0
0
3 11 788 15 214 18 351
0
1 3 483
2 2 642 6 286
1 7 629
0
1 4 581
0
0
0
2 1 562 20 565
0
2 10 501 12 903
0
0
2 8 627 17 16
0
4 9 597 11 270 14 309 16 50
0
0
1 20 220
0
2 7 729 18 142
0
0
0
3 9 825 13 772 15 894
1 7 732
0
0
0
0
1 5 319
0
1 3 889
0
2 8 684 19 355
0
1 7 733
0
0
0
0
1 7 816
1 14 425
1 20 765
0
1 6 79
0
0
0
0
0
1 2 687
0
3 10 608 11 452 12 259
4 4 269 5 950 11 637 12 610
1 17 397
0
0
2 7 434 10 791
1 7 886
2 5 947 7 524
1 4 653
1 7 636
4 7 868 8 680 15 349 17 557
4 4 335 8 279 12 776 13 615
1 18 43
2 7 990 11 931
3 8 22 13 11 15 372
5 1 641 7 661 8 917 9 587 16 761
1 7 69
2 4 329 7 306
1 8 443
2 5 426 7 450
1 15 906
1 8 644
1 15 632
1 12 542
0
3 10 836 17 147 20 70
2 7 486 11 363
3 1 654 3 694 4 918
1 7 257
1 18 659
3 8 992 9 915 13 80
0
1 3 778
0
0
0
1 5 757
0
1 19 967
1 7 930
0
1 1 737
0
2 10 752 14 506
4 7 741 11 545 15 624 16 463
0
1 4 749
1 2 760
2 7 183 8 5
1 8 699
1 13 911
1 12 686
0
1 20 170
1 14 325
0
1 7 143
3 5 399 9 966 18 71
1 4 954
1 6 341
3 3 801 10 768 15 827
1 19 852
0
1 11 342
0
0
0
1 17 260
1 4 433
0
1 18 152
1 20 717
1 8 658
1 13 807
0
0
1 7 695
2 5 898 15 913
1 16 412
1 9 701
0
0
1 14 514
0
0
1 11 364
1 8 681
0
2 1 773 15 805
1 5 957
1 12 928
3 3 823 6 842 20 77
0
1 4 460
1 19 948
1 2 804
1 18 649
1 7 30
0
0
1 3 875
0
0
0
0
3 8 851 13 157 20 766
0
0
0
2 2 859 17 887
0
0
1 7 860
2 3 467 4 139
1 15 895
1 15 926
1 19 983
2 9 296 12 831
0
0
1 1 812
0
2 10 789 11 802
3 7 455 8 841 18 798
0
0
0
3 5 330 14 620 16 207
0
1 13 643
1 2 924
0
1 6 866
1 17 849
0
0
1 8 982
0
2 3 806 7 571
0
1 20 352
0
0
0
0
1 15 940
0
0
0
1 4 614
0
1 8 373
0
2 10 822 13 181
1 11 834
1 11 740
1 11 472
0
0
1 7 863
2 7 621 12 516
2 7 493 11 479
2 6 362 7 869
3 7 195 11 646 12 702
2 7 665 9 527
1 7 800
3 7 415 9 498 15 697
4 7 774 11 251 15 386 19 833
4 7 896 12 314 15 29 18 974
4 6 905 7 31 11 593 15 549
3 7 726 9 980 18 633
2 5 224 7 111
1 7 419
2 7 568 11 943
1 14 944
2 9 977 15 537
2 3 494 8 779
2 8 112 12 96
1 18 946
1 3 522
2 8 848 14 591
3 6 271 11 981 16 799
4 7 688 9 302 11 525 19 682
4 7 718 11 864 14 500 15 388
4 5 134 8 409 11 441 18 892
5 5 934 9 961 11 13 12 405 20 839
1 1 838
1 7 844
2 3 959 8 618
4 3 925 4 858 7 881 11 669
3 4 429 6 731 15 377
2 8 638 17 533
1 2 465
1 8 904
2 14 538 20 393
1 7 853
1 16 375
2 5 4 12 997
1 9 261
0
1 19 795
2 1 843 18 435
2 7 156 17 819
2 7 855 10 914
0
5 2 347 6 248 8 272 13 421 14 390
3 9 753 11 75 15 66
1 11 1000
1 11 672
2 4 140 16 526
0
1 5 350
2 11 167 15 631
1 8 206
3 12 38 18 973 20 890
1 14 958
0
3 4 237 6 529 17 639
1 13 919
2 2 21 15 449
3 10 403 14 338 15 32
1 9 999
0
1 4 613
2 8 847 15 74
1 19 720
2 11 267 16 294
1 6 817
0
0
0
1 3 993
7 2 94 5 40 10 589 12 962 13 187 18 101 20 339
1 4 174
1 3 713
1 15 986
2 8 144 17 564
0
2 8 716 11 86
1 4 253
3 6 884 7 180 14 724
0
0
0
0
2 8 907 9 874
1 1 862
1 13 897
0
0
2 8 932 18 149
2 3 808 19 984
2 2 560 15 464
0
2 8 171 16 675
2 3 781 11 410
1 17 383
3 5 599 7 391 14 277
0
1 7 912
1 9 929
1 20 317
1 4 580
1 12 730
0
1 18 103
1 15 196
2 8 598 10 968
0
2 3 95 11 634
0
0
0
0
2 5 941 7 356
0
0
2 13 910 15 354
0
1 20 748
2 8 857 14 937
0
1 16 161
0
3 4 424 7 33 19 558
0
1 18 55
1 2 996
1 6 89
1 11 908
2 3 803 7 920
0
2 1 876 8 900
1 1 951
1 12 952
3 5 921 7 607 9 442
1 8 459
1 15 815
1 20 256
0
0
2 11 987 14 707
3 4 553 7 198 17 215
0
3 5 933 10 939 13 679
0
1 15 786
1 5 901
1 18 691
1 8 792
0
2 2 2 3 945
0
0
2 7 972 12 360
1 7 205
1 16 949
0
1 8 830
1 1 978
0
0
2 5 991 9 960
3 6 995 7 130 13 617
2 10 994 15 274
1 11 228
0
1 7 985
2 19 225 20 964
2 1 57 13 468
0
1 8 976
1 17 879
1 4 988
2 7 521 14 502
1 18 273
0
0
0
0
1 3 927
0
1 5 510
1 8 357
2 15 893 20 150
0
1 11 704
0
0
0
0
1 7 965
0
1 2 899
1 18 846
1 9 655
0
0
1 3 783
3 4 998 12 108 16 305
4 8 457 10 380 11 767 13 444
1 7 210
0
1 6 878
0
0
0
1 1 212
2 15 25 20 384
0
0
1 5 153
0
0
0
1 14 790
0
0
2 17 376 19 300
1 18 35
0
1 3 971
1 8 164
0
0
1 11 499
0
0
1 13 647
1 15 528
1 7 27
0
0
0
2 2 963 18 550
0
0
1 9 263
0
0
1 12 299
1 4 469
0
0
3 5 692 6 689 20 652
2 7 518 16 10
0
0
3 1 431 8 268 15 530
1 10 936
0
1 3 793
0
0
0
1 11 955
1 14 592
1 19 566
0
0
0
0
0
2 4 78 7 989
0
0
1 20 488
0
1 8 923
0
2 17 956 18 969
0
0
0
0
0
0
3 9 359 13 975 15 736
1 5 953
0
0
0
0
0
0
1 3 235
2 7 938 11 586
0
0
0
0
1 4 696
0
1 2 625
0
0
1 12 824
0
1 14 657
0
3 6 136 7 126 8 414
0
1 16 445
4 10 173 18 398 19 916 20 563
2 1 619 15 122
0
0
0
1 4 814
0
0
1 7 979
0
0
0
0
0
0
0
0
1 17 289
0
1 8 154
1 9 420
1 3 872
0
0
2 5 543 7 705
1 13 102
0
0
0
1 11 674
0
0
0
0
1 14 34
1 20 710
0
0
0
0
0
0
0
0
0
0
0
0
0
0
0
0
0
0
0
0
0
0
0
0
0
0
0
0
0
0
0
0
0
0
0
0
0
0
0
0
0
0
0
0
0
0
0
0
0
