20 1 35 2 20 3 13 4 46 5 19 6 17 7 5 8 50 9 69 10 2 11 114 12 21 13 163 14 170 15 48 16 211 17 243 18 255 19 3 20 16
2 1 30 5 314
0
0
0
0
1 5 334
1 20 308
1 19 12
2 8 23 10 413
1 2 39
0
2 7 421 8 467
0
2 16 502 19 470
0
5 3 36 6 122 9 498 11 524 16 518
0
1 10 475
2 12 96 15 549
0
0
0
0
0
0
2 15 574 19 456
0
0
1 16 543
0
1 8 534
3 1 565 11 614 20 577
3 7 668 12 663 16 703
1 16 709
3 5 572 10 728 16 677
1 7 734
0
2 8 566 9 632
1 14 795
0
1 13 849
1 5 774
1 4 815
0
2 1 622 17 904
0
1 19 916
0
1 3 78
0
1 2 947
0
1 5 843
1 8 948
1 17 949
0
0
3 7 979 12 910 13 913
0
2 9 579 15 784
0
2 2 651 11 740
1 14 972
1 19 989
0
1 16 47
0
1 6 601
3 5 484 14 103 18 31
1 10 14
0
1 14 193
0
1 13 197
0
0
0
1 9 962
0
1 3 106
2 5 7 16 10
2 16 29 18 80
1 19 33
0
0
0
1 5 32
1 8 6
3 1 669 13 697 20 18
0
1 14 4
0
0
0
2 1 768 16 28
2 2 26 16 25
2 4 104 19 42
0
1 7 9
1 16 51
1 2 44
0
1 17 58
2 5 64 20 100
3 2 49 3 43 6 11
3 2 57 15 41 16 1
2 1 37 2 40
1 11 27
0
0
1 2 8
0
0
1 5 22
0
0
0
0
0
0
0
4 5 52 8 24 9 45 12 70
1 17 53
1 16 15
1 13 66
4 10 55 11 73 16 63 19 89
1 16 38
1 14 72
0
0
3 3 68 8 65 16 59
0
0
0
2 1 108 11 75
1 10 79
0
0
0
1 2 81
2 2 105 8 87
1 4 199
1 7 107
0
0
2 3 90 11 76
0
0
0
0
0
1 4 34
0
5 5 74 6 83 13 133 14 54 15 61
0
0
0
0
0
0
0
0
0
0
1 1 141
1 2 113
3 3 152 8 56 12 71
0
0
0
0
0
1 5 160
2 5 93 7 117
0
2 9 135 11 92
0
3 3 62 4 109 13 102
0
2 8 84 10 60
2 12 164 14 98
0
0
1 2 129
0
2 5 125 16 101
0
0
0
1 2 256
0
4 9 77 12 67 15 91 17 82
0
0
0
0
0
0
0
0
1 2 99
0
0
0
0
2 1 86 3 148
0
2 4 123 5 140
0
1 5 198
0
0
0
0
0
2 5 88 6 85
3 1 138 5 128 8 111
1 5 131
0
2 3 115 9 126
0
0
2 2 127 5 142
3 2 97 7 137 9 95
0
2 4 178 12 175
0
4 9 120 13 118 14 136 16 110
0
0
0
0
0
1 6 94
0
0
1 10 112
1 11 119
0
0
0
0
0
4 3 156 12 150 13 132 14 130
0
1 2 116
1 6 177
0
0
0
0
4 9 174 11 153 15 161 16 124
0
1 8 205
1 4 272
0
5 1 179 3 154 13 224 16 144 17 151
0
0
2 2 212 18 121
1 16 176
0
0
0
1 1 208
0
0
0
0
2 2 158 5 145
0
0
0
0
0
0
0
0
0
1 4 157
0
0
0
0
1 2 187
0
1 1 210
1 3 159
0
0
2 6 244 7 188
0
0
0
0
0
0
3 8 134 9 171 10 139
0
1 4 169
6 5 155 11 173 12 181 13 183 14 149 15 185
0
5 3 184 4 204 5 167 16 165 18 172
0
3 5 143 10 196 19 182
0
0
1 2 260
0
0
0
0
1 17 229
0
2 11 222 19 246
0
0
0
0
0
0
0
0
0
2 9 237 15 252
0
0
0
0
0
2 1 146 4 162
0
0
0
0
3 4 168 7 180 8 186
0
1 5 147
1 2 301
0
0
2 1 228 6 241
2 4 249 10 254
0
0
1 5 166
0
1 11 288
0
0
0
1 11 333
0
6 3 191 5 203 12 190 13 216 15 209 16 195
0
1 6 353
0
0
0
0
0
0
3 4 189 5 225 7 201
0
1 10 247
0
0
0
0
0
0
0
0
1 2 223
0
0
0
0
0
0
0
6 3 207 5 192 7 218 8 231 9 262 10 194
1 5 253
0
0
0
1 1 267
0
0
0
0
0
0
0
0
0
0
0
0
0
0
0
0
1 2 290
1 5 242
0
1 3 227
1 4 230
0
0
0
0
1 3 302
0
0
0
0
0
0
0
2 6 220 7 279
0
0
0
0
0
0
0
0
0
0
1 2 281
0
0
1 2 319
0
0
1 1 289
3 2 200 4 215 5 258
0
0
0
4 2 213 6 202 8 214 9 239
0
0
1 5 259
0
0
0
1 1 293
0
5 3 206 6 234 7 291 10 217 11 235
0
4 2 226 12 263 13 233 14 280
0
1 9 269
1 5 355
1 5 450
0
3 7 219 8 251 15 248
0
0
1 9 296
0
1 13 261
0
0
0
0
0
2 8 315 9 270
2 11 325 13 264
0
0
0
0
0
1 5 454
0
1 6 232
2 4 238 7 318
0
0
0
0
2 2 240 8 283
2 11 316 12 276
0
0
0
0
0
0
3 1 236 6 265 14 266
1 9 285
2 2 274 15 268
4 3 221 8 273 16 299 17 297
0
0
0
0
1 16 323
0
0
2 5 282 9 363
0
0
1 10 300
0
0
0
0
0
1 4 313
5 3 250 4 271 5 347 10 275 14 294
0
1 9 287
0
1 2 286
0
0
0
0
0
2 6 307 12 341
0
2 7 327 13 358
0
0
0
0
0
0
0
0
4 5 324 8 330 11 405 16 338
3 1 284 18 245 19 326
0
2 3 257 20 304
0
0
1 2 292
2 6 310 13 402
0
0
0
0
0
0
0
0
0
3 3 277 8 306 9 321
0
5 2 298 10 317 11 311 13 346 14 278
0
0
1 12 342
0
0
0
0
0
0
2 9 367 15 415
2 4 295 5 305
0
1 7 395
0
2 5 370 8 322
0
0
0
0
0
3 4 320 5 372 16 344
1 2 356
0
0
0
0
1 9 328
2 1 349 10 303
0
0
1 13 312
0
0
0
0
0
0
0
0
0
0
1 2 329
1 4 339
2 3 309 6 337
0
0
0
0
0
3 8 357 9 362 11 394
1 5 429
2 1 335 2 332
0
0
1 5 361
0
0
1 5 364
1 8 401
0
2 6 350 9 406
0
0
0
3 2 381 5 391 10 375
0
0
2 6 392 12 376
0
1 5 491
1 2 389
0
0
0
0
1 5 430
0
1 4 359
0
0
0
0
0
0
0
0
0
0
0
0
3 1 369 4 366 5 345
0
0
4 3 331 6 377 7 404 8 460
0
0
0
0
1 4 383
0
0
0
0
0
1 2 411
4 6 417 9 469 10 384 11 422
0
0
0
0
0
1 4 486
0
0
0
0
3 1 378 5 371 7 434
4 3 336 8 351 9 354 11 379
0
0
2 6 435 12 479
0
3 1 385 2 388 7 390
0
0
0
0
0
0
0
1 7 516
0
1 1 446
1 2 407
0
0
0
0
0
0
0
0
0
0
0
0
1 1 365
0
0
3 1 380 2 409 5 420
0
0
1 9 403
2 8 374 10 373
6 3 343 9 340 11 398 12 432 13 360 14 472
0
0
0
0
0
0
0
1 2 458
0
2 5 348 6 352
3 5 445 7 425 9 428
1 5 464
0
0
0
0
0
0
0
4 1 441 4 400 5 419 11 397
0
0
0
0
0
0
0
0
0
1 9 492
0
7 3 368 8 410 11 387 13 382 15 443 16 396 17 412
1 2 525
3 1 414 10 393 18 473
0
0
0
0
3 1 424 6 416 19 442
2 2 439 10 427
0
0
0
0
0
0
2 3 426 5 399
2 5 440 14 468
0
0
0
1 5 447
0
2 8 463 9 555
0
0
0
2 3 474 10 452
0
0
2 7 433 12 471
1 2 461
0
1 3 476
5 4 408 9 418 11 437 15 478 16 496
0
0
3 6 462 16 508 17 537
0
0
3 3 485 8 482 16 504
0
5 13 453 16 444 18 423 19 438 20 386
1 10 512
3 4 431 5 493 15 455
0
0
1 5 480
1 3 580
0
0
0
1 5 451
0
0
3 1 448 3 466 5 550
0
0
0
2 2 582 5 573
2 9 449 11 536
0
1 4 501
2 11 630 14 545
0
0
0
0
0
0
2 10 490 13 511
0
0
1 2 617
0
0
0
1 8 489
1 7 436
0
1 6 494
0
3 4 530 14 541 16 570
5 8 506 12 488 15 514 18 521 19 483
1 16 657
0
0
0
0
0
1 3 546
0
0
0
4 1 457 16 513 19 505 20 660
1 19 529
0
0
2 10 520 17 527
3 3 558 5 523 19 717
1 14 548
1 12 510
0
0
0
1 2 624
0
0
1 5 481
1 5 509
0
0
0
0
4 3 540 5 517 6 600 9 594
1 11 575
0
0
0
3 7 459 12 465 13 487
0
0
1 11 603
0
0
1 8 526
0
0
3 4 533 14 561 16 615
0
0
0
0
0
1 2 532
0
0
2 1 495 10 515
6 1 528 3 576 16 554 17 552 18 503 19 578
2 5 604 15 583
0
0
0
0
0
0
0
1 5 678
0
0
0
0
0
0
0
0
0
1 2 776
0
0
0
0
0
2 3 519 4 531
0
0
0
0
0
0
0
0
4 2 500 5 477 6 559 7 497
4 2 507 8 522 9 585 10 593
2 5 567 8 544
1 5 584
0
5 1 535 11 551 13 592 15 589 16 620
0
0
0
0
0
0
3 1 547 8 538 12 499
0
0
1 13 613
0
0
2 2 542 14 704
0
0
1 5 640
0
0
0
0
0
2 1 569 3 553
0
0
0
0
2 3 564 6 560
2 7 597 9 586
0
2 10 557 11 563
0
0
0
0
0
0
0
0
2 4 568 13 556
0
1 7 605
0
1 4 623
0
2 8 588 15 539
0
0
0
0
0
2 2 591 16 571
0
0
0
3 5 619 8 602 11 598
0
0
0
0
0
1 6 647
0
4 2 562 12 596 14 607 17 595
0
0
0
4 1 599 10 608 18 587 19 634
3 1 606 16 612 20 627
1 3 590
0
1 11 626
0
3 13 610 16 616 19 581
0
1 5 646
0
2 7 629 13 638
0
1 8 625
0
0
0
2 9 652 10 644
2 2 637 5 648
3 3 635 11 618 16 621
2 11 642 18 681
2 8 650 16 645
0
0
0
0
3 4 628 12 661 15 693
1 8 664
0
0
0
0
1 2 649
0
0
1 8 639
0
2 10 633 13 611
0
1 2 744
0
0
0
2 1 609 19 631
0
0
0
1 6 729
3 2 742 15 714 16 789
0
5 1 641 2 636 4 673 19 658 20 656
1 17 680
1 13 829
2 3 654 4 674
1 20 653
0
1 5 684
0
2 3 682 5 685
2 3 699 4 707
3 1 662 9 671 14 670
3 11 676 16 698 19 696
1 16 718
0
1 2 643
2 9 675 18 689
0
0
0
1 12 665
0
1 4 688
1 8 686
1 9 687
0
0
3 7 655 16 679 17 723
0
0
0
0
0
2 5 719 6 749
0
0
0
0
0
0
0
0
3 1 667 4 666 5 706
0
1 2 746
2 4 701 8 722
0
3 3 683 10 692 11 735
0
0
0
0
3 9 691 12 745 13 702
2 5 783 14 731
0
0
1 6 770
0
1 3 747
0
0
2 7 700 12 659
0
0
0
0
0
0
0
0
0
0
0
0
0
0
1 2 838
1 3 711
0
0
0
0
0
1 1 672
0
0
0
0
3 4 759 6 695 8 754
0
1 5 793
0
0
0
0
0
0
0
0
2 5 805 8 827
0
0
0
0
1 2 798
0
0
0
0
0
0
4 4 705 5 732 7 726 8 739
2 5 796 9 831
2 4 715 10 710
0
1 2 818
0
0
7 2 712 3 713 11 750 12 716 13 822 14 841 15 909
0
8 1 690 2 727 8 737 16 753 17 762 18 720 19 802 20 741
1 7 736
0
0
0
0
0
0
0
0
1 3 738
0
0
1 8 758
1 5 763
0
0
0
0
1 5 787
0
0
0
0
0
0
1 5 788
0
0
0
0
0
2 2 781 6 794
0
1 2 757
0
0
1 8 721
0
0
3 2 769 4 761 10 857
0
2 1 694 11 708
0
0
0
4 6 777 7 792 9 826 12 876
3 3 743 13 775 14 780
0
1 5 821
0
0
0
0
0
2 11 730 12 765
0
0
4 1 725 15 764 16 773 17 748
0
0
0
0
0
3 1 756 5 801 13 778
1 5 806
1 8 724
2 15 800 18 863
3 3 766 19 799 20 817
1 13 791
0
2 3 786 8 772
0
0
0
1 2 779
0
0
4 5 771 8 853 9 852 12 884
1 7 888
0
0
3 1 785 13 803 16 851
0
0
1 4 820
3 6 797 8 868 14 834
0
0
0
5 2 782 3 846 7 833 17 848 18 807
0
0
0
3 11 733 12 823 15 854
0
0
0
1 2 790
0
0
0
1 10 877
0
0
0
0
0
0
4 2 837 3 869 10 870 14 828
0
0
2 5 809 13 844
0
0
0
0
0
0
0
2 1 808 3 859
0
1 4 842
0
0
0
0
0
0
0
0
0
0
0
1 5 814
0
0
0
0
0
0
0
0
0
0
0
0
0
0
1 2 855
0
0
0
0
1 5 864
0
0
0
1 3 751
2 3 752 6 825
0
3 4 861 7 865 8 915
0
1 4 900
1 1 816
0
0
0
0
0
4 1 830 5 880 7 896 8 885
1 5 967
1 5 995
0
0
0
0
1 2 903
0
0
0
0
0
0
0
0
0
0
0
0
0
0
2 2 897 4 977
0
0
0
0
4 3 755 5 767 6 850 7 810
0
0
0
0
0
0
0
1 6 867
0
1 2 760
0
0
1 3 819
0
0
0
0
0
0
0
0
0
0
0
0
1 5 856
1 5 858
0
0
6 1 832 6 881 7 839 8 874 9 866 10 945
0
0
0
0
0
0
3 2 811 5 804 9 840
0
0
0
0
0
0
2 3 845 9 892
4 5 813 11 883 12 878 13 890
0
0
0
3 1 862 3 891 13 927
0
0
0
0
0
0
3 2 812 4 871 14 835
0
0
2 6 901 15 887
0
0
0
0
2 3 898 8 908
0
0
0
2 2 824 9 889
2 5 847 12 873
0
2 2 836 13 875
0
0
0
0
1 7 895
0
1 3 919
0
0
0
0
0
0
0
3 1 922 7 928 11 905
1 9 935
0
0
0
0
0
0
2 2 902 3 886
0
8 5 879 6 860 7 893 9 894 10 939 12 872 13 882 14 911
0
0
0
0
2 5 906 11 933
0
1 8 946
0
0
0
2 4 920 9 899
0
3 1 926 6 930 16 973
0
0
0
2 5 907 7 936
3 3 912 17 917 18 955
1 12 970
0
0
0
2 1 931 3 921
1 13 959
1 14 957
3 9 964 15 993 19 961
1 17 925
0
0
0
0
0
0
7 1 914 2 937 5 950 6 956 12 929 16 944 20 976
0
0
0
0
1 6 982
0
1 8 997
0
0
0
1 12 978
1 2 953
0
0
0
0
2 4 932 10 923
0
0
0
0
1 3 954
0
2 5 941 11 938
0
0
2 10 940 13 951
0
1 4 943
0
0
0
0
0
1 2 969
0
2 5 996 14 985
0
3 7 952 8 990 12 965
0
0
0
3 9 994 15 988 16 991
2 1 918 7 974
0
0
0
0
0
1 4 960
0
0
0
5 1 924 3 963 5 980 6 942 8 958
0
1 5 1000
0
1 2 983
0
0
0
0
0
0
3 1 934 2 968 5 987
0
0
0
0
1 4 975
1 7 984
0
0
0
0
0
0
0
0
0
0
1 2 981
0
0
0
0
0
0
1 5 986
0
0
3 3 966 6 971 7 998
2 1 992 5 999
0
0
0
0
0
0
0
0
0
0
0
0
0
0
0
0
0
0
0
0
0
0
0
0
0
0
