20 1 18 2 82 3 28 4 26 5 61 6 51 7 16 8 264 9 186 10 43 11 7 12 2 13 254 14 302 15 8 16 387 17 405 18 451 19 563 20 540
0
0
1 16 597
0
0
0
1 3 566
0
0
1 7 632
0
0
0
2 1 728 17 761
1 13 807
0
1 10 867
2 3 840 11 897
0
1 13 821
0
0
0
2 13 847 15 873
0
1 4 29
2 1 582 19 659
1 17 787
0
0
3 13 688 16 842 20 872
1 8 30
0
3 2 823 9 1000 14 767
2 11 10 17 17
0
2 13 39 17 696
0
0
0
0
2 8 35 12 94
0
0
1 13 5
1 13 6
1 18 14
1 18 48
0
2 5 13 15 47
3 2 22 3 56 12 42
3 3 9 6 143 15 4
0
1 13 23
0
0
1 17 74
1 13 107
0
2 9 66 11 15
0
0
0
1 15 34
0
1 1 24
0
1 16 85
1 6 84
0
1 13 3
0
0
0
0
3 13 1 15 191 18 12
2 3 20 18 31
0
1 16 40
3 4 55 14 210 15 27
2 12 38 19 50
0
1 2 33
0
1 7 96
1 14 11
0
1 1 32
1 11 44
0
0
0
0
1 13 19
0
3 1 967 10 110 17 157
0
0
2 5 25 6 36
1 8 52
4 3 21 9 45 12 62 13 67
0
0
0
0
0
0
7 1 113 5 81 12 37 13 97 18 69 19 54 20 111
0
0
2 2 57 14 99
1 8 88
1 15 87
0
0
0
1 2 58
0
4 3 71 4 100 13 46 16 95
2 4 41 15 53
1 13 63
1 2 70
0
1 7 106
0
3 13 75 14 151 15 112
3 9 123 13 117 15 60
0
0
2 1 114 3 133
0
1 11 64
0
0
0
1 1 134
0
3 12 72 13 98 16 59
0
0
1 11 130
0
2 6 109 19 49
1 15 65
0
1 3 122
1 14 126
2 14 102 15 146
2 17 120 20 232
2 13 80 16 76
2 13 166 16 77
1 18 91
0
0
1 14 108
1 10 187
0
2 1 198 13 79
0
2 2 124 16 73
0
1 8 169
0
2 3 78 15 160
0
2 5 93 15 136
2 4 92 10 68
2 3 83 13 150
0
0
0
1 7 162
0
0
0
0
0
0
0
1 2 196
3 3 118 4 164 5 125
1 4 250
2 6 139 9 90
0
2 11 138 12 127
2 1 213 4 185
0
0
0
2 8 181 13 209
0
0
0
0
3 3 152 6 159 14 270
0
5 10 89 14 116 15 148 16 86 17 101
1 3 252
0
0
0
0
4 1 135 2 168 9 155 11 132
2 2 228 18 172
2 15 103 19 192
0
2 2 257 4 243
1 2 331
0
0
0
2 2 199 4 174
0
3 1 223 5 194 8 149
3 11 104 13 115 15 105
0
1 4 229
0
0
0
1 4 140
3 4 182 5 161 7 167
0
0
0
0
0
2 4 184 13 141
0
0
0
5 4 175 9 215 13 193 14 217 15 173
1 4 178
0
0
0
0
0
0
1 3 129
0
0
3 4 128 10 144 11 158
0
0
1 6 212
4 5 119 7 147 12 131 13 121
0
2 3 207 15 222
3 13 137 16 204 17 142
2 2 256 16 297
3 4 145 18 208 19 177
1 15 307
1 1 235
0
0
1 14 260
0
0
1 11 176
0
0
0
0
0
4 2 239 3 170 6 211 8 153
0
0
0
2 3 189 5 214
0
0
0
0
1 9 197
0
2 11 165 12 183
0
0
0
3 7 237 10 216 13 180
1 4 220
0
0
0
0
0
0
0
1 1 265
1 6 253
0
0
0
3 8 188 9 171 13 154
0
0
0
0
6 2 246 7 206 13 195 14 201 15 156 16 163
1 2 248
0
0
0
0
0
1 2 249
1 2 284
0
0
0
0
0
0
0
1 1 245
0
0
0
5 1 218 3 226 7 273 9 290 10 225
0
3 4 224 11 179 12 190
0
1 9 340
1 5 221
1 1 240
0
0
0
0
0
0
0
0
0
0
0
0
0
2 1 274 3 241
0
0
0
0
0
0
0
2 2 295 3 279
1 6 200
4 3 258 4 227 8 205 12 278
0
3 1 283 3 286 13 268
1 1 289
0
0
0
0
4 11 272 14 219 15 202 16 203
2 15 233 17 231
0
0
0
1 15 244
0
1 5 267
0
0
2 8 334 13 303
0
0
0
0
0
0
0
1 4 255
3 6 261 9 269 12 230
0
0
0
2 1 259 2 234
1 9 350
0
0
0
3 3 263 4 365 10 321
0
0
1 4 317
2 1 262 4 306
0
1 2 242
0
0
0
0
0
0
0
0
2 1 314 4 236
0
0
0
3 5 301 7 328 11 288
0
0
0
0
0
0
0
2 1 310 2 343
0
0
0
0
0
0
0
0
0
0
0
0
0
0
2 5 336 6 420
0
0
0
0
1 2 337
0
0
0
1 3 515
3 4 266 6 276 7 238
0
0
2 1 300 4 285
0
0
0
0
0
0
2 3 309 6 327
0
0
0
0
0
2 1 318 6 325
0
0
0
0
0
0
0
0
0
0
0
2 2 358 3 349
0
0
0
0
0
0
0
0
0
0
0
0
0
0
0
0
0
0
0
0
0
0
0
0
6 3 251 4 247 5 277 6 282 7 281 8 299
0
0
0
0
0
0
0
0
0
0
2 1 291 6 320
0
0
0
2 2 311 5 280
0
0
0
0
2 7 339 8 333
0
0
3 4 292 9 329 10 296
0
0
0
0
0
0
0
1 6 409
0
0
0
1 1 323
2 3 271 7 287
0
0
0
2 3 324 9 275
1 3 384
2 1 356 11 421
2 9 293 12 308
3 2 315 13 385 14 407
0
0
0
0
1 4 294
0
0
0
0
2 1 375 6 388
0
0
0
2 1 322 2 330
0
0
0
1 12 379
6 4 326 10 312 15 342 16 298 17 341 18 305
0
2 3 413 8 353
0
1 2 338
0
0
0
0
0
0
0
1 2 414
7 1 345 3 376 4 344 6 332 10 404 13 399 14 398
4 5 304 15 355 19 367 20 354
1 9 362
2 1 366 4 391
2 4 439 11 386
0
1 4 427
0
0
0
4 7 319 11 313 14 347 16 348
0
2 8 394 18 429
0
0
2 3 335 11 403
0
0
0
0
0
2 2 351 3 392
0
1 8 415
2 4 359 13 395
3 1 390 12 430 14 372
0
0
2 4 400 13 368
0
0
0
3 15 361 17 422 19 419
0
0
0
0
0
2 3 363 4 316
1 5 428
0
1 1 454
1 6 396
0
1 9 389
0
0
0
0
0
0
0
0
0
0
0
0
0
0
0
1 3 463
0
0
0
0
0
0
0
0
0
10 1 360 2 346 4 352 6 373 7 357 10 438 11 397 13 370 14 380 15 371
0
2 4 364 15 443
2 3 435 12 472
0
0
0
1 1 418
3 6 382 16 417 17 381
0
0
2 13 436 18 456
1 8 424
0
0
0
0
0
0
0
2 1 383 6 494
0
0
3 3 445 5 481 8 455
0
0
0
0
2 3 377 4 462
2 7 411 9 457
0
0
0
0
5 1 378 3 433 12 461 13 425 15 449
0
0
0
0
0
0
0
0
0
2 1 448 8 423
2 13 500 14 495
2 3 487 16 524
3 2 369 17 402 18 426
0
1 10 503
0
1 3 466
0
0
0
5 2 374 5 453 15 446 18 450 19 406
0
0
0
2 1 408 11 452
0
0
1 14 447
0
0
0
0
0
2 4 479 12 543
0
1 15 410
0
2 1 469 15 434
0
0
0
0
0
0
0
3 1 441 3 431 6 499
0
2 7 547 11 467
6 2 393 12 416 13 437 15 401 17 412 18 444
4 4 459 5 476 9 559 20 575
1 7 480
0
1 4 465
0
0
0
2 4 484 13 504
1 3 432
3 14 464 15 508 16 498
1 12 442
1 1 474
0
1 11 490
0
1 19 475
1 18 468
0
1 15 513
1 15 440
0
0
1 8 478
2 11 502 13 537
0
0
0
0
1 1 493
0
1 5 486
0
0
0
0
0
0
3 2 470 5 482 13 458
0
0
0
0
2 3 491 5 517
0
2 3 518 4 523
2 6 560 7 570
6 2 471 3 473 10 496 11 492 12 460 13 588
0
0
0
0
2 9 483 14 489
6 1 509 8 505 15 497 16 527 17 485 18 573
0
0
2 2 522 20 501
0
1 5 528
1 12 545
1 12 488
2 13 542 15 526
0
1 7 574
2 16 562 19 530
1 3 477
1 3 514
2 2 525 10 578
0
0
1 13 555
0
0
0
1 1 532
1 4 529
0
2 6 507 11 593
0
0
0
0
0
0
1 13 614
0
0
0
0
3 9 512 10 511 12 521
0
0
0
3 1 567 2 558 3 581
6 4 506 8 536 13 549 14 600 15 510 16 538
0
1 4 552
0
1 11 533
0
2 5 585 7 653
0
1 11 541
6 1 519 4 577 8 605 15 535 16 534 17 587
0
0
0
0
0
0
0
1 15 621
0
0
3 6 531 18 606 19 551
0
0
0
0
3 1 539 7 561 8 544
3 1 616 4 584 13 620
1 8 571
1 17 601
0
0
0
0
1 2 580
3 1 596 3 622 5 679
0
1 4 548
0
0
0
1 5 765
2 2 613 6 591
0
0
0
1 12 609
0
0
0
0
0
0
0
0
1 13 615
0
0
0
3 14 594 15 568 16 557
1 10 607
2 11 564 17 550
4 9 546 18 516 19 554 20 572
0
1 18 569
1 18 520
0
1 1 623
3 3 553 4 595 9 617
1 3 586
0
0
2 1 636 2 592
2 2 630 13 619
1 3 576
3 1 635 14 649 15 668
1 15 590
0
1 3 589
1 8 676
2 11 664 15 651
2 6 603 10 624
2 3 598 4 599
1 19 612
0
0
1 12 627
1 15 556
0
1 5 579
0
0
2 1 626 4 602
2 1 655 3 611
0
2 4 565 7 604
0
1 13 675
0
0
3 2 618 4 638 13 639
0
0
0
0
0
0
0
0
0
0
1 1 722
0
1 6 667
0
0
1 3 634
0
1 3 608
2 5 643 7 583
2 9 657 11 691
0
0
0
5 2 646 4 658 5 645 12 718 13 663
0
0
1 1 684
4 4 610 6 628 13 633 14 721
0
0
0
0
0
4 4 641 11 625 13 648 15 670
2 3 642 8 770
3 2 647 3 671 15 727
0
0
0
0
0
0
0
3 3 673 9 697 11 700
0
2 4 650 14 666
0
0
0
0
1 1 707
0
2 5 678 10 631
1 3 680
3 3 681 11 733 13 704
0
0
0
0
4 5 644 6 640 11 674 13 656
0
0
0
0
0
2 1 751 11 695
0
1 9 717
0
0
3 1 701 2 662 14 683
0
0
0
0
0
0
0
3 1 660 5 693 12 672
3 4 692 11 747 13 726
3 3 744 15 709 16 736
2 3 637 10 677
0
0
0
0
0
0
0
3 7 629 8 669 14 654
1 4 703
0
0
0
0
2 3 734 4 786
0
0
0
0
3 5 750 11 769 12 746
3 2 665 3 781 11 858
0
0
4 1 682 12 698 15 720 17 661
0
1 9 745
0
0
0
0
0
2 3 685 8 725
1 11 757
3 9 759 13 773 15 732
2 6 652 12 714
0
0
0
0
0
0
0
2 6 716 15 711
0
0
0
0
0
3 1 699 4 706 16 795
2 4 762 13 777
2 2 712 8 694
3 3 690 12 715 14 748
2 10 752 11 774
0
1 6 730
0
2 7 686 13 719
1 3 710
1 3 754
1 14 881
0
0
0
0
0
0
0
1 5 731
2 6 771 9 760
0
0
0
0
0
1 5 723
0
1 5 743
0
1 8 837
0
0
0
0
0
1 4 766
0
1 2 713
0
2 1 705 9 741
0
4 7 687 11 749 12 702 13 708
0
2 9 764 14 805
0
0
0
0
0
2 2 792 6 758
0
0
0
0
1 3 791
0
0
0
0
0
2 1 724 6 729
0
0
0
0
0
0
0
0
0
3 3 689 4 756 7 753
0
2 6 775 9 794
3 2 780 10 860 11 817
0
1 4 784
0
0
2 3 768 11 737
1 2 801
0
0
0
0
2 5 800 13 788
0
0
0
3 6 803 8 799 14 813
0
0
1 7 809
2 3 793 15 779
0
1 4 790
0
0
3 1 735 16 739 17 778
0
2 1 812 18 742
4 3 797 8 796 19 834 20 804
1 2 808
1 4 851
2 1 822 4 902
2 1 738 12 868
1 5 776
0
0
6 4 789 7 845 13 798 14 830 16 904 19 772
1 11 755
0
0
1 13 782
0
3 9 820 12 866 15 838
0
0
3 1 815 14 783 15 740
1 17 806
0
0
0
0
1 3 818
5 5 826 13 875 14 824 15 810 19 869
0
0
2 8 829 20 865
0
2 10 901 15 871
0
0
2 16 763 17 832
2 6 853 18 841
0
0
0
0
0
3 4 816 14 802 15 827
0
2 4 828 13 836
0
1 18 913
2 15 844 18 856
0
1 5 843
0
4 1 785 11 819 19 814 20 831
1 2 850
0
1 15 895
0
0
1 19 825
1 12 857
3 1 854 3 852 6 839
1 15 909
0
0
0
0
0
1 11 878
0
0
0
0
0
5 3 833 8 883 9 849 13 864 15 870
1 6 906
0
0
1 2 903
2 9 862 16 928
0
1 4 835
0
0
1 12 879
5 3 887 7 893 13 882 15 863 17 891
4 1 886 3 889 18 915 20 899
2 5 846 15 918
1 3 910
1 2 987
0
0
0
2 3 941 15 986
0
1 20 912
0
0
1 6 997
0
1 10 970
0
0
0
0
1 2 916
3 2 811 11 859 13 957
2 2 848 14 892
0
1 9 921
0
2 2 855 3 936
5 1 890 3 919 11 945 15 999 16 994
0
0
1 4 884
0
0
2 4 923 12 924
0
0
0
1 4 962
0
0
0
0
2 1 908 13 939
0
0
0
2 1 898 4 861
2 4 874 5 888
3 4 876 15 894 16 907
0
0
0
0
0
0
0
0
1 3 951
0
5 1 905 6 950 8 911 10 992 11 920
3 1 917 4 948 7 930
3 9 946 12 972 13 934
2 14 943 15 949
0
0
3 3 959 6 973 15 998
0
0
0
0
0
0
0
0
0
1 4 929
3 2 885 8 880 11 877
1 7 938
0
0
0
3 1 922 6 968 9 977
0
1 10 952
2 5 926 11 947
2 8 940 14 979
0
0
0
0
0
0
0
0
0
0
0
1 3 963
0
0
0
0
0
0
0
0
0
1 4 983
6 2 900 3 896 5 955 6 927 8 978 12 942
0
1 10 964
0
0
0
0
0
2 1 932 8 925
0
0
0
0
0
0
0
0
0
0
0
0
0
0
0
0
0
0
0
0
0
0
0
0
0
0
0
0
0
0
3 1 937 5 966 6 969
2 1 980 7 960
0
0
0
0
0
0
2 3 933 8 944
2 3 935 9 975
1 6 976
6 1 931 2 914 4 988 9 985 11 956 12 954
0
0
0
1 1 958
0
0
0
0
0
0
1 2 953
0
0
1 1 971
0
0
1 3 965
0
0
0
0
3 2 961 5 982 7 984
0
2 4 995 8 993
0
0
0
0
0
0
0
0
0
0
0
0
0
1 2 990
0
0
0
0
0
0
0
0
0
0
0
0
1 2 996
0
0
0
1 1 974
0
0
0
0
0
0
0
0
0
0
0
0
0
0
2 1 989 3 981
0
0
0
0
0
0
0
0
0
0
0
1 1 991
0
0
0
0
0
0
0
0
0
0
0
0
0
0
0
0
0
0
0
0
