20 1 29 2 54 3 21 4 62 5 30 6 6 7 8 8 7 9 26 10 15 11 41 12 12 13 65 14 100 15 107 16 3 17 22 18 17 19 19 20 168
0
0
0
2 6 11 16 43
0
1 6 170
1 7 59
0
1 19 52
2 3 37 12 42
0
1 11 2
0
1 15 5
2 10 55 15 49
3 5 131 15 208 16 137
0
1 6 217
1 11 83
1 17 48
1 18 116
0
2 3 96 15 158
0
0
0
1 16 9
1 3 238
2 1 89 20 115
0
0
0
1 11 262
1 8 18
1 14 102
1 16 24
2 7 56 15 81
2 15 140 18 33
2 13 186 14 235
1 13 247
3 2 78 3 129 12 206
1 4 69
0
0
0
0
1 6 20
2 3 167 11 135
4 1 145 7 127 12 141 16 66
1 10 57
0
2 4 79 18 249
1 20 250
0
1 9 70
2 14 91 17 104
1 19 113
1 20 32
0
1 19 265
2 11 318 16 180
1 1 205
2 5 61 10 188
3 14 80 18 169 20 88
1 13 117
1 4 187
0
0
0
0
0
2 9 99 14 149
1 2 134
0
1 4 223
1 13 133
1 6 101
0
1 8 118
1 3 181
0
1 1 159
1 12 193
0
1 14 283
1 14 291
0
2 14 36 19 25
1 18 157
1 15 382
2 7 178 11 327
0
0
3 1 251 12 224 16 385
1 20 414
0
1 15 195
3 3 82 5 294 11 253
1 15 229
1 14 172
3 13 177 14 184 17 309
1 19 75
1 2 155
1 8 122
1 14 257
1 20 413
0
0
1 12 322
0
1 4 132
2 6 156 12 212
1 17 218
1 2 272
3 1 243 5 84 7 252
0
0
2 13 199 16 222
0
0
1 14 388
0
1 6 239
1 18 109
1 8 148
1 10 213
0
0
1 15 314
1 19 98
1 6 261
0
1 2 326
2 18 290 20 434
1 18 378
0
1 1 264
2 9 143 11 334
0
1 3 97
1 4 139
1 4 147
0
1 16 275
3 12 215 14 271 17 403
0
0
0
1 4 393
1 14 369
0
0
0
2 9 176 18 394
0
0
2 1 332 12 277
1 11 77
1 11 130
1 5 166
1 4 273
0
1 3 123
0
0
2 6 304 18 463
1 4 198
1 8 171
1 20 462
1 19 179
2 7 490 16 512
2 10 244 18 412
0
0
3 11 263 13 435 17 214
1 1 425
1 15 372
1 14 227
1 2 324
1 15 387
0
1 16 556
0
1 3 211
1 14 298
0
2 4 266 6 486
0
0
0
0
3 8 225 13 174 15 480
1 12 296
0
1 18 476
0
2 4 216 19 467
2 12 335 20 465
0
0
2 1 547 18 444
1 18 485
2 9 220 17 200
0
0
1 15 183
0
1 6 260
0
1 14 281
3 4 289 5 194 17 506
1 4 367
2 9 278 17 483
1 4 472
1 11 349
2 3 221 20 499
2 1 173 7 320
1 15 190
0
1 5 237
1 16 578
1 6 325
0
1 4 479
0
3 2 236 11 365 15 339
1 1 240
2 8 295 10 293
1 14 256
3 13 209 15 226 18 371
2 9 518 19 392
0
2 3 241 17 308
2 12 276 15 305
2 6 457 11 538
1 8 323
0
1 12 312
1 15 565
0
1 13 228
0
1 1 313
0
1 3 255
0
0
2 5 337 8 258
1 13 317
2 14 333 15 245
0
0
2 12 319 13 608
3 1 329 4 475 20 670
1 19 626
2 16 404 18 376
0
0
1 6 521
4 7 379 10 310 14 390 17 311
0
0
3 4 384 6 344 16 509
0
2 6 684 11 426
1 15 340
0
1 12 601
1 15 353
3 1 288 2 274 8 381
0
1 20 585
0
0
0
1 8 449
1 14 593
2 12 445 14 605
2 3 270 19 409
0
1 5 347
0
0
2 1 364 4 492
1 10 338
0
1 12 487
0
1 15 366
1 18 453
0
0
2 15 397 17 455
1 6 535
2 4 534 9 560
1 4 573
0
1 6 564
2 14 723 19 562
0
1 19 654
1 16 505
1 11 460
0
2 7 389 20 599
2 1 402 17 370
0
1 12 768
0
1 8 838
2 3 282 18 468
2 6 732 10 681
0
1 11 718
0
2 9 644 19 660
1 16 611
1 5 354
1 13 408
0
0
1 14 707
0
1 5 373
1 11 375
4 4 459 12 744 14 719 15 632
1 4 507
0
1 7 401
2 2 306 6 777
1 15 713
2 15 526 18 555
2 13 470 17 440
0
0
0
0
2 1 423 17 537
0
0
1 6 464
1 19 666
1 12 754
0
0
1 8 761
2 6 519 13 828
1 15 543
0
1 20 743
3 3 303 15 859 20 23
0
1 10 682
0
1 11 466
1 18 399
1 10 574
1 5 456
1 17 583
2 11 488 13 770
0
1 16 641
0
0
1 3 331
3 4 350 13 361 14 516
3 12 529 14 686 15 816
0
2 9 471 18 845
1 7 438
1 13 461
1 3 343
1 2 72
1 12 888
1 15 702
1 14 51
0
2 8 797 19 715
1 15 589
1 16 784
0
1 17 596
1 6 863
2 4 395 19 746
0
1 1 431
2 12 458 20 67
1 17 665
1 15 677
1 8 785
1 11 549
2 18 762 19 321
0
1 11 643
0
2 12 851 14 737
1 13 545
0
0
1 7 493
0
2 10 671 11 530
0
0
1 1 655
1 15 700
1 5 474
0
0
2 11 575 16 827
0
1 17 726
0
3 12 776 14 355 19 105
2 4 454 19 46
1 2 812
2 18 730 19 883
0
1 4 514
0
2 10 495 20 693
1 15 86
0
1 8 864
2 7 569 20 511
1 16 709
0
0
1 3 396
1 9 363
0
1 17 740
1 18 871
0
0
1 12 94
1 15 138
2 5 233 12 119
2 3 416 19 34
2 3 481 16 494
0
3 4 540 6 552 10 602
0
1 14 758
2 11 587 13 653
1 13 415
2 6 577 10 609
1 10 872
0
1 15 351
0
0
3 1 536 7 649 20 734
0
0
1 5 191
3 2 429 9 386 16 497
0
0
1 1 604
2 8 940 15 588
1 7 842
0
0
0
0
1 19 108
2 4 678 11 664
1 12 572
2 1 903 10 38
0
2 6 607 14 622
2 2 442 11 749
2 10 513 11 798
0
0
3 5 802 8 807 17 881
0
1 11 203
0
0
2 13 721 14 477
1 18 895
2 3 550 16 523
0
2 3 620 8 650
1 17 542
2 6 612 16 558
2 12 603 15 661
0
1 5 814
2 5 862 11 849
1 12 1
0
1 14 522
1 4 691
1 16 701
0
1 14 629
1 20 417
1 6 668
1 3 639
1 7 867
0
0
0
0
1 6 874
0
0
2 4 708 19 769
1 2 484
2 11 144 17 114
0
1 10 531
3 3 711 11 71 14 673
1 14 418
3 5 439 9 878 14 292
1 14 482
0
1 15 657
0
2 13 92 14 765
0
1 12 854
1 3 855
0
2 1 936 20 933
0
1 15 491
0
2 8 64 12 525
0
0
1 2 559
0
1 14 380
0
2 13 910 18 299
0
0
2 3 584 8 939
1 19 794
2 7 527 11 201
0
0
0
2 12 563 15 192
0
2 1 160 17 528
1 20 912
2 16 410 19 280
2 6 923 10 13
0
0
2 1 775 13 672
1 18 748
0
1 5 446
3 4 805 11 710 14 919
0
1 7 47
0
0
0
0
1 11 897
1 4 839
1 3 831
1 12 297
0
1 16 935
1 8 911
1 15 925
1 14 616
2 5 504 14 489
1 20 823
0
0
0
0
1 20 451
0
0
0
3 5 539 14 501 15 600
2 1 269 6 328
1 9 286
2 6 10 17 473
1 15 610
1 13 663
0
2 17 781 20 110
2 1 544 20 613
0
1 6 90
0
0
1 6 751
2 10 570 17 219
3 3 857 17 908 19 688
2 5 623 9 618
3 2 566 6 582 20 598
1 18 799
0
2 1 696 19 336
1 17 202
0
2 4 242 10 76
2 12 16 17 68
2 6 619 20 695
3 11 625 15 285 20 103
3 4 554 14 561 16 368
2 4 591 18 648
1 3 358
1 9 647
2 7 733 15 680
2 2 576 19 27
2 11 927 18 450
2 12 750 15 73
1 13 447
2 8 428 20 517
2 10 669 16 287
1 11 95
0
1 1 627
1 11 441
1 14 345
1 3 809
0
0
1 17 915
0
0
0
0
0
1 5 676
1 7 53
0
1 12 896
2 5 767 15 724
1 8 640
2 6 651 19 568
0
0
2 11 782 13 965
0
0
2 10 383 16 658
1 18 992
0
2 3 631 4 810
1 6 683
1 14 667
0
0
1 15 821
2 12 567 17 259
0
0
0
0
2 1 704 3 697
1 5 779
1 20 636
0
1 20 687
2 7 182 15 614
0
0
2 8 541 19 391
0
1 9 716
0
0
1 14 745
0
0
1 13 951
0
0
0
1 6 735
2 4 126 11 981
1 12 645
1 12 597
2 10 964 17 659
2 17 729 18 142
3 2 621 17 500 18 124
1 3 738
4 10 759 12 789 17 764 18 728
1 17 972
2 16 210 18 136
1 12 675
1 12 432
1 12 316
0
2 17 175 20 720
0
2 17 808 18 424
1 16 469
1 12 813
2 15 983 20 760
0
2 14 824 15 771
1 6 780
0
3 17 590 18 112 20 524
0
2 5 843 11 411
2 12 421 19 254
1 16 407
3 8 633 15 656 18 301
2 6 818 16 858
2 2 662 11 692
2 7 712 13 164
2 8 496 20 739
3 1 778 3 830 18 787
2 8 994 12 357
2 12 637 18 452
3 5 646 15 268 18 437
1 14 886
2 17 433 19 189
3 4 520 13 553 20 197
4 5 532 7 533 8 267 16 949
0
0
4 4 652 8 161 17 685 18 153
1 8 822
3 5 427 15 162 17 230
0
2 9 755 12 997
2 4 630 19 946
3 4 207 13 586 16 406
1 1 817
0
0
1 14 820
3 1 869 8 246 14 790
2 15 628 18 14
1 12 804
2 7 284 13 617
3 10 836 14 971 17 146
3 3 930 4 546 20 921
2 2 792 11 698
2 16 717 19 699
2 8 727 15 706
2 5 436 14 722
3 1 891 3 40 12 592
0
1 14 679
0
2 12 87 18 934
0
0
0
1 16 736
0
1 17 731
1 9 847
0
2 14 788 17 800
3 3 747 7 120 20 45
3 4 757 6 793 16 850
1 5 502
1 13 232
0
2 2 844 8 861
1 15 741
1 5 773
2 18 756 19 840
1 17 93
0
0
1 15 772
1 16 694
2 6 882 14 868
4 4 841 8 834 9 783 18 942
1 4 913
2 5 791 10 774
0
0
0
2 2 876 4 902
2 11 742 14 914
0
0
2 6 852 14 853
2 14 920 17 947
1 3 941
2 12 957 13 899
0
1 7 796
0
2 5 835 9 931
2 8 926 20 873
0
2 4 906 15 832
3 10 829 12 955 20 860
2 5 763 19 121
2 11 753 16 837
0
1 2 932
1 1 901
0
0
1 4 803
1 4 846
3 4 766 11 279 12 571
0
0
1 18 991
3 8 300 10 975 20 346
1 13 635
2 6 905 19 801
0
0
1 6 958
0
0
1 14 945
0
1 15 929
0
2 11 478 15 398
4 5 898 14 937 16 904 18 151
0
0
0
2 5 58 19 234
0
1 8 400
2 3 977 20 85
1 15 580
1 3 4
0
0
3 1 960 14 624 17 515
0
2 12 44 13 302
0
0
0
2 10 989 11 703
2 7 360 18 31
1 16 993
0
0
0
0
1 19 548
2 3 984 6 634
0
1 9 231
1 20 848
1 14 422
2 11 498 15 163
0
2 4 811 17 825
0
2 8 786 16 999
1 5 185
1 12 954
0
2 15 956 18 642
0
1 1 714
1 11 980
0
1 6 374
0
1 13 795
1 7 595
3 2 815 8 967 14 969
1 4 890
2 3 885 19 819
0
1 16 877
0
1 5 348
3 3 889 10 917 17 924
0
0
0
0
0
1 20 907
0
0
2 7 833 11 405
0
2 12 865 17 551
0
0
2 6 884 19 887
0
0
1 15 725
0
2 1 892 18 918
0
1 9 315
0
0
0
4 4 894 5 970 6 943 20 962
0
0
2 10 922 13 973
1 14 995
1 4 928
1 8 689
1 3 948
1 11 961
0
1 19 916
1 16 50
2 4 996 15 35
1 14 359
1 13 953
1 20 508
3 4 1000 7 28 17 826
1 4 978
0
0
2 3 979 5 950
0
0
2 6 974 12 968
1 11 106
0
0
0
0
2 2 856 14 870
0
1 6 63
0
0
2 1 998 19 430
0
1 12 752
3 8 503 18 330 20 606
3 4 988 9 674 16 963
0
1 14 581
0
0
0
1 15 150
0
2 7 866 13 448
0
0
1 10 944
0
0
1 17 111
0
1 3 356
0
0
1 12 959
2 4 982 8 879
0
1 5 880
1 6 985
0
0
1 19 579
1 14 705
0
1 11 128
1 15 966
2 10 987 18 690
1 1 74
0
1 16 990
0
0
0
0
1 20 125
0
1 3 909
0
1 14 39
0
0
0
0
0
0
1 9 893
2 4 341 17 420
1 11 152
0
0
1 12 419
0
2 2 900 7 806
0
1 15 342
0
1 14 204
1 8 557
1 19 165
1 13 443
0
0
1 5 615
0
0
2 3 938 6 248
1 1 510
0
0
0
2 10 362 16 154
0
1 11 594
1 20 986
0
1 12 196
1 18 377
0
1 15 875
0
0
0
0
0
0
0
1 7 638
0
0
2 14 352 17 952
1 8 60
0
0
0
2 4 307 11 976
0
0
0
0
0
0
0
0
0
0
0
0
0
0
0
0
0
0
0
0
0
0
0
0
0
0
0
0
0
0
0
0
0
0
0
0
0
0
0
0
0
0
0
0
0
