20 1 12 2 1 3 47 4 22 5 6 6 45 7 84 8 63 9 34 10 10 11 26 12 41 13 9 14 21 15 39 16 19 17 54 18 8 19 3 20 4
0
0
1 8 29
0
0
0
0
1 1 56
0
1 2 15
2 13 57 18 42
1 20 13
1 8 112
1 11 61
0
0
0
0
0
0
0
3 3 27 4 58 17 78
0
1 10 76
1 8 18
0
1 9 138
0
1 18 36
0
0
2 4 20 8 24
1 20 113
0
0
0
2 12 96 14 66
0
0
1 12 25
2 11 158 13 132
0
0
1 20 11
1 16 14
1 7 62
2 5 46 15 75
0
0
2 19 91 20 69
1 14 72
0
1 6 64
0
0
1 3 37
0
0
0
1 16 44
1 17 121
0
1 2 35
0
0
1 18 59
1 11 16
1 4 67
1 4 98
0
1 8 31
1 15 97
0
0
1 4 141
0
1 7 92
0
0
1 15 32
2 1 73 8 33
1 7 118
0
1 16 83
2 10 79 11 145
1 4 70
0
1 14 152
0
1 9 108
5 1 77 2 60 10 103 13 110 18 122
0
0
2 2 105 7 156
2 3 40 8 95
2 13 65 20 172
0
0
1 4 86
2 12 52 19 81
1 10 143
1 1 7
2 2 199 14 209
1 11 169
2 3 89 20 48
0
1 17 168
3 5 80 6 111 8 131
0
0
0
0
1 19 23
0
1 5 82
1 16 85
1 6 128
0
0
0
1 6 153
2 2 176 20 106
2 2 101 16 182
1 12 107
1 13 93
0
1 9 160
1 17 94
0
0
1 18 185
0
0
2 2 133 3 173
0
0
0
1 15 51
2 5 87 9 99
1 2 140
0
0
1 13 117
0
0
3 1 100 9 114 20 116
0
1 8 147
0
1 13 115
1 4 192
2 11 179 15 71
0
1 9 148
0
2 7 104 16 127
1 5 90
1 4 146
0
0
0
0
0
0
1 17 216
1 14 155
3 10 126 12 225 19 189
1 6 193
0
2 4 137 7 190
1 3 50
0
2 4 129 15 154
0
0
0
1 18 265
2 11 224 18 211
2 7 183 13 286
3 2 170 9 139 12 299
2 12 123 20 195
0
2 11 178 13 223
1 1 181
0
1 1 205
2 4 166 8 149
0
0
1 13 109
0
1 18 171
0
0
1 1 297
1 16 177
0
0
0
2 1 124 5 120
1 3 125
1 14 162
0
1 9 232
0
3 15 222 16 150 17 161
0
1 19 218
0
2 10 305 11 157
0
1 9 248
1 6 165
0
0
0
0
1 9 333
1 16 207
2 11 279 20 134
0
2 8 174 18 217
1 3 188
1 10 135
1 6 259
0
1 9 348
1 20 228
0
1 20 229
0
1 13 202
0
2 2 231 11 234
0
1 12 221
0
0
1 5 376
1 4 180
0
1 7 184
2 5 28 13 280
0
0
1 12 242
0
1 18 315
0
0
2 5 119 20 88
0
0
1 18 340
1 14 194
0
1 13 410
1 1 130
0
0
1 1 187
2 10 191 16 235
2 15 102 20 275
0
1 20 260
1 18 361
1 19 270
1 4 206
3 14 264 17 226 20 164
0
1 8 186
0
1 18 374
3 9 427 14 387 18 247
2 1 240 7 196
0
0
2 10 272 11 201
0
1 20 273
1 20 433
1 9 197
0
1 2 246
2 3 243 15 136
0
1 12 254
1 13 445
0
0
1 6 453
0
1 16 253
1 18 249
1 13 467
1 16 330
0
0
0
0
1 16 266
0
1 20 372
2 5 200 8 212
0
0
0
0
1 9 210
2 6 241 13 506
0
0
1 9 304
0
0
0
0
1 6 354
2 1 262 19 309
0
2 4 233 18 215
2 6 163 15 344
1 11 267
4 7 204 14 294 16 502 20 522
2 6 230 12 438
0
3 9 288 10 331 12 281
0
0
1 17 290
0
1 18 276
1 2 278
0
2 13 258 16 551
1 1 449
0
1 4 261
1 10 406
0
0
1 9 332
0
1 8 239
2 15 326 18 263
1 4 293
1 6 283
0
0
2 4 311 13 388
2 4 306 8 345
0
1 10 339
0
0
0
2 17 310 18 313
0
0
1 10 327
0
1 2 367
0
1 20 394
0
1 15 342
1 18 408
1 3 277
0
1 5 203
0
1 19 517
0
0
1 8 350
1 7 238
1 20 250
0
3 6 274 8 252 11 268
0
2 2 219 16 359
1 13 553
0
1 4 324
1 14 298
1 9 346
0
0
1 17 328
2 4 360 11 403
1 9 365
0
0
0
0
0
0
0
1 5 284
1 12 282
1 1 417
1 11 451
0
3 16 446 18 588 20 500
1 7 432
0
0
0
2 11 590 19 533
0
1 20 576
2 1 523 20 582
2 2 292 16 443
0
2 4 409 10 475
0
0
1 3 349
0
0
1 11 285
2 14 325 18 505
1 5 289
0
0
2 8 308 15 291
3 2 321 13 357 16 323
0
0
1 6 318
0
0
0
1 20 621
0
0
1 8 373
1 15 375
1 2 312
2 6 334 17 337
1 3 419
2 1 329 16 416
1 9 606
0
0
1 11 384
2 4 423 10 544
0
1 12 303
0
0
1 6 358
2 1 343 20 566
0
0
0
3 3 493 7 594 18 649
1 8 426
1 5 302
0
1 17 336
0
1 8 353
2 12 420 15 490
0
1 9 385
0
0
1 19 473
2 14 355 19 674
0
2 6 542 16 556
0
0
0
0
1 15 395
0
0
0
3 2 380 6 471 9 625
1 13 614
0
0
0
1 10 509
0
0
3 7 391 11 454 17 448
0
0
1 11 455
2 1 526 4 407
1 15 655
2 4 463 18 618
1 3 607
0
0
0
0
1 2 424
1 14 435
0
1 17 396
1 20 440
0
3 3 307 5 352 8 338
1 10 422
0
0
2 1 429 12 534
1 16 521
2 11 514 13 658
1 19 637
0
0
1 15 601
1 10 687
0
0
1 14 458
3 7 402 11 404 13 747
0
1 8 377
2 2 681 18 650
0
2 9 686 15 813
0
1 14 795
0
1 3 319
1 13 368
0
0
2 9 546 16 587
2 4 548 6 751
0
3 2 466 8 580 9 816
1 5 405
1 7 439
0
0
0
2 1 825 20 799
1 16 808
0
2 11 441 12 806
0
0
2 2 508 6 513
0
0
0
0
0
1 7 498
0
0
1 17 401
1 9 560
2 18 763 19 811
1 13 378
0
0
0
0
0
1 14 752
0
0
0
1 2 581
0
1 4 888
1 16 876
1 9 878
1 19 802
1 12 884
1 17 817
1 9 933
3 7 296 8 898 10 773
0
1 1 887
2 13 452 20 428
0
1 2 599
1 11 236
0
0
0
0
1 3 320
0
1 14 392
0
1 15 418
1 8 322
0
1 7 829
0
1 2 317
2 6 379 18 244
2 2 287 18 397
0
0
2 17 74 19 515
0
1 10 381
2 4 421 15 914
2 6 901 18 877
0
0
0
2 2 814 8 393
0
0
0
0
2 1 930 19 900
0
1 20 476
3 5 436 10 478 15 481
0
1 19 457
2 4 496 20 442
2 10 479 11 504
1 1 563
0
4 11 460 13 507 17 552 19 335
1 12 456
0
1 1 958
0
2 16 968 20 251
3 3 356 9 477 11 383
0
0
2 9 499 20 525
0
0
0
1 7 547
2 4 524 16 227
0
1 17 175
1 1 954
2 13 369 19 366
3 6 465 11 459 14 468
0
1 2 5
2 16 444 18 886
0
0
0
1 5 510
0
2 6 469 13 159
1 1 53
1 19 528
1 12 295
1 4 543
0
0
0
2 6 532 8 564
1 3 415
1 8 363
0
3 8 382 11 536 20 516
1 16 604
3 10 574 11 577 15 411
2 3 470 17 431
0
1 17 489
0
1 2 495
0
0
1 13 497
1 5 530
0
1 1 518
0
0
1 9 591
0
3 5 399 8 539 16 585
0
0
1 11 462
0
1 20 461
1 9 956
0
2 2 567 14 389
2 9 964 18 400
0
0
0
2 7 300 9 731
1 18 362
0
0
0
1 14 529
1 11 480
1 20 537
3 4 17 9 488 20 437
2 6 541 18 572
1 9 198
2 7 583 14 49
0
2 4 558 8 990
1 20 347
1 16 615
1 14 671
2 10 654 15 801
0
1 9 370
1 12 364
3 7 501 17 565 19 545
1 19 949
1 9 995
3 1 550 9 450 20 30
2 8 979 9 2
1 12 208
0
2 15 535 18 237
0
0
1 6 554
0
1 13 584
3 2 568 12 589 20 982
2 7 255 9 997
2 4 575 17 571
1 3 555
1 19 562
2 11 512 18 486
0
0
1 8 579
0
1 9 386
1 15 961
1 20 142
0
0
1 7 213
0
2 5 414 19 630
1 18 931
0
0
0
1 8 314
1 10 245
3 9 595 11 519 16 167
1 20 491
0
2 3 586 14 603
0
1 15 645
0
2 13 570 17 668
0
1 11 602
0
2 7 371 18 984
0
2 15 482 16 974
2 1 593 2 609
0
0
1 10 647
0
0
1 13 578
0
2 8 341 9 214
0
1 16 316
0
4 6 592 13 628 15 905 20 986
1 6 608
2 6 646 18 55
0
0
1 14 503
0
2 7 269 11 38
0
0
0
0
1 4 616
1 10 425
3 5 447 9 434 20 464
2 2 413 8 769
0
2 16 632 19 511
0
1 15 430
1 12 651
0
0
0
0
0
0
2 6 710 20 271
1 18 220
0
0
1 11 43
0
0
2 1 622 14 684
1 4 807
1 20 531
1 9 151
0
0
0
2 10 638 13 627
1 16 144
1 7 520
0
2 3 598 19 623
0
2 2 617 8 597
0
0
0
1 8 629
0
1 17 611
1 8 653
0
0
0
0
3 11 635 15 390 20 492
1 2 412
0
0
0
0
0
0
0
1 8 683
0
0
1 1 485
1 18 398
0
1 5 527
0
4 4 540 11 474 13 538 16 256
0
0
0
1 17 494
0
1 4 561
0
1 10 619
0
0
2 4 613 8 633
0
3 9 705 12 634 14 652
0
0
0
2 6 676 19 631
2 3 557 5 640
2 7 644 20 487
0
1 4 670
1 6 636
0
1 2 689
0
0
0
1 1 699
1 4 983
0
0
0
1 11 559
1 10 712
0
0
0
0
0
1 18 483
0
1 15 549
0
1 13 596
2 10 573 18 957
1 8 662
0
1 13 663
2 1 675 5 605
1 16 706
3 1 703 7 665 19 714
0
1 11 626
0
1 8 656
0
0
1 20 694
0
0
0
0
0
1 9 715
1 14 691
0
0
0
0
1 1 643
0
0
4 6 642 10 661 15 610 16 351
1 13 257
3 7 692 14 301 17 484
3 4 685 6 704 12 659
2 2 725 8 695
0
1 19 620
0
0
0
0
1 10 738
0
1 8 472
0
0
2 3 569 4 641
2 18 612 20 68
0
0
0
1 2 812
0
0
0
0
2 6 666 11 690
0
0
1 4 667
0
1 1 682
0
0
0
2 4 679 6 707
0
0
0
0
0
0
0
0
1 5 669
0
0
0
0
0
0
0
1 1 719
0
0
1 2 600
0
0
0
0
0
0
0
0
0
4 2 624 3 657 8 664 9 673
0
0
0
0
0
0
0
0
0
0
0
1 5 733
0
0
0
0
0
0
0
0
1 1 775
0
1 4 716
0
0
0
0
0
3 2 639 6 677 7 672
0
0
0
0
0
0
0
0
1 5 698
0
0
0
2 7 701 8 709
0
0
0
0
0
0
0
3 1 688 6 697 9 736
0
0
0
0
0
1 6 700
0
0
0
3 4 718 8 753 9 750
0
0
0
0
0
0
4 4 724 10 762 11 743 12 781
0
1 3 678
0
3 2 648 10 680 13 711
0
0
0
0
0
3 2 660 14 693 15 702
0
0
0
0
6 2 730 12 726 16 732 17 708 18 740 19 760
0
1 7 720
0
1 12 783
0
0
0
0
0
0
0
0
5 5 749 8 758 13 722 14 742 18 713
2 1 729 20 723
0
1 9 759
0
0
0
1 11 828
0
0
1 2 782
2 6 717 10 696
1 19 779
1 13 737
1 9 727
0
0
0
1 2 821
0
3 7 744 12 741 13 728
0
2 8 735 10 778
1 4 734
1 8 770
1 16 761
1 20 834
1 17 748
0
0
0
0
1 14 804
1 20 830
0
0
0
0
2 3 755 5 768
2 2 754 4 780
0
1 18 793
0
0
1 12 745
0
1 16 787
1 11 843
0
1 15 739
0
1 1 764
0
1 2 771
0
3 1 862 4 767 18 832
1 16 833
0
1 6 721
1 6 777
0
2 6 757 10 815
0
2 9 774 20 776
0
0
1 5 851
0
0
1 6 765
0
0
2 1 785 9 855
0
0
0
2 11 794 12 818
0
2 9 841 19 924
2 7 756 13 917
3 1 766 3 786 8 810
1 16 822
0
1 4 788
0
0
0
2 14 827 20 805
0
1 2 789
1 10 809
1 18 918
0
0
1 8 820
0
0
1 19 836
1 11 883
2 9 858 13 849
1 17 784
1 1 837
2 6 823 15 772
0
1 18 798
1 13 790
0
0
1 4 796
0
0
2 15 819 20 945
0
2 10 826 17 856
0
0
1 13 792
0
1 13 892
0
1 5 864
0
1 11 839
2 2 791 16 896
0
0
3 11 870 14 846 20 800
1 10 897
0
1 1 909
0
1 9 906
0
0
2 11 831 20 746
0
0
0
1 8 910
0
0
0
1 12 842
0
0
0
0
1 16 861
2 3 844 19 797
1 14 923
2 4 838 20 847
2 13 865 19 936
1 18 850
1 7 848
0
0
0
2 1 857 20 962
0
0
0
1 8 921
1 8 835
1 6 969
1 10 928
0
1 4 853
0
2 11 824 15 907
0
0
0
1 17 845
0
2 2 840 19 852
2 1 803 18 872
1 15 885
1 7 987
0
0
0
0
0
0
1 5 993
0
6 3 860 9 854 13 867 14 904 17 890 19 939
1 1 866
0
0
1 4 859
2 8 875 18 912
2 13 916 20 908
0
0
1 14 940
1 12 941
1 16 903
1 3 879
1 15 889
2 4 980 19 942
0
1 5 976
0
0
0
0
0
0
0
0
0
0
1 9 869
0
0
1 1 881
1 10 985
0
0
0
3 6 882 7 891 8 922
0
0
1 11 992
0
0
0
2 9 871 10 874
0
0
0
0
1 6 899
0
1 3 927
0
0
3 2 868 4 893 7 863
0
2 6 975 8 978
3 2 880 12 925 13 920
0
0
0
1 11 967
0
0
1 4 894
0
0
0
0
0
1 9 913
0
0
0
1 2 934
0
0
0
6 1 895 3 919 5 937 13 911 14 981 15 946
0
0
0
0
0
0
0
1 1 965
2 7 873 16 948
0
0
4 4 926 11 902 17 971 18 929
0
0
0
0
0
0
0
0
0
1 2 950
0
2 1 970 5 944
0
0
0
0
2 6 972 8 935
2 9 915 10 938
0
0
0
0
0
0
0
0
0
0
0
0
2 2 953 3 989
0
0
0
0
1 2 988
0
0
0
0
0
1 8 952
1 6 947
0
3 6 963 7 998 10 973
0
0
0
0
2 9 966 11 951
0
0
0
0
0
0
0
0
0
0
2 2 932 4 999
0
0
1 5 955
0
0
2 1 977 7 996
0
0
0
0
0
0
0
0
0
1 3 991
0
0
0
0
0
0
0
0
0
3 1 959 2 960 3 943
0
0
0
0
0
0
1 5 1000
0
0
0
0
0
0
0
0
0
0
0
0
0
0
0
1 1 994
0
0
0
0
0
0
0
0
0
0
0
0
0
0
0
0
0
0
0
0
0
0
0
0
0
0
0
0
0
0
0
0
0
0
0
0
0
0
0
0
0
0
0
0
0
0
0
0
0
0
0
0
0
0
0
0
