20 1 13 2 5 3 18 4 29 5 4 6 9 7 36 8 30 9 6 10 73 11 34 12 11 13 76 14 20 15 35 16 23 17 26 18 44 19 77 20 1
2 6 55 10 139
0
0
2 6 31 16 87
0
1 10 121
0
1 3 57
0
1 5 60
1 15 74
0
1 11 108
0
0
0
0
1 8 15
1 10 102
3 8 101 10 141 17 132
1 10 21
1 10 56
0
0
1 17 49
1 10 75
1 10 115
0
0
0
0
1 9 37
2 3 68 5 46
0
1 14 61
1 3 116
0
2 15 106 20 169
2 6 97 17 126
3 6 98 10 250 16 233
1 3 189
1 11 191
0
0
1 13 125
2 10 185 19 266
1 12 52
0
0
2 2 12 3 257
1 8 158
0
4 1 32 2 51 4 38 7 47
1 16 90
1 14 16
1 3 112
0
0
1 5 124
0
1 16 153
2 11 222 17 219
1 16 178
1 7 72
2 8 71 18 316
0
0
0
0
1 5 208
3 6 306 13 311 20 385
0
2 8 164 17 349
1 10 246
2 3 334 15 25
1 9 66
1 6 86
0
0
2 7 389 11 407
1 14 268
1 2 65
1 19 394
1 18 374
3 4 378 14 395 20 406
2 3 360 14 525
0
2 12 105 16 492
1 13 388
0
1 11 511
0
1 6 404
3 6 465 15 473 16 421
1 19 587
1 10 556
0
1 14 521
2 1 554 14 520
1 3 405
0
0
0
0
0
1 17 446
2 3 168 8 260
1 8 460
1 3 599
2 1 111 9 627
0
1 14 629
1 8 456
3 8 589 16 602 18 643
2 7 506 15 545
0
1 5 716
0
2 4 605 19 469
0
0
1 15 532
0
0
4 2 129 6 161 8 658 12 695
0
1 18 782
1 11 753
1 3 761
2 10 727 16 737
0
1 1 704
1 14 636
3 6 775 13 847 19 776
0
0
0
1 6 783
1 12 759
2 8 893 20 845
0
0
1 4 870
1 9 938
0
2 3 880 5 871
4 3 573 7 590 15 552 17 924
2 1 890 19 916
3 3 929 8 864 13 917
0
1 14 975
1 11 966
1 17 910
1 10 859
0
1 5 952
0
1 8 923
1 19 239
1 8 326
1 8 40
0
1 17 10
2 1 819 11 45
1 10 934
4 1 455 2 2 10 468 20 104
2 3 608 16 685
2 5 288 11 458
1 13 130
1 1 606
1 8 14
0
0
0
1 19 3
1 6 7
0
0
0
0
0
0
0
0
0
3 2 27 8 58 9 24
3 6 69 14 89 15 8
0
0
0
3 4 81 6 113 10 156
0
0
0
0
0
1 3 152
0
0
3 2 48 4 42 6 39
0
0
0
3 6 19 8 63 9 17
0
0
0
1 2 140
0
0
0
4 2 28 7 22 9 54 10 80
5 2 62 11 88 12 50 14 83 15 53
0
0
0
0
0
2 2 110 3 79
0
0
0
1 1 78
0
0
1 5 159
3 6 59 8 70 13 33
2 6 84 8 136
1 6 85
0
1 3 127
0
0
0
0
2 6 114 10 107
0
1 8 154
0
4 9 95 12 92 14 147 15 99
0
3 1 142 11 119 16 82
3 7 41 14 91 17 103
1 8 182
1 8 279
0
0
1 2 172
0
0
0
4 3 117 14 148 15 144 16 181
0
0
0
0
0
1 8 236
1 10 202
0
4 5 96 7 123 16 64 17 205
0
0
0
0
3 6 122 10 209 18 206
1 16 157
2 4 43 16 67
1 8 251
0
1 3 197
0
2 9 100 15 109
2 2 271 8 338
0
0
0
1 3 242
0
0
0
0
1 8 143
0
0
1 1 145
1 9 118
1 13 133
0
3 5 170 8 179 14 131
0
0
4 8 128 10 211 11 187 14 225
1 8 151
0
2 1 167 15 166
1 8 165
0
0
0
3 2 149 13 134 16 203
0
0
0
5 4 160 11 94 12 135 14 93 17 138
1 8 245
0
0
0
3 2 173 3 193 15 190
0
0
0
0
1 2 249
5 5 137 6 155 15 198 18 150 19 229
0
1 2 186
0
0
0
2 2 247 14 227
0
0
0
0
1 5 180
1 5 244
0
0
3 1 199 8 192 10 183
4 9 176 11 171 12 188 14 120
0
0
3 14 272 16 234 17 162
0
0
0
1 5 146
1 3 201
1 3 281
1 7 175
1 8 238
0
0
0
0
2 3 163 4 184
3 1 216 6 215 8 210
2 3 174 10 213
0
0
0
0
2 5 196 13 218
0
1 11 177
0
0
1 6 264
0
0
0
0
0
2 1 194 8 240
0
1 9 212
0
3 4 276 8 296 12 274
0
1 3 214
0
3 9 254 11 253 14 204
4 1 217 15 223 16 267 17 195
2 15 243 18 228
0
0
0
1 2 252
0
0
2 1 275 6 273
3 7 232 8 248 11 269
3 10 221 13 270 16 256
0
0
0
0
0
0
0
0
0
0
7 3 200 5 226 10 207 12 286 17 283 19 300 20 322
0
0
3 3 224 6 255 13 318
0
1 2 344
1 8 282
2 1 235 11 317
0
0
0
1 6 265
0
0
1 2 277
0
0
2 2 230 5 259
0
0
0
0
0
2 9 308 11 319
0
2 10 261 13 220
1 10 304
0
0
0
0
0
5 1 258 3 262 8 231 10 309 11 263
1 4 295
2 7 285 13 237
0
2 1 280 9 321
0
1 6 314
0
2 2 241 10 297
0
0
1 10 301
1 10 324
0
1 3 289
2 4 305 11 299
0
4 7 287 8 278 14 303 15 307
0
3 6 292 11 320 12 333
0
0
0
0
3 4 290 7 302 16 335
2 14 367 17 350
3 1 284 14 312 17 372
0
1 9 323
0
1 5 291
0
0
0
1 11 376
0
2 2 298 18 310
1 15 370
3 8 342 15 364 19 354
1 5 384
0
0
0
0
0
0
1 7 391
0
0
0
0
4 4 315 10 366 11 313 16 353
2 3 336 6 361
0
1 14 330
0
0
0
4 9 325 12 327 16 414 17 356
0
1 8 390
0
3 1 329 17 351 18 382
1 13 293
0
0
0
3 2 341 6 357 19 365
2 3 345 10 355
2 6 403 20 368
0
0
0
2 2 375 3 431
0
0
0
0
0
4 1 337 8 331 15 426 16 332
0
2 2 393 10 386
0
0
2 1 359 3 369
0
2 6 340 13 294
0
2 14 358 15 449
0
0
3 3 436 10 415 17 408
1 1 362
0
0
2 5 409 19 418
1 11 373
2 8 346 13 398
0
0
0
1 5 472
4 1 381 11 347 12 377 16 444
0
0
2 9 343 19 328
0
1 3 517
2 4 371 5 410
3 1 401 2 413 16 399
2 10 420 12 400
3 3 433 10 339 17 470
1 14 411
0
0
0
0
0
5 1 438 3 392 4 432 10 379 11 445
0
4 7 348 8 363 17 437 20 424
1 17 522
0
0
0
0
0
1 6 397
4 3 427 8 461 13 435 16 478
1 18 428
2 2 475 15 387
1 9 383
0
0
0
0
1 7 443
0
1 8 500
0
4 4 352 6 380 10 434 19 481
0
0
0
0
0
0
2 8 439 10 448
0
2 9 396 13 422
0
0
2 3 505 18 512
0
3 1 412 4 419 14 441
2 14 474 19 447
0
0
0
0
4 2 480 5 493 11 498 14 464
0
1 3 535
0
1 5 530
0
0
0
0
3 4 452 10 442 14 471
2 2 508 16 510
0
1 2 542
3 1 451 15 466 17 477
2 3 538 20 611
0
0
1 3 547
0
0
2 5 462 8 527
0
2 1 499 2 597
2 6 453 7 476
0
0
3 1 583 8 578 10 540
0
0
4 9 423 11 416 12 417 13 402
0
0
2 3 669 8 558
0
0
0
0
0
2 3 467 7 483
0
0
3 10 440 12 459 13 502
0
0
0
0
0
0
0
3 1 425 2 429 5 491
3 6 489 8 496 11 479
2 9 430 14 486
1 10 534
4 1 482 15 484 16 450 17 490
0
2 8 592 18 585
0
1 8 519
0
0
0
0
1 3 494
0
0
0
0
5 1 514 3 501 13 485 14 523 17 566
0
0
0
0
1 10 570
0
2 11 509 16 515
0
1 6 563
1 13 616
0
2 4 454 10 533
0
1 13 541
0
2 3 513 12 516
2 5 572 14 536
3 9 488 15 507 18 495
3 9 503 19 562 20 526
1 10 544
2 2 504 8 586
0
0
0
0
1 6 588
0
3 10 574 15 595 16 553
1 11 531
0
1 5 550
2 1 528 11 594
1 16 613
0
0
0
0
0
0
0
0
1 2 575
2 6 663 11 630
1 9 557
5 1 537 3 609 10 529 13 582 16 660
2 7 518 16 661
0
0
0
0
0
1 9 652
2 9 559 10 641
0
0
0
0
0
0
3 8 631 10 621 11 591
1 5 697
0
0
0
1 2 626
0
0
0
0
0
0
0
0
0
0
0
3 1 543 6 601 8 564
0
0
0
2 2 463 4 457
0
0
1 8 580
0
1 3 637
0
0
0
0
3 3 561 6 551 7 615
3 3 654 9 576 10 640
0
0
0
0
0
1 1 560
0
1 4 633
0
0
0
0
0
0
0
0
0
0
2 1 524 2 487
1 3 674
0
0
0
0
0
0
0
2 2 497 4 546
0
0
0
0
0
0
0
0
0
0
0
0
0
3 3 632 4 644 5 568
0
3 2 567 6 571 8 569
0
2 1 548 9 539
0
0
0
3 1 549 10 598 11 620
2 3 635 12 655
0
0
0
1 2 607
0
0
2 9 600 13 581
0
1 6 579
0
0
1 5 614
0
0
1 4 665
0
1 7 612
0
0
0
0
0
0
1 3 617
2 6 638 8 649
0
0
0
0
0
0
0
0
4 1 565 9 555 10 584 14 596
2 10 664 15 610
0
0
2 10 713 12 718
0
3 8 642 9 603 14 577
0
1 6 670
1 11 648
0
2 3 690 4 717
2 2 646 8 653
2 8 680 16 677
2 2 647 17 707
1 13 679
1 11 675
1 3 755
0
0
0
0
0
1 3 623
0
0
2 3 710 6 700
0
2 5 622 8 618
1 8 625
0
4 9 624 10 628 11 773 14 659
0
2 1 593 15 662
0
0
3 7 678 8 683 10 806
0
4 1 619 5 673 6 672 12 604
0
0
2 2 651 10 731
1 6 676
2 8 770 17 708
2 9 688 18 639
4 1 645 4 634 19 706 20 709
0
1 11 656
0
0
4 1 668 3 689 16 714 17 698
0
2 2 777 8 692
1 6 715
0
0
0
2 1 694 5 684
0
2 12 701 19 726
1 4 681
0
0
1 18 666
0
0
1 11 693
0
1 16 723
1 19 741
2 10 667 15 733
3 9 800 13 757 19 779
1 16 650
0
0
3 2 671 3 736 10 682
3 3 765 9 803 10 805
1 10 818
1 14 721
2 7 725 17 711
1 15 720
0
1 1 734
0
1 2 687
1 13 703
0
1 10 778
1 19 877
0
0
2 5 722 6 751
2 15 657 16 796
1 5 743
3 2 730 8 696 9 699
1 16 752
0
2 6 797 17 728
1 12 754
1 20 732
0
0
3 8 712 14 702 18 724
1 3 780
1 9 705
0
0
0
0
0
1 8 729
1 17 786
1 13 749
1 4 686
3 8 719 15 756 17 762
2 11 744 20 810
0
2 16 735 17 793
1 14 739
1 2 763
1 2 767
2 8 785 17 745
1 14 834
1 1 746
0
1 10 788
1 19 789
2 5 831 16 740
1 1 748
2 6 866 15 766
0
0
1 2 769
1 3 742
0
1 6 808
0
0
0
0
0
0
5 6 792 8 823 12 852 16 781 20 833
0
1 7 760
1 18 798
0
1 11 758
2 9 799 10 784
0
1 4 750
0
3 10 691 12 794 13 878
0
2 8 738 10 817
0
0
0
0
3 3 787 4 825 8 790
0
0
0
1 2 747
0
0
0
0
0
0
0
0
0
0
0
0
0
2 5 772 11 795
0
4 6 804 10 814 13 855 14 824
4 2 764 3 801 9 857 15 867
0
2 2 815 17 774
2 2 868 19 906
2 1 768 20 771
2 16 851 19 807
0
1 8 931
0
0
0
2 9 848 14 820
0
1 5 791
0
0
4 4 846 10 881 15 821 16 872
1 3 943
0
3 10 809 15 888 18 860
1 12 849
0
0
0
1 6 811
0
1 4 874
3 1 830 11 839 14 829
0
0
1 3 991
0
0
0
2 5 836 8 841
0
0
1 12 802
0
0
3 7 826 14 822 15 813
0
1 4 920
1 3 828
0
5 2 889 9 925 10 842 11 941 16 937
0
0
0
1 3 812
0
0
1 6 863
0
0
0
3 8 837 9 854 13 958
1 10 879
0
0
0
4 3 827 15 816 17 869 18 853
0
2 14 843 16 844
1 6 895
0
0
0
0
3 6 901 19 939 20 955
1 9 875
1 12 876
0
0
1 11 892
0
1 10 898
2 6 945 10 973
1 18 927
4 1 840 8 862 11 835 15 838
0
1 5 897
2 3 905 15 914
1 13 903
1 11 932
0
2 2 959 4 933
4 1 850 3 896 9 944 18 970
1 5 997
3 3 832 5 887 7 902
0
3 9 891 14 935 17 865
1 12 883
2 5 940 17 913
0
1 6 986
1 13 882
0
2 2 960 5 921
0
0
1 10 930
0
0
0
0
0
0
1 3 856
0
0
0
0
1 2 983
1 4 884
0
0
0
0
2 5 907 8 912
3 1 873 9 900 10 946
1 9 964
1 11 992
0
0
6 1 858 3 861 12 948 14 909 16 951 17 894
0
0
0
1 6 954
2 8 989 10 956
0
0
0
0
1 12 979
7 4 922 5 885 8 928 15 918 16 984 19 993 20 978
0
3 1 957 5 953 16 899
1 19 908
0
1 5 915
0
0
2 8 949 11 936
1 14 967
0
0
2 8 968 12 999
1 8 981
0
0
2 3 886 10 904
2 2 988 10 995
0
0
0
2 3 980 9 911
0
0
1 5 996
0
0
1 3 982
1 2 1000
0
0
1 5 972
1 1 969
0
0
2 6 950 7 974
0
1 8 971
0
1 3 990
0
0
0
0
0
0
0
2 2 919 3 977
0
0
0
0
0
0
0
0
0
0
0
0
0
0
2 6 963 8 985
0
2 4 926 10 961
0
1 5 976
0
0
2 4 947 9 942
0
0
0
0
1 1 998
0
0
0
0
0
0
0
0
0
1 2 962
0
0
0
1 3 987
0
1 4 965
0
0
0
0
0
1 2 994
0
0
0
0
0
0
