20 1 8 2 22 3 10 4 18 5 15 6 20 7 9 8 30 9 26 10 106 11 53 12 3 13 7 14 16 15 132 16 14 17 36 18 89 19 50 20 56
1 15 29
0
0
0
2 16 128 19 97
0
2 14 71 17 74
1 20 49
2 6 154 15 4
0
2 12 17 15 25
0
2 6 64 11 2
2 2 11 3 42
1 4 28
1 10 35
0
0
3 2 27 8 37 15 117
0
2 16 72 19 32
1 7 23
1 12 19
2 3 48 13 13
2 6 61 13 46
0
4 1 21 6 43 10 70 19 107
0
0
1 7 86
2 2 81 17 65
1 17 96
1 19 55
2 9 75 11 68
3 7 60 18 77 20 5
1 6 58
0
1 20 80
2 11 104 20 39
1 11 51
1 11 12
1 15 182
1 2 124
0
2 3 120 13 85
0
1 5 52
1 20 44
2 9 129 13 83
1 6 87
1 20 140
1 19 63
0
1 13 130
0
1 2 93
1 19 111
1 12 73
2 7 235 12 203
3 6 69 12 134 15 185
1 12 251
1 15 257
0
0
0
0
0
0
4 8 88 10 76 19 118 20 126
2 11 82 16 298
0
1 14 150
2 12 41 15 382
2 6 138 11 227
2 2 122 17 162
1 18 212
1 10 196
2 4 67 14 240
1 20 38
2 18 125 20 105
1 6 115
2 12 131 15 277
0
2 8 102 13 137
2 11 151 18 31
2 1 47 11 79
1 3 91
1 13 216
0
0
0
1 9 314
1 20 254
2 15 322 20 349
0
2 2 94 5 112
1 14 114
1 1 108
1 16 78
1 14 100
1 20 200
2 6 360 12 66
4 6 95 8 198 11 149 19 164
1 11 208
0
0
1 7 285
0
0
1 20 272
1 8 206
0
1 6 280
2 4 101 13 278
1 2 176
0
0
2 7 98 10 169
2 12 127 15 331
2 6 305 18 292
1 15 340
0
0
2 9 366 11 393
1 1 109
2 15 143 19 171
1 6 308
1 17 357
1 7 173
2 2 207 11 195
1 18 356
3 2 214 7 345 20 324
2 14 110 16 190
0
0
1 7 145
2 12 201 17 421
0
0
2 1 157 4 142
2 5 156 19 133
1 3 175
0
0
1 18 103
1 7 153
2 5 202 6 259
1 10 376
0
2 9 489 13 355
0
1 8 222
3 11 276 12 224 13 416
0
3 11 388 17 385 20 188
1 10 426
2 6 209 18 269
1 11 370
0
1 14 148
1 9 378
0
1 2 303
1 11 500
2 13 161 15 229
1 13 533
0
0
0
0
1 9 377
0
2 7 178 20 181
0
1 19 155
1 16 228
1 13 141
2 7 184 9 431
0
0
0
3 4 144 5 234 6 266
0
0
0
1 7 315
2 11 294 15 367
0
1 19 191
2 11 159 12 264
3 11 183 12 163 20 390
2 13 232 15 522
2 3 210 17 399
0
1 6 511
2 12 236 20 423
2 7 432 20 418
0
0
1 10 271
1 11 189
3 5 295 11 282 18 333
0
2 12 454 15 535
0
1 19 514
2 13 246 17 573
1 7 509
1 1 165
1 7 682
2 10 570 13 536
2 15 539 20 620
1 5 602
3 5 563 13 589 15 530
1 12 526
2 2 329 12 348
2 11 581 20 690
2 9 757 13 661
1 15 608
0
1 8 286
1 14 223
1 6 529
0
0
0
2 15 646 20 645
2 1 194 11 219
2 7 217 16 213
1 11 247
2 3 231 11 281
0
3 8 244 11 249 16 275
0
3 2 328 17 427 18 625
1 13 691
0
1 12 726
0
0
1 12 722
0
0
1 15 741
1 5 684
1 6 732
1 19 557
3 6 862 8 748 10 826
2 6 737 12 856
1 13 820
0
1 4 167
0
1 20 233
0
1 6 218
2 6 267 13 180
0
0
1 18 801
0
0
0
2 4 172 9 168
1 8 776
0
1 18 809
1 19 864
0
2 11 262 13 848
0
0
1 16 291
1 20 273
2 1 289 12 255
1 13 221
0
3 5 261 7 258 14 751
3 5 304 14 310 16 383
0
2 10 876 15 852
0
2 14 396 17 334
0
3 2 319 3 394 12 448
1 12 362
2 7 268 18 898
3 6 481 10 445 14 839
0
0
1 19 889
0
0
0
0
1 6 531
1 16 483
1 5 332
1 11 309
2 12 354 15 306
3 6 288 15 321 20 330
2 11 335 15 540
0
2 9 215 18 353
1 16 551
0
1 19 486
0
1 4 186
0
1 20 245
2 12 350 19 582
0
1 2 368
1 16 925
0
0
1 13 846
2 15 391 17 384
1 15 412
2 7 339 20 904
0
3 6 300 7 325 18 160
2 6 352 7 59
0
2 8 225 19 906
1 11 901
1 10 455
0
0
0
0
3 6 361 12 428 19 121
1 1 299
0
0
0
2 12 327 13 116
0
0
0
3 5 411 14 398 18 921
1 4 248
3 4 263 11 187 15 250
2 15 453 17 33
1 3 480
0
1 20 507
3 11 237 12 381 13 123
3 2 337 11 465 18 24
0
0
2 13 436 17 693
1 7 147
2 9 220 16 243
1 8 260
2 5 462 20 317
3 4 284 18 346 19 239
3 6 197 11 927 13 204
0
1 7 918
1 11 962
0
0
1 6 854
0
2 3 555 13 730
0
2 10 508 20 506
0
1 17 541
0
0
1 18 719
0
0
0
0
1 11 869
2 2 343 15 592
2 5 559 19 192
1 12 395
1 6 749
0
0
0
0
1 3 637
1 16 274
0
2 13 413 14 433
0
1 5 606
0
1 7 119
0
1 16 84
0
4 1 320 2 373 12 407 17 387
0
0
0
0
2 11 631 15 279
1 15 995
1 8 336
2 16 307 18 715
2 11 470 13 639
4 11 375 15 113 18 318 19 653
1 11 708
2 11 824 20 290
2 11 139 20 1
4 2 312 4 241 9 256 15 311
1 18 424
1 10 252
0
0
3 11 316 12 341 15 503
2 3 434 12 438
2 12 380 19 711
1 2 342
1 17 389
1 20 430
2 6 475 20 313
0
1 11 392
2 7 297 9 410
1 20 400
1 16 293
1 6 545
1 11 404
0
0
0
3 5 446 12 460 18 419
1 5 479
0
0
3 11 495 14 488 16 457
1 14 437
2 12 463 20 401
2 5 379 20 152
2 6 242 10 951
0
0
1 13 296
3 6 580 11 579 15 205
6 1 372 6 403 11 429 17 473 19 166 20 211
0
1 6 498
2 12 534 15 40
0
4 5 456 13 199 14 830 20 57
2 11 998 13 504
1 10 798
1 2 347
1 12 630
2 1 450 20 193
2 8 99 15 135
1 11 253
1 19 136
1 7 344
1 5 351
2 12 667 17 374
1 13 54
2 11 90 14 816
0
1 15 238
0
2 2 359 19 406
0
1 17 935
1 6 177
2 11 34 20 287
0
0
2 4 323 10 301
1 11 326
1 13 676
0
2 11 974 14 158
1 6 230
1 20 807
1 10 363
1 1 302
3 6 92 8 265 16 6
0
0
4 7 415 11 484 18 471 19 179
1 15 338
0
2 5 397 13 364
0
1 3 441
0
1 9 358
0
1 7 487
3 7 502 11 435 12 283
4 1 739 7 528 18 45 20 936
0
2 13 464 19 386
0
0
2 6 622 17 174
0
0
0
0
1 11 517
1 12 422
0
0
1 14 414
0
0
0
1 10 447
1 10 452
0
1 15 62
2 2 439 16 365
0
2 4 371 13 409
0
0
2 6 405 11 513
3 3 459 11 472 13 458
0
0
1 19 467
0
0
0
2 18 552 20 524
0
2 2 512 11 550
2 7 636 11 369
0
0
0
0
1 10 468
0
1 11 226
1 8 146
1 5 420
3 7 270 12 985 18 477
0
0
0
1 20 597
2 9 449 20 170
0
0
2 6 478 13 554
0
0
0
1 5 494
0
1 10 442
0
0
1 1 556
0
1 5 496
0
1 5 417
0
0
0
0
0
2 2 585 10 578
0
2 3 532 11 538
0
4 4 425 11 408 13 402 14 444
1 11 469
2 5 482 15 485
1 11 569
0
0
0
0
3 2 505 6 547 11 609
2 4 440 13 519
0
0
0
0
0
0
0
0
0
0
0
0
0
0
0
0
0
0
0
0
0
1 2 461
0
0
0
0
0
0
1 2 523
0
0
1 3 491
0
0
0
0
4 4 451 5 493 6 476 7 443
3 5 577 8 527 9 576
0
0
0
0
0
0
0
0
0
0
0
0
0
0
0
0
0
0
1 1 596
0
0
0
0
0
0
0
0
0
0
0
0
0
1 1 564
0
0
0
0
0
0
0
0
0
0
0
0
0
0
0
2 2 544 5 501
0
0
4 4 466 6 474 7 510 8 537
0
0
0
0
0
2 1 624 5 657
2 3 548 9 518
0
0
0
0
0
0
0
0
0
0
0
0
0
2 5 490 6 520
0
0
0
0
2 7 560 10 516
1 6 586
0
2 2 571 6 618
0
0
0
0
0
0
0
0
0
0
0
1 2 584
2 1 641 11 713
0
0
0
0
0
0
0
0
2 4 492 11 561
4 5 499 11 553 12 619 13 604
0
0
0
0
3 7 562 11 572 12 634
1 6 674
0
0
0
1 2 598
0
0
0
0
0
2 1 712 7 669
0
0
0
0
0
0
0
1 8 588
0
2 1 720 9 754
0
1 6 595
5 5 525 10 574 11 567 12 566 13 575
1 11 652
3 3 549 14 565 15 647
0
1 14 638
4 2 612 6 677 16 658 17 613
0
0
0
1 9 766
0
0
1 6 707
0
0
0
0
0
0
0
0
0
0
0
0
0
0
0
0
1 7 607
0
1 10 664
0
0
0
0
0
0
0
0
1 1 542
0
0
3 4 515 5 649 8 497
0
0
1 6 663
2 5 650 9 662
0
0
1 2 635
0
0
0
0
0
0
0
3 3 603 6 591 7 626
0
0
0
0
0
0
0
0
3 2 660 6 671 9 655
0
0
0
0
4 3 632 10 683 11 698 12 642
2 2 721 13 759
3 5 651 13 779 14 786
0
0
0
0
0
0
1 6 679
1 5 686
0
0
1 8 718
0
0
2 1 621 9 611
0
0
0
1 1 696
0
0
0
1 2 705
0
0
3 4 568 5 521 6 543
0
0
0
0
0
1 7 747
1 9 614
0
0
0
0
0
0
0
2 6 546 8 594
0
0
0
4 3 615 5 600 7 558 10 617
0
0
0
0
0
0
1 6 675
0
0
1 3 628
0
0
1 1 763
2 2 706 7 802
0
0
0
0
0
0
0
0
0
0
0
0
0
0
0
1 1 644
0
0
0
0
0
2 4 583 5 605
0
0
0
0
0
0
0
1 1 623
0
0
0
0
0
0
0
1 2 774
0
0
0
2 3 601 6 659
0
0
0
2 1 629 5 610
0
0
0
0
0
0
0
0
0
0
0
0
0
0
0
0
0
0
2 3 673 5 689
2 2 845 7 778
0
0
0
0
0
0
0
0
0
0
0
0
0
0
0
1 2 680
0
0
0
0
0
0
4 3 599 4 587 6 633 7 590
1 1 699
0
0
0
0
2 2 760 8 710
0
0
1 4 616
0
0
0
0
0
0
0
0
0
0
0
0
2 6 648 9 694
0
1 7 593
0
0
0
0
2 5 666 6 654
0
0
0
0
0
0
0
0
0
0
0
0
0
0
0
0
0
0
0
0
2 1 714 5 668
0
0
0
0
0
0
3 2 672 3 627 7 656
0
0
1 6 752
1 6 764
1 5 738
3 7 704 10 687 11 702
0
2 4 643 11 709
1 8 771
0
1 6 799
0
0
0
0
0
0
0
0
0
0
0
3 5 875 6 894 7 855
0
0
0
0
0
2 11 783 12 782
0
0
0
0
0
0
0
3 2 729 6 723 7 769
0
0
0
0
0
0
0
0
1 5 922
5 4 665 7 735 9 692 10 733 11 678
4 3 703 13 685 14 724 15 640
0
1 14 812
4 6 859 14 785 16 743 17 815
0
0
2 10 695 12 731
0
0
0
0
2 1 822 7 796
0
0
0
0
0
0
2 3 870 6 775
0
0
1 6 883
0
0
2 6 940 7 970
0
1 3 873
0
0
2 2 734 7 784
0
1 8 827
2 3 982 6 944
0
0
0
0
0
2 3 740 9 756
0
4 4 742 10 670 11 688 12 727
0
0
0
1 8 872
0
0
0
0
0
0
1 1 833
0
1 5 768
0
0
0
0
0
0
0
0
0
0
0
2 2 750 6 753
2 6 772 7 736
0
2 3 792 5 832
4 9 700 10 744 11 681 12 717
0
0
0
1 6 842
1 8 961
0
0
6 4 745 6 790 11 761 13 725 14 900 15 697
1 11 767
2 7 795 11 945
2 10 789 14 794
0
0
0
0
0
0
1 13 770
3 2 765 16 788 17 780
1 13 825
7 4 716 9 762 10 773 15 818 18 728 19 701 20 746
0
1 17 787
2 3 853 12 861
0
2 5 841 6 837
0
0
2 5 863 8 905
0
0
0
1 11 874
0
0
0
0
0
0
4 2 793 6 781 7 808 12 804
0
0
2 5 931 6 777
0
1 3 871
0
0
0
0
0
0
4 1 805 4 758 6 813 7 797
0
0
1 4 803
0
1 6 829
0
0
0
0
1 6 911
4 2 814 8 851 10 834 11 810
0
0
0
1 7 755
0
0
0
0
0
0
0
0
2 3 840 7 903
0
0
0
4 9 791 11 843 12 844 13 800
1 12 887
0
2 9 838 14 811
0
1 14 907
2 11 932 15 860
1 11 967
2 8 865 16 902
0
0
4 2 849 12 836 17 817 18 868
1 2 881
1 4 867
0
0
1 6 850
0
0
0
1 5 957
0
0
0
0
1 4 879
0
0
0
0
0
0
0
3 1 806 6 835 10 819
0
2 5 893 9 880
0
0
0
0
0
0
1 7 895
0
1 11 989
0
2 3 857 12 926
1 10 828
3 5 847 13 923 14 929
0
0
0
2 13 955 14 1000
0
0
3 8 884 14 891 15 866
0
0
0
3 1 823 12 821 13 983
3 2 882 12 877 16 966
0
0
0
0
2 6 915 11 886
1 13 916
0
0
0
1 7 919
1 11 878
4 4 912 7 924 10 960 12 973
2 11 890 14 888
0
0
0
0
0
0
0
0
0
0
3 2 908 4 942 7 978
0
0
0
4 5 934 9 917 10 928 11 963
0
0
1 2 969
0
0
4 5 946 10 948 11 947 13 964
0
0
0
0
0
2 4 885 6 954
0
3 1 831 8 899 12 896
0
0
0
1 3 897
0
3 4 909 6 892 10 930
1 10 990
0
0
5 4 920 15 938 16 988 17 999 18 953
0
0
1 15 941
0
0
1 11 971
1 13 997
0
0
0
1 1 858
1 2 993
0
0
0
0
0
0
2 3 943 4 991
1 6 914
0
0
0
2 6 976 7 977
0
0
0
0
0
0
1 5 959
0
0
1 6 994
0
0
0
2 5 972 8 981
1 5 987
1 7 980
0
0
0
0
0
0
0
0
0
0
0
0
0
0
0
0
0
0
0
0
1 2 992
0
0
0
0
0
3 3 975 5 950 6 984
0
0
0
0
0
0
0
0
0
0
0
0
0
0
0
1 3 979
0
5 1 910 4 956 7 933 8 937 9 939
0
0
0
0
0
0
0
0
0
0
0
0
0
0
0
0
0
1 2 949
0
0
0
0
1 3 965
0
0
3 1 952 4 913 5 986
0
0
0
0
0
0
0
1 2 996
0
0
0
0
0
0
0
0
0
0
0
0
0
0
0
0
0
0
0
0
0
0
0
0
0
0
0
0
0
0
0
0
0
0
0
0
0
2 1 958 2 968
0
0
0
0
0
0
0
0
0
0
0
0
0
0
0
