20 1 89 2 32 3 101 4 57 5 93 6 237 7 39 8 15 9 49 10 41 11 103 12 62 13 286 14 90 15 135 16 191 17 99 18 56 19 115 20 67
2 9 104 10 345
0
0
0
0
1 7 81
0
1 20 94
0
1 11 108
2 7 132 11 185
1 13 299
1 8 84
0
1 16 23
1 11 9
1 9 250
0
1 14 153
1 20 361
0
0
1 2 118
0
1 14 175
1 14 133
0
0
2 16 52 19 482
1 12 45
1 2 204
0
0
0
0
0
2 6 332 14 187
0
4 3 105 5 471 11 284 20 281
1 4 156
2 12 136 19 109
1 10 359
0
1 10 399
1 10 502
0
2 17 198 20 312
0
2 6 649 11 285
0
1 4 220
2 3 271 7 193
1 2 265
2 1 144 16 128
1 9 125
1 13 301
0
0
1 10 532
1 4 258
0
0
0
0
1 15 180
1 18 429
1 8 605
1 20 143
1 2 351
0
0
1 14 275
1 6 435
0
1 2 387
2 5 545 20 47
0
0
0
0
2 5 598 10 362
1 5 646
1 3 401
0
1 1 152
0
1 9 211
2 10 335 11 163
0
1 12 148
1 19 188
0
0
1 13 405
1 13 453
0
1 2 463
1 10 473
1 17 209
0
0
2 13 190 15 278
0
0
1 7 221
1 10 445
0
1 16 192
0
1 4 376
2 7 247 18 541
2 5 322 15 617
0
1 11 60
0
1 1 157
0
0
1 4 659
1 19 35
2 3 302 9 446
0
0
0
1 4 632
0
0
1 17 233
1 20 61
0
1 20 217
2 8 360 14 76
2 5 408 12 388
2 6 213 13 528
0
2 10 287 20 488
3 9 514 14 64 18 556
0
1 2 678
1 4 699
0
0
0
0
1 3 685
3 14 243 16 270 17 566
0
0
1 11 427
3 4 251 6 305 7 651
1 15 727
0
0
0
1 9 544
0
0
0
0
1 3 522
2 2 168 11 347
3 1 216 10 375 19 87
1 10 439
1 14 480
0
1 15 745
0
1 9 548
1 3 596
1 11 374
0
0
0
2 1 274 9 422
0
1 12 68
1 18 212
2 7 560 20 512
1 2 525
2 2 24 13 661
2 5 392 6 667
0
1 12 100
0
2 4 320 11 430
1 16 279
0
2 10 498 12 695
0
1 9 627
0
1 14 740
2 10 562 17 567
1 3 75
1 14 80
0
0
0
0
0
2 1 280 5 356
2 2 364 8 421
0
1 3 409
0
0
1 6 647
0
2 2 379 18 226
0
0
1 4 330
2 11 186 19 762
0
3 3 378 5 459 17 625
1 15 795
1 7 657
1 20 161
0
0
0
0
1 14 707
1 14 697
1 18 519
0
1 10 764
0
1 2 395
0
2 6 715 12 844
2 12 21 20 165
0
1 4 353
1 2 484
0
1 13 692
0
1 7 184
0
1 14 150
1 12 48
1 13 28
2 1 349 5 354
1 16 523
0
0
3 3 443 10 259 11 775
0
2 9 645 15 798
0
1 12 684
1 6 839
1 8 507
1 7 127
1 1 411
3 2 372 4 518 13 825
0
1 3 460
1 11 492
0
0
1 19 340
0
0
0
4 1 417 12 455 15 162 19 317
1 14 155
0
0
2 5 442 6 691
0
1 18 225
1 14 481
0
2 17 718 18 520
1 20 248
0
2 4 533 14 149
0
0
0
2 8 811 18 433
1 14 723
1 3 529
0
0
1 5 865
2 2 466 20 293
0
2 11 581 16 515
0
1 1 470
1 2 420
0
1 10 308
2 10 402 11 509
2 6 468 10 593
1 13 809
0
1 2 423
1 8 231
0
0
1 2 490
1 15 754
1 20 752
3 7 703 9 106 18 172
1 14 18
0
1 14 500
0
1 5 370
2 3 609 7 757
0
3 5 569 16 491 19 830
1 4 626
1 14 712
0
0
1 12 804
0
0
0
1 3 653
1 6 20
0
2 1 483 16 501
0
0
1 13 357
1 11 602
1 10 682
0
0
3 2 503 7 613 11 783
0
3 4 633 9 814 20 253
1 4 665
1 10 2
1 11 820
1 3 656
1 1 508
1 12 583
1 8 249
0
2 5 464 13 432
2 9 874 15 570
1 10 196
0
1 17 145
0
1 14 571
0
0
0
0
1 19 884
1 11 713
3 7 705 12 326 20 489
1 11 700
0
2 8 843 9 78
1 13 663
2 11 451 20 850
1 12 183
0
1 3 670
1 8 851
1 5 311
3 9 890 13 535 19 77
0
1 11 55
3 2 543 10 254 18 252
0
0
4 4 538 5 779 16 400 20 905
3 1 563 6 66 12 599
1 12 215
2 2 638 10 630
1 10 706
3 3 683 10 306 15 669
3 6 164 9 909 10 828
0
0
2 6 797 9 126
0
0
0
1 12 120
0
1 7 733
1 10 612
0
1 10 681
1 2 701
1 13 587
0
1 6 138
2 8 881 9 214
3 4 552 11 124 15 241
2 5 711 13 452
0
1 18 805
1 14 860
0
1 10 677
1 4 572
1 11 176
0
0
0
2 3 721 20 808
1 19 113
0
2 3 780 12 95
2 5 386 17 98
0
0
1 7 769
1 2 735
0
0
2 2 763 19 440
0
1 14 813
1 6 920
1 6 537
1 10 38
1 10 897
1 6 244
0
1 16 414
0
2 6 177 8 936
1 10 928
2 9 674 10 551
0
3 2 873 15 314 18 958
1 16 637
2 4 620 13 458
0
1 11 266
2 11 894 12 203
1 1 573
1 6 616
4 2 546 9 344 10 116 16 662
2 3 628 4 857
2 8 926 11 910
2 6 622 15 4
1 6 719
1 13 765
1 6 768
0
1 7 819
1 11 777
1 18 477
0
0
0
2 7 146 10 31
2 5 934 20 774
2 1 643 12 8
0
0
1 6 852
0
1 6 789
1 9 580
0
0
0
0
0
0
0
3 2 778 6 879 19 902
0
0
1 3 54
0
0
3 11 870 13 201 15 832
2 4 911 14 896
3 10 846 16 262 17 487
0
0
0
0
2 5 230 12 497
0
0
1 12 554
0
1 12 693
1 4 307
2 1 704 5 737
0
0
0
2 4 722 7 86
1 12 790
0
1 8 179
1 12 331
1 2 841
0
2 7 521 18 355
1 9 767
1 4 631
1 7 524
0
0
1 6 859
1 20 921
1 12 729
1 12 134
0
0
1 11 784
2 2 390 4 6
0
2 7 604 18 906
2 3 294 6 688
2 8 333 10 709
0
0
2 9 816 11 51
1 12 485
0
2 7 770 14 773
1 1 744
1 20 716
0
1 19 589
2 3 935 10 687
0
0
1 18 338
1 13 942
2 4 878 15 555
1 2 654
1 8 348
3 6 557 11 328 12 448
0
0
1 5 800
1 5 821
0
0
1 3 63
1 7 407
1 1 782
2 1 788 9 931
1 10 673
0
0
0
0
1 20 242
0
4 1 864 6 549 13 36 17 166
1 14 227
0
0
1 16 352
0
1 19 170
2 5 840 16 853
2 4 194 10 908
1 3 660
1 11 218
2 2 834 6 734
0
0
1 18 885
1 12 929
0
0
0
0
0
1 5 899
1 15 160
0
0
0
1 20 343
1 8 34
0
0
0
1 9 817
0
0
2 5 919 7 454
1 6 938
0
0
1 11 658
0
1 13 59
0
0
0
1 14 25
1 10 11
1 13 868
2 10 957 14 436
2 3 925 10 83
2 2 898 14 510
2 2 836 14 577
1 10 151
2 3 246 17 725
0
3 4 17 10 415 12 342
1 13 574
1 10 724
2 10 923 19 600
4 1 867 2 686 10 950 14 267
1 4 679
2 3 614 10 943
1 12 334
0
2 3 939 4 945
1 16 85
2 10 43 19 802
3 1 316 11 962 17 97
1 13 142
2 2 644 12 511
1 14 944
0
2 6 615 18 924
0
0
3 5 743 19 107 20 404
2 2 913 16 418
1 3 531
3 9 234 10 504 11 425
1 1 496
1 4 756
2 2 922 20 845
4 3 367 10 261 15 833 17 806
1 12 276
0
1 4 273
0
1 9 298
1 14 893
1 2 235
2 8 238 11 636
3 6 290 13 277 20 207
1 7 516
0
0
1 10 403
4 3 462 4 766 5 472 19 750
0
1 16 863
0
2 7 159 12 412
1 18 963
1 6 559
0
0
0
0
3 9 900 10 550 11 582
1 13 114
0
0
2 1 981 17 410
2 5 835 7 325
0
1 14 676
1 3 380
2 2 158 11 303
1 15 419
1 4 847
2 19 12 20 739
0
0
0
1 12 720
0
1 5 315
1 6 918
1 8 30
1 10 137
0
0
0
1 3 584
0
1 7 837
1 16 886
0
0
0
0
0
0
0
1 2 856
1 4 568
0
2 6 479 12 591
3 9 742 15 946 20 751
3 1 296 10 438 18 495
0
1 13 849
1 14 787
0
1 5 140
0
1 17 269
1 11 389
1 19 339
0
1 7 947
0
0
0
0
0
0
0
0
2 3 398 8 668
0
0
0
0
0
0
0
0
0
0
0
0
0
1 6 42
2 2 268 16 974
1 12 40
1 10 829
0
0
0
0
0
0
0
0
1 1 623
3 3 539 4 786 13 119
1 14 624
0
0
0
2 9 640 15 968
1 11 197
1 11 413
1 11 815
2 5 256 20 476
1 5 793
1 5 862
1 19 680
2 11 891 20 666
0
0
0
0
2 5 771 11 696
4 6 933 7 406 11 366 18 447
4 6 732 7 842 11 449 19 866
0
2 5 282 6 889
5 2 318 5 139 6 371 17 785 20 16
2 2 608 6 597
3 7 329 18 121 19 694
2 11 72 20 717
1 2 381
2 4 391 5 959
0
1 6 13
2 4 803 11 831
0
2 17 561 20 618
3 10 540 11 289 12 173
0
4 2 965 4 283 5 634 6 953
1 19 385
4 3 708 10 595 11 872 12 822
1 11 444
3 5 123 8 838 18 474
2 4 714 6 988
3 2 810 10 450 20 997
4 2 759 7 467 10 461 17 505
1 11 228
1 3 876
2 2 869 12 710
0
4 10 65 12 738 13 310 19 69
2 5 579 16 255
1 7 397
2 6 575 10 26
0
2 2 58 18 205
2 12 932 20 199
0
2 3 22 11 171
0
3 12 206 13 1000 19 324
2 8 980 10 457
5 1 641 7 675 9 994 14 982 16 478
2 5 5 6 224
1 17 53
1 4 295
1 11 73
1 2 960
3 1 794 10 796 20 300
1 12 601
3 7 736 13 956 19 848
0
2 9 999 15 346
2 9 536 18 297
0
1 3 245
0
0
3 5 368 6 858 14 229
1 11 19
0
0
2 13 394 16 972
1 9 861
2 2 182 17 875
3 4 937 7 760 10 871
0
3 6 907 12 437 19 309
1 1 973
1 8 969
2 5 493 9 984
2 10 210 15 169
0
0
1 20 883
4 2 202 3 753 14 189 18 71
0
1 11 989
0
0
0
1 12 117
1 9 102
2 13 195 16 747
2 6 469 7 888
1 11 781
1 10 486
0
2 5 383 17 110
1 3 671
0
1 19 499
0
1 10 96
1 4 553
0
2 11 291 14 219
4 1 610 2 494 8 130 12 855
0
0
2 7 726 20 588
1 6 971
0
0
0
1 18 534
0
2 9 208 13 223
1 3 304
0
3 10 365 11 222 15 7
1 5 901
0
0
3 12 912 16 990 19 122
2 1 672 6 983
0
0
0
0
1 2 655
0
1 4 818
3 7 903 14 730 17 393
0
0
0
2 8 336 20 746
1 10 904
2 9 986 12 964
2 3 141 13 895
1 2 111
0
1 11 603
0
0
1 18 27
0
0
1 2 961
1 1 44
1 16 978
1 5 629
1 19 951
0
3 4 174 6 530 15 728
1 10 416
0
1 20 240
0
0
2 11 887 12 823
0
1 14 948
0
0
1 7 648
0
1 3 441
1 13 592
0
1 8 741
0
4 2 749 9 940 10 558 17 147
1 5 363
0
1 11 776
1 6 917
0
0
0
0
1 16 880
1 19 761
0
1 18 70
0
2 12 74 14 941
0
0
2 7 854 11 801
2 1 792 20 431
0
0
1 4 976
1 3 465
0
1 13 82
0
0
1 11 29
1 10 619
0
1 15 979
2 2 564 5 327
0
0
1 10 92
1 6 239
2 9 232 11 257
0
0
0
0
0
1 17 992
0
1 4 892
2 1 37 8 288
0
1 20 949
2 10 384 12 916
1 14 426
0
0
1 11 967
1 3 424
0
1 16 319
3 5 954 6 547 7 506
2 13 985 19 652
0
1 18 585
1 10 594
0
1 9 993
0
0
0
0
0
0
0
0
1 4 542
0
1 2 129
0
1 12 914
1 11 517
0
0
0
1 20 758
1 3 966
1 1 260
1 14 33
1 15 930
0
0
1 10 664
0
0
1 19 341
0
1 7 337
0
0
1 4 200
0
1 6 991
0
1 11 975
0
0
0
3 13 46 17 955 18 1
1 8 987
2 5 702 12 952
0
0
0
0
0
1 10 112
2 3 755 16 576
1 2 590
1 9 812
0
0
1 11 373
0
0
0
0
1 20 882
0
0
1 14 611
0
0
0
0
1 7 475
0
2 6 748 15 995
0
1 1 178
1 12 358
0
1 5 350
0
1 3 877
2 4 607 19 14
1 2 79
0
0
0
0
0
0
0
0
1 10 606
0
0
1 11 689
0
0
1 13 639
1 6 10
0
1 17 323
1 18 998
2 8 996 9 236
0
0
0
0
1 20 526
0
1 10 513
0
0
1 16 50
0
0
0
0
1 3 824
2 4 167 14 635
1 7 263
2 1 396 2 642
1 12 731
0
0
0
0
3 5 791 15 826 19 456
1 11 377
0
0
0
0
0
0
0
0
0
0
1 6 565
0
0
1 20 915
0
0
0
0
1 13 292
0
0
0
0
0
2 9 91 10 977
0
0
0
1 11 272
0
1 4 382
2 3 321 17 434
0
0
1 14 799
0
1 8 154
0
0
1 12 690
2 7 927 16 369
0
1 2 181
1 18 578
0
0
0
1 5 131
0
0
0
0
0
1 6 621
1 1 586
0
1 10 428
0
0
0
0
1 15 970
1 20 313
1 3 827
0
0
1 13 88
0
0
0
0
0
0
1 19 3
0
2 4 527 11 807
0
0
1 9 650
1 3 264
0
2 2 698 14 772
0
0
0
0
0
0
0
0
0
0
0
0
0
0
0
0
0
0
0
0
0
0
0
0
0
0
0
0
0
0
0
0
0
0
0
0
0
0
0
0
0
0
0
0
0
0
0
0
0
0
0
0
0
0
0
0
0
0
0
0
0
0
0
0
0
0
