20 1 84 2 13 3 79 4 20 5 231 6 42 7 44 8 138 9 218 10 257 11 129 12 16 13 91 14 294 15 292 16 47 17 27 18 306 19 260 20 15
2 10 235 15 310
0
0
1 5 259
0
1 18 343
1 5 327
0
2 15 434 17 413
0
0
1 15 318
1 9 372
1 12 441
1 10 459
2 4 45 10 465
2 5 481 17 542
0
2 15 486 19 593
2 13 499 15 582
0
1 3 524
0
0
1 10 605
1 10 515
0
1 6 641
0
2 4 689 14 675
0
1 11 677
0
2 15 763 17 785
0
2 2 817 8 846
3 7 737 10 798 17 739
3 7 831 10 828 12 854
1 6 770
1 18 934
1 5 896
0
2 1 961 10 909
1 3 952
1 10 6
1 10 976
2 3 449 14 929
1 5 41
1 10 22
1 9 10
2 1 46 11 18
1 13 19
1 16 5
0
2 12 11 18 2
0
1 3 35
0
0
0
2 7 181 10 17
0
0
0
1 3 118
3 10 37 14 14 20 32
1 7 26
0
0
1 19 679
1 15 183
1 17 8
2 17 21 19 705
1 5 3
2 2 78 9 23
0
1 10 119
0
1 4 4
0
0
1 6 50
2 7 38 8 33
0
0
0
0
1 3 1
0
0
0
0
0
1 1 98
0
0
0
6 4 9 9 66 10 53 11 90 16 89 17 31
0
2 12 60 18 29
1 14 24
1 19 781
1 4 12
1 8 48
1 10 69
1 5 28
0
3 4 74 9 82 15 67
0
0
0
0
0
2 3 141 15 76
1 13 56
4 4 62 14 30 16 36 18 49
1 9 101
2 7 43 20 39
0
1 12 59
0
0
2 2 206 3 58
1 3 113
0
0
4 1 109 9 63 10 70 17 55
1 17 57
1 3 125
3 6 117 14 7 17 54
0
1 3 34
1 2 51
2 4 71 12 92
1 1 153
2 8 72 12 105
1 20 52
0
1 2 86
0
1 10 156
0
1 13 65
0
0
0
3 11 139 14 150 15 25
0
1 1 229
0
4 11 40 15 112 18 111 19 81
0
0
4 4 64 9 73 15 104 18 99
2 7 94 20 102
0
0
0
1 9 174
2 8 88 10 80
0
1 11 115
0
2 5 110 12 122
0
2 2 163 13 124
0
0
0
3 1 93 14 68 16 114
1 3 61
3 3 121 6 137 18 97
1 1 100
1 16 135
1 14 85
1 7 128
1 11 134
1 10 83
3 1 75 6 145 17 95
1 17 188
1 9 77
0
0
1 14 96
0
0
0
1 4 149
2 13 127 15 107
0
5 7 158 8 103 12 126 18 108 19 132
1 5 157
2 7 170 15 116
0
1 17 205
2 8 164 20 123
3 2 140 3 196 15 143
2 3 245 5 159
0
0
0
0
1 4 173
2 1 120 5 87
0
0
0
0
2 11 256 12 283
0
0
0
0
3 6 106 10 154 12 142
1 14 136
0
0
0
5 2 186 6 190 9 146 15 179 16 144
0
0
0
0
0
0
0
0
0
0
0
0
1 4 130
1 3 246
0
0
0
6 6 148 7 147 9 182 10 195 12 162 13 152
3 14 166 15 172 17 168
0
0
0
0
3 8 221 10 255 11 175
0
0
3 1 155 6 133 10 192
0
2 7 200 10 269
1 10 330
1 10 193
1 5 131
0
0
0
0
0
2 6 222 10 216
1 10 240
0
0
3 1 177 10 232 13 203
0
3 3 178 10 176 14 169
0
0
0
0
0
0
1 3 313
3 4 224 6 151 10 160
0
0
1 5 201
1 9 184
0
1 2 207
0
2 10 167 15 161
0
1 3 376
1 1 237
0
0
0
0
4 7 194 9 226 10 212 11 185
3 10 171 12 165 16 214
0
2 4 234 8 244
0
0
0
2 15 228 17 204
1 13 210
0
0
1 1 213
2 1 248 2 312
0
0
0
0
0
0
2 4 227 7 261
0
0
1 9 191
0
0
1 3 263
0
1 5 230
0
0
3 4 252 7 315 8 253
0
0
0
2 2 199 9 198
0
1 5 268
2 6 180 10 241
0
0
0
0
5 6 208 10 247 11 251 12 338 14 187
2 4 267 14 189
2 2 202 15 289
0
0
0
0
3 13 242 15 239 16 258
1 13 249
0
0
2 14 233 17 197
2 1 209 6 211
1 8 271
0
0
0
3 17 284 18 225 19 220
2 3 300 20 324
0
1 1 270
0
0
3 8 265 11 264 12 266
1 2 215
0
0
0
0
0
0
0
0
1 10 317
0
0
5 3 236 5 217 9 278 13 285 14 276
0
0
0
1 4 219
0
0
2 5 254 7 335
1 4 274
0
0
1 4 290
0
0
0
1 1 287
3 9 291 10 281 12 316
0
1 8 272
0
0
0
0
1 2 299
1 6 352
0
0
2 11 238 12 223
0
1 10 297
0
0
1 10 342
0
0
0
0
0
0
0
0
0
0
0
0
0
3 1 295 2 329 3 243
0
0
0
0
0
0
0
0
0
1 4 298
0
0
0
0
0
2 4 262 5 383
3 7 302 9 339 10 321
0
1 1 355
0
1 1 282
0
0
2 4 341 5 322
0
0
0
2 6 311 8 307
0
0
0
0
3 2 308 5 340 7 367
0
0
0
0
0
0
0
0
0
0
1 4 408
0
0
0
0
0
2 1 344 3 301
5 9 273 10 277 11 275 12 250 13 304
3 8 305 10 288 14 286
0
0
0
0
2 9 279 15 365
0
0
1 1 362
0
0
0
4 3 373 10 309 14 328 16 356
1 7 381
0
0
4 5 319 6 346 10 348 11 382
1 10 375
1 14 369
0
2 2 378 15 314
0
2 4 323 8 399
0
2 9 280 10 293
1 2 386
0
0
1 7 384
0
3 10 333 17 336 18 390
0
0
0
3 5 332 14 326 18 394
1 12 334
0
1 2 398
0
0
0
1 11 425
0
1 13 331
0
0
0
2 1 320 7 296
3 2 353 6 363 9 388
0
1 3 377
1 4 395
0
1 6 364
0
0
0
0
0
0
0
0
0
0
0
0
2 4 404 8 337
0
2 5 349 9 393
0
0
0
1 4 409
0
0
0
0
4 3 303 4 396 5 368 7 387
0
0
0
0
0
2 3 351 10 370
4 2 354 6 379 12 414 13 397
0
0
5 1 325 14 345 15 361 16 358 17 389
0
0
0
0
0
0
1 12 374
0
0
0
0
4 14 347 15 415 18 401 19 366
0
0
0
0
5 2 380 7 402 9 407 10 417 20 403
1 10 435
0
2 12 391 17 432
1 6 439
2 1 350 17 359
0
0
0
2 2 357 3 427
0
1 11 450
0
0
0
3 4 405 5 433 17 424
0
0
0
0
0
2 10 418 16 437
1 4 444
0
2 6 385 8 371
2 9 440 10 431
0
1 5 452
0
0
0
2 1 360 13 416
4 12 400 14 468 15 420 17 443
0
0
4 2 422 15 410 16 446 18 426
0
2 11 480 20 464
2 1 451 15 392
1 5 501
0
0
1 10 474
1 3 447
0
2 3 462 5 469
0
0
2 4 467 9 476
3 4 442 14 473 15 438
0
1 2 454
5 4 461 6 423 7 406 17 421 18 411
1 19 470
1 9 471
0
0
0
0
1 3 489
0
1 6 428
0
2 10 453 17 436
1 10 478
1 3 550
0
0
0
0
4 5 505 10 487 14 566 18 510
0
3 6 457 10 475 19 484
0
0
0
0
1 15 448
2 10 456 12 532
2 1 458 16 455
0
0
0
0
0
2 3 466 4 491
4 7 412 8 419 11 479 12 567
0
0
0
0
5 3 485 5 493 6 494 13 482 14 520
1 2 460
1 15 508
4 9 517 10 513 17 552 18 503
1 10 569
0
0
0
1 10 632
1 10 660
2 2 504 10 502
0
0
0
2 1 572 6 529
0
0
0
0
1 3 506
2 2 539 6 527
0
0
0
0
0
0
0
0
0
3 1 445 3 429 7 495
1 8 483
0
1 9 498
3 1 463 2 541 10 571
1 5 500
0
4 4 519 12 512 13 516 15 587
0
0
0
2 3 522 4 430
0
0
0
0
0
0
0
0
0
0
0
0
0
0
0
0
0
0
1 2 530
0
0
7 3 496 4 490 5 549 6 554 8 492 10 526 11 583
0
0
0
0
4 1 472 5 477 12 547 14 528
2 6 544 7 651
1 3 507
4 4 548 6 565 15 514 16 594
0
1 2 525
1 4 557
0
0
0
3 5 523 7 573 9 742
7 1 488 3 497 10 534 13 555 14 509 15 531 17 563
4 3 518 10 580 17 613 18 535
1 10 624
2 10 685 19 695
0
0
0
0
1 5 617
1 6 560
0
2 8 595 12 561
0
0
0
0
0
4 1 511 9 536 10 537 14 556
0
0
0
0
0
0
1 6 599
0
0
2 10 545 16 559
0
0
0
3 2 570 4 575 7 625
0
0
5 1 551 8 538 9 533 17 601 18 521
0
0
0
1 11 614
1 14 558
1 12 598
0
0
2 3 553 11 546
4 10 543 14 564 15 644 19 540
0
0
0
1 10 621
1 1 578
0
0
1 5 629
0
0
0
0
0
0
6 2 581 6 576 7 584 9 616 10 585 13 589
1 11 568
2 14 686 15 607
0
0
0
2 1 596 16 615
0
1 7 608
1 10 619
0
0
2 4 579 12 650
0
0
0
1 9 631
0
0
1 14 756
0
2 9 648 17 638
0
0
5 1 606 3 577 8 597 15 562 18 628
3 5 609 15 574 18 649
0
0
0
0
0
5 3 592 6 588 13 602 19 586 20 627
0
0
1 5 681
0
0
0
0
0
0
1 1 610
1 6 637
4 4 590 8 618 10 612 11 667
0
0
0
0
4 2 600 5 604 9 634 12 622
0
1 14 666
0
0
0
0
1 15 591
0
0
0
0
0
0
3 7 688 10 719 12 645
0
0
0
0
1 5 633
0
3 3 623 10 659 16 611
0
0
0
0
0
3 1 630 3 652 4 664
0
0
0
0
2 6 646 7 734
3 2 603 10 655 11 640
0
0
0
0
2 4 654 8 706
0
0
0
0
4 1 670 3 636 5 726 7 676
1 4 674
2 4 658 9 642
0
0
0
1 5 687
0
2 10 620 12 661
0
1 4 663
0
0
2 4 673 6 716
0
3 7 626 10 639 13 692
1 10 736
0
0
0
0
8 2 635 3 656 11 671 13 720 14 728 15 697 17 653 18 643
1 6 724
3 5 669 8 694 9 708
0
2 5 691 10 678
0
3 3 680 19 657 20 668
0
1 3 764
0
0
0
0
0
0
8 1 672 4 711 8 700 9 718 12 707 14 751 16 729 19 723
0
0
0
1 19 721
0
0
0
1 5 772
0
1 3 725
0
1 6 647
0
0
0
0
0
0
1 4 665
1 7 778
0
2 4 684 9 754
1 2 662
2 10 727 12 753
0
0
0
0
2 5 735 6 699
1 7 704
0
0
4 2 693 5 701 8 702 11 807
2 1 682 12 683
0
0
0
3 5 710 9 740 10 757
1 10 758
0
0
1 4 709
0
0
0
2 7 690 11 906
0
0
0
2 2 696 6 730
2 6 746 9 776
0
2 4 733 10 732
1 3 788
0
0
0
0
0
0
0
0
1 3 809
0
0
0
0
0
0
0
0
0
0
0
0
0
0
0
2 2 698 3 745
0
3 7 703 9 749 10 759
0
4 5 722 8 715 12 747 13 712
0
1 1 767
0
0
0
0
4 7 769 10 741 11 743 14 765
0
0
2 3 750 6 777
0
0
0
0
0
0
0
0
0
0
2 3 793 4 860
0
4 2 714 6 768 10 744 15 713
2 5 731 16 762
0
0
0
1 8 784
0
3 1 789 4 774 17 864
0
0
1 15 755
0
0
0
1 2 717
0
1 3 752
2 3 783 9 773
3 8 787 10 859 16 782
0
1 6 779
0
1 11 825
0
1 9 813
0
0
0
0
1 7 771
0
0
0
0
0
0
0
0
2 2 738 7 786
0
1 5 780
0
0
0
0
0
0
0
0
0
0
1 1 869
0
0
0
0
3 3 803 4 805 6 818
0
0
0
0
0
0
0
0
0
0
1 5 815
2 1 882 8 902
0
2 4 796 6 839
0
4 4 806 6 823 7 799 9 820
0
0
0
0
0
0
0
0
3 2 748 4 811 6 829
0
0
0
0
0
0
0
3 2 760 9 792 10 797
4 3 812 10 837 11 816 12 881
0
0
0
0
0
0
0
0
0
4 2 791 3 790 6 761 13 800
0
0
3 6 795 8 766 14 814
0
0
4 4 822 5 824 7 876 9 841
0
0
0
0
0
0
0
4 1 826 3 808 10 801 15 872
1 10 810
0
0
0
3 10 821 11 861 14 868
0
0
0
0
0
0
2 2 794 8 775
1 12 899
1 1 843
0
0
2 3 827 10 862
0
0
0
1 7 887
1 5 856
0
4 5 845 6 802 13 866 15 835
0
0
1 10 847
0
1 9 852
0
2 4 833 14 836
0
0
0
0
0
1 1 871
0
1 3 920
0
0
0
0
0
0
0
3 1 804 2 842 9 857
0
1 7 903
0
0
3 5 879 10 880 12 892
0
0
2 3 851 6 936
0
0
0
0
0
0
0
0
1 3 886
4 1 832 7 855 10 819 11 894
4 1 834 4 848 6 890 12 900
2 4 865 13 874
0
0
0
3 8 853 14 830 15 840
0
0
0
0
1 10 838
4 7 863 14 883 16 873 17 850
0
0
4 9 901 17 919 18 937 19 933
1 3 964
0
0
1 5 884
0
0
0
1 4 895
2 10 922 15 849
3 15 911 17 960 18 925
2 3 979 17 970
0
0
1 2 875
0
0
0
0
2 4 931 10 953
1 6 966
5 1 844 12 891 13 918 17 915 20 858
1 15 989
1 7 867
1 9 935
2 8 905 9 917
0
2 6 916 13 921
0
0
0
0
0
0
0
0
0
0
0
0
0
0
0
0
0
0
0
0
0
0
1 2 877
0
2 3 983 5 967
0
2 1 870 10 930
0
2 9 938 10 975
0
0
0
0
0
0
0
0
0
0
1 4 878
3 3 928 6 991 7 998
0
0
0
0
0
0
0
0
0
4 1 885 2 889 5 948 6 888
0
0
0
0
0
0
0
0
0
0
0
0
1 4 893
0
0
0
0
0
0
0
3 2 898 7 914 8 897
0
0
0
0
0
0
0
0
3 3 977 6 950 9 944
3 5 951 10 1000 11 993
0
0
0
4 1 904 10 908 12 954 13 913
2 10 912 14 924
0
0
0
0
1 5 994
0
0
0
0
0
1 7 980
0
1 2 910
0
0
0
0
0
0
0
1 5 984
3 4 907 9 923 13 946
0
0
2 9 926 11 988
3 2 941 15 939 16 942
0
0
0
0
0
0
3 4 940 5 945 6 990
1 8 963
0
0
1 2 943
0
0
1 3 955
1 4 956
0
0
0
0
0
0
3 1 927 3 958 5 949
0
1 4 962
1 9 981
0
2 1 932 6 959
0
1 5 957
0
0
0
0
3 7 995 8 996 10 987
0
0
2 4 986 7 969
0
0
2 3 974 12 968
0
0
0
0
0
0
0
0
0
0
0
0
0
0
2 4 978 5 972
0
0
0
0
0
0
0
0
0
0
0
0
0
0
3 1 947 2 965 3 992
0
0
0
0
0
0
0
0
0
0
1 4 985
0
0
0
0
0
0
0
0
0
0
0
0
1 2 997
0
0
0
0
0
0
0
0
0
0
0
1 1 971
0
0
0
0
0
0
0
0
0
0
0
0
0
0
0
0
0
0
0
0
1 1 973
0
0
0
0
0
0
0
0
2 1 999 2 982
0
0
0
0
0
0
0
0
0
0
0
0
0
0
0
0
0
0
0
0
0
0
0
0
0
0
0
0
0
0
0
0
0
0
0
0
0
0
0
0
0
0
0
0
0
0
0
0
