20 1 18 2 50 3 27 4 26 5 6 6 17 7 10 8 51 9 70 10 98 11 2 12 59 13 8 14 104 15 23 16 12 17 38 18 3 19 9 20 115
2 8 81 12 102
1 19 21
1 8 91
0
1 7 24
2 1 36 8 37
2 7 78 16 46
0
1 1 52
0
0
1 1 100
2 4 53 14 5
1 2 58
3 3 68 6 15 11 141
1 9 56
2 7 35 15 65
1 17 45
0
0
0
0
1 10 33
1 8 14
2 2 60 8 28
0
0
1 5 48
1 1 190
0
0
1 6 86
3 11 49 13 93 20 211
0
0
1 8 69
0
0
0
0
0
1 1 119
0
3 3 80 7 79 16 19
0
3 4 83 18 77 19 111
2 12 122 14 32
1 17 114
1 7 181
0
1 8 106
1 20 215
1 8 132
0
1 19 146
2 2 162 6 241
1 5 89
1 13 175
1 8 202
1 16 75
0
1 11 74
0
3 4 125 9 99 17 66
0
1 20 187
1 7 225
2 8 263 13 164
1 17 245
0
0
0
2 1 137 3 55
3 1 176 4 84 14 219
0
1 4 156
1 14 128
2 14 117 15 166
0
1 6 85
1 7 333
1 11 107
1 2 178
1 1 189
1 10 64
0
1 19 212
3 8 135 12 185 14 192
0
0
1 1 150
0
1 18 159
0
1 1 133
0
0
0
2 11 130 16 116
1 5 140
2 10 110 19 108
0
0
2 5 221 13 353
1 17 252
1 9 145
1 20 285
2 8 193 10 134
0
0
0
1 7 296
1 4 184
0
2 11 218 12 257
2 14 142 16 229
0
0
1 6 131
4 9 172 13 171 18 305 19 377
0
2 3 197 14 325
0
0
3 1 143 4 103 17 138
1 5 277
1 20 136
2 2 231 6 22
1 9 206
1 14 188
1 19 259
2 1 191 14 356
1 8 205
1 8 237
0
1 4 207
3 5 346 15 113 16 316
0
0
0
2 9 254 19 251
2 1 194 20 213
3 4 214 7 348 14 278
0
0
0
0
2 17 270 19 315
0
0
0
3 3 287 7 233 11 282
1 8 448
0
1 16 456
1 8 174
0
2 12 334 13 224
0
2 8 268 9 444
2 17 220 18 415
0
1 2 314
1 17 239
1 7 261
0
2 11 311 14 295
1 10 201
2 1 242 13 210
1 19 413
1 1 293
1 12 160
1 5 409
1 5 327
1 17 289
0
2 10 249 13 230
0
0
1 1 412
0
1 2 344
1 17 382
1 8 477
1 8 441
2 6 118 8 484
2 1 432 6 592
1 1 244
1 20 269
1 6 378
5 4 260 10 284 11 276 12 302 14 258
1 15 198
0
0
2 5 321 17 403
0
0
1 7 280
0
1 6 396
1 16 525
0
0
0
0
1 15 235
3 1 271 18 331 20 487
1 1 304
2 8 500 16 391
1 10 572
1 2 438
0
1 1 402
0
0
0
1 9 401
2 4 266 14 408
0
0
1 8 399
4 3 349 12 363 13 307 20 595
1 19 557
0
0
1 2 502
0
5 10 281 14 414 15 433 16 228 17 95
1 12 367
0
1 4 267
1 2 272
1 6 536
1 11 335
1 10 341
2 8 373 14 468
1 20 587
0
1 7 338
2 8 339 17 195
3 5 275 15 528 18 607
0
0
0
0
0
1 10 387
2 1 436 15 332
2 4 310 14 345
2 4 329 18 361
0
0
0
2 7 422 16 393
0
0
0
0
1 13 319
1 12 360
0
0
1 2 298
0
1 1 518
0
0
1 1 660
3 7 497 17 227 19 279
0
2 5 392 8 292
0
0
2 8 300 18 449
1 8 479
2 8 357 11 499
3 3 445 6 551 8 494
0
1 14 366
0
2 7 428 12 455
1 8 362
3 2 309 8 467 10 522
0
1 20 501
2 9 461 18 454
2 4 351 13 336
1 11 419
1 16 443
1 17 318
1 13 407
1 8 646
0
0
1 13 411
2 6 383 15 426
1 18 564
0
0
1 10 381
3 3 434 6 618 7 470
0
2 11 457 12 743
0
1 15 517
0
1 7 696
0
1 4 676
3 8 483 11 485 13 638
1 18 481
1 14 370
0
1 15 616
1 20 429
3 1 682 5 520 10 556
1 14 462
0
2 2 343 12 689
2 7 505 11 632
0
1 5 558
0
1 1 458
2 1 350 19 687
0
2 16 463 20 529
1 15 663
1 12 527
2 2 372 3 435
0
1 18 549
2 11 674 13 507
1 18 330
0
0
2 9 489 14 545
2 1 427 11 650
0
1 6 710
1 2 375
1 17 398
0
1 16 421
1 8 519
2 8 610 19 539
0
3 1 459 3 535 7 385
1 8 705
0
1 4 692
1 13 570
2 1 543 6 742
1 10 651
0
1 14 684
0
0
1 1 747
0
0
1 13 514
0
0
1 19 593
2 1 358 4 579
1 1 306
1 3 792
0
1 12 614
3 1 388 7 355 18 835
0
1 1 562
2 15 754 20 465
0
1 15 731
0
0
0
0
0
0
2 5 584 19 830
4 5 647 12 655 15 417 18 773
1 20 471
4 8 482 10 717 16 420 17 690
0
0
0
2 14 843 17 833
0
0
1 2 430
1 6 389
0
0
1 11 453
1 9 580
0
1 4 437
1 14 819
1 13 555
1 7 786
1 16 789
1 8 550
1 18 751
1 9 490
0
2 1 727 10 664
0
0
0
2 17 753 18 672
2 6 574 8 452
1 15 446
1 1 492
1 11 750
2 3 798 9 586
1 16 800
0
2 12 693 17 791
0
0
0
0
1 5 879
0
1 1 851
0
2 1 623 6 702
0
1 14 782
2 2 473 15 451
1 13 585
0
1 5 478
0
1 10 726
1 18 708
2 5 548 7 788
2 2 474 8 504
1 11 509
2 19 845 20 829
1 8 571
1 6 709
0
2 13 704 14 720
1 15 512
1 10 506
1 16 738
1 1 671
1 4 657
2 3 723 4 469
0
1 5 578
0
0
2 1 725 11 583
0
2 13 848 14 721
0
0
1 17 847
2 8 670 12 836
1 2 475
1 18 553
0
1 14 568
2 10 573 13 850
2 17 872 19 790
0
0
0
1 3 740
1 16 758
0
0
1 4 493
1 5 600
0
1 15 537
0
3 6 594 9 627 20 503
1 6 611
1 19 806
2 7 866 14 818
2 8 886 17 760
2 9 597 14 746
1 18 613
1 16 805
1 1 728
1 8 582
2 11 621 12 608
1 3 589
0
0
1 17 703
0
1 2 538
3 5 596 10 654 14 560
1 17 766
1 18 656
1 8 700
1 8 779
1 5 642
1 17 11
3 3 552 17 810 20 576
0
0
1 15 566
1 7 625
1 8 762
1 19 832
1 14 776
0
2 13 40 17 677
1 9 888
2 4 590 16 533
2 8 72 20 932
3 4 673 6 652 11 604
0
1 13 405
0
0
0
1 15 635
2 1 575 20 802
0
0
2 5 658 10 675
0
0
0
1 17 340
1 12 699
1 6 858
2 3 649 8 97
1 18 730
0
1 13 112
1 7 645
1 1 630
0
1 2 581
0
2 4 764 7 567
0
0
0
2 14 639 15 158
0
0
0
0
0
0
1 14 648
0
2 3 659 11 734
2 2 628 4 840
2 4 925 17 936
1 4 769
0
3 2 622 7 861 19 919
1 14 665
1 8 719
1 3 653
0
1 5 715
0
1 17 681
1 12 793
2 4 678 17 256
3 2 803 6 636 8 765
0
1 19 807
1 5 633
1 13 959
2 7 842 12 884
1 10 877
0
0
1 9 945
2 1 631 6 917
3 14 698 16 718 17 540
0
0
0
0
0
0
1 20 893
1 2 262
1 19 668
2 5 817 11 182
1 20 896
0
3 8 722 13 822 14 120
2 2 735 18 770
3 2 812 11 666 13 839
1 15 186
0
1 17 577
1 17 523
2 8 744 10 816
2 8 771 14 844
1 5 846
1 7 863
1 16 797
1 4 711
2 5 918 19 813
2 3 686 12 921
0
1 20 179
1 15 701
0
1 8 831
0
1 8 875
2 1 706 6 784
0
1 9 697
2 2 881 7 940
1 1 757
1 1 729
1 13 825
0
1 14 986
2 7 799 16 828
0
1 5 942
1 8 880
2 4 809 17 960
0
0
0
1 11 644
1 6 878
1 3 739
1 11 274
0
2 10 838 13 856
1 8 903
0
1 16 849
0
0
1 1 745
1 18 906
2 4 794 11 907
1 6 924
1 19 683
1 20 308
1 13 900
0
1 14 976
0
1 10 867
2 12 54 14 561
1 8 92
2 7 823 8 447
3 2 834 8 920 9 661
2 8 891 14 640
1 8 177
1 20 328
0
2 18 938 19 273
1 1 785
1 16 801
1 15 905
0
1 3 772
0
1 17 763
2 1 857 12 868
0
2 1 923 4 814
1 14 972
2 2 41 8 591
0
1 10 870
1 5 882
1 5 264
0
1 1 559
0
0
1 17 299
1 4 930
0
0
0
0
1 11 913
1 18 157
2 3 787 19 641
2 13 985 18 950
2 13 347 18 841
2 9 524 11 796
0
5 6 883 8 400 10 953 13 916 20 602
1 7 902
3 11 695 14 915 18 768
1 8 7
0
3 1 871 10 565 19 395
2 12 707 13 216
2 9 955 15 226
0
0
1 2 732
0
2 7 914 8 236
1 14 752
0
1 20 418
1 1 904
1 18 425
0
1 16 860
1 16 889
0
2 8 898 10 859
0
0
1 6 957
3 5 312 11 714 13 498
0
0
0
1 4 62
1 2 541
1 17 173
0
2 12 139 14 234
2 3 853 14 897
1 14 854
1 14 761
2 12 1 14 390
2 12 815 14 530
1 7 885
2 15 124 19 855
1 20 365
3 6 980 8 939 15 460
3 8 956 14 949 16 713
1 12 961
3 12 774 14 887 16 680
1 5 908
0
0
1 14 248
0
0
0
1 1 121
2 5 865 7 406
1 12 379
1 18 926
3 9 968 19 167 20 39
1 14 934
0
1 1 944
1 16 476
4 11 775 12 440 15 13 20 294
2 13 947 14 795
1 7 922
0
2 1 964 8 629
0
0
1 10 933
0
1 14 323
0
0
1 16 542
4 4 105 5 987 11 488 18 993
3 2 149 12 733 14 962
2 1 180 7 756
0
0
1 17 209
0
2 4 869 15 894
1 8 127
0
2 13 170 20 88
0
0
0
2 14 619 19 380
1 10 491
0
3 3 873 8 495 17 781
0
0
0
0
3 5 989 6 510 16 148
0
2 1 250 4 952
2 3 909 7 688
0
0
0
0
0
0
0
1 8 929
2 2 129 18 941
1 12 935
0
0
0
0
1 14 508
1 13 44
1 11 521
1 19 42
0
0
2 13 547 15 977
0
0
1 5 200
3 5 973 10 183 15 767
2 11 151 13 662
0
0
3 8 486 15 637 19 265
2 8 992 16 326
2 8 71 13 480
3 5 161 8 997 10 352
3 1 324 8 966 20 931
3 1 25 3 685 8 601
4 6 892 8 563 11 691 16 963
2 9 303 10 511
5 1 971 6 496 13 820 14 153 15 544
3 1 204 4 599 7 588
3 1 990 6 927 16 243
2 5 974 18 837
4 1 147 4 43 14 63 20 852
1 14 967
2 7 862 15 152
4 8 410 10 123 14 255 19 951
3 1 364 8 874 16 313
3 6 804 9 531 11 946
1 3 322
0
1 18 669
4 5 901 7 472 14 290 15 223
3 10 783 14 94 17 369
1 1 232
2 8 354 13 954
2 4 606 18 982
0
2 6 155 17 981
3 1 943 14 34 16 464
2 2 217 3 442
0
1 9 196
3 6 397 7 546 10 199
1 2 634
1 4 912
3 8 424 18 144 19 605
1 1 283
1 12 827
3 8 374 11 821 14 948
3 14 47 16 515 20 431
3 13 741 15 995 17 82
1 2 991
2 4 724 14 737
0
1 5 864
1 6 359
1 7 291
0
1 17 90
1 8 297
2 8 404 16 61
2 2 876 11 965
1 10 20
1 18 996
1 19 376
3 1 899 12 755 13 748
1 4 679
2 9 317 14 911
0
0
4 5 808 8 96 15 76 16 342
3 3 450 8 286 20 416
2 13 890 17 238
1 4 643
4 2 554 6 288 7 811 11 958
0
0
0
2 8 222 14 526
0
0
1 1 368
0
0
3 5 73 12 320 14 994
2 18 87 19 928
0
1 8 759
0
2 6 30 13 978
0
1 9 247
0
0
2 2 371 11 736
0
2 10 979 15 667
1 1 165
0
0
0
0
2 4 910 14 4
1 20 423
2 8 969 17 712
0
0
1 16 154
2 7 246 12 16
1 18 163
1 5 988
0
0
1 1 615
0
2 3 386 8 569
1 13 937
1 6 626
1 17 513
1 14 384
0
0
0
0
0
0
1 2 975
0
3 4 984 11 240 19 29
0
2 1 895 10 168
0
0
1 15 620
0
1 9 534
0
1 8 169
1 5 716
0
0
1 20 301
1 13 57
0
1 16 749
1 7 624
0
0
0
0
0
2 4 999 17 394
1 19 998
0
1 14 101
0
0
0
1 11 67
0
2 1 109 3 466
2 12 826 18 532
0
1 8 777
0
0
0
1 2 337
1 6 31
0
0
1 5 824
0
2 7 1000 13 203
0
0
0
0
0
0
1 10 609
0
1 4 780
0
0
1 15 970
0
0
1 8 516
1 1 983
0
1 16 617
0
1 9 598
1 14 778
1 20 253
1 11 694
0
0
3 17 612 18 126 19 208
0
0
0
0
1 4 603
0
0
1 6 439
0
0
0
0
0
0
0
0
0
0
0
0
0
0
0
0
0
0
0
0
0
0
0
0
0
0
0
0
0
0
0
0
0
0
0
0
0
0
0
0
0
0
0
0
0
0
0
0
0
0
0
0
0
0
0
0
0
0
0
0
0
0
0
0
0
