20 1 27 2 2 3 43 4 40 5 73 6 19 7 86 8 30 9 106 10 17 11 72 12 49 13 50 14 3 15 16 16 26 17 5 18 82 19 21 20 6
1 18 173
1 14 10
0
0
0
0
0
1 8 85
1 11 143
0
1 3 35
2 6 48 18 278
0
1 10 52
1 8 58
0
0
1 1 47
2 10 90 20 163
1 10 109
0
1 16 224
1 15 233
0
0
0
0
0
2 9 114 13 205
3 5 168 10 129 13 455
0
1 11 203
2 16 321 18 204
0
0
0
4 3 231 5 214 10 480 13 407
1 11 131
1 20 45
1 7 151
0
0
0
2 10 112 12 83
1 9 117
0
0
3 4 76 8 181 19 371
1 9 124
1 6 98
0
0
2 5 229 10 222
0
1 14 318
0
1 4 268
1 15 200
0
1 2 61
0
1 13 39
3 7 247 16 642 20 482
1 17 55
2 13 54 14 360
0
1 20 550
3 10 610 16 553 20 232
3 4 221 18 46 20 523
0
1 1 84
0
0
2 8 108 15 230
2 11 138 19 467
0
0
1 20 409
1 20 187
2 1 135 20 313
2 15 668 20 300
3 6 102 10 698 20 153
2 17 128 18 291
1 4 533
2 19 251 20 110
1 20 253
0
1 13 67
0
1 10 243
0
0
2 9 113 13 188
0
1 7 338
3 8 126 15 316 19 157
0
0
2 3 568 16 602
0
1 5 156
1 16 734
0
0
1 10 326
1 20 435
1 20 179
1 20 501
2 10 438 14 762
2 1 192 16 793
1 12 539
0
0
0
0
2 6 130 9 196
0
1 5 549
1 16 449
0
2 2 69 10 92
2 11 426 20 603
2 7 344 18 513
0
1 20 514
0
0
2 7 159 20 311
1 15 490
0
2 6 194 15 535
1 20 365
2 7 155 8 123
3 7 236 13 174 17 669
0
0
3 4 237 18 594 19 804
2 9 545 16 654
1 10 175
0
1 11 783
2 5 659 16 819
0
2 3 575 11 710
1 7 731
0
0
3 2 101 7 195 10 522
3 10 220 19 655 20 805
0
0
1 14 361
1 14 301
0
0
1 13 206
2 1 202 16 274
1 9 215
2 4 275 13 241
0
1 16 331
2 14 368 16 324
3 7 299 9 398 16 825
3 2 141 6 288 16 544
1 16 142
2 10 470 16 437
2 16 661 20 577
4 3 673 12 591 16 144 20 794
2 16 333 20 800
1 18 667
0
1 20 172
0
0
3 3 201 8 486 20 7
1 5 249
1 3 217
1 5 477
1 15 257
0
0
0
0
2 2 170 16 146
2 13 284 16 191
1 3 161
0
1 1 272
1 13 309
1 11 262
2 12 273 20 723
2 19 422 20 53
0
0
1 18 730
0
0
1 8 677
1 14 373
2 13 279 16 348
3 9 340 16 133 20 228
4 2 212 10 186 16 57 20 751
4 7 283 13 744 17 125 20 738
1 20 660
1 20 269
2 9 350 20 497
2 5 328 11 374
0
0
3 10 791 12 280 13 515
0
2 4 329 6 358
0
0
1 18 823
1 14 405
1 12 351
2 2 297 15 254
1 6 325
1 8 688
0
0
1 4 355
0
2 7 362 10 759
0
2 16 71 20 855
2 14 118 16 498
0
2 3 258 18 852
1 16 834
0
0
1 12 404
2 13 443 16 877
0
1 11 446
1 20 865
1 20 529
0
0
2 12 586 16 566
1 8 821
0
1 11 471
0
0
1 10 583
3 9 166 17 765 19 846
0
0
3 5 347 9 235 18 271
2 1 334 20 608
0
2 13 813 19 494
3 3 295 9 886 10 238
0
2 2 657 16 627
0
0
2 15 341 16 290
1 16 378
0
1 18 296
0
0
0
1 11 788
1 13 711
2 2 345 20 292
0
1 20 317
2 7 396 20 606
4 1 425 4 380 16 370 20 399
2 13 412 20 630
1 3 389
0
0
2 6 349 19 809
1 7 400
0
1 14 209
0
0
2 8 448 16 690
1 20 803
1 5 359
1 10 330
2 8 474 13 386
1 1 505
0
0
0
1 2 444
0
2 9 423 15 893
1 14 286
2 12 554 16 810
1 16 695
2 7 410 16 418
0
2 14 314 18 387
0
2 10 343 17 479
0
1 16 699
1 18 70
1 3 433
3 2 546 8 557 16 816
2 13 884 16 739
2 11 447 19 658
2 1 524 6 427
1 16 62
2 15 896 16 556
2 13 381 16 745
3 7 487 13 414 16 56
0
1 11 868
2 16 223 20 547
1 10 432
1 18 853
0
3 5 457 6 488 7 445
0
1 16 820
1 14 397
1 15 905
0
0
0
2 1 580 14 595
1 10 475
0
3 8 521 11 428 13 848
0
1 4 434
1 16 835
1 12 582
2 15 277 17 916
2 2 585 19 12
2 8 210 19 919
4 1 604 8 614 18 79 20 858
1 20 713
0
0
4 3 451 4 441 9 483 10 442
1 2 647
1 6 391
0
2 19 305 20 366
3 3 484 9 640 12 534
0
0
1 5 552
0
0
1 18 578
0
0
1 16 894
2 13 519 16 856
1 20 14
3 1 665 8 701 20 645
0
1 9 621
0
0
0
4 7 507 9 461 10 111 11 883
0
1 12 234
2 10 849 19 939
1 4 516
1 11 465
1 2 685
2 5 573 18 743
1 1 686
1 14 646
2 6 672 10 670
1 14 728
1 16 721
0
0
0
3 10 648 11 75 19 831
0
1 2 761
3 10 15 13 478 16 830
1 12 611
1 9 327
2 10 778 18 837
1 18 160
1 20 656
1 20 890
1 15 367
0
0
2 1 643 20 753
4 5 663 7 561 16 777 20 454
1 16 115
1 20 754
3 11 749 18 473 20 909
1 16 481
2 4 558 8 703
0
1 1 811
0
0
0
0
1 19 276
2 4 462 20 769
1 3 542
0
1 5 555
1 16 496
0
0
0
2 10 725 17 842
2 9 867 16 527
0
0
1 14 786
2 11 509 18 377
0
0
0
3 3 814 10 37 20 169
1 5 588
1 2 818
1 13 718
2 4 638 5 178
1 15 320
1 14 864
0
1 19 32
0
0
1 16 929
2 9 888 14 839
1 10 900
0
0
2 6 680 18 431
0
2 7 587 17 863
2 1 953 12 256
0
0
0
0
2 10 528 20 183
5 9 880 10 304 11 182 16 707 20 78
2 16 531 20 926
2 10 674 16 502
1 12 139
1 11 945
2 1 601 16 829
2 16 862 20 395
2 6 714 20 903
0
1 6 797
1 16 392
1 8 726
1 9 60
2 10 817 13 571
2 10 63 20 94
1 11 36
0
1 15 302
1 12 570
0
1 13 18
1 16 879
1 2 915
1 3 806
0
1 16 935
0
0
1 20 652
2 14 81 16 466
2 5 122 19 266
2 9 511 11 452
0
0
1 20 165
1 7 622
2 1 702 4 732
0
0
1 18 508
0
0
1 10 878
2 6 822 16 540
0
0
2 7 666 15 917
0
1 6 323
0
1 13 453
0
0
1 20 902
0
2 5 567 11 526
1 8 259
0
1 12 565
1 17 199
0
0
0
1 7 757
1 19 918
2 3 472 19 261
0
1 3 746
0
2 2 871 14 569
0
0
1 16 921
2 4 755 16 767
1 16 859
1 10 93
1 16 239
3 7 844 14 964 16 263
4 3 784 15 103 16 795 19 42
4 2 145 9 419 16 96 20 780
2 10 393 16 23
2 13 536 16 421
1 18 525
3 6 500 7 406 10 394
1 11 889
0
3 3 679 14 548 20 789
1 16 906
0
1 15 845
2 4 850 10 590
2 13 152 20 694
1 18 450
1 9 913
0
1 20 596
0
0
0
0
1 5 624
1 7 495
1 14 687
3 2 875 4 790 6 693
1 13 860
2 3 335 8 51
2 10 881 11 942
0
2 16 607 19 91
0
0
0
0
3 1 796 15 733 20 20
0
2 10 609 12 832
0
0
1 13 847
1 3 836
1 3 248
0
0
1 13 947
0
1 3 720
2 3 364 18 967
0
2 13 293 17 936
1 1 861
0
0
2 3 252 9 910
1 5 854
3 3 581 14 88 18 798
0
2 9 650 16 216
3 3 736 9 928 16 600
2 9 322 16 563
3 10 876 16 260 20 938
1 16 681
1 16 692
1 16 756
1 14 763
0
3 11 747 15 4 16 912
4 6 766 13 336 16 986 18 895
2 2 956 6 119
6 1 887 3 904 9 872 13 619 16 24 17 712
2 4 742 5 705
1 20 633
2 16 13 20 634
4 7 584 8 785 10 593 13 458
2 13 530 15 25
1 3 213
0
1 20 632
2 18 312 20 901
2 14 189 16 908
2 11 838 16 417
3 9 315 10 388 16 696
2 1 907 10 982
0
3 6 352 16 559 20 242
1 13 741
1 11 708
0
0
1 5 735
1 7 970
0
1 2 140
1 20 504
1 12 943
0
1 18 353
3 4 574 16 927 19 933
0
1 14 899
1 20 700
1 13 33
1 8 177
0
0
0
1 9 869
1 3 97
0
1 17 107
0
3 10 992 16 972 20 931
2 10 149 18 369
0
0
0
1 15 612
0
0
1 7 958
1 1 946
2 11 870 13 218
0
0
0
1 6 991
0
1 16 572
1 5 944
1 2 492
0
1 20 662
1 12 385
0
0
0
0
0
0
0
0
1 14 460
2 4 439 10 265
1 9 402
3 3 920 8 476 19 840
0
0
0
0
1 20 773
0
0
1 13 799
0
0
0
1 15 337
0
1 11 468
1 16 372
0
0
2 10 308 17 948
0
0
1 10 401
0
3 10 781 13 833 18 689
3 13 914 16 758 18 691
3 13 983 16 162 18 383
5 7 940 10 941 16 31 18 518 20 965
4 6 704 10 997 13 267 20 774
3 7 307 16 541 20 9
2 16 424 20 639
4 6 171 7 937 16 415 18 752
1 16 996
4 1 891 10 564 13 294 16 807
4 6 750 16 77 17 469 18 866
3 10 966 16 65 20 184
4 7 493 14 676 16 363 20 973
2 16 748 20 772
4 10 510 13 250 16 208 20 828
4 5 993 6 116 16 644 18 617
1 16 954
3 7 164 8 779 20 664
2 14 538 20 34
3 3 934 16 925 17 628
4 2 560 13 440 16 874 19 211
1 13 961
4 1 66 6 897 10 150 20 979
2 9 403 12 219
0
1 16 626
2 16 339 20 306
4 5 1 10 952 13 411 18 147
1 20 782
4 3 246 8 671 16 413 20 770
2 7 882 9 625
4 2 420 15 653 18 264 20 11
1 19 379
1 10 376
0
2 4 960 16 8
1 14 808
2 6 28 20 623
0
3 2 629 7 503 12 675
2 18 207 20 999
4 1 615 5 616 13 429 20 775
1 20 59
1 16 346
1 3 727
3 10 962 16 29 17 289
2 11 485 20 932
1 15 176
0
2 8 959 9 506
0
2 16 537 19 244
2 11 987 16 957
0
2 7 683 13 706
1 6 885
3 8 722 14 499 20 605
3 2 357 3 682 10 994
1 20 589
3 5 709 15 792 18 951
0
1 16 635
0
1 10 684
0
1 12 599
2 4 719 14 857
0
1 20 185
0
2 1 463 13 543
1 10 768
4 6 226 7 717 8 678 16 416
0
1 11 924
1 20 562
0
1 9 22
1 20 843
3 3 298 17 551 18 716
1 19 225
2 10 64 16 120
0
1 2 282
1 5 802
0
2 11 971 13 579
1 12 375
0
1 20 969
0
0
2 4 637 6 382
2 10 955 15 988
2 8 354 16 977
0
1 7 922
2 13 776 14 38
0
1 20 641
1 10 532
0
0
0
1 20 737
0
0
1 19 592
1 18 950
1 3 87
1 9 963
1 1 873
1 5 464
1 16 158
0
1 6 154
3 10 89 12 227 13 408
0
0
1 2 824
0
1 17 764
2 4 975 20 851
0
0
0
0
1 15 801
1 10 989
1 16 636
0
2 9 105 11 715
2 14 898 20 911
0
0
0
0
2 8 104 18 390
0
1 16 136
1 7 980
1 3 597
0
1 19 127
1 20 651
1 10 287
1 1 68
0
1 6 245
2 5 618 13 137
1 12 812
1 13 456
0
1 16 787
1 11 620
1 20 976
0
0
1 9 724
1 2 356
0
0
0
0
2 17 270 18 826
0
1 15 436
1 4 649
1 20 332
0
1 16 998
0
3 8 815 10 342 14 740
0
1 13 892
1 5 697
2 3 598 19 99
0
0
1 6 319
0
0
0
1 16 613
0
0
0
0
0
0
0
0
0
0
2 7 41 9 134
0
1 20 512
1 11 310
1 10 771
0
3 1 930 15 517 16 990
1 13 949
0
0
2 6 384 12 984
1 18 491
1 10 190
0
1 2 978
0
0
1 8 281
1 20 285
0
0
0
0
0
2 5 198 19 100
1 14 1000
1 3 968
1 4 303
0
1 13 80
0
1 17 95
0
0
0
1 9 923
0
0
2 11 44 16 995
0
0
1 20 459
0
1 8 132
1 7 520
0
0
1 15 121
0
0
0
0
0
0
0
0
1 10 985
1 6 180
0
0
0
1 12 631
1 19 729
0
1 13 148
0
2 2 255 16 167
0
1 4 827
0
2 18 981 20 193
0
0
2 9 760 11 841
1 1 489
0
3 3 974 5 430 14 240
2 10 576 13 74
0
0
0
0
0
0
0
0
1 16 197
0
0
0
0
0
0
0
0
0
0
0
0
0
0
0
0
0
0
0
0
0
0
0
0
0
0
0
0
0
0
0
0
0
0
0
0
0
0
0
0
0
0
0
0
0
0
0
0
0
0
0
0
0
0
0
0
0
0
0
0
0
0
0
0
0
0
0
0
0
