20 1 4 2 1 3 3 4 16 5 7 6 20 7 45 8 30 9 23 10 79 11 133 12 22 13 14 14 10 15 11 16 102 17 96 18 137 19 19 20 99
0
0
0
1 20 132
0
1 1 13
0
0
0
1 20 27
2 3 54 4 25
1 5 8
0
1 15 124
1 18 245
1 16 246
1 17 116
1 14 18
0
1 12 73
0
1 18 58
1 13 69
1 20 90
2 15 50 20 156
1 14 213
1 7 75
4 5 221 11 51 16 28 20 84
1 4 141
1 19 76
0
1 20 41
1 13 162
1 15 300
1 4 305
1 11 277
0
0
2 13 44 15 9
0
1 6 192
0
0
0
0
2 3 81 8 101
1 1 89
1 13 17
1 10 92
1 16 74
0
0
3 9 85 12 103 20 117
4 5 144 12 57 14 26 20 151
0
3 1 65 10 174 14 5
3 1 15 2 71 4 139
1 4 33
2 5 49 7 72
1 19 152
0
2 3 295 11 136
2 5 63 15 238
3 1 21 12 29 14 147
2 12 108 17 6
1 18 130
2 8 172 19 169
1 4 214
3 6 149 9 267 20 325
0
0
0
1 15 109
3 1 35 11 105 16 128
2 8 155 12 233
3 12 95 13 123 15 265
0
1 13 189
1 9 272
0
1 10 166
0
1 19 186
1 15 321
0
1 11 396
0
0
1 9 61
1 11 376
1 11 207
2 7 241 13 288
0
0
0
1 2 91
0
1 1 78
0
1 8 98
0
3 5 180 6 170 15 111
2 4 159 12 247
2 14 184 18 168
1 14 158
1 15 339
0
2 5 201 11 131
2 16 337 20 198
0
0
2 3 36 17 87
0
1 9 153
1 7 429
0
0
1 18 190
0
1 10 228
1 19 248
0
1 18 195
0
0
3 10 266 11 374 15 275
0
1 20 392
0
1 5 314
1 10 352
0
0
0
1 12 388
1 16 379
0
1 1 164
2 11 360 15 302
1 2 175
3 7 350 13 46 20 134
5 4 212 9 274 16 249 19 83 20 143
3 1 185 3 187 8 148
1 5 55
0
1 8 161
0
2 1 193 3 229
1 14 251
2 14 257 17 208
0
0
0
1 10 424
1 17 183
1 8 349
1 15 522
0
0
1 11 112
1 15 70
1 5 146
1 4 256
1 1 205
1 1 226
0
0
1 6 218
1 12 263
1 15 59
2 5 286 18 194
1 2 140
0
1 3 252
1 19 319
0
0
1 20 200
1 13 145
3 11 320 13 234 16 121
0
2 11 284 12 324
1 3 255
1 2 413
3 1 271 9 345 10 311
0
0
3 8 397 15 219 20 480
1 14 279
1 7 444
1 2 431
1 9 361
1 5 445
2 9 373 14 453
0
0
1 18 216
3 4 354 12 261 18 521
1 8 289
0
0
2 6 254 8 237
0
1 20 253
1 5 519
0
1 17 278
1 7 447
1 3 294
1 6 280
1 14 348
2 9 387 14 329
2 4 559 13 541
3 11 312 16 129 20 458
0
1 1 291
1 20 504
0
0
1 15 318
1 15 426
1 19 357
0
1 3 317
1 18 369
1 16 135
1 13 463
0
1 8 303
1 12 351
1 10 485
0
1 13 283
0
3 1 333 5 316 8 544
0
0
2 9 390 12 377
1 4 580
3 4 569 12 516 15 262
1 20 536
1 2 508
0
0
1 11 343
1 16 224
1 13 539
1 14 467
2 1 492 11 517
1 6 297
1 20 306
1 20 469
1 11 523
0
0
0
3 10 308 16 503 20 554
0
3 1 332 3 371 11 323
0
0
1 12 276
0
1 14 344
1 20 296
1 15 356
0
0
3 1 362 12 420 18 292
0
2 4 372 8 459
1 3 454
2 9 421 19 455
0
2 15 313 17 378
0
1 5 358
2 10 400 14 425
2 7 347 20 402
0
1 2 585
0
0
0
3 1 370 14 411 20 500
1 16 506
1 2 644
1 13 443
3 1 398 15 375 16 566
1 11 368
0
1 14 355
0
0
0
1 19 669
1 7 150
2 16 587 18 391
0
1 20 242
0
0
0
2 6 364 12 457
0
3 3 405 4 494 15 526
0
0
2 3 452 13 533
1 20 582
2 14 427 20 637
0
0
0
0
1 13 557
2 1 399 13 440
0
1 20 619
2 18 628 20 632
1 3 512
2 5 386 8 430
1 11 423
1 9 473
2 13 495 17 483
1 14 465
0
0
0
2 10 446 15 479
0
0
1 12 529
0
2 4 509 11 511
2 4 564 20 634
1 16 595
1 16 592
0
0
1 14 555
0
2 3 679 16 735
2 2 670 9 667
1 7 217
0
2 10 456 11 676
2 1 432 5 412
1 18 419
2 9 746 19 689
0
1 20 649
1 10 507
0
0
1 11 624
0
0
0
0
1 8 470
1 9 662
2 1 530 15 487
0
4 5 415 6 382 8 437 14 571
1 12 505
1 11 688
1 20 633
3 6 395 12 439 20 409
3 14 482 19 574 20 594
2 11 542 17 550
1 12 514
0
0
4 1 310 7 641 19 788 20 734
1 16 760
1 12 556
2 1 394 19 696
0
2 3 638 12 725
2 6 441 17 608
1 5 461
0
3 1 562 10 531 13 460
0
0
2 9 737 20 614
0
1 3 810
3 4 722 15 764 16 537
0
1 11 583
2 9 549 20 771
1 16 636
4 5 466 6 448 8 438 14 576
0
2 18 433 20 635
2 15 671 20 603
1 14 584
2 14 674 16 578
0
1 5 623
2 16 665 19 497
0
1 2 776
0
0
1 15 730
0
1 17 565
1 5 629
0
1 4 809
1 10 579
1 11 678
1 15 778
2 1 612 4 785
1 16 789
0
0
2 11 682 17 650
0
0
0
1 15 700
2 13 560 15 747
1 9 552
1 10 668
3 3 600 12 743 13 812
0
2 7 755 16 602
2 15 748 17 851
0
1 20 666
1 9 589
1 9 642
1 8 860
1 20 874
0
1 2 844
1 12 588
3 5 836 12 795 15 762
0
0
1 8 643
0
2 15 567 19 765
1 14 756
0
2 13 177 20 777
2 7 113 11 821
2 1 705 8 163
0
0
0
2 16 436 18 699
1 4 848
2 7 613 15 127
0
1 16 535
1 1 832
2 13 720 19 125
1 9 707
1 17 664
0
0
0
1 6 474
0
0
0
0
1 8 802
2 10 698 16 630
1 7 616
0
2 1 712 4 867
1 15 861
3 2 719 9 723 14 672
0
2 3 626 10 736
0
1 20 786
0
2 10 792 15 868
2 11 830 20 491
1 1 871
0
1 5 875
1 12 837
1 5 606
2 4 489 6 525
1 15 893
1 2 449
1 16 24
2 8 899 15 703
1 13 758
3 10 716 12 843 17 835
1 12 88
1 14 759
0
0
1 18 744
0
0
2 9 805 13 866
1 16 518
1 11 882
0
1 8 464
3 3 675 10 904 16 534
2 5 609 11 918
0
0
3 13 199 19 845 20 179
1 7 450
1 14 941
1 9 853
2 2 797 20 307
1 1 250
2 4 532 20 570
1 1 909
0
1 15 884
1 8 887
0
2 11 285 13 48
3 5 202 11 227 12 563
1 11 652
1 8 38
1 1 510
3 10 663 15 660 20 34
1 16 625
0
0
0
1 13 196
1 15 742
0
0
1 19 206
1 5 790
3 1 740 10 472 12 236
3 1 784 11 919 14 220
1 9 611
2 9 222 16 640
2 16 462 17 575
1 8 110
2 6 546 20 596
2 3 593 14 68
0
0
0
1 15 901
1 18 842
2 7 488 16 773
2 9 968 14 408
0
1 15 77
1 16 385
0
2 8 922 20 383
1 17 60
1 20 43
0
2 13 287 16 708
0
1 3 658
1 4 597
1 9 627
0
1 18 862
0
0
1 2 654
0
3 1 481 10 711 20 685
0
1 15 31
1 16 486
3 8 225 11 978 13 648
0
1 6 558
1 12 114
1 4 677
0
0
0
0
0
0
0
1 9 653
2 14 721 19 701
0
0
0
2 14 269 15 754
4 1 731 5 622 15 327 20 502
4 1 586 5 646 6 615 17 590
1 20 173
0
0
0
1 20 930
3 3 561 15 717 16 37
1 1 659
1 1 745
0
1 20 738
2 11 732 18 928
2 7 331 17 925
1 3 475
2 5 715 9 232
1 20 64
1 10 965
1 15 259
1 16 239
0
1 17 568
2 12 478 14 911
3 4 695 12 684 14 774
1 4 718
2 8 741 9 751
0
3 10 442 18 39 20 906
0
0
3 2 336 7 97 16 215
1 15 62
1 11 767
0
0
0
2 3 823 14 406
2 10 770 11 781
0
1 20 359
2 5 728 20 772
1 6 702
1 1 779
3 5 804 15 806 20 631
1 17 651
1 13 126
1 8 822
1 16 992
1 14 916
2 12 692 20 501
1 18 301
1 10 410
2 8 824 11 235
1 6 752
1 2 710
1 19 341
1 5 886
0
0
1 15 40
1 16 694
0
1 12 775
1 12 787
3 1 724 4 782 7 793
1 14 520
1 4 783
2 5 869 8 673
1 17 80
0
1 9 829
1 20 942
1 13 819
0
0
1 11 178
1 10 381
0
0
1 16 366
2 7 808 12 12
1 9 120
0
0
2 3 826 19 857
0
0
2 5 879 20 618
0
0
3 4 815 14 791 18 304
0
1 6 761
3 3 923 11 553 15 798
0
1 1 763
0
0
0
0
0
1 20 749
1 20 803
0
0
1 6 807
0
0
3 2 769 10 753 16 367
2 4 818 9 839
3 8 401 13 896 17 962
0
0
0
1 5 903
0
0
0
0
0
1 7 816
0
0
1 15 827
1 14 834
0
0
1 12 863
1 20 966
0
2 1 849 10 852
1 2 855
1 3 94
0
1 10 945
1 15 838
2 11 543 16 704
0
1 16 211
1 10 820
0
3 5 972 16 973 18 876
2 18 621 19 940
1 10 380
1 16 407
2 16 434 19 384
2 16 104 20 273
2 10 119 20 282
3 10 915 15 66 18 142
2 15 416 18 298
1 6 817
1 9 858
1 16 165
0
2 17 293 20 322
5 4 841 11 528 15 946 16 891 20 733
4 7 334 12 680 13 223 18 197
3 12 551 13 864 15 908
3 11 840 16 451 20 231
3 1 856 12 902 19 890
2 12 138 17 244
1 20 591
3 11 577 12 493 15 933
2 11 335 20 122
2 9 894 14 854
2 8 944 13 912
0
2 11 898 20 260
2 12 691 20 171
3 11 572 16 326 18 975
1 11 363
2 7 967 10 167
2 15 971 20 154
2 11 750 16 513
2 5 800 12 697
0
1 14 330
0
1 20 53
1 6 825
3 11 888 15 281 17 657
1 5 681
2 7 932 11 726
2 10 476 20 540
2 10 905 18 970
0
3 12 573 14 796 20 548
2 2 931 16 768
1 3 106
0
0
4 7 895 8 964 9 176 11 490
1 15 471
2 5 498 18 926
2 12 118 19 299
0
1 16 801
1 1 885
1 2 877
0
1 10 865
0
3 9 243 16 601 17 983
0
1 20 982
0
0
1 4 846
2 14 766 18 115
1 8 989
2 10 418 15 191
1 3 794
0
1 11 2
2 5 270 20 240
0
3 1 913 12 188 13 477
2 8 52 10 729
1 16 927
1 19 56
0
2 17 683 20 713
1 20 393
3 2 598 9 468 11 953
0
0
1 14 309
1 7 935
4 3 917 4 859 5 924 16 920
1 18 980
1 15 959
2 7 977 14 496
0
1 16 943
1 12 811
1 5 993
2 8 645 11 230
0
1 20 847
2 13 605 14 639
1 20 107
1 6 833
0
3 1 850 10 997 16 910
1 17 656
0
1 5 873
0
0
1 4 900
0
3 3 938 15 32 16 1000
4 1 889 4 870 8 914 11 47
3 6 872 7 892 19 365
0
2 9 315 14 417
1 2 714
0
0
0
1 12 499
4 5 100 10 338 16 264 20 878
0
0
0
0
0
0
1 4 907
0
0
0
0
0
2 11 655 13 780
1 8 952
1 18 203
2 14 929 17 527
0
0
2 3 954 5 987
1 15 831
1 19 661
0
3 8 994 9 414 10 524
0
2 8 687 11 883
0
1 12 988
0
0
3 1 947 7 974 16 991
1 5 160
1 2 690
1 20 422
3 1 958 15 813 16 484
1 6 921
0
0
0
0
0
1 15 182
0
0
2 5 951 13 181
0
2 7 999 20 881
0
0
0
4 4 981 8 998 11 42 14 996
1 9 709
2 15 515 17 346
0
0
0
2 12 607 18 82
0
1 10 948
0
0
1 7 599
2 1 979 14 706
0
1 4 86
0
2 11 957 19 969
0
1 16 617
0
2 8 686 20 403
0
0
1 5 814
1 11 538
0
1 6 950
1 16 976
0
0
0
1 13 204
2 3 960 15 604
0
2 9 880 20 727
0
1 17 620
0
1 16 934
1 2 939
0
1 12 799
1 18 93
1 10 757
0
2 1 258 3 949
1 14 210
0
1 8 290
0
0
1 20 328
0
1 4 340
1 11 897
0
0
0
1 15 67
0
1 5 404
0
0
2 7 937 19 986
0
2 6 956 20 209
0
2 9 936 10 828
0
1 12 693
0
0
0
1 16 955
1 14 545
0
0
2 8 647 20 342
0
1 13 739
1 6 963
0
0
1 11 961
0
1 12 581
0
1 9 610
0
1 2 428
1 1 389
0
2 3 435 17 157
1 4 984
0
0
0
0
1 15 268
1 5 353
0
1 18 547
1 6 985
0
0
0
0
0
0
0
0
0
0
0
0
0
0
0
0
0
0
0
0
0
0
0
2 1 995 6 990
0
0
0
0
0
0
0
0
0
0
0
0
0
0
0
0
0
0
0
0
0
0
0
0
0
0
0
0
0
0
0
0
0
0
0
0
0
0
0
0
0
0
0
0
