1000 20 15 1048
4 2 4 4 1 2 6 0 1 2 4 2 0 2 3
4 5 16 0 5 2 7 5 2 1 4 1 9 6 3
11 4 5 0 1 16 12 10 10 4 3 2 8 4 2
6 17 4 6 3 4 1 7 2 16 16 1 13 4 15
1 14 8 9 12 13 9 19 4 4 12 10 3 13 0
3 10 22 6 0 0 20 6 7 10 7 0 12 9 4
2 2 3 2 4 1 3 0 0 3 2 4 1 3 3
4 0 4 2 5 2 0 8 2 16 1 5 9 3 0
3 8 3 3 5 17 2 5 2 1 4 2 3 8 7
13 6 3 7 8 1 6 2 5 4 7 3 6 4 6
1 12 16 6 9 2 4 5 2 11 7 6 10 9 0
3 0 2 0 11 3 6 4 11 8 0 8 2 1 19
5 4 5 1 4 3 2 2 10 4 5 5 2 4 5
7 3 4 1 2 0 5 1 1 1 0 1 1 0 1
4 6 5 2 7 5 3 2 4 3 3 2 1 2 2
10 3 14 2 16 1 7 6 2 2 18 2 2 17 7
9 7 1 4 16 1 4 10 6 6 8 15 8 13 12
0 0 6 4 0 1 5 5 1 5 1 1 4 1 4
11 6 4 8 5 3 8 2 2 1 4 6 8 4 6
1 2 1 3 2 7 0 3 4 4 5 2 0 1 2
5 2 0 2 9 0 1 4 5 3 0 5 0 5 4
11 6 4 2 13 0 6 7 8 1 3 2 2 4 2
4 3 1 2 12 3 7 3 9 4 3 1 2 7 5
12 2 7 4 4 2 8 12 5 4 0 8 4 1 2
4 2 6 19 3 7 2 2 12 9 1 7 11 2 8
1 2 4 1 2 2 4 0 4 4 1 1 5 1 5
6 5 3 11 8 1 10 0 15 12 15 2 1 5 5
1 3 1 1 3 3 4 2 7 2 6 0 3 1 1
2 4 10 1 10 9 2 3 2 4 6 10 2 7 6
3 2 2 4 4 2 2 6 6 2 4 4 4 11 1
15 5 6 1 6 1 1 2 7 3 2 4 10 7 5
2 1 5 13 2 4 11 9 6 3 0 7 4 10 3
10 4 7 5 11 10 3 24 12 4 8 3 3 7 6
2 5 12 6 5 6 4 5 4 8 10 6 1 2 1
9 10 3 0 3 7 7 7 1 12 0 3 6 8 12
1 2 2 0 2 4 6 2 1 5 1 1 3 5 2
2 6 3 6 2 7 4 3 2 10 7 7 7 12 11
5 6 8 1 4 9 1 6 5 18 9 10 18 2 6
7 4 7 3 11 3 4 0 9 9 12 4 8 7 18
6 6 20 8 1 9 3 3 2 17 9 3 6 6 1
1 1 2 6 1 6 0 5 8 6 3 3 2 3 9
25 3 7 2 5 9 7 3 1 2 0 2 10 4 0
3 0 12 1 3 10 5 7 9 0 5 4 2 2 5
1 1 7 1 1 0 3 10 3 1 8 4 6 6 6
0 4 6 3 9 16 5 1 3 9 5 7 8 14 9
17 10 2 2 7 5 8 12 3 14 8 12 1 10 20
1 16 2 11 5 1 0 1 4 12 15 6 7 3 0
11 11 11 3 23 9 1 1 20 5 4 5 7 4 10
4 1 2 6 9 2 3 2 2 2 2 5 5 3 1
12 1 8 1 8 2 9 6 6 16 8 8 8 3 7
8 0 16 7 2 13 10 3 1 0 3 9 10 4 4
2 2 2 6 1 2 1 3 1 1 2 3 3 0 6
6 4 12 2 11 7 0 16 6 4 1 20 13 12 3
0 2 3 2 4 3 1 4 0 9 2 6 11 3 7
3 4 1 2 7 1 4 2 3 5 7 0 1 3 0
3 5 3 3 3 2 7 2 1 2 2 1 5 6 1
1 15 2 2 2 13 13 0 13 14 7 3 10 10 5
5 0 19 3 3 14 1 10 5 1 5 13 8 5 4
9 5 6 4 5 0 5 9 3 4 2 12 12 6 2
8 3 8 7 4 0 6 6 2 20 7 8 1 1 3
2 3 6 1 1 0 4 3 4 2 4 5 1 4 2
16 3 11 14 7 7 7 3 5 8 4 10 2 3 8
3 3 8 6 1 1 3 0 4 1 0 1 1 1 4
1 2 7 7 3 1 2 2 4 2 4 7 6 10 2
3 11 3 7 2 6 3 6 6 4 4 1 2 14 2
7 2 4 4 4 5 10 1 7 6 2 8 0 6 3
1 5 6 5 6 7 8 1 8 1 7 7 4 3 6
6 14 3 9 6 2 0 2 3 11 1 11 11 9 5
2 2 6 1 0 2 5 1 2 2 2 6 4 1 5
3 7 1 9 5 1 5 5 0 0 4 11 0 1 11
23 1 1 2 2 15 3 4 1 11 3 13 11 8 1
15 3 14 0 5 7 13 1 12 3 2 6 2 25 6
3 3 2 1 3 2 2 1 5 6 3 1 2 0 0
4 1 1 5 2 3 1 2 1 6 2 2 0 3 6
2 3 1 7 15 4 11 3 17 0 6 3 13 1 10
8 4 13 7 12 6 3 5 4 1 8 15 7 14 15
9 4 5 6 10 1 1 7 13 1 10 17 21 0 7
1 2 4 2 14 5 1 4 7 1 1 4 4 2 13
5 5 5 11 0 0 6 9 5 12 0 0 11 4 1
15 2 9 6 7 2 5 19 8 17 0 1 19 1 6
9 5 5 6 3 4 3 5 5 8 1 2 1 1 11
9 6 3 6 3 3 8 5 3 10 1 21 25 10 6
3 2 2 3 1 4 7 2 2 1 2 2 1 0 3
11 12 15 2 3 6 2 1 11 3 6 11 3 4 5
0 10 11 1 3 15 0 22 5 15 2 0 12 14 8
0 5 0 4 3 3 1 2 3 2 2 1 3 3 5
2 0 8 1 9 4 11 4 2 1 10 7 14 7 8
0 13 1 5 3 7 4 14 0 4 0 5 1 4 16
2 3 2 3 1 8 2 3 4 9 5 4 2 3 1
6 0 10 18 3 5 10 2 14 8 3 3 1 18 4
4 4 12 6 5 4 4 5 4 6 2 2 10 4 1
15 3 0 8 8 3 10 17 10 1 5 11 1 0 9
2 3 1 3 2 7 2 1 3 4 3 3 4 2 1
5 1 5 9 6 10 5 9 5 8 6 5 16 1 6
1 6 6 6 6 0 9 2 2 0 7 1 11 5 2
4 5 8 5 6 11 9 7 1 5 6 2 5 2 2
13 1 8 5 7 2 5 16 0 7 17 3 3 6 4
15 3 11 6 6 4 1 3 8 10 5 4 14 13 17
8 2 1 1 9 8 2 3 8 8 5 6 2 5 7
2 11 6 3 12 11 2 1 6 4 5 5 5 15 2
6 3 1 6 10 4 3 1 2 5 6 2 8 2 4
10 6 1 22 0 1 9 16 8 2 2 1 13 11 7
3 7 8 0 6 9 4 1 8 24 3 3 16 16 4
8 9 5 4 7 1 1 3 3 0 5 6 1 0 0
2 6 7 9 7 2 6 17 2 6 4 5 13 8 13
2 9 8 4 7 2 2 3 14 1 10 4 2 15 6
4 4 2 5 3 0 1 2 1 4 5 3 1 4 2
6 2 1 3 7 4 3 4 2 0 0 0 2 1 2
2 6 5 6 3 7 3 6 1 6 1 1 2 3 7
10 12 9 12 2 3 8 5 8 3 5 5 2 6 3
9 3 9 3 1 6 0 3 0 9 7 12 3 6 8
1 0 3 3 3 4 12 0 8 7 9 12 6 10 4
3 1 6 1 6 5 11 1 10 1 3 8 2 2 3
10 2 4 15 8 2 3 7 0 0 10 14 0 1 14
1 6 3 5 0 9 2 7 11 10 1 3 7 4 7
1 3 1 5 8 1 7 18 5 5 12 11 6 1 4
0 6 15 17 3 12 0 24 9 5 0 6 3 10 6
9 12 9 11 9 4 1 6 12 11 7 6 13 9 2
17 2 6 17 8 8 14 6 4 6 0 8 5 5 3
6 8 2 0 3 3 1 5 2 4 0 1 4 3 5
1 1 7 0 2 2 1 5 1 2 1 2 4 3 3
3 5 0 2 4 8 7 3 5 6 4 3 2 4 2
11 11 8 1 6 7 10 1 0 3 0 6 9 2 12
8 3 5 7 6 9 8 8 12 1 1 12 5 1 2
3 3 1 10 4 4 0 0 3 1 8 5 2 1 4
4 1 11 0 5 1 13 11 4 4 5 19 0 4 22
5 11 9 9 5 14 17 6 2 14 3 10 10 8 12
2 1 5 3 4 1 1 9 4 1 2 0 1 0 6
4 8 1 0 6 13 8 10 5 12 1 4 5 3 1
3 3 5 4 2 9 0 1 1 8 3 11 4 11 1
1 2 1 1 0 3 7 4 1 3 4 7 3 0 1
12 18 0 3 9 5 7 10 2 9 8 16 13 6 11
3 1 5 0 6 5 8 4 2 13 0 2 2 4 6
6 3 9 10 5 8 4 8 7 4 10 0 6 7 1
1 14 7 16 0 3 13 2 6 7 8 14 10 4 4
11 3 3 6 4 6 1 9 2 2 4 9 6 2 4
2 4 3 0 6 7 2 0 2 4 1 2 1 1 1
16 1 3 1 5 4 3 2 4 7 0 3 7 5 7
9 16 7 0 12 11 22 4 11 0 12 5 6 4 9
7 3 1 4 2 1 8 2 3 1 7 9 3 15 11
3 23 3 8 4 0 6 6 2 4 11 3 8 2 7
1 0 5 2 6 7 4 6 3 4 23 11 6 4 1
7 9 5 1 9 3 9 0 2 1 6 5 2 20 2
1 5 13 5 4 7 8 1 5 2 2 1 2 8 6
4 14 5 22 1 10 4 5 2 14 3 6 10 8 9
3 13 10 5 4 9 3 3 2 8 10 9 7 11 1
14 3 10 7 0 4 1 8 13 4 3 14 8 2 0
8 4 2 6 2 3 2 3 2 4 3 4 0 4 6
7 0 3 14 6 10 5 5 8 8 4 1 10 6 3
2 11 3 6 2 8 3 4 8 6 2 12 3 4 8
8 9 6 13 1 7 11 6 2 1 0 11 7 14 15
5 12 6 4 5 7 5 0 2 14 1 7 5 15 13
7 2 0 7 1 6 14 4 5 7 10 2 10 9 14
17 1 8 1 0 5 19 2 4 13 2 1 7 8 1
1 2 6 5 2 3 13 8 2 2 6 2 12 5 0
3 9 12 10 3 3 3 3 13 15 10 11 15 19 2
5 1 3 4 1 3 3 3 2 3 4 4 5 2 2
5 5 5 9 1 4 5 9 5 10 5 5 6 1 9
5 2 3 3 1 2 7 7 1 0 6 6 0 0 7
12 0 10 2 0 5 4 4 7 3 12 12 1 2 3
1 0 3 11 9 1 4 4 6 3 4 8 1 6 6
2 4 2 6 3 11 6 8 5 5 0 1 3 3 7
16 3 3 4 12 7 1 8 3 6 2 11 6 1 2
0 3 1 4 3 7 4 0 2 1 3 2 1 8 1
2 4 6 7 5 5 1 6 7 3 2 4 1 0 2
5 0 1 3 2 4 1 2 3 5 4 2 5 2 4
1 5 0 2 1 20 8 2 4 0 6 10 20 9 7
5 8 0 1 4 11 6 3 1 1 2 1 4 2 3
4 0 4 4 0 5 0 3 4 3 6 6 2 3 0
16 8 1 4 10 18 7 9 3 6 1 2 6 7 12
4 3 6 3 1 5 4 2 3 2 4 4 6 1 7
3 4 2 2 1 6 6 2 3 3 2 2 1 3 3
14 4 1 2 14 11 4 0 9 13 7 4 5 9 0
5 4 7 1 2 3 2 2 1 4 5 4 0 3 2
1 2 6 0 3 1 4 2 10 6 4 3 0 1 13
8 16 15 3 15 5 8 4 7 11 6 5 4 4 2
4 3 4 4 3 6 2 6 2 1 10 9 1 3 3
6 2 6 8 5 3 8 22 2 5 4 9 2 21 9
2 0 2 5 0 0 1 2 5 1 3 1 6 1 5
3 4 2 0 2 10 4 7 1 2 3 9 3 5 3
9 7 6 8 1 18 7 18 10 0 10 6 14 5 6
1 2 5 2 0 5 3 8 7 3 6 3 10 14 0
2 6 2 3 1 4 7 2 6 2 3 0 6 1 2
1 0 1 3 3 2 2 1 4 5 4 2 6 1 1
2 3 1 1 2 2 1 2 1 2 3 2 1 3 8
5 5 16 11 1 13 0 7 5 5 17 9 6 14 11
3 1 11 4 1 3 2 2 1 3 3 1 5 0 5
22 8 1 10 9 4 13 1 4 10 6 2 1 10 11
3 6 1 8 4 7 5 2 2 4 4 2 6 5 2
6 7 8 0 1 2 4 1 2 2 2 3 1 2 5
7 6 5 19 3 9 2 6 7 3 4 16 0 1 2
8 8 2 3 7 12 15 1 1 12 2 0 4 15 0
3 9 5 4 3 9 3 18 13 12 4 6 3 3 7
10 4 5 0 22 4 0 3 4 3 2 20 1 2 4
8 0 1 5 4 7 11 4 4 2 4 12 8 0 11
4 2 1 7 5 9 6 6 0 5 0 5 2 7 1
3 2 13 2 2 1 3 2 5 6 2 1 4 6 1
0 3 3 3 0 5 1 3 1 3 3 1 0 4 4
4 1 18 4 2 6 8 9 3 12 0 6 1 2 7
3 0 2 0 1 5 3 2 2 3 1 4 3 1 2
1 1 1 11 2 4 2 8 0 1 3 7 8 8 4
3 2 10 5 10 0 8 1 11 6 18 3 1 6 7
4 2 11 1 2 5 16 7 1 13 0 10 4 8 11
0 2 7 3 1 1 2 2 4 3 5 3 2 2 5
1 1 1 0 2 3 5 4 7 10 3 2 4 2 0
1 7 2 5 2 12 1 6 9 1 4 5 11 2 8
6 2 2 8 4 3 14 3 10 21 13 2 1 2 17
0 3 7 2 3 5 7 0 2 6 13 14 6 5 2
5 6 2 7 8 7 5 9 8 10 11 19 9 4 7
1 6 4 6 4 2 4 8 8 5 0 3 6 7 4
11 4 5 3 2 10 12 13 11 5 0 1 8 2 4
6 1 22 10 4 2 1 3 5 3 13 10 8 10 2
6 5 5 3 1 1 0 3 0 2 0 7 1 1 8
4 10 3 15 1 12 7 1 0 3 6 9 10 0 12
3 1 1 3 1 3 5 12 12 2 7 2 3 3 5
4 3 4 2 2 0 4 3 2 4 5 8 7 2 0
5 1 1 8 6 8 9 4 4 13 10 1 2 0 4
10 9 1 3 19 2 11 0 3 3 13 5 3 8 7
3 0 5 5 0 2 6 1 2 3 0 1 3 3 4
10 16 9 1 7 3 14 5 9 12 10 1 3 10 3
0 5 3 1 4 4 3 0 3 1 4 10 0 9 4
4 2 2 7 3 7 2 5 1 2 1 3 5 1 1
4 9 3 13 15 2 7 2 1 11 6 1 8 10 4
6 3 1 3 1 2 6 3 1 0 0 2 8 1 2
2 0 2 2 4 6 1 1 0 3 2 1 2 4 4
7 17 0 6 4 1 9 7 12 8 3 7 11 3 23
3 6 2 0 2 1 1 2 5 4 1 1 1 3 0
2 7 9 2 8 12 4 2 6 2 3 13 3 10 3
7 4 0 3 5 2 5 1 3 2 7 4 4 5 3
9 0 2 0 10 4 4 10 9 7 13 4 8 5 18
8 0 3 10 3 4 2 9 7 1 27 4 11 6 2
1 3 6 2 3 5 0 2 0 0 1 3 2 4 3
2 2 6 3 2 1 1 2 4 0 3 4 3 4 1
7 1 12 2 18 10 3 11 14 5 5 7 5 6 10
7 6 5 6 3 1 2 4 3 10 2 8 5 4 0
7 2 4 0 9 3 11 5 5 1 4 2 0 1 4
3 7 10 5 3 1 2 2 4 5 5 2 8 3 1
7 1 8 1 17 11 1 13 1 2 0 11 2 2 4
9 3 4 5 1 0 1 0 13 13 4 27 2 6 6
8 19 2 4 4 17 5 1 14 8 2 2 15 3 13
4 4 13 3 12 3 3 2 9 5 3 0 1 16 3
5 0 3 2 3 7 1 4 0 2 1 1 4 5 1
2 5 7 8 2 9 12 5 16 4 1 5 1 15 4
1 7 3 4 2 4 8 4 9 4 13 1 3 2 5
4 5 4 2 3 3 6 3 2 2 1 3 1 1 3
5 7 5 7 0 1 4 1 1 2 1 2 8 3 6
0 3 4 6 4 2 1 0 4 1 0 5 3 3 1
3 10 5 6 1 4 1 3 3 5 7 16 9 9 12
1 9 0 5 4 3 0 3 2 5 2 6 2 1 3
6 0 0 6 10 7 2 6 4 6 1 1 8 1 6
1 2 5 6 5 0 4 2 2 3 11 3 8 3 7
3 0 6 3 8 4 2 1 1 2 4 7 4 0 2
2 6 1 6 11 8 2 13 8 18 1 12 5 0 8
1 0 7 0 7 2 9 5 8 1 2 7 4 6 4
2 1 14 10 2 10 5 2 2 3 0 3 9 2 2
6 13 6 5 8 6 2 2 5 2 6 10 6 1 5
9 5 2 0 0 1 7 3 0 7 4 1 3 17 3
2 1 5 2 2 0 2 2 2 0 4 2 8 3 0
7 7 1 1 4 7 5 2 6 1 10 16 10 4 3
3 14 0 1 4 2 11 4 4 15 2 11 7 0 8
0 8 4 7 22 6 0 5 1 2 10 3 10 1 3
3 1 1 4 4 1 2 3 2 7 5 2 8 7 2
0 14 1 9 12 6 2 3 9 0 8 7 8 5 5
5 3 5 1 4 1 4 3 1 3 2 4 1 8 6
2 7 5 4 6 1 1 1 4 6 3 9 5 7 0
1 2 2 1 1 6 1 3 4 2 6 2 1 1 3
4 5 1 10 7 0 14 1 5 0 0 0 5 8 0
0 10 1 2 12 17 8 3 1 8 10 5 2 6 18
4 7 1 0 3 4 6 5 3 3 26 10 7 7 2
4 1 1 2 4 1 1 2 7 2 1 3 1 1 3
6 7 7 5 11 1 2 5 15 12 6 5 3 7 2
3 1 4 0 2 5 10 1 1 3 3 3 1 0 4
9 4 7 3 1 2 6 5 7 11 2 4 1 3 10
5 4 3 6 0 0 0 7 1 6 4 3 5 1 9
17 3 1 2 2 13 9 5 9 13 13 14 7 7 2
1 0 3 1 8 16 14 8 11 1 1 18 4 1 3
1 2 2 4 1 1 2 3 1 5 1 4 0 4 5
14 4 12 1 1 1 6 0 4 0 2 2 13 0 17
5 25 5 7 2 11 4 0 6 1 9 5 12 17 11
0 3 17 22 8 8 1 3 3 9 13 2 1 19 4
1 2 1 1 1 6 1 4 0 1 8 3 7 5 2
6 8 2 6 4 2 2 4 2 7 1 9 4 6 1
5 8 6 12 4 4 1 0 3 3 2 3 7 0 2
6 1 1 7 0 2 3 0 9 15 2 2 4 1 4
3 3 9 2 1 1 3 20 1 3 6 1 17 3 0
13 4 3 10 2 4 17 2 0 4 0 1 7 6 5
4 8 5 5 16 14 9 3 21 6 5 10 1 4 9
5 5 8 3 2 0 2 4 3 2 2 1 4 1 6
3 2 1 3 3 5 1 1 1 0 4 1 8 4 0
1 3 4 2 10 10 3 8 2 3 4 5 9 3 6
5 3 4 7 3 3 3 6 3 1 3 1 1 7 7
1 2 1 2 1 2 0 1 1 1 0 2 4 9 4
1 7 7 8 14 15 3 1 4 5 4 1 11 3 0
2 3 8 9 3 2 1 1 0 4 4 1 3 2 0
5 14 13 3 9 6 2 11 5 10 23 0 6 3 1
2 0 12 12 6 4 5 5 9 4 9 7 2 3 11
2 5 17 2 5 3 9 3 1 3 6 13 7 10 8
2 2 6 4 3 6 9 6 10 1 4 1 3 3 5
4 19 9 14 2 1 6 12 10 4 5 4 2 6 7
3 7 4 13 5 0 6 1 2 11 8 8 10 2 3
1 0 6 1 10 1 1 9 11 4 11 13 5 1 0
4 0 3 0 2 3 0 3 3 3 1 1 2 1 6
14 9 12 1 3 16 2 7 11 6 15 7 5 4 10
4 2 6 3 0 4 2 4 1 1 1 1 1 5 0
3 1 1 5 1 2 2 6 1 1 4 2 4 3 2
4 10 10 6 6 3 5 11 9 1 3 5 2 8 8
9 8 1 2 16 11 9 2 9 6 11 1 2 5 6
6 2 2 3 4 6 5 1 1 4 9 4 6 4 2
8 7 1 4 2 13 0 3 1 4 8 8 2 0 1
8 1 2 6 12 1 2 2 8 4 1 5 10 12 3
7 8 9 8 12 13 2 3 6 1 14 10 20 7 9
2 0 10 6 10 7 0 6 1 1 26 10 14 1 7
4 12 10 0 2 18 2 8 4 3 15 1 10 2 13
3 10 6 4 10 3 13 16 8 0 10 17 6 20 0
2 1 3 1 1 1 1 5 0 2 0 4 4 4 0
2 3 4 7 12 2 11 5 7 5 6 10 2 6 8
1 5 3 11 5 2 6 2 5 5 5 10 0 6 5
8 13 12 11 0 7 5 17 11 17 1 5 12 7 2
2 2 4 2 3 9 2 0 1 0 1 7 2 2 5
5 5 5 1 0 3 7 8 0 4 1 1 0 7 3
1 2 1 1 2 2 4 10 1 1 7 3 3 1 3
3 5 2 3 1 5 5 1 9 3 0 3 7 4 2
6 5 3 8 1 8 3 4 4 0 3 0 6 10 3
4 4 1 1 3 2 3 5 1 4 3 3 9 3 6
10 5 1 6 4 0 2 4 8 2 7 4 8 11 1
7 2 12 15 0 2 5 0 8 4 9 7 1 1 3
0 8 9 3 8 7 3 9 1 10 6 3 6 1 13
0 3 7 3 2 5 3 9 8 1 6 5 2 8 2
3 1 4 2 1 4 1 0 2 5 7 0 6 0 3
6 1 10 4 1 5 5 8 3 2 4 3 8 1 4
7 5 1 17 6 6 5 0 1 3 2 1 5 1 2
2 1 0 0 6 1 1 3 5 7 3 0 2 4 13
13 4 2 0 8 10 6 2 13 13 7 3 20 1 7
4 0 0 9 1 3 5 0 7 0 1 2 2 5 0
3 3 8 5 9 12 3 5 15 7 0 10 5 17 3
15 16 1 13 2 4 6 9 0 13 7 6 3 11 14
8 7 2 8 9 4 4 5 5 9 7 4 6 7 6
1 6 12 6 0 8 10 3 3 0 1 3 4 7 1
6 4 0 6 3 6 7 0 5 2 8 2 14 0 4
9 10 3 5 3 8 22 9 5 2 6 3 1 16 1
1 3 3 2 2 7 2 1 3 4 1 2 1 5 3
3 3 0 2 4 4 6 2 6 0 3 1 4 3 3
1 1 0 2 2 3 5 2 6 5 3 5 7 2 0
2 7 11 3 11 5 1 5 6 9 11 3 2 12 3
16 3 1 1 13 0 15 3 4 10 2 14 2 14 13
7 9 16 10 3 3 7 6 8 2 16 14 8 3 9
1 0 4 1 6 5 2 2 5 2 0 2 2 2 3
5 1 4 0 2 11 9 13 7 1 9 10 6 6 1
8 0 5 11 11 17 8 13 4 0 3 13 14 10 3
1 4 1 12 6 2 6 0 5 7 6 6 6 20 5
1 0 7 3 0 1 0 1 5 2 0 4 4 3 2
2 4 17 2 21 4 10 6 10 1 11 4 10 1 11
4 4 13 9 7 0 5 9 3 3 6 9 13 15 4
1 0 2 0 0 1 5 5 2 2 0 5 4 1 6
6 0 6 2 2 4 2 1 2 1 3 1 4 5 4
1 4 2 2 7 13 13 2 3 1 0 7 3 3 3
0 2 4 0 3 1 17 1 0 0 8 6 0 5 1
8 10 5 1 4 5 3 3 9 6 6 4 1 1 4
0 2 1 1 0 5 2 1 0 1 1 1 3 8 1
2 11 11 9 11 8 2 7 0 7 1 5 7 6 4
2 0 5 10 6 12 18 19 12 8 1 1 10 1 5
11 10 6 7 1 11 2 0 1 4 4 0 7 16 16
4 0 1 2 2 2 7 11 4 2 7 17 1 6 9
6 11 11 3 10 10 7 9 0 11 9 6 6 1 3
3 1 6 2 3 3 1 4 3 3 1 3 2 8 6
5 4 3 12 1 10 17 2 19 10 5 7 11 6 4
5 1 9 7 0 13 0 10 1 2 1 9 10 27 1
4 1 5 4 1 2 2 0 1 4 3 3 1 3 5
1 2 2 1 3 4 1 2 0 6 7 1 1 0 4
3 3 3 6 0 2 0 1 1 3 2 0 9 2 4
3 7 2 4 5 10 1 13 2 1 4 6 13 1 11
10 3 6 13 7 13 19 5 6 12 8 6 13 9 4
6 4 3 2 6 5 5 10 3 6 3 13 9 13 5
16 0 3 15 3 4 15 4 5 3 6 0 1 7 3
7 5 1 2 3 1 18 3 7 2 9 2 3 9 9
10 4 7 6 19 12 4 18 3 2 3 4 3 6 4
17 5 1 9 10 5 4 3 8 6 9 5 15 2 12
0 6 10 0 2 9 1 1 3 1 0 3 1 6 4
7 5 1 12 2 5 3 2 3 3 4 1 4 1 1
11 12 7 6 4 5 8 0 0 9 5 2 11 8 9
16 10 14 1 1 8 1 14 12 3 2 2 4 3 23
3 3 11 6 0 5 18 3 5 0 3 8 6 3 6
14 0 4 1 6 8 3 8 1 4 1 0 6 1 6
7 0 0 8 6 3 6 3 6 2 5 9 6 7 9
1 4 1 0 6 9 10 6 15 4 3 2 5 3 4
7 3 0 0 4 2 4 4 4 5 2 4 1 1 4
3 3 1 1 2 5 3 4 3 8 1 1 2 1 2
7 3 5 15 13 6 18 2 3 1 13 5 9 13 8
5 6 3 6 8 3 9 0 6 4 4 11 2 14 1
3 5 2 0 3 4 3 3 4 1 3 1 5 0 3
5 1 0 1 3 7 2 2 1 1 2 1 1 4 2
11 1 5 7 4 3 3 1 7 9 5 0 1 4 1
15 13 9 8 1 2 10 5 4 9 6 4 6 3 5
4 2 1 4 2 4 5 3 4 7 5 3 0 3 9
8 4 1 0 0 2 1 1 1 1 6 3 6 5 10
3 12 6 5 10 12 8 4 7 16 17 7 8 10 6
1 15 2 6 2 9 4 10 4 3 2 7 5 1 8
14 3 3 9 3 1 7 1 0 3 1 3 5 9 7
12 1 2 6 8 1 6 12 4 0 5 12 3 9 2
5 1 5 4 6 1 2 5 1 3 4 5 2 0 0
1 2 5 2 3 19 10 3 7 2 2 8 9 3 1
9 4 18 9 5 10 5 4 6 5 7 3 13 9 11
4 11 19 6 1 10 4 13 2 2 5 2 1 13 21
10 13 8 10 6 0 12 0 5 8 3 2 6 10 3
4 3 10 0 8 11 10 3 9 1 4 6 1 5 12
2 3 1 0 2 3 3 6 0 2 5 2 0 5 10
1 0 1 1 0 0 1 5 5 5 3 0 3 0 1
3 7 2 1 6 3 2 1 3 1 2 0 0 5 1
7 0 1 1 1 7 4 9 2 0 6 3 1 0 1
4 2 3 7 6 0 1 0 1 5 7 0 5 2 0
12 10 4 8 15 7 17 8 3 13 7 20 3 3 1
3 16 13 0 2 7 7 1 9 1 5 14 7 2 1
2 14 9 1 14 3 4 4 9 8 4 2 23 1 12
1 0 2 2 0 2 2 6 4 1 1 4 2 0 8
6 15 18 4 14 12 8 17 9 0 5 5 6 1 3
7 1 1 4 4 2 4 5 0 5 5 7 4 3 0
15 12 7 1 13 9 7 9 9 4 11 7 1 9 4
4 3 2 7 1 2 3 3 0 0 3 2 2 5 2
8 4 8 7 0 4 1 2 4 10 20 7 17 2 16
4 1 1 2 8 9 18 6 9 1 8 9 10 9 10
1 8 11 10 2 7 4 1 11 4 1 7 3 1 18
3 6 6 5 4 4 0 2 4 3 1 0 6 1 8
2 2 2 2 3 5 7 3 1 5 1 3 0 5 2
1 1 5 0 3 3 0 5 3 1 2 1 6 1 5
0 2 5 8 3 6 4 4 7 3 6 7 1 0 1
5 3 18 5 15 2 7 1 2 3 8 1 10 3 8
4 2 3 13 0 17 12 2 1 17 1 9 4 3 4
1 2 1 9 10 1 1 2 1 3 4 0 1 2 2
6 6 0 6 2 1 6 4 3 0 9 3 2 3 10
6 15 1 3 13 9 15 3 6 3 15 2 12 4 5
12 3 2 8 9 5 1 8 4 4 2 8 7 6 8
3 0 0 3 1 7 20 2 2 3 12 4 20 2 0
9 2 8 0 1 2 13 6 5 12 8 1 0 6 5
7 1 0 8 4 3 8 1 8 6 16 2 10 5 3
5 8 7 1 3 10 1 11 2 1 3 3 7 2 2
4 7 2 1 2 3 3 14 2 2 6 3 0 7 2
5 5 11 6 2 5 8 7 3 8 2 10 4 2 2
5 3 1 9 2 0 2 7 3 1 11 5 2 4 3
1 5 5 1 3 4 2 3 5 3 4 0 3 2 2
14 3 10 10 6 5 10 3 15 8 5 16 3 20 8
4 9 10 0 10 12 3 8 8 3 1 3 10 13 8
4 0 1 1 8 12 1 1 3 7 0 0 2 4 5
3 8 13 10 17 10 1 5 5 3 3 8 0 10 7
7 11 3 3 4 7 1 5 6 8 0 6 15 5 11
13 3 2 2 11 4 2 19 4 7 12 9 0 3 6
5 0 2 3 10 9 7 1 1 3 3 2 2 7 4
5 0 1 4 10 5 1 8 11 2 8 9 15 2 5
1 12 7 4 0 2 8 6 3 2 9 5 0 3 1
16 14 11 3 5 18 6 9 5 7 11 7 9 7 5
6 2 0 0 7 4 3 0 3 5 1 2 4 2 2
9 2 5 7 23 1 8 12 2 3 4 4 1 3 3
8 5 14 9 3 10 2 3 4 2 14 17 0 9 9
7 2 3 2 6 4 3 1 3 6 2 0 2 3 2
1 17 11 2 12 2 12 13 18 8 6 1 6 12 2
9 5 1 8 1 18 18 1 5 18 8 14 4 9 2
5 1 1 6 4 3 5 0 11 8 14 3 9 3 11
10 2 1 3 4 0 17 2 12 3 5 12 5 12 17
4 1 12 3 4 1 1 2 6 0 2 2 3 0 7
8 2 7 9 4 3 11 5 8 4 0 2 8 0 17
3 6 3 0 6 0 6 6 3 5 3 2 0 2 2
4 12 2 8 2 5 3 13 1 1 0 5 4 6 14
10 3 5 2 5 10 7 21 7 8 9 11 0 14 13
2 2 9 3 1 10 7 16 4 3 15 1 8 9 11
7 6 2 2 2 3 13 5 1 2 7 0 9 3 4
3 3 5 3 2 2 2 4 3 27 13 7 6 7 5
1 4 11 4 2 1 5 2 5 15 4 20 6 2 3
4 2 1 4 1 1 2 0 4 2 2 3 0 5 2
10 8 6 6 2 0 10 3 0 13 13 8 7 3 4
8 7 5 1 1 7 11 0 3 1 3 6 2 2 1
5 3 3 7 0 11 12 4 3 0 6 3 9 1 5
2 8 3 2 3 1 8 5 3 1 8 0 11 4 4
6 0 2 4 2 0 3 4 0 4 3 0 4 2 1
0 1 4 5 2 6 3 5 1 1 4 2 4 2 2
1 2 2 4 4 1 4 1 3 3 1 6 0 7 6
22 9 10 4 7 1 8 10 7 14 6 2 1 6 14
11 17 10 11 13 4 8 8 6 5 4 4 1 13 5
12 1 3 16 1 10 8 7 13 0 2 4 7 6 2
5 2 6 2 3 1 1 7 6 4 8 9 4 7 3
4 7 4 13 1 0 6 3 5 2 4 3 2 3 2
1 4 2 2 1 6 4 6 0 5 1 2 2 3 0
0 6 9 0 5 6 3 3 2 2 11 10 5 2 6
1 2 4 4 1 3 4 0 0 3 5 1 0 4 1
3 1 6 0 9 0 2 1 1 6 1 4 2 3 1
5 14 7 6 10 9 14 1 3 1 8 16 6 12 2
5 1 14 9 1 23 13 8 2 1 4 4 8 6 17
5 2 2 11 9 2 3 7 0 4 3 2 1 6 3
12 1 8 1 6 0 6 3 7 0 13 9 8 15 13
20 6 2 5 11 6 3 8 5 9 0 8 3 3 3
1 5 11 4 11 11 6 3 4 2 1 3 6 2 4
5 0 12 12 15 7 6 0 13 1 7 14 5 8 11
5 6 2 5 3 1 3 5 10 11 14 1 7 7 5
13 11 3 1 12 3 3 2 9 2 6 4 12 1 1
1 4 6 22 9 9 13 4 1 8 18 10 7 2 4
8 6 14 11 3 6 0 8 9 8 5 15 2 7 12
1 4 6 6 2 2 4 3 2 1 1 2 1 7 2
0 10 0 2 10 14 9 11 9 10 11 10 2 17 8
10 2 9 13 14 12 0 7 1 12 2 7 2 5 4
4 2 3 5 4 7 12 8 14 0 8 1 6 3 3
3 5 6 4 5 7 11 8 6 9 1 1 5 8 7
7 6 3 6 11 5 2 13 8 25 6 3 4 1 14
1 6 7 1 5 24 8 2 4 6 6 4 6 14 4
1 3 2 1 1 2 5 0 5 1 1 4 7 3 1
1 5 8 0 3 1 4 3 7 5 4 0 5 2 3
3 3 3 0 7 3 3 0 6 2 12 2 1 10 5
2 0 3 1 2 1 11 1 4 5 11 0 8 3 1
1 6 3 2 3 3 11 3 14 11 10 5 11 12 17
18 1 13 24 0 1 8 9 5 6 7 4 2 3 6
9 7 4 2 0 4 4 5 0 6 1 1 1 4 2
8 7 0 6 0 8 3 2 4 4 3 5 1 11 11
4 2 3 4 5 4 2 3 4 0 0 0 3 4 2
1 2 0 5 7 4 10 1 1 5 2 0 3 4 4
5 2 4 2 3 7 5 4 14 2 1 2 6 2 1
13 3 11 21 6 2 7 8 7 9 4 5 10 13 5
2 3 4 8 7 3 0 3 3 1 7 4 5 3 1
8 1 2 5 2 0 10 1 6 13 0 5 2 1 7
1 13 16 3 1 2 8 14 3 5 13 3 7 7 15
7 5 4 1 2 0 2 2 1 2 4 2 4 2 3
5 7 7 0 4 3 2 4 1 2 1 7 6 10 18
4 0 1 1 8 3 7 2 3 8 11 4 7 2 9
1 3 3 4 2 2 5 2 3 2 1 3 2 4 4
6 5 12 3 0 5 2 3 8 2 1 1 6 2 1
4 1 16 19 4 8 10 10 15 14 6 3 2 9 5
1 4 16 7 2 12 2 4 4 1 0 8 3 10 4
7 6 8 2 6 7 4 0 3 13 6 4 4 9 9
15 7 14 3 14 3 11 12 3 0 4 1 8 6 0
21 3 6 1 9 3 8 4 1 4 4 16 19 5 14
8 5 3 4 4 11 1 5 1 7 12 9 11 21 8
7 6 9 0 6 0 15 3 7 5 4 6 1 9 20
1 2 5 1 2 2 3 4 1 3 1 11 2 4 4
3 2 0 0 4 6 4 4 3 2 2 0 2 2 4
5 1 7 4 4 0 7 2 1 1 2 5 8 3 7
3 5 4 3 0 4 2 5 2 9 1 2 2 1 10
6 3 4 9 5 3 8 7 6 2 3 4 1 5 6
5 4 9 4 11 8 6 6 1 7 3 2 1 2 0
9 1 1 3 1 1 3 0 1 0 2 9 0 3 1
7 4 9 7 13 7 7 0 5 9 0 12 3 0 0
0 3 6 10 9 0 8 3 4 2 10 0 0 5 3
4 4 2 0 12 3 3 6 22 2 2 9 3 4 2
1 7 6 2 4 3 0 7 2 1 1 2 1 1 10
0 5 4 1 1 4 4 3 4 1 1 5 1 6 3
18 7 1 15 7 5 10 2 12 2 2 13 5 4 0
5 12 14 19 1 5 7 6 6 2 12 1 4 3 1
5 7 11 3 11 1 9 3 0 7 10 9 2 3 9
7 16 16 9 7 15 4 11 11 11 1 1 8 2 4
1 9 8 1 4 4 7 6 1 1 7 13 4 9 3
8 4 10 0 1 17 14 5 4 0 1 3 3 8 14
17 13 5 2 14 10 1 9 0 2 2 5 11 16 5
1 4 3 2 2 3 1 2 1 8 1 2 0 2 1
1 0 9 0 2 3 4 5 4 7 1 8 7 5 1
3 3 0 0 2 1 8 0 0 1 2 5 3 3 3
4 4 5 1 5 4 3 1 1 1 6 4 1 1 3
3 3 2 0 3 20 6 9 3 3 3 4 7 3 19
5 1 1 0 4 1 4 3 8 4 5 1 0 2 2
9 13 0 9 3 7 6 3 4 3 6 5 6 4 9
3 7 2 5 3 11 6 1 1 2 1 6 20 5 10
6 10 6 7 2 1 6 2 8 8 12 2 4 5 6
5 8 9 6 7 10 3 2 6 9 2 4 2 3 2
6 12 3 8 9 1 0 4 2 5 4 5 0 2 8
4 7 4 7 2 5 6 8 6 2 1 6 6 7 1
3 4 7 2 1 2 4 3 2 6 7 3 4 1 6
0 5 11 1 0 0 2 2 0 2 1 1 2 4 5
1 1 4 1 3 2 2 1 2 3 4 1 9 6 1
2 5 1 1 2 4 3 3 3 3 3 2 5 6 6
2 1 4 1 1 0 1 0 1 4 7 0 1 0 4
0 7 9 10 14 9 12 20 17 5 2 2 4 1 7
4 0 0 7 4 4 2 3 7 1 1 1 0 3 4
1 1 1 4 3 2 3 1 6 7 2 14 9 10 7
0 7 1 3 1 1 1 6 4 6 1 2 5 1 3
8 6 8 6 1 3 8 22 4 15 12 4 4 6 2
3 0 2 4 8 1 3 8 1 8 10 2 0 2 3
3 5 3 18 3 10 8 12 13 0 0 0 13 13 8
0 3 1 0 4 2 4 1 4 1 4 2 4 5 1
1 7 3 8 3 10 11 8 9 5 1 3 4 3 3
0 3 20 9 4 2 7 6 4 7 3 2 2 2 2
2 6 3 11 8 9 0 10 6 18 18 9 1 16 5
10 9 2 3 13 1 5 4 12 9 13 2 8 0 7
9 2 8 7 2 2 7 4 2 2 2 6 4 2 5
2 5 5 8 11 2 7 8 2 5 2 1 7 1 3
9 0 0 4 4 10 2 5 7 8 7 9 4 11 7
3 1 8 9 1 4 5 4 1 5 3 2 3 5 8
4 7 7 3 17 8 5 6 2 6 4 5 3 20 12
8 2 0 3 1 2 0 5 5 0 2 3 6 5 1
8 8 7 6 8 3 6 3 1 2 5 7 1 6 6
3 2 3 1 1 0 2 1 9 0 1 3 5 1 9
0 1 2 7 1 0 8 3 1 2 5 0 0 2 2
2 4 0 2 5 2 4 1 4 3 5 1 7 3 2
8 3 9 3 8 15 2 10 6 6 7 16 7 24 2
1 3 9 1 6 3 0 5 2 3 0 5 2 5 4
2 0 7 0 5 3 2 1 3 5 3 2 5 11 4
5 19 3 6 5 5 1 3 11 10 7 0 25 8 8
1 1 1 6 0 2 4 8 7 2 3 5 4 1 6
2 2 1 4 7 1 11 15 7 2 11 4 14 1 5
3 1 5 4 2 4 7 3 1 1 1 1 7 15 5
5 1 4 16 6 4 7 5 6 7 2 8 17 12 18
4 2 3 2 6 0 0 4 0 7 1 9 2 1 5
0 15 7 8 8 7 2 14 14 2 12 1 8 13 19
4 3 0 2 3 2 0 2 2 2 7 0 1 10 3
2 0 3 0 4 6 0 1 1 2 2 6 0 0 0
5 6 15 8 2 15 11 12 11 3 9 3 8 6 8
2 8 6 9 1 2 7 2 1 4 5 8 12 1 0
0 3 1 3 3 7 9 1 0 3 0 5 0 1 2
10 10 4 12 5 1 12 1 5 2 7 2 24 9 2
2 4 8 5 15 7 3 5 2 8 5 23 1 5 2
2 8 13 6 3 8 11 11 9 15 2 11 5 4 12
4 14 11 1 2 11 4 1 10 9 12 14 24 4 2
5 3 0 1 9 0 0 0 5 7 3 5 6 4 4
1 3 9 7 6 7 4 11 2 11 2 0 11 4 4
2 6 5 13 3 20 1 20 11 3 12 10 7 10 2
1 4 4 14 6 19 5 0 7 2 2 0 10 7 0
2 9 3 1 10 8 2 10 9 11 12 1 12 3 2
11 7 7 13 11 12 1 17 7 1 7 0 9 4 1
11 3 2 5 1 5 2 2 0 5 1 0 1 7 7
16 10 5 7 4 2 8 11 21 11 4 5 10 12 4
2 4 0 4 3 3 7 2 8 2 3 8 4 3 9
4 11 6 1 1 2 6 1 2 5 0 4 6 3 3
5 2 3 2 0 3 3 4 1 3 6 2 6 1 3
0 7 3 2 5 5 1 3 0 0 3 0 2 3 8
16 14 6 1 2 13 10 2 6 3 3 3 12 5 18
8 5 5 2 2 4 12 10 8 2 4 0 2 8 3
0 2 12 5 7 2 17 6 5 8 6 4 4 9 6
5 10 3 2 6 3 13 9 6 5 3 6 6 1 5
4 7 10 9 1 12 5 5 21 3 2 8 16 14 2
7 12 12 3 8 0 2 0 4 4 2 19 1 0 8
2 11 8 3 26 2 5 15 5 4 2 11 0 8 2
11 6 14 22 11 2 6 5 0 1 7 4 4 5 7
2 10 1 1 3 9 1 1 3 7 4 3 1 4 1
4 4 4 2 3 1 3 2 2 3 3 3 2 3 4
6 6 1 8 7 11 6 8 10 5 9 1 3 16 6
3 12 9 3 8 6 2 7 0 6 5 1 5 0 1
5 0 7 7 2 0 6 4 7 3 1 1 0 10 8
1 3 5 2 3 3 2 5 3 2 0 6 0 6 3
0 9 11 3 13 3 1 5 0 3 4 3 2 0 15
2 1 7 9 9 4 0 4 1 7 3 8 3 2 1
0 4 4 0 14 1 3 4 5 10 6 3 12 3 1
4 14 14 8 3 14 6 10 4 2 4 5 1 17 0
6 1 1 4 6 4 3 6 3 5 14 5 4 4 1
14 12 16 7 22 4 4 7 3 0 3 4 5 14 10
8 6 2 7 6 11 9 3 16 0 4 22 4 7 4
5 5 0 3 1 2 2 6 4 3 7 1 6 1 6
4 0 4 4 5 1 3 0 4 0 7 0 1 0 1
1 7 1 3 1 1 2 6 7 6 6 0 7 3 3
3 0 3 4 1 0 8 1 3 0 3 11 4 5 4
4 8 8 2 10 3 8 0 10 2 1 3 3 2 11
4 8 0 3 2 2 0 3 2 1 3 2 6 3 6
5 21 1 3 16 10 8 0 18 9 9 8 11 1 3
3 4 11 1 1 7 16 4 3 5 15 4 1 3 5
5 3 7 0 6 3 8 1 5 1 4 5 9 7 3
3 2 7 3 8 1 4 6 5 4 5 3 4 5 5
0 3 7 1 3 4 1 4 11 19 7 13 4 5 13
1 3 6 6 4 4 9 2 2 3 5 4 2 11 5
3 4 11 7 1 8 6 7 7 7 10 4 1 2 11
1 6 3 4 1 14 4 0 10 0 5 11 6 2 21
9 16 5 1 7 12 5 7 3 14 8 6 5 3 7
16 1 5 10 3 1 3 2 4 5 0 12 7 9 5
3 2 3 25 7 6 4 1 8 6 9 3 7 10 5
18 2 12 2 2 4 8 5 3 4 14 2 2 1 4
2 12 8 1 2 2 7 2 4 1 4 2 5 2 5
2 5 9 2 5 2 9 5 9 4 1 8 5 6 1
6 1 1 4 1 2 3 4 2 4 3 4 7 5 4
3 8 20 1 0 16 5 3 9 1 1 6 2 4 21
6 6 1 2 4 1 0 7 14 2 11 11 4 8 7
12 3 6 7 6 6 2 0 7 4 11 2 6 1 2
2 7 0 2 1 0 3 0 1 3 1 4 3 3 2
7 14 10 12 12 3 10 4 13 7 3 8 14 5 0
3 1 1 6 4 6 0 1 3 3 4 2 2 2 3
5 6 12 16 1 2 1 1 2 5 5 6 7 5 1
0 6 3 3 0 9 2 1 3 4 1 1 3 4 0
2 2 3 5 5 1 3 1 6 1 3 1 3 7 4
2 8 6 0 8 2 9 0 8 5 6 6 21 14 22
10 1 8 1 11 11 2 4 1 4 7 4 1 9 2
3 6 4 1 1 1 6 1 3 1 0 1 2 5 0
10 7 6 2 5 9 1 0 4 1 1 10 2 0 4
16 20 1 0 9 5 15 3 8 5 5 12 5 13 8
7 1 4 3 6 8 3 2 2 3 4 5 3 5 1
1 1 7 7 1 6 13 3 11 3 6 10 8 5 1
9 9 8 7 9 15 0 10 13 11 3 5 2 2 1
3 8 1 4 3 1 5 6 1 4 4 4 7 6 2
0 5 5 4 2 6 4 3 0 7 4 8 6 4 7
2 6 5 1 13 3 20 7 3 3 0 4 7 2 4
1 11 3 11 4 6 9 0 0 0 3 7 4 3 10
0 1 2 5 3 3 8 7 4 5 11 5 3 2 6
13 5 9 3 2 2 14 1 13 9 2 9 9 13 13
1 8 1 1 3 12 1 1 1 5 3 5 2 0 12
4 8 2 1 15 7 2 19 15 13 1 4 5 10 9
5 6 4 1 1 4 4 2 13 1 0 4 9 8 6
12 3 1 8 0 1 21 1 11 4 10 13 8 4 1
6 1 2 4 3 5 5 4 5 3 22 18 12 18 8
3 4 5 5 6 5 6 3 2 12 6 9 3 5 6
1 0 2 4 3 4 4 3 3 0 1 3 2 2 3
1 0 1 1 0 0 1 2 2 4 4 1 8 1 2
5 5 6 3 3 11 8 7 5 1 4 0 2 8 2
2 2 2 2 3 5 3 4 3 1 7 1 0 4 2
3 5 7 7 1 3 1 7 14 1 9 9 7 0 3
12 4 4 11 7 1 6 11 6 11 6 7 21 0 5
3 13 4 17 3 4 7 12 3 6 8 13 7 9 8
2 2 2 5 13 2 15 9 25 1 3 12 8 4 14
15 7 2 13 9 17 7 0 16 6 5 5 3 11 8
3 0 1 12 9 3 4 3 7 5 8 2 8 2 1
8 2 5 10 1 1 10 16 0 3 9 8 3 5 2
1 18 4 2 2 9 0 10 6 10 4 0 6 1 10
1 12 3 12 7 9 3 7 4 6 6 5 2 12 2
2 4 9 2 12 12 1 9 7 8 4 5 8 13 4
3 1 5 6 13 7 2 4 2 3 12 1 9 5 3
3 10 6 3 4 1 5 4 0 7 4 1 11 7 2
2 3 1 2 6 11 1 12 1 13 6 8 4 1 7
4 11 5 6 1 5 2 7 15 2 17 8 9 4 2
6 4 8 5 12 9 17 2 3 3 10 2 11 5 1
3 2 5 2 1 2 2 4 1 1 5 2 1 2 1
13 2 2 7 12 6 9 10 10 6 2 3 0 16 9
2 6 1 4 8 10 5 1 1 2 3 4 7 1 8
12 3 8 3 6 2 17 4 19 1 12 10 9 3 1
3 2 8 2 19 4 16 15 7 2 2 8 4 2 1
0 3 3 0 9 11 3 5 2 0 6 9 1 1 7
1 0 6 1 13 4 6 7 0 7 12 4 2 8 3
2 3 6 1 2 2 9 12 7 2 2 5 1 3 5
6 4 2 12 1 12 8 9 2 6 16 7 8 1 8
14 20 13 6 1 8 10 3 1 6 5 5 14 0 5
7 3 1 6 9 1 4 3 3 8 7 1 2 3 6
3 1 1 5 4 8 4 1 6 1 7 3 12 13 7
9 1 1 7 2 5 0 0 5 1 16 2 3 8 13
3 1 1 4 1 2 2 9 2 4 5 2 5 2 1
1 2 3 4 2 5 1 2 6 7 1 2 9 3 5
2 5 3 6 6 1 5 4 2 2 1 3 1 4 1
2 2 1 1 1 8 8 2 0 3 1 5 2 2 6
7 5 16 2 0 3 3 4 3 1 2 4 1 7 3
4 3 0 5 2 7 6 4 6 3 12 6 5 8 1
3 6 3 20 5 0 13 0 10 15 6 7 8 13 6
10 15 13 9 1 4 17 2 4 7 18 9 8 7 4
19 11 6 5 12 4 0 4 2 5 2 11 7 16 5
5 5 16 16 0 5 5 10 15 0 5 2 4 2 0
1 0 7 2 12 22 7 11 1 10 3 13 3 6 8
7 14 7 10 2 8 2 8 11 4 1 5 4 9 10
1 4 4 0 6 7 4 10 0 0 9 2 4 2 4
8 1 4 1 13 1 1 4 5 4 5 1 11 1 4
12 6 6 0 5 16 9 11 7 6 6 2 5 11 6
3 7 7 3 1 3 8 7 2 14 5 4 3 16 0
3 6 4 7 2 6 5 6 4 6 2 2 3 3 4
2 3 1 3 5 2 3 2 4 1 0 3 1 3 2
3 2 2 0 4 1 4 3 2 0 4 0 0 7 0
8 5 3 9 2 6 3 2 2 3 1 8 5 1 4
4 0 3 4 17 12 4 5 3 7 9 0 2 6 0
8 4 1 10 3 5 11 1 1 2 5 4 9 2 6
3 4 4 7 1 4 6 0 1 6 15 5 1 7 10
1 10 6 1 1 4 2 5 6 5 3 0 2 14 3
1 2 4 8 4 7 16 14 5 8 2 6 13 7 3
6 7 4 4 11 7 7 0 7 1 9 1 9 0 10
15 7 4 3 12 7 19 2 1 13 11 10 14 9 2
5 3 0 7 7 2 5 5 8 6 2 0 11 5 7
3 15 19 5 1 1 10 6 2 12 0 6 2 17 7
1 9 5 10 12 14 0 1 8 3 5 6 2 11 2
0 4 2 2 6 2 4 5 0 1 1 0 2 1 3
1 1 5 4 5 3 6 4 2 2 0 3 2 1 6
7 2 5 7 3 6 2 6 11 15 14 5 9 11 11
0 3 0 3 5 5 5 10 6 6 1 1 7 5 1
14 4 2 3 1 8 10 5 2 2 2 2 4 6 3
13 2 6 2 2 9 1 3 10 1 5 14 5 0 5
3 2 8 5 1 1 8 8 6 10 1 2 5 2 1
6 5 4 1 0 1 2 6 1 1 2 3 2 3 5
12 10 13 21 4 5 1 6 1 2 3 13 16 6 4
6 10 13 7 1 4 6 2 14 6 10 11 3 8 2
15 2 1 8 4 4 0 4 8 3 9 20 2 4 1
7 2 5 6 1 3 5 2 5 2 0 7 2 9 8
0 2 4 3 3 3 0 4 2 0 6 1 8 6 1
14 3 1 1 20 0 4 1 0 3 2 1 7 3 7
12 5 12 3 5 1 3 1 16 5 12 11 6 20 12
8 12 4 5 3 20 6 4 2 15 9 0 12 16 1
4 2 11 5 4 3 2 3 1 3 4 3 2 5 9
2 2 3 14 4 1 1 10 4 15 5 3 7 11 5
5 1 2 3 1 0 5 1 2 0 5 2 4 3 1
14 4 16 3 7 1 6 14 14 2 4 7 10 4 8
7 2 0 1 16 6 5 9 9 7 7 5 12 5 5
3 3 17 3 5 10 12 1 14 5 10 2 4 8 8
8 4 3 9 4 5 4 2 5 3 1 1 2 2 1
1 3 0 0 1 1 2 11 2 1 1 7 13 3 4
0 4 3 4 2 3 1 0 1 1 5 1 3 2 2
2 2 1 2 3 3 1 3 5 3 3 1 10 3 5
17 13 10 8 9 6 2 8 2 14 14 12 1 12 1
4 1 10 2 9 10 11 3 11 0 17 8 13 13 1
5 1 9 9 11 19 4 0 1 10 1 1 1 1 8
7 2 7 3 1 2 0 1 4 1 2 3 2 3 1
5 6 5 2 3 0 10 4 3 3 0 1 4 2 7
3 9 1 9 4 4 3 3 0 1 2 5 10 4 5
5 5 11 9 2 12 24 1 10 3 17 2 2 3 7
3 6 3 12 10 14 9 10 0 4 1 7 10 0 3
1 5 2 4 2 4 0 4 3 4 1 7 8 5 0
14 10 13 5 17 17 2 12 8 4 9 0 2 4 9
10 8 2 1 10 19 3 1 14 12 11 7 7 7 12
23 12 4 3 9 4 1 13 1 2 3 5 0 0 8
0 2 3 1 6 2 3 5 4 10 2 1 7 7 2
4 4 7 10 1 3 3 5 10 12 3 7 0 18 1
5 1 1 4 5 6 1 0 2 2 4 2 1 3 3
19 2 2 7 11 6 2 0 7 9 7 7 17 11 1
3 4 5 5 2 3 4 6 8 1 7 1 1 2 4
7 16 1 4 7 3 9 4 8 3 4 8 11 1 2
12 15 4 2 0 12 5 2 7 5 15 7 13 10 8
12 7 10 14 2 1 14 1 8 9 9 4 15 1 5
8 4 2 9 3 2 8 8 9 4 3 2 2 9 1
1 8 6 9 10 12 2 11 2 7 1 4 18 7 3
2 2 1 0 3 0 1 2 5 1 2 1 2 0 6
5 7 4 3 4 4 8 9 22 2 9 3 13 7 13
0 10 10 2 7 5 1 0 3 2 10 2 5 5 17
2 4 5 1 4 1 3 1 1 4 3 4 4 3 1
5 8 4 1 3 1 7 9 10 8 4 17 14 6 4
7 9 15 6 3 14 10 6 9 4 11 4 5 18 5
10 2 2 0 0 13 6 1 4 7 7 3 5 3 5
1 5 4 2 2 1 1 3 5 1 2 6 2 1 4
7 9 8 3 5 0 0 1 2 3 4 1 0 3 1
1 4 3 3 1 3 1 4 4 2 4 2 5 1 0
2 8 3 3 2 2 5 4 0 1 0 4 6 4 0
7 2 1 3 1 3 0 1 5 0 1 6 3 4 3
2 7 5 3 4 2 2 3 0 10 5 0 0 2 3
9 0 3 1 1 4 1 11 12 0 0 15 9 2 1
7 2 7 6 6 10 3 5 4 1 6 0 6 1 6
0 1 3 8 1 6 5 1 6 1 3 1 3 4 2
2 3 6 1 2 2 4 2 2 3 3 9 3 1 2
6 12 6 4 3 11 7 18 7 10 15 9 3 11 8
4 3 10 0 7 4 2 3 4 1 6 3 5 7 4
0 16 8 8 6 12 1 3 5 14 10 4 7 5 24
5 8 7 6 0 3 6 10 4 5 4 10 2 0 4
7 1 8 6 3 3 2 2 10 3 2 0 2 6 3
5 2 1 5 2 0 2 4 2 4 6 6 5 8 1
1 2 12 6 8 9 18 15 1 4 3 12 10 4 12
6 12 5 7 3 22 5 7 4 4 11 6 4 5 0
12 1 10 4 10 5 6 1 1 1 2 13 2 3 1
6 5 22 12 9 3 15 16 1 1 12 9 2 7 4
1 1 12 15 16 9 7 9 2 9 2 11 2 0 3
2 4 2 1 2 3 10 4 5 3 4 1 5 1 1
6 6 7 2 8 6 0 10 3 6 3 2 1 1 7
4 3 0 3 1 0 1 2 2 2 2 6 2 2 2
4 2 5 4 1 3 3 3 2 0 1 1 1 4 5
6 5 3 1 5 5 3 1 3 6 4 10 4 3 4
9 2 1 6 12 3 9 8 5 0 2 3 3 9 5
4 4 4 0 4 5 3 3 5 1 0 6 2 3 0
6 1 1 3 0 7 4 0 0 5 3 1 0 5 0
7 1 14 9 1 7 8 3 5 3 8 2 7 6 9
6 8 8 8 3 12 16 1 9 6 2 9 5 1 6
9 1 10 11 8 5 2 10 3 14 2 11 6 3 2
1 3 4 5 11 6 4 1 2 14 0 9 16 12 6
5 1 8 4 7 5 18 7 4 6 2 7 6 2 10
4 2 2 3 3 2 3 3 5 3 2 2 1 0 0
5 3 3 5 9 4 5 8 5 6 6 7 22 12 2
3 9 2 0 0 8 4 3 2 8 4 4 0 8 2
5 6 0 13 0 1 4 1 12 7 3 1 15 15 5
2 22 1 1 15 15 4 1 17 3 2 3 6 5 2
5 1 4 4 2 3 3 1 4 1 1 0 4 2 2
7 7 13 14 5 4 3 7 13 10 4 5 4 8 13
9 7 15 6 0 0 1 8 10 9 6 6 14 5 9
10 16 22 6 11 4 9 10 5 8 4 7 3 8 11
6 14 3 6 2 14 4 8 4 6 2 3 3 9 2
10 13 3 7 7 11 7 4 9 1 8 10 5 5 13
4 2 3 2 3 1 5 5 2 5 0 2 6 1 9
2 3 2 1 4 0 6 2 3 3 1 2 5 5 2
17 14 3 1 1 15 3 8 11 2 12 19 5 8 0
9 1 3 0 5 5 7 6 11 6 2 1 7 1 2
3 1 1 2 4 5 5 2 7 5 1 1 3 5 1
0 4 1 1 1 3 2 9 2 3 3 1 3 6 1
1 8 2 2 2 7 2 3 4 6 2 1 1 7 0
4 3 11 3 17 8 5 13 6 14 9 12 3 10 3
3 2 1 6 1 4 2 2 2 10 5 4 5 0 7
14 8 5 2 13 17 0 5 21 0 6 1 2 12 11
10 5 9 3 9 3 6 2 16 5 2 6 0 8 1
3 3 3 0 1 1 0 5 3 5 0 5 8 3 8
0 1 5 7 7 3 9 7 4 1 1 5 0 2 1
1 1 5 0 10 2 5 15 7 2 10 5 15 3 3
3 2 2 4 5 3 5 6 1 4 4 0 9 4 3
6 0 1 6 1 1 3 3 0 7 0 1 2 0 1
0 19 3 2 8 2 10 9 6 13 9 0 3 8 0
0 6 4 12 3 14 2 1 5 3 0 6 6 4 9
14 13 6 12 2 5 23 0 1 6 12 9 10 1 6
2 4 9 2 1 3 1 4 2 2 3 3 6 0 1
1 3 4 3 5 2 1 1 1 6 3 4 3 3 2
1 10 3 3 2 5 3 3 2 0 0 5 1 1 6
1 3 10 5 4 0 5 19 10 20 10 3 1 11 10
4 2 11 18 6 10 5 0 3 6 8 5 7 1 11
3 10 5 2 2 5 6 2 2 1 2 12 1 9 12
2 1 3 7 7 7 2 5 5 2 0 6 4 7 3
9 0 5 2 3 11 11 11 4 1 5 8 6 6 5
1 2 4 0 0 6 0 1 9 3 9 0 12 7 9
10 9 9 9 9 9 10 12 10 0 3 1 6 20 8
2 3 4 4 2 10 2 8 1 2 7 5 4 6 1
3 2 5 5 10 8 10 2 2 3 1 7 4 1 11
4 2 5 1 0 1 8 5 2 2 0 4 2 1 1
4 2 1 1 1 2 0 3 0 2 0 7 4 2 2
1 1 7 2 6 0 1 7 9 8 3 1 4 4 6
2 4 6 3 3 2 9 0 1 3 3 6 0 1 10
9 2 11 3 13 12 4 5 13 7 14 5 17 11 0
9 0 0 4 7 8 8 8 9 3 9 10 11 25 12
4 3 1 2 5 1 3 4 2 5 3 3 3 1 2
9 1 3 0 10 1 4 4 1 3 2 6 3 3 1
12 2 7 2 7 7 14 3 10 6 6 3 3 15 21
6 3 0 1 6 2 2 3 2 1 3 0 1 0 1
5 7 11 7 1 3 2 3 6 8 3 7 1 17 4
10 2 5 10 1 5 10 5 4 3 8 6 12 1 1
2 10 12 7 0 2 4 13 13 6 5 9 15 7 3
0 1 2 1 2 5 2 2 2 2 5 0 3 2 8
1 3 5 5 6 1 3 3 7 0 7 3 1 5 7
7 9 11 10 6 5 18 0 1 2 11 7 1 7 0
2 2 6 12 3 16 10 2 3 2 13 15 9 0 1
14 3 10 5 9 11 0 7 1 5 3 5 6 10 8
2 3 5 13 5 5 1 7 6 1 7 6 5 3 2
0 2 5 12 2 0 1 3 0 7 2 8 2 5 3
4 9 7 5 1 5 1 5 12 1 0 3 9 13 3
2 0 4 9 12 10 9 6 2 6 3 14 13 6 6
14 11 3 7 2 3 4 1 4 3 8 13 7 7 7
0 5 3 1 3 9 3 4 4 3 3 4 4 3 2
5 6 21 10 8 2 12 11 8 4 4 1 5 12 7
5 3 12 7 2 18 3 2 11 10 12 6 8 4 4
4 2 2 2 4 3 1 1 3 5 5 6 6 5 1
14 0 0 3 6 9 2 5 14 0 4 10 9 7 14
1 8 6 10 0 5 2 6 0 21 5 9 6 11 4
2 5 4 4 4 2 1 8 8 2 4 11 3 7 6
2 23 18 9 6 3 7 10 5 10 4 11 5 10 2
1 4 9 0 3 1 5 2 2 1 8 5 6 1 0
5 5 0 0 5 9 17 5 3 3 1 17 1 5 13
6 18 13 14 1 4 14 12 1 8 8 10 10 2 2
10 14 5 4 0 1 7 5 5 6 2 5 0 2 5
1 0 7 1 3 2 3 0 1 15 9 12 5 3 7
5 6 1 2 1 0 1 3 5 7 2 5 8 3 1
7 3 1 6 5 3 6 2 11 6 1 2 1 12 0
9 12 5 21 4 2 2 3 7 9 7 3 6 0 4
2 0 5 14 4 4 6 2 2 6 1 1 11 2 4
0 6 6 3 0 3 1 8 1 1 12 11 13 1 10
7 0 5 2 9 5 8 0 0 17 3 4 8 4 9
5 5 3 8 8 4 4 3 9 4 6 1 2 4 12
11 6 3 10 13 5 16 12 17 3 5 4 12 1 2
4 1 7 12 2 21 3 13 4 19 3 5 2 5 1
5 11 18 4 3 12 14 8 21 2 10 5 5 2 2
5 6 1 3 3 0 4 2 1 5 5 2 4 3 5
5 2 11 6 24 3 0 7 0 5 18 10 8 6 9
2 2 9 1 10 10 9 3 1 7 11 9 14 3 2
14 8 3 1 7 7 4 9 10 1 1 7 2 12 8
2 5 0 6 9 7 2 6 10 4 12 2 3 9 10
1 6 7 7 7 6 6 9 6 2 1 14 4 6 5
1 6 2 8 4 0 2 9 9 12 1 3 5 5 7
2 4 2 4 1 2 0 4 2 3 3 3 6 2 2
2 5 9 0 2 5 4 1 1 5 5 3 7 6 4
2 4 11 13 7 6 5 4 8 8 3 11 4 2 6
8 8 0 2 12 10 6 2 3 0 3 1 2 4 2
6 6 5 6 5 2 6 7 7 3 4 10 1 4 7
10 2 11 4 4 3 11 5 4 2 6 9 11 0 2
2 1 4 7 4 3 3 6 5 1 8 3 6 4 1
1 11 3 17 6 5 1 3 0 9 3 4 0 5 10
4 0 1 3 4 4 6 4 3 2 8 5 4 4 1
2 2 1 1 5 3 5 0 5 2 0 2 1 1 6
1 1 4 6 4 3 7 7 1 3 3 6 9 12 14
4 5 7 7 4 5 1 2 8 2 4 3 7 2 5
10 8 4 0 3 16 3 15 2 18 0 0 9 7 11
8 7 4 3 5 9 5 7 1 13 5 14 1 12 9
0 8 1 3 9 1 9 1 6 11 2 7 11 1 8
7 1 1 3 7 4 3 10 7 10 6 9 5 17 1
5 1 0 8 4 1 5 1 1 3 2 5 2 0 4
6 7 5 2 0 4 3 5 3 4 11 2 2 6 4
7 12 1 12 15 2 0 6 21 2 0 12 12 5 3
1 0 6 2 10 5 0 3 8 0 10 2 1 16 2
17 7 9 5 7 5 8 4 13 8 10 4 9 12 6
1 4 5 2 9 0 2 5 3 14 5 0 8 11 4
7 0 6 6 1 5 14 3 1 6 5 3 6 3 15
6 12 0 7 4 2 6 2 5 10 2 7 2 3 5
8 5 5 5 3 1 2 12 7 1 14 14 2 8 5
4 6 7 7 5 2 6 2 6 4 3 1 0 4 3
4 5 2 5 2 3 3 0 12 4 1 0 9 9 3
11 3 2 2 19 1 16 12 2 7 1 2 2 5 5
1 5 2 1 2 6 6 8 2 6 1 1 3 2 2
3 3 8 13 3 0 1 8 5 11 9 1 1 8 5
1 0 5 4 1 1 1 4 5 2 1 5 2 5 1
2 6 3 11 1 6 2 8 2 4 2 9 0 8 3
5 5 3 11 0 4 5 12 1 7 5 1 1 1 10
3 2 8 10 5 9 4 1 3 4 4 1 1 3 5
7 7 0 1 9 7 1 3 7 9 0 4 6 7 9
5 1 1 1 1 5 0 0 2 1 4 4 4 3 2
7 9 1 9 1 2 3 10 1 5 1 1 7 2 5
2 16 10 7 14 5 2 2 1 6 0 4 2 1 5
4 4 1 1 1 1 2 5 2 0 0 3 4 1 2
3 4 3 0 3 6 4 0 3 3 3 0 0 2 1
5 5 7 5 1 18 5 2 6 5 2 1 3 2 0
5 13 0 8 1 3 8 3 4 5 24 8 10 3 14
1 0 4 4 1 4 2 7 4 1 4 1 4 5 0
4 1 2 8 3 1 8 6 5 3 0 2 2 5 1
6 5 9 7 3 6 11 10 3 3 4 7 4 8 8
6 5 4 1 3 5 5 1 0 9 0 4 9 4 5
7 8 9 7 7 6 1 9 5 2 7 1 3 0 5
6 6 4 1 4 9 2 4 2 15 17 14 1 8 2
5 1 5 5 2 4 3 6 3 1 4 1 3 10 0
1 3 10 1 7 10 1 4 5 10 1 1 4 6 9
1 4 1 2 0 4 1 4 1 5 1 2 2 1 4
9 1 2 4 6 2 5 4 2 8 3 1 0 5 1
4 7 7 7 5 7 7 2 7 9 10 9 16 17 13
4 6 4 3 5 16 6 0 2 7 5 1 0 9 7
7 8 7 8 4 8 5 6 4 0 3 11 1 5 11
1 2 3 3 4 6 3 1 2 1 3 3 2 5 5
5 7 4 10 4 11 1 17 7 7 7 7 11 3 1
1 5 16 1 1 1 17 19 2 1 13 7 11 9 12
5 4 7 9 4 1 0 2 5 5 17 5 1 11 8
13 3 10 2 1 11 6 8 3 4 7 7 1 0 3
12 6 8 7 8 4 13 9 11 12 7 16 9 4 4
1 3 1 9 0 1 7 0 3 2 0 4 2 3 3
1 4 1 7 1 3 1 6 7 5 1 10 2 4 2
8 3 3 9 13 11 3 3 14 22 9 12 1 10 3
6 4 8 2 7 1 0 6 4 1 3 1 1 4 5
7 4 1 6 13 1 5 11 15 15 19 6 2 12 14
2 3
2 20
2 88
4 20
4 96
5 31
6 20
6 62
6 77
7 42
8 31
8 56
8 90
10 86
11 39
12 38
12 70
12 85
12 95
14 22
18 90
18 100
19 112
20 39
21 55
21 94
22 76
25 58
26 115
26 118
29 87
29 99
29 115
31 75
31 82
31 87
33 100
33 110
34 58
34 104
35 50
36 110
37 62
42 107
42 139
45 118
47 105
49 140
50 76
50 87
51 78
52 82
53 134
54 55
54 126
55 74
55 77
57 66
57 131
60 115
61 130
63 81
63 124
63 157
64 77
64 102
64 114
64 150
65 108
65 110
66 73
69 80
69 124
69 167
70 111
70 114
70 118
70 128
71 98
72 95
72 139
73 76
74 135
75 99
76 108
78 164
79 100
79 142
80 113
82 109
82 122
82 138
83 164
83 167
84 95
84 105
84 143
86 163
89 173
91 118
92 115
94 139
94 143
94 158
95 147
95 184
97 171
98 110
98 118
98 160
98 188
99 197
102 195
104 159
106 111
106 115
107 129
107 160
109 167
109 192
110 114
111 137
111 156
111 204
113 124
113 153
113 206
114 173
114 199
114 208
116 161
117 123
118 154
119 214
122 195
123 188
124 157
124 178
127 129
127 153
127 163
127 164
128 169
128 211
128 222
130 204
131 215
132 171
132 202
135 184
136 143
136 186
137 147
137 161
139 148
141 143
141 168
142 206
142 221
142 233
143 185
145 181
146 206
147 219
147 225
147 240
148 164
148 171
148 220
149 208
149 219
153 214
154 168
157 229
157 235
159 252
159 257
160 232
161 223
161 248
162 191
162 199
163 261
165 176
166 182
166 221
167 213
169 193
169 210
169 262
171 259
172 257
173 208
173 216
174 266
176 179
176 252
177 224
177 262
177 276
178 185
178 209
179 214
179 230
180 200
181 184
181 243
182 202
182 239
184 201
185 248
185 256
185 281
187 223
187 225
187 249
187 270
190 290
193 289
194 216
194 229
195 222
196 251
196 284
199 212
199 223
200 246
200 271
202 286
203 267
207 240
210 230
211 257
211 264
212 256
215 240
216 270
216 301
218 267
220 228
221 229
221 274
222 233
222 241
223 307
223 323
224 260
225 303
227 279
227 294
228 276
228 296
232 241
232 302
234 314
234 324
235 315
236 246
236 255
236 317
237 247
239 249
239 321
239 331
240 256
242 262
242 296
243 307
244 298
247 279
247 326
248 271
248 306
249 320
249 335
250 307
250 340
252 311
252 326
252 348
253 270
254 318
254 333
254 346
255 312
256 293
257 315
258 323
259 261
259 312
259 322
260 271
260 316
260 328
263 278
263 327
264 320
265 363
267 313
268 269
269 331
270 344
271 339
271 359
272 347
274 304
274 346
275 301
276 319
277 336
277 368
278 326
280 373
281 287
282 331
282 332
283 355
285 289
285 375
286 288
286 365
287 333
288 302
288 323
288 326
289 303
291 324
291 357
293 367
293 374
294 298
296 341
297 323
297 389
299 332
300 374
300 381
300 386
301 352
302 320
302 385
302 401
305 314
305 338
307 344
309 387
311 325
312 408
313 323
314 392
316 323
316 377
317 408
320 323
322 364
322 411
324 400
325 358
325 396
326 344
326 350
326 370
326 422
327 372
328 376
328 412
329 359
330 384
331 389
332 358
332 383
333 393
335 336
335 351
336 349
336 359
336 422
338 374
338 381
340 408
340 417
343 353
343 373
343 401
345 401
346 373
347 410
348 420
349 370
349 410
350 393
351 380
351 393
353 369
354 397
354 433
355 389
358 409
360 378
361 414
362 395
365 458
366 380
366 388
366 405
366 416
366 427
367 387
368 407
368 444
370 406
370 428
370 456
370 462
371 394
371 458
373 449
374 439
375 383
379 386
379 406
380 479
384 438
387 390
389 400
389 438
389 442
390 466
391 407
392 459
392 471
394 454
395 456
395 464
396 464
396 468
396 491
397 484
398 490
399 403
402 414
402 424
402 434
403 478
404 405
404 486
405 471
405 504
406 455
407 479
408 425
409 450
411 450
412 424
412 436
413 477
413 499
414 475
417 467
417 517
419 431
420 499
420 500
421 444
422 426
422 494
423 478
423 510
425 433
428 508
432 446
432 463
432 497
433 461
433 480
433 510
433 520
435 444
435 530
443 452
443 480
443 531
444 493
445 473
449 494
451 481
451 485
451 533
452 477
452 500
452 528
453 511
454 504
455 509
456 493
456 494
456 515
459 476
459 504
459 545
466 530
467 506
470 542
470 557
471 479
474 488
475 478
476 521
477 522
478 484
478 550
480 529
481 514
482 498
482 571
483 577
486 494
486 506
486 536
486 548
487 550
487 564
488 507
489 506
491 512
494 498
494 553
494 558
495 527
495 538
496 535
496 540
497 501
497 548
498 505
498 512
498 558
500 508
500 522
500 539
500 581
502 555
502 570
502 578
503 505
503 583
503 595
504 531
506 509
507 510
507 553
509 547
510 531
510 606
512 550
512 603
513 601
514 555
515 558
515 591
517 597
519 577
520 543
520 617
521 568
523 555
523 590
525 535
526 623
529 536
530 607
532 559
532 585
532 632
533 564
533 610
534 545
534 565
536 578
537 539
538 602
538 629
539 563
539 635
540 606
541 583
541 628
542 626
546 627
547 558
548 632
549 581
549 631
550 612
551 566
551 580
551 615
553 578
556 585
556 589
556 644
558 605
558 631
563 611
565 595
565 656
566 578
566 640
569 571
569 630
570 654
571 651
572 581
572 606
572 630
574 628
575 586
575 610
575 649
576 583
576 645
577 651
578 597
578 678
579 587
580 588
580 654
581 614
581 645
581 656
583 635
584 639
584 652
585 641
586 631
587 645
591 674
593 645
593 650
594 639
594 648
594 656
594 692
595 596
595 624
595 660
596 644
596 675
596 689
597 687
598 603
598 636
599 669
600 671
601 649
601 660
601 701
602 641
604 700
606 660
607 621
608 702
609 640
609 697
610 679
613 676
614 652
614 659
614 683
615 691
616 676
616 713
617 630
617 639
617 663
617 683
617 705
618 621
618 711
619 649
619 682
622 627
623 634
625 714
626 677
626 685
627 645
627 695
628 692
630 699
631 647
631 680
632 667
632 677
632 723
633 643
633 682
633 711
634 643
634 666
638 692
638 732
639 694
641 654
641 662
642 667
643 667
644 666
644 678
645 704
645 735
646 688
646 729
648 682
648 743
649 708
649 731
649 739
650 655
653 730
653 751
654 726
655 687
656 686
657 705
658 716
659 690
659 698
659 731
660 750
661 694
661 707
661 729
661 749
662 673
663 735
663 750
664 682
664 728
666 697
667 758
668 727
669 704
670 695
670 723
672 752
673 676
673 712
679 709
679 742
679 755
680 691
680 713
680 761
681 706
681 765
682 693
682 752
683 687
683 723
685 703
685 774
685 779
686 750
687 769
687 786
689 712
689 731
689 787
691 697
692 734
692 774
693 743
693 779
694 758
695 751
696 734
697 718
697 737
697 766
698 712
699 764
701 772
702 732
702 751
702 759
703 755
703 775
704 709
705 717
708 802
710 722
710 764
718 803
719 723
719 753
719 802
719 807
720 723
720 744
721 803
723 821
723 823
725 727
725 749
726 766
726 775
727 816
728 762
728 783
729 766
730 797
732 824
733 789
735 765
736 779
736 811
737 771
739 834
740 795
742 782
742 835
742 839
743 774
743 786
743 806
743 832
743 833
743 840
744 786
745 783
746 832
747 799
747 808
748 768
749 794
749 827
749 841
749 846
750 752
750 792
750 819
750 845
752 767
752 804
752 822
752 850
753 762
753 806
754 834
755 776
756 809
756 846
756 854
757 781
757 846
759 835
760 801
761 785
762 779
762 801
763 822
764 767
765 781
765 788
765 807
766 837
767 849
767 865
768 806
768 846
768 849
770 771
770 869
771 772
771 851
774 812
776 790
777 806
777 809
778 819
780 798
781 807
782 784
783 855
783 860
784 878
785 811
785 872
786 815
786 842
787 845
789 881
790 804
790 890
791 864
793 864
794 795
794 798
795 871
796 840
797 860
799 804
800 810
802 889
803 833
804 849
804 850
804 853
804 865
805 876
807 902
808 830
810 823
811 873
813 835
813 850
813 870
814 856
815 867
817 916
820 883
820 914
821 851
821 864
824 825
825 879
826 888
827 858
828 908
830 896
831 872
832 867
832 900
832 915
834 903
834 910
835 917
837 904
837 935
838 849
839 842
839 868
840 869
841 865
841 922
845 853
845 854
846 938
847 870
849 914
851 913
852 919
852 921
852 935
853 854
853 909
854 904
855 920
856 941
857 954
858 954
859 935
860 912
860 944
864 865
864 939
865 866
866 869
867 924
869 900
869 947
870 966
872 954
875 934
876 909
878 893
879 943
880 909
881 935
882 936
882 961
882 976
886 898
886 953
887 923
887 965
888 938
888 956
888 969
889 942
894 969
895 939
895 990
896 902
896 911
896 934
897 933
898 983
900 990
901 913
903 906
903 922
903 948
903 955
903 963
904 985
906 1000
907 949
908 999
909 963
909 998
911 977
911 993
914 926
914 982
915 981
916 977
919 922
920 952
921 995
923 951
923 982
923 992
924 972
925 933
929 963
931 991
932 947
933 937
938 957
939 965
942 949
942 971
946 977
951 989
954 973
956 979
957 976
957 997
958 960
958 998
966 981
972 986
972 989
976 989
979 982
988 996
0 7 28 1 11 10 9 7 4 1 6 4 2 12 9
16 1 14 9 0 5 15 6 2 0 4 6 2 4 7
3 3 3 1 5 12 25 2 7 13 4 20 12 23 6
13 11 6 3 11 27 3 9 8 5 10 4 2 2 16
6 5 2 1 6 14 2 15 14 3 20 6 5 17 0
3 13 18 26 22 14 14 0 10 0 16 10 17 5 8
18 11 8 7 7 9 15 12 28 4 4 1 0 3 8
1 1 4 5 9 2 5 12 5 2 7 3 3 3 2
6 11 0 6 5 5 8 0 18 5 8 0 7 5 5
19 19 6 16 9 20 13 5 14 16 9 16 5 2 12
8 7 4 6 14 14 3 8 3 3 27 4 6 11 10
1 1 0 7 1 11 8 7 22 5 18 7 10 12 21
12 13 1 12 13 5 25 23 22 9 23 8 3 14 21
3 2 14 6 15 9 3 1 16 6 7 1 6 1 1
1 0 7 12 1 2 0 1 2 6 4 1 14 6 16
0 9 4 4 1 6 7 5 1 8 14 5 15 1 1
2 11 9 12 11 3 4 19 5 4 9 4 18 30 27
8 5 1 3 26 24 7 5 5 5 18 7 15 6 2
5 4 1 3 3 9 0 4 1 11 4 6 10 6 6
8 14 12 4 14 2 3 7 6 23 18 8 7 2 11
5 1 2 1 9 1 1 3 3 1 1 5 1 5 9 4 1 2 7 1
12 22 20 26 27 9 21 32 26 19 20 28 22 25 33 29 13 17 28 15
37 36 25 19 25 23 16 47 37 9 26 29 19 41 57 44 34 21 43 35
65 69 55 41 57 39 53 73 55 24 37 43 26 69 57 50 32 46 56 21
52 77 60 51 48 35 54 73 74 36 44 56 21 72 93 72 31 51 85 50
47 57 40 60 68 32 48 74 56 40 57 54 33 61 69 59 40 57 68 44
6 9 2 2 7 4 5 6 8 2 1 9 3 8 13 10 1 4 7 2
27 28 10 18 18 23 23 23 28 6 15 21 14 25 26 20 13 15 13 2
15 31 17 8 17 13 18 35 28 7 5 23 15 33 39 33 16 13 24 22
27 26 24 12 28 15 12 29 19 2 11 26 5 28 39 34 12 15 33 12
34 51 39 40 46 22 44 51 47 24 34 43 26 41 55 41 19 36 46 19
28 39 22 13 32 21 25 37 34 6 26 15 1 30 40 41 14 25 37 14
12 17 6 2 6 5 5 19 9 1 7 12 1 13 25 22 6 9 14 4
6 4 4 1 6 5 1 7 6 1 1 12 2 6 14 7 5 2 9 1
8 18 10 1 10 7 3 14 12 1 3 20 5 10 26 17 5 6 17 4
33 46 48 39 38 28 45 59 60 39 23 44 18 51 71 62 29 31 66 24
50 69 42 37 47 39 51 64 57 26 29 43 15 62 72 67 26 36 62 27
7 5 7 3 14 8 3 6 10 1 4 4 4 7 7 3 1 6 10 1
24 15 17 18 28 9 13 33 19 3 12 22 6 33 33 28 13 15 25 14
8 14 6 1 7 9 4 10 10 1 4 5 4 6 16 9 6 1 6 7
8 15 7 2 6 7 6 10 11 1 1 11 1 14 23 22 2 1 9 1
16 24 25 5 20 14 8 22 24 6 9 29 1 24 45 34 14 10 35 8
15 29 13 12 19 11 12 25 15 9 12 18 1 19 36 34 11 9 26 14
29 21 25 15 24 24 10 25 32 7 22 27 6 32 44 33 17 19 36 13
48 44 27 34 41 12 32 55 39 7 36 27 20 35 39 44 26 36 36 28
7 12 1 4 10 4 5 8 5 1 3 6 5 5 9 9 1 6 10 1
49 52 38 38 37 21 29 54 30 11 34 33 6 42 59 51 35 34 54 27
5 14 1 1 2 3 4 4 2 1 4 4 1 2 17 8 1 1 11 2
10 29 15 14 22 8 21 34 34 9 12 25 14 23 39 36 12 16 25 13
10 19 6 11 3 13 14 13 17 9 2 7 1 17 25 21 1 8 16 8
25 26 15 12 20 16 14 35 24 7 14 26 12 30 32 35 12 15 24 13
24 22 18 28 25 14 20 30 33 9 20 15 3 37 36 36 10 25 37 26
48 62 56 31 38 42 33 58 55 30 34 49 15 50 77 72 30 44 64 42
18 24 23 13 21 11 18 28 27 5 15 22 10 17 40 19 11 15 29 5
29 39 23 20 35 31 24 51 34 8 18 28 9 49 47 36 21 28 30 16
9 13 1 10 11 10 9 12 8 6 8 7 4 12 15 10 7 4 10 11
29 42 19 29 32 25 36 48 35 14 16 17 11 41 40 34 15 28 29 20
51 62 33 40 48 30 49 67 57 21 42 47 40 55 63 47 32 35 44 23
44 59 40 23 43 26 43 58 43 21 27 31 12 44 50 53 18 32 50 19
39 47 43 42 46 29 45 62 49 23 35 46 37 40 57 47 37 40 45 26
13 14 10 3 15 10 5 17 14 1 6 1 1 14 15 18 6 13 13 7
38 33 31 30 38 30 22 49 41 17 31 40 33 40 51 41 35 26 38 36
6 15 15 7 16 5 9 24 26 6 14 14 14 15 37 30 14 18 27 11
13 20 19 13 16 15 19 18 26 14 8 13 12 26 24 24 1 18 24 10
24 50 15 24 30 19 38 50 44 12 17 25 18 40 47 43 19 21 35 26
60 67 53 41 61 59 45 78 68 23 50 52 15 86 86 75 39 59 72 43
49 54 36 35 34 18 42 48 35 11 29 34 13 43 46 32 23 29 40 12
58 70 63 39 61 29 36 83 53 31 46 55 30 48 79 78 48 44 69 37
11 11 7 5 7 2 8 5 10 1 1 10 1 5 17 14 1 1 11 1
42 41 30 31 47 32 33 51 47 8 37 40 20 49 60 51 33 33 48 13
31 23 26 36 42 8 31 53 44 17 29 30 31 39 48 44 34 26 39 31
6 2 4 2 9 2 3 5 7 1 1 2 1 7 6 7 1 6 3 1
46 65 33 48 41 38 51 65 67 39 42 53 33 57 71 67 26 41 58 40
18 21 2 14 19 11 19 23 21 5 11 10 8 22 16 11 5 9 4 4
9 19 7 2 6 7 5 8 5 1 3 12 1 6 21 13 2 1 13 2
6 11 1 8 6 2 5 10 4 1 1 8 1 10 14 7 1 1 7 5
45 63 21 41 40 21 37 67 36 10 40 30 20 51 65 49 38 38 48 37
31 41 32 33 34 18 40 51 53 25 31 38 38 43 57 55 34 32 43 32
37 37 23 27 31 24 28 39 38 17 23 33 20 44 44 36 18 18 35 20
38 31 30 28 40 31 27 40 40 7 29 36 18 38 49 37 28 29 38 6
2 5 2 2 6 3 4 6 12 1 3 7 3 10 14 9 1 3 10 1
43 32 39 33 55 24 25 59 52 6 40 47 20 48 58 58 35 41 53 30
7 5 9 4 15 1 1 10 8 1 4 11 6 3 10 14 1 11 15 1
15 19 10 20 15 9 19 20 22 10 8 10 9 18 19 24 3 14 20 11
20 31 18 16 17 19 13 32 21 13 12 18 3 29 38 29 5 22 31 19
22 19 7 16 21 11 11 29 17 3 17 17 2 24 35 28 20 11 24 14
13 23 12 11 19 1 11 24 16 1 13 13 6 19 36 25 12 13 28 12
44 47 20 35 39 19 36 53 34 10 27 36 13 48 41 41 18 30 30 16
4 2 1 3 9 1 6 8 10 1 3 5 3 8 10 7 1 5 8 1
17 17 17 12 26 6 12 26 23 1 10 16 1 31 29 25 6 18 24 7
56 49 25 39 41 41 45 66 57 15 37 40 35 57 61 50 48 28 36 42
44 43 30 49 46 38 35 76 58 31 52 52 29 57 80 77 40 56 68 53
12 17 1 4 6 10 7 11 8 1 8 12 4 4 15 12 6 5 10 1
10 5 2 1 10 6 1 9 4 1 1 3 1 7 6 10 1 4 1 1
39 48 34 36 45 12 27 49 32 17 31 24 12 31 52 48 24 28 52 31
43 57 47 42 54 34 55 71 65 29 33 46 26 57 69 73 27 47 67 33
57 60 44 38 47 26 44 60 53 19 38 44 29 52 66 57 30 37 61 31
14 29 20 5 24 10 19 24 29 6 7 18 5 19 30 33 7 16 28 6
40 35 25 31 35 25 26 37 32 14 28 29 17 37 34 30 15 25 32 20
72 64 57 52 66 53 43 69 68 35 60 66 38 64 72 70 34 58 70 40
27 25 26 9 31 25 12 34 27 1 13 25 7 29 33 31 15 23 28 8
62 62 30 60 63 44 57 76 60 32 48 51 37 75 68 57 40 44 55 47
8 6 5 7 13 6 5 11 9 1 7 8 4 11 18 9 8 5 12 9
37 39 39 26 39 17 27 58 37 14 37 45 21 39 62 53 35 40 50 23
53 80 45 53 52 50 56 81 73 44 51 58 38 73 73 70 31 59 63 48
3 9 3 1 6 2 1 6 1 1 1 4 1 8 9 8 1 2 3 1
22 32 20 29 35 6 31 40 39 16 22 23 17 40 38 33 11 17 38 21
27 37 35 12 30 25 17 37 34 14 20 21 1 46 40 34 6 32 34 20
10 16 2 3 7 10 9 15 14 1 5 7 2 9 21 8 8 3 5 5
45 44 32 49 41 28 33 62 43 20 46 37 17 45 56 62 30 51 58 46
19 21 16 18 23 9 15 26 20 10 14 20 15 13 26 21 5 12 21 7
45 37 43 30 41 31 19 49 47 11 38 39 5 55 69 63 30 42 60 35
11 15 4 4 6 7 8 13 9 1 3 7 5 6 17 9 6 1 6 7
35 38 23 23 33 16 26 39 38 12 22 24 19 34 41 31 13 19 33 23
15 23 14 20 24 1 15 21 14 8 12 17 12 20 23 17 4 10 26 14
18 29 22 15 23 15 13 31 27 6 14 23 17 23 43 27 18 15 31 18
47 43 51 30 33 38 31 43 51 28 26 40 11 51 59 49 26 32 54 24
55 57 43 40 57 43 47 75 61 31 44 43 26 59 54 67 26 51 58 38
21 29 13 8 17 16 16 33 24 3 12 20 3 24 41 36 20 11 20 11
23 52 22 19 22 16 30 45 36 17 16 32 15 31 53 43 12 22 41 23
20 24 14 8 18 8 14 20 9 3 3 16 4 10 24 21 5 4 16 4
55 53 47 51 48 30 39 64 52 33 43 42 19 70 59 63 25 47 62 51
47 71 25 49 45 35 50 71 55 34 45 49 40 53 63 56 29 43 52 33
12 14 17 1 10 5 4 16 15 1 2 23 1 16 29 15 5 6 18 1
39 48 38 35 43 29 34 49 50 26 30 33 14 54 39 46 3 37 48 30
25 46 31 23 21 19 24 43 31 17 22 27 9 35 52 45 11 35 48 22
11 11 7 4 7 7 5 9 7 2 1 10 1 10 14 11 2 3 5 3
6 6 7 1 4 5 1 6 5 1 1 11 1 5 19 12 3 1 7 1
12 16 15 5 20 12 4 22 17 2 4 14 6 17 22 17 6 15 15 8
31 26 36 21 36 14 15 44 29 5 27 33 6 41 46 40 15 29 45 20
32 29 23 23 35 24 29 47 39 10 23 31 16 38 39 37 26 27 26 16
31 37 8 31 28 14 32 40 27 9 26 16 9 35 43 34 23 23 36 25
15 17 7 14 18 2 9 24 19 1 21 17 5 18 37 29 19 16 30 15
44 38 45 23 46 25 35 47 53 6 26 37 13 52 50 53 23 39 54 23
25 33 16 16 21 17 15 35 23 5 15 12 10 25 35 27 17 22 21 14
35 44 28 25 23 21 29 28 34 14 22 22 3 37 52 32 11 18 42 16
48 62 56 51 48 35 49 72 70 38 49 51 28 62 71 75 33 61 66 55
54 60 46 40 46 27 40 65 48 17 40 47 18 50 62 55 23 39 55 27
47 32 37 37 50 23 24 57 52 3 38 45 17 51 61 58 38 36 54 39
12 16 11 3 9 12 4 19 8 1 2 16 2 19 21 15 4 7 9 2
4 6 7 4 8 7 5 5 14 2 3 8 7 9 8 9 1 7 8 1
13 23 7 10 14 12 10 22 13 5 12 13 6 18 33 19 14 4 16 15
28 31 26 16 39 14 16 52 32 4 23 33 13 42 45 37 19 27 37 16
33 33 24 23 24 17 15 39 32 2 23 24 13 30 57 42 30 23 42 25
18 16 16 11 16 4 16 19 13 1 8 14 1 16 22 20 6 12 17 11
46 48 38 43 59 42 40 60 66 29 52 43 25 66 65 71 31 57 68 41
60 62 38 53 69 33 49 89 69 20 50 54 32 78 75 71 44 56 64 44
5 9 10 1 10 9 1 5 14 3 2 10 3 12 15 17 1 11 13 1
28 45 18 19 21 25 22 39 33 8 21 30 15 38 58 34 26 18 32 22
25 33 8 25 20 19 29 38 33 12 16 20 15 26 33 27 21 20 18 22
4 3 1 5 4 4 6 6 9 1 4 1 1 10 16 1 3 1 5 2
65 72 50 45 66 45 54 78 62 19 49 57 25 81 80 64 41 46 65 38
18 22 8 18 28 20 16 28 24 5 19 23 11 27 33 27 19 20 21 13
30 35 30 20 21 17 20 37 28 13 15 24 14 25 43 38 12 21 39 20
55 51 34 49 61 14 43 64 46 8 51 43 24 58 55 47 30 46 59 34
31 22 23 15 22 22 17 31 30 8 12 25 10 32 40 32 20 19 25 15
2 12 1 1 1 1 1 8 5 1 1 9 1 1 15 6 1 1 5 2
28 21 15 14 26 23 15 34 23 6 15 25 11 29 32 34 19 18 23 14
49 61 45 36 53 21 37 77 57 17 39 53 16 62 88 69 47 44 74 36
24 30 17 27 26 22 31 40 31 15 17 17 4 45 42 41 16 24 35 21
42 45 41 29 43 22 32 46 34 12 26 33 19 48 50 35 19 33 46 19
31 39 25 25 15 16 34 34 38 16 8 17 10 33 47 27 23 12 37 14
18 36 18 25 23 20 27 39 31 18 19 36 10 41 53 39 11 24 43 25
6 18 15 19 26 5 11 29 20 12 15 19 13 19 31 31 11 20 29 17
52 57 39 45 57 22 47 73 56 14 39 42 29 64 55 52 31 47 45 33
33 48 27 29 31 16 36 53 38 15 22 31 17 36 53 34 19 28 38 17
49 33 36 30 34 30 23 51 42 10 36 33 22 36 53 48 32 37 47 26
19 12 15 8 17 15 7 23 15 5 4 16 4 23 23 23 9 11 13 8
37 38 20 26 29 16 23 41 29 7 22 22 14 30 36 38 20 18 30 27
31 37 20 17 32 14 19 43 28 4 22 23 11 35 44 35 20 28 32 18
47 47 42 45 56 32 44 75 59 21 38 39 18 73 59 62 28 52 62 44
39 53 25 32 42 31 39 63 43 14 30 37 15 54 53 50 22 42 42 22
43 40 27 33 43 26 33 56 36 17 27 16 9 50 44 43 23 29 42 32
42 27 17 39 45 35 23 55 42 14 39 41 18 44 50 46 39 36 43 32
23 22 17 27 28 12 19 25 28 15 20 18 16 30 29 21 11 18 31 23
69 78 43 66 56 37 66 85 65 35 61 54 38 64 75 64 32 58 72 43
14 8 7 5 8 9 9 10 11 1 1 8 5 10 15 9 4 4 8 2
29 27 24 17 30 21 19 34 30 4 16 21 7 33 35 28 11 25 28 10
7 3 10 4 13 7 5 13 16 1 4 6 1 21 24 12 6 7 13 2
32 22 27 15 26 18 22 38 36 7 23 26 13 32 48 34 26 21 40 13
18 21 15 16 23 7 16 19 25 3 12 15 1 25 25 33 4 15 26 11
13 21 11 6 16 11 4 21 17 2 5 7 5 20 30 24 9 10 19 14
40 37 32 20 34 31 26 43 45 10 21 40 17 35 56 43 31 22 38 20
2 11 2 7 5 3 6 11 7 5 1 4 1 9 16 10 3 2 7 11
10 13 11 1 9 6 1 12 14 1 4 11 2 9 23 16 1 9 17 4
16 13 6 5 10 11 9 15 7 1 4 8 4 10 13 14 7 4 5 4
33 48 19 33 36 12 45 57 43 19 29 23 31 54 51 40 26 14 40 42
9 20 8 5 10 6 6 23 10 1 4 14 7 18 32 16 13 4 13 12
8 4 5 1 2 4 6 7 10 1 1 4 1 7 14 7 3 1 6 1
40 50 43 16 43 36 27 60 48 9 21 40 18 56 64 58 32 26 51 34
13 12 9 7 18 7 11 21 16 3 5 13 10 15 20 16 6 12 14 6
4 7 1 2 6 3 1 10 5 1 1 5 1 9 17 7 4 1 7 6
38 52 25 22 27 26 33 52 38 10 21 36 13 32 64 51 34 19 40 24
7 9 7 1 7 7 3 13 12 1 3 14 5 10 16 11 2 5 8 1
18 26 15 6 24 15 11 25 22 3 18 12 7 18 21 28 9 24 27 9
36 48 43 31 50 20 35 57 44 14 36 54 19 38 72 51 34 31 54 14
16 16 15 7 11 8 15 19 22 3 5 13 5 22 33 16 11 8 18 6
49 52 39 50 45 50 44 62 62 39 43 46 16 70 67 70 20 55 64 48
8 5 1 3 7 1 3 4 2 1 1 1 1 2 3 8 1 3 5 1
9 17 5 9 7 8 13 21 22 4 5 9 6 23 32 19 12 5 11 12
58 58 52 36 42 27 42 70 57 25 39 42 28 67 73 58 32 34 65 49
17 30 10 19 9 19 24 25 27 19 11 8 10 25 31 23 3 16 26 19
13 18 7 10 13 6 8 16 6 3 9 10 6 12 23 10 7 5 17 8
10 13 1 3 5 5 7 5 3 1 2 2 2 1 6 5 1 1 4 1
1 5 1 1 6 2 1 7 6 1 1 3 1 10 6 10 1 4 1 1
48 61 52 47 42 28 59 80 70 34 31 35 28 64 68 68 35 45 65 36
9 5 9 7 15 3 6 14 12 3 5 11 10 3 9 12 1 12 11 1
50 50 47 42 63 41 32 70 52 14 41 53 14 66 68 69 39 51 64 43
14 17 7 11 12 3 7 19 6 1 2 9 2 12 20 14 3 3 11 11
7 9 12 3 15 6 3 18 12 2 5 19 7 16 19 16 4 12 16 1
44 42 33 30 37 21 29 51 47 6 32 41 25 44 57 49 34 35 46 33
33 44 12 32 28 27 25 55 36 13 24 38 11 44 59 44 32 26 38 33
44 53 36 28 32 35 24 52 44 16 36 37 13 45 64 49 27 44 43 28
39 44 28 27 41 23 35 48 49 17 28 51 25 41 59 54 36 21 45 24
29 24 14 22 33 14 20 39 29 1 18 17 9 37 40 35 23 18 29 17
18 21 14 16 16 17 14 26 22 9 10 12 7 23 35 24 15 9 18 21
15 19 14 17 20 12 17 23 21 14 17 21 16 9 21 25 10 16 22 8
2 3 1 1 5 4 1 7 5 1 1 3 1 7 7 4 1 2 1 3
25 26 30 30 44 25 27 45 46 19 34 34 24 39 51 41 31 38 38 20
5 4 1 1 2 4 5 6 7 1 1 3 1 4 11 4 2 1 4 2
23 20 18 25 20 14 25 26 27 14 12 9 7 32 23 26 6 17 19 19
34 45 38 30 35 14 30 45 36 21 25 26 12 32 52 48 26 27 54 18
32 31 18 39 47 28 33 57 52 15 36 34 16 52 52 49 32 42 41 23
4 8 7 1 12 5 5 8 12 1 4 8 6 8 10 11 1 9 12 1
12 16 1 6 7 11 8 9 9 1 10 4 1 8 18 8 6 4 8 1
22 33 16 13 20 7 18 36 27 7 12 11 16 30 35 26 14 16 23 18
62 56 45 41 57 39 41 67 51 18 48 37 16 60 64 62 43 52 64 29
27 33 14 26 25 10 32 36 27 9 20 19 15 29 37 20 21 14 31 16
55 63 32 38 45 32 44 61 50 17 36 39 23 57 72 54 36 37 52 31
18 28 15 12 16 14 12 20 16 8 7 12 5 22 28 24 3 15 24 10
42 40 31 25 32 30 14 49 37 14 33 32 17 41 59 47 34 31 45 35
35 42 39 44 36 16 48 52 48 29 30 34 26 42 50 50 25 33 50 25
10 7 10 1 12 6 5 18 16 1 2 12 2 19 16 14 5 8 7 1
38 41 27 26 42 6 32 55 36 2 24 23 17 45 40 34 19 28 38 27
19 21 18 9 8 14 5 11 13 6 13 6 1 18 32 25 7 15 25 13
20 19 8 13 13 11 18 19 18 5 10 14 10 17 24 13 9 7 14 4
30 32 20 21 30 21 20 35 25 3 21 22 9 28 45 31 25 19 30 18
38 48 42 30 42 16 36 55 40 23 21 42 9 52 66 50 31 20 54 24
9 3 5 6 14 3 2 6 6 1 3 6 3 7 7 10 2 7 12 4
45 54 39 36 47 32 30 64 46 13 42 52 14 56 75 58 36 44 63 27
4 17 1 11 8 3 13 19 15 5 4 11 2 21 24 19 5 8 14 9
13 10 9 6 6 7 6 12 12 1 1 7 4 7 19 9 5 4 7 7
35 49 28 35 43 16 35 47 32 14 21 37 9 36 43 39 14 25 39 20
12 7 4 7 9 4 7 11 5 1 3 6 3 11 15 5 4 1 5 2
4 7 1 1 4 3 2 8 4 1 1 5 1 5 8 10 2 2 2 5
66 68 53 45 63 43 45 76 50 23 54 35 17 71 69 64 33 53 64 37
8 15 4 2 3 7 2 10 6 2 4 11 2 8 15 11 2 3 9 2
18 41 14 22 24 12 27 41 39 11 18 30 20 33 52 44 19 22 39 24
13 17 10 7 9 7 12 14 6 3 2 13 1 17 26 19 6 1 14 5
42 52 39 16 31 30 35 47 42 19 21 21 3 46 51 49 16 26 48 18
49 44 41 34 24 24 40 45 43 29 11 24 11 48 49 42 24 21 46 25
1 2 1 1 5 1 2 6 8 1 1 7 2 6 8 7 1 3 2 2
5 6 5 3 7 2 7 6 12 2 3 9 5 7 11 11 1 5 9 2
39 54 47 30 37 26 33 59 54 24 30 38 22 37 68 70 34 33 57 27
26 22 14 15 17 16 17 27 21 1 10 22 5 23 29 20 13 12 15 2
9 13 11 7 18 9 2 15 18 1 9 21 2 19 35 25 11 8 26 8
18 24 17 14 21 8 14 23 16 9 12 21 15 12 22 18 4 14 21 4
30 39 34 21 29 22 27 40 53 20 21 42 22 36 58 52 28 23 42 23
59 52 26 44 48 42 42 62 46 17 46 44 28 52 58 61 49 48 47 34
64 73 46 34 53 32 41 78 46 12 45 44 31 58 65 59 42 39 59 41
21 40 24 24 26 20 26 41 34 25 23 35 15 22 47 50 13 28 43 20
12 13 8 8 6 11 9 15 13 6 1 12 8 12 18 15 10 5 6 11
33 41 27 39 31 27 20 56 39 18 35 23 13 41 59 52 28 40 51 45
17 26 17 8 15 5 9 23 10 1 9 7 1 21 34 13 10 10 28 7
3 6 3 1 7 3 1 7 7 1 1 10 1 10 18 6 1 1 8 1
19 15 15 13 23 6 10 23 12 5 6 16 10 20 17 17 4 15 16 7
10 13 9 9 11 4 10 8 12 4 5 12 6 10 16 13 4 9 14 6
40 48 26 31 43 24 40 55 39 13 25 27 20 49 41 41 17 36 40 24
14 18 12 5 14 9 9 17 10 1 7 12 1 17 21 10 4 8 10 3
22 26 17 10 21 15 13 25 17 5 6 15 7 15 28 27 10 9 18 8
19 22 15 12 20 5 17 18 16 6 4 10 9 18 20 17 2 12 22 5
12 14 9 6 12 4 12 12 18 1 6 16 7 8 20 16 6 6 14 3
44 59 32 30 39 32 34 51 50 11 32 40 17 45 65 54 29 38 45 19
7 16 7 13 15 4 10 17 20 2 14 11 4 21 28 26 8 10 25 9
17 15 17 21 27 2 18 28 27 9 16 16 21 12 23 23 10 17 24 17
28 36 25 14 28 7 20 36 24 1 16 33 11 28 46 33 15 21 34 7
20 24 8 21 14 27 19 33 22 14 14 20 3 33 33 26 12 15 23 19
12 11 6 10 10 5 12 10 13 7 6 10 12 9 10 10 1 7 10 5
36 44 17 27 27 16 35 46 30 11 24 28 20 42 55 35 27 16 35 23
35 42 14 30 42 18 28 49 31 1 33 32 11 47 51 35 26 30 33 8
28 43 35 20 32 4 30 34 33 16 11 29 17 26 42 23 12 8 34 15
17 20 4 13 11 11 16 15 10 7 5 7 4 12 13 13 3 3 6 5
29 42 30 20 29 1 27 40 23 6 18 24 4 31 47 36 11 19 37 13
4 10 2 4 8 8 6 15 13 3 1 11 1 18 18 18 1 7 8 4
20 31 12 17 16 11 21 26 21 7 12 22 9 21 27 23 9 13 21 8
1 7 1 1 1 3 2 4 6 1 1 1 1 3 12 4 1 1 5 2
24 24 16 29 24 7 15 30 19 9 19 25 4 28 35 36 14 18 34 25
34 61 40 17 45 26 43 61 48 15 26 31 13 55 61 47 26 26 50 32
39 49 32 37 22 23 44 49 38 26 12 25 11 51 59 34 30 16 41 22
9 11 2 1 4 5 3 6 6 1 4 7 1 6 16 15 4 3 8 1
35 49 35 25 29 28 26 43 33 10 26 36 10 30 55 46 24 29 42 16
3 2 1 4 11 1 1 10 7 1 4 6 1 9 16 7 6 5 10 7
24 22 19 10 31 23 12 34 29 1 18 23 7 33 34 31 17 22 26 5
17 14 15 6 17 15 9 20 17 1 2 10 3 19 15 16 4 14 10 1
63 61 33 45 44 41 49 76 58 14 45 41 30 66 84 59 60 34 57 43
35 44 16 29 31 19 28 45 48 5 34 32 23 43 67 52 42 29 53 40
8 7 4 3 10 8 5 9 9 2 2 3 1 12 9 8 1 5 4 2
35 29 35 24 49 22 29 52 42 21 34 33 25 42 34 43 19 34 45 23
55 71 44 47 51 32 56 79 57 30 40 43 36 69 69 64 29 51 65 46
42 62 47 53 49 25 56 68 66 37 42 51 33 52 65 63 31 53 64 45
8 14 6 8 4 5 15 12 9 5 1 2 5 12 16 6 3 1 5 7
24 24 14 15 15 14 17 27 17 3 9 20 2 25 29 20 11 10 15 6
25 24 22 15 23 6 15 28 16 3 11 26 10 19 22 22 5 18 23 11
34 25 14 18 24 19 17 28 15 1 20 17 8 18 27 28 20 21 21 7
35 38 33 31 27 24 29 33 41 32 29 34 23 34 35 28 3 26 37 25
41 22 23 33 43 23 18 49 30 13 28 34 10 44 40 42 28 30 37 34
43 61 41 32 47 19 26 66 44 13 34 35 15 43 75 64 44 35 62 37
7 8 10 1 11 5 1 14 11 1 1 14 5 10 14 14 1 8 9 1
10 9 1 7 4 1 8 11 3 4 1 5 4 4 9 7 2 1 1 5
16 32 16 12 21 14 20 27 33 12 7 19 17 26 37 28 11 13 22 15
9 8 12 7 14 9 3 16 14 4 1 10 1 19 18 23 1 12 14 7
3 9 1 8 4 5 10 9 7 6 1 1 1 11 5 11 1 4 2 6
30 47 28 20 33 8 27 42 35 14 15 33 26 21 39 36 17 14 39 23
12 8 11 7 13 3 3 11 11 1 6 13 5 3 6 12 1 11 12 3
49 64 57 35 37 31 41 57 52 29 28 52 18 46 74 50 33 37 60 15
29 30 36 22 37 12 25 39 38 7 27 23 11 32 40 45 12 33 48 16
16 33 19 36 37 11 34 48 39 18 26 30 22 40 47 42 19 31 40 22
9 12 10 8 16 4 1 17 12 1 12 8 3 14 28 21 10 14 23 12
46 49 54 37 49 27 28 55 47 17 43 46 19 57 59 60 22 53 62 34
39 40 21 31 38 12 34 40 29 5 26 29 13 35 36 26 15 23 31 15
29 42 25 15 15 16 26 26 35 6 20 22 11 23 45 33 16 20 41 11
3 3 1 1 4 4 1 6 5 1 1 4 1 5 5 9 1 3 1 1
53 59 57 27 41 32 41 79 61 19 35 44 29 60 80 64 48 41 66 30
8 5 10 5 8 8 5 12 13 5 4 12 7 10 14 12 5 7 9 7
7 2 6 3 4 5 3 1 7 1 1 1 1 7 9 6 1 1 4 1
21 32 33 18 28 15 12 36 32 15 20 30 8 38 49 45 8 34 44 17
29 47 29 14 30 11 21 50 27 9 16 30 6 32 61 45 30 12 44 21
15 16 7 5 6 5 12 16 6 1 1 8 2 11 24 10 5 1 10 5
21 24 16 3 9 10 15 30 20 1 3 16 6 22 37 17 18 2 15 9
31 39 19 24 23 19 29 36 29 19 13 21 9 28 39 42 12 15 32 18
53 69 52 42 52 14 55 78 65 31 31 49 35 62 72 63 30 33 67 35
45 51 46 41 43 17 50 56 60 32 20 35 27 47 54 44 28 29 52 24
43 60 49 20 39 23 40 65 53 21 25 35 31 54 59 48 27 32 55 24
53 70 37 51 41 36 50 65 64 31 48 56 21 69 90 68 25 53 80 47
3 3 1 2 1 5 6 2 10 1 1 2 1 8 8 3 1 1 2 1
25 34 22 24 38 12 23 36 35 8 22 25 6 36 47 44 18 23 43 19
21 25 12 20 25 7 17 26 20 3 17 17 3 29 28 29 8 15 27 15
67 65 56 56 57 41 47 78 63 30 58 58 29 66 75 65 35 57 67 38
4 7 1 1 7 1 6 14 13 1 1 6 5 9 18 12 7 4 4 5
8 12 11 8 11 15 3 18 15 7 5 13 3 23 24 16 5 8 16 10
9 15 14 6 8 14 11 5 17 8 6 9 1 17 24 12 1 9 16 7
18 21 7 11 10 5 11 20 7 5 10 9 6 13 25 16 9 6 16 11
15 18 12 15 11 10 12 27 15 7 1 11 6 20 26 24 7 10 17 16
14 17 5 8 12 10 11 18 12 5 4 9 6 19 18 13 2 4 4 3
28 33 21 19 14 20 23 32 21 13 10 18 6 29 40 33 12 14 28 17
32 21 31 21 31 6 22 35 28 4 26 25 12 23 36 35 16 25 41 13
22 42 32 12 36 24 23 39 39 9 17 30 14 32 41 31 10 31 34 9
8 19 15 7 9 12 12 17 23 10 9 11 5 20 31 22 5 14 24 12
14 14 6 5 10 6 11 12 5 2 3 7 7 3 10 7 4 5 9 3
18 13 20 14 22 14 13 22 23 11 11 17 15 20 28 21 9 16 23 8
26 23 21 17 20 5 13 27 14 1 11 24 6 19 28 24 12 12 23 17
11 20 7 2 15 13 9 16 12 1 7 6 1 16 12 24 1 11 13 2
54 62 33 35 46 32 37 66 46 16 43 43 29 47 68 53 40 33 50 37
15 7 9 11 11 1 7 12 5 3 9 5 1 11 15 19 5 8 17 12
38 56 22 35 24 27 34 55 46 16 30 29 19 34 63 57 27 34 49 35
60 56 56 41 61 50 46 75 61 16 44 48 12 80 69 66 34 58 62 38
29 37 26 19 29 21 24 37 26 6 11 28 4 34 45 36 12 17 31 12
12 17 21 26 28 8 17 33 28 14 18 22 18 24 36 27 17 22 32 23
25 26 13 17 21 3 17 27 8 7 12 12 10 20 28 15 8 3 21 15
36 43 25 34 33 35 24 52 45 26 30 41 6 57 72 52 29 38 56 42
7 14 3 5 8 7 6 14 10 5 3 8 6 10 15 13 6 5 8 10
10 14 3 8 10 4 6 12 5 3 8 9 3 11 23 17 7 4 14 8
15 17 2 9 9 8 13 12 8 3 10 2 5 10 18 9 5 2 11 4
17 43 28 18 25 19 30 39 37 17 15 30 8 29 50 36 10 22 39 11
52 54 32 47 61 48 46 75 68 22 47 54 14 73 77 78 46 50 65 43
46 47 49 41 50 14 42 66 51 19 36 39 23 57 67 53 32 41 65 22
6 14 5 1 8 7 6 7 12 1 5 12 6 8 18 16 5 7 15 6
31 39 22 27 18 20 29 38 39 16 24 22 17 41 58 40 27 21 41 31
55 62 44 49 51 32 53 67 71 30 40 51 35 69 73 71 36 35 69 56
31 42 13 36 26 20 36 40 29 17 24 22 7 38 38 40 5 26 36 27
5 5 4 2 7 1 5 3 10 1 3 5 5 4 4 9 1 4 8 1
33 53 49 37 53 8 44 60 55 29 37 41 29 42 68 56 30 32 65 26
34 43 31 43 37 22 41 49 51 31 30 36 23 47 51 50 11 34 50 29
5 4 3 5 9 7 8 7 13 1 3 2 2 15 13 7 2 5 8 2
9 6 7 5 9 5 6 14 8 3 2 12 6 10 10 17 5 7 9 5
12 21 4 14 16 2 12 26 25 1 12 17 8 26 41 27 21 7 24 21
9 8 2 16 15 1 10 16 17 4 13 13 1 21 27 14 12 10 21 14
21 28 19 2 18 14 8 31 15 1 13 25 4 21 40 24 14 16 27 6
2 8 1 8 2 6 9 10 7 7 1 3 1 8 10 8 3 3 5 10
25 38 34 22 37 14 25 45 37 14 19 35 16 31 44 37 10 27 35 14
60 59 37 50 50 36 33 63 56 27 52 43 21 53 67 63 37 52 64 55
40 46 34 23 39 31 30 65 40 20 22 29 17 50 41 52 17 41 45 34
22 27 15 21 24 21 22 27 32 9 19 17 7 42 40 37 16 21 32 19
36 51 41 24 41 26 33 54 46 14 29 46 23 42 70 41 28 30 46 17
8 13 8 8 13 12 11 17 19 8 4 12 7 19 17 23 3 13 12 9
62 56 29 57 52 29 37 75 45 21 53 32 18 54 64 59 48 44 52 53
48 50 29 48 34 38 49 61 64 40 35 37 39 56 58 57 20 42 48 48
7 2 3 1 9 2 1 6 5 1 1 5 1 6 5 8 1 5 4 1
10 16 6 4 10 11 9 12 9 1 6 9 4 7 14 9 6 7 8 5
20 15 8 13 17 7 12 17 9 7 6 10 11 11 8 12 4 10 8 7
28 40 25 19 25 18 24 40 39 17 16 24 17 41 40 32 11 22 28 21
65 63 35 55 61 35 52 81 68 23 50 54 29 71 77 69 47 44 66 53
31 42 13 30 23 29 32 43 37 19 20 26 12 46 50 41 17 23 32 25
39 20 31 32 41 23 15 43 35 7 31 35 9 45 46 49 29 32 47 38
26 31 17 24 28 19 20 41 27 13 20 24 1 44 48 43 22 24 39 24
41 50 50 30 39 31 33 51 58 31 24 52 22 48 69 65 28 29 56 38
55 51 46 27 51 28 36 62 46 12 34 39 18 51 56 51 24 30 54 30
1 15 10 8 13 3 8 23 19 8 6 16 13 14 21 20 7 12 14 11
24 17 19 13 16 11 11 24 13 1 8 19 3 16 22 20 9 11 19 13
39 41 31 30 50 22 26 59 31 14 28 37 15 48 44 40 22 34 40 24
50 50 63 28 48 45 26 70 59 27 47 45 21 57 68 71 29 61 67 40
29 17 17 35 42 10 22 43 36 15 31 29 16 35 45 40 26 32 40 24
19 16 16 2 16 20 3 25 22 1 4 20 8 20 31 26 14 13 19 10
25 24 16 21 24 11 20 31 21 5 12 13 3 32 33 38 12 15 28 13
22 36 17 21 17 18 9 34 19 6 23 14 9 23 48 35 25 19 32 27
10 12 5 1 8 12 4 13 8 1 3 10 1 14 23 15 5 1 9 1
13 16 5 6 11 15 9 16 12 1 8 12 1 10 21 10 10 6 8 6
45 50 36 48 50 16 46 67 56 25 28 41 11 59 65 60 29 37 63 40
21 33 10 25 20 13 21 34 24 9 17 23 2 32 46 37 13 18 36 21
7 14 4 4 5 5 6 12 7 1 2 11 4 8 19 11 3 3 9 3
5 6 2 2 2 5 2 10 5 2 1 6 2 7 15 12 7 1 2 7
30 21 19 12 24 20 10 26 18 4 17 24 6 17 29 30 18 19 27 12
40 29 39 27 50 25 19 52 36 4 33 41 13 47 52 40 25 37 47 18
12 14 8 5 18 11 6 17 12 1 6 7 1 17 20 17 6 9 12 4
16 17 15 10 16 12 17 26 15 7 1 14 6 25 19 24 9 11 13 6
50 73 37 41 46 24 51 73 55 18 32 38 22 61 80 56 38 34 60 24
25 34 27 15 26 15 15 35 30 5 15 20 9 36 44 30 13 25 31 14
29 18 22 23 31 21 17 37 26 9 15 24 8 37 32 37 17 24 30 24
32 30 29 26 26 28 23 29 40 15 21 31 6 44 54 48 21 24 44 26
8 6 8 1 3 7 3 5 13 1 1 11 1 7 17 8 1 2 8 1
26 33 10 18 23 9 25 36 33 4 23 18 23 30 44 30 27 9 31 27
37 49 41 38 51 22 41 66 52 27 33 38 32 48 55 59 26 37 54 35
35 56 59 39 53 40 41 69 65 43 40 41 25 64 66 70 21 63 68 47
38 38 30 33 44 18 21 52 31 9 30 42 8 43 48 47 20 35 49 23
14 28 18 15 28 7 15 42 35 5 21 22 13 31 47 47 21 24 38 21
6 13 11 5 13 12 8 16 16 6 1 7 1 22 18 19 1 11 12 6
6 8 2 1 2 9 3 2 5 1 3 1 1 3 7 4 1 1 5 1
1 12 2 1 1 1 1 8 1 1 1 12 1 6 15 11 1 1 8 1
11 10 15 3 6 15 7 13 18 6 4 11 4 17 29 15 11 6 16 10
20 20 13 9 11 8 11 13 7 1 5 14 6 5 16 15 5 8 15 5
65 62 43 49 69 43 45 74 69 18 50 70 23 68 94 69 56 51 75 42
34 43 28 34 40 11 33 54 37 11 41 40 29 35 60 41 33 36 50 23
51 71 50 38 64 26 46 68 56 29 46 55 33 50 60 55 22 45 63 25
5 7 10 1 12 10 8 10 18 4 4 5 4 18 15 15 1 11 13 1
45 65 63 42 52 25 43 69 63 33 46 64 33 53 93 71 41 49 77 38
22 16 14 11 12 17 15 17 17 4 9 13 4 20 28 17 12 4 14 5
38 53 47 20 37 27 25 61 50 16 28 44 11 53 81 59 32 31 63 28
11 5 9 8 10 5 6 10 9 4 2 8 2 12 13 13 3 6 9 7
61 55 47 38 49 28 52 70 57 28 32 31 21 58 46 45 26 33 51 21
36 47 20 37 38 19 35 56 46 19 31 24 13 52 64 56 32 30 48 37
37 41 41 25 46 19 28 55 41 14 36 25 15 37 42 48 18 45 51 27
12 18 11 5 17 4 5 20 10 1 2 15 7 11 15 18 1 13 14 2
5 8 1 5 8 6 3 10 6 1 4 4 1 11 17 7 4 1 6 8
4 8 4 3 8 5 5 7 10 1 1 6 6 7 8 9 1 6 6 1
17 18 15 11 16 9 12 18 21 1 13 11 7 14 30 17 10 13 24 12
22 34 34 28 44 3 29 40 33 21 20 35 23 22 40 41 16 22 42 13
50 40 23 40 48 24 40 59 50 3 39 38 26 51 54 48 44 34 42 36
13 16 15 8 16 7 8 9 13 3 5 15 1 8 15 19 1 8 16 7
14 15 21 6 19 8 10 21 12 1 2 10 1 27 28 21 5 11 22 5
46 58 36 34 43 11 34 62 40 20 28 40 14 51 71 47 33 21 54 26
34 31 30 20 31 24 22 41 36 11 15 28 7 41 44 47 18 22 33 18
39 34 15 34 32 11 33 43 34 22 28 21 16 38 42 21 23 15 36 32
30 26 22 26 37 28 18 41 34 10 29 32 13 40 45 40 27 28 38 18
38 34 21 25 22 8 25 36 15 12 16 8 4 28 35 27 18 8 32 15
17 28 22 10 14 16 12 28 28 11 10 26 17 26 37 25 12 17 22 14
12 23 19 10 5 19 10 16 21 14 6 19 1 28 33 22 2 13 21 13
27 24 24 26 33 19 22 38 33 9 25 28 15 31 45 29 23 24 33 14
18 13 21 9 10 9 15 17 18 5 3 9 1 24 27 19 5 8 19 6
3 12 3 1 3 4 1 6 6 1 1 9 2 5 14 8 1 2 9 1
66 62 43 63 63 51 48 89 68 26 64 58 28 71 87 88 50 70 82 60
27 57 31 26 33 23 33 58 50 27 22 36 26 46 62 57 18 35 50 30
15 26 7 7 14 12 13 25 17 5 7 17 10 15 26 29 17 8 14 15
25 43 39 31 42 12 32 56 53 22 22 41 20 38 58 59 21 31 50 25
37 44 23 19 34 18 27 52 32 11 22 28 14 45 40 31 14 19 27 14
45 48 44 22 32 38 32 47 52 22 28 44 5 52 68 53 25 30 50 23
8 19 8 8 14 7 9 20 15 5 3 14 4 15 28 25 11 3 15 15
34 40 24 19 22 10 27 33 28 11 19 19 10 29 43 33 13 12 32 15
13 18 24 9 21 7 9 20 19 2 13 17 5 27 34 12 5 15 31 5
56 61 53 31 51 35 43 77 61 19 41 53 33 68 84 63 43 36 65 35
13 17 6 3 7 9 7 13 5 1 3 13 2 7 21 17 7 1 11 3
32 31 40 23 36 20 18 30 41 20 19 39 12 36 52 46 21 16 47 22
38 44 40 38 42 22 42 67 58 21 27 39 27 53 64 60 36 39 56 31
16 17 9 5 12 14 7 16 10 4 6 19 5 10 22 20 11 6 15 6
49 75 56 54 52 42 38 67 54 33 54 53 19 54 84 71 36 59 80 42
66 62 31 53 56 42 55 80 62 15 50 52 30 71 83 69 61 41 64 50
41 42 26 23 28 14 28 40 21 10 19 11 6 30 37 32 19 21 34 13
48 47 25 39 43 34 36 64 46 18 40 27 5 59 60 67 35 44 57 41
8 8 12 6 18 2 7 16 17 5 10 17 10 8 18 25 5 16 18 1
41 33 34 24 47 25 22 49 37 11 31 25 13 41 38 48 18 36 48 25
10 20 11 6 13 14 5 14 15 4 8 18 5 18 29 16 7 7 20 6
28 30 34 15 27 20 18 37 31 12 15 22 1 45 36 36 4 31 32 18
48 63 38 35 39 48 42 68 64 26 39 40 9 69 78 69 30 47 64 43
32 48 38 32 29 26 34 50 49 30 21 20 18 48 51 44 16 31 50 29
21 19 14 18 22 11 12 28 15 5 13 19 7 30 34 19 14 10 22 14
44 48 28 36 35 32 47 49 44 20 27 31 24 46 48 37 30 29 34 8
39 41 14 38 45 27 39 44 43 10 39 38 31 36 46 38 30 35 38 14
9 8 5 5 6 4 5 7 5 4 2 6 1 9 12 13 3 2 7 4
42 35 27 28 39 20 29 49 33 4 24 31 10 45 50 28 28 24 37 9
15 14 14 13 20 9 10 31 21 1 14 24 9 27 39 21 22 13 26 16
23 19 13 21 27 7 16 34 24 5 14 14 15 28 37 25 20 15 25 24
16 26 14 17 22 7 17 24 13 9 12 15 11 28 29 14 5 9 23 12
13 7 7 2 5 10 3 7 5 1 1 7 1 6 11 7 3 1 5 1
6 6 8 4 9 6 5 5 12 1 1 5 5 7 14 4 3 5 9 5
8 12 3 9 11 6 9 13 12 5 3 6 1 17 16 18 2 7 10 6
50 54 55 32 62 49 28 66 58 17 47 56 23 66 71 69 36 56 68 29
39 49 51 34 53 31 31 63 52 20 34 52 11 57 71 67 23 45 68 30
40 31 34 31 31 19 22 48 35 7 29 22 14 40 51 48 32 29 45 39
22 27 17 14 14 17 22 25 26 9 13 17 9 27 34 30 11 14 24 8
16 14 17 12 20 4 8 16 15 1 10 17 2 21 22 18 3 13 24 11
9 13 9 5 8 14 7 13 14 5 6 8 5 14 21 7 7 5 10 9
17 29 19 15 21 7 24 33 29 7 13 23 15 27 39 23 13 18 29 8
5 5 4 3 7 2 1 3 4 1 1 4 2 3 7 3 1 3 8 3
6 13 5 1 9 5 7 7 14 1 3 15 3 3 14 13 1 4 11 1
41 56 32 45 49 19 41 65 50 15 35 49 23 54 75 60 35 41 63 39
43 38 47 33 58 28 43 69 64 24 39 36 34 60 55 66 35 41 60 48
19 20 22 13 19 15 12 18 22 7 7 20 2 22 25 30 4 13 22 12
40 46 32 32 35 27 42 58 51 23 29 29 14 56 57 57 23 35 57 25
38 37 35 18 35 33 20 42 42 6 23 41 9 41 61 45 29 24 40 18
9 28 19 12 25 4 16 27 28 7 10 24 18 15 39 29 11 12 30 11
44 53 45 45 52 15 45 65 52 17 38 41 22 40 62 73 33 45 67 35
38 45 25 24 21 20 28 41 22 12 16 19 7 33 43 30 20 19 29 10
37 46 32 15 32 17 25 43 31 13 24 41 15 32 54 37 19 20 44 17
56 60 45 51 54 14 51 67 62 17 40 43 25 58 70 51 44 38 61 37
48 49 47 39 54 35 42 71 60 19 42 47 24 57 61 68 36 54 58 33
3 6 7 6 10 3 3 7 10 2 1 7 2 10 10 11 1 6 11 5
43 76 36 37 37 34 47 70 60 25 38 40 16 70 89 65 35 43 67 43
39 39 37 27 43 24 33 54 55 11 24 44 18 40 53 56 30 29 40 22
31 32 25 25 22 16 13 33 21 8 23 18 10 25 51 37 26 25 41 28
25 36 18 25 32 23 18 42 32 12 22 27 12 37 46 39 21 28 35 23
52 64 51 28 48 47 39 56 54 20 35 49 18 53 67 63 30 48 58 17
27 54 22 24 31 28 40 55 43 19 26 33 29 45 57 47 28 20 47 40
9 14 1 10 8 3 12 9 8 5 7 6 7 11 16 9 3 3 12 5
9 18 6 4 11 6 4 14 9 1 9 12 7 7 17 14 1 8 16 1
10 27 8 8 6 5 15 19 14 9 1 11 1 18 30 25 3 8 24 7
16 19 4 13 13 3 13 16 8 3 10 5 4 13 19 9 7 3 20 7
48 66 31 43 45 36 48 69 47 24 43 22 14 60 58 52 27 45 54 39
47 29 55 37 58 27 29 54 55 17 45 47 27 53 58 60 35 50 63 36
16 13 16 5 16 18 5 22 15 3 6 20 4 21 26 14 11 8 16 7
21 28 21 15 24 22 18 43 26 11 6 15 5 37 37 37 14 21 27 19
11 12 8 7 9 7 7 10 9 5 4 14 5 10 20 18 6 6 13 7
8 11 3 9 16 3 2 11 2 1 6 6 1 10 17 14 5 4 13 9
20 23 12 11 7 11 6 21 11 1 12 10 7 8 33 21 16 11 20 14
56 54 46 52 58 36 47 71 63 30 49 51 28 65 67 69 34 53 64 43
14 18 15 10 12 5 13 11 16 2 3 15 6 11 21 17 1 9 18 7
30 21 12 20 33 21 17 33 24 1 23 22 7 31 36 31 25 22 26 10
39 55 56 36 50 29 43 60 53 34 38 36 20 61 57 50 19 48 64 26
12 12 9 4 8 10 7 14 11 1 1 17 6 14 18 13 7 6 10 1
24 36 26 20 29 25 31 46 38 18 16 22 11 44 34 41 8 30 31 18
22 32 15 14 24 13 24 29 21 5 11 15 5 26 33 23 12 11 25 6
8 10 6 8 14 7 8 8 11 5 5 9 5 15 16 13 4 8 13 7
14 13 15 7 11 5 7 23 13 4 10 18 11 6 25 19 9 11 19 2
47 54 48 54 54 31 39 68 57 23 54 45 27 51 73 73 44 61 67 48
17 29 25 30 29 13 31 44 44 21 21 25 25 33 45 44 23 29 36 28
23 39 20 21 31 23 26 47 33 10 16 33 15 36 44 41 19 27 31 14
35 37 50 36 47 27 26 52 52 29 33 57 24 45 67 58 30 35 60 30
56 53 40 43 65 38 45 71 64 19 48 52 36 70 61 62 34 42 60 43
50 62 26 41 34 36 53 71 57 31 27 34 27 63 64 50 28 31 44 36
34 40 30 29 45 30 27 59 47 21 36 33 9 55 54 60 22 41 54 30
11 12 5 10 14 9 14 15 21 3 9 12 8 20 20 16 8 11 13 6
6 11 4 3 8 8 4 11 7 1 3 8 3 10 21 14 6 4 9 7
17 13 12 16 25 7 14 23 19 7 12 16 13 23 22 21 9 14 18 8
11 13 9 1 17 13 7 20 17 1 3 11 1 17 16 11 4 12 9 1
18 16 18 15 23 13 9 24 20 6 12 18 4 31 35 33 10 18 29 15
16 26 24 11 25 17 12 28 30 8 14 30 13 17 41 26 15 14 27 11
18 6 10 8 12 8 10 16 15 3 8 13 3 18 22 17 14 5 12 5
30 34 22 23 35 12 23 40 34 4 23 36 11 22 50 37 24 18 38 13
13 22 22 14 24 4 12 17 18 3 11 18 4 20 28 25 4 13 34 13
32 43 30 25 22 23 19 36 30 16 26 23 4 28 57 47 27 23 41 22
1 12 14 1 14 7 1 14 17 1 1 12 2 18 15 15 1 14 14 1
1 10 4 6 7 5 8 12 13 4 3 8 3 17 19 10 2 4 11 7
55 44 41 43 45 25 27 62 42 3 45 47 17 53 70 61 44 41 61 45
37 36 50 32 41 8 29 49 37 14 33 39 19 39 55 39 23 36 57 23
25 38 35 22 44 16 30 47 41 12 25 39 14 40 54 41 22 28 45 11
59 68 59 42 56 34 39 75 59 22 50 62 38 54 81 72 45 55 69 38
15 30 18 24 25 14 25 34 31 10 19 25 13 38 45 27 13 22 35 18
26 30 29 22 39 22 26 57 50 13 25 32 21 52 53 55 31 30 48 35
41 55 40 30 39 33 35 65 58 26 25 50 22 59 70 59 25 35 51 34
12 16 5 6 11 13 8 13 13 1 8 13 5 10 14 6 7 8 6 4
19 22 12 21 21 15 23 25 27 11 19 16 15 21 25 20 10 14 21 8
3 4 1 6 7 1 5 8 3 1 4 3 1 12 16 7 4 1 6 4
7 14 9 1 10 6 9 14 13 1 4 18 7 11 24 14 6 8 14 5
30 42 26 10 29 27 30 44 42 12 18 17 18 45 44 43 18 20 36 30
14 17 7 3 7 11 3 11 7 1 9 10 1 9 23 19 8 5 15 5
27 27 27 15 30 10 15 41 19 1 12 21 2 37 41 32 13 19 30 13
32 41 22 30 37 10 33 50 35 20 21 24 26 44 39 32 17 20 30 31
37 39 31 20 33 16 22 43 22 9 22 27 9 36 43 32 19 27 40 14
23 34 22 13 27 15 14 36 28 6 17 32 15 21 44 33 18 21 30 13
26 29 30 10 31 15 12 33 25 1 13 31 5 33 35 33 10 23 28 7
18 21 16 16 14 11 13 24 19 7 7 13 4 26 35 21 7 12 24 13
9 12 7 2 14 6 8 14 12 1 4 10 4 9 14 9 1 8 11 1
1 3 7 4 11 1 3 12 11 4 4 12 7 8 9 11 1 10 10 1
10 15 1 11 7 5 12 10 9 8 3 6 9 8 5 9 1 3 6 6
6 14 2 6 6 6 8 16 7 3 1 6 1 15 15 14 1 3 5 5
7 9 5 1 8 5 5 6 5 1 2 6 4 4 7 6 1 6 8 1
47 61 57 44 53 32 25 64 54 26 46 48 14 45 76 69 31 54 74 46
16 13 11 8 13 8 1 14 8 4 8 9 1 12 20 24 8 11 16 10
31 37 6 30 29 19 34 37 29 14 22 14 14 34 30 34 16 22 24 18
12 20 12 6 12 14 10 15 12 3 6 10 4 15 18 8 4 7 11 1
50 51 48 41 41 43 39 54 51 26 36 45 14 58 66 48 27 39 56 27
18 24 18 4 14 16 12 12 20 4 5 15 1 16 28 16 6 9 20 1
43 56 35 47 37 20 32 61 46 25 37 28 20 55 57 59 23 43 56 53
2 12 1 6 3 2 7 5 4 3 2 6 1 7 13 10 1 1 8 4
21 29 18 16 23 12 8 31 23 3 17 15 7 28 43 29 18 20 33 24
14 21 29 26 37 15 20 29 33 15 28 29 19 23 35 30 17 28 38 17
54 73 42 48 36 40 54 68 67 29 34 41 17 67 77 65 34 44 61 31
42 52 37 18 33 19 26 48 29 8 20 32 3 34 58 37 24 20 44 8
17 4 16 11 22 9 6 21 19 1 9 15 5 21 24 21 9 12 20 5
20 28 24 15 28 14 14 22 23 8 11 23 9 20 31 24 5 14 31 10
31 38 17 21 22 26 29 45 34 10 16 17 8 38 49 43 26 20 29 21
14 7 15 12 25 7 7 21 18 3 9 10 5 18 13 21 2 17 18 10
32 56 35 32 43 34 42 61 58 30 25 43 21 51 62 59 19 36 53 32
17 12 12 9 8 12 12 15 12 6 4 10 5 17 20 18 8 1 10 5
21 24 27 17 31 14 15 34 27 8 13 31 9 35 41 35 14 19 32 13
13 16 7 6 12 4 10 18 13 1 8 8 6 12 17 21 7 15 17 5
9 6 10 11 16 7 3 7 8 1 8 4 3 12 14 8 6 8 16 10
8 17 1 5 5 2 6 7 1 1 1 6 2 5 14 10 1 1 8 1
57 74 33 46 40 49 58 72 72 34 42 56 42 63 85 76 35 44 68 48
5 13 11 8 12 9 10 16 21 7 7 17 9 17 20 20 2 11 14 5
9 21 4 13 11 12 15 20 16 10 5 12 8 14 15 24 1 13 17 10
63 74 47 49 56 34 48 74 44 27 47 50 32 59 63 58 33 49 56 40
13 10 10 6 12 9 7 9 14 2 5 1 1 16 20 16 2 11 16 4
34 41 25 26 25 15 25 30 33 19 25 22 9 39 47 30 9 18 42 22
12 17 4 21 16 12 17 24 17 13 8 9 7 23 22 21 3 15 19 17
53 57 36 47 55 28 52 66 57 25 42 29 18 64 47 57 16 41 56 42
19 20 8 10 17 15 16 21 22 1 12 19 6 20 25 20 13 12 11 4
56 81 66 43 46 41 45 73 60 34 43 37 15 65 72 73 20 63 80 45
4 13 2 5 1 7 8 10 4 5 1 4 1 11 13 15 1 2 5 5
8 10 1 5 4 6 8 11 14 1 5 10 6 8 16 9 8 5 6 7
44 52 50 40 44 22 34 67 53 25 38 40 31 54 72 65 36 45 65 45
25 22 14 21 27 3 19 29 21 4 18 16 11 24 22 9 4 12 24 11
8 13 5 10 14 7 7 17 13 1 10 9 5 15 26 9 13 5 12 14
51 51 40 46 52 20 38 58 41 25 39 48 23 57 54 49 21 35 60 42
37 48 28 34 45 27 39 48 52 19 30 46 27 36 58 47 32 29 45 26
43 50 36 40 54 28 33 65 55 12 45 41 23 54 67 59 35 53 57 27
62 74 41 49 53 21 57 80 58 27 54 51 42 57 75 52 42 42 63 37
14 22 3 6 9 6 13 16 8 1 4 13 1 11 20 20 4 1 7 1
31 36 23 28 34 23 21 35 35 18 24 28 21 30 35 32 12 27 29 20
60 73 52 42 32 32 53 68 63 25 38 41 23 63 75 65 31 40 67 52
33 44 21 24 26 7 29 40 30 8 21 25 24 30 37 39 19 15 37 36
40 63 31 23 28 23 32 45 39 19 26 34 18 37 58 34 21 23 42 20
44 53 50 26 34 24 29 51 49 19 27 48 18 43 61 58 19 33 57 35
20 12 14 8 19 18 7 28 14 6 6 15 2 23 21 25 13 13 14 13
63 62 49 50 52 51 28 73 49 26 51 40 15 67 78 66 40 56 65 46
15 19 7 11 18 4 11 22 13 1 12 6 1 23 28 23 9 11 19 7
13 17 9 5 17 4 7 21 8 1 8 16 5 17 20 10 2 9 16 1
10 8 5 2 5 7 7 9 7 1 1 6 3 6 14 5 1 1 5 1
1 12 8 1 12 3 2 15 9 1 1 13 2 16 17 13 2 10 10 4
49 51 39 27 55 28 32 74 51 15 40 40 26 65 59 59 33 41 58 40
17 19 16 13 16 17 4 27 21 8 14 21 1 32 41 33 15 17 32 19
20 28 19 32 39 19 23 37 39 16 27 29 10 35 46 41 18 32 43 20
30 34 21 19 29 19 15 38 27 8 24 31 8 40 53 34 19 24 37 16
50 59 38 52 40 26 38 72 51 31 43 28 26 51 65 56 30 40 60 50
34 41 31 24 46 19 27 51 41 11 32 50 24 41 54 51 26 38 48 13
44 63 51 40 47 29 39 52 60 37 41 58 25 56 74 63 25 31 66 33
34 35 55 34 54 13 36 53 51 18 31 53 23 47 58 58 25 40 58 28
14 27 10 7 13 11 10 26 14 5 10 18 7 17 28 16 12 10 12 12
9 11 6 3 10 8 6 11 11 3 1 14 5 13 17 14 4 7 9 3
34 52 30 26 22 28 26 51 34 18 20 24 9 44 63 54 21 29 49 36
18 31 26 8 22 13 11 28 23 5 13 30 11 16 36 20 7 18 27 4
19 20 19 19 26 17 10 29 24 12 14 15 9 28 26 37 10 25 31 18
5 10 6 6 7 8 8 11 17 4 3 9 4 17 18 14 2 5 9 5
15 33 37 8 38 16 21 35 38 13 15 32 11 28 34 34 5 28 37 6
18 16 15 11 20 8 14 17 25 1 11 18 3 12 20 19 5 12 17 4
26 45 18 22 29 17 32 28 33 16 18 30 17 22 37 24 12 11 28 9
33 47 41 37 33 27 35 59 56 29 33 45 27 53 71 58 25 44 60 40
27 27 24 13 10 17 23 24 22 11 6 14 4 25 39 20 15 5 25 7
45 56 68 46 66 32 48 78 71 40 39 66 31 66 82 82 35 53 79 39
49 54 29 45 40 30 33 66 42 15 40 37 24 52 76 66 50 39 58 49
15 18 14 5 10 12 10 17 9 3 2 9 4 16 22 15 4 6 12 1
10 12 10 3 9 3 6 5 6 1 3 13 5 3 17 13 4 6 17 1
17 26 13 8 13 13 12 18 9 5 9 9 5 16 22 13 5 8 16 3
17 12 5 20 21 4 18 20 17 5 14 11 8 24 23 21 14 12 20 13
15 31 24 9 30 5 10 32 21 2 17 26 6 24 39 37 10 24 39 9
9 12 7 3 10 3 5 15 4 1 1 9 1 15 13 11 1 5 3 1
64 82 49 47 55 27 48 78 44 19 51 46 24 49 87 60 51 36 64 38
25 26 24 26 32 13 22 45 38 17 24 26 14 37 51 31 28 24 41 21
16 24 9 21 20 8 19 28 20 12 16 20 14 25 31 28 10 11 24 15
11 20 14 7 17 10 10 14 19 5 7 17 7 16 26 26 1 10 22 4
38 49 23 29 38 29 38 51 43 5 36 28 19 42 45 47 28 40 39 14
11 20 12 21 24 14 17 27 22 12 11 15 8 28 30 28 9 21 28 22
23 29 30 13 33 16 18 40 35 7 19 17 12 29 42 33 15 28 39 12
37 47 27 20 34 14 35 52 39 10 26 15 17 41 46 45 23 32 44 30
38 50 32 20 37 28 30 55 44 1 24 42 19 51 67 46 32 30 43 14
40 25 22 28 36 24 26 44 35 7 23 28 14 40 36 45 21 28 35 23
46 55 34 39 40 14 43 52 38 21 31 33 22 40 50 52 24 37 50 38
27 17 35 17 31 21 14 39 34 8 21 28 14 32 48 30 26 21 42 14
10 19 14 10 23 3 7 23 13 2 14 21 9 21 26 18 4 17 25 4
17 26 13 20 18 9 15 29 23 6 21 19 9 24 38 28 12 14 30 12
20 14 11 12 14 14 15 19 12 8 5 9 7 20 18 17 7 6 9 6
32 49 47 29 50 24 43 69 59 28 43 37 33 54 64 64 35 48 61 42
32 42 27 22 14 20 26 42 27 10 18 18 4 40 51 43 22 23 35 17
34 30 27 10 21 14 15 33 21 4 13 25 10 18 39 30 18 16 35 13
3 8 2 1 3 1 3 6 1 1 1 4 1 8 11 2 1 1 3 1
58 61 50 50 58 19 41 72 50 19 52 54 21 52 67 59 31 41 67 33
11 10 6 4 9 5 4 10 6 1 1 7 2 5 13 14 5 5 7 7
33 27 32 31 33 10 31 42 31 13 25 32 21 28 28 33 15 27 31 17
7 16 6 4 6 6 5 16 10 3 2 9 7 8 17 9 7 4 9 10
6 12 1 5 7 1 4 6 4 2 1 6 1 6 12 18 1 5 12 3
46 71 38 44 55 31 54 71 55 37 47 35 23 65 58 60 13 46 66 44
16 30 24 10 19 20 20 34 37 12 8 28 14 25 45 39 17 13 31 19
3 9 4 6 7 2 4 10 6 3 3 11 3 11 15 9 3 4 13 6
17 22 15 6 19 8 11 33 24 1 11 28 11 24 39 30 20 14 23 11
56 60 40 47 58 40 40 81 58 15 51 57 18 76 89 77 49 53 72 47
16 17 11 8 10 12 12 20 19 6 4 18 9 16 29 22 14 6 15 12
29 24 14 30 27 4 18 35 25 4 27 12 11 25 37 29 21 22 36 25
46 54 45 20 33 32 22 55 48 8 31 46 20 40 69 55 36 36 51 28
17 23 14 14 16 13 15 21 14 9 7 14 6 25 27 14 4 7 14 8
17 20 9 14 22 10 17 28 21 3 10 13 8 23 24 14 10 13 13 7
19 30 15 21 32 13 18 32 33 12 16 32 5 32 47 33 15 19 38 15
20 22 21 19 34 1 15 36 21 1 17 20 3 36 32 27 10 25 31 17
17 21 18 12 20 14 17 19 20 6 11 6 3 27 33 17 10 12 26 9
54 51 33 46 54 36 38 78 54 20 50 39 16 62 63 67 39 52 60 39
11 26 10 1 16 9 13 31 20 1 5 10 6 23 24 19 10 12 13 10
49 76 46 42 38 46 42 68 56 31 37 48 13 54 79 71 31 49 59 37
20 28 11 18 14 10 16 34 15 9 13 12 8 25 32 28 11 17 22 17
61 41 27 44 45 26 35 60 40 15 45 35 11 51 63 52 44 36 57 40
57 63 27 54 35 36 61 68 58 37 30 31 23 69 68 56 33 34 57 39
27 31 14 24 32 18 26 35 29 6 21 27 11 33 41 31 21 22 25 14
2 2 2 1 6 1 2 1 6 1 1 2 1 6 11 6 1 1 6 1
9 9 1 5 5 5 7 6 4 2 2 1 4 3 1 2 1 1 1 1
8 21 13 10 13 12 8 26 21 7 8 15 10 25 38 28 14 9 24 19
3 8 5 1 3 4 3 5 6 1 1 5 1 6 17 9 1 1 8 4
30 30 27 19 17 10 18 32 23 3 19 13 9 21 38 28 13 22 34 11
59 53 42 40 52 34 39 55 54 21 43 48 22 58 60 50 25 36 53 31
49 56 41 43 49 23 41 59 48 15 36 40 15 64 60 52 21 46 57 34
54 58 43 47 56 32 30 61 53 26 47 31 11 56 70 72 39 50 69 42
50 58 46 33 44 30 31 73 46 8 35 40 14 54 73 72 42 40 65 51
27 30 18 14 20 6 19 19 15 1 13 14 3 12 25 24 2 9 27 10
34 22 32 26 24 21 21 30 35 11 21 25 1 42 43 34 13 23 40 22
34 50 31 19 36 29 23 46 37 8 25 32 18 40 45 37 22 37 34 16
25 46 31 24 28 22 27 42 38 14 19 28 8 40 50 40 12 29 42 27
27 54 23 26 27 26 36 50 50 25 21 32 21 37 56 50 18 27 40 26
23 32 23 15 20 5 23 26 24 12 2 17 10 15 31 24 8 6 26 10
21 30 12 16 24 11 16 28 17 9 14 21 11 24 23 14 3 11 17 9
26 38 14 16 19 24 23 33 37 6 17 22 10 33 45 32 20 20 20 13
48 50 43 31 24 17 31 51 32 18 25 20 11 41 59 36 27 27 49 19
32 39 24 29 36 9 25 46 36 17 21 35 17 31 52 39 23 17 43 27
6 6 8 1 7 7 5 6 13 1 3 10 6 7 13 7 3 6 9 1
40 48 39 31 40 40 25 57 50 24 31 37 7 53 69 68 29 42 61 41
12 27 12 9 20 4 13 26 18 3 4 15 10 19 31 21 9 9 17 11
54 45 37 41 41 24 26 59 43 17 45 36 13 47 72 54 44 36 62 34
34 38 30 32 34 16 24 38 50 22 34 43 11 36 64 51 25 26 55 26
9 25 13 8 18 8 18 25 32 1 8 18 12 24 40 27 16 12 24 13
18 36 27 18 25 20 30 29 37 18 12 23 8 30 43 29 14 15 37 14
13 18 14 12 17 15 6 17 25 9 18 17 6 29 35 27 9 20 29 14
42 40 33 27 29 15 33 53 41 11 17 16 10 48 50 34 26 19 40 23
51 42 47 41 64 27 35 73 51 17 47 52 35 54 62 45 39 43 55 35
18 21 15 6 20 13 9 17 12 1 4 18 1 15 27 24 7 8 18 2
24 37 11 27 23 13 30 36 26 21 15 12 15 30 35 35 10 18 28 27
33 31 33 19 24 17 28 40 28 16 9 12 1 38 33 40 18 20 35 17
15 13 12 5 6 14 8 7 13 5 3 6 3 11 16 10 2 6 11 3
22 24 6 14 20 12 16 22 14 8 13 10 11 15 17 16 9 12 12 9
8 12 10 7 10 6 4 7 11 2 2 13 2 13 21 13 1 5 15 6
4 7 1 5 11 4 5 17 11 1 5 2 2 15 21 10 9 4 7 10
10 13 24 17 22 13 18 31 29 17 14 28 17 25 34 31 14 19 26 12
23 28 15 18 9 11 23 28 19 9 8 6 4 25 40 20 14 5 23 15
53 59 26 56 51 20 47 68 46 15 47 40 18 59 62 61 34 49 56 39
60 49 48 54 59 22 47 80 56 25 45 48 17 66 73 57 44 44 69 29
48 52 40 35 47 37 37 66 52 19 32 53 21 58 65 61 27 41 53 31
37 34 50 36 34 18 24 46 39 17 39 37 21 31 55 50 28 44 56 34
41 58 36 30 50 36 45 58 67 19 37 47 32 58 67 62 41 32 54 40
39 45 43 25 36 25 23 59 41 12 25 32 12 49 53 55 21 43 49 26
8 21 15 3 7 9 9 12 19 4 2 14 5 18 32 15 3 9 20 8
25 32 19 13 24 15 20 25 25 12 10 26 13 18 30 29 10 7 25 6
35 51 32 23 31 36 27 58 47 17 26 39 20 54 69 59 34 32 54 40
21 34 15 28 24 30 28 39 36 15 22 26 11 40 44 29 13 28 33 18
14 16 13 8 18 11 5 18 14 1 6 12 3 17 25 15 6 11 18 9
4 10 2 1 5 3 3 3 6 1 1 8 1 7 16 12 1 1 8 1
4 9 2 7 3 6 5 8 8 6 2 9 2 10 15 14 2 3 9 7
23 13 13 11 16 8 12 27 17 1 5 16 3 20 26 19 11 9 16 7
26 41 26 16 23 16 28 33 33 14 10 27 15 21 46 35 22 7 34 20
25 15 14 20 28 6 14 33 16 2 13 17 4 29 29 24 13 13 20 17
24 26 22 18 24 9 23 35 24 10 7 9 2 32 29 21 12 16 28 12
13 30 14 13 15 20 15 30 21 13 14 18 6 28 31 25 4 21 28 15
45 43 23 46 41 28 32 48 49 27 39 32 17 52 52 42 24 33 45 42
21 38 24 10 29 4 18 36 19 4 9 23 9 24 42 30 11 14 36 10
66 68 38 56 66 39 57 84 70 30 50 64 28 74 86 61 53 41 67 47
32 34 18 22 29 16 18 33 18 12 19 17 11 28 31 34 12 16 26 17
32 43 35 48 53 31 42 66 56 27 45 47 24 61 64 55 29 55 55 29
25 47 28 19 24 10 29 44 38 12 14 30 13 32 49 46 17 23 43 29
1 7 3 1 3 3 1 1 5 1 1 7 1 6 14 4 1 1 6 1
8 10 10 7 19 9 7 10 16 1 7 12 7 16 20 15 5 12 17 7
49 54 34 35 34 32 42 62 46 16 24 21 14 50 55 48 28 36 45 20
20 30 13 15 14 19 14 19 15 13 14 13 7 20 31 21 9 10 21 14
23 16 20 17 24 22 11 35 26 7 16 23 10 35 41 30 26 14 25 26
30 25 16 12 22 15 16 40 31 1 21 24 15 26 44 38 29 22 29 19
20 19 13 15 22 16 10 19 21 3 17 15 8 16 27 18 10 17 24 5
3 2 7 1 4 7 1 9 10 1 1 10 1 16 16 10 1 4 6 1
58 49 53 51 63 20 49 75 62 27 49 61 38 66 61 59 33 48 59 42
44 46 41 37 38 21 33 59 35 16 39 34 17 39 62 48 32 39 57 28
50 36 30 28 34 32 31 47 40 9 33 36 18 44 57 50 36 31 45 32
14 11 10 12 18 9 11 23 19 4 5 9 1 25 24 28 6 13 21 9
9 15 8 11 9 6 14 11 12 8 3 8 9 11 11 9 1 4 7 7
31 31 28 18 34 16 21 37 29 15 15 36 14 28 40 42 22 12 32 15
57 65 44 44 43 40 49 79 55 29 44 42 22 56 73 74 34 53 71 35
58 71 36 40 45 41 53 74 53 21 37 49 35 64 72 51 37 32 55 41
7 8 14 7 19 5 7 19 18 5 4 15 7 14 16 24 1 16 15 2
38 45 25 37 34 32 37 40 41 17 25 29 15 44 38 45 14 37 35 23
9 4 5 5 6 3 6 5 5 1 2 6 2 7 12 8 4 1 8 3
44 43 49 37 42 30 26 57 52 25 44 44 23 50 68 65 32 44 59 32
34 46 24 21 27 17 30 40 31 18 19 25 10 31 52 39 19 10 35 18
29 46 32 35 38 14 28 60 38 19 36 30 23 33 61 57 36 39 55 37
22 16 17 10 17 13 7 21 14 1 9 21 5 16 28 24 11 11 23 12
19 21 10 17 13 12 19 18 24 15 13 9 10 29 21 15 3 8 14 11
5 9 6 3 7 2 5 5 5 1 1 8 3 5 9 4 1 4 6 2
14 18 2 9 11 6 10 14 8 6 6 5 7 12 12 14 1 3 5 5
60 63 59 46 55 45 48 78 72 22 43 62 24 71 88 67 44 54 73 32
40 57 31 47 31 13 47 63 55 30 34 28 23 47 71 53 34 26 61 37
31 36 31 15 42 17 24 46 41 5 21 38 23 27 42 47 25 25 38 23
8 4 9 1 8 5 3 9 11 1 3 13 5 7 11 14 4 5 10 1
10 13 10 8 19 8 3 21 13 1 7 17 4 22 25 19 8 12 18 6
24 23 17 19 25 6 19 31 17 9 12 18 9 29 27 20 5 15 17 14
51 48 39 44 48 19 35 71 53 27 40 41 19 53 72 63 49 45 69 43
37 46 31 29 36 16 31 47 46 13 24 33 20 44 55 41 22 22 43 34
16 19 7 13 8 8 16 19 14 6 6 7 6 18 18 10 4 2 6 6
52 64 71 24 55 34 35 72 65 27 37 65 33 56 87 80 42 45 79 38
60 79 47 30 44 38 52 82 55 13 37 45 25 60 81 71 49 36 62 36
35 34 46 13 36 32 10 41 44 9 23 48 11 50 58 46 21 36 44 20
15 28 5 16 14 18 18 18 18 8 10 15 8 17 22 18 7 9 14 6
41 42 23 38 29 33 34 51 45 19 35 31 15 42 49 47 20 39 42 29
10 9 6 3 7 5 3 10 5 2 1 10 2 8 16 15 7 3 6 6
54 55 35 40 43 30 43 61 49 22 35 41 22 46 60 52 29 28 50 37
9 12 12 1 10 4 1 9 9 1 4 8 1 9 23 15 1 9 19 2
35 39 22 22 30 11 20 40 23 3 26 28 8 37 51 30 19 15 35 12
55 63 39 35 43 25 47 77 53 24 32 35 24 67 70 51 38 31 58 34
58 46 42 43 62 19 37 69 48 15 49 50 23 54 56 48 31 43 61 35
28 27 25 22 21 24 14 32 24 13 18 20 4 34 42 38 17 21 36 24
38 55 36 31 39 21 36 50 51 25 25 39 27 46 48 41 12 27 44 35
6 11 1 1 9 6 5 9 8 1 5 8 1 9 13 16 1 7 8 1
48 62 46 37 43 34 31 61 39 28 37 24 15 57 62 54 27 41 59 40
20 39 34 11 32 11 25 40 28 13 16 25 11 32 32 35 4 29 39 12
7 13 3 3 6 5 7 9 10 1 2 12 5 7 14 8 1 4 8 1
49 57 23 41 42 30 40 57 44 21 42 39 26 57 58 43 31 33 46 33
41 56 42 40 38 27 42 74 53 28 34 42 29 57 81 63 34 44 68 43
26 27 14 12 20 18 20 35 23 4 13 19 14 26 39 29 26 11 25 20
7 12 7 4 9 6 9 11 15 1 6 11 5 15 19 12 4 7 11 1
14 17 18 4 15 9 1 20 12 4 7 27 8 14 21 19 6 12 18 2
9 13 7 5 5 8 8 8 11 1 3 8 6 8 14 6 1 4 8 3
7 12 7 6 8 3 8 11 9 1 1 10 3 15 19 4 1 3 9 2
11 4 4 3 4 3 7 11 7 1 2 6 1 12 15 15 5 1 4 1
11 19 8 3 15 11 5 15 11 1 6 18 3 12 18 9 4 10 9 1
40 33 21 25 19 25 24 36 35 11 28 24 16 35 46 38 27 25 35 23
18 23 21 10 21 12 11 28 22 4 6 21 16 16 34 31 14 15 26 12
8 6 5 8 11 1 3 7 6 1 5 2 1 6 12 11 3 6 15 10
10 11 3 7 11 5 11 12 17 1 8 12 6 12 18 11 5 7 13 2
50 67 44 37 37 34 42 70 58 25 34 39 10 70 82 58 32 43 62 32
4 17 10 9 10 4 12 18 17 6 4 18 8 12 25 25 1 9 18 4
53 71 49 34 58 33 50 73 57 17 40 39 26 60 60 60 22 51 59 29
27 25 27 17 30 20 15 32 30 9 21 27 11 35 42 29 15 25 35 14
17 13 14 8 12 7 2 19 9 3 8 13 4 9 19 28 7 13 20 8
18 17 11 14 7 14 18 18 15 7 4 8 3 18 22 17 6 5 10 8
42 45 33 45 54 26 34 59 63 25 42 40 23 55 61 60 28 47 57 39
38 45 39 12 25 19 29 48 37 6 18 31 19 45 61 38 26 14 45 25
26 20 26 20 35 16 21 34 37 8 24 38 16 28 47 39 26 22 39 18
42 48 60 55 54 26 46 65 69 36 48 61 21 68 80 71 35 53 76 45
35 41 39 36 51 17 36 48 58 15 35 43 22 35 57 50 30 34 52 27
8 13 2 9 8 6 4 12 8 1 8 8 2 11 22 9 5 3 14 7
13 23 21 1 17 17 3 24 24 4 6 26 5 21 31 27 7 16 21 5
11 7 5 4 6 7 9 10 10 1 4 7 1 12 15 10 6 1 4 1
7 2 7 3 12 4 2 10 9 2 1 9 4 10 11 13 2 8 9 3
18 21 4 9 12 9 14 25 14 1 8 19 4 19 29 21 13 7 14 5
15 21 21 15 23 15 13 24 24 10 6 20 1 30 43 40 10 12 33 15
8 12 5 4 4 6 8 13 14 2 5 14 4 13 27 15 7 4 12 5
15 11 8 7 9 11 6 18 7 6 6 9 5 11 18 14 12 1 8 12
26 23 32 29 39 13 25 45 31 15 22 23 20 31 38 42 19 28 41 22
42 38 23 31 43 13 21 61 38 6 35 36 18 41 58 49 37 36 48 32
46 38 35 34 42 31 33 46 51 11 32 45 20 41 52 51 27 36 44 18
35 51 14 39 42 20 45 50 45 21 26 31 21 42 43 38 16 25 34 24
29 26 20 25 40 20 18 42 39 9 25 28 9 38 46 42 23 29 40 17
9 10 4 1 3 7 2 5 7 1 2 8 1 4 16 10 2 1 8 1
40 54 29 39 35 29 44 45 46 31 28 32 22 47 55 43 15 22 45 32
12 23 7 10 13 14 12 28 18 6 8 15 4 23 30 14 10 10 13 13
47 50 25 43 34 22 36 56 29 23 34 25 14 42 36 43 14 32 41 37
47 71 44 34 37 23 37 61 38 18 34 43 26 37 73 61 41 31 58 39
12 9 8 5 10 6 6 8 7 1 3 11 6 6 14 13 5 6 12 3
42 47 46 34 45 29 33 64 47 13 35 38 13 47 54 62 24 50 54 25
46 46 46 38 50 27 39 64 50 27 38 41 28 50 52 51 28 42 50 24
42 60 64 45 70 39 45 76 68 30 49 64 25 70 84 78 40 59 77 34
28 39 26 15 21 21 20 40 30 9 11 26 11 38 49 36 19 20 34 22
43 51 40 23 42 17 29 61 40 4 28 33 12 54 67 57 31 34 56 28
14 16 9 7 18 13 10 18 15 2 5 10 6 17 18 16 5 10 13 3
5 12 1 7 4 3 6 7 4 1 1 6 1 9 14 10 1 1 8 4
63 67 47 37 37 40 46 77 62 16 41 50 32 70 91 66 55 44 71 46
28 27 16 15 18 21 11 29 16 5 19 18 8 19 39 27 22 13 29 15
15 19 4 9 10 10 9 15 7 6 11 9 1 10 23 19 10 5 15 12
5 13 8 5 1 13 6 8 12 8 1 6 1 15 15 10 1 4 8 7
6 20 5 4 5 9 5 18 9 3 3 9 1 12 19 10 4 4 9 8
46 66 41 44 46 36 51 60 67 30 40 53 27 51 82 67 36 39 62 30
19 15 6 10 18 11 14 21 13 1 6 8 2 13 16 13 7 12 7 3
45 66 57 27 44 41 31 75 56 22 32 44 19 56 80 80 45 45 70 47
33 39 33 25 28 26 17 45 31 14 30 33 11 29 56 49 27 26 46 25
14 16 5 8 14 10 13 20 17 4 5 7 7 20 14 14 3 8 7 2
7 11 15 11 18 8 4 10 21 2 10 12 4 18 29 18 6 12 27 10
29 43 27 21 21 15 29 23 38 21 22 25 14 34 43 29 3 15 42 18
14 15 5 10 12 8 8 12 8 5 4 7 5 13 17 11 1 2 9 5
19 10 11 7 13 15 7 13 9 1 6 10 1 8 13 10 9 7 9 4
31 53 29 27 33 28 28 39 34 7 30 37 9 45 59 38 21 31 48 17
25 33 21 18 25 6 24 40 31 4 11 20 16 32 31 35 14 21 29 23
68 49 42 47 68 25 42 80 54 17 51 54 14 69 68 53 44 50 65 40
7 9 9 6 9 5 8 12 15 3 4 12 10 6 13 7 1 7 9 1
6 11 1 1 6 4 5 4 7 1 1 8 1 4 8 5 1 1 3 1
7 11 10 1 15 3 5 18 12 1 4 13 2 19 23 9 3 11 12 3
44 60 45 41 43 44 41 54 57 29 40 39 17 56 64 62 21 55 62 25
37 42 37 30 46 11 36 53 42 10 28 33 26 33 43 47 22 36 46 25
17 27 15 17 30 12 21 40 29 6 16 21 7 41 36 32 12 26 31 17
11 16 8 10 8 6 10 14 18 2 2 7 2 15 25 22 3 5 15 10
22 23 16 19 21 16 16 35 34 8 15 20 10 39 47 39 23 16 31 23
18 29 8 13 15 4 19 29 15 9 9 4 10 19 16 20 4 12 19 14
43 55 45 42 45 33 27 68 56 28 38 50 20 60 77 75 24 54 72 47
11 20 13 8 6 11 15 17 23 7 1 9 9 18 29 15 8 7 14 13
16 23 15 13 30 7 15 30 29 1 11 18 7 23 35 31 14 17 29 13
8 6 9 8 13 11 8 12 17 1 9 12 7 16 23 10 9 8 17 8
12 9 4 7 5 8 12 11 13 1 5 7 3 13 15 10 7 1 3 1
19 27 16 12 20 18 12 22 23 8 17 18 10 19 25 30 11 22 24 8
7 10 8 6 21 3 5 20 16 1 8 11 3 20 19 16 5 13 16 4
56 73 50 46 41 29 56 76 65 37 37 44 33 49 80 60 39 30 68 40
52 64 30 43 41 39 49 69 56 30 37 30 22 67 73 67 24 40 62 44
10 13 4 1 6 10 6 8 8 1 2 10 1 8 18 10 3 1 6 1
14 14 13 5 11 13 11 13 21 2 4 20 2 17 30 21 9 3 17 3
47 54 39 36 51 43 36 71 58 26 45 37 11 60 68 74 33 53 68 49
8 11 7 1 3 9 3 9 6 1 1 14 1 8 19 14 6 1 9 1
25 30 18 27 24 22 25 44 34 17 22 26 10 34 40 38 10 30 33 16
38 24 27 28 34 17 26 40 33 9 25 24 15 36 41 26 20 18 38 25
50 54 44 45 43 25 36 57 47 30 46 37 25 48 55 47 19 42 57 32
5 10 6 4 11 7 7 12 10 1 1 6 4 12 12 13 5 10 10 6
8 16 11 4 14 2 7 11 13 2 4 11 3 14 22 23 1 12 21 4
36 31 35 36 40 12 27 54 39 17 31 43 10 46 59 44 28 33 54 29
48 48 29 39 41 13 46 56 51 10 33 32 31 46 56 41 36 27 53 40
25 31 30 17 31 25 21 48 45 12 12 30 17 37 47 49 20 26 34 21
23 24 23 17 18 9 20 22 26 4 14 19 8 23 32 28 7 18 29 14
21 16 14 18 23 10 19 22 24 3 15 15 4 22 14 19 7 17 16 11
25 35 22 24 19 16 20 40 24 15 18 18 11 30 38 32 10 26 32 22
37 44 21 39 48 17 39 52 49 16 29 30 24 45 47 45 25 24 42 35
42 36 30 25 39 20 27 51 30 7 23 33 13 48 49 43 21 30 42 21
5 19 5 4 5 8 8 15 16 2 2 10 8 13 26 12 7 3 10 9
34 50 49 49 52 30 34 62 56 34 43 51 25 56 68 73 29 56 70 43
48 49 34 29 34 18 40 61 43 13 31 30 29 35 58 47 37 27 44 26
16 18 4 10 6 8 16 17 10 5 5 10 5 11 18 15 6 2 7 5
45 44 33 26 33 29 29 59 42 12 31 22 15 47 54 60 34 32 42 34
42 46 32 43 44 35 45 57 49 18 32 36 23 53 49 42 26 43 41 21
17 25 11 12 14 11 15 22 24 6 10 15 4 29 32 30 8 17 22 9
52 66 55 61 64 39 55 72 68 32 58 63 36 68 81 70 40 62 74 42
7 14 10 9 10 2 14 13 15 3 7 13 10 9 21 8 1 7 17 1
29 34 11 27 36 22 23 52 40 6 27 28 10 52 55 49 32 28 38 32
61 51 53 54 63 26 44 70 60 18 56 57 26 65 71 53 36 54 66 36
25 20 24 8 30 17 7 32 21 1 18 26 3 34 39 23 15 18 30 4
28 31 11 22 30 16 31 33 31 1 22 23 17 29 29 27 18 25 24 4
22 24 9 12 12 14 17 23 14 6 11 14 7 19 23 13 9 5 9 4
27 33 16 23 16 23 16 33 17 13 18 17 1 24 40 37 18 19 32 24
52 50 43 29 46 20 33 52 36 8 34 47 18 43 51 45 26 40 48 21
29 24 15 24 33 8 20 28 21 6 20 18 14 21 15 21 7 18 24 19
28 35 27 20 30 12 33 39 40 14 16 19 18 42 33 20 10 21 32 11
31 35 19 26 41 23 29 43 32 7 23 32 18 37 40 38 25 25 30 12
26 33 28 12 28 16 14 33 22 5 15 22 5 27 36 41 11 24 36 16
58 54 48 43 48 31 25 60 48 23 43 47 10 50 76 61 36 40 69 45
48 47 39 29 38 37 38 51 58 13 36 43 29 49 55 54 33 34 47 33
45 55 53 40 45 22 27 69 48 23 47 41 25 49 87 60 48 49 71 42
14 17 9 5 13 10 8 17 6 2 4 13 2 16 20 14 5 5 8 3
54 62 59 48 53 23 59 68 66 41 30 45 31 55 66 64 37 28 61 23
31 46 22 31 37 11 38 47 45 17 29 30 26 34 50 30 23 15 40 24
23 35 27 14 21 25 14 46 38 11 17 28 3 47 61 51 21 29 43 25
21 41 27 12 16 13 19 34 24 8 5 10 1 28 43 37 9 17 35 15
22 32 20 22 28 14 18 32 33 7 19 25 12 36 45 38 14 24 38 20
29 35 20 19 24 21 18 31 25 7 18 20 6 32 34 34 12 27 26 12
14 14 9 8 9 10 11 11 12 4 1 9 7 12 13 8 1 5 6 1
14 22 12 16 20 10 18 28 17 12 12 18 15 18 22 19 6 13 17 11
34 36 26 29 41 13 27 45 40 5 33 34 16 32 46 43 21 34 41 20
14 28 21 9 21 10 12 30 20 8 7 28 8 23 45 32 19 6 28 16
19 20 16 11 21 10 8 26 21 1 11 19 3 31 38 32 11 17 29 7
28 21 21 26 34 12 22 36 34 9 26 28 17 31 44 30 20 17 36 14
13 14 13 8 9 5 11 7 12 2 1 6 4 10 21 14 1 6 19 4
28 35 28 19 37 12 20 41 29 2 19 30 5 39 31 33 10 32 29 17
13 14 10 9 8 8 14 12 11 3 5 8 2 16 27 13 7 1 14 8
3 10 1 1 8 1 1 6 3 1 3 6 1 7 16 14 1 3 10 2
22 30 19 26 30 23 29 35 35 18 14 7 9 42 29 33 5 26 31 22
22 23 16 12 20 7 11 27 15 5 12 19 12 16 26 27 9 18 22 10
48 59 37 28 39 44 37 65 54 18 28 45 26 62 60 56 32 38 44 28
33 49 22 31 39 38 35 59 51 13 24 37 18 58 64 51 33 36 40 26
28 43 14 25 39 13 27 40 28 7 27 25 11 36 41 28 17 19 29 11
40 50 21 32 19 39 38 43 43 23 27 31 10 44 60 49 22 28 40 25
18 10 12 11 17 9 10 15 11 1 8 11 1 16 20 18 8 10 14 9
12 17 17 2 9 10 10 22 13 3 1 13 1 22 27 14 4 5 18 3
61 65 50 46 49 23 37 65 43 22 42 42 13 51 65 64 32 37 59 34
17 37 20 17 14 17 27 28 32 19 15 22 10 25 40 38 9 21 38 22
51 57 47 42 49 39 35 73 48 21 41 43 22 57 76 61 37 46 64 40
22 42 14 25 26 26 30 32 31 13 15 26 15 30 34 32 11 21 25 11
30 18 21 18 39 18 16 39 28 4 19 17 6 33 26 32 17 27 32 19
31 30 19 18 31 16 16 35 17 2 22 25 2 35 41 30 17 20 26 8
37 40 32 24 21 24 29 39 41 17 18 29 9 49 56 44 22 26 45 18
18 21 17 13 23 10 4 22 14 6 14 22 9 18 27 27 8 16 28 11
28 34 14 22 15 13 17 32 10 13 15 12 9 19 28 29 11 16 23 19
35 33 30 26 39 26 18 40 42 20 26 44 4 44 57 51 29 22 45 26
6 14 6 3 7 12 3 11 11 1 4 7 1 13 21 6 5 3 11 6
28 32 26 22 29 20 22 33 32 9 19 25 8 31 30 37 7 29 31 14
6 6 6 4 6 5 7 4 13 2 3 4 3 10 10 9 1 4 9 2
22 23 20 20 20 16 18 31 30 10 12 17 5 34 31 27 9 20 25 20
27 23 29 15 28 23 11 29 28 7 15 22 2 33 29 28 8 27 29 16
16 17 15 12 24 6 5 25 19 4 11 19 12 12 22 29 8 18 23 16
20 38 14 11 20 17 19 39 22 4 8 22 3 29 39 35 14 14 20 9
5 2 1 1 1 1 5 7 3 1 1 3 1 6 9 7 3 1 1 2
32 26 29 15 26 22 13 31 19 10 13 23 7 32 30 25 9 21 25 11
23 33 33 15 39 9 19 38 30 7 17 38 11 21 40 33 11 26 36 6
6 6 5 2 2 6 6 7 9 1 1 7 1 10 15 6 2 1 4 1
2 8 1 1 1 1 1 7 1 1 1 7 1 1 14 5 1 1 5 2
21 25 15 3 15 10 10 28 20 1 11 19 16 15 32 24 18 6 25 16
56 56 47 38 47 23 46 66 42 22 27 23 7 64 56 44 28 32 54 22
9 11 12 9 8 11 9 8 15 8 4 7 7 13 15 13 4 9 15 8
13 9 11 12 13 9 5 11 11 3 8 7 1 17 22 19 5 7 19 11
26 26 29 29 33 21 18 45 39 16 21 28 12 46 49 45 19 31 40 26
19 21 4 13 18 11 16 28 13 4 9 17 7 22 24 14 10 8 8 7
22 29 35 10 25 17 9 29 26 9 12 32 11 25 43 35 10 24 37 11
39 51 22 31 23 28 41 54 46 12 20 32 17 48 61 38 37 21 35 17
12 13 14 13 10 16 12 16 19 11 3 12 6 18 23 22 6 13 19 13
16 36 17 18 28 19 20 38 35 11 18 26 19 25 34 39 17 24 25 15
5 7 3 1 6 8 3 9 6 1 1 3 1 8 10 3 1 1 1 1
19 15 12 9 15 18 6 16 14 3 8 18 1 17 24 19 12 6 15 6
55 71 34 49 53 31 56 79 58 31 44 39 27 66 64 57 24 45 63 42
21 37 16 15 25 17 20 42 27 10 12 26 17 33 41 36 23 17 29 27
26 28 31 20 37 16 19 46 38 7 19 30 14 45 47 45 20 30 40 20
4 9 3 4 10 3 7 11 9 4 1 8 4 11 15 14 4 6 8 8
48 54 35 31 28 27 34 49 45 20 30 34 18 44 56 42 20 29 42 32
42 51 46 55 51 30 52 68 70 44 46 41 22 72 66 58 26 51 68 41
32 38 32 26 25 18 31 45 37 20 13 21 8 41 39 42 15 25 39 16
21 18 25 8 23 20 12 35 36 5 16 23 14 29 48 31 23 16 33 16
60 55 38 45 57 35 35 68 55 10 50 52 22 60 79 65 44 48 65 36
12 7 10 13 18 4 9 12 10 3 9 7 1 17 16 14 5 9 17 12
21 19 12 13 15 12 14 20 19 4 14 8 3 22 26 21 10 11 18 10
61 72 43 47 47 41 52 74 60 18 41 48 25 53 84 75 51 44 65 34
9 15 18 6 15 12 4 18 19 7 7 24 9 19 25 29 6 13 19 4
66 82 63 50 46 54 57 76 67 36 39 40 9 71 88 81 44 51 77 34
