1000 20 13 1143
3 5 3 15 11 15 8 10 5 7 5 13 14
5 14 3 6 4 4 4 13 15 0 26 3 3
7 1 3 3 4 2 2 3 9 4 5 3 8
8 1 5 1 6 1 6 1 2 1 3 0 1
7 1 14 11 3 1 10 3 15 11 7 7 2
4 2 1 3 5 1 5 1 2 3 9 1 3
3 9 1 4 0 6 1 0 1 7 8 0 6
6 2 4 5 13 8 11 9 6 6 17 19 13
7 1 1 2 1 9 10 4 5 2 8 3 16
5 11 5 2 14 3 1 6 2 7 3 21 4
5 10 6 5 2 1 3 1 12 16 6 3 10
3 2 9 4 4 3 3 11 9 1 7 3 0
2 2 2 8 3 8 6 13 2 3 4 3 0
11 5 6 0 14 14 0 1 11 10 10 6 4
12 8 3 11 6 2 13 2 12 13 20 6 5
0 3 5 5 2 5 5 4 1 0 7 4 0
3 5 11 8 10 2 17 11 4 2 11 13 3
0 4 2 1 2 1 4 1 2 7 2 5 5
1 1 3 5 1 5 4 1 2 3 11 0 3
10 1 19 3 22 10 3 13 8 10 14 2 4
6 2 0 9 3 5 5 2 0 11 3 5 13
4 5 4 13 0 6 0 5 8 3 6 4 4
0 2 10 11 14 2 0 12 9 8 7 12 2
5 8 5 23 7 6 4 4 7 1 9 11 19
10 1 0 16 4 9 5 4 11 7 8 5 9
10 8 13 8 4 11 7 13 10 1 17 2 9
3 2 0 1 5 7 3 8 7 8 0 4 3
1 8 0 1 1 5 2 2 3 0 1 1 3
7 8 1 5 13 9 1 9 16 7 4 14 0
2 2 8 19 13 2 9 0 3 10 5 0 7
1 2 1 1 6 0 3 6 0 3 3 1 1
4 2 6 3 4 13 3 2 4 2 6 6 8
17 9 10 1 3 17 10 1 8 3 9 8 1
1 17 2 5 12 4 1 8 3 8 14 1 19
0 2 2 5 7 5 0 3 1 3 1 3 0
10 4 6 0 11 5 0 1 2 6 0 14 2
6 11 4 0 4 5 9 3 1 7 10 7 4
8 7 8 5 17 11 2 12 2 3 1 0 9
6 2 4 10 6 5 7 10 1 9 8 11 2
5 2 5 13 2 8 1 12 8 9 4 17 6
4 16 0 2 5 4 2 6 1 4 3 7 13
3 11 2 7 2 3 4 5 16 10 8 14 9
8 12 1 1 4 9 0 5 4 2 2 5 4
2 2 2 11 3 3 4 1 3 1 1 2 3
0 2 3 3 1 2 4 3 4 3 3 4 5
1 6 13 6 16 9 20 9 2 9 3 3 18
12 15 13 9 10 3 3 12 6 3 8 9 13
4 5 4 9 14 2 8 11 7 15 0 14 11
4 1 9 0 10 3 5 7 4 8 6 10 13
10 6 3 15 3 11 10 6 18 2 16 6 0
15 11 4 3 3 6 0 14 16 4 8 11 6
1 2 3 3 3 3 2 2 2 6 5 2 1
12 8 5 14 9 7 10 2 4 8 2 2 0
4 7 6 1 3 5 1 9 3 8 4 9 3
13 1 6 3 2 4 17 0 2 4 1 4 2
12 9 0 7 19 7 2 1 18 1 11 9 0
13 0 0 11 13 2 15 13 10 2 8 2 2
19 7 4 0 8 1 7 22 1 4 14 6 7
4 11 15 2 10 4 5 1 7 7 3 7 1
10 11 12 2 13 6 16 8 9 11 5 14 0
16 14 0 5 11 0 6 5 9 5 9 11 6
5 3 3 1 2 1 1 2 5 1 1 8 3
7 1 6 20 8 11 6 11 7 11 11 5 7
5 5 15 11 6 6 1 1 6 3 10 5 3
6 4 4 7 5 21 12 3 7 5 0 10 0
13 6 3 0 2 2 0 0 10 7 3 6 7
3 6 1 0 3 1 5 0 2 3 2 7 1
8 1 3 7 2 8 4 4 4 3 1 1 3
6 1 15 6 4 5 3 6 6 3 1 5 1
3 10 17 5 6 12 8 10 6 7 4 7 4
5 0 1 2 1 2 5 2 6 1 1 2 3
5 4 6 6 1 0 3 3 0 4 8 1 3
6 1 10 2 7 3 2 1 8 8 7 3 7
7 0 1 1 4 3 2 1 1 8 2 2 4
4 3 11 1 8 3 3 2 5 8 2 4 5
10 3 1 9 2 1 5 5 7 11 3 1 2
6 7 7 3 3 1 18 3 7 8 1 5 5
2 5 6 11 5 2 6 1 5 3 11 6 5
4 4 0 2 1 0 3 0 7 8 3 3 2
2 2 1 4 2 5 6 1 3 1 2 0 2
6 10 0 6 18 0 7 17 2 1 20 6 1
2 2 2 4 3 3 2 3 1 2 8 1 0
6 6 11 3 1 3 3 5 2 0 8 6 4
7 4 1 7 4 3 7 2 3 5 2 3 3
9 6 1 2 1 9 4 3 2 3 10 3 7
3 4 10 1 4 1 12 6 7 4 11 14 12
5 2 4 7 3 4 0 6 4 3 3 6 1
1 13 3 14 14 8 6 7 22 6 6 4 3
3 10 5 10 3 1 5 7 1 5 2 4 1
5 2 3 7 13 7 22 2 18 8 13 10 1
1 4 18 0 8 1 6 10 9 15 6 6 3
2 0 10 17 5 13 11 5 4 13 6 0 17
13 12 4 3 9 9 9 1 20 5 19 2 4
3 6 2 12 4 2 2 7 1 17 4 4 25
1 5 2 3 6 7 1 6 1 2 9 0 3
0 9 5 12 6 1 3 3 13 7 11 2 10
4 1 17 5 19 4 1 4 19 3 0 2 6
1 13 4 2 14 11 3 6 0 1 17 22 13
4 2 3 8 3 0 1 8 5 16 2 4 2
1 4 0 3 1 2 6 3 2 1 5 5 5
3 0 12 10 0 0 3 19 9 21 1 6 4
4 5 7 10 4 5 7 12 2 2 6 3 13
12 2 8 13 3 14 2 9 10 20 9 9 5
4 4 0 6 19 7 17 13 9 1 1 0 7
16 11 7 0 4 7 17 13 7 12 6 16 7
0 1 0 5 4 1 5 1 3 3 4 10 1
8 7 7 6 2 0 3 7 4 0 0 3 3
2 2 3 2 1 4 1 0 3 4 1 5 4
4 7 2 0 3 4 2 2 4 1 1 5 0
18 8 2 5 3 18 4 8 7 5 7 0 16
2 1 4 5 3 4 8 0 10 3 7 1 7
14 10 1 3 6 14 10 12 6 4 12 8 1
4 8 2 15 15 10 15 10 14 10 6 3 6
2 8 4 6 4 1 2 10 1 1 9 3 6
2 3 5 19 1 3 8 1 1 4 1 3 8
3 4 6 2 11 15 4 4 13 3 0 3 5
4 4 4 13 4 14 2 1 10 18 7 2 5
6 4 9 7 8 0 2 5 6 7 2 3 13
4 2 1 6 2 2 2 2 4 1 3 1 2
12 9 4 4 1 14 9 4 3 19 9 22 9
4 2 4 9 18 11 0 11 3 7 14 11 7
5 7 5 0 3 6 5 7 6 9 0 12 7
10 3 3 6 6 7 5 8 6 4 5 7 9
14 1 7 3 7 16 9 22 8 0 4 6 11
6 8 3 1 5 1 2 3 8 6 0 1 11
1 1 4 2 3 4 4 1 3 6 7 2 0
5 2 6 2 7 2 2 7 5 1 1 2 5
6 4 4 3 6 9 18 10 4 1 8 2 2
2 10 15 13 8 5 15 4 9 5 9 8 0
17 19 19 11 2 1 5 12 1 5 3 6 1
9 21 4 2 5 7 12 5 6 10 0 9 15
2 10 1 15 19 16 4 0 1 5 10 9 10
0 9 4 3 2 12 10 8 1 3 3 3 11
4 5 4 5 4 4 1 2 9 11 12 17 9
6 7 15 1 13 7 3 13 3 12 9 1 17
6 6 9 4 8 4 4 2 9 5 2 3 3
6 6 0 4 5 1 3 15 12 12 6 8 5
7 11 14 6 10 4 5 5 27 5 3 1 14
5 5 10 0 5 0 0 7 1 12 7 9 7
2 4 2 5 8 1 1 7 3 7 1 0 4
10 2 5 1 10 17 5 0 6 5 12 17 20
5 5 4 2 4 1 3 5 7 3 2 1 1
9 5 4 0 2 18 0 7 3 3 5 1 4
5 3 5 8 8 1 3 4 9 6 6 7 1
2 4 2 1 3 3 2 3 4 4 0 3 2
2 0 15 8 7 10 0 4 2 12 6 3 5
7 0 1 4 3 4 1 5 11 2 3 4 3
7 3 14 0 7 6 6 1 5 17 2 4 1
4 1 1 4 2 3 1 6 3 6 2 6 0
7 6 22 5 10 6 4 9 13 7 11 14 1
4 14 13 0 3 8 3 23 4 9 4 10 1
2 3 2 1 3 2 7 2 1 3 3 1 3
4 8 7 5 0 7 1 5 7 8 10 12 0
1 6 5 9 4 23 12 3 19 5 6 8 3
3 5 2 4 3 7 1 11 1 9 1 2 1
1 5 7 8 6 6 6 5 0 9 5 2 6
12 1 16 2 7 19 5 14 8 2 5 6 4
6 5 4 13 12 0 7 7 2 4 1 7 0
3 5 8 3 6 10 4 11 2 5 4 12 2
1 0 1 6 2 3 3 7 4 3 2 2 1
25 3 10 1 8 14 0 12 9 5 16 4 7
4 10 5 14 3 2 16 8 9 5 6 13 3
1 7 2 15 3 7 8 14 6 3 14 2 0
2 6 1 3 18 9 4 11 12 14 3 3 3
8 1 9 11 6 7 7 6 5 10 4 4 2
0 1 6 10 1 8 7 7 1 1 4 8 4
2 3 1 10 6 7 3 10 1 6 1 4 16
1 10 5 3 1 5 9 3 8 0 6 7 8
7 11 7 8 11 7 14 3 8 6 8 10 12
11 1 1 0 4 4 9 0 5 1 8 5 8
1 5 3 6 11 1 6 2 4 0 6 1 3
9 12 2 3 6 3 5 2 3 8 9 11 8
13 6 5 1 5 5 10 10 9 30 1 0 1
9 3 8 5 11 8 6 5 2 8 2 5 5
6 1 6 4 2 0 3 10 1 1 3 1 8
1 11 16 9 1 1 10 11 0 2 6 10 11
3 8 6 3 7 14 3 15 4 18 7 11 8
20 8 0 6 10 22 13 5 1 2 2 11 1
7 5 3 7 1 2 4 2 7 7 3 1 0
8 4 8 1 7 8 6 7 11 5 6 7 13
1 9 1 1 5 1 5 13 11 5 4 7 22
1 7 3 10 13 7 3 0 1 0 6 4 10
10 1 1 6 1 7 1 5 12 2 13 3 3
4 7 7 6 5 13 13 7 9 4 3 8 0
2 5 4 2 5 3 3 8 22 2 15 1 20
1 2 7 9 7 7 2 5 8 8 8 4 14
18 5 9 10 11 10 5 1 10 0 9 3 6
6 2 2 1 6 7 6 8 1 3 3 4 3
5 11 11 1 2 1 4 4 8 4 6 0 6
11 13 7 3 5 2 7 6 1 7 1 11 4
4 2 1 11 10 1 12 0 10 3 17 0 12
7 11 4 1 7 8 11 4 13 2 12 1 0
2 2 8 8 2 7 5 7 5 8 17 20 0
3 2 7 3 8 6 9 2 4 7 3 4 6
9 8 7 13 9 3 4 10 6 3 6 0 6
8 6 7 12 21 3 1 13 16 2 7 13 4
13 13 7 11 17 1 9 11 5 4 7 6 18
6 6 2 0 1 9 10 18 3 0 1 2 1
0 5 3 2 1 5 0 3 3 2 5 1 7
2 6 14 15 1 5 8 7 8 8 3 8 6
3 10 8 2 2 0 11 3 1 0 10 0 17
1 5 4 12 7 3 16 1 1 12 3 7 7
2 6 3 3 3 1 0 13 2 10 2 3 9
2 8 5 10 2 12 12 9 2 1 10 4 8
8 10 0 1 0 1 7 13 9 2 2 8 2
13 2 6 1 6 9 8 9 6 0 20 0 13
0 2 7 5 3 6 1 3 2 4 4 3 8
1 10 9 9 6 7 5 9 1 5 6 2 12
2 5 1 2 1 1 8 9 3 0 2 0 5
5 1 2 6 0 3 4 2 0 1 2 1 1
4 5 6 6 9 3 4 2 1 1 9 2 6
6 7 7 2 7 1 3 4 3 0 13 3 4
9 2 1 5 0 4 12 11 6 3 4 5 1
4 2 1 8 19 4 15 6 10 5 7 3 15
9 2 0 6 6 1 3 11 9 11 4 5 14
4 7 2 2 4 2 3 1 3 7 6 2 6
4 5 3 1 3 1 2 4 10 4 5 3 1
4 1 11 3 16 26 7 13 4 9 8 1 6
0 6 3 3 2 10 3 1 10 6 10 5 3
8 14 5 4 4 20 9 7 21 1 13 5 10
3 2 4 2 4 7 0 6 2 2 2 2 3
18 21 13 9 2 14 2 1 1 1 5 5 8
5 3 4 0 3 0 7 1 5 2 0 6 2
6 8 4 0 3 11 4 1 4 2 5 0 4
9 22 13 1 3 7 22 9 5 1 4 8 9
5 2 0 6 4 0 10 5 0 14 1 2 8
2 15 3 7 1 1 1 6 5 1 9 8 10
5 5 5 3 9 13 1 2 4 15 2 7 10
5 3 8 3 12 10 14 12 4 2 6 6 15
1 7 2 3 19 2 1 11 14 3 17 1 5
1 0 2 2 4 4 1 2 4 4 6 1 1
6 12 2 9 8 7 5 10 3 12 10 20 15
13 16 0 9 1 2 4 2 7 18 3 14 10
12 1 4 5 5 17 8 3 14 24 9 4 1
14 10 2 9 10 8 5 1 1 23 4 1 12
9 5 14 11 7 1 11 4 6 1 9 9 13
11 17 9 9 10 13 4 4 19 5 5 5 3
2 2 0 4 8 6 5 2 4 6 7 2 7
22 5 1 13 2 11 5 10 14 0 6 7 17
2 8 3 2 11 3 4 8 5 12 22 9 11
4 1 6 3 7 4 3 3 2 2 5 4 8
5 5 1 6 5 7 2 4 2 2 1 5 3
10 2 4 4 0 7 10 2 4 7 4 8 12
0 21 12 3 8 4 1 2 7 9 9 4 7
1 15 3 0 8 5 1 0 8 4 8 5 10
7 1 3 0 8 10 12 3 6 6 5 3 2
1 4 6 15 6 3 9 17 11 6 7 15 10
2 2 27 2 9 13 2 2 7 5 3 0 1
5 1 7 3 3 8 3 5 8 5 3 9 6
8 3 5 2 3 12 3 11 2 2 3 7 5
14 11 1 16 8 2 13 4 7 8 4 16 4
13 3 1 22 2 8 0 2 17 4 11 14 7
3 12 1 5 6 4 10 4 1 6 1 1 6
4 4 1 9 4 2 13 3 3 5 4 4 4
4 4 2 3 6 2 1 3 4 1 0 4 1
6 0 25 14 7 13 13 6 2 8 9 8 0
1 1 5 4 1 5 7 0 1 1 1 2 4
1 10 0 6 3 9 3 0 8 3 8 7 17
7 7 2 5 1 3 1 2 0 4 0 6 2
1 1 13 3 27 0 2 10 6 5 7 13 4
0 10 6 2 5 2 11 2 4 6 9 1 5
0 4 4 13 14 8 13 13 4 0 2 7 1
6 1 3 8 13 2 8 20 20 2 13 8 5
1 4 1 1 4 2 7 9 3 4 8 8 0
5 3 1 8 4 7 3 1 3 5 1 1 2
1 1 4 12 4 5 5 1 5 3 14 12 2
1 10 9 12 9 9 4 8 2 15 6 3 2
10 12 0 10 1 3 2 1 3 1 4 7 1
4 7 3 3 6 8 11 2 10 5 6 12 3
4 0 3 2 1 0 5 2 2 0 6 4 3
2 14 9 8 2 5 5 0 3 2 7 3 3
0 5 4 3 3 2 3 3 1 10 2 1 5
5 2 5 15 13 14 17 14 5 3 16 2 2
4 10 10 2 3 1 2 2 2 1 5 10 1
7 12 3 1 12 5 6 1 4 4 3 2 6
5 6 7 1 1 3 7 4 5 0 4 9 12
2 2 2 8 0 5 1 5 3 4 2 0 1
13 4 0 0 4 2 6 2 10 6 9 9 16
8 6 4 4 1 5 2 4 8 1 3 1 3
2 1 6 5 2 6 5 2 0 2 3 2 1
1 4 4 3 0 5 4 3 4 3 7 4 9
3 13 7 14 4 2 3 5 4 13 5 4 4
4 9 8 3 3 13 4 27 9 2 8 7 8
22 7 5 3 2 3 8 1 7 13 3 8 1
6 5 4 1 3 2 1 4 6 7 3 4 6
1 1 0 2 2 8 5 3 0 6 7 2 6
4 6 7 6 2 2 16 12 7 5 14 7 6
0 0 3 3 4 3 8 1 7 6 1 2 2
5 4 2 7 7 8 16 5 4 11 3 3 4
21 2 6 13 4 5 5 4 14 4 18 14 0
5 11 10 20 10 8 8 6 4 16 2 2 6
4 11 2 1 2 3 5 0 4 11 5 1 1
7 1 6 7 10 3 1 1 3 2 1 7 3
18 4 18 6 7 3 6 14 15 9 7 5 6
16 0 1 5 1 1 3 5 6 2 1 1 1
1 1 10 4 2 5 5 4 6 4 9 3 0
2 3 6 3 1 0 4 3 3 6 0 7 6
9 0 6 10 14 13 7 4 8 2 7 3 11
6 16 10 1 8 7 9 13 16 3 10 6 1
14 13 5 6 13 12 20 3 1 8 1 14 8
8 2 3 10 1 23 11 5 2 1 9 16 16
7 0 9 4 0 4 1 2 3 3 1 1 1
15 1 15 7 7 12 2 0 6 8 3 1 6
5 4 7 6 3 13 12 10 12 4 2 9 13
5 3 11 6 0 6 3 13 3 6 4 1 4
3 16 5 8 8 4 6 15 10 9 14 2 16
6 8 2 0 7 2 12 3 8 5 6 1 4
3 4 0 7 4 5 0 12 12 0 19 8 14
10 0 2 3 9 8 13 22 10 2 1 11 18
5 2 4 11 0 2 14 7 0 8 2 4 0
5 1 9 5 0 1 10 4 2 17 1 6 13
5 11 8 0 6 4 3 4 8 8 9 9 12
3 7 3 4 1 0 5 7 10 3 3 2 7
4 7 6 2 8 12 7 0 4 16 3 7 9
8 12 5 16 8 9 18 3 6 11 3 3 1
1 7 4 1 5 1 5 10 1 7 2 1 2
3 12 7 10 9 4 10 1 4 5 14 2 11
9 5 12 3 9 1 6 1 1 3 9 7 4
9 3 4 4 4 4 5 3 1 0 6 0 2
3 4 0 1 3 3 1 0 4 1 3 0 11
1 5 2 8 1 2 1 1 9 1 1 1 1
14 12 5 6 22 3 2 8 4 15 7 2 0
1 2 1 1 6 1 2 6 1 6 3 1 2
0 1 12 11 9 7 15 1 8 3 1 0 1
1 2 1 1 3 1 6 5 3 9 5 1 4
2 10 4 4 6 2 4 4 10 17 4 4 10
1 6 4 3 5 5 5 1 3 5 0 1 6
3 3 4 2 3 8 2 3 3 4 4 1 2
16 2 12 2 1 2 1 9 11 2 1 3 20
4 9 4 8 6 4 7 15 11 1 1 17 3
8 1 9 0 6 7 2 17 4 3 11 20 21
1 4 3 5 13 2 13 4 7 2 10 5 2
7 5 7 8 2 9 6 4 4 8 15 12 18
11 5 7 13 1 18 13 8 2 2 17 19 5
11 11 3 16 5 7 17 2 19 6 16 3 4
1 14 4 1 14 8 1 9 0 7 3 10 2
4 17 14 1 1 6 4 1 14 9 4 0 2
1 4 2 2 13 3 3 1 2 0 6 4 6
3 1 1 5 1 7 3 5 4 2 5 6 0
1 5 6 2 5 5 7 5 3 2 7 5 0
2 3 15 5 20 1 6 10 15 10 7 0 2
7 11 6 2 3 4 6 14 3 2 7 2 6
3 6 8 4 3 7 6 26 10 2 0 16 3
1 3 4 1 2 2 5 9 3 0 6 2 1
6 5 12 5 13 11 2 1 4 13 16 7 1
2 4 0 9 5 0 1 0 4 10 8 4 3
1 7 18 6 17 7 14 3 1 1 15 7 17
7 2 1 2 5 2 10 5 2 0 7 2 9
4 7 4 2 7 1 7 6 4 1 2 0 2
11 1 0 3 5 1 8 0 6 5 7 2 2
1 2 16 5 7 20 6 7 21 5 2 10 10
19 13 4 17 15 7 0 7 10 11 5 9 10
6 6 7 13 0 1 6 1 2 4 3 3 9
3 4 3 2 5 8 5 2 8 3 2 3 2
5 2 3 2 3 7 0 3 3 2 0 2 6
10 7 6 9 13 6 8 7 5 6 12 6 6
8 5 12 15 12 9 7 7 6 5 4 20 2
1 2 2 6 3 9 7 2 1 7 2 2 1
2 2 2 9 10 3 2 1 11 5 4 1 7
5 0 2 2 0 7 5 0 3 4 3 2 2
1 0 1 8 0 2 0 1 3 1 5 3 1
8 19 3 17 5 6 7 12 4 9 7 7 10
2 14 16 8 7 11 7 9 20 3 0 8 4
2 10 5 7 1 21 0 10 8 12 2 18 9
1 7 9 2 10 11 7 8 0 2 4 11 13
4 4 1 3 6 3 13 4 3 3 15 2 0
0 15 7 1 1 2 10 10 5 1 9 2 9
7 4 3 9 4 13 3 24 11 4 0 12 3
4 6 5 10 4 5 6 5 4 5 4 4 6
3 0 4 14 6 1 5 4 2 6 5 8 12
4 6 5 3 7 4 17 9 0 6 9 7 8
2 7 2 6 8 14 7 5 12 19 7 3 5
8 4 14 7 5 10 8 1 7 8 26 4 2
5 0 4 18 1 0 9 2 24 3 9 11 10
1 6 8 7 2 4 1 4 6 0 0 8 6
6 2 7 2 1 8 2 2 3 0 0 9 2
6 8 13 4 12 7 11 8 1 5 1 25 0
2 3 3 11 3 1 4 1 3 13 2 7 10
16 13 2 5 6 9 5 0 3 8 7 7 11
4 4 6 11 0 4 4 7 3 2 6 8 7
7 3 9 6 4 9 17 3 3 9 1 10 7
6 4 5 10 5 1 4 11 1 3 4 14 7
13 12 1 7 0 4 2 7 0 12 9 5 7
3 11 15 4 9 4 13 3 16 8 14 10 0
6 0 5 4 3 10 3 2 16 1 11 0 8
4 1 2 3 10 4 8 3 4 0 6 7 8
1 3 2 4 3 2 8 2 7 7 0 0 0
10 5 4 0 13 3 6 8 20 11 4 9 5
10 1 14 18 1 3 7 13 7 5 11 19 6
5 1 5 5 4 12 12 6 2 3 10 4 2
3 1 7 3 5 8 7 7 1 3 6 2 5
9 10 5 6 6 2 0 4 1 5 1 0 11
7 3 2 4 9 3 1 3 1 5 1 3 3
16 12 12 1 5 0 12 3 6 12 9 7 7
6 4 1 4 4 1 0 3 8 3 10 2 1
9 5 6 19 15 1 13 1 1 2 0 15 1
4 0 2 2 4 2 3 6 5 3 2 5 6
3 3 5 8 21 6 7 10 11 3 6 6 3
7 8 0 14 13 1 9 13 2 6 4 0 1
2 1 2 7 1 2 4 4 1 5 1 4 1
2 8 4 8 11 9 5 13 0 14 11 5 26
3 4 1 6 3 1 0 2 4 3 1 3 4
4 7 3 2 2 6 2 6 3 0 0 1 5
0 6 1 4 2 5 7 5 0 5 1 2 0
3 2 2 2 1 2 8 8 3 2 3 3 11
11 13 4 1 15 1 4 8 6 13 18 6 1
1 8 1 6 5 3 4 7 4 2 5 9 3
8 3 0 3 4 2 2 1 7 0 0 7 3
1 3 4 2 1 8 5 6 13 3 3 1 1
4 4 2 5 5 4 7 8 3 1 5 2 1
13 4 7 1 16 20 10 9 1 2 1 8 4
16 4 7 21 20 8 7 11 6 0 1 1 11
0 3 0 3 2 4 4 3 2 3 4 4 1
8 3 2 1 1 1 2 9 5 4 0 15 6
10 0 3 3 4 20 10 7 2 0 22 2 4
5 10 8 9 1 2 2 10 8 12 7 4 4
10 10 4 1 9 7 3 3 7 2 7 2 4
9 5 2 3 3 5 4 4 9 7 5 10 2
8 11 11 4 8 2 17 7 7 8 8 3 7
4 1 16 18 6 7 6 12 3 4 8 9 12
12 10 10 0 6 19 12 3 2 4 19 2 1
15 9 3 7 1 8 16 8 5 1 2 1 3
12 1 3 3 1 5 14 3 9 3 4 2 11
5 13 3 8 8 8 9 1 14 1 8 4 17
1 1 2 10 9 6 6 1 0 2 8 5 6
1 2 4 7 7 1 10 0 9 4 6 5 0
14 12 10 14 2 4 7 5 10 8 10 2 3
13 10 8 8 1 19 15 1 6 1 12 13 1
1 3 7 3 7 4 4 1 1 5 3 2 2
2 15 2 4 1 12 2 11 11 3 9 1 4
5 13 9 23 10 3 7 10 14 8 5 9 2
8 2 3 4 5 6 9 2 5 4 3 10 5
12 3 2 2 9 22 16 0 9 8 3 11 15
16 7 9 6 7 1 6 14 11 9 3 17 16
8 2 13 14 7 6 3 18 8 2 13 6 4
10 9 3 4 7 5 3 4 9 1 5 0 4
6 4 8 2 1 11 0 5 1 5 13 4 7
4 1 8 4 5 0 3 5 9 2 4 3 1
13 8 10 2 2 8 5 15 9 10 4 5 6
2 2 4 2 1 1 1 0 1 5 3 2 8
1 7 9 7 5 0 11 8 4 7 1 7 4
1 3 13 11 7 12 0 1 21 4 16 2 7
1 8 7 5 1 1 3 9 3 14 9 1 4
5 4 4 7 1 3 2 5 4 4 3 1 6
4 0 5 6 1 17 12 8 9 1 4 2 6
3 6 10 1 10 7 18 7 6 1 4 15 16
6 5 4 3 6 6 5 1 7 4 8 2 7
4 4 1 4 2 5 6 1 2 5 3 1 1
3 2 7 8 10 17 13 8 6 14 14 1 15
3 1 4 6 2 2 3 2 4 7 3 4 10
2 5 8 5 5 3 2 6 8 3 8 2 4
1 4 1 5 7 3 5 23 3 5 2 0 10
3 2 1 4 5 2 1 7 0 2 2 3 0
4 3 2 4 0 10 1 17 14 10 10 1 1
5 5 0 2 1 0 4 1 1 2 2 1 9
4 1 4 1 0 1 6 1 2 1 4 1 2
1 7 2 10 17 0 6 5 7 1 14 9 11
7 7 5 8 9 0 5 11 4 1 11 9 2
6 15 2 0 0 4 13 8 21 1 7 4 1
11 2 13 2 2 8 12 11 4 13 3 8 18
3 5 11 4 20 0 2 3 4 0 12 7 8
1 0 2 5 2 1 4 1 4 7 2 7 7
8 4 15 10 7 9 12 2 2 4 7 2 10
5 3 1 1 20 1 3 2 1 2 11 11 5
6 0 4 6 0 4 2 7 4 1 1 1 6
3 15 0 8 3 3 8 3 8 6 1 2 6
3 7 2 1 5 2 11 10 12 9 4 6 14
7 8 5 2 15 15 22 1 2 3 6 1 5
0 5 1 9 4 9 3 6 7 3 0 5 7
18 6 3 13 5 6 1 2 6 5 5 0 4
10 1 15 4 6 0 5 7 2 17 2 2 2
2 9 3 20 6 6 22 11 16 6 1 1 4
0 0 3 4 3 2 1 6 1 2 4 3 2
5 5 1 13 1 8 8 4 2 6 5 2 2
7 8 2 13 10 5 7 15 1 18 9 11 16
2 15 4 5 2 5 0 6 2 8 18 7 1
9 9 13 0 8 6 7 7 12 5 0 3 3
7 2 5 3 3 1 1 3 1 7 4 0 4
0 7 6 3 9 4 5 4 4 4 8 0 6
5 1 1 11 3 14 2 10 6 17 4 2 2
7 3 18 12 2 6 6 11 18 11 5 17 10
5 1 0 7 3 2 10 2 2 4 4 2 3
8 13 7 1 1 11 2 9 3 9 1 11 5
1 8 2 1 1 10 3 6 0 4 3 4 2
8 13 10 10 4 6 4 9 13 23 3 13 4
2 3 2 3 5 4 2 4 1 0 4 2 5
2 12 7 7 5 5 8 15 5 11 5 4 2
10 14 11 2 1 2 7 6 2 9 1 2 16
5 7 3 5 10 2 2 4 10 11 4 3 2
8 10 0 16 17 7 6 4 7 4 20 7 13
3 9 1 0 1 3 0 3 0 2 5 0 7
7 15 10 10 12 12 7 1 11 10 7 8 11
1 2 1 8 3 11 6 6 10 15 18 10 8
1 1 1 6 0 5 8 1 3 5 5 2 2
3 6 3 5 0 11 5 0 0 2 18 6 4
9 13 21 3 11 10 14 3 1 4 5 12 4
1 7 4 5 1 3 3 7 1 2 8 3 3
0 7 2 9 5 2 4 14 0 20 5 13 1
5 5 0 0 4 3 1 5 1 1 5 2 8
11 0 6 8 2 9 1 3 1 17 7 19 12
3 4 1 3 2 8 5 9 3 3 2 6 12
10 2 3 5 3 1 1 8 1 2 2 2 10
1 4 2 1 5 7 5 3 0 2 4 4 1
3 1 5 3 3 4 2 4 1 1 1 7 9
2 17 4 6 7 14 5 8 2 1 13 5 11
5 11 3 7 1 10 6 2 8 1 7 1 5
6 4 13 3 1 5 9 0 3 0 5 3 2
0 1 2 9 3 1 2 1 2 0 2 5 2
6 1 4 1 0 1 3 5 3 1 0 7 4
5 20 5 7 8 2 7 10 0 5 14 8 5
3 4 3 2 2 4 4 2 2 7 5 6 4
0 7 3 10 2 5 13 11 1 1 10 1 12
11 1 11 4 19 11 2 10 13 19 4 1 11
4 4 2 3 4 8 1 2 1 4 1 3 4
1 0 3 0 5 1 1 2 2 6 3 6 4
2 0 0 1 5 5 2 2 6 2 3 5 2
1 1 4 0 6 2 2 4 3 3 2 7 2
5 10 1 1 6 25 0 12 7 4 2 11 5
17 9 9 4 13 7 13 8 4 1 15 4 6
3 1 7 3 2 1 1 0 3 1 2 0 11
4 0 10 2 10 5 7 2 2 2 0 4 11
5 1 4 0 4 6 2 3 8 1 1 1 6
5 2 10 0 2 2 1 3 3 0 2 5 2
5 5 5 12 3 14 6 16 8 2 4 9 9
7 8 3 3 0 1 5 3 4 2 7 7 4
2 3 13 1 12 5 1 3 0 3 5 5 1
8 0 4 7 12 9 4 1 3 5 3 4 4
16 2 6 2 18 2 18 12 6 11 0 1 1
0 5 2 6 25 16 6 3 5 7 7 13 8
2 9 6 5 5 3 3 15 3 2 2 16 8
5 8 0 9 3 8 4 1 4 12 1 8 7
7 13 9 11 11 2 3 3 5 14 7 4 7
6 12 10 5 7 1 4 7 2 1 2 5 5
1 7 13 7 19 15 12 5 5 14 6 5 6
1 3 4 4 1 8 0 2 4 2 4 6 4
4 16 1 0 5 8 5 3 1 4 8 2 4
1 5 5 2 6 3 14 7 3 6 6 9 7
1 6 6 4 3 11 18 2 13 15 12 14 13
3 4 9 8 11 2 7 9 6 4 10 7 5
9 6 8 4 3 2 1 5 5 3 3 2 8
24 9 12 6 16 11 9 1 6 1 4 0 2
1 3 3 2 9 3 3 2 3 5 7 3 6
1 14 0 13 4 5 20 13 0 7 16 1 17
1 1 4 6 1 1 2 4 0 5 1 8 8
0 12 8 4 4 2 1 0 4 8 2 6 3
2 6 2 1 4 5 5 2 3 4 0 1 1
8 1 2 7 3 1 1 3 2 4 1 2 0
6 1 2 0 2 6 9 12 1 6 3 1 6
4 10 6 4 5 2 11 2 29 8 3 15 7
2 19 2 5 1 4 2 5 2 5 5 6 2
3 7 1 2 1 0 2 3 2 2 6 6 0
3 0 18 7 19 7 0 9 21 11 1 10 2
5 0 5 1 9 4 1 0 2 5 14 1 3
3 5 3 12 8 2 3 1 1 2 2 4 3
2 4 5 1 3 3 4 4 1 3 4 2 2
3 4 2 1 3 4 0 1 1 4 3 1 4
6 6 3 0 13 8 8 4 6 7 2 3 1
3 12 2 4 11 7 12 8 1 13 8 2 1
3 3 3 6 1 1 2 6 0 1 1 6 6
2 10 2 4 3 1 6 0 2 0 0 1 8
5 0 13 3 9 10 9 9 2 3 2 4 5
11 5 10 6 10 7 5 7 1 5 15 5 7
2 5 2 4 0 4 2 1 6 1 2 5 12
4 4 2 9 2 1 4 3 1 4 1 9 0
3 6 7 0 1 10 7 7 0 1 11 6 5
2 4 1 4 7 4 2 1 1 2 5 2 4
13 1 8 7 2 10 11 8 4 2 10 7 1
6 7 9 9 5 2 7 2 6 9 6 1 12
5 3 15 12 3 3 10 11 6 2 18 7 7
9 12 7 4 2 23 2 15 7 11 5 13 2
1 4 12 3 20 8 6 12 3 11 14 8 3
3 9 7 6 10 2 1 6 0 1 13 5 9
2 5 7 0 1 3 3 0 1 1 1 4 5
11 11 2 3 9 10 8 2 0 4 2 1 13
21 6 3 2 7 2 12 14 5 3 12 4 5
7 5 6 2 12 1 9 5 5 5 7 4 7
5 7 8 3 8 7 8 12 1 6 7 2 6
10 13 3 6 3 9 12 4 1 7 17 4 16
10 13 4 11 4 2 18 9 3 21 5 8 12
5 4 4 1 16 3 2 5 4 10 1 3 15
3 5 2 2 3 1 2 7 1 2 5 1 3
1 0 0 4 5 2 4 4 4 3 2 1 3
2 2 2 2 5 3 7 1 0 5 5 5 3
4 5 3 3 1 2 3 1 3 1 4 3 1
5 5 5 4 7 2 5 12 15 5 3 15 13
4 4 2 4 9 6 4 3 6 3 4 1 2
5 1 11 1 5 3 7 9 2 3 2 6 11
5 5 6 1 2 1 12 7 12 0 11 13 11
4 1 1 7 3 4 0 8 1 4 8 0 4
2 3 5 9 8 2 10 8 7 5 10 10 5
4 2 4 2 2 1 6 2 1 3 4 4 1
7 7 3 6 15 7 6 5 4 7 8 4 1
18 6 0 1 5 4 7 1 1 15 11 2 3
1 1 21 15 2 20 14 8 3 5 5 4 2
4 1 3 5 4 8 11 0 8 9 4 2 6
6 4 1 1 1 2 1 0 0 4 0 2 6
0 4 5 0 0 1 1 3 4 5 7 1 1
5 2 0 2 4 2 2 2 3 4 0 1 10
1 1 4 1 4 1 1 5 8 2 1 1 1
6 6 1 2 12 15 6 5 3 8 6 11 8
1 6 1 7 0 1 7 9 4 5 3 4 7
4 13 5 13 10 5 8 20 8 11 5 5 10
8 7 16 12 9 1 1 16 12 7 2 7 3
1 12 7 5 1 5 8 5 2 8 5 1 3
2 11 10 4 2 2 3 14 3 4 3 6 12
2 4 4 6 2 0 1 5 5 4 3 4 0
2 12 2 6 6 7 2 15 17 4 18 14 5
1 0 5 8 2 0 2 0 5 2 0 5 9
8 3 6 6 1 3 0 6 0 14 4 5 4
8 2 5 15 5 0 6 9 10 18 1 3 12
2 1 5 2 0 0 5 2 7 1 0 3 3
3 3 3 19 5 2 4 3 4 8 3 22 12
4 7 11 2 9 4 13 12 19 1 8 7 4
19 13 6 3 1 1 7 12 4 10 2 1 14
25 16 2 11 8 7 2 4 13 3 9 10 2
2 6 1 6 1 5 3 4 0 0 1 3 2
5 1 11 13 1 2 2 2 6 2 3 4 1
13 7 0 7 1 11 22 11 10 5 2 4 6
0 3 3 2 6 9 7 4 12 8 6 7 5
2 2 2 5 9 3 11 4 19 14 15 10 1
2 7 3 3 1 2 3 3 1 4 0 0 1
3 8 7 13 8 10 7 2 7 13 6 4 9
7 0 14 8 3 6 11 0 5 20 9 5 0
4 8 3 1 5 2 4 2 2 3 2 1 5
9 7 1 0 2 7 0 1 14 16 14 13 0
3 6 5 2 3 8 1 1 2 10 2 4 3
2 5 1 3 4 1 4 0 4 10 6 3 3
0 3 0 5 14 2 16 1 0 7 1 17 4
5 4 3 3 0 1 0 3 2 1 8 2 5
5 3 3 4 4 1 0 4 7 5 2 1 8
3 7 2 13 13 8 1 6 9 14 7 14 9
6 24 18 2 4 8 22 6 0 4 2 5 6
1 5 2 3 2 6 5 1 0 4 6 8 3
0 11 7 10 4 13 10 9 12 9 2 9 9
10 6 1 3 0 5 8 10 0 2 10 3 4
7 3 14 15 3 10 1 1 6 5 13 10 16
17 0 1 6 14 4 3 1 4 2 2 3 12
2 3 6 7 7 2 5 6 6 0 2 9 6
7 7 6 9 1 3 15 11 5 4 4 1 2
5 5 13 12 2 18 9 3 3 4 11 8 5
10 8 7 9 17 2 6 18 5 1 3 6 3
20 2 7 20 4 11 8 8 7 5 4 16 1
12 5 5 2 8 4 3 2 6 5 10 0 3
2 4 11 15 10 6 5 5 7 2 10 3 23
4 1 4 0 0 4 1 4 5 2 0 4 0
9 10 6 20 5 2 2 8 7 6 3 9 3
4 2 1 2 1 1 3 0 2 6 3 3 6
1 5 4 0 10 0 0 2 7 4 12 3 6
4 1 1 8 4 8 6 10 3 1 3 8 2
2 4 6 3 5 1 1 3 2 2 5 2 6
7 3 2 2 12 1 6 1 9 6 4 2 3
3 5 8 6 9 2 11 3 2 10 10 16 0
2 11 10 19 1 12 0 14 14 0 15 0 5
15 10 6 8 9 6 22 0 9 2 9 7 12
15 3 5 7 2 10 13 6 9 17 2 7 17
2 9 6 6 12 3 10 16 16 4 6 6 6
9 4 3 2 9 3 6 8 5 2 9 13 10
19 1 16 8 10 1 10 9 11 10 13 5 2
21 1 12 2 3 11 1 0 5 14 1 1 14
7 4 2 5 6 4 8 3 8 1 4 2 9
8 1 3 1 1 10 4 2 4 2 3 0 7
6 11 6 6 8 2 2 2 2 6 10 0 7
10 2 6 6 3 5 11 0 11 14 10 4 5
3 11 2 8 4 7 4 0 2 2 0 13 2
1 1 9 4 6 2 6 5 5 9 7 11 6
1 6 1 2 3 5 0 0 2 1 0 1 8
6 9 12 16 5 4 14 10 11 14 16 5 7
2 9 6 8 3 9 3 4 4 9 2 8 7
4 3 12 7 3 7 18 11 5 14 5 7 14
3 1 7 0 1 6 5 3 7 2 6 5 0
2 5 8 7 1 1 0 4 4 3 5 3 2
4 9 1 0 4 1 2 3 5 5 7 1 2
2 10 12 4 2 18 15 14 5 4 19 5 11
3 8 2 2 6 2 7 11 4 6 0 7 7
5 3 4 0 5 5 7 5 3 15 0 1 1
8 3 0 2 1 5 6 2 7 3 4 3 1
2 7 11 13 12 9 6 21 3 4 10 3 1
6 1 7 9 4 1 8 10 3 2 4 4 1
11 14 2 16 5 0 10 2 12 6 10 4 16
5 4 1 1 5 2 1 1 4 4 2 5 0
4 6 2 4 2 4 1 1 6 1 6 13 0
4 10 14 6 0 1 8 9 2 3 5 7 12
4 2 1 8 3 1 7 5 1 3 7 4 7
2 12 1 4 3 3 2 2 8 16 10 22 1
7 1 2 0 0 1 3 1 1 4 5 2 4
1 19 13 15 5 4 9 8 10 13 1 1 4
1 6 6 11 0 0 2 1 1 5 0 5 6
6 0 1 2 0 1 2 4 0 3 5 5 1
3 15 6 8 12 1 9 8 10 6 5 6 7
2 1 9 7 6 1 8 2 0 3 3 1 1
6 6 2 2 1 3 5 0 2 4 5 0 2
1 18 15 9 2 9 5 1 2 2 6 18 21
1 1 5 3 1 4 1 9 1 4 0 5 0
0 1 8 5 5 2 0 7 0 1 3 2 7
9 5 1 3 9 6 9 1 0 6 7 0 8
4 1 7 0 1 3 5 1 1 6 8 6 2
3 4 4 0 4 3 2 5 0 1 6 1 3
4 8 6 1 1 2 0 1 4 8 6 6 5
8 11 5 5 17 6 2 15 11 3 12 10 5
13 6 10 12 24 9 0 3 1 3 12 6 12
6 6 6 5 4 1 7 3 2 7 8 5 7
3 1 1 1 2 0 9 4 7 10 1 2 4
4 1 6 8 21 5 6 4 9 12 4 4 5
15 7 12 3 7 2 14 4 16 3 5 0 0
5 1 1 4 1 2 2 3 6 3 4 0 3
5 3 2 0 11 8 15 7 1 7 7 8 6
6 2 6 0 8 4 19 7 4 12 10 17 7
16 3 10 22 2 7 3 4 7 11 8 13 5
7 3 9 1 14 7 1 1 16 4 11 6 6
4 1 11 5 11 7 18 5 11 9 15 8 7
9 0 22 9 6 12 5 12 15 0 3 6 2
3 1 0 5 2 1 4 0 6 2 4 2 1
10 16 2 9 6 1 4 7 13 6 13 2 7
8 3 6 16 4 4 1 11 5 6 4 6 3
8 4 3 0 6 10 6 4 2 6 3 3 10
3 6 3 1 11 2 2 6 6 5 0 0 1
7 6 3 0 4 10 11 12 0 0 1 6 0
16 9 10 1 4 3 1 6 3 9 3 2 0
1 9 2 6 15 8 2 5 1 1 6 5 7
8 23 7 9 5 10 6 13 12 3 4 6 16
2 5 7 4 7 15 5 2 13 0 8 17 5
13 7 8 6 9 9 7 9 1 3 9 3 2
8 21 8 2 8 1 2 7 1 16 3 2 0
12 9 1 9 14 7 10 5 4 3 15 4 9
0 5 5 8 22 13 1 3 8 21 2 11 1
3 1 3 7 3 4 3 2 7 0 5 3 2
7 1 6 4 5 0 1 10 9 1 5 2 12
6 6 5 7 10 1 7 12 1 3 1 1 7
3 1 3 1 0 5 5 5 4 0 4 2 8
6 4 4 2 4 5 1 3 11 2 2 9 2
16 9 12 2 18 3 0 2 1 15 12 11 2
4 3 5 10 3 7 2 0 9 12 9 4 6
3 3 2 5 3 8 9 6 4 4 9 1 11
3 14 0 7 10 8 3 6 1 2 5 15 8
12 9 6 12 2 12 3 3 2 12 8 8 6
10 15 1 6 1 6 9 3 3 9 16 3 10
5 2 4 4 4 8 1 6 2 5 2 3 4
0 6 16 9 3 12 6 2 6 5 14 10 24
5 4 2 8 2 13 4 5 7 2 5 7 6
13 2 9 18 3 10 4 0 1 8 6 0 10
1 7 4 6 1 6 3 1 3 3 3 6 3
10 9 5 3 4 1 4 4 9 3 5 5 14
6 12 0 2 5 0 5 2 2 13 7 1 7
12 1 16 5 5 11 11 1 3 2 11 6 2
2 4 6 0 10 0 5 6 4 1 11 8 1
2 7 3 17 5 3 2 6 6 0 5 0 10
2 3 0 2 0 0 3 3 4 3 4 2 7
12 10 2 2 2 4 1 0 3 10 12 8 1
7 5 0 1 1 4 1 0 3 3 3 1 1
3 2 7 13 6 2 2 1 4 4 5 2 5
3 4 3 6 5 1 1 9 1 4 9 0 4
6 2 1 10 1 5 8 3 2 8 0 2 1
4 2 2 5 4 2 3 4 5 2 9 2 6
3 2 8 5 0 1 4 1 4 8 1 7 7
1 3 3 5 4 7 8 8 2 5 5 5 3
3 7 5 6 13 12 5 21 6 2 2 3 19
4 7 7 2 13 9 8 7 2 4 9 0 2
7 7 3 5 3 1 1 1 1 5 1 5 12
6 19 8 7 1 10 16 11 6 9 0 0 3
1 7 0 0 15 4 3 0 16 22 0 16 1
1 3 3 7 1 4 7 1 7 2 19 9 2
6 3 0 2 3 2 4 1 1 7 2 3 1
4 13 0 3 14 9 19 0 13 12 7 9 9
3 0 1 7 2 5 1 4 2 3 0 3 1
0 5 3 14 4 3 0 3 4 3 11 7 6
4 4 9 5 7 6 12 4 11 3 1 8 10
2 2 4 4 3 2 4 1 4 1 3 2 1
15 16 1 8 9 2 7 7 11 3 4 0 27
1 6 10 6 1 9 6 6 5 4 6 9 10
4 1 11 8 1 6 11 3 20 2 2 13 10
5 2 21 7 14 8 3 10 14 2 4 5 8
11 5 0 2 1 8 4 6 14 0 0 0 2
3 12 1 16 12 16 2 0 10 3 18 11 7
10 11 0 1 14 9 4 6 2 1 10 13 9
9 16 11 15 2 11 6 4 1 1 2 5 2
16 1 7 3 1 16 5 15 5 11 4 14 9
3 1 3 10 0 2 3 4 1 0 5 2 1
2 6 3 20 14 16 21 5 13 0 6 4 3
16 16 1 12 5 15 12 4 15 1 3 2 11
6 2 0 1 7 2 3 1 4 1 1 3 1
8 6 0 1 6 7 2 3 4 2 7 3 2
6 3 3 2 1 5 8 3 3 1 4 0 2
9 5 8 9 3 11 8 6 1 14 4 11 4
7 6 5 7 6 0 9 5 0 7 5 9 3
2 6 1 0 2 5 2 3 22 8 1 2 7
3 10 0 14 5 7 0 10 4 16 3 5 8
2 3 7 3 3 0 7 1 18 5 8 16 13
21 6 3 9 3 11 4 21 6 9 15 3 5
17 1 0 10 4 10 9 11 9 16 2 14 8
2 12 10 2 2 10 17 19 8 0 1 4 4
13 1 8 17 2 4 2 7 16 7 5 3 11
6 1 3 2 2 3 3 2 5 2 1 4 6
6 1 3 8 0 3 6 8 2 3 1 4 6
3 4 7 8 1 6 1 1 0 2 4 1 3
1 17 3 5 7 0 7 13 8 4 8 8 14
1 1 1 6 6 11 4 10 1 1 1 3 3
8 2 0 7 0 14 1 7 4 5 2 12 15
20 3 2 4 4 5 6 10 1 1 2 7 5
1 3 1 3 2 4 0 0 6 0 1 7 3
1 1 1 14 6 2 5 5 18 1 6 10 2
1 1 8 6 1 1 3 5 2 3 1 4 2
2 4 1 2 1 4 6 2 1 1 0 1 5
1 1 2 2 5 1 3 2 8 1 2 8 10
5 2 4 7 9 9 1 3 11 1 3 16 16
4 3 3 1 3 1 0 9 4 2 5 3 2
16 16 5 2 2 4 7 21 0 7 11 6 3
1 1 7 4 8 2 1 4 1 1 3 4 10
7 17 6 8 10 7 5 7 1 9 1 17 10
1 7 2 1 1 1 1 1 1 7 3 2 4
12 1 8 2 6 8 13 2 5 4 10 4 11
5 2 3 2 4 0 2 0 3 6 3 1 0
4 2 11 4 4 2 2 1 1 4 1 8 1
15 5 2 3 3 6 1 8 0 3 6 4 3
1 10 4 8 4 4 11 9 5 12 7 17 0
5 11 10 5 6 6 3 1 12 3 4 3 6
9 0 4 8 1 4 7 10 6 6 7 3 0
4 8 7 17 14 9 8 0 6 12 16 7 6
2 2 0 8 0 3 6 3 6 5 9 0 9
13 14 7 5 6 13 2 1 4 15 1 4 3
8 2 3 4 16 18 7 14 2 14 4 3 9
0 2 6 3 4 2 9 6 8 4 2 2 3
11 21 11 8 0 5 5 4 7 1 1 14 8
3 5 5 3 5 16 10 0 10 10 8 1 1
1 0 2 1 3 4 2 4 3 2 1 5 1
2 3 2 6 2 4 2 3 0 1 11 3 4
3 1 4 2 0 0 8 2 2 4 2 4 2
4 3 11 10 1 1 3 3 5 1 5 8 14
7 4 6 8 3 1 3 1 2 5 4 2 5
4 6 6 2 1 4 4 2 4 1 1 7 1
12 11 6 5 3 11 3 6 7 8 2 9 5
6 1 2 5 1 0 3 2 2 1 8 1 1
8 2 1 3 1 6 8 14 6 1 8 4 4
11 2 17 10 3 12 10 3 9 15 4 10 3
4 4 9 11 2 5 7 4 1 1 7 2 3
5 7 4 4 3 3 5 2 3 1 1 13 3
6 0 3 1 0 0 2 6 2 3 0 2 2
3 4 5 4 2 8 3 7 5 3 4 4 2
1 5 1 1 5 5 4 3 5 10 1 6 3
4 24 2 8 3 5 4 3 3 6 2 0 9
5 1 3 4 6 5 3 2 3 6 7 2 3
4 3 4 3 3 2 1 5 1 3 1 10 2
5 2 1 3 2 3 7 4 2 5 5 2 1
4 4 18 1 10 4 15 3 3 15 5 14 21
6 4 7 5 13 3 5 1 1 7 3 1 6
3 3 8 3 0 2 2 0 0 5 1 1 2
1 0 3 8 7 1 7 0 4 4 3 7 7
0 0 11 18 5 3 2 4 9 11 13 15 12
2 2 0 10 2 8 0 4 11 1 2 6 10
11 2 1 8 1 3 16 9 9 5 5 13 4
2 7 2 1 4 0 5 5 0 0 4 3 1
1 5 1 2 0 1 7 2 3 0 2 1 1
3 1 6 3 2 13 5 2 3 0 0 18 1
1 1 3 2 11 4 2 3 0 4 6 3 3
3 4 1 2 3 8 11 11 6 8 2 1 11
2 3 1 6 4 4 2 5 2 9 1 7 3
6 8 5 14 7 18 1 4 2 1 9 18 19
5 2 1 6 2 2 1 1 2 5 1 4 4
4 3 5 2 7 7 7 2 5 2 7 5 2
7 12 4 9 1 4 13 1 2 1 1 3 5
2 7 2 13 0 13 12 2 1 10 6 4 5
6 5 15 7 18 8 2 4 7 4 1 17 6
5 16 14 14 5 4 2 16 17 13 3 7 3
3 16 17 6 21 3 16 4 5 2 4 10 1
11 6 7 1 1 3 4 15 5 5 0 1 11
9 11 3 9 2 8 14 1 6 8 1 1 0
4 4 5 4 5 4 2 0 4 1 3 6 7
3 5 9 0 5 9 5 9 2 0 1 1 2
5 4 2 12 3 9 1 2 4 19 8 15 6
3 4 2 4 4 4 4 0 4 4 2 2 2
8 7 5 20 5 14 2 1 4 7 12 2 6
6 12 3 18 3 5 13 6 1 18 12 8 1
4 6 2 4 2 7 5 1 0 1 1 8 1
1 0 9 2 18 13 5 5 22 6 5 4 0
5 7 2 1 10 9 5 2 4 5 3 6 9
0 9 4 1 2 2 2 5 4 1 1 6 5
4 5 8 2 1 0 5 9 3 5 1 5 3
3 1 2 0 10 12 10 0 14 14 12 9 13
1 8 4 5 7 2 4 8 5 11 19 2 0
3 13 7 7 7 10 8 2 1 2 8 9 3
0 7 11 4 1 0 0 4 3 2 3 8 4
1 1 9 10 3 2 8 5 3 1 3 5 2
12 3 1 8 10 5 13 4 1 5 0 6 5
5 1 12 0 7 3 5 9 3 14 7 8 5
7 15 1 1 7 5 5 0 5 2 2 4 6
13 1 7 5 6 6 12 3 7 7 3 5 11
2 0 1 1 2 0 3 1 4 5 5 4 4
2 7 1 4 2 4 0 1 3 7 5 2 1
2 5 1 3 3 4 2 2 8 6 8 9 3
16 8 6 8 2 9 2 7 9 3 14 10 5
2 8 1 1 6 0 2 3 5 0 3 4 4
6 2 9 12 2 0 3 8 7 6 3 1 8
2 4 0 10 8 8 17 12 3 8 10 12 4
6 8 8 8 1 6 10 11 5 6 0 10 11
5 7 15 21 9 6 9 2 4 10 15 1 10
5 17 12 0 16 14 19 2 11 5 7 12 4
9 5 2 3 4 3 6 7 2 1 5 2 1
5 4 1 4 1 3 3 2 7 5 4 3 2
1 4 2 2 3 4 2 3 6 1 2 4 15
24 0 9 15 2 5 12 7 0 4 1 8 12
11 14 13 3 2 9 12 18 0 5 18 9 4
2 7 3 10 4 2 5 1 5 0 6 2 2
8 5 1 1 7 10 8 3 10 3 0 6 6
5 1 7 9 2 3 0 1 2 8 4 1 2
3 1 7 2 0 9 4 1 1 6 5 7 0
3 1 1 3 10 1 4 3 3 1 3 2 1
5 5 4 10 3 7 3 14 18 3 18 17 6
7 10 11 15 3 2 4 9 11 2 8 1 20
6 7 2 5 4 2 15 4 6 3 2 0 6
4 4 3 0 1 3 2 3 1 1 7 0 1
8 3 5 6 13 10 3 8 2 3 16 6 3
7 4 4 3 3 4 0 1 5 4 2 7 5
6 3 2 1 2 8 8 5 15 5 0 6 10
4 3 2 7 3 2 2 2 4 8 4 3 3
2 5 2 9 18 7 4 1 5 9 0 3 5
4 3 3 11 3 7 3 8 0 3 4 3 7
1 1 10 4 15 6 5 1 11 0 1 7 2
5 4 15 4 26 8 1 2 6 11 3 5 2
1 4 3 4 2 3 1 0 5 5 4 1 5
12 3 4 1 4 7 12 4 7 10 0 2 2
10 7 7 1 2 7 3 2 1 12 15 5 3
7 4 1 20 4 5 1 3 4 3 7 8 19
1 5 23 1 2 1 1 4 6 25 3 0 0
5 1 7 5 5 27 5 11 14 5 5 4 6
19 3 6 14 4 5 1 11 8 3 6 10 13
7 2 7 0 4 1 9 12 8 7 0 3 1
2 6 8 20 5 11 14 11 3 3 3 3 9
15 6 1 4 18 15 10 0 7 0 5 10 7
7 2 6 2 13 3 5 8 2 5 6 1 2
0 6 3 9 5 20 0 3 2 20 15 6 16
20 8 3 13 4 7 21 5 2 5 6 3 8
4 2 6 1 6 1 8 6 1 3 3 0 6
16 5 7 2 1 0 13 2 5 5 1 11 3
6 7 5 19 28 3 10 10 1 1 4 0 1
4 1 2 1 11 6 8 0 2 10 2 2 2
1 6 12 22 12 6 6 9 11 2 1 20 7
11 7 6 6 8 2 2 2 0 2 3 2 3
7 12 4 5 6 11 13 9 4 1 5 1 9
3 9 4 1 1 11 2 1 4 2 1 1 4
7 10 21 15 4 1 2 6 12 5 8 11 1
3 15 1 3 7 0 8 0 13 2 11 2 3
5 6 9 9 12 10 11 5 4 3 3 10 7
1 19 6 18 8 20 4 8 5 8 7 7 4
2 3 6 6 4 3 13 16 9 9 3 6 18
3 13 6 11 0 9 4 9 3 9 1 2 8
10 1 3 10 6 4 5 2 5 10 3 6 2
13 3 3 3 2 26 9 3 6 3 11 9 9
0 4 0 9 0 11 2 2 10 6 0 3 1
12 9 8 2 1 11 8 7 6 22 1 7 2
5 2 6 6 12 8 13 12 0 12 19 14 9
3 1 7 0 4 2 9 0 1 2 7 5 8
7 8 7 8 13 5 9 13 5 2 4 17 22
8 2 3 10 0 1 9 1 7 17 5 2 10
6 2 8 7 8 1 4 13 9 2 6 2 10
12 5 3 3 8 9 3 0 5 3 1 8 2
0 0 4 3 1 1 3 4 2 4 7 2 0
1 1 6 1 4 5 4 3 1 6 0 1 13
3 11 6 1 4 6 10 4 14 10 0 4 6
2 1 2 3 5 3 2 4 8 3 3 2 0
3 7 1 3 4 3 3 1 2 3 2 1 0
1 6 0 4 2 3 3 2 1 2 7 1 2
4 1 6 1 12 2 5 3 2 0 8 2 2
5 2 8 1 2 2 7 17 16 3 5 3 12
1 7 1 10 5 4 1 2 1 2 2 5 1
4 15 6 4 0 8 4 8 3 13 0 0 0
1 7 6 6 1 12 4 4 1 1 6 4 12
2 1 24 3 9 2 9 2 6 4 14 3 5
5 4 1 5 1 1 3 5 1 1 4 0 4
2 4 5 4 8 28 8 9 4 6 8 6 5
5 3 3 0 11 7 8 11 2 8 10 7 3
1 10 3 7 1 9 2 3 2 10 1 9 6
5 0 3 13 3 2 5 10 2 2 5 2 5
4 3 6 11 11 7 1 9 4 12 17 2 8
0 3 3 6 3 6 2 12 1 2 1 3 0
10 1 8 1 1 4 4 1 0 2 3 9 7
14 6 4 6 14 0 17 9 9 4 2 6 14
9 3 1 9 4 7 1 0 2 7 3 2 3
12 2 3 11 4 6 14 5 0 13 1 5 8
5 0 14 9 19 0 11 7 10 12 2 3 18
5 5 5 7 0 0 8 5 7 5 1 0 7
3 4 1 2 13 4 2 10 11 0 11 9 1
0 4 3 5 5 5 0 1 5 11 9 3 2
11 9 11 6 11 1 27 10 8 2 9 7 5
9 3 4 9 4 3 7 0 3 3 1 9 4
10 11 6 5 1 2 1 2 7 15 19 0 6
9 14 9 6 7 1 0 6 4 10 7 5 4
4 5 0 2 1 1 5 2 4 3 5 0 1
7 11 2 2 12 7 3 4 4 8 1 7 2
12 17 4 0 11 13 15 2 6 8 3 18 1
0 3 2 5 0 5 4 7 6 0 2 3 1
8 6 21 5 11 1 5 2 5 8 7 4 4
13 0 3 21 8 5 2 0 4 8 15 1 3
4 6 20 6 12 9 5 12 19 10 15 1 3
1 8 6 8 4 8 11 6 4 6 9 0 12
3 12 6 0 2 9 11 5 5 3 7 1 15
8 3 7 0 2 4 1 3 1 3 6 5 15
7 1 7 1 2 2 1 2 4 2 6 2 2
20 16 1 10 3 6 4 2 15 6 2 14 0
0 1 9 6 7 16 1 4 3 1 5 8 18
2 1 7 17 1 10 4 8 9 3 6 8 13
5 3 7 2 7 6 1 2 1 16 24 6 14
1 30
1 46
1 94
2 40
4 24
4 69
4 83
4 93
5 51
5 99
6 7
6 14
7 81
8 89
9 79
11 21
12 31
13 99
14 31
14 43
15 110
16 47
16 70
17 66
18 101
20 71
21 56
22 85
22 101
23 94
24 114
25 61
25 66
26 37
27 75
27 94
28 37
29 48
29 64
31 40
31 92
34 93
36 73
36 123
38 90
39 54
40 52
41 65
41 88
43 106
44 72
44 102
44 104
45 56
45 124
46 76
47 103
49 89
49 141
50 92
50 130
51 88
52 120
53 123
53 132
56 83
56 95
56 148
56 150
57 107
57 124
58 73
59 108
62 133
62 159
64 123
64 127
64 152
65 101
65 126
67 96
67 129
68 116
69 101
70 157
72 146
74 142
74 146
75 82
75 149
76 146
77 138
82 104
82 111
83 183
87 141
88 158
89 185
90 152
90 155
90 178
90 189
91 128
91 170
92 145
94 178
94 188
96 159
97 162
98 167
98 173
99 115
100 138
100 187
101 191
105 113
105 166
105 182
106 136
107 108
107 152
108 125
108 136
108 137
112 120
112 209
113 139
113 172
114 143
114 191
115 116
115 146
115 168
115 184
117 173
117 212
118 148
118 170
119 145
119 213
120 130
120 183
121 142
123 136
123 200
124 163
125 144
125 218
126 222
127 152
127 172
128 165
128 188
130 212
132 165
132 196
133 181
136 150
137 196
138 148
138 217
139 157
139 169
139 199
140 168
140 183
141 152
142 241
144 186
144 237
145 205
145 227
146 202
146 206
150 218
150 222
150 230
153 195
154 158
154 243
154 246
155 178
155 225
156 160
156 175
156 215
157 174
157 193
160 195
160 247
161 162
161 234
161 246
161 261
164 181
165 186
166 194
167 238
169 263
171 197
171 266
172 181
172 184
172 254
174 207
175 184
176 199
178 219
178 269
179 224
182 217
184 185
185 208
187 283
188 240
188 260
188 287
190 224
190 236
192 253
192 278
194 209
195 272
196 264
198 235
199 200
199 202
199 210
199 235
201 209
202 267
204 214
204 218
204 288
205 206
206 217
207 230
207 281
208 251
209 214
209 286
210 296
212 242
212 299
215 263
217 235
217 299
217 300
218 247
218 267
220 286
221 261
222 303
223 231
223 318
224 275
226 293
227 267
228 272
230 270
230 319
231 246
231 256
232 299
232 306
234 235
234 264
235 242
235 288
236 285
236 298
237 260
238 315
238 333
239 292
240 252
240 300
241 275
242 258
242 276
243 260
244 279
245 255
245 306
246 280
246 290
246 336
248 308
249 280
250 319
250 336
251 258
251 287
251 297
251 318
252 314
253 278
254 269
254 293
254 328
254 347
256 270
257 316
258 286
259 279
261 328
262 319
262 325
263 283
263 343
265 288
266 317
267 301
268 298
271 330
271 367
272 288
272 308
273 285
273 353
274 342
275 323
275 337
276 344
277 320
277 325
279 297
279 322
279 323
279 336
279 348
280 315
282 306
284 355
286 308
286 367
288 303
289 343
291 375
291 385
292 332
292 390
293 315
293 380
294 369
296 348
296 363
297 369
297 370
297 376
298 373
301 311
301 326
302 355
302 387
303 328
304 313
304 371
306 374
306 382
307 401
310 333
310 337
313 323
314 359
314 402
315 327
316 361
317 334
317 415
318 417
322 346
322 363
322 379
322 395
323 382
324 356
325 410
325 413
326 357
327 415
328 369
328 397
328 401
330 370
330 394
332 377
332 420
333 417
334 403
334 433
335 389
335 416
336 397
337 358
338 410
338 416
338 430
339 347
339 352
339 400
340 381
342 384
342 402
343 357
343 394
343 443
345 363
347 385
347 422
348 354
349 385
349 407
350 435
350 445
350 449
351 386
351 443
353 375
355 447
356 375
356 380
359 414
360 398
360 402
360 456
361 389
361 421
362 395
362 424
362 440
363 399
363 435
363 458
364 406
364 428
365 386
365 440
366 367
367 430
367 462
368 439
370 382
370 446
370 465
371 375
371 453
372 400
373 411
374 414
374 472
375 457
375 464
375 467
376 450
377 400
377 405
377 419
377 436
377 450
380 400
380 442
380 470
381 468
382 430
382 473
383 402
383 476
383 482
384 385
385 461
386 405
386 481
387 395
387 435
387 461
389 457
390 476
391 473
391 474
392 452
393 432
393 442
393 474
393 482
394 478
395 427
396 488
397 492
398 479
401 415
401 434
401 436
401 458
402 431
403 502
405 479
405 495
406 506
408 413
408 440
409 426
409 470
411 480
413 486
413 489
413 496
414 503
415 423
416 418
418 420
418 449
418 514
419 446
419 511
420 430
421 473
421 498
424 434
424 456
424 503
425 470
427 443
428 449
428 476
429 498
430 484
430 517
433 460
435 461
437 441
439 451
441 521
441 535
442 502
443 525
444 452
447 491
447 513
448 455
448 469
449 466
450 461
450 467
450 526
450 533
451 501
452 487
452 497
453 541
454 529
454 535
458 460
458 526
459 504
461 477
463 470
463 487
466 484
468 505
468 516
469 479
469 493
469 554
469 565
476 513
476 551
477 488
477 510
479 484
479 533
481 550
482 514
482 577
483 521
485 498
485 546
486 547
488 532
489 499
490 517
490 536
491 541
491 558
492 519
492 525
492 574
495 497
495 529
496 502
498 553
500 518
500 579
500 590
501 557
501 597
503 536
504 600
504 603
505 555
506 519
506 565
507 573
511 587
512 558
512 600
514 548
516 532
516 602
517 586
517 601
518 608
519 569
519 596
519 602
520 537
520 563
520 595
521 546
521 614
522 619
523 542
523 590
525 545
527 538
527 562
528 566
529 577
529 627
530 612
532 552
532 555
532 610
533 593
536 558
536 636
537 590
537 631
538 558
538 560
540 548
540 564
540 596
541 549
542 615
542 641
543 545
543 565
544 603
544 632
545 585
546 573
546 614
547 602
547 605
547 613
547 615
549 620
550 565
552 562
552 613
554 582
554 609
555 590
558 650
559 659
560 601
560 639
562 622
563 623
564 594
564 617
564 641
564 659
565 570
565 657
567 609
567 637
567 657
569 619
570 571
570 595
570 661
572 661
573 671
574 657
575 580
575 643
576 624
576 652
576 655
578 622
578 647
579 586
580 637
580 660
582 675
583 614
583 616
585 599
586 676
587 676
588 594
588 604
588 658
588 671
589 623
591 643
592 607
592 687
594 603
594 690
595 612
595 665
596 671
598 617
598 686
599 658
601 620
601 659
602 667
604 667
604 676
607 677
608 636
608 663
611 642
611 670
611 688
613 678
614 644
616 635
617 678
617 691
618 663
619 633
619 635
620 627
620 677
621 627
621 672
622 641
622 684
623 659
623 707
624 625
624 706
625 687
626 644
626 726
627 634
627 700
628 661
628 665
629 698
629 700
630 631
630 724
632 725
634 700
635 664
636 687
637 670
637 694
637 710
638 719
639 643
640 668
641 647
641 687
642 660
642 732
644 659
644 702
644 704
644 738
645 705
645 710
647 652
647 675
647 676
647 729
650 720
652 695
653 714
654 691
654 742
654 749
655 685
655 715
655 722
655 736
656 659
656 692
659 681
660 727
663 681
664 694
664 749
665 759
666 671
666 691
666 759
666 766
667 759
670 685
670 701
670 752
673 720
673 747
674 678
674 739
674 751
675 690
675 755
676 721
676 747
680 702
680 716
681 719
683 733
683 734
684 727
684 732
686 751
687 696
688 733
688 773
689 708
689 748
689 769
689 780
692 726
692 741
692 765
692 792
693 754
693 756
695 707
695 724
696 771
699 708
699 767
699 797
700 730
700 797
702 741
702 790
702 791
703 719
703 790
703 791
704 736
705 796
706 795
707 749
708 743
711 718
712 728
712 778
713 743
715 717
716 768
717 796
718 770
718 780
721 742
724 800
725 795
729 811
729 818
730 740
730 814
731 742
732 746
732 828
735 776
736 750
736 832
738 777
738 813
738 820
738 826
740 747
741 750
745 814
745 833
747 834
749 787
751 788
752 812
753 839
754 791
755 774
758 839
759 810
760 783
760 842
760 858
762 815
763 786
765 770
766 787
767 832
768 796
773 804
774 780
774 853
775 855
777 788
778 857
779 835
780 803
780 824
781 790
781 817
781 830
781 859
782 847
783 811
784 803
784 804
785 861
787 810
789 819
790 810
790 840
790 855
792 812
793 890
796 798
797 827
797 870
799 808
801 870
801 899
802 889
803 879
805 836
806 836
807 896
808 907
809 859
810 882
810 908
811 852
811 869
811 893
812 816
812 823
812 840
812 880
813 823
813 896
814 862
814 895
815 869
815 911
816 899
817 871
817 914
818 840
819 824
819 901
820 848
820 857
820 870
821 910
823 864
826 925
828 840
828 856
828 891
829 836
829 896
829 926
830 851
830 878
831 901
834 851
834 861
834 906
835 837
835 848
835 922
835 928
838 892
839 853
840 920
842 929
844 848
844 890
844 897
844 899
844 913
845 877
845 894
846 906
846 946
849 874
849 935
849 940
851 885
852 916
852 950
853 879
853 921
854 859
855 895
855 911
855 940
855 953
856 940
856 954
857 933
858 878
859 903
862 879
862 943
864 930
864 962
865 886
865 896
866 893
866 899
867 917
867 967
870 938
870 956
871 898
872 916
873 881
873 902
874 875
876 967
877 918
878 929
879 938
880 886
880 948
881 908
881 931
881 946
882 934
885 917
885 950
885 970
885 977
886 888
886 914
886 942
887 933
888 925
888 941
888 965
889 897
890 919
890 930
890 954
891 991
892 964
894 956
894 977
894 986
895 971
895 976
896 961
896 987
898 941
899 914
900 955
901 910
901 993
903 912
903 965
906 957
906 982
907 917
907 946
907 986
909 992
910 968
911 960
911 971
912 921
913 917
913 928
914 940
914 986
915 937
915 961
915 970
916 948
917 925
917 983
918 965
918 987
919 920
921 943
921 986
923 975
923 986
925 954
926 968
926 978
926 985
927 936
928 951
929 948
934 969
935 975
935 986
936 951
936 953
936 973
936 1000
937 954
937 956
939 985
940 959
940 1000
941 969
942 961
942 991
943 965
944 984
947 977
947 986
947 994
948 987
951 954
952 970
953 969
955 973
956 963
958 981
961 962
966 993
967 985
971 991
977 985
984 995
985 989
29 13 7 14 18 1 4 13 7 14 18 25 20
12 10 17 21 0 15 11 10 2 0 24 16 22
15 8 7 21 6 11 20 14 10 6 17 4 34
2 3 6 0 3 7 12 13 7 11 13 23 18
3 0 8 10 8 14 13 1 7 5 0 2 4
9 3 7 4 4 1 6 9 9 3 3 5 0
15 19 10 16 13 8 25 20 5 14 6 12 12
22 9 2 12 15 26 7 11 12 11 13 5 12
5 5 2 8 14 6 10 17 2 10 9 6 7
12 6 7 6 11 2 9 2 11 9 5 0 4
2 2 8 13 4 14 24 23 4 4 15 10 4
3 9 12 7 8 18 12 2 11 12 4 8 8
28 3 2 1 29 14 7 15 23 19 13 15 10
3 7 4 9 3 24 1 4 8 12 5 3 0
18 4 6 19 2 12 13 8 19 26 4 14 13
23 14 15 11 2 12 0 14 10 16 17 21 5
9 4 12 17 19 2 10 5 3 11 12 18 10
2 13 5 0 2 2 5 19 5 4 5 4 16
5 16 7 15 24 2 11 1 24 34 11 8 8
15 3 8 11 19 21 21 5 9 3 9 5 4
20 22 20 35 52 66 11 16 35 54 32 32 24 52 18 34 26 54 34 34
20 26 20 42 63 52 30 24 40 49 37 44 30 53 39 20 46 45 29 42
2 14 1 10 18 11 3 1 10 7 13 5 2 14 2 6 5 13 3 4
1 5 1 8 7 1 1 1 4 1 6 3 1 13 2 8 1 10 1 1
18 24 17 29 37 37 12 17 29 26 26 15 22 37 9 13 11 50 8 19
3 10 1 9 14 12 5 1 1 7 5 8 4 16 10 10 1 14 1 1
3 5 1 9 19 24 1 1 2 10 11 2 7 9 7 1 7 13 2 10
13 25 21 23 61 65 19 24 36 56 36 43 20 68 29 29 22 61 36 37
14 6 1 9 29 33 7 7 17 28 18 18 10 32 7 21 15 22 20 12
5 30 32 27 51 47 13 24 27 37 39 30 21 45 29 16 15 41 22 32
5 26 12 23 39 35 7 8 26 20 35 10 13 26 6 8 18 27 1 27
8 15 4 13 25 12 7 9 16 19 9 14 12 20 13 7 15 20 15 9
6 6 1 6 16 13 1 1 1 19 1 9 4 11 3 4 11 13 15 5
14 30 15 30 39 45 14 2 25 24 32 17 3 33 18 12 20 50 15 10
15 29 12 42 55 59 19 15 39 36 39 30 27 53 22 20 27 64 17 29
2 1 1 2 12 6 1 1 1 8 1 2 4 5 1 2 1 7 3 1
21 24 20 31 49 52 10 30 30 45 19 32 31 59 31 28 18 53 28 24
1 8 1 1 11 9 1 1 1 5 5 1 1 9 1 3 1 4 1 5
3 3 1 4 11 15 4 1 2 8 1 6 4 11 6 3 2 13 2 1
29 46 35 51 68 69 34 30 48 57 50 52 23 68 51 30 37 74 43 37
3 12 4 11 25 28 1 1 7 20 18 8 9 20 1 12 4 23 8 15
4 7 1 16 20 21 1 1 11 17 7 10 14 10 1 1 8 21 6 2
6 31 21 28 44 42 6 16 24 35 23 27 18 41 23 12 13 46 18 21
17 18 13 39 62 66 22 30 46 58 44 42 42 59 27 38 30 54 32 41
13 18 1 29 37 39 7 2 25 30 24 21 13 34 4 15 14 44 15 14
22 16 6 40 57 55 22 17 42 49 32 34 27 56 31 13 35 54 39 32
7 19 3 5 15 16 3 1 7 16 10 7 1 13 4 7 13 17 13 9
1 1 1 3 7 9 1 1 1 3 3 1 2 2 1 1 4 1 1 2
16 33 23 35 51 43 13 12 29 36 38 26 8 38 15 17 27 51 22 28
13 25 13 32 30 46 4 16 19 21 25 19 27 40 15 31 3 44 6 19
1 10 1 5 11 4 1 1 1 6 3 5 1 9 5 8 2 6 6 2
12 8 4 12 18 24 5 5 14 22 6 3 6 18 5 9 12 22 12 5
24 17 14 35 42 45 15 12 41 37 29 17 18 39 18 14 31 51 28 11
6 27 16 29 59 60 14 15 29 44 41 38 27 50 38 27 28 36 23 41
4 10 1 9 6 8 1 1 1 7 3 1 4 4 5 5 3 13 5 1
1 14 12 14 24 24 1 10 14 14 20 13 2 27 6 6 1 30 11 10
10 13 8 14 34 33 5 9 12 22 17 13 13 30 16 12 11 25 7 16
10 21 11 34 37 40 6 8 20 31 28 24 13 40 23 20 18 37 24 15
5 13 8 15 33 31 1 6 8 27 10 19 9 30 8 9 6 36 14 15
10 22 18 20 46 46 10 19 29 44 23 29 19 37 9 6 20 45 28 31
9 18 14 22 42 36 4 13 21 35 29 20 20 35 18 18 21 18 15 29
10 26 22 24 53 49 14 14 29 37 36 20 13 38 10 13 20 38 11 35
8 10 5 19 26 21 1 3 15 21 16 11 9 18 10 2 16 17 14 9
5 8 1 14 7 15 1 1 7 11 1 7 13 11 4 8 4 16 4 1
3 8 1 5 12 8 1 3 5 8 3 3 5 11 1 6 3 5 4 3
32 36 21 41 58 71 15 33 40 55 42 36 42 66 38 49 34 59 42 34
9 23 21 44 65 58 6 22 41 49 44 39 33 64 33 19 28 46 30 36
5 34 26 27 50 53 5 15 24 41 39 29 13 50 15 25 15 48 18 35
8 23 17 15 40 39 4 16 22 31 25 20 13 44 16 24 10 29 19 25
28 21 10 44 54 52 26 17 42 47 29 38 24 48 15 23 32 64 24 25
13 27 14 32 62 47 11 15 35 43 35 36 10 49 16 6 37 40 28 31
4 11 1 5 11 10 1 3 3 5 4 3 5 4 4 5 3 9 4 5
10 17 3 33 26 36 1 6 20 16 24 15 22 29 9 18 11 43 11 11
7 15 10 10 33 24 1 11 13 23 14 12 11 20 8 5 13 20 15 20
13 10 1 16 15 18 1 11 16 12 8 12 13 28 1 14 10 26 13 1
15 33 24 47 55 51 21 11 35 36 43 32 9 47 26 24 25 60 10 18
18 34 10 41 44 45 10 13 27 33 29 40 21 55 25 29 27 54 27 12
13 32 17 37 66 53 15 16 29 47 30 47 15 65 35 24 33 40 39 36
13 24 20 29 32 33 8 18 26 23 31 9 23 33 25 14 17 33 11 22
23 36 29 39 61 56 7 29 42 44 45 30 27 59 27 26 26 63 31 31
8 34 22 43 59 49 11 14 35 35 45 35 18 56 27 19 26 49 21 25
1 3 1 1 10 3 1 1 3 5 2 1 1 7 1 1 1 5 1 1
20 27 10 36 50 57 16 14 33 50 31 35 25 51 19 25 24 60 28 30
12 12 8 27 27 33 9 12 20 26 16 14 24 27 19 4 10 38 11 9
30 24 18 30 26 40 17 14 31 36 20 11 23 25 14 26 27 51 27 10
7 21 6 20 34 24 8 5 21 13 30 13 7 25 5 5 16 24 11 15
1 5 2 3 12 5 1 1 1 6 4 1 2 8 2 5 1 4 1 4
5 5 1 12 8 11 1 1 6 8 4 5 5 9 1 2 5 17 10 1
9 8 6 17 17 12 3 10 15 17 10 7 15 19 8 2 7 24 14 5
24 16 16 31 38 44 11 18 30 38 24 13 26 39 22 13 28 41 28 26
1 3 1 2 1 1 1 1 1 1 2 1 1 6 1 2 1 3 1 1
1 3 1 8 14 10 1 2 2 3 3 5 8 10 2 1 1 11 1 1
9 24 9 18 24 27 7 11 18 15 23 9 12 26 15 12 9 29 8 13
4 14 4 9 11 13 1 1 4 5 11 6 1 12 4 6 3 15 5 7
7 20 9 14 17 21 2 10 13 11 17 2 10 22 12 10 4 21 7 10
4 21 8 20 26 19 5 1 15 12 22 15 11 17 1 8 8 29 12 11
11 20 1 15 22 23 1 13 18 14 14 7 19 27 7 16 12 27 7 7
4 12 3 16 23 26 6 6 13 19 7 12 17 26 12 10 4 25 1 7
1 11 1 2 9 5 1 1 2 1 8 1 1 2 1 1 1 7 1 3
3 1 1 1 1 3 1 1 1 1 1 1 1 4 1 3 1 5 1 1
9 26 22 43 63 51 19 18 21 47 31 45 21 59 47 29 26 45 26 31
3 6 1 5 13 8 3 1 1 7 1 6 4 5 6 4 2 10 4 1
8 3 8 17 30 21 5 12 13 19 13 12 16 25 13 5 5 21 12 9
5 10 1 14 12 12 1 1 3 5 8 4 7 14 2 9 1 18 4 3
8 4 1 14 28 25 5 1 9 19 14 13 4 21 8 6 9 21 13 7
14 17 16 11 45 43 12 25 33 41 23 24 19 52 16 24 12 37 22 27
4 9 3 11 17 9 1 4 5 14 4 7 9 9 2 2 5 16 8 3
24 43 25 51 53 59 18 17 37 45 42 35 24 49 26 33 36 53 12 31
3 10 4 20 22 18 1 6 12 19 12 11 21 16 9 8 10 15 8 13
38 51 28 44 57 67 23 30 41 49 33 38 25 62 32 44 36 77 24 27
18 33 26 26 47 38 15 23 30 34 34 21 19 43 24 17 23 40 22 31
27 22 14 33 42 66 13 26 42 50 31 27 37 48 16 35 24 55 31 33
26 34 18 49 54 61 28 20 47 38 46 37 20 58 30 27 42 61 22 31
12 27 14 33 56 55 19 22 33 47 42 35 32 42 19 29 28 40 26 44
9 11 1 11 22 22 6 1 4 16 8 12 7 15 13 8 10 19 13 6
3 21 2 24 35 39 10 1 24 23 24 14 17 29 13 13 12 30 1 20
26 39 32 46 39 45 27 26 37 34 43 27 19 47 28 30 23 52 15 21
10 24 31 31 70 74 26 28 45 66 44 46 27 65 42 24 31 53 39 45
4 24 12 17 27 21 4 8 12 21 17 14 10 14 3 4 12 25 9 18
1 1 1 2 13 7 1 1 1 5 1 1 1 10 1 4 1 3 1 1
22 39 29 37 47 46 15 31 34 46 29 31 27 45 19 15 32 43 25 39
10 11 1 19 36 35 4 10 16 33 17 24 22 37 13 20 17 25 22 21
26 34 26 47 60 62 23 23 50 55 36 39 22 51 14 14 38 72 32 32
24 38 15 34 40 48 12 18 22 37 29 30 18 52 28 38 28 48 25 14
20 36 23 31 71 67 8 32 48 57 44 42 25 68 24 22 40 59 43 41
1 5 3 3 10 5 1 2 2 7 1 1 1 10 1 4 1 10 1 2
1 5 1 18 20 10 1 6 13 10 12 11 15 17 5 4 7 15 10 7
1 4 1 1 4 6 1 1 1 5 1 1 1 4 1 1 1 3 1 1
5 8 3 8 15 9 1 1 6 10 9 3 6 6 6 5 8 8 5 6
16 21 9 36 52 53 19 3 41 43 41 31 18 40 16 21 41 42 43 24
10 14 1 8 14 18 6 3 10 8 9 3 7 18 4 11 9 18 2 4
20 19 10 33 51 49 14 9 32 45 25 31 13 48 25 17 34 49 34 22
25 38 14 44 50 64 10 10 29 44 36 29 24 50 20 34 30 61 18 25
1 3 1 10 27 18 1 1 3 17 6 11 10 17 11 3 7 10 7 10
11 5 1 19 18 28 3 11 15 21 11 12 22 26 1 19 3 23 5 13
19 24 11 25 18 30 14 4 23 20 20 6 6 22 11 18 22 33 15 5
17 27 12 31 29 45 13 7 28 30 22 13 12 19 4 7 23 47 9 17
1 17 3 18 24 25 1 6 16 16 23 9 15 26 7 14 4 23 10 13
1 2 1 5 4 2 1 1 1 1 1 1 2 1 1 1 1 5 1 1
24 28 36 36 70 74 25 30 50 59 50 39 21 59 21 20 33 68 38 45
8 25 18 29 49 57 14 10 21 49 21 33 9 45 27 16 15 53 23 22
6 16 11 7 32 29 1 10 15 25 20 11 7 26 4 8 12 22 14 22
9 16 5 19 34 27 3 5 16 25 20 17 8 33 7 15 14 29 20 13
27 25 13 36 48 49 10 16 36 46 25 31 16 55 21 29 39 45 44 22
1 15 1 11 20 18 1 1 13 9 22 5 5 16 5 9 8 11 4 13
3 10 1 2 9 10 1 2 3 6 2 3 3 5 4 5 2 9 2 3
1 9 1 7 10 7 1 2 5 6 6 5 3 15 3 5 2 9 4 1
19 13 1 16 26 28 1 10 13 26 5 18 13 31 12 19 18 31 21 3
24 23 15 38 41 51 11 25 36 41 24 19 39 46 27 22 22 54 17 20
19 25 27 55 63 50 11 29 46 51 44 45 43 59 32 14 37 49 38 39
20 29 20 27 52 55 4 24 38 45 44 27 29 53 20 30 30 42 25 38
20 28 28 50 54 74 21 15 37 58 37 32 26 52 36 37 23 60 20 27
20 8 5 17 30 35 7 8 19 33 17 12 17 29 8 19 22 21 23 19
2 20 15 9 44 41 12 11 23 30 26 16 7 30 11 4 6 39 11 27
11 26 18 26 60 60 10 18 27 45 43 33 21 53 34 23 24 41 32 38
6 19 3 20 15 16 3 6 15 6 18 2 12 19 10 9 9 24 5 5
10 35 16 24 51 36 10 11 19 30 29 22 9 36 17 12 25 34 18 32
29 39 29 52 58 58 26 29 50 42 58 33 31 61 30 37 37 51 22 42
2 16 13 11 38 29 1 12 12 24 19 10 9 27 10 4 3 25 9 21
1 17 4 12 14 15 1 1 2 6 10 6 6 13 7 8 3 15 7 8
19 24 25 30 59 68 31 25 52 57 45 40 20 62 33 35 31 60 44 35
1 12 1 8 13 3 2 2 7 4 9 5 5 7 3 5 5 9 4 2
16 8 6 19 25 24 9 1 18 21 13 11 7 12 7 5 18 22 25 3
1 20 4 17 21 16 3 4 10 11 14 6 9 16 7 8 5 26 2 4
1 6 1 1 4 3 1 1 1 2 1 1 1 1 1 1 1 1 1 1
14 16 12 22 22 38 4 11 16 25 16 5 17 18 13 2 9 37 16 14
6 13 1 12 16 7 5 1 10 8 11 6 2 11 1 2 9 17 7 1
15 25 17 21 27 28 5 16 22 21 27 9 10 28 11 10 12 35 11 18
1 6 1 3 11 3 1 1 1 8 1 2 1 3 1 1 1 8 3 2
27 34 34 43 66 57 28 31 45 49 46 39 28 61 35 23 31 67 36 41
23 30 29 30 57 50 5 32 33 50 23 29 29 45 32 12 35 32 35 44
3 5 1 1 6 4 1 1 1 1 1 1 1 8 1 7 1 3 1 1
3 10 7 10 33 28 3 9 18 24 14 11 11 17 8 1 10 30 10 15
39 32 22 38 38 54 26 15 40 42 26 15 25 30 14 31 38 56 21 17
3 10 1 4 17 14 1 1 1 13 6 6 2 5 2 1 9 13 12 11
5 13 1 12 18 25 1 3 3 11 10 3 12 16 5 9 3 22 6 8
27 20 17 37 43 42 17 15 37 41 27 24 17 43 26 15 35 47 43 15
2 15 8 27 26 22 1 4 8 19 14 17 15 28 10 18 2 31 6 8
8 10 7 12 27 26 1 11 14 28 7 11 8 26 8 6 13 26 21 15
3 8 1 7 9 6 1 1 3 9 1 6 6 7 1 4 5 8 8 3
17 34 17 44 60 60 29 14 49 55 39 43 10 60 34 11 44 62 50 30
14 19 10 28 43 43 4 22 33 38 19 25 31 43 11 19 20 42 16 22
15 17 1 24 42 42 12 11 22 41 12 33 23 35 23 16 25 37 24 25
15 45 24 33 46 46 15 8 24 34 38 24 7 36 23 24 29 45 19 25
11 19 6 23 24 28 1 7 17 21 16 13 17 26 7 11 8 38 15 9
9 1 3 10 16 21 1 6 9 22 1 7 12 20 1 6 7 22 11 4
6 12 1 13 28 34 4 4 12 33 17 19 15 29 9 18 16 21 22 20
7 4 2 8 25 24 1 5 13 17 13 1 11 22 5 9 11 14 2 10
16 26 13 32 46 57 4 18 32 38 34 22 28 53 21 29 22 51 17 23
6 6 1 8 22 19 1 1 8 12 12 10 1 28 4 12 4 19 6 2
2 13 5 16 15 17 1 1 3 2 10 5 8 17 12 15 2 17 1 2
1 15 11 20 42 36 1 7 16 24 26 15 9 36 15 10 7 28 7 22
31 46 27 41 56 48 23 28 42 37 50 39 23 51 14 30 42 56 23 38
7 16 6 20 22 23 1 3 9 13 17 9 7 28 8 12 3 33 12 3
1 6 1 11 23 12 1 7 9 16 11 14 10 24 5 9 8 12 13 12
12 2 15 24 47 44 3 21 26 42 21 21 31 48 19 14 15 29 21 31
17 30 22 27 53 58 9 19 29 51 27 23 9 42 19 14 32 43 27 38
33 32 30 55 53 62 22 15 45 51 42 33 27 50 27 34 41 70 47 20
1 11 1 12 13 8 1 1 6 1 12 2 7 5 1 2 3 15 1 4
15 22 7 20 40 35 8 10 28 30 29 18 11 43 10 21 20 34 22 19
9 24 7 19 54 42 18 16 31 41 36 27 20 48 24 28 35 22 28 40
8 15 9 26 28 40 1 3 11 25 22 14 16 27 18 21 10 29 9 12
12 14 3 20 32 26 15 1 21 21 17 21 6 24 10 4 17 35 17 8
24 19 7 25 26 31 10 15 27 30 14 8 21 28 9 18 26 41 20 11
14 24 9 22 55 47 31 19 38 42 35 37 14 49 22 30 34 34 21 37
8 22 4 16 31 39 8 8 21 29 22 16 18 28 12 17 15 32 16 16
15 25 10 45 39 48 13 7 34 29 35 26 18 45 18 15 25 56 23 9
6 7 1 6 15 9 1 1 1 13 4 7 1 17 2 8 6 13 11 1
7 15 9 20 30 24 6 13 23 16 23 10 19 25 16 7 14 16 9 16
4 15 13 25 38 29 1 15 24 22 25 19 17 39 13 10 12 29 14 21
10 21 3 26 33 45 15 8 25 27 23 23 20 46 20 26 15 44 10 16
17 18 4 22 33 33 11 6 24 22 23 15 11 31 17 16 21 35 9 12
9 18 20 15 47 46 20 26 33 46 18 32 23 41 22 6 17 49 31 31
9 16 2 9 11 21 1 6 6 9 9 1 8 22 6 15 4 22 4 5
2 16 3 32 35 31 1 6 21 21 22 23 22 36 16 14 13 32 14 14
11 37 27 46 62 54 18 22 38 45 39 44 16 59 27 24 23 59 18 26
5 29 18 47 68 63 11 20 41 50 50 49 35 73 36 37 29 49 28 32
16 7 1 11 24 22 1 7 4 23 5 16 6 24 9 11 19 13 22 13
4 4 1 4 15 15 1 1 2 8 6 2 4 7 2 2 4 5 5 5
15 13 11 25 36 39 5 17 26 32 20 13 28 35 8 11 12 39 14 23
8 2 3 12 35 37 9 16 23 26 22 17 25 39 18 23 14 18 12 21
11 21 7 20 25 40 1 11 12 24 14 6 21 30 6 21 6 37 3 14
1 14 2 4 29 21 1 1 2 18 13 10 4 16 6 3 8 8 11 21
21 6 3 22 34 45 10 10 20 41 12 18 24 35 13 17 22 34 21 16
4 11 5 15 36 16 3 5 16 22 18 16 6 30 10 6 19 16 14 17
11 8 1 21 46 43 14 10 33 36 26 35 12 52 18 20 26 40 34 21
3 5 1 4 11 14 1 3 4 10 2 1 7 9 1 3 2 10 4 3
10 12 5 23 34 40 1 9 20 33 21 17 25 34 17 17 18 25 20 23
3 1 1 3 15 8 1 1 1 7 3 6 3 16 1 7 4 4 7 6
5 4 1 12 9 8 1 1 1 5 6 5 8 9 1 7 4 13 5 1
1 9 2 15 18 22 2 3 3 8 11 6 10 21 12 11 1 20 1 3
1 10 3 17 29 23 9 7 15 16 14 16 12 26 20 10 6 23 8 10
11 9 1 12 25 14 1 5 10 19 9 15 9 27 3 12 13 23 17 6
20 38 15 34 45 55 17 17 28 40 37 32 22 54 26 44 22 49 20 17
4 27 8 20 45 31 8 4 21 28 33 23 11 37 10 18 18 31 22 26
1 11 1 8 17 17 1 1 2 5 11 2 4 10 6 5 2 9 1 9
5 17 1 10 20 9 7 3 11 7 13 6 5 7 5 5 10 11 5 6
33 42 33 43 52 64 25 13 34 51 37 33 24 48 43 37 34 60 41 25
12 16 1 12 23 26 11 1 15 18 12 6 6 14 8 3 17 24 8 8
40 34 28 50 68 66 36 20 56 61 48 39 26 59 32 36 50 61 32 36
4 4 1 2 7 7 1 1 1 9 1 2 1 4 1 1 4 8 8 1
30 23 29 60 56 64 17 26 53 54 47 34 40 52 30 17 42 57 39 33
4 9 3 4 10 5 1 4 6 7 6 3 3 14 2 9 3 9 1 2
11 8 1 14 17 22 4 3 14 12 11 5 8 12 7 6 15 15 11 6
38 29 25 43 64 59 5 41 51 59 37 37 44 69 35 34 41 51 40 36
5 17 7 12 21 24 1 5 4 14 16 6 7 22 1 14 2 25 3 14
1 8 9 17 39 32 1 8 17 30 18 15 17 27 14 5 12 15 5 20
16 29 20 27 35 46 9 12 24 33 31 11 10 29 12 17 20 41 17 25
19 20 8 21 41 47 4 17 23 42 22 26 19 54 20 33 24 38 29 18
10 36 18 35 54 47 27 11 28 36 34 37 11 47 37 23 26 42 17 25
3 10 1 3 7 8 1 1 2 4 1 2 1 3 4 3 3 7 3 1
9 29 30 30 72 73 17 24 38 63 49 43 29 62 32 23 28 55 36 52
8 31 30 40 61 57 8 23 44 43 52 33 21 49 12 13 27 49 17 43
34 40 25 44 49 53 28 15 43 39 41 27 12 39 10 25 39 66 21 23
14 32 20 45 50 60 6 10 32 35 50 28 18 45 11 24 28 51 16 32
13 11 12 31 45 46 8 20 32 37 29 24 30 54 18 23 9 47 19 20
28 37 25 58 49 56 17 20 48 40 45 29 27 47 24 23 40 59 21 25
5 15 1 8 13 22 1 1 1 10 8 2 2 17 8 12 4 17 4 5
21 27 17 49 70 65 27 13 53 61 49 50 24 64 16 26 49 59 47 39
5 25 20 24 60 56 15 14 28 44 35 30 16 49 30 23 21 41 22 40
1 7 1 7 13 14 1 2 3 9 7 1 4 16 4 9 1 11 2 2
5 6 1 12 13 13 1 1 1 11 6 3 6 9 3 4 5 17 7 1
12 9 5 12 30 31 1 8 17 22 19 11 10 33 1 17 9 29 15 15
16 33 23 32 44 49 9 22 31 33 38 17 30 39 34 16 23 37 13 31
9 25 12 20 35 38 7 9 22 28 29 14 15 30 23 15 21 20 7 21
16 18 1 12 13 25 2 5 12 14 12 5 5 21 6 17 12 28 12 2
13 25 12 24 53 53 7 22 29 45 23 32 20 56 14 23 18 43 23 35
34 31 27 37 28 42 26 27 39 33 30 18 28 33 31 24 32 47 34 23
8 14 5 9 20 19 3 9 16 20 10 6 7 20 2 5 11 24 11 8
12 7 5 14 28 21 5 6 14 28 9 15 5 25 5 5 17 23 24 10
13 27 20 43 53 59 7 24 42 40 42 34 31 57 16 25 20 61 24 30
23 21 16 42 60 60 23 22 47 50 39 42 19 54 8 18 27 65 26 32
6 11 1 15 16 25 1 3 4 11 14 2 13 20 9 12 7 16 2 11
9 11 1 13 12 20 1 5 4 11 4 4 14 18 1 14 2 21 3 2
1 6 1 6 6 2 1 1 1 2 3 1 1 3 1 2 1 6 1 1
42 28 30 51 50 67 26 37 45 60 32 36 45 59 33 35 31 77 40 32
8 3 1 5 3 10 1 4 4 6 1 1 7 12 1 8 4 10 4 1
8 11 4 15 36 40 10 7 24 33 24 13 18 28 14 15 24 23 15 21
2 5 2 14 16 11 1 1 4 8 10 4 8 9 3 1 4 13 4 6
12 33 33 31 49 45 17 28 32 42 31 33 10 53 34 24 14 46 20 25
11 16 5 14 25 31 6 12 15 15 15 9 19 29 17 17 11 21 4 14
19 24 14 30 35 44 4 16 18 41 15 27 24 44 20 30 21 45 23 16
24 42 26 41 60 55 21 21 28 47 29 44 13 65 32 34 32 53 21 33
3 8 3 2 25 11 1 2 2 17 1 10 1 19 6 8 3 11 7 8
5 9 1 11 5 13 1 1 1 7 4 2 6 6 1 4 4 18 4 1
2 7 5 11 24 29 5 7 17 27 1 16 11 25 9 5 4 31 7 10
13 26 18 36 40 49 4 14 26 37 27 20 27 32 20 14 22 44 18 26
1 4 6 26 27 21 1 4 15 17 17 12 17 18 7 1 9 21 5 10
15 17 6 14 26 32 3 10 18 20 16 5 9 27 7 13 15 34 9 12
4 4 1 7 13 9 1 4 4 8 5 6 5 13 5 8 1 8 4 1
11 12 11 25 26 31 4 15 20 23 16 12 28 24 19 8 16 21 8 15
1 13 4 5 15 15 1 2 2 4 10 1 6 7 2 4 1 10 2 10
31 32 13 47 50 67 19 25 38 59 19 47 33 61 38 37 37 67 39 23
3 4 11 15 27 18 1 14 17 17 12 5 16 19 12 3 6 16 6 14
7 21 11 25 26 29 1 5 13 15 26 12 11 30 19 18 13 21 6 13
6 5 6 9 31 24 1 10 18 21 17 10 11 30 4 15 8 15 10 16
2 3 1 6 6 8 1 1 1 6 1 2 5 1 1 1 1 9 5 1
3 16 2 13 44 33 9 5 25 23 30 21 4 41 7 16 14 27 15 18
5 8 1 14 18 10 3 2 12 6 14 7 8 9 2 2 10 16 9 3
4 2 1 3 3 5 1 2 2 4 1 1 6 5 1 3 2 8 3 1
5 6 1 5 21 19 2 3 7 16 8 6 6 16 4 9 5 9 7 7
3 24 14 31 38 39 1 15 26 28 24 18 30 26 15 10 14 30 6 25
31 31 22 37 57 54 20 26 38 56 24 32 28 51 34 24 46 40 40 36
7 31 19 30 44 36 10 10 33 25 38 21 11 35 8 9 24 43 19 25
1 13 1 6 19 12 1 1 6 7 13 4 3 9 1 2 3 9 3 7
6 6 1 1 11 18 1 1 1 11 2 2 1 10 1 4 4 10 6 3
13 19 3 17 42 40 10 18 23 35 12 25 23 46 20 17 21 36 19 21
8 17 1 6 4 11 4 4 8 5 7 1 6 12 4 12 7 15 3 5
21 27 8 22 25 38 1 11 13 24 17 11 18 28 10 23 15 41 17 11
15 32 24 48 66 58 32 24 57 54 39 52 24 62 22 17 35 73 38 35
19 26 17 45 44 58 3 21 33 40 38 24 33 46 17 23 20 54 16 32
1 14 6 9 21 19 1 1 7 7 16 2 6 8 6 3 7 9 1 14
1 10 4 16 10 13 1 3 5 6 8 3 7 17 5 6 1 22 1 1
23 39 23 47 65 54 21 21 41 42 48 39 21 64 25 19 36 59 37 36
1 12 2 20 19 10 3 1 16 9 17 17 5 18 1 4 11 21 16 2
10 12 5 10 18 16 6 10 14 17 6 9 13 16 11 7 8 19 11 5
1 11 6 6 16 14 1 9 9 13 8 4 9 18 1 8 1 12 5 10
19 25 13 38 34 47 13 7 30 35 31 26 17 42 19 29 20 51 24 10
24 32 19 34 54 47 13 22 34 43 34 30 21 55 31 21 36 44 19 30
28 36 26 52 59 74 7 30 46 52 45 36 32 67 28 35 35 69 37 29
30 11 25 33 56 67 27 21 44 63 34 38 31 51 22 34 29 60 45 26
2 1 1 9 4 3 1 4 7 2 3 1 7 7 1 1 1 12 4 1
22 25 15 41 31 45 13 16 36 28 34 18 22 37 17 11 25 53 31 17
26 19 10 23 39 44 14 16 34 42 23 18 20 46 6 25 31 43 28 24
8 9 3 13 24 22 1 10 9 19 8 12 13 23 9 2 11 20 19 13
10 33 11 30 60 61 14 16 33 47 39 36 27 55 35 23 36 37 24 44
9 18 1 13 19 23 2 4 11 7 17 5 9 23 10 16 10 20 3 6
9 15 7 20 54 46 21 11 28 46 24 31 16 45 21 14 29 37 27 33
27 32 17 30 55 57 12 28 38 54 33 41 22 70 25 40 41 48 46 37
13 13 4 18 21 23 1 11 11 21 9 15 21 23 3 16 8 29 11 9
10 16 14 16 32 34 3 17 19 27 25 13 16 36 2 18 8 31 9 24
2 18 8 14 41 38 3 9 23 28 27 13 13 34 15 11 13 25 8 22
2 10 1 10 20 10 3 1 9 9 13 3 6 14 1 5 10 8 4 8
19 29 19 26 35 47 9 14 26 33 31 9 12 34 12 20 22 41 14 27
22 30 9 42 38 52 1 19 35 36 30 22 36 39 17 27 24 54 18 20
1 12 1 7 20 12 1 2 4 10 9 8 6 14 8 8 8 7 9 13
8 17 6 27 33 50 7 11 24 30 23 19 27 43 25 22 13 36 7 22
4 9 8 21 27 21 2 9 12 13 16 9 11 34 16 10 1 29 6 5
7 7 1 15 20 11 1 5 9 7 11 12 8 17 7 10 5 19 11 1
2 6 1 3 14 14 1 1 6 8 10 3 2 11 1 8 3 4 4 8
4 10 1 13 9 9 5 1 8 4 9 2 10 3 2 2 8 13 1 3
5 41 27 48 59 50 9 15 32 34 49 38 15 44 29 20 23 50 15 25
1 10 1 2 9 5 1 1 1 3 2 2 1 6 2 4 1 5 3 2
25 24 10 29 13 35 7 20 27 23 15 10 30 33 17 24 17 45 16 6
3 14 4 2 16 13 1 1 2 5 6 5 1 11 3 8 1 9 5 7
5 29 11 21 38 34 6 7 23 22 33 8 10 25 8 12 17 24 3 26
8 14 1 11 11 19 1 5 7 9 11 1 10 15 8 12 8 13 6 10
9 10 1 6 11 13 1 4 7 10 4 3 5 5 3 5 8 12 10 3
13 19 10 31 52 38 20 21 46 38 44 35 24 52 17 20 32 36 39 30
10 20 14 23 42 37 9 16 24 35 23 22 15 41 17 11 23 35 23 28
14 23 22 20 70 63 23 38 44 66 37 53 26 72 38 26 32 47 52 48
11 23 9 18 26 29 7 8 11 19 15 15 13 32 18 25 8 33 6 3
8 10 8 18 52 54 14 18 33 45 26 30 22 47 16 17 18 45 28 32
28 13 24 43 64 72 30 32 54 67 30 47 39 66 28 23 33 77 50 32
31 33 10 53 58 68 22 25 51 48 38 42 35 61 24 32 39 70 22 31
9 26 22 25 42 40 2 13 18 35 26 21 14 33 24 14 21 30 17 25
21 27 21 30 37 38 11 20 34 23 36 12 24 30 19 9 28 32 10 29
4 15 9 15 21 23 1 1 1 12 15 9 4 22 15 17 3 17 3 5
3 2 1 3 11 7 1 1 1 11 1 1 1 3 1 1 3 10 6 1
8 9 2 7 20 13 2 5 6 14 5 7 8 16 8 11 5 15 8 3
22 45 33 41 53 47 25 23 34 34 43 32 19 52 34 31 23 54 19 28
3 8 1 13 34 23 1 6 10 22 13 18 10 30 14 5 15 11 14 16
25 29 25 26 48 42 15 32 35 46 20 32 24 49 25 19 35 39 39 36
1 2 1 1 16 4 1 1 2 9 1 8 1 10 2 4 3 1 7 3
13 26 20 34 44 51 13 15 27 36 28 19 17 37 28 11 15 57 18 23
1 18 5 13 20 23 3 1 4 12 10 7 10 10 8 5 2 22 1 9
30 25 28 43 65 78 29 37 46 62 44 41 44 75 49 47 31 65 37 38
6 4 1 8 21 18 1 2 3 12 10 10 3 26 5 16 1 16 6 4
4 11 2 13 16 11 1 3 7 6 11 6 8 16 9 13 6 12 6 6
3 13 1 13 15 12 1 1 9 3 12 10 2 20 5 10 4 21 5 1
41 33 33 43 49 58 31 25 51 55 38 22 21 51 22 33 39 60 34 32
15 47 31 62 79 78 15 18 53 59 65 49 31 66 27 27 36 72 33 44
1 1 1 18 18 19 1 3 11 12 10 7 17 21 1 9 1 17 1 8
9 14 1 8 9 11 3 1 9 9 8 1 3 8 3 8 11 15 7 1
3 3 1 2 5 9 1 1 1 7 2 1 1 5 1 1 2 8 4 1
8 21 8 30 43 44 5 5 17 29 26 26 16 44 21 19 11 46 15 14
20 28 30 43 54 58 15 31 44 50 39 37 34 59 26 24 18 68 36 32
14 13 4 11 10 19 4 1 6 12 6 1 8 10 4 11 10 22 11 7
5 23 4 19 14 24 5 1 9 7 16 3 7 17 7 12 8 24 1 6
9 7 1 7 7 11 1 1 4 9 5 4 3 10 1 7 7 12 7 3
3 4 1 10 8 10 1 1 3 7 1 4 9 3 3 1 1 10 1 1
14 24 14 38 61 58 1 16 30 50 36 37 30 54 22 23 24 45 22 40
33 29 27 47 46 53 21 27 45 49 36 23 29 52 24 20 41 52 23 34
18 24 29 27 54 59 19 15 42 55 37 20 23 31 18 10 33 48 36 36
17 14 15 22 41 45 6 16 27 40 24 18 17 45 16 25 20 34 28 25
10 11 1 11 22 23 8 7 9 18 5 14 10 25 14 16 6 27 9 6
9 10 7 14 38 33 3 14 20 29 19 20 20 39 19 15 18 14 10 22
25 29 19 35 43 44 13 19 31 46 15 30 17 40 17 15 36 44 38 28
5 10 1 15 18 21 1 2 7 15 8 6 14 16 3 8 5 18 6 6
2 13 5 19 28 33 1 8 16 27 15 15 18 30 6 20 3 26 8 18
19 22 7 20 41 42 6 18 16 35 18 21 21 46 20 28 18 36 19 19
25 36 19 34 38 51 18 7 28 32 32 13 8 29 13 19 31 49 15 23
26 18 16 38 44 51 26 24 39 39 31 27 31 46 31 18 26 61 31 27
27 27 22 39 53 55 25 29 43 47 36 37 23 58 11 36 23 56 10 35
4 6 5 12 17 19 1 9 13 16 8 2 15 15 4 2 7 17 6 8
8 3 6 9 14 14 1 10 13 16 5 5 7 16 2 3 7 20 10 5
22 29 36 34 54 55 19 38 39 50 42 34 36 61 35 28 24 62 39 38
1 19 12 15 27 31 1 7 14 24 18 9 13 22 3 12 4 26 4 20
8 21 10 33 47 49 2 5 27 33 37 22 14 42 15 14 23 38 20 24
5 5 6 16 29 26 1 9 12 26 9 14 17 26 4 8 6 23 10 11
22 19 10 21 29 40 1 21 23 30 14 11 21 39 8 20 13 46 20 14
1 9 10 17 36 27 2 12 14 30 14 21 13 35 6 9 6 27 17 19
5 17 13 30 52 43 5 6 19 32 34 25 17 34 15 6 19 35 18 25
31 36 30 41 57 61 26 33 47 46 40 27 33 59 35 28 32 64 21 39
15 15 3 17 25 29 15 4 22 20 17 12 3 25 5 10 18 31 7 10
10 15 10 15 24 27 1 6 7 18 15 9 6 31 13 22 6 25 7 9
5 15 1 4 6 7 2 1 5 1 7 1 4 7 1 9 4 13 1 4
17 42 27 33 55 43 15 14 29 30 44 28 4 49 13 27 23 48 14 29
18 19 24 36 66 61 22 36 49 60 36 51 35 71 27 17 20 64 41 43
16 5 1 11 17 24 5 5 9 23 1 9 9 22 5 11 10 29 13 1
8 6 1 6 12 15 1 3 5 13 1 5 5 18 4 8 6 16 10 1
1 11 2 23 27 25 1 4 16 13 25 12 16 24 10 10 7 18 10 16
4 16 5 17 14 14 1 1 4 7 14 8 5 15 9 10 3 20 7 4
11 26 17 31 53 50 5 19 35 34 40 20 22 52 20 15 19 46 17 26
1 11 1 9 18 7 5 1 6 6 8 8 2 8 6 1 3 16 1 1
15 20 21 42 41 47 9 28 33 37 33 34 31 56 16 35 7 60 18 21
4 13 4 8 16 10 1 1 6 14 8 8 4 17 5 9 6 10 8 6
14 32 17 30 38 36 13 9 18 30 25 23 9 40 22 26 18 42 12 9
7 24 9 36 40 38 1 8 13 25 25 29 22 40 22 25 14 38 16 21
3 8 1 9 9 9 1 1 1 9 3 4 8 7 1 6 1 10 5 4
14 31 13 33 67 72 19 20 32 59 44 41 29 57 37 34 37 50 36 47
1 7 1 7 6 6 1 1 1 2 2 1 5 3 1 1 1 7 1 1
4 2 1 7 13 13 1 1 3 10 7 4 5 8 2 1 7 7 8 5
6 6 1 6 10 9 1 1 1 7 4 2 5 6 1 6 4 9 6 4
3 2 1 1 18 12 1 1 3 14 6 7 1 20 1 12 2 4 8 8
1 34 23 38 64 49 14 13 32 39 44 39 16 50 35 17 24 47 19 32
1 8 4 12 25 18 1 3 7 16 6 6 9 17 7 6 7 14 7 10
4 12 6 13 16 9 5 5 12 10 13 8 5 17 5 7 7 19 6 5
12 13 1 7 15 10 6 1 13 11 8 4 1 10 1 6 15 14 9 3
5 6 1 9 16 9 1 1 1 9 4 7 4 13 3 9 4 13 8 3
25 24 23 40 43 47 15 12 31 40 31 27 15 49 24 32 26 55 34 8
21 31 17 57 60 64 16 21 47 53 51 53 29 71 26 43 30 66 38 28
5 7 1 5 13 7 1 1 1 9 3 3 4 7 1 6 4 7 6 1
1 8 11 7 31 17 3 10 15 24 15 19 1 29 2 3 6 18 18 17
28 8 13 33 40 46 27 12 32 42 20 31 20 40 27 24 30 52 39 14
6 22 12 26 41 35 7 11 23 28 26 19 24 26 16 5 20 31 13 24
6 16 5 22 27 27 3 3 18 14 24 13 9 24 16 10 16 25 12 7
3 14 4 11 28 16 1 2 12 12 15 8 1 16 1 2 7 24 9 8
16 26 9 31 42 43 3 19 28 29 30 19 28 48 24 23 18 41 17 19
20 12 13 32 51 55 9 24 33 55 24 34 32 58 21 24 18 48 32 34
31 16 16 43 48 58 25 21 46 45 32 28 32 48 37 26 36 58 39 21
21 15 3 33 35 37 1 12 28 29 23 24 24 38 10 18 30 39 30 11
13 11 1 14 23 24 1 5 20 15 19 12 8 31 1 17 14 26 15 4
16 21 8 31 42 52 13 11 30 35 38 20 24 45 20 28 30 37 12 25
10 14 7 19 18 30 5 1 5 21 10 11 12 26 14 17 7 29 7 5
9 19 3 14 14 15 5 6 10 9 9 3 12 18 8 16 7 24 1 2
13 23 10 43 50 48 10 14 40 32 36 31 31 45 19 11 23 50 19 22
30 15 20 43 50 61 19 23 51 51 29 29 33 49 25 22 35 66 36 18
6 15 4 11 9 13 1 8 8 7 8 1 10 15 9 12 5 16 5 5
15 17 7 23 36 35 11 4 23 31 18 18 13 25 17 2 33 24 18 18
25 37 26 55 64 61 18 30 47 49 47 39 41 62 29 33 34 61 23 44
13 15 9 15 23 23 1 11 14 18 12 10 9 30 6 15 9 30 13 10
34 35 22 38 51 64 20 17 48 48 44 27 22 53 21 42 39 64 41 22
12 37 24 39 75 62 19 29 52 51 57 45 27 73 26 26 36 57 46 50
16 22 12 36 50 47 12 20 30 47 18 37 26 53 30 14 23 49 31 25
9 18 5 27 29 23 7 4 20 11 26 13 13 23 14 11 18 27 14 9
12 7 2 14 30 32 11 7 17 29 11 16 9 25 12 3 11 28 18 11
4 15 2 13 14 5 5 7 14 8 9 5 10 13 6 7 7 17 6 1
15 25 9 27 50 39 4 12 28 33 32 23 14 41 15 7 30 35 31 26
1 3 1 1 6 7 1 1 1 3 2 1 1 5 1 1 1 1 1 3
12 17 9 19 26 28 1 16 16 22 13 9 24 32 12 17 11 29 12 17
28 27 16 41 39 57 30 20 43 44 27 24 21 43 23 15 30 58 18 25
1 15 7 13 33 26 2 7 12 18 15 13 13 20 10 2 10 20 7 19
3 8 1 12 16 14 1 3 5 9 8 6 10 11 1 4 3 12 6 5
28 14 8 22 21 33 15 10 25 30 14 9 18 26 7 20 28 36 25 7
24 23 19 23 51 58 9 34 41 50 33 29 29 62 24 38 27 46 37 30
4 13 1 10 17 20 2 1 6 10 13 5 4 18 7 9 7 18 3 4
3 4 1 4 5 5 1 1 1 1 2 1 1 4 1 3 1 8 1 1
27 34 20 34 50 72 23 20 42 55 35 31 29 54 28 38 36 64 36 32
2 12 2 8 16 18 1 3 8 11 11 3 8 14 1 9 2 11 4 11
4 14 1 12 19 16 5 6 12 11 8 8 12 16 10 5 8 18 7 3
12 25 9 19 33 32 2 11 9 27 11 22 12 36 19 23 18 15 24 26
1 5 1 5 9 1 1 1 1 6 1 3 1 3 1 2 1 6 4 1
18 27 9 18 40 35 13 6 15 31 17 23 3 24 13 6 29 32 22 23
1 2 1 6 13 10 1 1 1 5 10 2 2 13 1 7 1 4 1 6
3 2 1 4 7 4 1 3 3 2 3 2 3 9 1 7 1 5 1 1
5 26 19 32 51 52 17 10 27 42 31 32 18 50 31 30 13 45 14 23
3 15 10 25 42 31 7 9 16 29 17 25 16 38 22 14 12 33 15 18
29 28 19 32 49 40 18 22 34 38 35 30 19 45 17 26 38 35 13 28
19 17 15 19 54 52 7 25 37 48 35 27 23 57 13 23 26 45 37 36
4 20 19 27 41 39 12 14 20 30 25 19 12 42 30 21 1 37 5 13
1 11 4 5 12 14 1 2 3 10 6 1 4 14 1 6 1 11 1 9
22 10 7 30 28 45 5 16 24 30 22 14 26 42 15 20 10 45 20 13
1 21 20 20 38 34 11 10 12 26 21 23 1 39 24 20 1 34 3 9
6 6 1 13 15 14 1 5 8 13 9 11 10 16 1 6 8 15 12 7
11 22 9 24 24 31 5 9 18 19 24 10 22 23 14 13 19 23 5 19
10 21 4 10 40 34 6 4 17 25 27 12 9 36 6 22 19 22 12 26
31 28 14 41 35 53 8 17 29 34 23 22 24 44 30 37 28 50 25 6
6 10 1 12 14 20 1 1 7 20 7 4 8 12 1 5 11 19 10 4
3 18 1 32 28 33 2 1 22 15 22 20 14 23 4 4 16 36 16 8
13 24 20 31 36 28 9 20 26 24 31 21 17 36 14 11 13 40 20 24
35 35 6 45 46 58 12 25 40 46 27 34 38 53 19 38 40 55 27 29
4 8 1 7 13 7 1 4 4 10 1 7 7 7 4 5 4 8 8 4
11 7 1 19 19 27 1 2 7 17 8 11 15 15 2 10 7 27 9 7
13 33 24 39 74 74 11 22 32 61 44 47 23 67 27 31 30 56 30 50
6 15 13 22 46 40 12 15 22 36 20 24 23 28 25 2 21 30 15 29
19 23 11 30 32 30 10 11 29 22 32 13 17 38 18 15 21 35 20 18
1 12 3 10 16 11 1 5 7 3 10 7 7 11 3 4 1 14 6 6
3 14 2 12 20 23 1 3 7 9 11 6 9 20 13 12 5 15 4 6
18 26 16 29 31 40 12 8 24 37 20 21 12 20 7 8 28 43 23 21
31 34 39 42 74 69 28 36 55 64 52 45 31 69 21 25 33 70 40 54
6 6 1 9 7 12 1 2 1 3 2 1 8 13 1 10 1 15 1 1
12 16 17 24 43 39 5 17 29 37 26 21 17 35 13 4 24 32 25 29
10 6 1 10 19 18 3 1 8 19 7 5 6 9 5 4 14 10 14 8
26 44 40 52 69 63 21 36 55 57 53 40 34 60 19 19 42 66 26 51
5 7 1 7 13 12 1 1 1 9 5 4 4 10 5 7 4 10 7 3
10 26 10 21 39 37 1 13 16 29 19 17 21 31 20 12 23 25 17 27
6 11 10 23 43 37 2 15 29 27 37 21 24 42 15 15 15 21 19 30
3 28 8 21 27 23 4 1 11 7 26 5 8 13 10 9 9 27 2 12
12 26 19 50 67 71 21 17 43 58 47 47 32 66 37 37 26 63 26 35
1 1 1 4 16 14 1 1 1 5 8 1 3 6 3 1 3 1 1 6
25 38 28 51 56 70 13 19 45 47 50 25 32 57 30 27 32 64 20 35
16 26 16 24 50 55 21 14 32 48 24 24 12 40 15 11 27 54 23 32
9 7 1 7 7 15 1 2 2 6 2 2 7 10 2 9 4 14 4 3
10 1 2 17 27 33 14 6 15 27 7 13 12 23 15 5 16 29 15 12
36 28 35 51 56 65 16 40 48 50 43 33 41 66 38 32 33 63 38 34
3 4 1 10 23 16 3 3 5 14 6 10 11 12 8 4 7 10 8 7
10 31 25 27 53 46 9 22 22 42 27 30 15 36 15 13 23 39 20 40
4 7 1 8 22 16 1 1 3 12 12 8 4 14 6 8 4 8 7 8
9 20 24 23 52 56 10 22 36 45 37 31 15 43 6 7 16 53 28 34
9 7 3 7 27 22 1 2 9 28 12 12 6 25 2 13 13 13 19 15
1 5 1 13 24 12 1 1 9 14 14 15 5 21 1 7 4 14 14 9
6 6 1 3 11 9 1 1 1 9 2 1 1 7 2 7 4 8 6 1
2 3 2 3 14 13 1 4 5 15 5 2 4 14 1 6 1 9 5 6
16 13 12 29 45 51 11 8 28 47 23 24 20 41 27 19 28 34 23 26
14 11 5 24 25 31 8 5 19 20 19 9 17 20 12 8 22 26 11 11
13 1 4 13 16 16 1 11 11 10 9 3 14 20 6 7 2 20 8 4
1 2 1 8 5 6 1 1 1 7 1 1 7 4 1 2 1 10 1 1
1 1 2 4 12 5 1 3 4 9 3 5 1 13 1 2 1 7 4 1
8 20 15 30 49 45 6 15 22 38 24 28 24 49 31 16 20 36 13 30
6 12 6 7 19 18 1 5 4 11 9 4 6 13 4 7 5 13 6 9
13 6 1 15 35 42 4 7 14 35 13 23 22 37 12 20 17 26 19 19
26 49 33 52 63 64 23 22 49 49 58 39 13 61 24 31 35 68 31 35
6 7 1 7 7 12 1 1 1 8 3 1 2 5 1 2 5 12 6 1
1 10 1 1 8 8 1 1 1 5 2 1 1 8 2 3 1 6 1 3
4 11 1 3 7 7 1 1 4 8 3 1 1 7 3 5 6 9 4 1
1 7 1 1 8 4 1 1 1 6 1 1 1 7 1 3 1 4 1 1
24 27 23 32 46 48 19 8 34 49 29 23 18 30 27 17 40 40 37 26
16 22 11 40 54 55 10 14 34 42 33 36 23 63 29 24 27 56 31 19
1 4 1 5 10 11 1 5 10 7 8 3 8 14 1 7 1 6 3 7
8 10 5 13 13 23 1 6 10 15 15 4 8 30 10 19 2 20 8 7
7 12 1 6 10 12 4 3 9 9 10 4 3 11 3 6 10 13 7 3
4 3 4 7 13 6 1 8 9 9 5 3 8 12 4 1 1 9 5 2
18 16 9 27 40 43 8 11 25 45 14 22 16 37 11 15 28 36 28 22
1 3 2 12 25 14 1 2 8 11 10 7 7 18 6 4 4 12 3 6
10 15 13 17 22 21 3 11 11 16 14 7 11 21 18 11 4 23 11 5
6 16 4 22 12 23 1 1 7 11 13 7 6 20 8 12 5 29 8 1
12 43 15 34 44 43 4 16 29 30 34 36 13 53 22 31 22 51 26 13
26 38 36 41 52 66 24 20 34 50 39 28 11 49 33 38 25 60 24 26
6 15 16 17 45 37 6 21 22 39 20 23 17 42 19 12 18 24 25 33
9 19 12 21 29 38 1 6 14 27 22 6 15 20 7 9 14 33 8 22
3 31 20 40 45 49 1 14 27 29 38 21 27 39 24 14 14 41 6 25
1 8 7 24 27 19 1 9 14 18 18 9 19 29 15 7 8 18 8 12
28 36 31 44 47 67 15 22 35 47 38 18 26 47 31 32 23 63 23 21
6 4 1 4 11 12 1 2 5 11 1 1 4 6 1 1 6 11 6 1
14 18 11 21 30 34 5 10 16 25 20 16 16 26 22 13 21 20 11 17
15 19 8 12 32 34 1 17 14 27 13 13 16 37 11 23 11 27 14 17
32 37 23 28 62 73 22 31 52 57 38 31 25 59 17 31 37 65 30 41
7 20 11 22 33 32 6 10 14 25 15 18 16 39 20 17 8 34 11 12
4 11 3 18 25 15 1 8 17 12 18 11 14 21 7 7 6 17 11 9
22 35 27 59 48 58 20 17 46 36 49 31 25 56 33 26 34 65 35 21
5 18 6 11 18 22 4 4 5 11 12 7 5 19 13 14 4 16 5 7
18 24 4 33 64 73 12 26 38 62 26 48 43 65 37 33 39 46 35 42
1 6 4 6 15 15 1 5 5 14 5 2 7 14 1 5 1 11 3 9
1 15 8 15 20 19 1 9 14 12 13 2 17 15 11 2 8 14 1 14
7 11 1 7 9 11 1 1 4 6 6 1 5 8 6 9 7 8 6 6
1 8 1 14 10 5 1 1 4 5 7 7 7 6 2 3 1 15 6 2
8 8 1 2 19 18 1 1 1 15 6 11 1 23 2 8 9 12 14 10
29 39 33 36 55 55 26 35 45 41 47 26 23 57 19 34 32 54 12 44
8 14 12 20 31 26 1 10 13 23 17 13 19 18 15 6 16 15 8 18
1 1 1 4 16 5 1 1 1 6 3 1 2 2 2 1 1 3 1 2
34 52 48 52 60 64 32 36 48 56 52 38 24 59 34 33 35 74 28 41
6 17 6 14 20 27 11 7 11 15 12 16 7 24 20 11 7 26 8 10
1 7 1 17 8 15 1 1 2 7 5 2 11 11 4 7 1 16 1 1
2 6 1 2 11 6 1 3 3 5 2 2 4 6 1 5 1 3 4 1
6 10 1 6 10 12 1 1 1 6 6 1 4 7 4 4 5 8 5 5
14 27 11 21 25 29 4 5 12 16 25 13 8 24 16 22 14 31 13 10
14 27 16 24 38 44 2 10 13 29 27 17 17 33 21 21 20 38 13 22
1 4 4 9 17 11 1 4 3 14 6 6 8 14 1 5 3 11 7 6
3 4 3 12 15 16 1 2 7 10 13 2 11 17 8 11 7 7 1 12
21 13 10 23 22 29 6 14 16 27 15 12 16 37 16 17 14 34 23 11
7 12 5 27 41 39 6 7 18 28 21 23 14 44 21 12 10 42 21 14
1 3 1 4 16 15 1 1 7 13 11 2 5 13 1 7 6 6 4 8
1 8 7 14 17 13 1 6 6 15 6 7 11 12 1 6 1 18 5 8
9 1 1 5 25 24 4 3 9 23 3 9 5 23 7 4 9 18 11 6
2 8 1 8 8 12 1 1 1 3 4 1 3 8 5 6 1 10 1 1
19 9 6 25 35 34 8 14 25 33 13 24 18 40 10 13 19 45 26 8
8 20 7 24 32 37 3 9 22 18 28 13 23 31 13 19 10 31 10 21
17 11 13 30 51 49 19 24 32 49 20 34 33 57 28 16 20 50 27 29
22 31 29 37 61 55 16 18 44 53 37 31 24 36 26 12 41 50 42 35
18 36 30 31 59 59 19 22 29 51 31 34 16 57 40 26 18 57 27 31
3 13 8 23 39 36 9 7 17 27 21 18 18 35 25 15 9 28 10 18
3 3 1 4 10 10 1 6 6 7 5 1 8 12 3 4 3 4 2 4
12 13 5 28 31 39 2 3 21 22 31 15 13 37 13 22 19 29 19 17
9 26 6 28 51 43 11 8 25 35 27 37 9 55 23 16 26 39 30 21
6 21 7 19 30 27 2 7 10 14 22 15 10 35 15 22 4 26 7 8
11 16 3 17 30 33 1 8 9 23 16 15 13 34 18 15 15 27 17 16
19 17 9 33 59 64 19 21 39 50 39 37 34 56 29 27 33 47 33 37
23 37 25 47 70 67 8 31 46 57 45 43 38 65 19 33 35 56 25 44
2 28 14 18 36 37 6 6 14 24 34 20 8 32 16 26 7 25 12 19
1 7 1 7 18 9 1 1 1 8 6 8 5 9 5 5 5 6 8 6
1 7 1 3 2 2 1 1 1 1 1 1 1 5 1 4 1 4 1 1
8 13 4 7 13 14 1 1 1 9 5 4 4 16 7 13 4 13 4 5
1 1 1 5 9 3 1 1 1 1 3 1 3 2 1 1 1 3 1 1
8 25 15 19 49 38 12 16 29 36 33 26 9 49 9 21 21 32 21 34
7 18 5 15 14 16 3 1 6 8 13 5 6 14 9 13 9 20 8 3
7 6 4 9 25 18 1 8 11 23 12 10 8 34 7 14 4 16 14 13
14 14 12 12 48 39 14 18 30 36 25 24 13 50 9 21 16 35 16 25
1 4 1 6 14 13 1 1 1 9 1 8 3 9 2 1 2 12 6 1
7 18 8 14 29 33 6 11 14 26 10 16 14 36 12 16 7 34 9 12
3 6 1 5 11 3 1 3 3 5 3 2 4 9 1 7 1 6 2 1
6 22 8 25 32 31 2 1 7 18 22 16 8 25 18 17 7 34 9 6
8 27 13 27 43 41 10 5 22 23 33 26 4 36 13 11 18 42 16 21
41 17 20 42 37 55 20 26 42 53 19 25 43 40 22 29 31 56 39 19
15 19 3 10 13 26 3 5 10 12 13 1 9 18 2 14 12 29 6 8
3 7 1 8 11 11 1 1 3 6 10 5 3 11 1 4 1 7 3 6
1 7 1 1 13 8 1 3 5 4 3 4 4 4 3 1 1 3 2 3
1 7 1 4 9 10 1 1 2 5 7 2 1 12 1 7 1 5 1 5
3 14 1 5 9 3 5 4 10 6 6 5 4 5 4 5 7 8 6 1
19 24 22 29 43 50 10 9 21 36 29 18 8 38 20 25 18 45 24 21
3 7 1 10 22 16 1 1 3 15 8 7 9 19 3 9 7 10 8 12
15 39 20 39 58 61 2 17 28 47 35 33 30 53 29 28 31 40 23 40
20 35 23 49 55 48 16 24 37 41 38 33 33 52 31 17 30 52 30 36
7 10 5 14 23 25 1 8 11 12 13 6 18 18 9 7 10 16 6 13
6 13 9 18 42 32 1 15 21 35 20 19 22 38 18 11 19 12 21 30
1 11 1 9 15 6 1 4 7 9 5 5 10 4 1 3 4 8 6 4
15 29 20 32 64 60 23 23 37 55 30 39 16 55 30 12 40 47 29 44
1 5 1 6 6 11 1 1 6 10 4 1 8 11 1 4 1 7 1 3
4 17 11 17 31 22 1 9 13 17 19 13 11 19 1 1 7 27 11 14
7 28 9 30 43 37 6 10 31 33 34 27 16 41 1 19 17 41 12 29
1 3 1 1 1 1 1 1 5 1 1 1 1 5 1 2 1 1 1 1
5 20 19 21 47 50 12 24 34 43 32 30 27 45 10 22 8 44 23 37
29 32 20 33 49 48 18 26 33 40 31 26 21 57 24 30 32 48 20 27
2 24 12 29 56 44 5 10 34 35 43 35 19 51 14 15 30 28 30 37
16 42 30 59 66 64 22 17 51 52 51 45 24 58 31 16 44 67 31 33
4 1 1 9 11 11 1 1 1 8 4 2 8 4 2 3 5 9 6 3
3 5 2 19 13 13 1 8 16 13 6 6 19 14 3 2 1 21 3 3
28 24 1 36 42 45 5 12 32 37 22 26 22 44 12 20 38 47 35 13
17 25 8 13 27 30 9 4 16 20 17 6 3 24 7 14 17 31 11 12
23 42 28 30 52 54 25 23 34 40 32 28 12 49 20 29 26 61 12 34
1 4 1 6 8 6 1 1 2 1 4 1 6 2 2 2 2 2 1 4
15 29 12 33 36 53 7 11 30 34 31 13 25 34 16 22 21 47 13 25
24 25 21 29 36 43 12 24 27 34 27 19 23 37 13 15 17 53 12 22
1 7 1 9 12 11 1 1 3 3 9 1 5 11 6 6 3 5 1 5
15 30 23 24 56 47 20 16 37 38 37 28 5 35 13 4 26 51 17 35
8 14 5 8 16 21 1 4 7 12 12 1 8 6 4 3 9 17 7 11
1 18 6 8 19 17 1 1 4 7 11 4 6 10 7 8 4 14 1 11
14 28 23 21 31 43 7 22 18 28 22 20 16 45 19 29 7 45 15 17
1 1 1 4 14 8 1 1 1 4 3 4 1 7 1 1 1 6 1 1
1 12 1 6 12 8 1 1 5 5 10 2 2 9 1 3 2 10 1 4
6 31 22 31 52 59 4 10 27 43 36 24 13 38 14 15 16 54 15 29
49 36 32 53 60 64 15 48 52 61 40 40 55 68 45 40 47 58 44 38
9 9 7 8 20 20 1 6 5 16 6 5 7 16 6 8 8 15 7 9
21 22 13 29 40 50 10 12 33 41 25 13 23 40 10 17 29 45 19 28
11 5 1 17 36 25 7 4 10 22 15 24 9 32 13 11 14 25 20 12
20 15 16 34 54 63 21 27 49 57 32 36 35 54 24 20 23 57 32 36
1 21 8 30 29 33 1 1 17 19 31 22 5 37 10 20 11 33 16 8
1 10 5 10 18 16 1 7 10 15 7 4 9 23 4 10 3 18 5 6
10 10 1 18 24 23 1 9 14 18 8 15 21 26 5 12 14 23 14 8
28 10 17 35 38 53 18 16 32 44 16 16 30 38 21 16 18 53 24 15
8 29 17 42 48 38 4 15 21 33 28 34 21 50 30 25 20 37 22 19
21 23 18 45 55 55 19 26 53 54 36 45 27 58 9 20 31 70 45 31
2 16 1 18 24 23 4 2 14 6 19 14 5 24 12 8 8 26 9 4
16 20 10 35 50 59 20 25 40 49 37 36 39 55 31 37 23 49 29 30
5 7 1 4 9 5 1 4 7 10 5 5 4 4 1 3 6 6 7 1
5 14 5 34 42 33 4 15 31 31 26 25 28 36 8 12 14 38 15 24
1 8 1 5 11 10 1 1 1 6 7 2 2 10 1 5 1 7 1 6
1 20 5 10 24 25 9 3 11 13 15 11 5 21 18 10 6 18 3 9
6 3 1 9 17 14 1 1 2 21 1 7 4 17 1 5 8 20 12 5
1 6 1 5 12 9 1 3 3 4 4 1 6 9 3 4 1 6 1 2
5 26 7 19 19 16 5 1 10 4 22 9 2 23 11 17 7 25 3 4
6 16 17 14 34 38 5 18 15 23 18 13 15 35 15 15 1 43 8 18
29 20 13 48 60 66 27 26 51 59 30 42 38 53 30 14 44 55 36 41
28 35 13 49 59 66 10 25 47 48 42 37 38 68 30 39 39 64 32 21
26 34 17 35 57 61 17 25 48 51 48 34 25 57 7 29 40 60 37 33
18 34 15 31 47 45 9 15 20 32 27 23 17 50 23 27 28 35 14 26
1 11 9 13 41 29 1 6 15 27 21 22 1 42 9 15 3 28 16 15
20 37 24 47 61 55 24 18 42 41 45 40 25 65 30 21 28 71 34 30
14 28 18 33 42 51 12 14 44 38 43 25 14 41 10 10 29 47 35 30
6 11 1 13 18 17 1 1 8 8 16 4 4 21 2 14 5 20 5 4
7 3 1 8 11 14 1 1 8 9 7 3 1 13 1 4 7 13 10 1
2 16 6 24 30 33 5 7 13 14 23 12 18 28 20 11 8 25 3 16
18 29 12 24 38 40 13 14 27 23 29 18 16 38 10 16 19 49 11 18
5 6 11 17 21 27 1 9 13 24 12 7 14 19 8 5 11 24 9 15
8 21 15 13 31 30 4 16 18 23 15 12 13 33 13 14 5 30 12 18
2 2 1 3 8 13 1 1 1 6 6 1 2 6 1 2 3 4 1 5
21 28 13 43 64 66 15 24 44 54 37 33 38 63 26 22 28 66 23 40
9 15 9 17 28 35 2 8 16 26 16 4 18 19 7 7 14 27 11 19
28 31 19 27 55 60 7 31 37 54 31 28 34 56 20 31 31 51 36 36
6 8 1 2 12 8 2 5 10 11 4 3 5 10 3 5 8 11 6 1
4 9 4 14 17 13 1 9 11 10 6 6 17 9 7 1 5 13 7 5
1 13 2 10 20 15 2 1 8 8 12 6 7 10 11 5 8 8 3 9
34 19 16 37 61 70 24 27 48 68 27 33 38 61 40 28 45 51 48 37
6 17 5 13 29 25 1 4 8 23 16 11 8 30 13 15 13 16 12 21
9 22 10 10 20 20 2 7 9 14 17 9 3 16 4 11 8 23 8 13
5 8 1 7 13 5 1 1 7 5 9 4 1 10 1 5 6 13 6 1
25 31 20 44 51 57 10 23 28 50 19 38 34 51 40 28 29 47 34 30
1 4 1 12 16 7 1 3 5 12 1 10 11 19 2 7 2 17 7 2
11 22 5 40 56 56 12 13 40 38 44 34 32 56 19 28 24 45 13 32
2 12 2 8 12 5 1 1 3 6 7 3 2 7 4 5 2 9 1 3
1 4 6 6 21 14 1 5 9 13 8 5 3 9 1 1 4 16 4 8
8 1 9 20 40 31 1 13 20 30 21 13 24 39 13 12 11 20 16 24
2 5 1 9 18 15 1 1 1 13 4 7 6 17 3 9 1 14 3 2
5 33 32 19 55 49 19 25 36 41 38 27 19 35 23 4 23 44 16 40
1 7 1 8 13 10 1 1 5 5 8 8 1 13 4 6 1 8 5 4
27 38 27 48 51 58 11 31 46 44 43 29 46 51 28 24 33 55 21 42
1 5 1 14 12 18 1 4 8 12 7 4 17 13 2 3 2 14 1 7
1 3 1 6 14 3 1 1 1 7 4 6 1 7 1 2 1 7 4 1
13 34 18 36 45 44 8 16 25 30 36 21 28 46 25 25 24 38 10 26
4 7 1 11 4 8 1 6 5 2 1 1 12 14 5 10 1 16 1 1
2 4 1 8 13 9 1 1 1 1 7 3 3 8 2 4 2 6 1 3
23 14 32 38 64 73 21 44 56 66 48 39 50 63 37 25 35 51 40 52
1 3 1 1 10 2 1 1 1 12 1 5 3 6 1 1 4 4 8 3
2 6 1 9 13 11 1 6 6 11 4 5 10 16 5 5 2 11 7 5
11 16 4 19 25 31 2 3 6 11 22 11 7 31 12 20 6 30 9 10
6 10 5 6 18 16 5 9 8 13 7 8 8 19 8 8 4 15 4 7
1 2 1 1 11 6 1 1 1 3 1 2 1 4 1 1 1 2 2 1
1 9 2 6 21 18 1 3 7 8 11 1 7 11 4 1 3 9 1 10
13 37 24 41 66 56 18 18 33 48 38 41 17 60 39 21 31 51 26 31
15 26 21 51 60 66 16 16 40 50 43 42 22 60 34 28 18 64 23 21
6 14 5 16 30 24 5 7 9 15 17 11 14 27 11 14 5 24 6 13
6 18 5 3 11 15 3 3 6 6 11 3 3 13 1 10 5 15 4 8
9 38 19 29 32 38 10 9 18 23 31 15 9 31 17 23 10 44 4 10
26 31 13 42 42 37 14 22 41 22 38 23 24 46 17 26 27 49 22 16
3 10 1 9 11 7 3 1 6 3 7 5 5 8 1 4 5 10 4 1
18 22 10 15 33 40 1 11 9 29 16 16 8 40 14 25 13 37 16 11
17 30 20 16 51 54 8 28 29 44 25 29 17 56 20 26 14 52 25 26
17 23 19 40 59 60 12 26 47 49 40 39 29 52 11 14 21 67 34 31
15 30 16 27 38 39 15 10 24 27 29 20 5 41 20 18 16 44 7 12
29 37 18 33 50 61 17 26 36 43 28 25 27 60 31 31 25 66 25 24
38 29 26 51 49 48 29 28 47 51 37 35 31 54 27 24 42 62 43 31
1 9 1 7 6 4 2 1 5 3 4 1 5 5 1 5 4 8 1 1
12 32 14 42 55 48 18 11 35 36 41 35 24 48 28 18 29 45 16 32
6 15 3 24 34 26 1 10 19 28 14 24 20 29 6 9 11 32 17 16
14 15 1 16 26 28 5 4 14 22 21 12 5 26 7 18 11 24 19 13
3 22 7 15 16 16 3 3 8 6 17 9 6 14 13 13 8 15 7 8
14 4 1 10 24 19 1 5 7 24 7 12 6 24 6 11 16 21 19 9
8 21 11 29 39 27 4 11 27 20 31 20 17 27 14 6 17 31 23 19
10 19 14 28 35 39 5 1 10 28 24 15 14 29 23 20 14 30 13 12
23 31 16 43 62 57 14 23 47 55 45 38 36 60 28 28 47 45 35 41
20 18 20 24 36 44 21 17 35 35 23 14 12 37 16 15 23 47 22 18
15 16 7 34 39 36 7 9 22 27 24 26 18 40 21 17 21 43 27 11
14 38 29 41 49 39 7 26 34 33 44 29 28 39 28 18 27 40 18 36
13 20 10 39 51 56 11 6 24 38 33 33 20 53 29 27 18 52 22 18
26 51 42 48 51 63 26 28 42 50 45 30 16 40 24 29 32 68 18 31
3 8 1 8 8 10 2 1 6 6 4 1 7 4 2 4 6 13 3 1
5 16 1 16 32 19 7 7 21 21 22 20 12 30 9 14 16 20 18 16
1 13 2 19 24 21 1 2 3 13 15 13 10 30 12 15 7 19 10 11
4 1 1 1 12 12 1 1 3 11 4 2 1 12 1 7 3 4 6 3
7 14 5 11 21 12 5 5 14 12 12 4 3 14 1 3 10 21 6 6
6 35 33 45 66 61 13 21 40 42 49 35 15 56 33 14 15 63 20 30
5 19 3 12 23 30 4 1 12 19 15 6 9 13 3 1 9 31 2 8
10 7 1 5 22 27 1 1 6 20 7 10 5 23 4 14 7 19 12 7
7 15 20 26 42 46 2 14 20 37 27 18 16 37 19 13 16 33 17 25
14 17 15 37 48 54 9 11 32 39 30 22 24 35 12 8 22 51 22 24
15 19 13 32 54 55 13 14 29 37 36 31 25 47 26 18 23 43 21 34
5 7 1 7 10 11 1 1 2 11 2 4 3 7 1 1 5 14 9 1
27 15 17 35 58 71 32 33 53 62 36 35 41 58 35 28 36 58 42 44
12 9 5 18 22 27 7 2 13 25 10 7 8 16 2 6 15 27 15 5
13 10 2 33 34 45 2 11 30 28 25 23 22 36 4 15 11 45 21 17
3 3 1 8 12 13 1 1 3 9 3 1 9 6 1 1 5 10 2 3
1 12 1 18 37 21 4 3 24 18 28 14 13 29 7 13 14 16 12 14
2 21 12 20 35 32 2 6 12 17 28 11 11 25 15 11 11 21 3 23
28 10 13 33 35 42 16 21 32 34 21 22 24 46 22 17 19 54 27 13
1 12 7 7 27 18 4 6 9 17 7 12 4 26 14 12 1 18 4 6
3 7 1 21 28 30 1 4 17 21 16 15 19 21 5 14 6 20 8 15
1 2 1 1 9 5 1 1 1 3 1 1 1 6 1 2 1 1 1 1
4 14 11 20 43 34 7 5 19 23 25 19 9 26 15 2 12 32 11 21
1 3 1 6 10 4 1 1 1 1 6 2 1 3 1 1 1 6 2 1
1 10 1 16 9 18 1 4 10 8 2 5 15 14 4 6 1 18 1 2
1 11 1 12 23 17 5 3 3 13 6 14 9 17 11 6 6 16 10 8
9 10 3 15 11 19 1 2 4 11 9 8 11 13 1 9 4 25 7 6
1 7 1 6 15 12 1 1 1 8 3 6 2 12 5 4 1 11 1 1
3 12 8 10 16 18 1 10 11 13 10 1 12 20 4 8 3 18 3 12
13 12 4 9 21 19 1 5 5 19 5 10 9 20 6 13 11 20 15 8
17 27 12 32 47 54 10 17 28 47 29 32 24 48 30 34 38 31 38 32
13 18 8 22 29 33 5 7 11 20 17 17 12 31 21 20 13 32 14 8
1 5 1 11 20 16 1 1 7 11 16 5 8 15 1 6 2 10 3 11
26 27 13 34 37 48 1 23 33 37 26 24 35 42 21 19 36 43 26 26
20 51 43 36 54 56 25 26 39 41 52 30 8 46 18 28 29 56 10 41
4 5 4 10 26 26 12 8 16 23 5 13 10 25 12 6 10 29 8 11
1 9 1 5 10 5 1 1 1 2 7 2 1 6 1 4 1 9 1 3
27 46 25 40 56 69 9 20 36 46 43 23 22 56 28 36 34 59 15 30
3 4 1 7 3 7 1 1 1 8 1 1 5 1 1 1 2 10 5 1
3 10 4 18 30 31 6 6 13 26 7 16 17 23 11 7 4 27 4 12
18 19 7 18 25 32 5 14 22 24 20 4 16 38 7 22 13 36 11 12
1 4 1 2 3 1 1 1 2 1 1 1 3 2 1 3 1 3 1 1
17 34 11 52 65 59 20 21 49 42 61 44 36 65 32 38 44 49 34 39
11 6 6 13 30 32 1 10 19 28 11 7 14 28 6 9 10 23 16 15
30 22 24 29 40 48 18 30 39 42 31 20 21 51 7 27 23 51 18 29
29 33 28 45 51 50 22 22 35 45 41 29 26 55 30 29 32 55 30 28
11 10 1 18 22 15 6 1 17 10 19 12 1 18 1 5 18 23 14 5
23 29 26 55 60 76 28 21 50 61 40 36 34 55 39 27 38 69 28 36
11 19 23 33 58 54 10 13 27 45 38 34 11 54 28 23 19 45 26 26
20 9 13 44 38 40 4 19 36 39 26 23 36 37 17 12 21 42 20 20
16 23 20 27 55 53 9 16 38 50 31 31 7 49 10 12 31 48 44 31
2 1 1 12 10 11 1 2 4 9 2 7 11 5 2 4 1 12 4 1
42 34 15 56 48 67 19 22 44 51 30 33 37 51 27 47 38 69 31 14
33 30 18 57 53 66 18 15 54 51 48 34 31 56 18 32 47 62 31 28
1 9 1 8 6 4 1 1 2 2 6 2 1 9 4 7 1 9 1 1
3 7 1 10 18 14 1 1 4 8 9 6 1 10 6 3 5 15 7 1
8 3 1 6 12 9 1 2 3 4 5 4 3 12 1 8 3 12 6 1
15 17 16 27 38 42 3 16 25 33 21 17 17 33 4 9 14 49 22 20
2 10 3 15 25 21 1 6 6 10 11 6 11 23 4 10 1 25 4 8
21 32 16 20 32 34 19 12 23 22 31 14 5 24 7 18 26 26 7 26
7 22 12 28 43 45 1 7 20 40 26 19 19 29 10 8 21 35 13 31
13 23 19 14 44 40 19 22 36 34 30 23 10 47 7 23 17 36 12 30
16 34 14 43 63 63 18 11 36 52 29 48 18 51 28 10 43 54 47 36
15 30 19 33 53 55 9 13 37 48 37 33 8 52 2 11 30 62 33 31
31 24 11 29 39 45 4 28 33 45 15 24 31 46 26 21 41 29 34 24
16 24 8 39 48 45 12 15 41 35 37 34 23 45 3 20 22 47 22 26
1 6 1 5 9 7 1 1 4 6 6 2 1 11 1 3 2 6 2 1
1 1 1 9 13 9 1 1 1 12 3 7 5 16 1 4 1 11 6 2
6 4 1 12 9 15 1 6 6 8 4 2 14 7 2 2 5 16 5 2
11 30 17 27 57 49 10 19 31 46 35 32 26 54 31 27 33 29 22 39
9 6 1 12 11 17 2 1 4 19 1 7 4 14 5 7 13 18 17 4
14 8 12 21 37 41 10 11 28 42 21 22 12 33 5 14 21 35 33 23
8 15 10 25 39 25 7 4 18 29 22 27 5 40 8 10 21 33 29 15
2 5 2 2 8 7 1 1 4 8 2 1 1 6 1 1 4 8 1 1
12 22 13 27 33 31 12 12 25 28 16 20 12 32 5 19 14 37 5 16
1 2 1 6 6 3 1 4 4 6 1 1 9 8 1 1 1 7 3 1
7 4 1 5 8 11 1 1 1 6 5 1 4 12 1 8 4 7 5 4
3 14 6 7 19 16 5 5 13 16 13 4 3 21 5 13 7 14 5 11
12 19 16 22 40 45 15 17 33 37 33 20 15 40 12 20 21 42 25 25
1 7 1 3 18 4 1 1 3 10 3 9 1 8 3 1 5 4 8 4
19 32 21 39 68 54 9 23 33 49 33 48 25 60 34 18 39 38 35 39
1 6 1 7 12 12 1 2 5 9 7 1 5 16 4 9 1 9 2 3
13 29 31 36 57 60 7 26 35 48 46 33 29 56 26 23 22 51 27 42
1 5 1 2 9 9 1 1 1 1 5 1 1 1 1 1 1 1 1 5
17 15 1 19 30 39 4 12 26 27 20 19 14 45 12 23 15 38 20 9
1 11 1 6 8 3 1 1 2 1 5 2 2 4 2 4 1 9 1 3
8 11 11 15 16 13 4 15 14 15 8 4 15 19 10 7 1 21 7 10
7 11 1 20 34 21 1 1 12 20 18 22 6 23 6 4 16 24 23 7
12 22 23 19 49 46 8 22 26 41 26 23 24 37 17 15 18 43 21 34
16 23 11 31 30 32 10 13 27 21 29 8 23 30 18 13 23 31 10 18
5 10 1 14 23 15 1 1 9 16 10 17 8 19 4 6 9 23 14 7
17 32 19 44 54 70 16 19 36 48 37 31 32 54 31 29 21 68 16 33
2 7 1 6 16 21 2 1 4 11 6 6 5 16 3 8 2 14 2 5
17 31 20 44 40 48 9 17 39 33 39 21 23 34 19 10 33 48 22 26
22 38 26 39 52 57 14 9 25 47 38 29 9 46 27 32 29 53 34 26
8 15 1 6 11 9 4 7 11 7 5 5 9 17 3 12 7 14 6 3
16 16 26 39 51 48 6 29 44 43 41 28 33 51 21 14 25 45 26 33
23 23 8 19 22 35 14 5 20 19 18 3 11 17 11 16 21 39 13 9
3 6 1 1 7 4 1 1 1 9 1 2 1 4 1 3 2 5 5 1
1 1 1 3 14 14 2 1 1 9 1 5 2 8 4 1 1 11 1 1
2 2 1 1 4 3 1 1 1 2 1 1 2 8 1 6 1 4 1 1
5 6 9 18 31 30 4 15 24 28 18 13 23 31 8 13 7 23 13 17
1 9 1 15 14 14 1 5 7 6 10 6 13 14 2 5 1 17 3 5
5 6 5 9 16 11 1 8 10 11 8 3 10 13 4 6 7 12 5 7
12 19 12 29 40 38 7 12 32 30 29 18 18 32 10 6 26 39 24 21
1 4 1 11 15 9 4 1 3 6 6 9 6 11 6 5 1 14 4 1
7 7 1 7 27 18 1 1 4 20 5 18 1 27 7 5 13 17 17 6
29 24 25 40 44 53 15 26 44 41 33 21 26 44 11 12 26 67 29 25
7 1 1 15 15 20 1 5 8 14 3 8 16 17 4 5 1 22 6 1
2 4 8 10 21 16 1 9 11 14 10 6 8 18 3 5 3 17 6 11
1 4 1 6 9 3 1 2 3 7 5 8 2 9 1 3 2 6 7 2
8 9 1 8 17 12 1 4 9 16 5 6 8 10 1 4 11 12 13 4
4 18 6 5 17 18 1 1 3 11 11 1 2 11 4 7 6 15 5 10
14 23 15 30 34 40 4 14 21 28 30 18 27 29 20 18 22 26 13 28
7 16 1 13 15 19 4 4 5 10 10 8 7 15 10 10 6 21 7 6
4 9 9 8 20 11 1 10 9 16 6 9 7 14 4 5 1 15 9 8
7 9 1 8 14 10 1 1 1 7 6 7 4 11 3 9 3 12 6 4
29 33 36 35 67 76 22 48 51 59 54 38 38 73 33 44 30 64 40 51
1 18 6 19 17 21 1 3 4 4 18 6 8 24 10 15 1 24 1 5
2 5 1 6 4 6 1 6 6 2 3 1 8 7 2 2 1 8 1 2
1 10 1 9 8 15 1 1 1 9 3 1 5 18 2 11 1 15 1 3
12 23 20 27 56 61 17 25 45 52 34 33 28 52 18 19 11 58 24 40
8 9 1 12 18 23 3 1 13 21 10 4 6 14 1 3 11 21 8 6
17 19 10 24 40 35 6 18 27 31 19 27 17 44 6 17 20 44 26 15
1 2 1 4 14 4 1 1 1 5 3 1 2 5 3 5 1 1 2 2
6 4 1 7 11 7 1 1 4 4 6 1 6 10 4 10 4 7 4 5
11 3 14 8 16 24 9 15 22 27 7 8 7 20 3 4 9 28 20 11
1 13 3 8 11 15 1 1 1 5 5 4 1 11 9 9 1 12 2 1
16 18 4 7 28 33 3 6 13 27 18 14 9 30 6 20 19 23 21 21
2 12 5 6 16 15 1 1 1 11 5 2 4 9 1 3 1 17 5 7
14 10 19 36 59 70 23 22 46 62 38 35 34 49 27 26 26 57 38 33
1 5 1 7 5 7 1 1 1 2 2 1 3 5 1 1 1 8 1 1
12 15 5 11 18 19 4 6 10 15 10 7 7 21 11 15 10 22 9 1
15 9 7 27 22 32 1 14 18 22 19 13 28 29 11 16 16 27 9 13
20 11 6 23 25 46 5 6 16 29 12 8 21 22 6 15 16 38 13 14
18 31 36 41 49 56 20 31 39 46 43 30 26 53 32 22 17 61 30 27
25 44 33 54 68 63 15 34 47 57 46 38 38 57 30 18 42 57 23 52
29 36 38 52 55 60 14 41 45 49 41 32 41 62 44 38 27 58 20 28
7 17 4 19 38 29 1 12 22 25 25 27 12 39 13 14 21 17 27 25
17 18 5 27 22 33 1 10 22 20 22 12 24 23 8 14 20 36 13 13
6 11 5 12 18 16 1 7 8 14 11 4 10 18 6 10 6 16 5 8
14 8 5 13 18 18 4 10 13 20 9 10 12 21 11 11 15 18 20 10
10 21 21 23 43 51 8 15 24 40 24 22 9 30 3 4 13 49 12 27
1 8 1 5 4 5 1 1 1 2 1 1 2 4 1 4 1 7 1 1
18 13 3 38 37 52 15 10 32 37 23 25 25 32 16 16 18 50 20 21
20 24 19 38 58 61 11 25 34 52 32 35 32 49 16 22 22 58 14 37
5 1 2 7 12 11 1 1 2 11 4 1 4 9 1 3 5 13 3 4
30 44 28 41 38 46 27 20 38 38 35 25 8 40 24 34 30 52 17 17
10 18 7 18 25 31 2 2 10 20 21 6 5 26 12 18 12 23 10 13
1 4 2 6 18 12 1 2 7 12 7 2 7 11 4 1 5 2 3 7
1 6 1 7 17 7 1 5 6 12 5 7 8 18 3 4 4 8 8 7
25 37 23 24 48 64 21 14 35 45 37 22 7 51 17 31 28 56 18 33
4 23 10 22 42 36 15 10 21 28 23 23 19 28 26 13 18 33 17 28
11 10 9 24 27 37 2 12 18 26 13 7 20 30 17 11 15 32 8 12
7 7 11 16 25 18 4 15 17 18 11 5 19 19 11 1 6 17 10 13
7 5 3 13 12 13 1 8 10 14 1 6 17 18 4 9 1 19 6 1
12 16 5 25 21 31 1 6 9 17 18 14 12 35 7 20 8 39 14 3
9 23 19 17 39 34 4 17 18 30 22 15 11 38 16 11 9 33 15 24
7 17 8 22 25 25 1 6 15 18 24 10 12 27 16 12 16 16 5 14
10 17 1 17 25 30 1 7 21 18 23 11 12 37 2 19 12 36 15 8
1 7 1 1 5 6 1 1 1 2 1 1 1 5 1 1 1 1 1 1
2 9 1 7 13 13 1 1 2 4 7 1 6 1 3 1 4 8 1 7
3 14 4 5 22 19 4 3 8 13 8 4 3 12 5 2 7 18 3 8
13 19 10 35 55 48 17 13 40 43 29 34 20 45 17 5 31 52 32 22
1 11 1 11 17 13 1 1 8 9 11 3 7 12 10 8 8 7 4 7
1 11 1 17 21 19 1 5 16 17 12 12 16 23 1 5 5 22 8 10
21 26 13 23 43 56 5 19 20 46 13 29 21 49 21 24 21 52 28 22
15 14 10 22 40 43 1 17 24 39 23 21 25 45 12 19 20 35 24 29
25 21 15 45 55 71 19 26 39 46 40 33 41 59 32 31 18 65 25 40
44 48 39 57 62 79 21 41 59 60 47 35 39 72 47 42 45 74 34 32
6 7 1 15 24 9 1 1 6 10 12 14 6 18 6 10 6 16 13 6
1 8 1 5 9 5 1 1 2 1 6 1 1 3 1 1 2 8 1 1
1 6 1 1 19 17 2 1 10 16 13 6 5 15 1 11 8 4 9 10
15 19 15 40 48 54 9 20 42 50 33 38 28 63 9 24 24 55 35 28
30 22 24 44 71 69 18 39 46 64 32 47 39 74 43 19 43 56 47 46
1 4 1 12 10 13 1 1 5 5 3 2 11 6 4 4 2 10 1 1
13 15 1 16 18 21 4 1 12 14 17 3 1 24 3 11 13 27 10 3
5 13 5 16 13 18 1 8 9 8 10 7 16 10 4 1 4 22 4 8
10 8 5 8 14 17 3 9 11 16 5 3 8 12 4 6 9 19 9 7
1 9 1 8 5 4 1 1 1 1 4 1 1 8 5 9 1 9 1 1
15 24 19 29 63 58 27 25 38 57 29 44 17 55 22 11 33 55 31 40
12 16 9 40 60 52 19 23 47 46 43 38 42 56 26 27 30 42 28 38
11 14 1 16 18 20 1 7 11 10 12 7 15 23 6 17 10 21 7 5
1 1 1 2 13 7 1 1 1 3 3 4 1 4 2 1 1 4 2 1
10 17 10 29 41 38 13 8 18 34 18 29 12 40 24 15 16 45 24 12
5 12 5 11 18 14 1 6 10 12 11 6 7 15 3 3 6 16 6 7
19 20 7 14 28 28 10 5 19 25 23 12 1 31 1 18 18 27 13 15
3 15 4 11 15 15 1 1 4 6 9 3 8 7 3 5 3 16 3 7
3 27 12 23 18 35 2 1 6 16 21 9 7 20 14 17 5 32 2 6
4 4 1 11 18 19 1 1 3 20 4 9 9 14 1 4 6 17 10 4
15 26 18 26 22 27 10 12 21 20 22 9 13 33 19 21 14 37 9 8
20 38 31 38 41 45 16 21 29 33 40 20 14 37 30 22 16 53 14 20
1 7 1 2 6 8 1 1 1 1 2 1 2 2 1 1 1 3 1 1
11 17 1 9 17 21 1 4 14 10 17 8 4 20 1 11 11 30 13 4
5 13 6 16 39 34 8 7 20 23 20 17 10 26 14 2 12 34 14 18
7 6 1 25 45 44 9 15 27 40 26 29 26 39 9 23 13 36 20 25
27 37 35 34 46 40 25 35 40 34 41 26 29 32 18 18 29 41 19 39
35 36 21 39 43 46 29 9 39 44 31 25 23 35 24 29 43 49 36 22
6 22 11 34 58 48 9 13 41 48 33 42 21 53 9 15 28 48 35 28
8 21 3 10 23 13 5 10 15 15 14 16 9 27 9 13 14 21 15 13
29 15 3 35 38 52 9 23 33 48 19 27 37 48 14 32 26 46 31 25
21 27 23 44 46 56 15 12 34 38 39 26 11 51 23 32 26 60 26 12
3 18 7 17 24 18 1 4 6 11 15 17 5 27 13 16 4 22 10 5
22 27 22 35 57 71 28 14 39 58 36 29 24 36 24 23 35 55 29 36
25 29 8 48 53 61 7 18 39 47 31 39 34 55 20 30 33 58 36 20
5 10 1 7 14 11 1 6 5 7 7 6 6 22 5 14 2 12 6 4
10 16 9 21 30 28 2 18 28 20 21 18 15 40 3 14 14 35 18 12
24 30 23 53 53 53 19 27 32 42 40 44 29 56 32 45 21 56 20 27
12 24 12 14 15 26 1 4 1 10 18 7 4 21 12 20 7 28 7 10
22 26 27 42 58 61 20 33 46 54 43 36 37 65 26 28 23 64 34 40
1 7 1 21 16 13 1 1 9 1 15 5 10 16 6 5 2 19 4 1
22 16 7 30 37 43 6 14 26 35 25 20 24 41 17 24 28 34 25 21
10 5 1 12 10 20 3 2 13 13 8 1 8 7 5 2 15 11 9 6
20 23 25 48 59 49 20 29 48 46 38 34 40 50 27 16 25 56 24 36
12 25 11 26 32 32 13 8 23 19 26 15 15 33 23 17 21 28 1 18
18 17 14 30 31 44 2 16 20 32 19 13 22 41 15 23 12 46 16 12
30 34 28 53 56 69 16 23 47 59 38 33 44 46 33 31 40 59 32 34
16 28 7 13 45 43 10 22 25 39 25 25 24 49 15 30 29 31 28 32
9 14 9 25 32 40 2 9 21 33 22 16 25 27 11 8 21 26 16 25
4 19 6 21 21 22 1 2 11 13 17 10 10 20 4 9 5 32 8 8
31 22 21 34 51 54 25 8 41 47 32 29 18 42 22 28 32 55 37 17
10 11 1 14 7 18 5 1 11 12 7 1 6 1 1 1 13 22 7 2
20 24 18 32 44 42 9 17 36 35 34 21 14 38 4 11 30 46 20 26
18 29 25 28 63 71 16 28 32 58 33 40 22 68 30 30 25 67 35 41
7 7 2 4 16 17 2 8 7 12 6 4 8 25 7 15 1 13 1 5
13 24 22 35 68 66 17 33 41 57 48 46 35 73 35 39 31 54 42 45
6 20 9 20 28 33 3 7 19 18 26 14 10 27 1 13 8 33 3 18
5 22 5 22 33 27 6 10 19 24 21 20 14 38 17 17 16 27 18 16
10 16 8 24 23 24 3 6 18 17 20 11 7 25 9 11 15 32 16 7
1 4 1 2 9 4 1 1 1 5 1 4 3 3 2 2 1 4 2 1
5 11 1 3 14 21 2 6 11 15 12 7 8 20 3 15 7 10 11 13
20 29 13 20 32 37 11 13 24 24 30 9 17 31 11 19 24 31 9 24
1 11 1 3 5 1 1 1 3 2 2 1 1 1 1 2 3 7 1 1
1 5 1 7 7 4 1 1 1 1 4 1 4 1 3 3 2 5 1 2
3 5 1 8 15 12 2 1 2 5 5 4 7 7 6 4 4 8 3 4
3 13 7 13 17 17 3 5 5 8 11 11 5 22 15 16 1 18 3 1
15 23 7 16 40 29 8 13 22 29 20 24 7 42 9 20 24 17 18 24
1 4 1 13 10 12 1 1 1 9 3 1 10 3 3 1 2 13 1 1
11 21 16 23 33 31 1 14 22 27 26 16 21 21 13 7 24 26 15 27
12 3 2 16 27 33 5 5 18 27 14 9 16 20 6 12 16 19 18 13
22 23 19 27 34 42 22 24 30 29 23 22 26 47 34 24 16 42 20 22
1 3 1 10 15 8 1 1 1 4 6 6 6 10 1 4 1 9 5 2
32 30 22 32 41 49 23 8 28 44 24 22 23 34 28 31 32 47 35 18
8 18 8 9 34 32 2 2 2 24 13 18 1 34 16 15 9 30 13 12
9 12 12 17 28 36 2 7 13 26 17 4 15 17 7 4 14 26 11 21
3 6 1 17 21 19 1 3 7 19 5 18 14 22 5 9 6 18 10 9
6 25 11 26 44 51 11 9 21 38 24 28 18 38 23 13 16 48 19 25
7 9 1 8 18 12 1 4 3 19 3 12 8 11 7 5 13 13 17 9
5 4 7 12 22 17 1 11 15 16 12 9 7 28 3 7 4 20 10 8
15 33 10 39 53 47 7 15 33 36 41 35 24 61 20 38 28 48 29 19
9 14 4 20 17 21 1 1 9 13 14 11 11 13 5 6 8 29 12 7
18 23 11 29 36 44 1 13 22 33 26 22 21 40 6 22 16 49 21 17
21 42 29 43 55 63 24 30 43 48 55 35 35 64 33 44 24 62 26 35
5 11 1 13 16 17 3 5 9 8 14 6 13 19 2 11 6 17 5 8
9 24 15 20 42 31 13 6 16 29 21 23 4 35 22 16 17 35 14 16
7 22 8 11 23 26 6 4 8 15 14 8 9 11 11 6 8 25 6 12
28 35 20 50 62 56 9 31 43 45 34 39 40 70 40 36 34 62 35 23
6 9 6 18 18 17 1 7 12 14 9 10 11 24 3 10 2 27 7 5
5 24 16 33 52 47 18 18 37 29 39 29 24 38 24 6 25 43 16 34
5 25 16 33 43 35 3 14 24 24 31 20 25 34 23 7 14 34 13 22
4 9 1 9 15 8 1 1 5 1 8 5 6 9 5 8 5 7 4 5
7 24 15 25 32 32 1 5 13 21 27 13 10 26 18 14 14 30 11 16
28 37 33 42 55 65 13 32 50 47 47 34 28 58 30 29 36 64 35 33
7 7 1 8 15 9 4 1 7 14 6 8 7 10 1 7 11 12 12 5
16 27 22 38 41 39 13 20 27 21 36 21 27 42 30 21 14 43 19 22
8 16 1 36 36 46 11 9 27 27 24 32 20 38 16 15 12 52 18 18
31 41 29 47 63 66 31 25 42 48 44 39 25 59 38 26 40 67 32 42
16 14 1 17 33 44 5 10 19 30 18 16 24 34 13 22 17 31 17 19
14 9 3 11 33 40 4 13 25 31 22 15 21 34 12 20 22 16 17 19
6 8 4 10 33 24 6 11 19 23 21 18 13 29 8 14 10 15 17 14
1 4 1 5 10 4 1 3 7 1 3 4 3 8 1 1 1 7 1 1
18 38 30 51 59 55 19 21 51 46 51 39 24 50 17 14 41 60 28 38
20 13 15 25 35 48 17 19 34 43 23 16 25 35 21 26 25 38 32 21
17 14 7 26 41 44 11 17 36 46 21 26 27 41 6 21 23 39 25 24
15 25 22 28 57 59 24 26 35 48 40 34 23 51 29 24 27 51 26 41
