1000 20 10 1983
5 16 1 6 18 2 1 8 9 1
3 1 0 5 7 9 0 1 2 8
3 1 8 1 15 26 9 11 1 13
2 0 1 1 0 7 7 3 2 9
20 10 7 8 6 23 10 4 9 3
3 0 5 5 3 3 0 3 5 2
23 5 2 2 10 4 6 12 15 2
3 2 2 8 16 9 2 2 4 3
15 9 6 1 7 2 7 3 6 9
4 8 7 22 0 4 4 4 2 10
9 3 2 1 6 5 1 0 4 2
2 1 1 8 2 8 1 5 1 2
5 13 2 15 2 22 14 9 5 2
7 12 2 21 7 7 11 0 16 5
6 8 5 0 6 4 9 14 7 2
2 8 13 1 14 10 1 1 5 19
0 4 6 9 6 2 11 9 6 4
6 6 4 10 2 5 1 5 2 3
7 2 8 9 6 0 8 9 5 20
16 10 1 10 0 3 0 0 10 2
13 4 5 10 28 14 14 2 4 1
7 5 5 10 7 4 4 4 5 18
3 19 11 3 12 19 6 4 10 17
13 18 3 11 14 2 8 3 10 20
9 7 0 11 2 8 5 7 8 8
6 14 4 12 6 23 15 3 11 2
9 1 7 6 4 8 4 5 1 8
12 5 2 1 13 5 16 8 3 2
19 6 14 5 3 0 2 5 8 17
2 6 2 4 15 12 10 33 1 2
5 3 3 1 6 11 9 6 0 8
14 14 17 14 2 9 5 15 9 3
11 0 2 2 7 4 0 3 5 3
2 6 3 10 8 12 1 10 3 15
4 3 1 7 2 2 4 3 2 0
4 18 8 4 1 6 1 7 2 2
8 10 9 7 9 5 1 20 5 3
1 7 6 3 1 2 2 0 8 3
15 3 12 6 3 2 13 1 11 15
0 3 2 2 1 3 3 7 3 9
5 8 2 5 2 3 6 26 2 6
2 8 3 13 1 6 10 5 1 4
1 1 10 9 4 2 3 3 7 6
2 11 4 1 5 1 3 11 4 0
5 21 1 8 3 18 1 10 14 8
7 13 3 1 21 4 5 4 5 1
23 0 7 4 9 22 1 1 3 13
4 5 9 9 1 2 2 7 5 8
2 13 5 2 10 16 9 6 2 8
1 7 5 10 9 6 2 9 8 9
18 6 6 2 7 7 14 19 2 2
20 11 9 16 5 6 0 21 3 6
21 0 5 1 7 9 1 10 1 1
7 7 11 4 2 15 12 0 7 8
0 7 7 13 1 9 7 3 5 11
20 1 10 2 5 6 14 13 4 6
7 8 18 17 3 3 6 9 13 6
9 3 5 8 19 4 23 10 3 14
1 6 10 6 12 15 5 0 12 12
4 2 16 5 1 4 3 7 8 13
5 3 1 1 3 2 3 2 4 10
10 8 11 5 4 5 5 8 1 5
6 3 8 3 0 9 14 2 2 3
3 6 4 4 1 8 4 6 5 4
7 1 5 0 1 0 15 4 8 9
1 6 13 7 1 14 0 4 13 6
25 12 1 7 6 3 11 13 13 15
2 1 6 0 4 6 3 8 3 5
7 20 15 14 17 7 10 9 8 5
14 10 2 5 12 9 16 14 4 22
1 4 13 5 9 26 5 12 5 6
16 5 0 7 12 4 1 10 11 8
16 16 5 2 15 12 7 3 4 10
3 1 3 1 7 8 2 6 0 5
5 6 13 2 1 12 9 8 1 5
5 2 13 1 7 1 4 7 5 4
11 4 9 16 6 8 3 9 3 8
2 8 13 2 14 7 8 27 1 4
4 2 8 26 8 10 5 11 1 12
2 3 3 5 10 1 2 4 1 6
8 6 19 5 9 6 12 10 5 10
4 4 3 12 5 2 1 5 3 5
2 11 14 0 10 3 25 2 2 3
0 4 8 4 4 0 11 27 7 4
1 8 16 4 2 5 3 0 2 9
10 4 13 1 9 6 13 9 19 6
0 1 18 1 2 3 14 19 8 8
4 12 10 16 14 1 3 7 9 5
6 0 0 1 2 5 2 5 4 2
1 7 1 4 2 6 4 5 0 6
9 7 1 4 1 3 1 1 5 0
4 0 0 7 3 3 3 4 1 9
13 13 1 5 8 16 14 10 5 11
15 2 2 6 12 2 4 7 18 0
5 3 12 6 0 10 8 6 12 0
14 14 11 0 6 1 5 4 7 7
8 24 9 3 3 7 3 17 10 3
17 3 8 1 5 25 1 22 10 3
15 4 20 18 9 1 5 11 3 15
6 3 11 15 1 7 3 1 23 6
7 3 11 6 13 12 20 13 6 8
8 15 13 6 5 11 6 13 8 0
8 13 18 5 3 22 3 6 3 4
3 0 7 15 3 16 5 1 8 2
1 1 2 1 14 15 1 6 7 22
1 7 2 4 0 3 1 5 3 1
4 9 1 9 2 2 1 16 0 3
26 12 3 1 5 4 23 5 1 1
23 2 18 12 12 11 7 2 0 2
1 8 3 6 3 12 17 5 4 16
6 19 2 12 25 12 7 6 4 1
3 3 3 0 0 4 0 7 4 1
0 16 6 6 2 4 6 14 6 4
13 1 1 2 2 0 4 3 5 9
6 12 4 2 5 0 14 4 8 4
0 0 9 6 6 1 3 7 2 1
13 3 19 3 11 2 16 9 5 3
1 5 4 8 2 4 2 4 1 9
9 1 9 1 2 1 5 18 4 0
12 2 2 11 7 6 5 3 6 3
8 19 13 12 15 5 16 6 12 7
8 2 8 17 9 11 10 0 16 9
4 3 6 1 1 3 8 4 4 10
1 7 2 11 11 2 0 2 6 4
1 0 0 3 5 3 7 0 7 5
6 5 4 1 3 5 1 1 2 1
16 1 0 3 2 4 2 3 7 3
3 14 2 4 15 18 16 5 2 4
5 3 2 0 3 1 13 17 5 15
1 14 0 2 12 2 12 14 6 2
9 17 11 4 2 8 2 3 1 2
6 0 4 2 5 6 2 2 4 9
2 5 3 2 3 3 5 4 3 0
8 4 15 2 11 15 11 5 3 0
15 16 1 0 13 4 5 4 14 4
13 6 5 1 3 12 21 4 2 15
0 4 7 3 4 3 1 1 3 1
9 10 4 3 3 5 6 10 26 6
11 25 16 3 22 4 2 7 7 1
8 17 8 11 5 11 2 1 1 3
1 15 2 4 17 10 3 4 6 11
6 8 12 9 6 5 26 7 14 4
4 1 23 10 1 3 2 0 18 4
12 4 6 10 6 4 25 16 3 4
12 5 1 4 8 2 5 1 4 5
10 14 11 9 27 3 8 3 3 6
0 15 18 16 17 16 7 5 2 7
11 2 5 8 4 13 5 1 2 10
7 4 2 1 3 27 4 3 11 5
11 7 7 9 11 19 5 11 6 6
4 4 11 1 13 2 8 3 8 7
19 18 3 3 0 3 0 18 3 12
8 6 9 2 3 8 2 7 9 4
13 3 6 3 5 4 9 29 1 8
5 6 15 8 10 8 4 12 3 6
13 6 7 7 1 7 13 3 26 5
5 3 10 11 2 4 3 0 12 1
2 7 3 9 4 0 2 3 0 3
0 6 1 14 6 6 4 1 1 20
0 4 18 7 9 1 3 4 9 22
7 7 8 9 12 3 11 4 13 3
12 5 6 7 9 5 8 4 3 1
1 3 0 3 14 13 1 4 2 13
5 15 10 3 23 15 15 9 11 0
5 6 4 3 0 3 3 0 4 3
14 10 15 6 5 1 19 7 17 4
3 4 2 2 4 4 4 3 2 4
8 0 7 7 10 11 5 2 2 4
1 6 4 9 7 2 10 11 15 3
5 8 15 9 1 8 16 6 6 4
3 0 7 10 15 8 16 8 3 7
16 21 2 7 4 6 3 2 4 10
0 1 10 3 12 1 10 3 2 4
4 5 7 5 4 6 30 10 9 13
3 9 6 8 24 8 7 1 18 13
6 4 0 2 1 4 0 3 0 8
3 0 11 4 3 2 2 8 21 6
3 13 6 8 13 2 4 2 7 19
0 4 1 7 2 2 4 6 3 8
3 4 7 9 5 1 6 11 7 17
5 2 4 1 2 4 3 6 8 7
2 0 20 10 16 2 18 2 14 12
0 4 7 21 1 6 1 2 11 6
3 12 11 6 5 0 5 8 9 14
2 10 1 10 3 6 17 6 14 1
3 0 8 5 20 2 3 12 2 0
3 25 7 8 8 2 7 10 4 8
17 4 4 1 15 17 0 0 18 2
2 7 7 6 9 11 1 2 11 7
3 10 1 4 4 2 3 11 3 0
3 16 12 1 6 9 4 1 4 2
2 3 3 8 19 1 14 3 7 1
9 4 4 8 1 6 1 6 2 2
21 4 11 8 10 16 14 5 5 3
2 23 21 6 1 8 10 5 6 7
1 3 2 1 8 2 3 7 6 10
2 5 10 9 4 6 1 1 2 9
1 9 5 6 0 4 4 3 5 3
9 0 6 8 6 5 1 6 12 6
1 5 2 14 2 17 7 11 14 13
1 7 1 3 3 8 2 7 3 3
2 5 8 7 6 6 5 15 1 5
5 24 9 12 0 1 1 12 16 17
19 3 15 10 11 1 3 7 22 11
4 18 15 4 5 0 7 2 9 4
17 2 8 4 12 1 16 13 21 4
3 9 4 3 17 12 1 0 3 0
7 1 12 8 3 3 11 16 12 8
10 4 7 10 7 10 5 8 5 6
2 3 4 16 0 1 6 7 2 0
2 2 3 1 5 5 6 7 11 5
1 2 4 11 11 10 8 4 6 4
7 7 7 12 3 0 7 5 1 12
5 13 4 8 2 6 12 3 5 9
13 4 3 25 12 1 11 3 2 1
6 6 2 0 9 8 3 3 1 1
0 1 10 3 16 3 10 4 1 22
1 9 7 0 9 5 0 0 3 3
1 9 6 5 17 8 11 8 5 7
9 4 7 10 3 0 4 9 7 13
10 13 6 5 2 21 2 2 19 10
2 2 3 3 19 0 15 15 16 3
10 2 11 3 6 6 6 9 13 1
5 1 13 0 1 9 4 12 8 1
9 8 5 4 14 5 7 1 9 7
1 13 4 6 2 5 14 5 3 9
6 4 0 1 2 3 2 6 4 2
2 0 4 10 3 1 3 7 2 5
6 5 3 3 2 2 0 5 3 4
13 2 20 2 15 10 10 9 0 18
12 4 12 8 15 10 5 6 22 9
27 7 0 4 17 1 11 2 4 15
7 5 2 4 2 2 6 6 6 6
5 8 1 4 2 7 0 2 1 2
5 5 15 14 5 6 20 7 11 7
17 1 3 10 10 26 3 14 2 7
11 3 11 5 4 0 3 3 2 10
5 4 2 0 2 3 14 2 3 1
2 5 0 15 2 18 4 4 7 6
2 10 1 5 6 3 1 1 8 12
4 2 5 18 2 9 9 11 5 10
11 0 4 5 3 5 4 1 20 11
6 14 5 5 9 6 9 14 11 8
0 1 12 25 3 19 5 1 7 4
2 0 4 9 5 5 5 1 12 3
2 11 3 7 1 10 8 9 0 10
12 1 5 7 19 10 9 5 9 10
6 11 0 7 1 3 2 1 2 4
2 25 0 4 1 10 8 5 7 8
3 9 3 1 12 6 5 3 8 2
4 16 16 6 10 9 17 11 3 6
4 6 0 3 5 1 3 3 5 7
1 3 5 3 7 0 4 0 5 1
3 11 3 7 5 4 3 6 3 8
2 5 8 0 0 26 1 15 1 5
5 3 3 4 6 3 1 1 4 0
5 12 9 1 3 4 3 22 3 1
12 3 0 2 5 4 15 2 0 0
13 10 8 6 6 2 0 8 0 3
1 1 9 14 2 7 5 7 1 6
2 7 1 3 0 1 1 6 10 3
10 8 4 0 11 3 1 21 2 0
5 7 19 6 20 9 1 2 10 1
5 6 8 5 3 1 6 5 3 3
9 10 4 3 0 10 6 2 2 5
4 9 6 10 8 6 4 4 11 5
3 1 3 9 1 3 2 0 0 0
3 2 1 2 2 4 7 1 7 1
20 7 1 18 3 5 13 1 8 2
0 11 2 9 4 5 3 4 13 2
6 6 9 4 5 1 3 2 2 2
4 12 6 3 5 1 10 4 0 12
9 16 14 5 16 5 14 1 7 2
13 16 4 3 0 2 4 1 5 5
2 2 4 8 5 3 1 1 2 1
5 10 5 9 2 0 5 5 4 6
8 2 0 1 3 5 12 4 12 5
9 1 3 1 3 8 27 19 5 12
6 2 4 8 11 3 9 8 11 7
5 1 13 6 5 11 16 15 12 6
3 4 1 7 7 11 14 16 10 3
2 17 6 5 3 1 2 6 8 1
4 8 5 6 7 11 4 13 2 12
5 2 13 19 11 8 17 6 9 4
1 6 3 3 4 1 5 1 7 4
6 17 2 8 9 3 0 10 6 2
4 3 10 5 6 4 10 6 1 0
1 15 15 7 2 4 5 5 11 6
3 8 3 3 2 10 10 6 1 1
4 7 2 12 12 4 5 4 13 11
17 6 0 6 4 8 4 22 19 1
8 9 9 4 2 3 14 9 6 6
3 4 2 4 0 2 11 5 5 5
18 4 1 2 7 5 9 8 7 31
3 15 17 2 5 24 8 9 6 12
13 10 0 7 4 26 3 1 1 4
3 4 4 12 4 1 20 7 20 2
13 0 3 3 5 0 8 4 11 8
7 20 15 6 18 1 16 4 15 5
12 14 12 4 5 4 4 1 8 13
14 3 20 3 15 1 11 6 8 6
7 8 12 15 7 6 4 21 5 20
5 6 3 1 4 1 4 12 5 4
11 8 2 1 0 3 2 14 11 1
20 10 8 4 3 3 10 4 18 7
9 4 1 1 4 7 7 9 4 1
3 4 2 6 9 4 13 5 4 7
3 6 16 13 13 3 3 2 19 10
3 7 2 14 7 4 0 1 10 10
2 13 6 22 2 3 7 14 13 4
6 6 13 9 4 1 4 3 5 1
5 2 3 2 2 3 2 10 1 3
13 6 3 3 21 19 22 2 9 1
4 5 3 4 1 11 2 7 3 2
2 2 7 13 0 15 2 5 26 9
2 5 4 1 3 3 3 1 6 1
6 13 4 11 13 0 0 7 6 16
13 13 4 3 5 8 14 13 6 8
1 5 11 1 6 3 1 7 3 1
4 9 1 4 6 2 4 12 3 18
2 16 6 2 20 8 2 10 13 6
10 6 14 5 2 10 9 3 1 12
4 7 3 2 4 6 3 0 1 3
0 7 3 0 2 7 1 2 1 8
9 9 0 3 4 11 4 8 8 14
11 14 18 9 3 4 2 0 2 10
8 1 7 7 16 1 7 3 3 2
3 2 4 3 4 6 3 6 3 1
0 8 1 4 3 4 0 3 5 4
2 0 7 3 0 3 3 2 1 7
5 3 11 7 4 7 9 22 16 10
5 6 15 2 11 1 9 15 25 2
4 1 2 6 8 11 4 2 3 3
14 0 19 9 1 6 6 15 3 2
5 7 7 2 24 16 11 10 4 10
4 11 3 1 2 1 4 5 7 3
26 8 3 3 13 3 3 4 4 0
12 5 14 22 2 7 8 4 1 11
19 1 11 12 6 6 10 11 12 9
11 0 5 19 11 15 13 1 6 2
3 2 8 2 5 7 16 25 13 16
1 5 12 3 16 8 20 17 11 17
1 12 10 1 10 10 8 0 14 2
0 10 10 3 19 7 13 14 20 12
11 2 17 21 7 16 8 5 2 1
2 1 4 9 2 8 7 0 7 0
10 7 5 5 9 2 6 12 8 14
8 7 1 2 3 1 2 5 3 4
6 4 9 11 5 5 7 10 11 3
2 6 11 8 5 12 7 1 5 1
17 9 12 7 0 5 6 8 2 13
3 2 13 3 9 12 8 2 1 1
10 7 6 10 18 5 11 14 3 0
5 3 19 4 8 5 13 13 4 10
2 8 1 3 4 2 8 3 2 4
6 6 6 3 12 10 4 7 4 12
6 8 7 10 12 12 4 8 9 4
4 9 2 2 8 0 3 8 15 6
8 2 2 4 7 8 5 4 11 1
6 9 14 4 3 4 7 3 9 2
9 3 11 9 15 7 12 9 2 1
6 3 6 4 1 3 1 15 3 9
5 1 1 6 5 1 1 7 2 4
4 1 1 10 6 18 14 8 16 1
3 0 2 3 9 3 1 1 4 4
13 4 0 5 12 2 14 2 3 21
2 1 0 5 7 0 2 8 1 5
7 14 4 6 4 13 3 5 6 2
1 4 4 1 1 3 1 17 8 0
4 12 1 3 7 0 9 3 8 3
0 2 3 8 3 3 2 13 7 4
4 12 2 14 27 3 6 0 15 1
10 15 6 8 0 8 3 1 3 7
6 0 18 4 4 10 6 4 4 5
2 5 6 1 6 8 8 1 8 18
15 3 10 2 10 4 2 2 0 7
8 7 3 5 9 1 5 6 18 8
12 8 1 6 2 12 1 3 12 25
21 7 5 11 11 6 6 7 14 8
4 4 2 8 7 8 13 0 6 6
0 8 8 12 16 4 0 3 5 1
4 14 5 6 11 16 12 1 8 6
1 6 5 2 6 3 3 5 5 1
8 6 8 4 6 6 10 5 0 6
7 8 12 8 1 2 14 3 5 10
0 5 2 2 5 2 4 6 2 1
2 2 4 12 4 6 3 1 1 8
3 6 10 3 9 3 2 5 5 2
12 1 13 10 2 22 18 6 0 12
0 8 7 6 12 7 11 2 9 11
10 6 10 19 14 15 13 3 5 3
3 19 6 14 3 11 22 6 14 2
9 12 8 10 0 3 1 11 12 23
1 6 4 6 5 1 3 4 1 4
3 7 17 13 14 10 4 11 4 2
3 7 16 5 25 4 20 12 5 2
10 7 11 17 3 12 0 0 2 0
17 5 24 4 4 9 21 8 4 1
13 19 13 6 5 11 2 8 5 1
11 13 11 13 25 7 9 4 12 9
10 7 8 6 3 6 0 2 9 3
19 0 4 17 11 5 13 1 21 11
4 8 6 2 3 1 5 1 2 1
24 11 4 14 4 0 10 1 5 3
5 4 5 0 7 4 1 12 3 4
9 2 0 9 10 5 10 11 15 16
0 9 1 1 7 2 3 3 1 1
3 13 2 8 4 1 3 1 1 1
7 6 2 9 4 10 6 13 9 12
2 1 6 17 3 3 6 19 21 2
4 12 2 3 22 12 11 1 2 9
3 7 4 9 11 10 1 12 13 6
9 5 1 0 18 6 7 1 8 1
9 3 9 5 7 15 12 2 12 13
5 5 19 6 21 4 6 5 6 18
9 3 4 2 3 4 2 0 2 5
5 3 0 1 5 6 1 8 2 2
8 2 3 3 7 6 1 3 1 10
18 1 15 4 16 4 16 9 4 12
4 1 3 1 4 3 11 3 5 2
6 7 10 4 3 2 1 3 12 5
14 2 0 3 2 0 12 7 6 4
1 23 12 11 9 8 3 7 5 16
1 1 11 3 6 1 8 16 1 8
15 12 3 3 15 9 1 20 6 17
11 12 2 7 12 4 4 8 22 17
0 2 6 2 2 5 3 4 2 2
9 11 26 6 1 11 0 8 1 12
3 14 2 15 6 8 2 1 7 3
0 4 6 2 3 3 5 1 6 1
6 11 10 3 15 4 0 16 8 6
1 3 1 4 6 1 12 1 10 3
1 5 5 2 4 14 16 4 5 10
7 9 7 2 2 0 4 15 15 4
0 2 2 5 2 11 7 9 6 5
6 12 3 8 9 4 8 5 5 2
1 4 6 8 9 13 1 13 20 9
17 4 3 12 8 2 21 5 4 12
14 4 3 4 14 6 7 0 8 8
2 18 12 1 1 2 8 3 7 12
1 1 0 3 6 2 0 6 6 2
5 20 0 7 4 7 20 16 2 7
16 4 8 7 13 2 11 15 0 11
26 2 4 12 3 12 5 10 4 14
8 0 5 18 9 0 22 14 13 4
15 10 7 6 7 2 7 0 5 3
1 11 8 4 1 8 6 11 5 4
14 8 4 13 12 10 5 8 1 3
18 8 4 2 3 8 12 12 22 4
3 2 1 7 5 9 2 1 3 2
7 23 7 5 2 12 3 7 4 8
14 17 1 12 17 5 4 3 2 0
0 13 3 1 1 12 0 5 6 6
4 4 5 15 3 1 10 23 0 1
0 3 6 3 1 13 4 11 26 2
8 1 12 1 3 18 13 12 10 9
0 11 1 1 2 6 12 7 13 19
7 12 7 4 7 17 9 2 0 24
7 7 2 5 11 3 3 4 0 0
14 2 0 13 28 4 14 3 4 2
7 13 4 0 1 3 9 2 2 3
1 1 12 1 3 2 3 2 1 2
13 10 4 1 6 3 0 4 9 6
24 2 5 4 12 9 10 7 13 6
4 12 10 13 12 6 4 2 20 4
20 8 2 7 19 2 11 2 19 2
1 5 8 3 2 3 7 9 1 2
14 15 5 2 20 10 11 2 13 4
19 7 3 8 3 3 6 13 11 2
0 14 6 10 12 8 19 8 14 3
7 3 6 3 4 2 9 4 8 2
8 17 0 12 9 10 10 1 12 11
5 6 10 4 1 17 11 14 6 8
1 7 4 0 1 6 2 4 4 5
14 7 20 13 14 0 10 12 15 1
13 4 1 8 9 6 9 18 4 13
1 20 10 9 2 8 1 5 17 8
5 15 3 2 1 6 17 21 15 15
6 1 0 12 7 4 0 0 6 4
8 21 2 3 13 3 8 1 4 12
13 3 7 11 18 5 11 7 3 4
11 2 2 9 7 7 12 5 3 4
1 3 3 1 3 10 9 15 5 21
8 2 0 3 3 0 4 3 12 3
13 8 11 13 4 15 8 11 6 19
1 7 4 4 4 4 3 3 1 8
3 7 1 14 11 4 0 5 13 7
3 12 3 2 5 13 4 12 10 11
6 9 1 4 8 2 5 4 6 8
1 3 13 12 3 21 15 5 4 8
5 1 9 7 9 4 2 2 9 18
0 1 2 18 0 6 13 1 21 7
1 7 2 4 10 21 3 17 21 4
6 2 1 2 1 9 5 2 3 3
3 2 2 1 2 4 7 5 8 2
9 12 2 8 5 0 12 0 2 1
17 3 17 11 3 22 1 7 10 0
11 17 6 7 1 7 17 5 14 0
10 3 7 5 11 11 7 14 6 12
1 2 1 0 11 11 2 9 0 7
16 9 9 3 3 0 2 5 17 3
3 2 4 10 2 9 0 7 11 0
5 17 20 8 17 4 0 7 18 5
4 27 3 26 1 0 9 4 6 0
0 9 19 10 18 3 7 1 4 1
2 2 5 4 11 3 4 12 2 5
9 8 2 4 5 8 2 1 4 4
1 3 2 3 10 3 13 0 8 5
5 9 1 12 3 8 7 13 11 0
2 7 7 5 6 1 2 6 3 4
5 7 6 20 4 5 4 0 9 7
8 1 5 4 10 10 5 12 10 6
7 3 7 0 0 11 10 5 0 5
8 5 1 1 2 1 6 5 2 4
8 3 6 1 3 2 10 2 3 4
6 6 2 3 4 2 12 6 2 12
6 7 13 20 17 17 11 8 10 1
2 20 4 9 13 10 21 7 1 11
6 5 10 6 14 4 5 1 14 6
2 18 10 4 1 3 7 2 3 8
10 0 1 2 5 3 3 6 2 4
11 1 1 10 5 4 12 18 13 7
9 1 5 1 6 2 11 0 5 3
11 12 11 4 3 8 5 15 15 2
7 19 6 14 19 6 15 5 8 15
2 3 3 1 3 5 6 5 5 1
0 0 0 1 10 3 10 7 2 5
5 9 5 5 15 1 13 11 7 1
9 1 2 9 12 1 6 1 6 3
4 2 3 1 0 4 4 7 2 3
1 7 6 10 9 6 15 11 3 7
17 5 4 0 7 14 6 3 7 5
1 2 9 7 0 5 2 0 14 6
19 15 6 13 4 14 9 0 9 7
12 3 3 5 0 6 3 7 1 14
25 6 4 4 10 5 26 3 5 7
2 0 10 3 12 14 3 8 20 1
0 11 5 9 9 1 3 14 5 29
1 2 6 6 5 3 7 3 5 6
7 12 12 19 18 12 3 11 4 3
1 4 13 7 0 5 9 6 0 6
12 4 2 6 8 1 5 0 12 18
4 3 1 3 3 9 2 5 1 1
8 9 2 0 8 6 6 9 4 6
3 1 10 10 3 13 9 0 1 1
12 8 7 1 2 5 5 6 0 8
2 4 20 14 12 7 3 9 7 5
9 7 6 9 6 1 3 7 4 9
3 2 5 28 6 1 1 3 13 16
7 2 0 2 2 0 2 3 3 10
3 2 1 5 4 10 2 3 5 5
1 1 5 2 13 9 7 5 1 1
1 12 7 25 7 2 15 9 13 9
5 4 2 4 4 10 3 2 1 1
9 8 9 19 6 1 7 3 3 6
0 9 0 9 1 6 7 4 6 3
13 2 13 5 13 3 6 25 17 2
17 9 13 0 2 10 19 14 16 8
6 9 3 1 3 5 9 12 1 4
1 1 5 3 4 1 4 8 8 2
2 7 13 0 5 9 17 4 11 7
6 2 6 7 5 2 4 5 1 0
10 8 5 8 3 8 2 1 3 6
16 9 10 3 5 18 1 0 9 19
0 2 1 7 16 3 5 4 11 3
21 1 2 20 7 13 7 1 8 7
12 1 3 2 11 8 4 7 18 4
4 1 3 4 6 6 0 12 9 0
11 1 12 17 2 1 1 9 12 12
11 1 5 13 23 15 10 1 3 0
9 12 5 4 4 3 7 4 5 6
6 1 8 5 13 4 4 6 10 1
9 8 10 9 23 10 7 4 2 1
3 10 4 6 5 4 4 6 2 2
7 4 3 10 2 5 4 2 5 6
3 1 10 1 4 8 7 3 4 9
0 1 4 17 15 4 8 2 7 2
7 1 6 17 15 4 0 10 25 6
1 3 6 13 5 5 11 17 12 2
3 6 2 0 1 8 3 7 2 1
18 8 7 16 6 1 21 9 1 3
14 1 0 5 5 4 7 5 5 4
11 4 3 2 0 5 0 4 8 2
12 14 5 14 3 9 5 3 2 7
2 6 1 12 8 3 4 2 2 5
5 8 5 2 4 5 5 2 8 4
18 14 6 20 12 3 11 9 2 6
28 15 1 3 0 6 13 14 1 12
4 4 4 13 21 17 6 9 19 9
3 9 0 4 1 4 1 5 3 8
21 13 3 4 0 11 4 7 8 25
14 13 11 1 9 6 8 4 19 5
5 13 10 6 6 7 1 10 2 6
5 3 3 10 4 9 5 1 6 7
0 6 2 2 13 2 3 7 11 16
4 1 3 10 25 2 13 8 1 1
13 5 13 17 17 8 18 3 8 4
3 3 5 11 4 15 17 14 0 25
8 1 1 1 18 8 0 5 5 5
1 15 1 14 4 11 20 12 18 1
8 20 7 8 4 16 1 7 7 3
4 3 6 6 5 3 0 14 2 11
6 8 15 6 2 0 4 1 7 0
0 20 0 15 1 13 9 22 1 2
24 6 19 1 1 3 9 2 12 8
4 3 10 4 9 4 16 7 0 4
7 0 3 1 2 8 4 2 7 7
16 17 13 9 2 7 10 3 9 10
16 5 8 4 27 1 18 2 2 6
2 1 6 8 5 9 6 3 5 0
4 12 10 4 8 2 7 11 14 1
8 6 4 3 7 12 4 1 3 4
2 3 2 14 1 10 1 0 2 10
1 6 3 7 1 3 1 10 3 9
2 9 5 4 3 2 11 4 3 11
5 7 6 3 6 1 18 12 19 7
18 8 0 5 6 17 4 5 2 9
12 7 3 3 5 7 4 8 4 7
6 2 1 4 1 8 1 18 5 5
11 5 5 3 4 2 5 5 8 5
11 9 7 5 1 11 14 14 14 12
0 6 19 1 2 11 7 6 1 7
8 19 15 0 8 9 16 2 7 7
1 3 15 0 8 0 7 1 7 3
9 2 2 19 5 4 23 3 7 4
2 3 4 7 5 3 7 4 8 6
6 0 10 0 3 10 12 16 8 3
1 9 9 7 4 17 8 3 1 9
23 1 2 6 12 12 10 10 13 1
12 5 11 3 7 13 16 3 8 10
12 13 3 0 14 5 5 12 15 12
0 18 4 2 15 23 10 0 1 12
6 2 2 2 4 1 26 8 3 24
4 16 11 18 12 14 7 8 13 7
8 10 1 3 2 3 3 2 5 6
6 1 11 8 6 9 5 3 0 7
1 10 14 15 7 2 12 2 11 9
12 5 15 7 3 16 7 10 2 14
10 17 2 15 1 4 7 12 5 1
3 11 2 7 0 9 3 13 8 8
9 5 3 0 5 4 9 4 3 5
9 18 1 15 9 2 15 1 19 9
6 4 4 18 14 7 7 10 3 7
12 9 5 1 8 3 3 4 3 12
3 12 0 10 1 1 2 3 15 3
9 18 1 4 3 4 4 3 1 1
5 6 2 8 1 5 12 7 6 4
18 19 2 5 11 6 2 11 4 9
13 10 11 4 7 5 16 12 2 3
0 5 4 4 3 6 6 5 1 1
2 8 4 2 4 7 2 16 4 12
2 18 0 5 9 3 11 4 3 14
13 7 15 14 8 2 22 6 15 2
9 9 10 2 8 15 4 7 6 26
6 1 5 18 3 15 8 10 6 10
0 2 3 1 4 2 2 2 1 10
9 6 13 0 7 0 11 4 5 1
7 2 4 10 3 2 0 3 3 1
10 14 3 16 8 5 1 7 4 2
12 8 3 15 6 6 5 1 19 10
8 8 0 7 2 15 6 3 18 5
2 3 5 8 0 4 2 16 4 9
6 9 5 3 2 4 12 26 10 10
1 1 9 0 0 2 6 10 10 2
4 3 15 3 5 8 18 1 9 6
5 4 4 8 3 1 4 7 0 4
1 5 5 0 12 19 19 10 12 12
2 12 3 5 2 2 6 9 1 2
2 0 7 6 0 13 20 7 2 8
10 5 0 5 3 1 2 3 0 1
5 10 1 3 5 3 17 1 6 16
0 11 7 14 2 10 12 1 11 3
1 2 13 1 3 1 13 6 2 7
7 13 1 28 9 8 12 1 16 6
2 0 3 15 10 18 9 10 6 23
10 12 9 5 5 13 3 5 3 3
9 11 12 4 14 11 5 9 6 20
4 18 11 2 12 6 20 8 4 3
7 13 2 3 2 3 12 33 4 8
0 1 5 6 0 9 0 2 7 1
5 2 2 1 5 4 2 5 2 0
16 11 1 2 9 14 10 7 7 9
12 6 17 9 2 17 4 5 3 14
5 7 3 6 2 0 0 3 2 0
0 3 4 7 5 8 8 0 3 6
10 14 2 8 3 7 14 12 15 3
7 0 1 15 2 5 1 6 12 3
4 19 5 9 10 8 8 3 6 1
11 8 10 6 5 3 6 2 8 3
3 2 7 2 12 5 2 4 2 6
2 10 0 5 9 6 11 12 4 6
8 1 13 14 14 2 18 20 8 4
3 2 2 5 6 10 6 3 1 10
13 7 0 4 9 1 16 3 6 6
1 7 3 1 0 1 2 3 7 0
1 2 10 6 13 6 14 2 5 5
3 8 0 7 3 3 11 4 6 3
6 10 19 10 3 8 4 6 8 20
14 1 3 7 8 2 0 8 6 1
4 8 1 4 1 1 10 3 1 3
8 4 16 13 1 6 12 2 1 0
2 8 0 6 4 7 8 7 3 2
2 16 2 19 20 6 19 8 5 2
2 15 16 11 12 13 20 10 0 5
0 15 1 7 1 11 6 5 8 25
1 2 2 2 2 6 7 0 1 3
1 2 5 2 1 3 9 4 1 1
13 6 7 3 2 3 2 3 4 5
7 3 16 10 1 6 0 7 12 2
15 6 3 21 5 11 5 3 12 0
7 3 0 1 1 11 0 5 2 6
2 3 6 6 10 22 5 27 6 11
9 15 5 20 1 5 14 4 15 4
1 13 13 6 1 1 6 15 5 8
2 6 7 3 18 4 12 8 11 19
4 7 11 7 6 1 4 4 5 7
3 6 1 1 3 4 2 2 2 9
7 6 4 7 11 5 2 2 3 8
3 3 11 0 3 5 10 8 8 5
5 2 9 8 3 4 0 3 6 12
2 4 6 3 7 5 9 4 13 3
21 13 15 13 4 8 3 9 3 6
7 1 2 6 0 0 1 2 2 4
2 4 1 2 12 1 9 6 0 2
10 2 0 23 9 7 3 2 9 5
6 6 2 2 0 7 10 7 13 9
9 1 3 1 1 3 2 1 0 3
7 8 21 5 5 7 10 8 3 5
2 6 9 16 2 4 1 11 11 25
0 3 1 1 5 4 8 6 1 19
15 2 14 4 3 1 6 5 5 6
8 3 6 0 2 5 4 5 7 14
2 2 0 7 15 25 6 22 6 1
9 3 10 1 2 3 0 1 5 3
13 3 11 4 0 7 21 14 4 10
4 5 1 6 23 9 14 13 4 11
21 11 15 15 12 0 3 3 12 4
8 10 2 9 10 5 10 17 0 20
2 3 6 5 2 10 15 22 3 2
8 1 1 5 12 9 2 8 6 2
15 15 10 5 10 23 14 2 4 8
1 6 8 4 1 2 1 3 2 2
9 1 12 2 4 10 4 2 3 2
21 4 8 13 22 15 10 1 0 2
8 9 3 1 4 0 0 6 5 6
7 14 3 6 7 6 5 16 7 6
2 3 1 7 6 8 1 9 3 8
1 3 2 7 1 16 19 11 6 2
0 4 9 5 2 2 2 4 6 5
17 4 5 2 3 1 22 1 1 19
5 4 9 6 6 4 12 13 5 4
4 11 1 2 6 18 6 9 6 3
8 11 3 16 16 2 3 3 1 14
10 3 10 7 5 27 8 13 3 5
14 0 0 17 11 6 4 0 1 5
7 6 3 0 3 1 0 8 9 10
8 4 4 1 11 11 3 4 6 8
10 1 16 3 9 15 19 3 14 15
9 19 2 5 3 5 17 2 7 18
10 5 8 7 0 6 3 2 1 6
3 0 3 7 9 6 6 7 2 0
20 2 2 4 13 1 11 10 2 0
2 11 2 2 17 0 7 3 0 0
2 5 14 7 4 17 5 18 11 12
19 12 2 3 9 5 3 29 4 7
12 6 7 2 17 4 5 13 2 7
6 1 5 0 2 2 2 2 8 4
5 8 1 13 14 21 15 2 5 0
3 4 1 4 2 8 4 12 3 10
5 2 5 15 7 3 2 2 8 13
7 2 2 0 8 11 1 4 1 6
2 8 12 4 7 11 3 2 9 3
7 0 5 11 7 6 18 11 3 17
1 7 5 2 0 1 3 0 3 2
2 1 1 4 2 5 2 6 7 4
1 7 4 3 3 2 14 0 3 19
13 7 0 3 23 14 9 2 6 1
9 11 9 0 12 3 5 1 11 21
3 1 1 9 3 1 5 4 6 4
4 16 5 8 2 8 5 14 19 15
12 0 2 2 7 2 0 4 15 11
2 1 9 6 2 10 21 5 1 3
1 3 5 7 2 7 0 2 11 3
9 20 7 11 5 8 2 2 3 9
5 4 6 13 11 3 6 10 5 1
5 10 6 1 2 0 12 29 19 3
12 2 0 14 7 1 1 2 17 6
17 7 5 8 9 10 12 11 3 4
6 2 3 5 15 7 4 12 3 10
14 14 6 10 11 8 3 11 2 3
2 4 0 3 3 6 2 4 5 0
1 2 4 4 5 2 2 3 4 7
3 2 8 4 7 5 4 2 1 5
2 7 1 7 16 2 5 18 19 7
15 3 2 9 3 15 2 9 5 1
6 5 5 11 5 5 7 5 8 6
3 5 6 6 0 1 6 13 4 7
2 12 8 2 17 22 21 10 1 4
12 10 7 6 8 1 4 3 2 3
2 0 8 8 2 10 2 4 3 1
1 11 11 1 4 5 7 8 2 2
11 4 8 7 7 2 4 7 7 4
3 10 2 6 2 0 1 1 4 2
19 0 0 10 5 12 9 2 6 10
9 5 10 2 2 3 13 12 6 6
6 0 3 0 2 6 1 6 0 2
6 21 2 17 13 17 5 11 12 6
19 5 7 2 4 12 3 2 2 18
2 3 3 3 1 2 7 7 2 6
6 2 2 2 4 4 10 6 6 2
2 8 3 4 2 1 8 2 1 6
1 4 0 5 7 5 4 8 9 1
1 10 1 9 9 3 3 16 2 2
2 1 3 11 1 10 24 3 7 9
1 8 18 8 2 1 19 2 9 9
5 1 2 2 5 5 3 1 4 8
7 4 4 10 19 5 5 0 9 7
0 6 3 2 0 6 4 7 2 2
2 3 4 6 15 6 2 10 6 2
12 1 15 6 14 1 0 6 4 8
10 4 5 2 8 24 3 6 3 19
13 2 5 9 12 0 8 4 3 4
3 12 14 8 13 4 2 5 13 13
10 25 0 6 8 5 1 11 11 4
8 6 13 10 16 4 4 11 1 1
2 0 11 8 11 13 5 10 25 13
2 0 1 1 5 2 4 1 6 5
15 7 7 13 3 9 8 8 9 15
14 10 20 16 4 2 9 8 12 6
10 9 1 0 9 3 3 15 7 2
3 8 0 1 4 3 5 4 6 2
19 14 13 8 3 3 0 6 1 11
15 4 1 15 3 7 5 11 5 8
3 4 0 16 10 7 10 6 0 7
11 2 5 6 2 13 4 5 7 4
8 10 1 16 18 8 16 6 1 3
1 9 1 9 4 0 2 2 2 0
4 3 5 6 0 9 0 1 4 3
10 7 16 13 3 9 8 7 12 4
8 4 5 10 2 7 9 8 5 1
5 9 1 8 1 2 16 11 15 7
7 9 6 2 6 3 9 7 1 5
7 8 18 1 0 3 4 1 8 4
1 7 3 5 19 6 1 9 0 7
14 8 3 0 2 4 4 2 7 3
7 5 2 1 2 1 0 2 2 4
5 1 3 13 7 5 2 6 4 1
8 7 12 1 5 14 10 0 8 10
9 5 1 1 6 8 5 2 1 2
13 9 8 16 1 9 1 5 7 8
3 5 1 4 6 16 3 1 11 2
3 6 2 5 8 3 2 2 1 10
8 9 1 1 2 8 4 3 2 6
1 4 1 12 2 4 3 7 16 5
16 1 6 1 6 16 6 22 5 16
2 15 3 2 10 15 2 9 5 4
5 6 8 4 1 4 8 5 18 4
5 12 8 5 2 5 4 1 8 1
1 9 11 2 6 19 4 11 6 1
2 11 17 19 15 14 2 12 3 13
20 10 2 12 4 13 10 17 7 8
2 2 4 1 3 1 0 10 1 1
15 11 3 17 3 0 2 7 0 18
6 7 7 8 1 11 4 13 0 1
5 8 18 11 5 8 16 8 6 7
15 6 2 5 4 2 8 8 8 12
0 6 1 4 2 14 3 9 2 9
4 1 3 8 1 5 2 3 2 4
12 6 1 2 4 0 6 5 3 2
14 8 4 1 7 14 8 3 4 14
8 2 6 21 6 13 17 0 11 18
5 7 9 6 18 4 19 1 16 2
6 9 2 2 9 6 4 10 11 5
7 14 3 10 2 4 0 0 0 2
6 5 5 22 1 9 16 8 15 9
0 10 1 26 10 3 15 12 8 10
6 0 5 6 10 10 9 5 5 5
7 6 9 1 5 9 19 7 3 2
1 7 2 1 9 4 2 7 4 9
6 2 11 3 1 2 18 1 1 9
11 2 4 3 2 4 3 1 2 10
7 4 13 1 9 12 2 4 4 4
5 13 8 7 10 8 3 14 6 7
8 8 5 18 4 4 9 4 22 2
1 7 1 3 2 17 2 2 1 7
4 4 1 4 1 8 5 0 3 1
8 1 6 8 2 2 11 13 3 8
5 8 19 9 15 5 5 12 3 13
14 4 7 6 9 5 12 6 11 1
2 10 4 26 15 6 0 15 7 2
6 1 10 0 5 1 12 5 5 7
10 23 20 10 3 3 13 2 3 9
8 3 3 3 6 6 10 11 4 2
5 2 6 5 9 9 11 3 4 2
0 12 2 27 3 13 9 8 17 1
6 2 15 4 10 0 11 23 6 1
3 9 13 2 17 5 3 7 9 2
4 7 9 15 7 4 4 3 13 9
1 10 1 14 28 4 5 14 4 6
12 6 5 13 2 14 1 4 0 15
2 3 10 0 2 7 6 3 5 3
0 1 3 5 2 0 2 7 10 7
8 3 4 5 9 5 1 4 7 5
7 5 10 23 2 5 4 6 11 25
2 6 7 4 0 3 8 0 4 10
6 1 7 2 2 10 0 0 4 11
9 11 5 11 6 19 1 7 8 4
10 9 10 4 8 5 7 5 5 7
2 20 18 7 25 3 7 1 1 6
9 3 7 13 8 11 17 8 4 8
4 0 2 8 0 1 18 2 4 4
12 9 15 9 14 3 7 18 4 5
2 1 0 6 5 4 12 2 3 4
5 0 7 10 6 7 3 1 5 0
1 2 20 2 8 2 8 9 3 6
5 4 8 1 2 4 2 5 0 8
5 3 4 4 1 6 2 7 6 2
0 1 4 4 5 5 3 5 4 2
7 12 25 12 2 9 2 7 9 18
6 9 3 6 16 18 8 22 3 3
19 0 6 0 3 9 7 1 15 16
8 11 3 24 0 3 21 10 3 2
7 1 5 10 11 9 14 22 13 1
1 8 4 5 12 15 16 0 0 24
1 5 12 6 3 1 8 13 8 1
3 5 4 1 1 3 6 4 6 11
15 1 3 3 8 5 1 14 2 4
2 8 20 3 13 6 3 20 14 7
4 4 8 5 8 0 9 2 1 7
4 1 5 1 2 6 3 8 1 1
15 2 0 20 21 9 11 1 12 4
9 12 8 9 18 9 3 6 3 2
3 5 7 7 19 6 4 9 16 0
13 1 0 0 8 1 9 4 10 1
2 7 8 4 3 3 3 18 9 4
1 2 3 4 5 2 6 1 0 3
8 6 9 10 1 4 3 7 6 3
15 2 17 2 4 6 5 0 1 11
5 4 1 3 1 10 3 5 5 2
0 0 1 3 5 0 9 1 5 4
9 5 4 6 1 7 1 7 6 2
2 4 1 8 1 2 3 1 1 4
15 9 9 3 2 2 6 16 16 1
6 17 14 5 18 1 12 6 16 1
5 4 0 5 4 2 5 10 3 9
0 4 5 0 5 4 4 2 12 4
9 12 17 1 17 5 1 5 2 8
2 2 3 1 4 9 0 6 1 3
10 13 5 5 2 12 7 5 1 5
15 4 4 9 3 24 9 14 15 10
10 12 4 4 4 17 8 0 14 2
5 10 17 16 7 0 12 11 6 2
6 1 8 2 2 5 4 1 1 7
6 5 4 4 1 3 7 4 0 7
16 8 20 5 3 3 12 8 14 4
2 12 14 1 2 11 29 4 0 1
9 1 6 3 0 7 8 3 1 22
11 4 15 5 2 14 4 2 15 0
3 2 13 9 6 23 10 2 9 8
9 0 20 11 5 23 6 5 8 5
8 4 6 1 8 0 7 3 3 6
3 10 8 21 8 2 8 17 4 2
1 1 1 2 2 10 1 1 0 4
12 8 9 10 1 3 11 7 3 6
0 4 9 8 5 5 4 6 5 1
6 24 2 4 8 4 9 22 9 16
11 10 3 18 11 12 2 12 23 6
2 11 9 6 11 1 9 9 15 15
5 12 0 7 2 23 14 19 5 12
18 0 22 4 1 14 1 1 3 13
17 1 1 5 5 1 15 6 2 5
2 2 2 11 6 8 1 11 3 2
5 11 12 18 0 14 12 11 12 14
10 2 6 1 3 8 6 10 13 18
1 9 6 8 2 2 2 19 25 5
6 2 1 14 11 4 2 0 5 2
9 3 9 6 9 6 1 6 7 4
2 7 6 7 2 5 8 2 10 4
1 0 2 1 4 7 3 9 2 3
8 1 6 10 4 5 14 12 23 6
0 1 8 4 13 12 1 7 13 1
3 3 2 10 6 8 2 2 7 6
6 2 2 3 1 8 5 26 2 2
3 5 1 4 4 3 3 2 7 5
16 11 8 7 7 8 2 10 17 1
2 1 1 13 1 8 2 3 1 10
6 3 10 16 13 15 3 12 8 4
0 0 2 8 5 2 3 11 3 7
4 6 1 2 4 1 3 6 6 1
10 20 14 2 1 18 21 9 1 2
2 4 5 8 14 10 8 14 4 7
3 4 12 10 5 20 10 10 9 7
8 7 12 5 19 26 2 1 4 2
14 15 17 1 7 5 8 9 15 2
23 2 11 7 12 5 18 2 3 13
0 1 5 5 1 10 1 1 1 2
1 7 0 2 3 2 1 6 7 2
0 0 6 3 1 1 3 0 10 4
5 9 12 8 2 8 13 7 8 4
9 4 3 4 0 7 1 2 4 1
1 8
1 82
2 18
3 47
4 67
4 101
5 23
5 31
5 62
6 11
6 69
7 9
8 43
8 45
8 78
8 88
9 42
10 14
10 103
11 24
12 81
12 84
13 21
15 32
16 53
16 76
16 79
17 111
18 81
19 110
20 22
20 56
20 80
21 94
22 32
22 76
23 103
24 64
24 111
25 108
26 63
26 65
26 96
26 118
27 67
27 110
27 123
28 56
28 73
29 31
29 52
29 58
29 82
29 110
29 121
30 54
30 112
31 42
31 57
32 42
33 37
35 61
35 101
35 120
35 127
36 68
36 98
36 106
36 114
37 38
37 108
37 132
39 48
40 41
40 86
41 84
41 87
41 108
42 94
44 88
45 82
46 111
47 88
47 99
47 120
48 147
49 62
49 101
49 115
49 147
50 130
51 67
52 81
52 85
52 133
55 103
55 107
56 83
56 150
58 75
58 100
58 108
59 147
60 62
60 66
60 76
60 111
61 98
61 130
61 161
62 69
62 136
63 74
63 123
63 160
64 72
66 114
67 97
68 84
68 111
68 148
68 158
69 72
69 150
70 94
70 118
70 120
72 84
72 107
72 113
72 153
73 92
73 105
73 133
73 148
73 170
74 174
75 127
76 111
76 122
76 128
76 139
76 169
77 107
77 119
77 167
77 174
78 93
78 127
78 163
79 92
79 127
79 165
81 146
81 152
82 163
82 175
83 116
83 146
83 150
83 179
84 97
84 142
84 167
84 176
85 155
85 176
86 149
88 125
88 160
88 181
89 91
89 109
90 96
90 167
91 111
92 141
92 156
92 161
92 162
93 115
93 129
93 160
93 178
94 143
95 170
95 182
95 192
96 192
97 142
97 157
98 101
98 102
98 108
98 147
98 169
99 102
99 104
99 137
100 106
101 106
101 135
101 167
102 125
102 183
103 127
103 132
103 133
103 153
103 202
105 107
105 187
106 159
106 197
108 123
108 140
108 175
108 197
110 127
111 121
111 159
112 158
113 151
115 149
115 154
115 165
115 176
115 190
116 122
116 136
116 146
116 181
117 150
118 140
118 194
118 204
118 206
119 159
119 203
120 163
120 204
121 203
122 181
122 200
123 132
123 134
123 146
123 175
123 204
123 210
123 214
124 127
124 182
124 190
125 148
125 163
125 211
126 210
126 225
127 169
127 174
127 209
128 150
128 217
129 171
129 218
131 190
131 191
132 133
132 181
132 195
132 222
133 164
133 201
133 221
133 224
134 141
134 142
134 148
135 225
136 184
136 202
136 227
137 139
137 171
137 187
137 206
138 170
138 191
138 218
139 181
140 146
140 152
140 197
140 224
141 212
141 219
142 151
142 163
142 198
142 218
143 167
144 207
144 243
145 148
145 217
146 223
146 243
148 226
149 197
150 184
151 163
152 159
152 209
153 180
154 179
154 209
155 183
155 230
156 176
156 235
156 242
156 251
160 175
161 261
162 175
162 236
162 254
162 259
163 166
163 206
163 227
164 241
165 207
166 214
166 218
169 206
169 243
169 260
170 186
170 197
171 181
171 211
173 176
173 185
173 232
174 182
174 241
175 219
175 222
177 241
178 204
178 223
179 193
179 223
179 236
179 247
180 219
181 204
181 249
182 235
183 187
185 203
185 234
185 275
186 187
186 195
186 209
186 284
187 193
187 213
187 278
187 286
188 230
188 256
189 215
189 247
189 268
190 214
190 235
190 268
191 227
192 258
192 275
193 206
194 234
194 293
195 196
195 229
195 272
196 292
197 226
197 268
198 216
199 221
200 252
200 275
200 281
201 215
201 229
201 243
202 242
202 300
203 208
203 228
203 261
203 277
203 297
204 282
205 242
206 224
206 295
208 214
208 221
209 244
209 296
209 297
210 213
210 220
211 297
212 269
213 235
213 299
214 216
214 227
214 239
214 264
214 293
215 238
215 248
215 278
215 313
216 231
216 261
217 311
219 259
219 282
220 252
220 286
220 313
222 234
222 250
223 259
223 265
223 309
224 232
224 282
224 311
224 319
225 321
225 322
226 315
227 323
228 275
228 295
229 311
230 245
230 266
230 279
230 311
231 287
232 320
233 240
233 247
233 272
233 285
233 314
234 256
234 299
234 317
235 258
235 283
236 244
236 274
236 310
237 243
237 254
237 301
238 258
238 260
238 296
239 241
239 283
239 302
240 325
241 244
241 281
242 247
242 277
243 279
244 303
244 307
245 254
245 301
246 247
246 258
247 261
248 266
248 278
248 283
248 314
249 283
249 307
249 343
249 348
250 287
250 293
250 305
251 275
251 320
252 280
252 293
252 300
252 335
253 351
254 346
255 295
255 354
256 268
256 274
257 321
258 299
258 330
259 268
259 312
259 357
260 268
261 275
261 277
261 282
261 322
262 269
262 288
262 334
262 358
263 304
263 356
264 283
265 311
265 323
266 270
266 295
266 303
266 313
268 281
268 308
268 320
268 347
268 352
269 292
269 309
269 331
269 367
270 287
270 289
270 294
270 301
270 360
271 305
275 343
276 346
276 369
277 333
277 368
278 315
278 322
279 296
280 335
280 340
281 323
282 300
282 348
283 305
283 335
285 313
285 334
285 352
286 339
286 340
286 363
286 365
287 305
289 340
290 307
290 328
290 384
291 327
291 370
291 374
292 310
292 334
292 338
292 380
293 326
293 327
293 331
294 307
294 352
294 357
295 324
295 382
295 392
296 305
296 332
296 383
298 321
298 330
298 378
299 365
300 311
300 385
300 395
301 305
301 308
301 312
303 331
303 353
304 386
305 381
305 393
306 310
306 342
306 347
307 323
307 405
308 319
308 359
308 366
308 370
309 316
309 385
309 392
310 327
310 349
310 394
311 315
311 332
312 339
312 366
312 371
313 350
313 362
313 409
314 354
315 350
315 404
315 414
316 337
316 353
317 325
317 400
317 415
318 321
319 414
320 383
320 399
320 413
321 324
321 380
322 358
322 398
323 345
323 383
324 396
324 397
324 408
325 344
325 377
325 404
325 407
325 422
326 383
326 402
326 405
326 411
328 373
328 389
328 391
328 396
328 407
329 359
329 365
329 372
330 331
330 356
330 373
330 397
330 420
331 360
331 415
332 337
332 370
332 377
333 355
333 371
333 376
333 392
333 419
333 426
334 354
334 363
334 411
334 425
335 338
335 395
335 428
336 368
336 412
337 384
337 391
337 431
338 376
338 429
339 404
339 405
340 389
340 413
340 438
342 365
342 386
342 406
342 421
343 359
343 396
345 360
345 376
345 392
346 390
346 409
347 399
347 433
347 440
348 397
348 428
349 377
349 404
351 361
351 375
351 400
352 377
352 381
352 404
353 388
353 400
354 375
354 390
354 430
354 446
355 385
355 397
356 430
356 431
356 442
356 452
357 423
359 366
360 434
360 456
361 415
361 428
361 436
362 365
362 388
362 406
362 443
362 449
362 462
363 433
363 452
364 454
365 367
365 440
365 460
366 442
366 453
367 380
367 449
368 419
368 420
369 461
371 446
372 448
373 386
373 405
373 466
374 429
374 451
375 410
376 464
376 471
377 414
377 425
377 447
378 414
379 386
379 391
379 437
379 460
379 467
380 418
380 461
380 464
381 453
381 480
382 458
383 416
384 479
385 415
385 424
385 432
385 434
385 483
386 401
386 407
386 426
386 434
387 396
388 444
388 445
389 431
389 455
390 397
392 399
392 416
392 453
393 397
393 427
393 428
393 460
393 489
395 397
397 426
397 469
398 436
398 442
399 439
399 463
399 464
400 415
400 416
400 460
400 471
400 487
401 409
401 492
402 417
402 425
402 488
403 406
403 420
403 440
404 423
405 425
405 473
406 466
406 476
407 438
407 439
407 500
407 503
408 484
408 490
409 458
409 484
410 429
410 499
410 509
412 433
412 452
412 468
412 495
412 506
413 479
413 492
414 448
414 493
415 439
415 491
416 462
416 476
416 493
417 436
417 503
418 445
419 434
419 439
419 447
420 431
420 469
421 450
421 462
421 472
422 435
422 475
423 430
423 454
423 470
424 435
424 475
424 489
424 494
424 512
424 517
425 429
425 437
425 447
425 504
426 433
426 438
426 440
427 519
429 438
429 450
429 460
429 499
430 433
430 473
430 488
430 509
431 439
431 472
431 475
432 471
432 514
433 498
433 515
433 519
434 444
434 501
434 504
434 529
435 501
435 512
436 464
436 524
437 441
437 443
437 451
437 522
438 442
438 495
438 501
439 488
440 441
440 481
440 495
441 449
441 451
441 499
441 502
442 481
442 490
442 497
444 480
444 501
444 504
444 544
445 448
445 495
446 462
446 487
447 523
449 455
449 462
449 523
450 526
451 472
452 467
452 503
452 517
453 518
454 491
454 528
456 489
457 482
458 487
458 537
458 540
458 542
459 535
460 471
460 490
460 517
460 546
461 506
461 538
461 550
462 533
463 539
464 551
465 553
466 474
466 510
466 547
467 553
471 489
471 546
472 508
473 517
474 503
474 570
475 546
476 524
476 550
478 494
478 496
478 527
479 485
479 517
479 523
479 574
480 490
480 508
480 580
481 499
481 550
483 556
484 487
484 492
484 522
484 573
485 523
485 566
486 523
486 524
486 556
487 503
487 529
487 531
487 583
489 490
489 519
489 551
490 570
491 526
491 548
492 574
493 498
493 527
493 542
494 541
495 549
495 584
497 519
497 544
498 588
498 592
499 557
500 541
500 542
500 590
501 536
501 590
502 543
503 548
503 583
504 604
505 600
506 580
507 512
507 513
507 528
507 542
509 510
510 596
511 515
511 521
511 583
512 528
512 536
512 591
513 591
513 604
513 609
514 534
514 535
514 542
514 593
515 583
517 549
518 545
518 577
518 590
519 601
519 607
519 609
519 615
520 521
521 551
521 563
521 599
521 606
522 616
523 596
523 611
523 621
524 550
524 553
524 586
526 585
526 607
528 557
528 573
528 582
528 625
529 543
529 570
529 590
530 567
530 602
530 609
530 622
531 548
531 591
531 595
532 612
533 591
533 605
533 625
535 620
535 623
537 546
537 548
537 606
537 609
538 585
538 591
538 604
538 624
539 604
539 613
540 612
542 554
542 564
542 619
543 571
543 633
544 555
544 583
544 632
544 639
545 565
545 585
545 589
546 551
546 627
547 552
547 563
547 575
547 588
547 592
547 594
548 554
548 613
549 631
550 564
550 567
550 602
550 624
551 568
552 643
553 611
554 581
554 632
556 588
557 563
558 570
558 646
560 568
560 638
560 647
561 619
561 628
561 631
561 641
561 658
562 584
562 615
562 640
563 603
563 604
563 608
563 625
563 661
563 663
564 587
564 591
564 603
565 575
565 604
565 628
565 629
566 665
567 570
567 580
567 632
567 636
567 650
568 595
569 576
569 582
569 604
569 614
569 629
570 585
570 630
570 639
571 574
572 615
572 654
573 598
573 614
573 618
574 596
574 605
578 598
579 588
579 614
579 666
580 634
580 650
581 660
581 661
581 667
582 591
582 657
582 674
583 602
585 624
585 636
586 602
587 600
587 607
587 640
588 589
588 601
588 603
591 643
591 655
591 662
591 684
592 611
592 684
593 599
593 627
593 631
593 658
594 601
594 641
594 660
595 689
596 658
596 690
596 692
598 607
598 675
599 663
599 678
600 623
600 649
600 660
601 616
601 623
601 654
601 658
601 672
601 695
604 638
604 692
605 639
605 644
605 680
605 686
605 705
606 648
607 643
607 682
607 707
609 673
609 709
610 624
610 661
611 669
611 671
611 678
612 623
613 677
613 685
613 700
614 657
614 697
615 659
615 709
615 711
616 639
617 656
617 691
617 703
618 709
619 686
619 702
620 712
620 718
621 701
622 684
622 712
622 720
623 707
624 643
624 685
625 633
625 667
625 674
625 690
626 674
626 696
627 671
627 690
628 708
629 666
629 670
629 695
629 702
630 642
630 652
631 674
632 656
632 671
632 678
632 691
632 732
633 716
634 648
634 659
634 666
634 678
634 685
634 725
634 728
635 688
635 689
635 709
636 642
636 650
636 675
636 721
638 684
638 706
639 678
640 716
641 665
642 673
642 689
643 729
643 734
644 652
644 679
644 740
645 685
646 690
646 709
647 724
648 679
648 685
648 697
648 720
648 722
649 651
649 726
649 729
649 746
653 727
654 681
655 685
655 722
656 674
656 677
657 683
657 685
657 695
657 740
657 754
658 734
659 687
659 721
660 695
660 739
660 760
661 671
661 745
661 750
662 690
663 749
664 710
664 722
664 733
665 679
665 706
665 731
665 734
666 716
666 744
666 764
666 765
667 695
667 717
667 721
668 671
668 725
670 725
670 757
671 676
671 699
671 709
671 733
671 749
672 681
673 717
675 741
675 756
675 772
676 687
676 695
676 706
676 743
676 756
676 764
677 687
677 705
678 684
678 716
678 721
679 693
680 698
680 732
680 778
681 692
681 693
681 722
681 726
683 746
683 766
684 692
684 769
686 692
686 763
686 771
686 785
687 710
687 715
688 741
689 766
690 789
691 704
691 756
691 773
692 764
692 778
693 728
693 773
693 774
694 741
695 769
696 706
696 713
696 763
696 780
696 784
696 793
697 731
697 737
697 759
697 782
698 724
699 728
699 752
699 767
699 771
700 740
700 766
700 790
701 785
701 795
701 796
702 741
702 782
703 735
703 766
704 723
704 767
704 768
704 789
705 729
705 746
706 780
707 777
708 717
708 742
708 794
709 784
710 744
710 746
711 756
711 762
712 769
712 787
713 729
714 725
714 732
714 766
715 766
716 789
717 786
717 813
718 751
718 757
720 775
721 738
721 808
722 727
722 762
722 807
722 816
723 733
723 778
723 807
724 759
724 784
725 728
725 805
725 813
726 816
726 818
726 821
727 730
727 735
727 771
727 782
727 790
727 799
727 826
728 760
728 795
728 814
728 819
730 743
730 800
731 780
731 787
733 827
734 739
734 827
735 822
736 753
736 781
736 809
736 833
736 834
737 739
737 748
737 775
737 789
738 748
738 774
738 785
739 821
739 825
739 832
741 761
741 816
743 790
743 799
744 778
744 780
745 792
747 794
747 841
748 780
749 782
749 783
751 791
751 795
751 815
751 838
752 796
754 821
755 759
755 762
755 808
755 834
755 849
756 760
756 789
757 759
757 776
758 812
758 823
759 805
760 779
760 784
760 830
761 797
761 823
763 862
764 852
765 792
765 845
766 778
766 813
766 840
766 858
767 770
767 790
768 786
768 823
768 825
768 828
768 846
769 843
770 797
771 849
771 850
774 856
775 780
775 788
775 810
775 822
775 862
775 868
776 807
776 811
776 864
777 785
779 820
779 824
780 812
780 864
782 796
782 805
783 842
783 879
784 872
785 846
785 848
786 788
786 836
787 802
787 859
788 839
788 876
789 797
789 801
789 819
789 887
791 807
791 814
791 887
792 838
793 842
793 849
794 841
795 854
796 812
797 813
797 849
797 868
797 879
797 883
797 885
798 821
798 897
799 820
799 832
800 809
800 879
802 809
804 815
804 850
804 858
805 810
805 844
805 866
805 884
807 823
808 811
808 820
808 828
808 892
808 905
809 818
809 854
809 867
809 873
810 857
810 880
810 886
811 872
811 906
813 852
813 893
814 834
815 829
815 866
815 900
815 914
818 869
818 893
819 864
820 823
820 882
820 915
821 841
822 881
822 882
822 897
822 918
823 829
823 830
823 854
823 865
823 890
823 893
823 900
824 871
824 909
825 879
825 920
826 886
827 833
827 839
827 893
828 863
829 856
829 868
829 871
830 873
830 882
830 894
831 879
831 889
832 864
832 927
833 907
833 909
834 851
834 861
835 873
835 876
835 879
836 849
836 865
837 873
838 847
838 874
838 880
838 911
839 855
839 899
839 939
840 908
842 916
842 927
842 928
843 849
843 865
844 855
844 899
844 902
844 940
845 872
845 880
845 933
846 881
846 882
847 868
847 923
847 930
848 858
848 862
848 864
848 931
848 933
848 937
849 856
850 876
850 895
852 869
852 943
853 882
854 894
855 924
856 908
857 929
858 925
858 937
858 955
859 865
859 889
859 890
859 930
860 923
861 910
861 956
862 878
862 916
863 956
864 869
864 896
864 937
866 902
866 906
866 921
867 885
867 912
867 940
868 875
869 882
869 914
869 924
869 937
869 953
870 895
871 894
871 933
871 942
871 943
872 935
872 948
872 972
873 922
873 972
874 973
875 897
875 959
876 882
876 912
876 920
876 947
877 888
877 894
877 925
878 887
878 913
878 978
880 902
881 891
881 893
882 891
882 912
882 922
884 885
884 929
885 952
885 954
886 893
887 949
888 931
888 972
889 915
889 946
890 894
890 941
891 957
892 897
892 918
892 962
893 896
893 902
893 927
894 899
894 955
895 912
895 917
895 925
895 951
896 978
897 922
897 938
898 915
898 929
898 992
898 993
900 942
901 925
901 926
901 990
903 951
904 907
905 926
905 956
906 963
906 976
908 922
908 940
908 964
908 980
909 915
909 965
911 927
912 924
912 979
912 986
914 936
914 965
915 933
915 968
915 987
916 917
916 993
917 967
918 947
918 987
919 925
919 927
919 959
920 968
921 930
921 978
923 937
924 945
924 982
924 991
924 999
925 943
925 977
927 960
928 974
930 968
930 995
931 938
932 955
932 978
932 994
933 938
933 945
933 948
933 971
934 982
936 954
936 970
937 957
938 967
938 980
939 959
939 983
940 943
941 944
941 970
941 972
942 964
943 955
943 994
945 986
946 964
946 990
948 995
949 986
952 963
952 974
953 991
955 985
955 994
956 980
956 983
958 991
958 996
959 960
959 963
959 966
961 967
961 989
962 967
963 980
963 983
964 995
969 979
974 994
975 991
983 996
984 985
984 998
989 990
989 997
16 5 2 13 1 2 1 20 1 11
12 2 9 6 22 9 12 6 25 11
14 1 9 6 5 12 15 10 0 18
10 17 3 3 1 12 15 0 2 16
10 4 4 5 1 10 5 15 4 13
0 21 6 4 5 2 35 13 25 22
5 23 8 2 16 9 29 1 1 6
4 25 8 9 5 22 5 4 0 11
11 3 11 5 1 5 9 3 1 1
14 7 2 5 5 2 6 11 3 4
9 15 3 36 1 5 1 18 12 15
10 6 2 9 7 18 3 7 2 6
22 12 5 30 14 2 17 8 33 18
8 29 2 24 0 7 22 30 13 12
19 5 9 0 1 14 13 18 0 6
27 7 21 11 7 2 8 3 13 4
3 6 4 24 3 18 14 13 8 6
20 7 2 16 6 15 30 4 3 13
17 12 15 17 17 24 14 32 11 10
3 2 19 10 10 11 5 15 35 6
36 16 37 35 35 20 21 27 44 29 18 29 8 18 43 25 28 31 5 24
13 1 3 8 5 12 5 3 17 12 9 1 6 8 14 10 5 1 1 1
54 24 26 44 38 39 34 28 55 52 48 39 31 41 35 50 31 33 5 31
12 1 2 3 2 7 6 4 11 11 8 7 5 1 6 10 3 1 1 5
58 33 39 47 51 48 47 33 55 50 48 39 24 40 38 28 34 23 4 43
12 1 7 14 6 7 11 7 9 8 6 8 3 8 14 3 3 7 1 1
38 21 36 48 36 31 44 49 48 30 32 38 8 28 31 17 35 28 11 25
23 1 15 21 15 22 7 12 24 19 17 8 6 15 24 13 10 8 1 3
25 10 17 21 22 17 20 21 29 18 21 23 1 18 20 7 24 10 1 24
22 21 24 26 23 24 27 14 32 30 6 24 3 4 30 20 9 11 4 22
8 1 4 4 2 10 4 7 6 2 2 1 1 4 7 1 6 1 1 4
6 1 2 10 3 11 9 1 9 8 3 1 5 2 9 7 1 1 1 1
47 37 35 34 41 35 37 25 53 45 30 32 21 16 37 41 12 19 1 37
48 22 41 35 45 28 33 36 51 44 19 37 2 7 47 24 19 21 6 28
28 15 20 27 18 11 21 25 29 18 16 24 9 10 16 16 11 19 1 14
50 22 29 33 36 29 26 30 50 49 35 39 20 38 42 34 38 31 12 26
21 5 10 24 16 3 17 15 23 14 15 15 1 7 17 6 2 9 1 5
11 11 14 17 11 18 17 9 17 13 5 6 6 7 17 8 6 6 1 10
28 12 9 29 21 12 32 23 35 28 19 27 3 17 30 19 22 17 7 18
13 14 23 19 21 21 26 21 25 16 5 17 1 6 23 2 17 8 1 19
55 17 33 42 46 51 34 43 49 49 52 38 23 40 39 36 33 23 8 39
24 13 14 23 18 16 28 17 34 27 13 19 1 15 32 16 20 10 7 18
69 33 42 39 51 30 35 25 65 63 42 48 28 36 54 46 41 40 12 37
52 31 43 40 52 29 42 42 64 52 32 52 8 28 61 34 49 34 16 48
17 8 16 19 11 19 25 15 29 18 5 10 3 1 21 11 6 5 1 11
64 38 45 41 55 39 40 31 61 58 41 42 26 27 51 39 26 28 6 42
19 1 3 17 9 20 16 9 18 18 15 10 10 13 14 14 14 8 1 10
30 7 14 22 24 21 14 32 28 19 28 21 1 15 17 20 19 9 1 24
34 24 25 38 33 30 47 38 43 37 28 40 11 33 34 17 39 24 11 33
45 32 37 46 39 40 35 43 54 44 43 39 34 21 33 48 30 36 1 31
21 1 1 9 8 13 7 6 19 16 17 7 7 9 6 15 5 1 1 7
47 41 45 54 44 46 54 46 58 50 30 51 30 27 43 31 37 41 6 29
10 1 5 11 6 13 10 12 10 4 6 2 1 8 11 1 10 1 1 6
22 16 12 22 15 18 28 14 42 27 11 13 9 14 27 26 11 8 2 11
5 2 5 8 3 7 8 2 4 2 4 1 1 2 10 1 1 1 1 2
22 15 17 12 16 8 7 3 20 19 7 16 11 5 17 17 15 18 4 15
24 20 26 38 24 25 29 27 37 27 13 26 16 13 24 22 24 28 1 15
16 7 16 11 11 3 10 10 15 11 6 13 3 7 15 1 5 11 1 7
37 11 16 28 32 22 36 37 35 37 28 42 6 22 30 15 31 19 4 29
2 1 2 5 1 1 8 3 11 3 1 1 1 1 5 7 1 1 1 1
14 23 22 26 14 17 26 23 32 16 11 21 16 1 16 24 14 20 1 17
20 16 18 18 20 18 18 14 23 21 13 17 7 5 20 14 5 6 1 17
17 2 9 22 14 8 15 7 16 16 10 11 3 10 18 1 5 10 1 1
16 13 14 17 10 1 12 10 22 6 6 12 2 6 14 11 6 13 1 8
45 32 40 37 38 23 37 19 61 46 21 30 25 13 44 40 23 32 10 28
41 13 35 29 32 27 16 26 37 29 26 29 12 24 36 25 31 26 7 28
43 25 25 37 35 47 41 27 50 46 42 31 22 44 33 30 39 17 8 37
9 4 9 19 8 9 17 6 18 14 4 9 1 5 13 5 5 9 1 3
40 15 20 18 26 18 12 10 38 32 27 18 12 19 22 28 14 13 1 19
22 9 19 29 18 12 23 15 36 23 9 15 2 9 28 14 8 13 1 5
29 22 19 33 28 28 29 39 38 28 31 32 14 18 10 24 24 17 1 29
31 42 40 55 43 47 52 44 58 44 25 44 21 24 33 33 37 28 3 38
19 11 8 27 16 28 23 24 25 17 22 15 7 23 8 12 21 9 2 16
40 11 16 16 24 23 19 18 29 34 28 24 17 17 17 19 12 11 1 20
25 13 19 21 18 18 23 12 31 31 15 23 10 9 26 17 10 8 2 16
35 17 13 35 28 27 31 39 36 30 35 36 13 24 12 21 24 17 2 25
43 29 40 51 42 33 47 40 49 42 23 42 15 19 44 16 25 33 5 18
53 24 32 47 44 32 35 52 60 52 45 50 18 29 50 49 43 26 18 45
49 12 28 34 33 27 29 22 47 46 32 31 18 28 38 26 25 23 3 16
30 13 19 31 19 20 34 24 31 33 18 30 16 19 30 18 23 25 7 11
7 1 6 6 2 5 8 5 14 7 4 6 1 3 11 6 6 1 1 7
21 9 9 20 13 18 17 13 16 13 15 13 8 14 13 9 16 13 1 12
28 4 5 8 14 16 5 14 13 22 23 18 11 9 7 14 8 7 1 14
14 2 8 9 1 7 9 5 14 8 5 4 4 2 8 7 1 4 1 2
21 1 5 9 12 4 12 18 19 19 13 21 1 1 10 10 6 5 1 14
33 11 22 28 23 20 27 15 31 34 17 19 17 16 22 12 11 18 1 4
49 36 41 49 48 31 59 55 69 49 33 56 10 27 48 31 46 32 16 48
13 1 1 13 3 4 7 5 13 7 7 4 3 6 4 8 1 6 1 1
69 38 56 60 64 46 40 48 69 65 47 60 30 33 62 43 46 50 11 41
52 33 29 40 41 30 44 53 67 49 42 51 17 30 44 52 43 29 14 48
49 27 30 47 32 35 38 24 48 42 41 29 34 37 32 35 21 33 1 15
23 12 25 40 27 28 37 36 44 25 18 25 4 20 31 18 27 20 1 20
46 20 30 26 36 35 22 27 50 41 36 36 14 30 34 32 39 21 3 38
17 1 5 15 9 14 8 7 19 13 13 4 9 12 10 13 7 7 1 1
33 16 13 21 20 25 18 18 24 28 28 21 21 20 11 20 14 18 1 14
26 7 14 28 18 16 17 18 21 17 21 17 10 20 18 6 17 19 1 4
27 17 19 37 24 35 35 26 37 31 20 22 13 19 28 23 20 14 1 20
47 32 39 51 42 38 32 42 50 45 42 46 33 26 33 38 37 44 1 26
39 27 26 46 32 39 41 29 52 46 21 36 14 19 40 40 18 25 11 23
12 2 9 16 10 9 7 7 16 9 11 5 1 12 16 7 8 6 1 2
48 21 27 42 36 33 37 40 46 42 39 41 23 29 36 26 33 31 7 23
9 10 14 21 13 14 18 9 22 11 6 7 1 8 21 6 5 4 1 7
50 24 29 29 43 13 5 30 36 38 41 39 15 22 31 22 30 17 8 26
34 25 29 43 30 18 36 38 41 33 29 41 24 12 25 29 21 35 1 22
26 15 18 17 19 16 16 12 22 25 18 21 16 18 22 11 19 17 3 11
51 8 28 42 38 23 34 45 43 42 37 40 11 26 30 23 31 33 6 15
41 27 29 44 35 22 40 45 46 45 33 50 28 21 26 30 25 39 6 18
40 21 39 46 42 28 29 29 48 39 21 34 4 21 45 21 24 29 1 20
6 1 2 6 1 7 6 5 5 2 1 1 1 1 4 3 1 1 1 1
7 2 3 4 1 2 3 1 10 3 2 1 1 1 4 5 1 1 1 2
4 2 8 2 1 7 7 7 5 1 1 1 1 1 8 1 4 1 1 8
8 4 5 13 7 11 14 4 16 11 7 6 4 6 16 10 7 1 1 7
47 26 25 30 36 32 37 33 57 41 36 34 18 23 34 42 28 18 3 41
32 5 28 43 32 25 38 40 38 25 27 28 1 25 36 15 32 25 8 15
34 3 15 26 18 19 23 20 19 28 19 23 13 11 19 9 12 19 1 4
36 19 26 29 32 23 25 24 35 27 25 32 11 24 27 14 33 23 5 27
45 34 41 41 36 24 32 29 51 43 22 44 31 11 35 37 35 45 13 30
45 38 40 59 43 51 58 44 60 50 41 43 40 38 30 42 38 41 1 36
40 36 34 56 43 46 58 49 58 46 34 49 17 36 48 27 42 31 10 31
42 14 38 44 38 29 41 36 41 48 25 38 13 22 42 23 27 31 14 11
54 20 25 44 38 31 30 43 52 50 45 43 23 26 34 41 28 27 5 25
45 25 28 35 30 25 32 26 41 35 24 34 24 19 31 26 24 32 2 18
50 33 34 36 37 41 36 19 44 42 36 28 34 34 35 29 30 31 4 27
36 18 23 31 27 31 29 16 33 36 23 21 18 19 29 20 5 13 1 12
43 17 23 33 30 23 33 29 53 44 30 28 17 32 38 41 27 23 12 24
8 8 12 10 6 5 11 7 11 4 1 5 4 1 12 6 4 4 1 8
4 19 16 22 10 11 21 11 25 10 1 11 7 1 13 14 6 13 1 8
49 38 35 36 49 31 28 45 47 40 46 46 15 28 33 27 43 16 21 54
48 27 31 49 47 58 40 40 43 48 51 40 22 46 35 14 42 24 8 25
40 19 13 14 24 13 24 22 43 37 26 29 10 13 29 34 15 7 9 29
58 30 49 44 51 45 32 34 61 52 42 41 29 31 55 45 39 35 16 41
6 2 6 9 1 5 9 7 7 4 1 3 2 1 4 6 1 5 1 1
25 19 22 22 16 2 19 14 31 19 7 25 10 3 21 19 10 23 1 12
11 4 8 13 8 16 20 17 18 10 11 13 1 10 14 8 16 5 1 16
34 13 20 16 26 7 12 20 30 21 19 26 1 8 23 13 12 13 1 23
14 1 2 20 10 5 11 6 10 8 12 6 3 12 12 3 7 9 1 1
48 21 26 44 42 34 34 49 41 37 47 44 17 35 33 20 37 31 8 25
4 3 5 9 3 5 10 1 13 10 1 3 1 2 11 6 1 1 1 4
18 15 15 30 12 20 28 27 22 18 14 25 17 13 9 18 19 25 1 12
22 8 17 26 19 28 26 21 24 18 17 13 7 14 26 7 16 7 1 13
69 32 52 53 65 37 36 48 67 66 44 60 20 27 61 39 47 44 11 42
48 10 29 38 39 33 35 34 47 50 29 37 9 19 41 24 23 20 2 17
17 3 8 11 7 7 12 9 15 16 12 17 4 7 11 10 9 7 1 11
19 12 25 26 23 16 17 16 30 17 12 13 1 13 31 6 11 10 1 9
18 1 8 10 10 3 8 10 15 8 11 10 2 6 15 3 3 5 1 3
10 5 8 6 5 11 4 6 7 7 5 4 5 7 7 5 5 4 1 8
11 5 10 16 11 19 21 20 15 9 10 12 3 11 12 3 14 5 1 14
58 28 35 30 46 32 19 27 54 46 45 32 22 29 39 44 25 23 7 38
21 16 13 21 14 8 28 30 37 25 13 31 8 5 15 29 14 16 4 21
34 18 28 27 28 7 16 28 40 24 20 31 6 10 26 25 16 24 1 19
29 17 19 13 21 20 11 9 19 25 15 20 17 13 20 16 24 19 5 21
16 1 6 11 6 12 10 8 18 14 9 9 6 9 15 11 10 5 1 8
12 5 9 9 5 5 7 5 9 4 8 6 3 6 9 4 1 3 1 5
48 14 21 31 32 36 22 27 31 37 42 26 23 32 22 22 24 19 1 18
40 15 36 31 37 23 24 31 44 29 23 33 4 19 35 17 36 25 5 27
41 21 13 17 28 23 24 31 42 39 35 33 14 19 23 35 27 5 12 40
10 1 5 8 5 1 2 2 5 5 6 5 2 8 8 1 3 4 1 1
40 11 33 35 29 11 37 36 44 31 20 34 3 17 34 26 26 32 13 13
63 30 54 54 57 43 34 41 57 54 46 53 33 38 57 38 57 54 18 42
34 24 24 20 30 28 16 9 34 33 20 21 19 17 30 21 24 18 7 23
44 17 35 28 32 24 20 21 52 41 26 31 17 23 44 37 31 25 7 28
61 29 41 52 54 23 33 47 54 52 43 49 21 23 49 29 36 27 17 32
39 17 35 42 37 27 39 33 36 41 26 37 18 26 41 7 29 35 14 4
36 28 26 43 34 23 31 44 45 35 34 38 18 16 29 31 27 15 10 31
13 2 10 12 9 14 11 14 16 4 13 6 1 11 14 1 13 2 1 11
57 25 46 47 53 46 33 40 51 50 45 46 25 41 52 33 49 40 15 42
69 42 54 56 63 53 41 37 69 68 51 50 36 45 59 45 41 40 9 37
24 8 8 15 13 28 23 11 26 25 21 12 13 18 19 19 16 5 1 16
43 23 32 32 29 35 35 22 42 37 30 22 28 26 30 29 19 23 6 25
41 21 27 41 30 38 36 24 48 35 32 20 20 29 30 29 19 22 1 20
34 3 20 28 25 16 12 21 25 26 26 26 5 21 23 8 18 20 1 9
20 35 32 28 25 24 39 32 50 32 12 39 16 11 24 34 38 25 9 40
24 4 13 21 13 16 17 16 22 18 11 13 9 10 13 9 10 15 1 8
26 24 21 38 26 30 38 38 38 30 29 36 23 13 20 32 31 28 1 30
34 18 23 39 25 29 26 24 38 30 27 23 20 24 27 20 20 25 1 6
50 10 34 40 42 25 42 45 44 45 38 44 9 26 36 26 33 30 17 24
23 6 19 25 20 17 21 16 17 24 9 19 6 9 24 1 11 16 1 3
4 5 6 9 7 4 6 1 10 2 1 1 1 2 11 1 1 1 1 2
25 23 19 23 25 17 28 18 39 32 16 22 8 16 37 25 19 9 12 24
42 20 27 41 35 16 39 31 45 43 29 38 14 32 46 18 34 31 12 15
42 8 29 37 37 22 24 29 36 33 27 31 4 18 35 10 23 22 2 17
26 6 14 24 20 24 19 20 18 17 23 16 6 19 20 8 19 9 1 17
26 6 13 17 15 20 15 12 34 28 20 13 10 20 24 27 17 7 2 13
80 30 50 53 64 43 37 50 69 67 56 59 34 42 53 53 44 49 13 45
10 5 10 4 3 7 5 6 9 5 4 5 2 3 9 2 3 4 1 7
59 27 39 52 56 28 45 54 55 47 47 55 15 31 47 25 45 36 14 36
9 2 5 6 3 5 3 2 8 2 6 1 2 4 7 2 1 1 1 2
31 6 11 22 18 29 15 14 24 24 26 13 14 22 21 15 18 12 1 8
31 11 25 36 27 7 30 28 37 23 18 25 2 10 30 11 10 21 3 8
45 22 26 32 35 28 27 30 37 40 33 35 19 18 30 21 20 22 5 22
42 10 18 35 33 26 18 29 42 39 36 30 9 21 31 30 18 18 2 17
31 27 30 24 31 26 27 19 44 32 22 30 16 15 37 27 36 18 12 39
31 3 12 23 24 13 8 18 18 21 29 22 7 22 19 9 17 16 1 9
52 28 29 42 38 11 29 43 55 49 38 50 22 19 42 43 30 18 20 37
62 13 47 48 49 32 38 41 64 59 41 51 17 35 60 39 43 39 17 30
3 3 4 4 1 9 6 3 9 7 1 3 3 2 5 7 6 1 1 8
30 2 21 36 24 6 30 26 30 27 18 27 4 18 27 13 18 29 8 1
40 20 29 29 34 14 25 22 48 39 21 35 2 23 47 26 31 26 9 26
4 1 5 10 1 1 12 3 14 4 2 2 1 1 11 5 1 1 1 2
23 13 11 28 16 6 31 18 36 23 12 25 2 12 28 18 13 17 4 11
12 1 7 12 3 5 11 9 15 10 2 7 1 2 9 6 1 7 1 1
66 24 45 58 61 35 42 54 64 67 53 63 20 37 63 30 47 41 16 28
26 16 28 32 25 21 29 22 32 34 4 25 5 5 31 15 5 17 3 12
32 14 19 27 23 7 27 16 37 28 13 30 3 13 33 17 21 22 1 15
38 15 27 27 33 10 24 27 37 32 19 29 2 2 33 18 11 14 4 18
25 3 16 35 20 18 16 22 26 19 23 21 10 23 23 19 18 25 1 7
39 27 31 34 34 13 20 13 47 33 25 34 15 11 39 28 27 30 11 25
51 17 41 45 44 44 39 43 53 47 43 35 18 43 38 30 38 30 9 29
37 10 24 29 26 21 21 18 38 33 21 21 14 21 31 17 17 19 1 9
10 11 11 14 7 1 12 8 18 1 3 7 1 2 13 9 3 8 1 6
39 17 23 17 25 17 7 9 27 28 22 23 18 18 24 16 21 20 4 14
36 3 23 29 31 18 15 28 30 28 29 27 3 18 32 16 14 16 1 17
8 5 8 13 4 18 17 10 11 10 3 3 5 5 11 8 7 5 1 9
53 23 27 44 45 48 39 39 46 47 52 36 19 40 28 24 31 17 3 33
59 35 42 38 46 29 29 27 50 54 40 50 35 23 45 31 37 41 19 31
13 1 10 17 8 3 14 11 24 11 8 8 1 7 17 10 8 7 1 4
18 9 12 19 16 17 15 6 21 23 13 13 11 14 20 11 12 10 1 8
18 9 15 13 10 7 12 7 15 12 7 12 4 5 17 6 6 9 1 9
26 5 18 32 21 20 29 23 30 25 11 17 7 14 28 11 18 18 4 9
39 27 33 41 31 27 51 31 58 46 22 33 19 15 40 37 14 21 7 23
10 3 6 7 2 4 6 3 14 3 3 1 3 1 7 7 1 1 1 2
22 16 15 32 15 17 22 16 29 21 18 19 17 15 16 20 12 20 1 6
49 42 49 51 50 21 51 37 70 60 23 60 22 17 60 45 46 51 26 39
46 16 42 62 50 37 58 51 59 52 41 49 7 41 50 21 51 37 11 20
42 20 30 25 34 11 16 16 32 29 23 34 14 16 34 9 25 28 4 17
56 19 39 60 53 29 49 64 60 49 51 59 11 38 42 34 45 42 15 30
31 7 20 15 20 22 4 12 28 23 21 13 10 21 23 19 14 12 1 12
36 17 25 44 30 23 42 39 41 39 23 41 18 15 29 23 23 33 3 15
28 10 15 29 16 28 26 19 32 25 21 13 11 18 22 16 15 13 1 10
8 9 11 18 9 11 18 10 13 10 3 9 1 1 15 6 1 2 1 5
26 4 15 23 15 8 19 18 25 16 12 16 6 9 19 11 8 15 1 4
34 8 20 29 23 24 20 19 32 29 25 19 10 18 29 15 10 12 1 7
17 13 14 21 18 17 23 12 27 22 13 20 3 9 24 12 15 7 3 20
27 10 16 10 18 10 12 10 27 25 11 21 2 1 22 16 9 7 1 20
37 24 33 41 42 43 36 42 39 35 27 35 1 21 40 24 22 18 10 37
16 3 9 10 9 15 2 6 13 9 12 1 5 9 9 7 8 2 1 6
41 9 14 29 32 13 19 27 35 39 35 37 9 31 33 28 32 24 9 24
23 8 16 14 17 10 3 8 19 15 13 12 6 15 16 8 13 11 1 8
43 8 24 31 29 19 15 26 41 33 31 29 9 21 30 28 19 22 1 20
18 11 14 27 13 16 33 20 32 23 9 21 3 10 26 15 16 14 3 15
50 22 39 33 37 29 42 24 53 50 28 34 20 27 43 36 33 31 8 31
50 14 38 49 42 20 35 53 55 43 38 49 14 25 41 36 29 40 10 21
38 8 20 36 25 23 32 32 27 27 24 28 14 20 26 13 25 27 5 11
26 8 12 26 11 17 21 20 20 22 15 21 17 12 10 14 9 22 1 1
34 4 23 22 23 19 13 23 30 24 19 22 1 16 28 12 20 16 1 17
30 14 16 12 21 7 14 14 30 26 16 25 5 5 23 23 11 10 2 24
3 1 4 6 1 4 6 5 6 1 1 1 1 1 3 1 1 1 1 2
8 6 7 18 8 9 16 7 17 9 6 4 1 6 15 6 1 6 1 1
1 1 4 4 1 3 5 3 7 1 1 1 1 1 4 1 1 1 1 3
54 21 20 43 41 43 39 46 52 52 50 48 23 45 37 36 48 35 11 31
55 6 38 54 43 38 45 44 55 53 43 43 14 39 48 31 44 38 9 17
43 21 32 35 41 36 35 46 52 39 41 44 5 36 40 21 45 18 12 48
13 5 12 14 7 9 16 14 18 7 8 9 1 4 13 7 6 7 1 10
10 7 9 5 6 11 4 3 10 7 4 3 6 3 10 7 5 2 1 9
50 25 33 47 46 27 35 41 50 50 35 44 16 17 42 25 24 23 5 24
36 32 30 49 35 51 50 33 57 42 38 26 28 37 32 39 29 24 1 28
18 6 9 20 14 20 22 15 16 18 18 17 9 19 19 9 23 12 1 16
15 2 4 2 8 4 1 11 7 7 12 10 1 1 3 5 1 1 1 11
28 21 26 28 23 29 31 13 38 32 17 12 16 13 27 23 1 7 1 15
21 11 20 16 17 7 18 12 32 20 7 18 3 8 31 14 15 10 4 16
26 15 17 30 18 23 32 23 37 32 13 27 8 5 26 27 4 12 1 15
31 1 22 27 21 17 35 29 33 31 18 29 5 17 34 19 27 21 12 15
45 23 35 38 33 19 32 34 51 39 22 40 15 15 38 32 27 34 5 24
52 33 37 47 43 45 44 28 47 52 30 35 25 27 43 32 11 28 9 24
23 2 14 21 15 9 17 11 20 17 8 13 2 6 24 2 5 10 1 1
22 14 11 13 12 13 18 8 30 23 12 17 9 5 17 24 9 10 1 16
42 1 21 35 29 34 29 33 42 39 33 31 10 26 35 26 28 20 1 23
12 13 16 8 12 13 10 7 17 10 4 8 4 4 18 8 11 7 1 15
38 21 28 16 24 11 14 8 39 33 19 28 18 1 30 29 18 20 10 25
30 6 22 19 19 13 8 14 25 18 15 16 3 12 23 10 11 13 1 8
56 28 30 36 43 25 21 32 52 46 40 43 22 23 37 35 30 31 5 24
13 6 12 12 9 6 10 7 19 7 8 6 1 7 16 5 6 4 1 8
15 1 8 10 7 2 4 6 9 6 10 6 1 9 13 1 4 5 1 1
16 9 13 14 12 7 13 4 25 12 5 8 1 5 21 12 8 6 1 10
31 30 25 35 22 31 32 17 40 36 27 23 35 26 14 38 15 29 3 19
12 3 9 11 7 9 7 8 10 6 7 5 3 9 15 3 7 4 1 5
23 25 25 30 21 18 23 22 31 24 13 28 19 9 16 25 21 29 1 18
22 6 4 10 18 16 10 20 13 13 23 16 4 11 10 11 14 1 3 22
16 11 10 24 19 18 19 14 22 11 14 14 3 17 16 8 21 13 1 18
16 7 7 23 13 17 17 8 19 21 11 12 7 7 14 12 3 8 1 2
10 4 15 13 8 1 14 11 17 6 1 8 1 1 14 2 2 8 1 4
16 19 24 30 18 23 24 29 32 18 13 20 12 13 16 22 23 23 1 18
56 17 43 50 46 44 31 39 47 49 41 41 29 41 49 22 39 40 9 19
18 6 10 17 11 10 11 8 13 8 14 12 5 11 13 4 8 9 1 9
22 10 12 4 8 18 9 9 18 15 12 10 9 7 11 13 11 6 1 16
33 12 27 31 27 18 22 16 35 28 15 20 6 13 33 10 15 17 1 9
1 1 1 3 1 6 4 1 1 3 1 1 1 1 6 1 1 1 1 1
18 1 11 10 9 8 9 12 10 10 10 12 5 5 13 5 1 7 1 5
36 27 33 35 41 38 39 42 41 35 26 37 4 16 32 16 19 8 5 39
29 15 29 27 26 11 25 16 32 24 9 19 6 7 34 11 14 17 5 12
18 7 10 16 14 12 9 8 12 10 15 10 7 15 14 1 13 10 1 10
23 9 9 9 17 2 8 4 24 19 14 21 1 7 18 14 15 7 1 20
63 24 41 37 52 35 22 41 46 50 43 50 21 32 47 30 42 38 7 38
17 12 17 5 13 10 10 11 20 11 6 16 1 4 16 7 17 10 1 21
10 4 7 13 9 9 9 4 10 8 7 4 3 9 16 3 4 4 1 1
19 14 19 19 15 13 17 9 25 16 10 14 1 8 22 10 10 11 1 13
27 1 13 16 17 11 17 23 21 19 13 19 3 3 15 9 9 9 1 12
42 31 28 38 31 23 34 50 56 48 34 48 29 13 31 51 33 20 17 40
28 1 17 30 21 14 22 24 31 23 16 20 1 10 27 11 12 16 1 6
49 18 21 42 33 24 35 39 47 45 34 41 23 19 28 30 20 30 2 12
38 18 23 35 26 21 32 34 45 34 26 29 18 12 25 29 10 21 1 13
23 12 21 16 18 1 12 7 23 16 5 18 3 4 24 10 10 18 2 12
26 16 14 24 13 17 25 14 40 26 17 18 14 14 23 28 14 14 2 13
58 23 36 52 51 40 36 46 52 55 40 47 15 24 47 31 24 28 6 25
18 7 15 12 11 4 10 10 18 8 10 11 1 8 17 1 4 8 1 7
24 19 26 25 24 13 19 16 36 19 8 18 6 7 32 18 18 20 3 16
27 5 8 23 19 15 13 14 12 18 24 18 10 17 15 10 13 13 1 10
40 20 32 31 32 15 26 19 36 35 17 33 15 15 35 14 23 30 3 13
21 6 7 6 9 10 6 7 14 13 14 9 7 5 7 13 1 3 1 10
34 14 35 38 33 24 33 26 48 36 19 30 5 15 46 19 24 19 6 18
31 22 36 49 32 31 52 47 50 34 25 37 17 17 30 28 32 31 5 22
34 15 17 24 25 15 22 28 31 26 23 30 9 12 19 20 16 20 1 24
13 1 7 8 6 2 9 11 12 7 9 10 1 1 8 5 1 2 1 7
46 31 30 43 40 33 52 52 56 44 40 46 17 37 41 37 45 28 23 47
62 38 38 41 45 34 41 24 61 56 42 45 36 35 44 42 34 38 5 33
35 28 26 26 31 41 31 15 39 30 31 16 25 29 29 28 24 15 3 34
44 18 35 44 42 12 36 42 47 41 32 41 4 14 43 25 20 23 16 20
22 1 11 20 17 13 24 23 24 15 15 20 1 11 20 5 17 9 1 15
75 29 55 54 68 32 33 50 66 64 53 65 23 34 63 37 54 51 16 42
35 15 22 21 26 18 25 20 34 31 17 32 9 18 33 16 32 20 3 26
48 13 30 46 43 37 33 47 42 39 45 43 15 38 35 15 38 33 4 23
39 39 36 52 39 35 54 43 61 52 24 47 23 22 46 40 37 35 7 32
9 7 9 15 3 2 12 11 19 1 3 7 1 2 7 6 1 8 1 3
13 12 20 22 10 11 27 26 24 11 1 17 5 1 13 11 12 17 1 12
45 17 34 39 42 24 39 40 44 39 34 45 5 27 32 16 37 25 11 32
17 5 7 14 5 14 15 16 15 7 11 8 6 5 8 11 7 6 1 10
23 1 9 16 15 9 10 15 23 16 18 13 1 7 17 12 5 3 1 9
50 20 48 56 51 33 44 41 57 55 36 47 14 35 58 23 39 39 11 16
19 12 25 25 23 16 24 16 36 25 5 17 1 6 35 10 10 7 1 12
40 34 44 47 39 21 44 37 53 41 10 45 8 5 43 28 14 35 7 24
25 14 20 28 22 21 22 15 19 20 19 18 11 18 25 1 16 16 1 10
2 2 1 9 1 4 7 6 8 1 1 2 1 1 2 6 1 5 1 1
66 23 42 44 54 44 31 49 58 54 57 43 27 37 45 43 36 24 10 48
13 6 7 9 2 13 12 6 15 10 7 2 9 6 7 13 1 4 1 4
43 13 36 45 37 25 48 30 52 53 28 35 14 25 42 34 23 28 14 9
15 6 13 11 8 6 8 9 12 9 8 9 4 8 12 4 1 8 1 6
33 23 32 33 33 22 32 27 53 38 15 32 2 20 48 29 31 25 8 29
36 19 19 23 25 17 26 31 44 29 23 33 10 11 22 30 19 18 1 30
20 9 13 24 16 11 14 13 16 14 16 13 10 18 14 8 13 15 1 6
23 22 16 23 17 7 29 21 41 20 13 24 6 14 30 27 21 17 10 22
53 18 43 43 42 23 25 34 59 46 28 41 19 25 45 37 34 43 9 24
32 12 12 18 18 28 24 19 24 32 27 25 18 20 20 18 24 13 3 22
10 3 5 1 4 6 1 1 8 3 4 1 2 3 6 2 1 1 1 4
6 2 4 1 1 2 1 1 11 7 1 1 2 1 3 6 1 1 1 4
29 14 16 17 14 18 29 20 40 26 12 19 9 11 26 26 18 12 4 21
34 27 30 27 34 33 31 22 37 38 23 32 20 25 38 18 37 26 8 27
26 1 13 25 20 21 10 18 18 17 23 17 2 19 23 7 19 13 1 11
12 1 3 10 2 6 7 4 8 5 6 2 3 5 8 6 1 3 1 1
14 9 15 12 10 5 11 8 17 8 5 8 5 6 17 6 5 6 1 9
5 1 1 3 1 1 1 1 3 6 3 3 1 2 2 1 1 2 1 1
42 20 33 51 35 27 48 42 50 49 29 48 25 16 36 34 31 40 5 18
53 16 44 57 45 19 42 51 51 45 40 51 14 33 41 26 37 48 11 8
21 2 6 13 9 18 9 6 18 13 16 3 9 12 16 10 6 2 1 1
26 22 19 40 22 36 41 34 29 27 25 31 23 22 20 14 26 26 2 10
59 20 35 45 43 41 33 38 61 52 50 42 30 40 39 49 33 33 9 38
17 9 17 11 11 4 10 8 19 9 4 12 1 3 15 6 6 10 1 10
32 20 31 34 32 35 28 34 36 24 31 27 5 32 29 9 35 16 9 32
32 22 24 35 32 41 39 29 35 41 22 35 12 16 32 22 22 16 4 30
41 20 27 52 41 37 51 46 49 44 33 45 13 26 34 20 33 25 3 26
48 19 27 36 40 44 33 36 43 45 35 31 12 24 35 29 16 13 1 29
54 30 32 48 43 24 48 52 64 59 37 60 27 17 41 49 37 42 12 33
64 29 39 54 50 26 40 58 70 66 46 64 25 30 48 52 43 43 11 35
49 9 28 25 33 15 13 21 34 36 27 31 10 19 29 14 22 25 1 10
68 19 48 57 54 24 44 55 72 65 47 65 21 34 53 51 45 51 13 31
53 32 34 50 47 57 48 38 44 51 42 35 28 36 41 28 27 25 8 29
19 1 8 11 8 11 11 7 12 15 9 9 4 3 15 4 1 4 1 1
29 15 21 31 19 16 35 31 42 24 17 29 5 17 32 22 24 21 5 22
7 5 9 8 5 8 9 8 13 1 3 2 1 3 9 2 6 1 1 10
30 11 19 37 24 19 30 24 30 25 16 25 9 12 26 10 13 21 1 8
37 14 17 24 24 24 19 13 24 28 28 19 19 22 23 13 12 14 1 10
23 17 14 25 20 26 33 23 30 26 19 28 7 17 20 16 29 13 1 26
39 10 13 23 25 27 13 16 20 30 35 21 21 28 19 15 18 17 1 7
41 20 33 45 36 36 33 42 44 36 34 36 17 27 35 31 29 29 4 29
44 21 24 41 32 26 34 38 43 41 37 42 24 27 31 27 28 31 6 17
14 6 9 6 10 2 4 5 12 3 10 7 1 4 11 1 3 1 1 9
29 5 14 21 13 19 16 15 35 26 20 16 7 17 23 23 18 12 1 13
38 13 25 35 28 28 25 21 42 32 23 20 10 20 31 19 16 20 1 10
30 12 29 31 26 10 24 25 40 22 15 21 1 13 31 15 19 23 7 11
26 1 14 20 13 16 18 17 20 16 13 11 6 8 21 7 12 9 1 5
35 13 23 25 25 17 20 20 21 24 20 27 12 16 25 5 18 21 1 13
43 12 22 40 35 37 26 35 33 37 38 31 16 28 30 26 28 26 1 22
8 11 11 21 3 10 23 17 23 15 4 17 10 6 11 19 11 16 1 8
3 1 1 12 3 5 9 4 11 1 2 1 1 3 10 2 2 1 1 1
46 14 24 37 36 24 36 28 45 40 32 24 13 17 33 27 9 17 2 14
11 1 7 10 7 7 3 7 13 5 7 3 1 8 14 2 5 3 1 1
36 15 16 24 31 21 29 38 41 32 34 35 3 26 35 28 34 14 11 38
6 1 2 15 5 4 9 6 14 2 6 1 1 6 11 5 3 4 1 1
33 17 21 18 20 21 20 11 32 25 15 15 14 13 25 21 14 14 3 19
9 12 17 23 5 5 22 20 21 13 1 17 9 2 8 14 3 19 1 3
25 7 18 12 19 3 7 11 21 12 11 15 1 4 21 3 8 8 1 12
10 8 12 24 7 4 23 15 23 10 2 11 5 3 16 10 1 13 1 1
57 26 59 53 58 40 40 46 61 52 37 50 17 32 65 34 41 41 17 36
21 12 16 7 13 17 11 6 23 21 6 12 7 4 19 14 16 9 1 18
38 13 16 28 21 29 23 20 26 29 31 24 24 26 23 13 21 20 6 7
33 7 10 14 17 6 16 16 31 29 18 24 4 14 23 17 14 11 5 15
18 3 7 21 18 24 12 16 17 17 21 15 5 23 11 6 24 10 1 12
33 6 29 33 26 14 31 29 40 25 19 25 1 16 36 15 25 22 8 13
40 24 27 29 31 28 47 35 51 43 22 34 18 25 42 33 35 23 17 36
39 17 35 47 39 35 43 40 52 38 29 35 1 25 38 14 33 20 4 25
26 2 10 12 16 13 8 13 24 20 18 11 3 5 17 10 2 1 1 8
29 11 28 34 30 22 15 18 30 28 19 22 6 21 34 12 18 18 1 13
51 16 28 23 36 23 15 18 45 41 31 27 13 20 32 28 15 18 1 23
15 3 10 14 8 2 7 6 13 6 8 5 1 8 12 2 3 5 1 3
25 4 6 16 16 15 9 11 17 17 20 13 7 12 10 10 12 7 1 14
29 12 16 19 24 16 21 20 26 29 21 29 6 10 23 12 17 12 1 22
6 1 4 8 3 1 4 2 8 1 5 1 1 3 6 1 1 1 1 1
14 9 11 17 13 17 15 7 21 20 10 10 7 9 21 12 6 5 1 7
26 8 18 26 20 15 14 15 21 18 19 16 9 20 21 8 15 17 1 7
50 28 21 39 42 45 44 30 49 56 48 39 29 32 34 41 32 20 6 39
41 5 22 26 29 14 17 21 38 36 26 31 6 16 33 20 19 17 1 18
59 27 38 47 51 53 38 42 52 55 45 40 20 34 42 35 26 23 4 38
63 36 46 42 55 21 31 37 62 60 37 52 21 11 52 41 28 28 17 37
37 31 33 40 35 19 50 37 55 45 13 44 12 18 46 33 37 37 14 33
7 2 4 10 5 1 5 1 10 1 5 1 1 5 10 1 1 1 1 2
47 29 38 53 40 43 37 36 51 44 38 37 26 35 43 28 28 34 5 15
63 27 43 57 53 34 33 54 56 51 54 56 29 37 48 39 39 41 13 33
30 23 23 26 28 40 29 21 28 33 20 20 18 21 27 18 17 12 1 22
55 33 31 47 46 41 39 52 47 47 55 49 29 36 33 27 41 26 15 37
46 29 30 36 37 34 33 26 43 38 32 34 27 28 36 29 37 32 10 30
66 24 54 58 62 51 47 51 65 66 45 59 24 38 63 39 52 44 11 45
25 8 18 22 18 21 21 18 21 20 12 17 10 14 22 7 16 15 1 15
56 21 45 56 58 43 56 60 66 62 44 59 5 34 55 35 44 28 15 39
14 6 9 6 8 4 1 2 8 5 9 8 1 7 9 1 5 5 1 7
30 26 30 30 36 31 32 32 37 28 25 33 1 19 30 6 24 9 4 36
14 9 11 22 8 10 14 15 22 9 9 10 7 11 10 12 8 13 1 5
37 10 22 36 29 19 42 39 48 37 19 34 3 14 40 27 27 23 7 18
11 6 10 8 10 1 1 2 11 3 7 2 1 6 11 1 6 2 1 6
11 11 13 7 13 5 4 1 14 7 3 5 1 2 18 4 6 4 1 9
26 16 20 29 15 20 36 23 44 28 13 22 13 7 28 26 12 15 2 15
34 22 39 55 36 20 51 43 49 41 18 44 11 13 39 29 19 36 8 10
52 16 33 25 40 34 17 28 51 45 41 35 21 30 39 41 32 24 8 36
34 15 30 40 26 22 31 27 49 33 17 23 12 16 34 23 14 25 2 6
34 3 25 24 24 26 13 28 27 23 24 21 8 19 25 15 21 17 1 19
51 10 20 30 32 29 34 30 43 47 34 34 18 25 32 27 27 18 5 26
56 20 36 50 45 38 41 43 55 53 44 50 23 44 54 32 47 41 16 29
6 1 2 1 1 9 3 5 5 3 2 1 1 4 4 1 4 1 1 5
9 3 4 12 4 9 8 7 12 4 5 1 4 5 7 9 4 4 1 3
13 1 6 11 8 16 12 9 18 15 9 7 6 10 16 12 15 4 1 11
51 20 26 48 45 40 39 53 53 49 51 53 15 39 38 33 47 29 5 38
22 1 8 12 13 8 9 14 13 12 16 15 4 8 12 7 5 6 1 10
23 6 19 23 19 10 18 16 21 18 9 19 5 11 21 1 14 17 1 8
17 3 7 16 14 14 21 26 19 9 17 17 1 8 10 8 11 6 1 18
55 37 41 43 47 28 35 25 63 58 33 46 26 26 57 42 43 39 19 34
21 12 10 29 16 10 21 20 25 21 20 25 14 15 13 17 15 21 1 6
38 31 36 42 36 37 44 47 67 47 26 46 18 28 41 48 46 36 5 41
50 19 41 45 44 23 50 46 64 48 28 45 2 29 58 39 48 38 18 31
14 1 6 11 6 6 7 5 7 10 9 7 7 9 8 7 5 7 1 1
38 29 26 32 29 38 39 27 44 44 27 34 28 28 34 29 37 30 11 26
29 21 30 23 28 21 19 14 37 28 9 19 8 7 36 17 11 11 2 17
13 1 6 7 3 1 2 3 5 5 6 7 1 4 7 1 1 4 1 1
38 21 36 44 33 26 27 35 48 37 22 37 17 24 33 30 30 39 1 19
24 1 12 14 17 1 10 17 18 13 15 16 1 5 18 3 4 6 1 7
34 9 9 12 18 10 13 13 32 30 26 20 9 11 14 24 5 2 1 18
29 18 30 35 22 12 32 31 38 25 13 32 11 11 24 18 21 32 6 13
23 7 9 18 8 12 20 15 24 16 15 12 12 8 14 18 1 10 1 4
32 15 25 24 26 19 18 18 30 22 18 20 5 13 31 14 18 15 1 19
45 18 36 51 35 23 47 36 60 49 30 36 20 29 42 38 26 36 12 10
32 22 24 35 36 27 34 40 48 37 34 37 3 17 36 24 31 4 8 39
33 6 22 26 25 29 22 31 34 26 27 26 6 23 29 17 26 16 1 23
37 20 27 18 28 8 18 15 33 35 19 38 13 11 30 19 26 25 8 25
7 1 4 12 4 1 8 6 11 1 2 1 1 3 11 1 1 2 1 1
44 38 34 32 38 17 23 31 56 43 30 42 25 5 36 47 28 26 15 38
28 16 19 42 30 31 35 37 44 34 34 39 10 27 24 28 34 24 1 29
33 29 22 39 27 43 53 37 53 41 30 35 15 29 32 27 30 15 12 33
50 31 41 58 49 28 45 58 61 50 33 52 12 13 49 35 27 29 12 31
23 8 14 18 21 17 15 17 21 12 19 18 1 16 19 1 20 8 1 19
30 17 19 23 16 12 19 16 29 21 16 24 15 11 18 21 12 22 1 13
31 21 25 37 30 41 31 29 42 29 29 23 11 26 31 24 25 16 1 25
45 16 33 41 37 22 43 49 51 37 34 44 8 23 27 27 29 28 10 26
15 2 6 11 7 14 8 4 14 10 10 2 8 8 15 8 3 1 1 1
40 26 27 23 26 22 20 11 43 37 23 27 24 13 31 35 27 26 12 29
35 23 36 32 40 37 23 27 41 32 26 29 11 23 42 24 36 21 5 35
27 17 21 12 16 13 15 10 32 25 10 15 14 10 18 23 10 14 4 15
21 30 27 41 28 27 37 32 36 31 20 34 17 8 24 28 14 24 1 23
40 8 27 36 24 9 37 30 39 35 25 30 12 21 26 29 17 31 12 1
47 17 19 35 30 28 37 32 44 44 34 34 25 22 21 33 16 26 1 21
42 18 24 22 30 4 31 31 47 39 18 38 5 9 34 31 23 23 11 29
55 32 25 27 40 28 32 23 51 51 40 36 24 35 39 42 36 25 15 43
15 5 12 16 13 15 8 9 15 7 12 5 1 11 17 6 13 5 1 10
48 20 38 49 51 51 40 53 50 45 48 45 19 37 48 34 39 26 14 44
18 9 12 1 11 6 2 7 11 10 7 13 1 1 8 6 9 6 1 17
17 6 7 16 13 10 8 8 7 13 16 13 10 16 10 1 11 13 1 1
19 7 17 18 17 13 17 17 26 13 8 14 1 11 18 5 16 9 1 16
51 14 32 47 41 39 40 49 51 44 43 41 10 34 34 21 37 27 10 29
52 18 46 48 49 28 33 33 51 49 30 42 9 27 52 23 34 36 9 16
51 13 45 49 53 35 40 53 53 42 44 47 3 35 46 20 44 28 11 36
16 8 7 17 10 6 11 10 12 10 14 14 7 10 7 9 6 13 1 7
63 17 43 39 51 38 28 45 57 50 43 49 18 33 45 33 44 36 9 41
22 19 25 36 23 22 40 34 36 18 15 27 4 13 21 9 18 16 1 20
64 28 45 48 55 22 31 43 63 56 40 50 14 21 53 38 33 35 13 31
25 4 13 19 16 10 16 18 15 15 17 19 4 11 17 5 10 12 1 12
45 19 35 25 38 25 27 25 53 46 21 35 10 9 46 27 28 19 4 29
39 21 21 31 23 25 32 25 40 38 29 29 26 19 17 33 11 23 1 20
13 6 11 8 4 6 7 5 14 9 4 6 5 4 7 7 2 4 1 6
54 29 48 67 58 44 55 61 59 50 45 57 17 38 52 20 44 44 7 27
27 21 23 38 23 32 43 39 47 33 23 33 16 17 29 33 30 20 5 28
45 21 39 36 39 15 30 19 49 48 20 38 18 14 44 28 30 35 13 19
48 35 40 34 40 15 41 47 65 55 21 58 18 5 41 50 36 38 13 40
12 5 13 18 14 17 15 12 20 13 5 6 1 6 23 2 6 3 1 4
41 21 33 20 33 18 14 21 45 35 26 35 11 14 42 30 37 23 12 37
36 7 22 39 34 36 26 35 35 31 34 29 8 27 30 20 27 19 1 25
27 6 12 22 21 26 22 23 25 20 24 14 8 13 21 14 15 5 1 18
32 20 14 24 14 10 33 29 42 34 20 32 17 15 22 37 16 21 10 19
18 1 15 17 12 10 19 18 17 11 7 13 1 5 19 1 11 11 3 7
47 34 26 44 40 39 55 39 58 50 35 43 22 32 40 38 32 25 8 38
11 5 7 8 6 3 6 1 14 8 6 5 2 6 12 6 4 2 1 7
25 11 31 35 29 19 27 23 41 28 9 20 1 9 38 12 13 14 1 9
35 20 24 25 21 14 29 18 49 32 15 26 15 12 28 32 15 21 1 17
19 6 16 15 13 8 12 10 25 11 10 11 1 7 22 7 12 6 1 11
52 29 28 40 42 38 39 26 48 54 45 36 30 31 36 36 18 22 4 28
31 6 12 27 23 15 25 20 33 33 16 26 4 20 34 16 24 19 6 12
43 15 35 37 40 20 39 40 46 47 24 41 6 10 42 29 16 22 13 19
51 27 47 54 41 28 49 38 65 47 35 35 27 31 42 43 27 40 9 16
12 1 3 2 1 12 3 4 7 6 7 2 6 2 4 6 2 1 1 2
16 1 9 12 7 5 11 11 11 8 7 10 2 2 10 4 1 6 1 2
24 13 16 10 23 14 12 15 21 15 16 16 1 7 22 10 15 6 1 24
47 33 38 56 46 55 58 37 50 51 41 36 32 42 39 24 33 32 2 27
53 24 36 30 43 22 31 37 44 46 30 45 14 12 40 30 33 29 14 38
35 11 17 33 17 27 33 30 42 34 26 29 16 21 26 31 24 22 1 16
19 4 6 18 10 15 10 10 27 17 16 6 9 14 10 21 8 9 1 1
27 8 24 31 28 16 30 28 30 22 18 28 1 19 23 5 27 21 3 17
19 4 15 24 12 15 23 14 23 21 5 11 6 5 21 10 2 12 1 1
63 27 57 59 60 35 40 44 65 59 39 53 23 38 63 30 51 55 15 23
46 42 49 38 47 29 33 26 48 45 17 46 12 1 51 34 21 31 21 43
45 18 36 40 41 30 21 28 36 37 36 35 16 32 42 11 30 29 2 14
20 8 13 27 13 11 16 18 26 14 17 15 7 16 18 17 11 18 1 3
18 7 12 9 9 16 10 10 19 9 9 5 7 8 16 8 11 3 1 13
30 3 16 16 22 8 9 22 25 20 22 20 2 11 21 11 8 10 1 10
29 21 29 34 24 20 33 27 39 27 12 26 12 5 30 20 9 20 1 14
13 3 8 16 9 3 8 4 15 4 8 5 1 9 13 1 5 5 1 3
27 16 26 27 25 21 24 18 33 28 6 22 1 5 32 12 5 11 1 15
35 9 19 34 18 23 28 29 39 28 22 23 14 18 25 24 17 24 1 7
23 3 2 9 9 17 8 9 13 19 19 12 11 9 1 14 7 6 1 10
4 1 3 3 1 5 5 5 6 1 3 1 1 1 1 1 2 1 1 6
16 1 4 7 8 7 5 11 7 7 13 11 1 6 5 1 6 3 1 10
14 2 4 6 9 3 11 11 21 11 11 12 1 1 12 12 7 1 1 17
67 30 48 61 59 53 46 47 62 62 45 47 23 35 52 39 26 36 1 34
55 30 35 33 46 21 17 26 62 55 41 43 18 16 48 49 34 23 14 40
42 6 30 38 33 25 22 29 36 35 28 31 9 25 36 14 28 29 5 12
32 19 23 14 24 9 11 9 26 27 18 29 14 11 25 18 22 21 8 22
9 1 3 11 5 12 12 11 12 2 8 1 2 8 9 5 10 3 1 8
28 15 24 40 28 23 43 41 44 32 17 33 11 7 27 23 20 23 1 18
19 1 3 7 10 7 5 14 10 8 14 11 1 7 8 1 7 2 1 9
41 20 32 39 28 23 38 35 40 35 21 38 18 17 29 24 29 36 3 17
65 31 47 44 59 34 36 44 72 67 39 60 16 25 64 50 44 36 14 52
17 3 9 12 6 7 10 9 10 8 9 9 5 6 10 7 1 6 1 4
18 1 5 14 12 4 5 13 17 9 16 8 1 8 10 9 5 5 1 3
38 12 25 33 30 15 18 32 37 25 27 32 3 17 29 22 17 24 1 21
21 3 16 22 18 21 16 19 22 14 16 12 1 13 26 5 15 9 1 9
7 1 3 7 1 6 7 5 7 3 3 2 2 1 3 6 1 4 1 1
32 15 16 28 26 13 19 23 38 27 24 24 6 11 24 22 9 12 1 14
35 16 21 27 25 34 28 26 36 27 32 20 15 28 16 16 21 10 1 24
21 1 13 19 14 7 16 12 17 22 6 16 4 5 18 3 8 15 1 1
48 32 37 34 46 40 39 32 54 49 33 40 16 26 36 26 30 18 5 40
11 6 4 12 4 18 25 16 20 16 7 12 5 8 15 19 18 6 5 19
50 28 34 40 45 30 26 49 50 43 48 44 12 30 36 24 39 10 17 45
50 6 28 44 35 23 32 31 42 42 35 30 15 32 33 27 25 33 7 3
41 38 37 46 37 17 47 37 63 45 26 43 17 29 51 42 36 38 19 32
16 1 3 13 7 1 7 4 11 8 10 8 1 6 12 1 1 3 1 1
56 35 46 56 50 52 42 42 62 54 36 44 25 34 51 43 34 39 4 33
20 5 6 18 13 12 13 9 11 19 16 15 9 9 9 7 7 11 1 4
27 7 16 22 21 15 32 28 36 25 15 25 1 16 35 13 28 14 7 21
12 3 5 9 4 13 7 4 10 9 9 1 9 7 8 11 3 3 1 4
25 12 17 20 15 17 16 19 30 14 15 13 7 10 17 17 15 12 1 15
28 8 6 16 19 23 13 7 14 26 24 14 15 16 13 11 5 7 1 5
18 8 9 15 12 18 16 12 19 15 14 15 7 13 9 13 18 10 1 19
44 25 37 54 40 39 39 37 49 45 33 36 22 31 44 21 26 34 6 10
17 10 15 24 15 16 24 14 29 16 11 11 2 12 24 10 16 9 1 15
39 26 36 45 40 27 49 37 54 48 8 42 1 16 55 28 22 27 18 27
1 1 1 2 1 4 7 3 9 3 1 2 1 1 7 3 5 1 1 5
18 3 8 13 6 14 12 7 18 13 11 5 10 9 15 11 3 4 1 1
27 1 8 18 14 15 3 11 17 18 23 12 6 17 14 14 10 10 1 4
57 36 46 53 57 26 47 47 68 57 26 56 4 14 57 38 24 36 12 39
16 6 7 9 6 16 7 5 12 11 13 1 11 10 11 11 6 1 1 7
26 16 21 28 27 25 23 19 28 23 14 21 1 11 27 8 13 8 1 20
19 10 17 14 13 9 15 8 19 14 7 11 4 1 19 7 3 5 1 9
51 25 46 68 49 43 57 62 56 49 44 57 27 34 46 34 51 54 7 25
60 34 41 52 50 35 50 60 65 59 48 62 26 30 35 41 44 38 12 39
15 10 8 11 8 6 9 12 17 7 7 12 4 1 5 12 3 8 1 11
14 1 6 17 6 1 13 10 14 6 6 9 1 5 12 3 1 10 1 1
49 13 22 28 34 15 18 27 38 39 33 35 14 17 25 19 18 18 2 17
10 1 2 15 7 8 9 3 7 5 9 4 1 8 11 1 6 4 1 2
15 6 10 9 8 18 11 7 18 13 7 4 4 7 14 7 8 2 1 11
46 27 25 31 38 34 42 29 52 47 33 35 20 37 36 31 36 23 7 38
33 4 27 35 27 18 21 25 33 25 22 23 6 19 36 14 19 21 1 9
39 24 29 39 38 47 43 37 49 41 29 30 8 23 34 20 20 8 4 30
40 4 27 38 29 27 33 38 41 31 28 27 9 25 33 22 30 27 10 13
16 4 10 23 8 7 19 16 21 11 4 11 6 5 16 11 3 13 1 1
30 21 29 47 33 33 53 40 45 42 15 40 11 18 42 23 29 28 6 24
46 11 28 37 39 48 29 34 40 43 42 29 19 34 36 30 26 17 3 30
22 8 14 11 13 8 11 10 20 12 9 14 1 6 17 7 12 8 1 16
32 1 18 33 22 19 18 22 24 23 20 21 5 19 27 11 19 22 1 6
49 13 32 40 39 45 26 30 39 41 41 31 23 36 38 27 35 27 7 28
14 5 8 11 8 4 7 1 14 5 5 4 1 4 14 5 3 4 1 5
10 4 10 11 5 14 13 7 14 11 2 4 1 1 14 3 2 1 1 4
26 1 5 15 11 13 10 8 17 21 19 17 11 13 12 11 10 9 1 5
37 13 30 38 34 27 24 30 35 34 24 30 5 19 40 18 14 18 1 17
47 14 45 63 48 31 49 51 61 51 29 45 5 30 55 36 34 41 13 15
35 22 31 47 33 20 41 38 43 38 20 39 16 12 32 25 15 29 4 15
8 3 5 5 1 7 5 3 9 4 3 1 4 1 1 8 1 1 1 2
37 33 28 44 46 31 34 43 47 36 37 41 6 20 32 24 29 10 7 42
16 2 5 18 11 17 20 18 16 5 15 11 2 11 14 4 13 3 1 13
13 4 13 13 7 16 18 17 12 11 4 10 5 6 12 6 10 8 1 12
26 19 22 19 23 28 22 14 33 28 14 20 8 11 27 19 18 9 1 25
10 7 13 15 13 11 9 5 19 9 7 2 1 5 19 1 2 1 1 3
22 5 14 12 11 7 7 8 17 11 8 12 2 6 15 3 5 8 1 7
48 38 43 51 55 45 43 48 61 48 36 49 8 29 45 36 37 29 9 48
40 40 34 33 38 34 44 45 57 45 33 51 20 21 30 38 42 27 17 53
63 23 53 65 54 47 56 48 76 65 48 48 26 42 61 51 36 43 15 30
6 5 9 5 3 3 8 2 15 6 1 4 1 1 11 8 3 1 1 7
45 35 32 32 35 31 50 40 59 47 29 43 15 29 39 38 42 26 18 46
56 17 39 43 48 29 35 41 47 44 38 46 13 32 40 22 44 36 11 27
29 18 18 27 23 19 18 14 33 25 16 20 15 16 24 22 20 22 3 15
18 3 10 13 8 16 12 6 21 17 9 7 5 5 18 8 2 2 1 2
29 9 23 27 23 7 25 26 43 27 14 24 1 16 35 21 22 20 5 16
40 13 28 42 40 33 27 37 41 36 39 34 14 29 38 31 26 27 11 27
63 27 44 57 60 53 40 57 58 60 52 55 20 36 52 34 39 30 6 42
52 42 26 44 42 30 50 41 65 60 44 48 29 31 41 57 28 28 21 40
28 1 19 26 19 28 14 24 31 23 21 15 11 20 24 21 21 16 2 14
61 39 49 49 55 22 44 48 69 58 36 54 21 15 54 48 28 33 18 34
41 26 30 29 32 25 26 12 44 37 21 22 22 16 33 29 21 24 6 26
12 11 10 26 9 10 25 14 29 18 9 18 10 11 19 21 13 16 3 9
24 10 18 20 18 15 16 14 15 17 14 19 8 13 21 1 14 16 1 7
37 46 41 37 39 30 37 28 54 47 24 40 32 6 34 47 22 30 7 35
46 26 37 42 43 38 44 47 42 44 39 49 17 34 31 6 42 30 12 31
36 10 11 27 28 17 13 23 25 27 33 26 10 20 19 19 18 17 5 16
16 1 6 7 3 12 9 9 15 13 6 7 5 3 9 8 4 4 1 4
49 29 37 36 46 36 40 34 49 51 34 49 21 24 42 26 41 30 8 40
47 15 30 40 47 37 23 46 45 41 52 44 14 38 34 29 42 24 11 43
24 2 7 18 11 13 12 6 15 16 16 10 8 11 17 7 4 6 1 1
41 16 30 38 33 11 27 28 37 28 22 35 8 17 33 15 24 33 3 13
24 7 10 9 10 20 9 9 21 14 17 4 10 14 13 10 9 3 1 10
13 13 15 14 12 23 21 10 27 26 8 12 11 7 23 20 7 1 1 12
3 7 7 13 2 3 17 7 20 7 1 6 1 1 12 11 1 5 1 5
23 9 13 12 16 4 14 11 25 19 16 22 1 8 20 15 11 7 3 20
49 20 34 43 41 9 34 45 54 40 35 46 9 19 38 31 27 31 15 24
26 17 16 22 21 32 29 15 37 23 26 11 12 23 18 20 20 1 1 27
20 9 12 18 11 19 21 18 27 12 14 11 7 12 16 15 15 8 1 17
10 12 14 22 4 17 24 21 26 16 3 14 16 2 9 22 8 16 1 6
20 6 15 20 13 14 21 19 21 12 14 15 1 13 17 6 13 12 1 14
46 21 27 34 30 24 44 42 53 47 28 46 18 15 31 38 28 29 6 31
37 19 19 26 24 25 22 19 30 33 32 25 26 26 18 18 19 22 7 10
60 25 33 27 45 25 16 30 48 50 40 44 22 21 36 29 35 29 7 32
35 10 21 28 26 16 16 22 22 24 28 26 13 24 23 4 19 22 1 6
37 21 26 33 36 23 26 37 38 34 23 32 5 4 37 22 14 4 8 30
21 3 12 20 13 7 16 11 20 14 12 13 2 8 20 5 3 8 1 4
38 14 17 33 22 23 28 33 34 34 27 34 23 16 13 27 14 27 1 13
33 13 12 18 22 19 16 2 28 30 25 15 16 18 18 19 9 8 1 16
47 16 27 46 39 40 44 48 49 39 40 37 11 30 32 22 32 23 6 26
48 13 18 27 34 30 28 32 40 43 40 34 17 26 26 25 26 15 2 29
42 16 36 38 33 22 36 39 56 38 21 41 6 19 40 33 38 33 5 28
60 31 39 27 46 31 20 18 59 56 45 40 28 33 45 50 35 30 8 44
41 27 19 29 33 6 26 41 48 38 35 41 13 18 37 41 32 13 24 40
68 37 53 57 60 44 46 40 71 66 38 52 24 30 58 43 35 42 9 33
10 5 11 3 5 6 6 6 14 5 1 4 1 1 11 3 6 2 1 10
26 5 6 22 16 24 14 7 19 24 22 13 14 18 17 11 15 10 1 5
49 25 39 43 49 25 36 35 50 49 31 46 12 22 48 19 27 27 1 26
40 25 18 35 28 39 45 29 44 41 35 31 27 32 28 32 29 22 5 28
28 32 34 29 28 25 35 29 39 28 11 31 13 5 34 27 20 22 7 31
24 19 24 25 15 15 28 19 40 26 8 21 14 4 25 27 9 20 1 13
20 6 10 12 12 14 12 15 16 10 15 11 5 10 10 8 11 4 1 16
53 26 47 37 55 22 36 42 63 53 30 50 4 14 58 33 37 28 13 38
33 18 27 40 28 34 29 31 44 33 22 27 7 16 35 29 15 18 1 20
17 5 11 13 12 13 15 12 25 14 11 13 1 12 18 10 21 4 1 19
19 11 27 20 21 6 21 13 27 19 1 17 1 1 29 4 10 14 1 7
20 16 18 7 16 11 8 6 17 13 8 13 8 4 20 13 18 11 6 22
18 5 11 14 12 10 15 15 19 13 9 11 1 1 13 9 1 4 1 11
33 27 32 34 32 28 31 30 52 31 24 33 13 20 35 32 38 24 7 35
41 23 20 33 35 25 27 37 36 30 35 36 15 23 24 25 29 23 4 31
13 3 5 9 4 4 6 3 7 6 9 5 4 5 7 6 1 3 1 4
17 16 16 21 7 9 23 16 36 21 6 20 12 5 17 26 11 15 1 12
38 20 25 17 30 9 17 17 42 32 22 32 8 12 38 29 27 16 11 31
60 32 47 61 63 37 48 60 59 55 49 57 17 30 55 25 44 31 14 38
53 28 27 36 36 31 41 32 55 49 36 35 24 37 39 40 38 29 14 35
33 20 19 34 24 31 39 24 44 38 19 26 13 12 29 31 6 12 1 20
8 1 5 8 6 1 8 4 15 10 7 8 1 8 12 9 8 4 1 7
29 5 13 20 21 15 13 20 15 17 23 19 5 16 13 1 16 11 1 13
6 4 8 14 7 13 14 7 9 7 3 4 1 5 15 1 4 2 1 4
29 26 33 32 31 31 31 26 40 29 11 22 8 14 39 23 23 17 5 28
36 14 35 36 35 27 41 33 48 38 19 33 3 16 45 20 28 17 7 23
39 13 29 27 27 24 33 23 39 32 22 21 13 15 30 20 17 16 7 16
11 15 16 27 7 13 29 18 29 21 5 19 12 5 17 22 9 18 1 7
34 25 32 35 29 19 38 39 49 39 20 44 18 3 28 35 24 32 1 30
22 5 11 25 13 5 20 19 18 15 12 22 7 8 11 8 8 21 1 2
50 15 22 29 35 21 18 31 35 41 38 37 19 21 29 20 21 21 6 17
10 8 8 18 8 12 15 7 16 8 9 6 1 8 13 7 5 8 1 7
58 22 31 41 41 22 33 37 63 54 42 41 18 24 37 45 23 25 5 30
11 10 9 9 7 1 8 4 14 3 3 9 1 1 11 8 3 8 1 8
39 16 11 23 25 19 20 23 35 38 34 27 19 14 20 34 14 11 9 22
6 6 7 10 6 14 13 9 7 1 7 1 1 8 10 1 10 1 1 13
34 16 15 9 25 4 14 22 37 28 19 30 1 7 30 23 19 7 7 30
41 17 28 25 33 18 22 22 37 39 20 32 9 9 31 18 10 16 1 19
23 2 4 15 16 5 9 14 15 18 21 19 5 11 7 8 7 10 1 6
66 36 57 51 62 44 46 52 70 63 29 54 10 20 63 43 32 37 20 43
54 35 32 49 44 36 54 40 67 58 39 41 24 34 52 51 25 28 14 34
35 16 17 21 22 27 21 13 29 25 23 16 17 22 21 20 22 15 1 21
58 28 32 42 40 35 41 40 60 53 39 46 21 39 48 44 46 39 12 35
58 27 34 34 46 19 12 32 47 45 41 45 18 20 38 36 34 30 11 33
37 38 39 36 35 28 40 43 54 40 27 46 27 5 33 45 33 36 2 42
13 1 4 9 2 6 8 4 8 12 3 5 4 2 10 4 1 4 1 1
9 1 4 10 5 8 6 5 8 3 6 1 3 6 8 5 5 2 1 3
41 19 25 28 33 32 31 31 49 35 33 28 12 24 26 29 27 14 1 33
41 27 25 35 31 44 46 25 45 45 34 28 28 34 34 28 31 20 7 28
4 4 7 6 4 6 6 2 6 1 1 1 1 2 10 1 2 1 1 6
24 5 9 13 12 12 10 9 19 17 18 11 9 11 17 11 5 5 1 7
43 22 32 32 35 19 36 38 48 36 21 37 11 7 35 29 22 27 6 28
17 9 21 29 19 21 31 23 27 22 1 16 3 2 28 10 8 11 1 9
45 21 33 27 35 21 15 15 38 36 26 29 14 15 39 22 23 23 8 22
27 6 15 22 20 17 19 17 18 15 17 19 5 15 21 1 17 13 1 14
22 1 11 20 15 15 5 10 19 18 17 11 6 18 16 12 13 12 1 3
27 11 16 21 17 8 14 19 32 17 16 18 5 6 19 20 7 12 1 11
46 29 39 60 50 38 43 57 57 52 39 54 18 22 43 34 33 37 1 28
17 1 2 9 5 12 9 2 18 14 14 6 7 8 14 13 6 1 1 4
33 13 20 23 30 20 20 33 34 22 30 26 1 17 26 15 22 9 5 29
7 2 10 5 3 1 5 4 7 2 1 4 1 1 7 1 1 2 1 2
41 3 15 27 29 19 11 24 27 32 33 28 9 21 25 17 16 17 1 12
18 4 11 11 13 4 10 9 16 9 9 11 1 1 15 3 1 1 1 9
46 28 30 38 36 28 43 30 51 49 26 40 19 26 46 25 33 31 11 22
14 6 11 28 16 21 27 24 23 10 13 12 1 16 21 7 17 11 1 12
10 4 6 2 7 2 2 4 6 3 7 7 1 1 6 1 1 1 1 10
28 15 17 24 26 30 22 23 17 31 24 26 14 14 20 9 16 13 1 16
17 4 7 11 8 6 9 6 15 6 9 5 2 1 12 7 1 1 1 6
59 33 49 47 57 33 29 45 64 54 36 50 13 17 57 47 29 29 11 44
64 40 38 47 57 36 29 37 63 60 50 49 29 31 45 43 35 33 9 32
46 31 31 25 32 16 38 25 54 46 22 38 20 19 45 41 29 27 19 34
10 1 1 1 2 4 1 2 3 4 7 3 3 1 3 3 1 1 1 1
11 1 1 5 4 1 2 4 1 6 9 8 1 3 2 2 1 2 1 3
15 8 12 16 12 18 17 16 16 11 13 13 6 15 12 5 16 9 1 17
31 15 27 39 27 29 37 29 29 34 16 27 17 17 31 10 22 28 4 7
39 25 34 41 37 42 45 36 45 37 21 31 10 18 39 20 19 16 6 28
9 2 3 4 1 15 8 5 13 10 5 1 8 4 2 12 3 1 1 4
46 32 37 53 35 40 50 31 63 53 39 39 37 26 40 51 29 38 1 26
50 29 43 36 47 28 39 40 50 49 18 47 6 7 46 29 23 27 10 38
30 26 28 33 23 14 31 24 38 30 17 36 18 14 27 24 22 32 3 16
54 14 30 41 42 18 33 43 56 49 36 48 9 30 45 37 34 35 10 32
23 8 15 24 18 13 16 9 22 17 16 15 6 15 22 4 13 11 1 7
6 3 6 3 3 4 4 1 13 6 2 2 1 2 8 6 2 1 1 6
17 3 13 16 12 17 10 10 22 15 10 7 1 11 21 9 12 5 1 9
32 7 14 26 20 13 19 22 21 24 21 25 11 14 14 13 9 20 1 8
19 5 11 22 14 16 22 11 23 25 10 19 8 12 24 12 15 12 4 10
35 4 20 26 23 9 18 21 24 24 20 23 6 13 24 7 13 17 4 8
41 38 37 48 44 47 46 38 53 44 34 40 20 33 37 24 39 27 7 34
4 1 5 8 4 12 11 8 8 4 1 1 1 1 11 1 7 1 1 7
17 1 8 15 13 7 3 11 14 8 17 9 1 10 11 7 7 6 1 6
32 16 30 36 30 37 34 32 39 33 12 22 4 10 39 19 13 15 5 19
24 2 15 15 13 8 19 20 27 21 9 18 2 1 16 13 8 10 1 12
6 1 1 4 1 13 7 8 5 5 4 4 4 6 4 4 9 4 1 9
43 21 23 34 31 29 28 29 34 31 34 31 22 25 28 15 26 25 7 18
35 30 31 46 35 19 51 37 54 46 14 43 13 19 45 33 24 31 12 26
22 10 5 14 14 3 19 15 26 20 16 19 4 13 20 21 16 9 10 18
20 5 9 24 16 20 23 21 17 14 21 20 6 19 13 1 19 12 1 10
22 6 11 16 9 13 23 17 24 23 9 20 6 10 18 17 17 12 6 16
52 36 46 60 44 50 50 41 63 52 46 40 41 36 45 53 31 43 4 30
16 4 10 14 10 16 12 14 9 13 10 13 8 13 10 3 14 12 1 9
35 19 16 32 24 22 31 40 37 37 32 41 19 12 20 33 27 18 5 29
46 14 30 41 34 32 32 41 58 45 40 41 22 26 39 47 27 28 8 32
50 33 51 59 58 48 49 49 57 50 37 50 10 38 52 13 47 33 5 34
35 31 26 36 33 25 40 36 54 41 23 38 14 18 37 41 34 27 10 34
32 22 18 30 21 21 28 32 35 33 28 33 24 10 16 35 13 23 2 19
24 2 13 25 13 23 18 21 26 17 16 10 7 14 22 17 14 13 1 7
66 35 38 40 55 48 37 34 60 58 55 47 31 43 43 44 43 31 5 50
6 2 5 7 4 1 3 1 3 4 3 4 1 5 5 1 2 4 1 2
28 6 8 17 13 25 14 14 14 20 22 14 17 20 13 10 17 12 1 8
52 22 35 49 52 60 37 41 50 53 55 41 22 47 35 30 39 21 7 42
10 5 11 10 7 6 10 9 19 5 1 5 1 3 11 5 7 5 1 10
31 23 29 31 22 19 28 25 44 27 12 26 15 9 29 27 20 26 3 18
10 2 4 16 4 9 14 6 22 10 5 2 4 4 14 13 2 2 1 1
38 22 19 28 25 19 28 28 38 33 30 25 20 11 22 34 6 12 6 21
12 1 7 15 6 2 10 5 10 9 6 9 2 7 10 1 3 8 1 1
36 26 16 23 34 18 26 40 41 38 38 43 7 23 28 30 37 10 18 47
28 8 11 29 18 12 20 23 26 20 21 24 10 12 15 15 9 17 1 10
36 20 22 23 22 20 21 12 38 23 22 13 16 16 22 25 8 14 1 17
33 25 35 34 37 34 30 29 50 40 20 33 5 22 49 31 34 19 7 37
48 30 27 46 34 44 46 30 46 42 43 31 37 37 30 38 26 31 5 29
19 11 16 26 24 35 22 23 28 21 17 15 2 15 26 13 17 4 1 17
14 8 16 19 11 9 23 18 29 15 4 15 1 6 18 13 11 13 1 14
26 2 13 17 11 21 13 14 28 22 17 10 7 15 17 16 13 8 1 8
68 22 30 41 49 35 42 48 58 64 50 51 24 35 46 36 43 28 12 32
48 29 27 17 37 13 26 31 49 44 25 44 10 10 44 38 34 21 18 47
14 6 8 13 9 21 13 9 12 16 11 8 9 10 10 8 13 8 1 12
19 2 7 19 11 14 12 10 16 11 14 6 4 10 17 10 6 7 1 1
30 15 20 36 31 31 30 41 34 22 36 30 5 28 22 19 30 16 6 29
29 10 23 20 26 15 4 15 25 18 23 20 4 18 25 15 20 16 1 19
47 32 36 52 35 35 54 34 60 54 32 42 36 28 37 40 27 38 4 20
36 41 44 49 40 43 48 49 61 40 32 43 25 21 35 40 46 35 3 42
30 12 23 36 24 28 23 32 38 25 28 27 13 27 23 26 28 26 1 22
10 1 6 9 4 4 7 8 9 6 2 7 1 3 7 1 2 6 1 1
50 25 34 34 44 39 25 26 49 45 40 28 16 25 40 33 16 14 1 32
11 7 7 14 1 8 18 10 24 12 6 10 9 2 11 20 3 7 1 5
19 8 17 25 18 16 25 16 32 27 6 19 1 8 33 11 11 6 1 11
18 4 7 13 10 21 9 9 21 16 15 3 11 14 10 15 11 4 1 6
38 11 21 25 24 19 17 15 28 28 23 19 16 21 25 10 15 18 1 6
37 21 13 31 29 19 33 35 47 39 27 35 7 14 35 34 23 14 10 28
11 7 11 5 6 3 4 5 9 5 6 7 1 5 9 1 4 5 1 7
8 1 4 10 1 2 10 6 10 4 1 2 1 1 9 3 1 3 1 1
32 18 13 10 23 4 19 23 34 28 23 31 4 15 27 24 17 11 12 30
48 11 31 32 37 42 26 36 41 35 42 29 20 34 32 28 30 19 5 34
50 20 32 33 39 21 31 35 50 45 28 44 9 30 44 28 44 34 12 33
11 3 9 16 8 8 15 6 15 7 6 6 1 3 17 1 1 3 1 1
48 29 41 40 35 16 47 34 64 52 19 49 17 16 49 44 34 41 18 25
20 1 17 25 19 14 29 25 32 21 12 20 1 13 28 10 25 13 5 14
38 12 9 23 25 17 12 21 25 33 34 27 18 14 18 25 14 10 9 18
16 1 11 15 8 6 13 8 14 15 2 9 2 2 16 2 1 8 1 1
34 24 28 23 30 24 20 11 41 36 18 26 17 13 37 25 29 19 9 29
21 10 18 33 19 18 21 20 27 18 15 18 1 12 25 11 9 14 1 6
49 32 48 51 46 22 47 53 58 48 34 57 23 13 38 40 36 49 9 32
20 5 25 33 27 21 33 29 34 24 11 19 1 12 34 6 19 12 3 10
34 17 18 33 28 32 30 33 41 26 33 26 10 23 20 21 21 12 1 25
22 3 13 26 11 19 18 20 33 20 16 17 7 13 23 25 16 15 1 9
34 25 28 37 33 34 30 28 45 30 25 27 14 24 33 27 31 25 4 26
13 4 10 11 5 8 10 7 11 8 6 5 6 5 12 7 1 4 1 4
8 1 3 9 2 1 6 2 11 4 4 3 1 5 11 1 1 1 1 1
20 1 6 16 12 12 5 5 12 14 16 9 8 15 13 6 10 9 1 1
39 18 45 54 38 21 41 44 60 39 26 41 12 22 44 33 31 40 8 15
19 15 13 27 16 32 34 20 29 19 18 9 13 17 16 18 11 6 1 16
22 7 16 24 17 15 20 14 25 19 11 14 2 7 22 6 5 8 1 8
15 13 14 24 8 8 23 17 25 14 11 19 9 7 14 16 6 17 1 8
66 33 37 44 53 33 20 32 61 55 55 44 29 35 39 52 32 32 4 41
20 7 13 18 18 17 13 12 18 11 16 12 1 16 19 3 20 9 1 16
18 3 5 16 8 16 12 3 12 17 12 7 11 11 12 9 4 6 1 1
27 12 13 18 18 8 10 10 17 16 16 18 8 12 13 11 12 16 1 10
22 5 14 29 17 19 24 20 23 15 17 14 4 17 21 5 17 15 1 11
8 7 12 6 7 4 6 3 12 4 1 5 1 1 15 2 3 3 1 7
29 13 14 25 25 34 34 25 37 31 28 23 9 20 23 16 21 2 1 24
25 9 11 22 16 12 20 27 24 20 18 25 8 9 8 15 10 17 1 15
8 1 1 9 3 12 8 6 8 7 4 3 6 5 3 9 5 5 1 5
65 46 60 59 59 45 48 40 81 63 37 48 30 26 63 54 35 43 13 41
32 21 12 21 24 31 32 25 39 35 30 27 13 32 20 25 33 11 11 33
6 1 2 5 1 1 6 5 8 2 4 3 1 1 3 4 1 2 1 1
21 1 9 15 12 10 13 17 15 11 14 13 4 6 13 9 6 7 1 10
11 5 7 3 7 1 2 3 10 5 7 7 1 2 8 2 1 1 1 8
19 3 13 22 10 6 17 14 19 10 8 8 2 6 19 7 4 10 1 1
14 18 21 27 16 11 20 15 31 14 7 12 6 6 21 16 10 15 1 6
39 19 22 26 29 18 22 29 41 43 29 33 16 8 33 30 14 6 11 24
45 23 30 33 40 16 27 32 41 43 33 43 14 17 38 16 24 22 7 22
10 1 2 5 2 6 3 3 12 6 4 2 1 3 10 5 4 1 1 2
37 8 32 35 30 32 24 29 40 35 25 27 10 23 40 20 24 23 4 18
9 4 6 6 1 3 6 4 9 4 3 1 3 1 4 7 1 3 1 3
25 4 17 31 16 17 17 21 28 19 16 16 6 16 25 18 11 19 1 5
31 8 21 40 29 34 30 32 34 30 30 28 12 33 33 16 35 26 1 17
47 28 25 34 31 38 43 27 53 46 38 27 26 40 38 44 35 25 12 38
23 4 14 27 22 25 20 22 23 16 24 17 1 20 23 6 20 9 1 15
48 19 39 44 42 25 35 30 53 49 25 42 11 26 52 24 38 35 5 20
38 26 37 36 34 20 29 25 49 31 16 31 17 8 42 28 32 33 11 28
31 16 25 42 30 33 25 28 32 28 27 25 14 26 30 18 26 27 1 14
58 12 34 55 42 26 51 40 62 58 41 46 17 37 50 41 37 40 15 8
14 1 8 11 8 4 7 8 15 6 9 7 1 7 13 3 4 5 1 1
36 22 24 37 32 33 46 36 50 41 24 38 10 21 36 26 27 18 6 33
50 35 44 57 54 42 55 51 56 48 35 52 17 30 49 18 38 36 8 32
20 15 23 27 15 16 24 27 32 14 10 17 7 10 18 16 17 19 1 13
18 8 15 13 11 6 10 8 17 7 9 10 3 6 15 5 5 6 1 8
28 27 27 34 35 33 37 25 41 36 24 35 13 27 31 20 40 22 7 35
18 20 20 34 19 32 40 30 39 23 15 23 9 11 25 22 15 10 1 22
23 9 15 25 22 22 17 16 30 25 17 15 2 7 23 18 5 3 1 11
23 3 8 17 9 23 23 14 20 18 15 9 10 13 13 12 8 7 1 9
45 21 33 36 44 38 23 37 49 42 34 34 9 18 41 35 25 16 2 37
9 10 13 11 12 6 9 2 14 6 4 3 1 4 18 2 4 2 1 7
16 4 9 11 5 16 10 7 13 15 9 8 10 8 13 10 5 7 1 5
46 23 35 45 39 39 44 39 44 43 30 37 21 24 39 16 27 29 5 21
24 11 15 24 15 22 25 21 21 21 16 17 8 8 19 14 9 12 1 14
35 20 29 32 32 11 33 36 46 32 20 36 5 5 33 25 17 23 8 23
24 10 12 17 18 11 10 14 21 14 18 15 4 12 14 11 14 11 1 17
28 13 22 20 20 18 17 19 20 21 16 23 12 14 19 1 18 20 1 8
22 5 17 26 18 17 12 16 32 19 16 14 7 17 23 22 15 16 1 12
17 9 15 13 13 17 17 18 18 9 10 14 3 10 12 4 14 7 1 18
1 2 5 2 1 6 3 4 6 1 1 1 1 1 3 1 3 1 1 6
12 5 11 22 12 17 17 11 18 13 5 5 1 6 21 6 4 3 1 3
45 14 20 22 29 27 24 22 36 38 32 29 20 23 23 21 21 16 1 23
17 5 8 9 8 18 7 9 13 9 14 4 8 10 9 8 11 1 1 11
23 15 22 28 23 31 31 21 35 31 10 23 7 11 26 17 16 10 1 22
29 8 18 18 17 16 17 10 27 21 16 7 12 13 20 12 4 7 1 6
13 7 12 14 12 11 11 7 22 13 11 8 4 11 21 11 12 5 1 11
14 6 9 3 5 13 5 5 15 9 6 3 5 2 7 9 7 1 1 11
22 11 27 33 22 13 33 24 34 25 9 19 4 7 31 13 10 18 7 6
40 33 25 44 32 41 54 43 60 47 37 42 30 32 28 46 38 29 7 37
40 24 29 26 28 22 20 17 46 31 22 20 19 21 29 32 18 22 5 19
32 3 22 26 22 8 22 22 24 24 17 26 4 11 22 8 15 21 6 8
24 7 16 12 14 8 7 6 14 16 6 16 3 5 18 5 9 13 1 9
45 26 27 37 30 26 30 19 40 34 32 24 28 29 26 29 16 27 1 17
61 46 51 62 55 53 54 45 77 68 41 54 32 41 60 53 40 42 10 36
37 36 35 44 38 42 52 43 61 44 30 40 19 21 29 34 27 19 2 37
5 5 3 14 3 3 10 8 10 3 4 6 3 6 5 8 1 9 1 1
24 34 25 33 34 31 46 32 50 35 15 34 1 20 40 31 32 17 11 43
20 17 12 23 11 21 22 12 24 20 14 14 17 11 11 20 8 15 1 9
46 23 25 37 38 27 29 31 45 42 34 36 16 19 34 20 20 21 2 18
18 9 13 23 16 15 32 26 32 15 15 22 1 10 22 12 18 8 1 24
20 15 12 16 10 15 22 10 31 20 15 8 16 12 14 26 6 8 1 13
8 4 6 10 5 13 11 4 9 9 3 3 5 4 12 5 3 3 1 3
9 2 6 9 6 10 11 11 10 1 9 4 1 6 7 1 8 1 1 12
34 14 13 16 20 26 25 20 37 28 26 21 10 22 20 21 23 4 2 29
63 33 33 42 52 39 50 49 66 67 37 53 14 24 55 46 30 24 17 44
61 12 39 45 52 25 22 45 48 49 45 49 12 28 47 27 36 32 11 29
29 11 23 27 20 14 20 23 36 19 12 18 6 9 25 16 15 19 1 10
12 15 16 7 15 14 9 3 17 14 1 9 3 2 19 8 11 7 1 15
51 28 39 46 44 34 48 48 60 57 27 49 10 11 46 41 19 28 14 35
50 38 45 51 51 29 47 49 69 52 24 52 6 13 55 45 19 31 11 39
35 4 13 25 19 24 17 20 28 26 27 18 11 19 23 18 14 13 1 10
40 13 13 23 26 18 12 25 29 28 33 25 14 15 16 23 17 11 6 23
13 3 11 14 8 4 9 8 24 9 6 5 1 6 15 10 7 4 1 5
27 9 8 13 21 12 9 20 18 27 26 28 8 11 15 16 18 10 5 20
10 1 5 6 4 15 14 11 13 12 8 9 4 9 12 10 14 4 1 14
34 10 16 25 20 29 17 17 26 27 27 16 19 26 18 14 20 16 1 8
37 21 29 37 27 23 25 23 47 35 20 29 17 18 32 30 23 30 2 15
43 16 39 42 41 22 41 37 42 39 21 38 1 14 44 19 21 23 10 21
20 14 13 9 12 17 12 2 24 19 15 3 16 13 12 19 3 3 1 13
15 5 9 5 1 13 7 6 9 9 10 6 9 5 10 9 4 1 1 6
19 11 10 25 14 14 27 24 27 20 16 23 8 8 16 19 11 15 1 15
45 27 35 49 37 36 38 35 54 45 34 42 22 33 46 30 38 35 7 20
38 5 19 35 31 25 29 35 30 28 29 30 6 21 26 13 24 19 1 21
43 36 50 57 43 39 43 44 61 47 15 43 11 18 51 41 19 38 8 28
26 1 5 18 17 9 11 16 18 18 21 20 4 12 10 8 11 10 1 10
56 40 43 38 53 36 34 33 53 55 43 53 30 26 50 30 46 37 19 43
24 8 10 20 12 15 19 23 21 13 17 16 9 9 14 16 10 11 1 13
34 1 11 20 18 19 10 17 20 23 27 18 10 17 19 14 12 10 1 10
58 37 50 50 52 34 52 43 62 55 23 46 11 16 53 42 18 34 16 33
40 23 31 49 36 30 37 45 40 38 36 44 25 23 30 26 31 39 1 17
43 11 32 39 34 24 19 28 36 33 27 30 13 27 34 18 26 32 1 13
34 14 30 38 33 22 31 22 40 36 16 29 6 14 39 11 19 18 2 14
41 29 47 53 41 36 39 41 61 42 30 40 21 27 49 41 29 35 10 29
20 19 13 20 19 32 34 15 36 33 14 17 11 18 23 25 18 4 4 27
25 4 10 16 11 13 10 10 11 17 17 16 12 12 9 7 8 12 1 4
10 1 8 16 5 1 17 11 18 9 1 8 1 1 15 5 1 9 1 1
17 1 11 18 9 14 13 13 17 12 7 7 1 9 18 5 9 7 1 4
51 37 42 54 47 38 61 48 60 60 23 53 17 25 57 41 34 39 23 41
15 2 7 5 6 2 7 5 13 13 9 14 1 3 11 5 5 4 1 9
18 2 5 8 5 16 11 7 20 22 11 13 11 11 13 16 12 7 2 9
37 24 30 34 31 33 35 18 46 35 20 16 16 21 34 24 15 18 1 23
29 5 14 20 18 17 15 16 22 19 18 17 5 15 19 8 19 12 1 14
63 32 51 48 59 39 25 34 56 56 51 53 34 42 57 35 51 49 20 36
38 15 16 31 29 29 27 30 42 39 31 27 9 16 28 28 17 10 1 22
23 11 12 15 19 11 13 20 21 19 20 20 4 1 20 13 8 4 7 17
39 27 37 52 39 40 40 43 49 38 33 41 20 30 35 25 38 37 1 24
16 1 1 7 9 3 4 7 10 6 12 7 1 2 10 3 1 1 1 4
24 7 13 23 17 21 15 11 19 21 16 12 10 14 23 8 11 10 1 5
35 15 19 35 27 19 23 27 30 26 32 28 17 27 24 10 22 26 6 5
8 1 1 9 3 7 4 1 9 10 5 6 3 6 2 6 6 5 1 4
13 3 9 14 3 10 14 11 12 10 4 7 5 4 11 9 3 9 1 4
15 1 5 14 5 4 10 6 11 7 8 5 4 8 13 6 3 5 1 1
53 39 41 47 46 40 54 41 63 61 30 50 26 32 56 34 43 41 17 33
46 31 39 46 38 43 36 36 57 43 38 33 31 27 35 45 27 33 1 32
39 10 18 26 27 24 36 35 41 39 27 38 6 24 25 19 33 17 10 26
40 39 36 37 41 28 35 43 48 39 19 42 6 1 40 37 16 18 13 43
48 23 36 53 42 36 44 51 56 51 35 46 22 17 39 37 28 37 3 22
58 30 25 27 43 25 28 32 57 54 47 41 20 35 42 48 32 21 17 42
27 14 19 34 20 10 28 25 24 21 19 28 13 14 20 11 9 25 1 7
16 6 13 12 7 7 16 10 21 16 9 17 4 6 15 12 8 8 4 12
13 12 11 27 13 23 26 27 27 12 14 15 10 17 13 16 19 14 1 13
51 30 49 60 46 34 45 49 62 53 35 51 30 31 45 31 41 52 7 15
19 1 5 14 13 8 3 6 12 13 18 12 1 12 12 3 9 6 1 6
11 3 2 12 3 9 8 6 8 8 7 5 5 6 4 10 3 8 1 2
53 15 42 51 52 52 42 54 57 51 38 46 12 28 50 31 32 26 6 37
40 12 29 34 32 35 19 22 39 34 27 23 13 26 35 25 30 24 1 23
42 4 32 46 33 22 28 32 41 35 27 31 9 24 38 22 24 33 4 9
21 1 10 19 17 13 17 23 16 10 16 15 1 10 14 1 14 6 1 11
24 20 26 36 20 13 30 26 35 23 12 28 17 12 20 19 14 29 1 11
9 1 1 5 4 1 1 1 5 1 8 3 1 5 7 1 1 1 1 1
16 8 14 23 13 18 22 14 18 16 7 11 5 7 16 5 9 12 1 8
28 13 13 24 23 32 26 23 26 29 30 29 18 28 21 13 33 17 5 19
11 1 5 5 1 10 7 4 10 7 4 1 5 1 5 7 1 1 1 1
13 1 2 5 6 1 2 6 8 2 9 6 1 2 9 1 1 1 1 1
14 6 12 17 6 18 21 16 17 13 5 8 7 6 14 11 8 10 1 11
2 4 6 6 3 6 6 1 7 3 2 1 1 1 9 1 1 1 1 2
32 20 31 42 30 21 42 41 39 28 22 41 12 19 24 18 31 34 5 21
68 21 51 51 60 29 33 47 56 55 46 58 19 34 56 32 48 50 12 34
12 9 9 19 6 9 20 13 24 8 10 12 5 7 17 15 9 9 1 10
24 3 16 19 14 3 13 13 20 15 10 15 3 9 17 3 8 13 2 3
39 15 30 32 34 32 18 26 38 36 27 30 15 30 33 21 38 29 1 22
11 1 2 9 3 9 5 3 12 8 7 1 7 7 5 10 1 3 1 1
31 17 16 13 18 24 18 13 27 24 20 17 14 15 18 22 18 13 4 24
45 28 35 50 37 40 60 39 61 50 36 40 25 28 37 39 27 30 1 32
44 15 27 19 28 22 25 20 35 32 23 22 12 16 28 18 17 17 1 23
44 30 35 47 44 29 37 38 46 39 30 42 14 21 40 19 22 28 1 22
12 1 1 6 4 10 1 2 6 11 8 7 5 7 4 5 7 5 1 3
12 6 7 9 6 10 10 7 12 10 10 10 4 6 8 8 7 5 1 12
49 24 35 48 46 33 47 50 46 40 40 49 17 31 36 13 38 35 9 28
60 37 33 33 47 22 14 33 43 52 49 47 33 28 33 39 34 20 18 37
29 13 7 14 16 16 25 22 25 31 21 27 12 17 22 25 26 15 14 27
44 14 27 34 29 34 37 30 30 38 31 29 23 28 28 15 27 26 5 14
53 20 28 40 40 36 36 20 44 50 41 31 28 32 37 26 19 24 1 18
54 29 34 50 43 50 49 29 49 50 43 33 35 39 42 23 28 31 4 20
18 1 8 13 10 10 6 11 14 9 15 9 1 11 10 2 11 5 1 8
34 32 36 47 36 27 36 33 46 35 17 38 10 12 35 26 15 28 2 22
6 1 1 1 1 6 1 1 6 5 3 1 5 2 1 5 1 1 1 1
26 14 17 26 25 25 27 25 27 24 22 24 8 15 19 14 19 14 1 24
18 1 7 21 10 7 13 5 12 12 10 8 4 9 14 3 4 8 1 1
52 44 48 45 47 24 44 42 71 55 30 58 29 13 54 53 47 47 19 47
51 26 49 56 48 38 55 50 70 53 28 42 11 27 53 42 32 36 10 23
49 16 31 41 40 13 36 35 53 44 27 46 5 23 46 28 34 35 9 23
47 41 37 38 38 35 47 32 66 54 33 43 32 18 37 56 25 30 2 43
37 25 21 31 29 45 42 32 40 44 36 35 28 38 26 21 39 19 10 27
18 6 3 17 19 16 19 25 22 11 24 17 1 12 11 9 15 1 1 22
10 7 8 22 8 13 18 10 22 10 5 4 6 4 16 11 1 4 1 1
61 40 43 50 51 40 57 46 69 67 32 58 25 22 50 48 30 36 9 40
33 8 11 25 16 13 35 30 38 31 15 30 6 13 25 24 23 22 7 17
32 20 42 49 34 9 46 38 52 38 17 40 10 16 37 29 26 41 12 9
20 10 22 26 22 26 19 20 26 21 13 14 4 13 31 11 13 9 1 10
28 4 16 31 20 25 23 22 25 23 18 17 11 20 24 12 20 19 1 10
24 4 15 16 15 6 13 11 17 16 9 16 2 4 18 1 3 9 1 6
12 4 3 13 4 7 10 8 15 6 8 3 7 5 7 12 2 6 1 1
44 11 28 45 37 16 43 44 48 42 29 41 7 17 36 29 22 31 11 13
42 6 23 38 29 22 25 26 37 36 27 25 15 26 31 22 21 28 4 6
16 3 12 17 11 14 13 7 22 16 7 4 4 5 20 6 1 2 1 1
16 19 18 25 10 24 27 25 27 20 14 20 23 1 12 28 15 21 1 13
12 3 11 11 7 4 9 7 15 6 5 5 1 4 14 2 1 4 1 3
43 20 34 48 40 31 43 39 49 38 29 37 13 28 38 23 37 33 8 24
6 6 7 12 7 16 16 4 19 19 3 7 5 1 17 13 3 1 1 6
44 23 33 52 37 42 40 34 51 45 30 31 21 28 37 32 18 27 1 16
6 5 4 19 5 2 17 8 21 4 4 4 1 3 14 9 1 5 1 1
9 2 9 11 5 2 8 6 12 1 3 2 1 2 10 1 1 3 1 3
65 46 39 37 52 36 30 36 54 58 52 48 40 28 37 50 40 35 17 50
32 11 20 34 18 22 22 24 40 30 25 23 12 18 24 27 12 20 1 8
52 27 30 48 40 36 44 28 51 49 40 34 30 31 36 33 17 30 1 20
56 23 39 44 43 51 31 28 46 47 47 31 34 46 42 34 36 33 2 32
57 28 41 48 50 32 42 46 50 44 37 50 21 32 42 21 46 43 11 29
52 23 27 43 47 42 37 48 49 52 51 51 12 38 40 28 48 19 14 43
13 3 3 7 3 11 6 3 8 13 9 5 10 9 8 10 3 5 1 1
9 4 12 12 7 1 10 8 15 3 1 5 1 2 12 2 1 5 1 4
12 1 7 8 5 1 7 7 9 8 2 9 1 2 10 1 1 8 1 1
39 13 20 27 28 20 22 23 31 32 24 28 12 12 23 16 12 19 1 16
9 2 7 5 1 14 10 9 6 7 2 3 5 2 8 5 6 2 1 8
