1000 20 10 2672
6 7 1 2 3 1 2 5 3 6
6 4 5 4 5 8 11 2 8 3
2 8 14 10 11 3 10 3 1 10
1 3 2 0 9 1 0 6 3 1
1 1 5 6 5 1 7 6 11 3
11 10 16 17 4 7 6 11 7 4
2 6 3 2 0 5 9 17 4 0
14 6 1 1 8 26 2 3 17 5
0 5 17 2 0 2 9 2 9 12
1 17 0 5 2 1 3 10 11 9
4 7 18 6 11 12 10 20 0 14
11 0 11 2 11 10 13 7 7 8
1 5 8 9 8 1 8 1 7 4
1 5 5 0 2 6 8 1 3 6
1 5 0 7 12 0 21 6 1 13
1 9 11 1 15 10 3 4 9 1
7 9 3 7 4 1 2 7 4 16
26 4 18 14 7 7 4 3 4 10
2 5 4 0 10 14 2 4 5 1
0 1 2 0 11 19 3 5 4 10
8 2 3 6 5 12 3 3 22 10
16 11 7 18 11 14 0 3 2 15
1 14 2 24 1 0 10 6 22 2
17 9 2 8 9 2 9 5 1 6
3 3 2 3 0 2 8 5 7 8
9 7 2 9 19 12 1 1 3 4
5 1 2 3 6 3 2 1 3 8
5 0 9 3 1 19 10 5 17 5
3 3 11 3 13 9 11 2 9 18
3 8 8 19 4 2 11 1 4 5
2 10 4 9 9 9 9 4 4 10
11 1 1 1 2 2 1 3 5 3
4 3 7 3 2 4 6 11 8 1
14 2 5 7 15 3 5 10 11 1
3 19 7 12 6 12 14 3 11 7
9 17 4 23 4 13 7 10 13 12
3 1 11 15 4 0 20 7 17 1
4 11 29 9 1 7 6 7 17 7
9 2 5 1 3 7 1 1 9 8
3 4 7 7 1 4 1 19 3 8
10 14 8 4 27 11 7 0 9 6
1 5 2 1 7 7 3 3 1 6
10 16 3 1 8 14 11 12 20 5
10 15 2 4 7 7 1 3 5 6
13 9 2 14 7 2 1 12 13 7
6 4 3 4 0 5 4 9 1 0
14 12 6 19 9 1 17 3 12 3
0 4 3 16 8 3 3 0 1 2
7 3 1 2 1 4 4 2 3 1
3 3 2 2 3 2 5 2 4 5
7 13 2 8 5 6 13 5 13 10
4 1 2 3 5 5 0 5 3 0
0 3 4 2 3 7 3 3 4 3
4 2 6 2 3 4 6 3 2 5
0 3 6 8 7 24 2 5 1 10
1 3 0 17 10 11 11 6 7 6
8 21 2 0 4 7 1 15 7 0
5 9 3 9 6 9 1 1 0 1
13 8 3 1 5 7 7 12 12 7
1 7 5 6 3 3 12 0 5 4
3 0 5 4 11 2 14 4 1 21
1 0 2 3 3 6 4 1 8 2
7 2 10 2 16 8 12 16 16 8
3 17 19 3 3 13 13 0 6 9
13 13 3 24 1 11 4 7 8 8
1 7 3 3 5 2 5 1 9 0
10 14 8 4 8 7 8 8 1 2
10 6 15 3 3 10 18 20 8 16
1 3 10 5 3 0 1 1 0 2
5 10 4 6 1 1 7 3 10 10
16 21 11 1 6 8 4 11 6 0
6 6 8 2 5 0 5 3 11 1
1 16 19 13 8 5 7 14 13 1
5 4 4 5 1 4 1 8 3 1
4 5 7 2 3 1 5 4 3 3
11 8 7 6 14 1 7 14 24 4
8 23 5 18 6 1 11 0 3 4
0 6 2 11 14 7 7 0 3 1
0 7 7 1 6 0 1 4 1 1
14 15 11 17 6 10 5 7 15 8
8 8 5 15 10 11 11 11 11 13
14 10 8 6 4 4 10 13 3 6
16 15 16 6 9 3 0 12 0 15
3 4 1 5 1 2 2 9 7 4
19 4 2 25 11 4 7 6 3 5
8 14 6 9 9 1 7 5 1 8
3 3 13 4 3 15 7 1 3 8
5 5 7 8 4 1 2 6 0 10
1 7 2 0 3 5 6 2 3 1
2 2 1 0 3 11 4 3 2 11
14 7 12 5 10 12 3 11 9 12
1 2 0 4 1 2 4 3 9 3
4 5 0 11 0 3 5 7 2 4
3 16 5 14 10 3 5 8 8 5
22 14 7 16 12 7 9 4 4 5
13 24 1 8 7 6 14 2 6 3
14 14 13 2 5 7 9 3 15 4
9 8 5 5 4 16 7 2 7 2
9 14 0 2 0 4 11 9 6 8
6 1 2 2 3 3 1 8 3 4
5 10 4 12 2 11 0 15 1 2
3 3 2 8 2 3 1 2 3 6
0 4 8 2 2 5 2 11 2 1
2 4 1 5 5 1 4 1 2 6
12 6 4 3 3 11 3 23 14 12
4 1 1 4 2 3 0 8 2 2
3 7 1 3 2 0 4 3 3 0
11 6 2 2 2 3 16 5 5 7
20 13 11 13 1 3 2 6 7 11
2 2 3 0 4 9 3 5 6 2
13 1 5 13 5 3 8 1 4 6
1 4 3 9 10 1 9 10 8 1
3 2 15 1 10 0 3 12 23 2
4 1 1 2 5 1 0 6 2 8
8 8 2 5 0 5 15 2 9 3
4 2 7 14 4 4 12 4 8 16
14 2 6 3 14 12 6 11 2 11
0 11 4 7 20 0 7 18 16 1
1 3 10 0 16 14 22 6 6 5
4 14 6 13 11 1 11 12 0 8
1 5 8 11 13 18 0 16 13 6
2 8 6 10 3 13 7 8 24 19
5 6 14 9 1 11 10 2 4 21
2 4 9 7 0 5 5 14 0 3
8 1 3 3 8 2 1 0 1 2
1 1 4 4 2 3 0 9 4 1
17 7 0 7 2 9 6 8 17 13
5 8 6 5 5 3 6 6 4 6
1 10 0 8 2 1 1 5 8 2
6 0 1 3 2 5 4 3 0 0
1 3 1 1 8 10 3 0 9 3
9 17 14 5 10 4 21 9 4 5
2 17 22 6 7 0 19 12 2 1
7 10 9 1 7 9 6 6 13 1
2 6 1 9 1 9 10 1 2 4
6 6 1 9 14 0 0 18 11 13
15 2 10 6 9 12 11 6 7 17
6 1 4 6 0 4 3 3 0 7
5 7 2 4 1 17 31 5 8 8
2 3 1 9 4 1 7 6 6 4
1 5 6 2 4 2 1 3 0 1
1 6 1 5 5 1 4 7 5 0
5 5 11 13 16 4 8 3 14 3
9 8 2 2 12 4 9 4 10 2
12 5 4 9 2 12 2 10 7 10
12 4 10 9 14 6 4 16 16 5
1 3 14 1 5 1 5 8 3 4
3 4 4 10 12 0 9 3 3 1
3 2 7 12 8 9 10 7 0 12
0 1 2 9 9 2 0 15 3 3
2 4 4 0 4 5 3 5 4 8
0 14 6 11 11 3 10 9 6 3
0 3 9 4 2 2 3 5 1 4
0 7 0 18 14 9 11 6 11 9
7 10 10 19 10 5 3 9 9 13
15 3 2 8 10 2 1 8 10 20
5 1 3 3 1 6 1 5 6 1
3 1 2 2 7 14 4 4 3 10
2 4 15 8 2 18 0 8 3 1
2 0 1 8 2 0 5 3 4 6
1 10 4 3 1 25 10 4 9 11
4 3 4 2 4 3 1 11 3 9
2 3 8 5 8 8 1 1 3 1
12 17 6 10 6 14 18 13 1 5
16 1 12 3 17 4 5 21 12 11
2 0 2 3 9 1 3 14 2 10
5 2 1 3 1 7 1 4 3 3
6 1 4 10 1 9 5 1 2 9
15 2 2 9 5 20 3 3 12 5
7 3 6 6 5 11 8 6 2 5
23 14 9 14 5 0 3 4 2 0
10 12 6 5 20 9 6 14 11 3
7 4 4 10 6 8 1 2 7 7
5 3 3 3 8 19 10 4 6 12
0 8 10 0 3 6 3 5 3 7
12 1 0 1 7 8 12 5 3 1
2 0 10 4 10 5 22 18 3 7
5 15 3 3 13 3 0 2 3 1
5 2 1 2 3 5 3 3 2 7
12 23 15 7 5 2 8 13 10 2
3 1 5 13 4 5 0 7 3 10
3 1 13 6 5 6 3 11 3 5
0 16 8 6 5 7 0 22 6 11
6 10 7 12 11 5 6 1 8 9
7 1 7 1 2 1 4 8 3 2
9 5 1 14 0 5 2 12 5 1
6 12 12 12 14 11 4 1 7 1
7 2 1 1 3 6 1 4 9 1
7 1 1 3 2 3 2 3 2 7
4 6 0 2 0 4 3 1 7 11
4 4 8 1 5 8 4 10 4 4
14 0 10 17 13 3 1 16 1 10
15 10 7 13 10 8 7 3 8 25
7 5 16 8 5 5 5 3 8 4
4 5 1 0 5 1 1 5 2 1
6 3 1 2 5 5 5 2 3 2
5 5 6 5 3 3 7 13 8 7
5 8 8 19 1 9 2 13 2 2
0 0 10 3 8 3 4 2 12 7
6 5 11 14 21 3 2 19 3 2
1 2 9 7 1 12 2 4 13 8
15 1 2 0 27 3 8 18 3 7
2 15 4 14 11 10 3 11 12 15
14 1 8 7 1 7 0 10 4 13
3 4 6 2 3 4 14 1 4 5
4 1 7 1 5 5 15 11 9 11
5 1 0 0 3 7 5 0 1 1
5 6 1 3 3 1 1 5 6 0
12 7 1 9 9 12 3 1 3 21
3 2 2 2 5 4 1 3 6 5
9 10 7 23 15 5 3 3 4 4
14 16 6 0 10 12 12 16 4 7
10 10 14 10 19 1 2 18 4 10
8 12 4 3 5 10 0 9 9 9
3 1 4 1 1 5 8 5 5 3
3 4 11 1 11 7 18 12 5 3
5 3 9 9 8 18 13 10 1 5
12 7 6 8 13 7 11 7 0 4
1 1 9 3 1 9 1 3 4 2
16 9 13 4 7 6 2 6 11 4
5 3 14 6 1 1 5 4 9 14
4 0 12 5 3 7 4 5 1 4
7 8 2 5 10 2 2 10 9 8
3 2 1 4 10 5 1 8 4 2
4 3 1 27 7 9 9 8 19 12
2 10 6 7 5 0 7 0 0 5
15 8 12 5 15 0 10 6 6 8
2 14 18 22 2 7 9 8 3 2
1 7 15 6 4 3 2 13 5 6
6 0 3 2 6 5 2 6 3 0
9 4 6 2 1 1 6 1 6 1
8 24 8 13 17 1 2 4 2 10
8 0 2 4 2 3 3 0 2 2
3 6 19 9 12 5 12 5 6 10
3 7 8 4 2 8 10 11 0 11
1 1 5 9 4 2 9 2 7 8
0 11 11 6 2 0 11 17 6 15
7 2 4 1 7 5 1 1 2 7
2 1 1 9 2 2 9 1 0 1
6 15 0 25 2 4 0 24 1 1
1 14 11 1 2 6 8 4 16 5
9 2 0 10 0 6 10 4 9 1
15 7 4 2 2 4 11 1 7 11
1 1 5 3 9 0 4 2 2 0
1 12 4 7 5 0 7 8 10 6
1 2 6 3 1 6 5 1 3 0
11 4 10 1 3 10 3 1 2 0
3 1 3 2 6 8 11 0 5 3
15 1 6 3 18 5 10 0 0 16
0 2 17 4 12 0 6 3 0 16
6 2 4 5 2 2 6 0 0 3
10 6 11 8 11 2 3 16 5 1
2 21 2 12 21 15 2 8 5 7
3 17 8 12 22 5 7 2 6 8
11 1 4 16 9 10 4 8 13 4
3 1 21 3 2 6 11 4 4 4
5 8 11 5 1 2 0 3 1 9
16 9 20 13 2 16 9 3 2 5
9 9 4 10 8 0 12 8 2 4
5 0 0 4 1 2 0 7 0 5
4 0 13 1 1 16 9 7 4 2
5 1 2 1 8 9 1 3 3 7
5 5 0 5 8 6 4 4 6 1
14 10 3 11 4 7 2 5 1 7
4 5 3 15 11 8 11 18 4 6
0 6 11 8 17 15 6 2 10 14
3 2 5 10 2 6 2 3 1 3
12 11 2 2 10 7 6 9 24 6
1 2 9 8 16 12 3 5 4 16
8 2 11 1 2 1 8 5 0 2
8 20 6 1 13 5 4 9 1 11
2 4 1 1 8 1 1 6 1 1
2 5 9 15 3 11 2 1 16 3
9 22 16 9 1 21 0 12 1 5
2 3 1 2 2 1 2 8 3 1
7 8 16 10 10 5 0 3 11 4
7 11 6 16 12 14 11 9 3 5
15 17 17 0 8 7 8 1 11 11
3 10 3 5 17 13 12 12 9 0
10 3 10 0 12 20 7 5 2 17
14 11 8 8 18 14 2 13 12 4
14 14 1 4 14 4 2 11 4 15
1 3 0 4 5 9 3 1 14 10
2 5 7 4 5 2 1 8 0 2
23 3 15 5 1 4 3 1 4 3
3 3 7 4 11 6 4 1 2 5
15 5 16 4 1 7 8 10 12 3
5 15 4 6 3 4 2 6 1 1
4 2 10 11 18 3 3 8 5 6
3 12 22 10 3 10 1 7 15 12
30 8 12 8 5 7 2 13 4 13
0 0 9 7 1 5 17 9 5 6
6 4 5 2 8 6 1 6 4 3
12 3 8 6 4 4 13 23 3 7
3 8 2 0 14 1 4 4 11 6
4 2 0 4 0 5 8 3 1 2
2 15 13 0 9 15 15 6 3 17
6 10 24 11 13 6 7 15 13 6
2 28 0 18 12 6 5 9 3 0
18 15 22 2 15 4 0 8 7 7
4 11 9 14 18 13 11 11 0 6
4 6 7 5 4 1 13 14 14 8
1 0 1 1 1 3 5 10 7 1
10 4 16 13 3 1 9 8 12 14
4 2 4 2 0 6 3 1 5 9
8 7 22 2 3 3 6 12 8 12
3 1 6 14 3 5 3 2 0 3
7 1 3 6 1 8 1 9 0 0
16 6 4 5 9 1 1 1 5 6
15 2 15 18 12 4 8 4 1 10
2 3 0 2 5 4 2 4 3 8
1 3 1 8 1 10 8 7 6 2
0 13 11 12 17 4 2 17 8 8
13 1 14 23 7 14 1 0 6 13
7 8 12 0 18 6 10 5 18 22
14 25 1 6 2 10 8 9 6 4
3 3 5 5 4 5 1 2 7 5
1 14 3 1 4 11 6 3 10 11
5 0 3 5 6 1 2 1 5 6
14 6 5 6 10 18 14 8 3 7
1 6 1 6 2 4 1 1 3 4
4 6 10 5 4 11 4 4 9 4
16 8 7 2 0 0 10 0 1 13
12 10 8 10 13 3 8 4 4 1
12 2 9 14 2 3 14 6 12 8
4 12 13 2 3 17 5 1 1 10
0 11 10 3 12 2 5 2 11 1
3 8 1 5 0 2 1 2 1 2
7 1 14 2 5 8 13 6 1 4
6 0 0 2 5 2 0 4 1 6
9 1 6 1 14 2 3 17 8 5
3 1 2 2 7 7 6 3 4 20
2 8 6 23 4 4 4 5 7 7
8 3 3 3 2 6 1 7 0 1
7 0 4 1 5 5 9 1 0 5
1 7 3 2 5 3 2 2 6 3
4 7 7 1 1 3 5 5 3 5
10 10 2 2 6 5 7 4 5 6
11 2 8 2 4 1 1 5 4 3
3 5 1 11 2 1 5 1 9 3
1 10 2 24 13 9 7 8 13 12
2 5 12 5 7 1 0 3 8 2
4 5 6 3 14 3 1 1 6 8
22 12 10 2 3 1 6 1 2 5
3 2 5 6 3 1 11 9 8 5
9 13 11 5 11 25 12 1 4 12
1 0 6 8 1 6 8 4 7 2
10 2 11 1 7 9 7 2 7 1
2 2 2 5 3 3 8 4 0 4
2 16 6 7 3 2 9 23 3 10
3 2 3 4 2 4 9 11 1 2
4 6 9 7 7 5 5 0 0 8
0 3 3 3 6 5 4 5 4 4
14 3 2 1 7 8 0 0 5 4
8 1 4 3 4 3 1 11 4 3
1 11 8 4 2 5 1 2 1 9
6 4 2 0 4 1 4 2 6 2
3 3 11 5 0 5 2 3 1 3
21 7 10 4 9 2 3 14 2 1
2 23 5 5 13 2 8 14 10 5
10 9 5 0 1 9 12 4 16 20
1 2 1 6 3 3 2 13 4 7
15 1 20 8 8 8 5 6 1 4
1 2 1 3 0 4 10 1 0 6
8 6 6 12 0 10 17 12 6 8
18 4 6 19 12 6 11 4 17 3
0 1 2 4 5 2 4 7 4 4
2 1 8 1 2 3 9 5 6 6
2 2 4 2 1 1 2 2 8 12
6 17 7 0 7 15 14 5 14 5
9 7 18 1 10 21 15 1 2 7
2 6 6 14 8 11 12 16 6 5
3 2 26 9 23 1 7 4 1 8
2 10 3 5 2 1 2 3 3 1
1 2 4 2 3 6 6 8 9 2
13 12 6 7 0 1 2 25 0 20
2 1 4 1 1 5 3 6 10 3
6 1 7 10 3 6 18 7 0 5
16 12 15 7 4 7 1 6 12 9
11 20 1 8 0 5 11 10 13 24
2 10 6 9 1 2 1 8 3 7
11 11 3 4 14 4 18 2 5 8
15 17 5 8 10 17 9 5 7 1
15 10 14 8 10 4 8 7 2 5
5 2 6 7 2 4 2 11 6 3
5 2 8 5 6 10 12 6 4 8
1 0 7 0 3 2 5 1 2 3
3 10 6 4 10 1 3 4 16 2
0 3 10 13 4 9 3 0 2 2
4 13 24 3 2 15 1 10 6 1
12 6 4 8 2 22 25 0 3 4
16 10 5 15 16 15 2 14 8 1
1 0 10 4 7 5 5 6 5 0
25 11 10 0 2 19 4 12 12 4
14 4 2 3 6 12 8 12 5 1
1 4 3 0 3 7 9 11 1 2
4 6 18 4 2 18 6 17 10 0
6 3 14 9 4 4 11 9 3 0
13 10 11 6 9 12 6 4 7 3
4 6 2 7 11 4 5 1 23 20
15 4 11 1 13 8 17 14 1 11
4 7 9 7 8 2 2 6 4 5
7 7 12 18 5 1 8 6 0 8
1 14 8 4 2 9 4 1 6 11
10 4 3 2 5 2 15 0 1 7
22 6 19 5 12 3 4 5 18 3
9 3 12 21 8 5 3 5 5 16
1 3 4 6 4 11 9 1 7 4
3 3 2 10 1 2 5 10 7 10
6 2 2 1 6 6 10 12 0 2
1 2 3 6 1 6 5 11 2 4
16 7 0 8 9 2 8 1 6 13
11 0 6 7 1 6 2 17 12 2
11 5 14 6 4 14 18 8 9 18
1 2 8 3 4 0 2 1 3 5
1 4 8 6 10 4 3 14 15 12
8 1 2 7 5 4 3 1 4 3
13 23 8 7 10 8 19 9 3 8
12 4 1 0 3 9 10 2 0 7
1 6 2 5 1 2 3 14 0 0
7 1 4 9 5 2 7 2 3 1
5 29 2 10 1 10 2 12 6 17
6 4 15 5 7 14 7 8 3 1
7 2 9 17 6 2 10 17 5 14
3 2 13 13 4 7 5 1 3 11
2 4 3 3 5 8 6 1 0 2
3 5 8 5 6 3 1 4 2 8
4 10 3 8 0 9 11 3 2 11
21 2 8 6 11 3 21 13 0 9
2 6 7 0 3 5 4 6 3 5
1 3 16 7 5 18 2 7 23 10
6 2 4 3 2 13 6 16 3 9
1 5 1 0 5 1 3 7 1 0
2 12 4 16 5 2 12 8 5 2
3 9 3 13 0 11 2 18 9 12
1 5 5 7 7 7 1 1 5 6
2 10 0 8 12 16 14 23 14 4
2 13 5 2 9 7 25 1 0 10
0 6 13 5 3 5 10 3 3 11
1 17 4 13 3 5 11 8 11 3
7 2 9 8 4 0 5 5 6 2
2 19 26 5 5 6 1 7 16 3
5 0 0 6 0 1 11 3 2 2
5 1 6 5 5 1 0 5 1 0
0 8 11 6 6 9 21 2 4 6
27 1 3 10 5 10 19 1 3 4
1 2 4 1 4 4 9 6 13 5
5 2 3 0 1 3 4 1 6 2
13 7 1 4 3 2 7 1 3 5
10 2 4 0 22 7 4 10 19 11
12 13 2 3 5 0 5 5 2 1
1 7 10 3 13 1 13 9 11 2
10 10 11 6 6 3 1 0 0 7
1 2 3 5 3 5 2 1 6 4
5 1 2 0 0 6 9 3 2 2
2 6 1 8 14 1 17 14 6 1
16 12 4 6 14 2 9 4 2 6
7 1 2 3 1 4 9 5 3 6
2 1 7 3 1 6 1 3 4 3
5 6 4 3 4 4 1 14 1 11
3 9 0 12 5 1 9 7 3 0
10 5 4 17 14 1 7 25 3 4
4 0 7 0 6 1 1 16 5 4
2 9 17 15 12 0 19 2 14 4
21 1 19 2 10 6 3 12 4 9
10 14 4 2 14 2 4 15 14 1
7 5 2 0 12 7 1 3 9 1
1 4 7 4 4 0 2 3 10 6
3 2 1 1 5 0 8 8 3 3
15 3 9 10 8 4 18 14 1 10
3 1 10 19 20 11 9 5 6 13
0 0 8 3 7 5 1 9 4 1
14 10 12 6 9 0 14 3 2 12
7 3 3 2 2 5 6 13 9 4
14 11 8 10 3 5 2 1 2 9
6 1 1 2 2 3 7 2 2 9
2 8 2 4 1 1 9 3 1 7
16 11 6 6 11 19 9 15 3 4
12 4 5 1 11 2 12 7 14 3
5 15 3 5 0 3 7 1 10 2
3 1 7 2 0 2 14 3 8 16
3 4 1 8 3 1 4 13 3 4
21 6 0 5 6 14 6 8 15 13
6 12 2 3 1 5 13 3 13 8
2 2 4 2 4 6 4 5 2 2
13 2 14 4 3 6 5 7 7 1
3 11 4 0 4 14 9 3 15 6
6 1 5 4 0 2 6 9 0 2
2 10 4 6 2 4 1 6 1 3
2 3 1 4 3 6 7 9 6 10
10 16 8 8 3 6 10 7 3 1
1 16 1 5 16 12 2 1 0 11
2 4 3 7 1 7 0 0 3 7
6 0 2 14 1 9 6 8 1 1
9 1 6 4 1 18 1 6 12 2
2 7 8 17 5 17 6 20 5 14
1 4 2 4 6 3 8 1 2 1
1 6 3 2 6 1 5 7 2 2
7 10 9 13 5 3 9 5 0 2
5 6 3 6 6 3 6 2 3 2
15 6 8 6 9 12 5 14 5 1
0 7 10 8 3 1 1 17 1 7
12 14 1 7 16 12 9 2 9 6
4 2 1 3 3 3 8 3 8 7
12 5 5 5 5 0 15 14 11 8
8 11 22 12 15 9 1 4 6 18
10 1 1 4 2 1 2 8 3 4
7 1 2 0 6 0 9 3 12 3
9 20 2 9 21 8 6 6 3 2
4 0 16 2 6 2 0 12 9 1
1 4 1 17 9 8 5 0 30 15
0 9 8 4 16 11 6 13 10 12
11 10 3 7 8 2 14 12 10 19
7 4 1 2 4 2 3 1 2 4
6 2 6 7 9 7 2 9 4 1
2 2 5 7 6 5 8 6 1 0
21 6 9 16 6 7 9 7 17 10
2 11 4 17 0 7 14 14 10 0
5 2 2 0 3 3 5 2 3 6
0 11 3 0 6 3 6 4 1 4
8 1 7 3 8 1 2 5 11 3
4 15 14 10 5 7 10 4 4 18
4 10 5 1 1 1 6 12 4 8
6 7 4 16 1 12 1 7 11 11
2 2 8 13 13 14 6 1 2 6
6 2 1 13 4 3 2 16 2 12
5 9 3 2 4 5 1 7 1 2
2 4 8 5 7 4 12 13 3 5
15 1 9 2 3 13 3 4 10 12
10 20 15 18 12 12 7 1 3 14
5 9 9 13 10 11 7 3 3 3
3 0 10 4 2 2 5 3 5 13
2 6 9 23 10 7 1 8 1 18
4 3 3 6 0 6 9 11 12 1
11 17 7 5 0 5 3 3 16 7
18 6 4 4 13 2 9 7 9 3
13 1 3 0 8 9 2 17 5 18
0 6 4 0 2 9 1 1 0 6
8 8 6 2 3 13 5 7 10 6
8 4 4 3 2 4 3 9 2 4
20 8 9 9 4 7 15 4 6 1
15 2 13 9 7 12 3 10 18 11
8 12 1 1 4 1 6 9 4 7
23 2 13 10 4 4 3 17 10 13
14 31 13 6 1 1 9 6 6 9
4 0 9 5 14 0 5 7 19 5
17 13 16 6 9 10 3 1 12 5
1 4 6 1 6 2 0 3 1 3
14 14 12 13 7 10 3 1 9 10
8 4 2 4 6 0 3 2 0 5
9 19 7 8 24 9 1 3 6 10
5 7 5 8 6 2 5 0 1 1
6 14 6 7 2 21 15 3 8 10
2 1 4 3 6 4 5 2 7 2
3 21 7 2 5 22 5 4 4 1
3 7 4 2 4 2 4 5 1 1
3 8 9 28 3 11 6 13 15 9
2 1 3 24 0 12 2 14 4 9
2 10 1 14 3 4 3 3 6 11
15 8 4 5 3 11 8 28 10 14
4 8 1 0 1 7 0 4 0 2
2 5 1 1 1 6 4 3 5 1
5 3 6 0 4 7 7 5 5 1
0 1 20 10 6 7 4 4 18 5
11 14 1 11 2 7 18 21 6 0
7 0 14 3 16 7 14 3 11 1
15 21 8 3 15 8 3 4 8 13
1 8 0 9 1 9 9 7 6 3
13 2 2 13 0 12 18 2 6 14
5 4 2 3 2 2 9 1 0 3
17 8 4 11 15 7 0 4 14 1
4 3 10 12 12 17 7 1 14 6
8 10 9 0 12 2 1 6 2 4
3 1 6 0 10 2 8 3 1 3
14 12 4 6 3 4 9 2 10 4
0 2 7 6 5 7 13 7 8 4
11 0 11 19 10 0 4 9 2 0
9 6 10 9 18 10 1 19 14 1
9 2 4 2 4 8 3 12 11 8
14 3 4 3 1 5 4 8 4 2
12 3 2 3 1 8 4 6 2 2
5 11 1 2 1 7 5 3 7 2
5 4 3 2 5 5 14 6 2 7
5 12 1 9 5 5 0 8 1 4
13 7 4 6 9 0 0 11 4 8
21 5 3 10 14 12 2 15 12 7
3 13 5 3 6 1 1 1 4 7
14 10 11 16 3 9 12 18 9 1
2 7 8 5 13 6 9 0 4 13
8 13 3 3 6 12 4 5 0 3
0 4 6 5 4 0 4 1 2 5
12 4 16 8 15 4 24 6 12 7
8 6 1 5 5 11 6 7 5 1
4 8 4 3 2 4 6 5 2 0
7 2 3 7 10 3 7 5 6 6
2 11 4 9 11 10 15 10 3 9
6 2 7 7 3 19 11 9 3 1
0 8 12 3 1 7 13 0 5 1
1 16 3 0 15 0 11 4 22 6
11 3 2 10 4 7 2 15 10 8
15 9 4 2 9 20 9 14 7 21
1 8 9 0 27 13 1 11 11 3
5 15 5 2 9 6 1 3 5 7
10 9 8 7 4 5 5 3 1 2
4 7 1 8 14 9 1 4 5 5
0 7 8 3 6 2 12 3 0 4
1 4 4 7 10 5 0 7 11 7
6 6 0 2 8 10 1 2 6 12
8 17 6 4 5 6 6 4 1 17
2 9 5 6 13 8 4 9 8 8
18 8 12 1 8 2 1 8 3 0
8 0 3 6 4 9 0 10 10 0
2 4 11 14 4 28 7 1 14 8
8 2 9 1 2 9 1 5 8 12
13 5 2 1 1 4 2 8 1 4
2 4 1 1 1 3 5 1 12 6
1 7 15 10 2 13 7 8 5 3
5 2 3 4 2 0 0 14 6 1
9 4 0 3 10 9 4 9 10 14
3 2 10 3 21 6 9 9 16 2
6 5 1 3 4 13 3 7 15 5
18 19 5 6 5 4 19 7 9 0
6 5 7 17 2 5 2 12 4 8
7 2 5 5 10 1 13 18 17 4
0 3 3 4 7 9 2 3 4 11
2 4 22 19 4 10 18 6 4 3
9 5 1 5 2 4 4 1 9 7
12 5 15 1 0 4 12 3 2 0
3 2 11 4 5 9 2 5 8 1
17 14 1 10 1 19 3 16 6 14
5 6 12 2 13 17 5 7 14 3
8 5 6 3 1 2 12 2 8 7
7 3 0 3 2 4 6 3 1 2
0 9 2 2 3 2 11 10 7 2
0 1 5 2 1 9 7 8 2 9
1 4 1 6 3 3 5 10 1 2
4 8 10 11 4 9 16 14 3 7
7 5 3 8 1 5 19 18 7 5
9 13 6 5 1 5 14 13 8 8
1 3 7 5 2 6 9 2 6 6
0 13 4 2 12 3 6 1 7 15
9 2 1 4 13 6 7 10 0 2
5 5 4 3 1 3 3 2 1 3
5 17 9 0 12 10 9 11 6 10
1 7 11 2 3 2 8 11 6 6
8 3 12 21 3 9 3 4 14 8
6 1 18 1 4 3 0 3 6 3
2 9 6 11 5 5 6 14 11 12
2 5 16 5 16 7 2 3 7 5
7 6 0 5 10 1 6 3 9 2
2 12 18 0 16 15 17 7 1 10
2 4 3 1 0 21 4 3 2 10
9 11 3 3 11 9 15 10 10 10
3 1 15 8 7 6 12 2 23 7
12 0 5 24 1 8 4 10 6 26
5 12 2 0 9 11 13 20 6 6
4 5 11 0 4 10 6 1 4 2
5 12 4 8 3 30 15 2 3 0
6 8 9 14 5 0 0 2 1 1
7 3 6 1 8 4 7 5 8 16
0 5 4 4 1 2 5 10 6 3
16 3 6 8 14 14 11 13 4 11
2 2 2 2 7 5 2 6 5 2
6 10 7 5 2 10 6 4 10 1
2 1 6 16 6 6 16 3 7 2
10 12 7 4 9 16 10 1 4 13
6 4 7 4 4 8 6 2 1 1
0 5 3 0 5 5 5 2 1 1
9 0 0 3 2 2 2 1 4 3
9 9 11 1 5 14 1 6 5 7
23 0 6 2 1 5 7 6 8 0
6 9 18 4 6 14 6 6 5 5
6 27 4 7 7 4 2 6 3 14
6 6 10 8 13 3 7 6 3 5
1 6 21 5 9 14 6 20 14 8
9 14 0 0 3 3 6 1 7 3
4 3 3 1 5 2 5 1 3 3
10 10 11 8 8 2 2 6 10 1
2 6 8 1 5 2 3 2 3 2
5 0 8 6 4 14 7 6 6 7
5 3 10 9 17 9 7 9 11 10
9 6 3 1 19 11 8 9 18 21
5 7 8 20 7 4 8 11 2 9
5 9 0 5 5 0 0 1 1 1
3 3 7 3 0 0 4 2 4 1
7 1 1 12 7 4 1 6 0 24
4 5 6 3 9 2 9 7 8 8
13 4 6 4 5 12 23 12 8 7
4 6 1 2 2 5 3 1 3 7
6 5 6 6 4 6 1 25 1 7
13 0 6 1 23 11 6 0 5 9
6 7 9 6 2 10 12 12 9 5
12 8 3 6 3 7 13 14 14 5
1 9 6 1 1 9 3 5 4 7
3 2 2 15 3 6 1 1 14 0
1 6 1 1 6 1 4 5 1 2
4 9 3 5 2 8 13 4 20 1
10 10 25 19 3 3 1 4 7 7
4 4 5 14 3 5 20 11 9 3
5 3 1 8 2 4 6 6 7 6
4 3 11 5 3 5 3 0 1 12
2 3 2 3 1 4 6 6 8 5
13 10 8 2 1 1 6 10 14 9
15 5 2 21 5 8 2 22 2 4
10 3 19 8 3 18 6 5 8 16
3 21 6 0 4 7 18 7 17 3
18 20 5 3 6 12 8 3 2 20
17 15 4 12 8 9 10 3 1 9
2 3 4 2 7 2 1 1 3 4
3 2 1 6 6 5 6 7 6 4
20 7 4 18 0 7 0 1 9 5
7 24 18 4 17 6 5 0 9 10
5 5 2 1 11 11 1 15 3 2
5 14 3 7 23 2 6 4 11 4
16 6 0 10 5 12 8 13 3 2
10 2 20 2 0 3 1 0 1 1
3 1 5 4 0 3 3 2 1 6
2 3 9 4 5 4 3 4 1 6
1 11 14 2 10 14 5 4 3 11
17 4 20 8 2 15 12 4 0 6
3 7 4 9 25 7 11 12 8 10
12 15 4 5 0 0 4 11 14 3
12 4 1 2 1 12 15 10 1 21
14 1 3 18 5 1 5 1 4 7
3 8 16 5 6 9 5 10 10 5
3 1 4 6 6 7 3 2 8 2
0 8 4 4 5 12 0 1 8 5
1 2 3 2 1 0 7 3 5 5
0 6 3 13 3 2 6 0 9 7
1 4 5 5 2 3 5 0 3 6
4 10 2 1 0 2 2 1 0 5
0 6 16 6 5 3 5 10 1 1
4 9 20 1 1 12 8 23 6 4
7 1 4 4 5 5 9 12 9 8
1 6 7 3 6 1 7 10 2 10
4 17 9 4 3 8 18 10 2 15
0 3 4 0 1 12 7 3 6 2
15 13 7 3 6 12 12 2 22 14
9 7 2 10 5 2 18 6 12 9
3 3 2 6 5 1 5 9 0 1
8 5 14 2 1 0 14 9 2 3
3 2 13 8 7 2 9 28 11 14
6 5 5 4 1 4 2 0 3 4
8 6 5 3 13 14 11 8 20 9
11 1 2 20 9 17 6 1 6 17
2 5 3 5 3 7 7 15 1 0
5 3 2 5 5 7 11 7 11 7
9 16 19 9 19 9 2 2 14 12
2 12 4 5 3 4 5 8 8 9
1 29 9 2 1 7 12 1 11 5
11 5 9 11 14 7 8 6 3 3
5 4 6 2 2 6 0 12 6 5
2 3 8 23 2 13 10 9 5 7
3 4 5 4 3 0 4 1 3 1
17 8 12 15 3 7 0 1 7 4
2 11 16 6 4 20 1 5 2 4
2 5 1 5 1 6 3 1 6 5
4 7 12 4 13 15 20 13 4 2
3 2 6 5 0 6 7 15 10 5
1 7 29 2 4 17 14 9 6 4
1 0 23 8 7 6 4 6 4 3
16 7 12 3 19 4 8 13 7 8
6 2 3 9 16 7 13 2 5 10
3 12 13 2 5 5 7 3 20 11
1 9 1 8 1 0 1 0 3 1
11 0 9 16 2 11 16 5 4 1
9 6 9 4 9 13 9 2 14 2
9 14 2 3 4 16 17 14 19 5
5 14 7 14 3 5 12 5 4 6
6 2 6 5 7 6 1 6 8 0
4 6 6 5 6 1 2 1 6 2
15 9 9 5 1 3 8 7 6 9
12 6 2 0 12 3 3 13 10 4
8 6 12 1 1 7 4 1 6 7
10 4 2 8 2 18 17 2 9 13
1 11 18 6 2 2 10 9 1 3
4 6 6 4 2 0 1 1 9 2
5 6 2 2 2 10 9 3 1 20
10 4 7 10 5 8 2 4 2 5
6 3 4 13 9 3 8 1 18 10
7 4 11 8 1 3 11 2 2 6
11 5 20 11 1 4 2 9 13 8
25 4 9 7 24 4 5 14 5 4
9 5 1 7 10 15 11 5 7 15
1 1 6 3 2 8 0 2 8 5
2 3 4 14 8 2 9 9 10 2
12 6 3 3 13 4 2 14 4 5
3 22 1 1 3 3 10 24 6 18
5 1 21 2 8 18 9 1 2 7
4 4 2 2 7 11 1 3 3 6
2 5 1 1 9 1 1 4 0 0
8 19 4 19 16 2 2 10 2 16
6 11 2 8 1 6 16 14 13 1
8 2 4 5 5 7 19 28 2 15
0 7 2 11 7 9 0 14 5 3
18 16 5 8 12 18 6 9 13 6
5 28 2 16 12 5 17 3 8 1
9 0 5 2 2 1 3 6 4 4
21 0 3 8 7 11 5 1 3 13
0 4 13 14 13 8 5 10 9 9
2 7 4 12 15 20 1 8 21 16
4 2 0 9 6 3 9 9 2 1
19 4 1 14 22 17 1 2 7 4
1 3 4 0 4 2 7 2 2 0
7 2 14 3 3 1 2 8 1 6
2 2 11 5 5 1 0 9 2 1
15 0 1 10 5 1 3 8 18 1
12 2 13 6 0 20 1 12 9 6
4 3 7 11 0 14 4 14 6 1
2 13 1 4 2 20 2 1 5 1
14 2 8 7 4 12 6 0 16 7
3 6 2 4 9 5 1 8 4 0
11 5 12 5 5 13 2 6 22 3
1 4 2 7 11 2 5 5 5 0
8 0 1 2 1 4 0 7 4 3
13 7 3 4 13 0 2 8 5 0
7 0 4 3 6 11 8 22 28 6
3 15 9 10 9 16 2 13 5 13
12 0 1 1 4 7 4 0 0 9
6 4 2 10 2 4 7 4 3 4
0 9 6 4 8 1 1 5 3 5
5 6 6 3 1 2 2 1 9 2
5 4 0 3 11 11 5 2 6 5
4 9 21 18 8 16 1 1 4 5
0 4 0 6 16 1 15 6 12 7
11 2 5 1 3 2 3 9 1 10
3 8 4 14 6 8 7 6 2 0
4 9 1 5 7 3 4 3 8 3
3 2 15 20 2 20 14 9 7 16
6 7 0 1 0 14 11 3 10 8
5 5 6 1 7 12 0 9 9 2
5 0 14 2 7 6 10 6 1 1
3 6 2 3 6 8 4 1 1 0
8 1 1 7 8 0 10 17 30 1
4 12 4 6 9 12 2 7 3 6
9 10 11 4 3 4 9 8 13 4
11 11 5 7 1 15 8 10 9 8
4 3 4 7 6 10 6 4 2 2
13 1 7 12 4 8 0 20 2 4
2 13 9 4 1 3 2 1 5 18
8 3 5 0 1 0 3 2 2 3
10 26 1 10 15 5 14 2 5 1
2 2 2 4 5 1 8 11 5 4
14 2 2 2 1 2 9 0 10 4
10 6 12 3 2 7 12 6 3 5
12 2 9 11 3 4 2 6 1 18
6 0 5 1 7 4 5 1 6 3
10 5 2 8 3 1 3 4 3 0
6 5 8 5 5 6 7 13 8 6
2 6 5 2 7 5 2 13 10 0
5 5 1 2 2 8 10 3 1 1
2 0 1 3 13 6 0 4 9 8
8 6 11 11 1 12 11 4 2 7
5 0 4 20 1 14 3 10 4 5
19 1 2 5 7 8 6 7 5 11
1 20 5 3 1 14 13 7 12 3
21 16 3 12 9 2 6 5 8 10
24 15 16 3 1 4 2 0 4 4
2 5 9 0 9 4 7 7 2 3
2 5 3 4 4 4 11 2 2 8
4 8 10 11 10 9 18 21 4 6
5 5 18 8 11 15 7 7 1 5
7 10 14 2 18 4 21 8 15 2
1 1 7 8 8 7 9 5 3 7
2 8 4 7 4 7 1 1 2 1
17 7 15 5 8 2 3 8 5 3
0 11 1 3 3 5 2 1 12 1
4 2 9 0 9 10 4 2 2 2
2 1 0 3 6 4 2 6 7 3
26 12 8 10 15 6 5 15 1 0
6 9 4 2 4 3 6 6 3 4
4 0 10 5 4 5 0 5 2 0
10 15 18 18 1 7 7 1 9 4
17 3 5 5 12 6 3 2 11 16
12 6 14 18 0 3 9 3 4 12
9 2 6 3 5 15 15 3 14 3
12 7 15 3 6 10 0 1 20 3
1 4 2 4 0 5 18 4 7 3
7 4 6 17 3 1 8 2 1 1
4 10 9 19 3 18 9 0 13 13
6 1 11 3 5 11 1 3 22 15
3 5 5 10 3 15 14 5 8 10
4 2 0 9 6 1 2 3 0 4
0 5 1 7 1 10 0 2 3 15
1 0 5 3 3 6 2 7 2 4
9 2 7 6 2 4 4 8 3 1
5 2 13 2 0 10 2 12 7 14
15 1 3 4 8 1 8 16 7 2
1 20 11 8 8 3 1 10 3 2
1 3 4 11 13 12 12 0 9 4
12 9 9 0 0 19 8 11 13 2
3 1 2 3 1 0 1 13 2 9
3 0 1 2 2 9 2 7 3 2
8 2 21 3 2 2 26 6 16 8
8 10 25 3 13 11 7 4 1 14
2 9 3 3 2 7 2 8 6 4
0 10 19 4 0 4 20 6 14 9
1 4 5 5 3 2 8 2 7 8
4 0 4 3 11 15 5 3 11 3
4 6 2 2 5 0 1 3 6 1
5 3 1 1 1 7 4 12 7 4
1 10 1 7 15 4 2 22 1 5
5 3 4 3 3 8 7 2 3 10
5 11 1 8 1 12 3 4 8 6
1 2 5 0 4 7 2 1 5 4
4 3 4 2 1 3 8 6 0 3
7 4 1 15 9 16 1 2 28 0
11 12 6 24 6 17 9 5 10 13
18 7 22 12 4 8 2 7 0 1
4 15 14 1 10 17 2 17 10 2
5 9 3 3 1 4 3 5 1 14
9 3 15 3 2 2 11 12 29 4
5 9 13 6 3 3 12 1 6 13
9 9 5 10 14 9 16 3 9 4
8 5 5 9 4 2 2 10 1 23
1 13 6 1 3 2 1 1 0 7
0 5 0 11 5 10 15 6 0 8
1 5 6 1 7 19 1 1 15 7
7 6 33 6 3 15 9 4 4 0
10 1 2 22 8 4 6 19 5 12
6 2 2 1 4 9 0 3 2 0
10 0 5 4 4 3 2 5 5 7
7 10 2 2 10 7 3 2 4 2
0 5 3 0 14 3 16 4 5 15
4 2 1 1 29 3 10 14 6 19
17 20 4 3 2 5 6 7 15 10
3 13 13 19 2 3 7 11 5 21
4 3 5 8 0 4 11 3 2 16
9 22 21 3 2 8 0 10 10 4
5 2 6 7 7 4 11 10 1 4
1 4 3 1 0 7 6 1 0 5
4 7 0 7 7 9 8 1 6 7
0 8 5 2 1 4 4 3 10 1
1 0 1 5 2 2 5 5 1 5
11 2 11 7 2 6 26 2 2 9
2 14 17 7 8 5 24 7 6 11
2 8 6 11 12 4 2 0 4 0
4 7 6 13 6 3 17 8 0 4
7 2 18 1 2 6 23 0 20 3
11 5 4 11 12 22 8 5 3 14
3 1 3 4 4 2 4 4 6 13
10 2 16 9 5 1 1 7 11 10
3 3 8 3 7 13 7 5 11 5
3 0 1 2 5 3 1 3 1 7
12 1 6 3 2 2 10 13 15 5
16 2 16 1 12 5 5 7 17 1
10 2 12 3 0 10 16 6 4 19
16 2 5 10 3 13 5 2 1 1
0 1 3 11 3 1 10 1 10 19
0 4 22 1 2 2 13 2 8 8
2 12 3 11 2 11 9 1 0 12
11 11 9 7 5 6 18 11 5 1
3 9 5 6 7 7 9 3 8 20
9 7 20 7 3 2 12 15 0 19
4 3 4 11 1 15 0 15 6 5
6 4 6 19 0 21 6 14 3 9
9 5 2 3 22 5 10 1 4 12
6 3 11 2 7 4 1 12 6 1
4 0 0 1 9 4 4 8 5 13
6 3 1 2 1 8 2 7 5 1
4 30 11 0 5 1 1 3 10 8
7 12 7 5 16 5 11 15 15 5
4 4 2 0 1 2 9 3 0 3
10 15 10 5 12 1 6 5 7 8
4 1 3 4 1 16 1 4 1 4
2 3 1 0 5 4 5 0 6 5
2 2 7 6 7 4 6 0 8 2
3 6 5 3 1 4 4 2 5 6
0 11 4 7 0 4 14 8 2 2
1 3 3 13 3 5 5 0 8 7
6 8 3 1 4 9 8 6 5 0
6 3 6 1 9 2 0 4 1 2
5 3 1 6 3 2 7 0 4 11
3 2 1 6 13 9 4 11 11 12
9 11 14 3 11 4 7 1 8 1
2 2 7 3 4 5 7 5 0 11
3 2 4 5 12 8 5 12 15 5
6 18 4 6 16 4 9 1 6 19
13 9 2 11 6 7 7 14 3 2
3 1 2 0 1 3 21 5 9 13
4 23 7 2 9 1 10 2 1 14
7 10 14 13 23 2 3 8 2 4
4 7 3 2 5 1 0 1 5 6
0 6 5 10 3 13 13 0 15 0
5 6 10 19 11 10 13 18 15 13
0 1 2 7 7 10 2 1 6 4
8 4 1 3 1 6 4 2 3 4
8 9 13 3 5 0 9 13 1 12
13 6 13 17 1 10 1 2 4 6
9 17 9 10 3 5 13 0 5 11
1 7 4 10 3 7 3 2 2 3
8 2 2 1 3 0 8 4 0 14
7 6 2 7 4 10 2 4 10 4
8 17 2 13 5 5 4 11 1 5
3 14 8 0 5 6 2 3 0 16
15 1 12 13 8 4 2 8 24 5
9 5 2 8 0 3 1 6 4 2
2 3 5 5 8 12 12 9 1 5
8 6 2 2 12 10 8 18 0 21
1 5 7 7 5 4 5 3 3 7
1 12
1 28
1 66
1 68
2 3
3 37
3 39
3 40
3 73
4 48
4 86
5 26
5 44
5 59
5 102
6 45
6 76
6 92
7 47
7 98
7 101
7 105
8 33
8 36
8 50
8 101
8 103
9 65
10 29
10 105
12 26
12 30
12 54
12 57
12 68
13 82
14 22
14 23
14 56
14 57
14 64
14 69
14 79
15 29
15 53
16 36
17 80
17 85
18 47
18 49
18 79
18 80
18 85
18 87
18 109
19 24
20 83
20 88
20 115
20 120
21 25
22 28
22 34
22 54
22 55
22 65
22 85
22 93
22 97
23 32
23 69
23 95
24 32
24 60
24 118
25 50
25 77
26 69
27 33
27 43
27 73
27 87
28 88
29 126
30 33
30 35
30 48
30 74
30 85
30 108
31 50
31 113
32 82
32 109
33 91
33 102
34 76
34 82
34 84
34 110
34 123
34 124
35 77
35 86
36 85
36 116
37 58
37 74
37 115
38 55
39 46
39 61
39 67
39 118
40 58
40 86
40 130
40 139
41 64
41 71
41 89
42 43
42 62
42 83
42 84
42 109
43 58
43 60
43 124
44 83
44 124
45 61
45 97
45 117
46 120
47 89
47 107
47 130
48 140
49 71
50 105
50 106
50 132
51 70
51 82
52 104
52 106
52 122
52 127
52 148
53 135
53 138
53 141
54 107
54 112
54 143
55 129
55 131
55 147
56 76
56 104
56 134
57 87
57 105
57 120
57 124
58 78
58 142
58 158
59 101
59 149
60 64
61 69
61 103
61 151
62 92
63 77
63 98
63 118
63 127
63 133
63 146
64 98
64 130
65 73
65 77
65 94
65 123
65 150
66 117
66 145
66 157
67 148
69 126
70 96
70 121
70 166
71 72
71 76
71 86
71 155
71 156
72 89
73 78
73 105
74 132
74 173
75 80
75 124
75 159
76 77
76 91
76 159
77 91
77 124
77 150
77 175
78 79
78 114
79 179
81 84
81 94
81 135
81 145
82 152
82 158
83 85
83 98
83 118
83 166
83 176
84 100
84 149
84 168
84 180
85 138
85 161
85 173
86 125
86 136
86 164
87 112
87 149
87 169
89 174
89 176
90 145
90 161
91 104
91 144
91 155
92 97
92 99
92 128
92 136
92 144
92 171
93 116
93 162
94 99
94 109
94 122
94 129
94 136
94 156
94 158
94 161
95 131
95 167
96 98
96 113
96 125
96 184
97 101
97 137
97 170
97 189
98 135
98 138
98 165
98 168
98 177
98 180
98 188
98 194
100 114
100 168
101 107
101 118
101 178
101 199
102 129
102 142
103 141
103 178
104 131
104 132
104 168
104 173
105 167
106 108
106 129
106 133
106 149
106 152
106 175
106 178
106 199
107 136
107 144
108 122
108 148
108 149
108 182
109 113
109 140
109 172
109 195
109 200
110 147
110 148
110 163
110 182
112 194
113 127
113 153
113 154
114 133
114 191
115 176
116 135
116 198
117 195
117 208
118 157
119 127
120 126
121 168
122 146
122 204
123 132
123 173
123 180
123 182
124 138
124 144
124 153
124 159
124 170
124 224
125 186
125 195
126 137
126 165
126 169
126 204
127 172
128 139
128 150
128 203
128 209
128 217
130 150
130 184
131 167
131 214
131 218
132 192
133 146
133 166
134 147
134 193
135 175
135 189
135 221
136 142
136 206
136 209
136 227
137 139
137 176
137 210
138 143
138 212
138 219
139 157
139 164
139 207
140 159
140 161
140 187
140 189
140 203
140 204
141 143
141 169
142 151
142 162
142 226
143 152
143 199
143 214
143 218
143 224
143 230
144 176
144 186
144 192
144 235
145 191
145 231
145 236
146 154
146 161
146 179
146 198
146 218
148 152
148 167
148 204
148 208
150 176
150 198
151 174
151 196
151 198
151 225
151 231
152 192
152 250
153 161
153 227
153 230
154 239
154 246
155 198
155 212
155 227
156 158
156 162
156 189
156 215
156 256
157 203
158 237
158 239
159 161
159 178
159 200
160 187
160 204
160 221
161 168
161 178
161 207
161 230
161 236
162 237
163 192
163 214
163 216
163 245
164 195
165 182
165 199
165 221
166 233
167 190
167 265
168 172
168 183
168 192
168 196
169 187
169 223
169 225
170 191
170 217
170 218
170 256
171 185
171 262
172 209
174 212
174 234
174 237
174 238
174 273
175 191
175 209
175 212
175 239
176 201
176 202
176 226
177 211
177 218
177 235
178 232
178 256
179 250
179 252
179 257
180 200
180 212
180 218
180 225
180 239
180 263
181 219
181 229
181 230
181 266
181 272
182 270
182 281
183 254
183 274
183 277
184 217
185 205
185 225
185 237
185 244
185 278
186 199
186 211
186 246
186 248
188 200
188 260
188 262
188 269
190 205
190 286
191 237
191 258
192 222
192 225
192 262
192 282
193 255
193 274
194 207
194 257
194 269
194 270
194 286
195 197
195 257
196 199
196 258
196 273
196 283
197 203
197 207
197 250
197 290
199 200
199 209
200 216
200 254
200 274
201 246
201 251
201 258
201 269
202 282
202 291
203 214
203 225
203 269
204 234
204 270
204 299
205 207
205 231
205 233
205 252
205 280
206 217
206 246
206 248
206 257
207 221
207 223
207 245
207 250
207 255
207 273
208 211
208 242
208 293
209 252
209 276
210 223
210 247
210 277
211 217
211 262
212 248
212 258
212 274
213 215
213 250
213 266
213 288
213 312
215 242
215 286
215 289
215 309
216 229
216 277
216 315
217 239
217 240
217 244
218 252
218 282
219 221
219 228
219 236
219 269
220 260
220 265
220 271
220 309
221 250
221 252
221 263
222 268
222 308
223 240
223 248
223 254
223 260
223 284
223 295
223 298
223 306
224 273
224 284
224 287
224 290
224 312
225 228
225 248
225 305
226 270
226 300
227 231
227 303
228 239
228 249
228 269
229 240
229 251
229 268
229 287
231 242
231 251
231 257
231 296
232 301
232 328
233 243
233 249
233 296
234 240
234 261
234 277
234 294
234 325
236 245
236 270
236 289
236 313
236 314
237 258
237 285
237 298
237 308
237 328
238 257
238 282
238 288
238 319
239 241
239 263
239 266
240 250
240 251
240 305
241 259
241 307
241 321
242 302
243 287
243 293
243 312
243 321
243 337
244 292
244 325
244 337
245 290
245 318
245 321
245 323
245 326
247 260
248 326
249 274
249 342
250 323
251 274
251 336
252 275
252 348
253 263
254 301
254 317
254 323
254 353
255 315
255 349
255 355
256 272
256 339
256 353
257 260
257 263
257 278
257 342
257 356
258 272
258 279
258 286
258 307
258 313
259 309
259 333
260 261
260 326
261 332
261 360
263 358
264 284
264 304
264 355
265 280
265 322
265 351
266 313
266 317
266 359
266 364
267 333
267 362
268 360
270 280
270 350
270 351
271 302
271 308
272 313
272 344
272 350
273 305
273 322
273 326
273 346
273 366
274 316
274 359
274 365
276 294
276 375
277 285
277 293
277 350
277 360
278 320
278 364
278 365
278 369
279 298
279 310
279 317
279 318
279 323
280 282
280 293
280 314
280 357
281 290
281 340
281 359
282 301
282 312
283 303
285 373
286 302
286 310
286 339
286 364
287 329
287 330
287 340
287 347
288 292
288 352
288 366
288 375
288 387
289 332
289 333
289 338
289 359
289 386
290 317
290 352
290 362
290 389
291 357
292 300
292 320
292 363
292 376
292 380
293 316
293 321
293 338
293 375
293 378
293 389
294 340
295 347
295 377
296 308
296 309
296 366
297 323
297 356
297 396
298 306
298 388
298 392
299 345
299 353
300 365
300 374
301 321
302 342
302 357
302 375
302 402
304 384
305 313
306 350
306 351
306 374
306 392
307 313
307 328
307 406
308 382
309 378
309 387
309 397
309 405
310 322
310 339
311 343
311 372
312 361
312 392
313 411
315 324
315 332
316 374
316 382
317 359
318 345
318 377
318 412
319 393
319 407
320 400
320 408
321 346
321 416
322 336
322 341
322 376
323 343
323 390
324 406
325 346
326 363
326 372
327 342
327 357
327 369
327 373
328 355
328 379
328 392
329 342
329 360
329 379
329 395
329 403
329 414
329 419
329 426
330 332
330 339
330 343
330 349
330 379
330 382
330 420
331 396
331 422
331 426
332 338
332 339
332 344
332 347
332 381
332 395
332 401
333 405
333 422
333 423
334 356
334 367
334 376
334 384
335 372
335 390
335 416
336 352
336 393
336 398
336 411
337 345
337 354
337 392
337 412
338 376
338 385
338 435
339 358
339 400
339 403
339 408
340 341
340 372
341 350
341 361
342 376
342 386
342 393
343 372
343 403
343 412
343 428
344 381
345 381
345 408
346 349
346 402
346 404
346 413
347 348
347 367
347 382
347 393
347 399
347 404
348 357
348 388
348 443
349 354
349 360
349 416
350 354
350 429
351 368
351 392
351 400
351 414
351 430
351 434
352 358
352 439
353 381
353 389
353 398
353 420
353 436
354 372
354 400
354 404
354 417
355 379
355 380
355 386
355 438
356 397
356 421
356 430
357 371
357 376
357 402
358 363
358 375
358 391
358 394
358 439
361 375
361 429
361 432
361 439
362 363
362 365
362 374
362 377
362 451
363 381
363 399
363 402
363 443
364 377
364 430
364 444
365 379
365 415
365 425
365 447
365 462
366 376
366 451
367 398
367 413
367 422
367 431
367 436
367 455
368 371
368 421
368 444
368 451
369 430
370 397
371 378
371 450
371 459
372 427
372 467
373 414
373 457
374 377
374 413
374 472
375 377
376 381
376 387
376 404
376 450
377 385
377 386
377 406
377 434
377 447
378 416
378 437
378 457
379 404
380 422
380 450
381 412
381 435
381 464
382 458
382 476
383 393
383 397
383 404
383 436
383 467
384 434
385 397
385 427
385 444
387 396
387 431
388 410
388 411
388 432
388 466
388 476
388 482
389 397
389 445
389 453
391 413
391 445
391 479
392 403
393 398
393 403
393 421
393 455
393 490
394 411
394 426
394 460
394 465
394 480
395 417
395 431
396 479
397 417
397 423
398 448
398 487
399 435
399 437
399 445
399 467
400 474
401 412
401 433
401 442
401 453
401 456
401 463
402 408
402 447
403 416
403 419
403 421
403 482
404 475
405 422
405 449
405 473
406 444
406 482
407 423
407 447
407 470
408 417
408 498
409 417
409 451
409 452
409 454
409 470
409 505
410 447
410 449
410 451
410 473
411 442
411 462
411 497
412 422
412 434
413 427
413 460
413 465
414 431
414 461
414 470
414 508
415 438
415 456
416 424
417 424
417 462
417 465
417 471
418 491
418 502
418 510
419 434
419 435
419 478
419 486
419 506
419 509
420 434
420 443
420 447
420 451
420 452
420 457
420 470
421 444
421 454
421 462
421 520
422 474
422 482
422 504
423 450
423 475
423 478
423 503
424 429
424 431
424 479
425 487
425 498
426 458
427 502
427 517
428 433
428 450
428 473
429 453
429 466
429 524
430 473
430 530
431 435
431 445
432 511
432 523
433 436
433 507
434 468
434 508
435 509
435 528
436 438
436 446
436 472
437 453
437 488
437 524
438 456
438 532
439 448
440 471
440 472
441 450
441 485
441 528
441 529
442 469
442 495
442 518
443 444
443 471
443 474
443 515
444 466
444 485
445 452
445 465
445 490
445 540
446 510
446 527
447 470
447 511
447 525
448 449
448 502
448 525
449 484
449 514
449 515
450 472
450 549
451 506
451 518
451 535
452 464
452 471
452 499
453 517
454 483
455 459
455 507
455 508
455 536
456 458
456 472
456 481
456 531
457 503
457 513
457 533
457 540
458 522
459 513
459 518
459 519
460 526
460 538
461 482
462 482
463 475
463 510
463 520
463 548
464 467
464 491
464 522
465 472
465 501
465 505
465 506
465 510
466 498
466 500
467 470
467 473
467 483
467 497
467 540
468 539
468 548
468 566
469 508
469 512
469 532
469 535
469 562
470 474
470 476
470 555
471 476
471 549
471 569
472 474
472 497
472 510
472 534
473 517
474 485
474 492
474 551
475 487
475 527
475 556
475 566
476 479
476 514
476 534
477 480
477 523
477 528
477 543
477 575
478 519
478 527
478 530
478 573
480 508
480 536
480 543
481 490
481 492
481 517
481 525
481 527
481 543
481 579
482 555
482 556
482 558
483 565
483 568
484 510
484 523
484 537
484 563
484 575
485 490
485 584
486 508
486 559
486 582
487 501
487 520
488 510
489 492
489 533
489 551
490 491
490 553
490 561
490 581
492 502
492 546
492 556
492 578
493 584
493 593
494 509
494 532
494 557
494 560
495 539
496 590
496 596
497 532
498 505
498 559
499 518
499 570
499 576
500 503
500 548
500 600
501 543
501 561
502 532
502 557
502 567
502 589
502 598
503 598
504 510
504 515
504 532
504 573
504 581
505 602
505 604
506 539
506 565
507 526
507 539
507 555
508 570
508 577
509 528
509 544
509 549
509 586
509 605
510 585
511 531
511 547
511 582
512 546
512 571
513 563
515 527
515 550
516 613
517 585
518 524
518 596
519 607
520 521
520 547
520 552
520 604
521 522
521 585
521 598
522 530
522 542
522 557
522 597
524 525
525 542
525 594
525 596
525 616
526 531
526 603
527 583
527 624
528 558
528 561
528 605
529 538
529 552
529 564
529 580
530 575
530 587
531 575
531 621
531 628
531 629
532 536
532 559
532 630
533 593
533 595
533 597
533 625
533 630
534 605
534 609
535 588
535 590
535 602
535 610
536 561
536 592
536 609
536 626
538 539
538 541
538 566
538 585
538 589
538 614
539 576
539 581
540 554
540 580
541 555
541 597
542 543
542 547
542 556
542 598
542 627
543 560
543 627
543 631
543 640
544 603
544 610
546 560
546 592
546 635
547 551
548 554
548 571
548 609
549 569
549 605
549 648
550 633
551 616
551 636
551 649
552 558
552 576
552 605
552 607
552 617
552 629
553 632
553 640
554 572
555 576
555 648
556 620
556 640
557 567
557 598
558 576
558 590
559 629
559 634
560 624
562 588
562 634
562 660
563 652
564 583
564 620
564 644
565 601
566 569
566 626
568 606
568 617
568 620
568 636
568 645
568 653
568 667
569 650
569 653
569 661
570 577
570 579
570 630
571 621
571 632
571 655
572 574
572 575
572 578
572 605
572 612
572 622
572 624
573 643
574 617
574 618
574 621
574 672
575 612
575 649
576 581
576 593
577 584
577 594
577 628
577 652
577 663
577 675
578 582
578 587
578 635
579 610
579 633
579 658
581 663
581 666
581 680
582 632
582 670
583 595
583 603
583 627
583 667
584 631
586 597
587 686
588 644
589 600
589 608
589 663
589 671
589 685
590 597
590 631
590 662
590 664
591 612
591 640
591 663
592 598
592 669
593 597
593 632
593 644
593 673
594 598
594 610
594 660
595 654
596 624
596 666
596 689
597 601
597 605
598 603
598 614
598 646
598 657
598 664
599 629
599 634
599 699
600 625
600 636
600 688
601 654
601 660
601 670
601 680
602 655
602 690
603 607
604 654
604 668
604 681
604 689
605 610
605 638
605 652
605 658
605 673
606 637
606 702
607 631
607 664
607 674
607 681
608 628
608 633
608 665
608 678
609 611
609 632
609 663
609 670
609 675
610 615
610 642
610 645
610 649
610 663
611 615
611 657
611 705
612 693
613 681
614 621
614 686
615 639
616 623
616 665
616 671
616 716
617 653
617 706
617 708
618 646
618 680
618 687
618 696
619 628
619 631
619 695
619 700
620 639
620 657
620 715
620 720
621 639
621 682
621 685
622 643
622 687
623 667
623 673
623 677
623 704
623 710
624 653
624 664
625 670
626 639
627 639
627 640
627 641
627 673
627 695
628 685
628 688
628 695
628 712
629 668
629 669
630 639
630 666
630 707
630 709
630 711
631 643
631 682
631 703
631 706
632 700
632 713
632 721
633 679
634 665
634 686
634 733
635 644
635 688
635 691
635 709
635 722
636 699
637 671
637 697
637 698
638 734
639 640
639 668
639 697
640 653
640 705
641 668
641 674
641 718
641 720
641 733
642 661
642 667
642 670
642 685
642 715
643 651
643 695
643 703
644 653
644 694
644 709
644 723
645 646
645 681
645 684
645 719
646 698
646 729
647 649
647 717
648 662
648 717
648 729
649 717
650 664
650 668
650 686
650 743
651 659
651 691
651 733
651 742
652 663
653 671
653 732
653 743
654 699
654 704
654 708
654 747
655 694
655 722
655 740
656 673
656 675
656 690
656 695
656 697
656 698
657 701
657 736
657 746
658 666
658 667
659 718
660 704
660 717
661 668
661 669
661 729
661 745
661 747
662 669
662 677
662 712
663 706
663 743
664 712
665 666
665 714
665 720
665 722
666 745
667 673
667 700
667 716
668 716
668 741
668 765
669 704
669 705
669 709
669 723
669 741
669 764
669 769
670 694
670 728
670 744
671 686
672 676
672 726
672 757
673 750
674 759
674 760
675 685
675 756
676 694
676 696
677 706
677 760
678 749
679 730
679 741
680 707
680 743
680 753
682 743
682 747
682 750
683 751
683 758
683 777
684 715
684 742
684 782
685 742
686 687
686 703
686 777
687 690
687 698
687 711
687 742
687 749
688 722
688 769
688 783
689 721
689 739
689 775
690 716
690 756
690 765
691 767
692 726
693 702
693 711
693 737
693 781
694 717
694 720
696 711
696 754
696 764
696 766
696 792
697 748
697 768
699 719
699 755
700 712
700 731
700 764
700 794
701 745
701 747
702 741
702 760
702 792
703 752
703 803
704 738
704 754
704 769
704 786
705 728
705 744
706 707
706 761
706 791
707 723
707 751
707 772
707 796
708 732
708 758
708 787
709 712
709 736
709 743
709 787
709 793
710 759
711 758
711 759
711 764
711 776
711 810
712 749
712 769
712 775
713 729
713 755
713 774
713 805
714 728
714 730
714 732
714 754
714 798
714 802
715 789
715 792
716 761
716 769
716 786
716 806
716 810
717 727
717 736
717 770
717 775
717 794
717 812
718 796
718 797
718 808
719 724
719 745
719 760
719 766
719 808
720 751
720 805
721 770
721 781
721 789
722 736
722 750
722 808
722 814
722 819
723 759
723 785
723 792
723 810
724 727
724 765
725 727
725 810
726 750
726 794
726 806
727 738
727 756
727 769
727 791
727 796
728 732
728 777
729 764
729 791
729 825
731 766
731 776
731 791
731 794
731 823
732 793
732 805
733 783
733 784
733 824
734 768
734 804
736 783
736 800
737 748
737 753
737 755
737 801
737 826
738 768
738 772
738 776
738 788
738 803
739 809
740 816
741 755
741 829
742 773
742 823
743 791
744 748
744 783
744 807
744 827
745 751
745 785
745 813
745 825
745 844
746 767
746 799
746 816
746 829
746 842
747 809
747 816
748 756
748 761
748 771
748 778
748 782
748 783
748 800
749 789
749 811
749 848
750 758
750 816
750 818
750 848
751 752
751 810
752 787
752 826
752 836
752 851
754 757
754 768
754 845
755 758
756 795
756 811
756 853
758 784
758 817
758 830
759 765
759 799
760 821
760 848
761 783
761 807
761 823
762 807
763 774
763 828
763 861
764 836
765 774
765 805
766 774
766 854
767 783
767 825
768 785
768 815
769 804
769 861
770 783
770 845
771 774
771 823
771 845
772 799
772 868
773 820
773 868
773 871
774 781
774 804
774 806
774 807
775 848
775 857
776 801
776 867
776 873
777 825
777 846
777 874
778 796
778 810
778 818
778 849
778 855
778 866
778 875
779 857
780 790
780 838
781 785
781 801
781 809
781 821
782 799
782 810
782 865
782 872
783 810
783 825
783 837
784 828
784 843
784 853
785 805
786 860
786 883
787 820
788 800
788 852
789 845
789 867
789 871
789 888
790 817
790 824
790 880
791 820
791 845
791 872
791 881
791 887
792 814
792 834
792 846
792 850
792 891
794 816
794 835
794 841
794 850
794 871
795 816
795 823
795 848
795 872
795 873
795 887
796 864
796 893
797 868
797 873
798 840
798 841
798 847
798 857
798 865
799 803
799 849
799 896
800 814
800 837
800 848
800 890
801 831
802 805
802 809
802 836
802 875
802 881
803 877
803 883
804 845
804 888
805 815
805 832
806 811
806 814
806 822
806 833
807 828
807 838
807 839
807 857
807 895
808 822
808 833
808 872
808 907
809 830
809 835
811 875
811 905
812 847
812 897
812 912
813 904
814 889
814 896
814 906
815 819
815 840
815 846
815 856
815 873
815 892
815 903
816 838
816 865
816 909
817 837
818 861
818 875
819 823
819 833
819 896
820 851
820 895
821 824
821 835
821 864
821 878
821 881
822 827
822 877
822 909
824 836
824 840
824 875
824 895
825 827
825 873
825 896
825 912
826 854
826 898
826 913
827 831
827 868
827 914
828 906
829 886
831 856
831 871
831 897
831 919
832 842
832 849
832 926
833 835
833 865
834 838
834 849
834 861
834 874
834 877
834 887
834 901
835 854
835 883
836 841
836 865
836 870
836 890
836 920
836 929
837 864
837 885
838 878
838 881
838 882
838 904
838 936
839 844
839 927
840 877
840 905
840 908
840 913
840 939
841 941
842 863
842 896
842 903
842 941
843 856
843 871
843 883
843 896
843 922
843 930
844 853
844 903
845 879
845 911
845 916
845 931
845 941
846 869
846 912
846 938
847 931
848 879
848 909
849 910
850 868
850 881
850 889
850 892
850 919
850 937
850 949
851 882
851 902
851 908
851 923
851 932
851 947
852 890
852 912
853 886
854 860
854 881
854 912
854 947
854 952
855 880
855 914
855 945
855 946
856 909
856 910
856 911
856 939
857 895
857 897
857 957
858 947
859 864
859 880
859 891
859 894
859 911
859 954
860 873
860 929
860 932
860 955
861 862
861 923
862 904
863 879
863 903
863 940
863 949
864 903
864 958
865 873
865 892
865 916
866 882
866 893
866 903
866 904
867 884
868 911
868 912
868 946
868 958
869 891
869 918
870 874
871 877
871 925
871 934
871 949
872 876
872 898
872 970
873 895
874 949
874 964
875 925
875 972
876 957
876 975
877 878
877 939
877 958
877 966
879 967
880 944
881 886
881 892
881 910
881 919
881 969
882 929
882 943
882 978
883 893
883 900
883 917
884 906
885 936
885 937
886 904
886 965
887 889
887 904
887 907
888 894
888 921
888 930
889 955
889 967
890 905
890 914
891 913
891 937
891 969
893 929
893 957
894 905
894 912
894 927
894 948
894 992
895 907
895 937
895 971
896 956
896 965
897 906
897 964
897 974
898 922
898 926
898 992
898 997
899 914
899 926
899 934
899 940
899 942
899 943
899 946
899 995
900 912
900 962
900 968
901 966
901 997
902 927
902 989
903 970
903 979
904 926
905 917
905 941
905 964
905 995
906 913
906 978
907 942
907 944
907 958
907 979
908 965
908 967
908 979
909 915
909 995
911 915
911 974
911 996
911 1000
912 979
914 918
914 929
914 951
914 957
914 979
914 985
915 943
915 954
915 958
916 934
916 959
916 987
917 980
917 992
917 996
918 954
919 997
920 933
921 932
922 944
922 985
923 944
924 957
924 993
925 976
925 984
926 979
926 988
927 975
928 946
929 937
929 955
930 955
931 939
931 981
931 996
932 968
933 937
933 962
933 981
934 960
934 989
935 940
935 962
935 983
935 991
935 994
936 988
936 997
938 961
938 985
938 989
939 982
940 942
940 948
940 956
940 994
941 999
942 983
943 974
943 977
944 948
944 987
945 965
945 980
945 1000
946 956
946 978
947 971
948 965
948 979
948 980
948 992
948 996
952 984
953 979
954 992
955 993
956 973
957 967
958 959
960 966
960 974
960 977
962 995
963 978
964 970
964 979
964 983
965 990
968 982
969 979
969 994
972 977
972 987
972 991
975 978
977 982
977 997
980 996
986 999
989 993
989 997
989 999
990 991
991 998
992 995
14 5 4 31 19 21 8 12 6 1
6 8 15 2 1 10 5 18 12 4
12 10 19 3 10 7 18 3 12 5
7 3 13 2 33 19 2 19 20 6
5 11 4 2 10 5 29 4 4 6
5 1 15 7 3 7 2 20 13 11
1 5 20 5 3 3 3 8 7 1
2 1 18 3 5 25 21 0 6 5
0 5 5 9 17 1 4 5 6 2
6 7 10 3 1 2 13 7 8 10
9 3 2 14 1 12 2 14 3 4
4 18 2 1 17 15 21 13 2 10
7 14 12 17 11 10 1 12 1 1
24 15 2 26 3 13 27 0 8 10
4 12 5 10 14 17 11 4 26 1
10 2 6 11 13 9 17 16 4 6
19 5 10 1 7 11 5 26 26 28
13 5 4 7 21 12 7 3 4 8
43 8 19 1 8 9 4 1 34 0
8 14 1 13 6 22 19 38 3 0
5 2 1 2 1 5 10 14 10 1 6 2 6 3 6 3 1 2 9 4
9 13 3 13 12 17 24 13 24 12 23 15 20 8 5 7 10 10 15 13
27 32 16 29 26 29 36 31 34 26 44 24 23 26 21 21 28 24 33 31
1 9 4 1 3 9 7 13 3 9 9 2 3 13 3 2 3 4 8 6
6 8 4 7 12 5 11 12 9 8 18 15 16 12 2 5 5 9 14 13
18 24 19 30 42 28 38 41 49 37 34 39 19 23 32 25 25 35 31 27
7 4 14 10 13 12 19 22 24 13 15 8 16 18 13 5 6 17 22 3
18 34 23 14 40 39 53 32 51 45 41 33 41 27 20 35 14 26 21 28
30 16 9 21 26 16 21 18 33 12 40 27 34 22 25 27 14 26 21 36
28 21 23 24 28 20 29 40 33 22 32 16 26 18 22 28 19 30 34 23
42 39 38 33 53 36 58 49 66 51 57 35 41 51 45 35 28 45 53 39
19 26 10 16 26 27 41 25 43 23 39 21 28 23 24 11 13 19 27 29
8 17 6 15 14 17 17 15 11 13 25 19 16 12 6 8 12 10 16 17
4 4 1 6 1 8 11 4 12 3 12 2 12 2 3 1 1 1 8 8
23 39 18 31 14 32 39 27 28 24 39 7 31 16 22 12 25 20 43 19
14 15 9 7 22 24 25 25 23 26 36 16 14 26 7 20 13 17 13 26
17 20 17 19 18 14 26 33 25 14 21 16 17 13 19 15 8 14 27 17
35 47 30 43 53 40 52 48 58 50 49 53 40 25 48 37 28 36 25 48
1 10 5 1 7 15 16 10 12 18 14 2 6 11 1 6 3 1 8 7
7 23 18 3 18 19 31 14 24 25 23 4 21 17 10 12 10 9 25 15
27 30 25 14 38 23 45 36 45 35 33 32 37 22 15 27 8 22 22 33
28 57 41 45 52 54 70 61 62 59 50 42 32 25 39 40 33 35 48 42
29 44 39 44 46 48 52 57 49 43 49 44 39 21 20 44 38 51 43 34
13 32 13 29 19 34 40 38 31 26 31 20 23 11 19 14 17 13 24 19
6 6 3 7 5 6 12 10 13 1 12 5 18 3 6 4 3 4 16 11
7 32 22 15 29 35 44 36 28 39 24 18 19 19 15 16 25 6 28 21
9 12 5 5 5 5 16 10 15 8 11 6 12 6 10 4 4 1 12 11
20 19 17 7 32 22 39 17 45 24 35 27 36 25 10 24 13 28 25 25
29 32 17 21 31 29 44 28 42 28 49 25 36 29 22 22 14 25 32 40
11 24 13 28 18 26 29 22 27 17 27 23 16 5 13 13 24 20 27 16
17 29 16 27 17 28 39 30 30 26 33 14 22 14 11 14 21 14 31 19
2 6 1 4 7 6 12 12 13 6 5 10 10 3 9 2 1 1 5 8
3 1 6 3 13 4 9 15 17 5 13 11 10 14 7 4 1 13 13 10
7 28 19 16 34 26 36 43 28 34 34 29 26 29 18 14 15 17 25 29
33 39 24 38 35 42 55 38 52 39 48 25 35 17 19 29 34 35 43 25
28 48 46 46 58 47 70 65 70 55 50 40 41 20 38 44 36 47 57 37
29 35 22 30 35 30 39 30 43 31 44 37 34 25 22 24 29 44 36 27
47 32 27 35 50 33 44 48 59 42 55 49 43 42 32 45 33 49 35 48
13 11 5 6 16 7 23 17 26 13 17 17 19 7 14 9 1 8 10 21
17 10 23 8 25 3 23 30 28 18 15 18 16 24 24 8 6 19 32 14
29 43 27 21 42 51 61 48 52 48 57 32 39 31 29 35 34 24 39 42
5 8 1 3 2 9 13 10 11 11 11 1 7 7 5 3 1 1 8 8
31 37 29 24 42 47 64 51 64 48 50 24 41 31 21 34 20 41 35 29
13 19 5 15 12 21 30 27 28 22 21 10 11 5 12 12 11 9 16 11
17 30 24 25 38 27 45 53 42 36 29 33 24 21 27 23 17 29 32 25
1 5 10 8 11 9 12 20 17 9 7 9 6 13 10 5 6 9 14 5
24 47 18 46 35 51 59 50 50 43 53 40 36 15 26 28 37 38 39 30
2 22 14 17 15 19 18 20 10 22 13 17 4 7 8 8 17 10 18 10
1 2 1 3 3 7 9 10 11 4 3 6 6 3 4 2 2 1 4 2
5 4 1 4 1 6 9 6 9 3 8 4 12 3 5 2 2 1 9 8
30 32 17 32 26 29 48 40 45 26 42 22 34 13 17 25 24 29 36 22
1 5 2 1 2 2 7 7 8 7 4 3 2 7 1 1 2 2 6 1
2 2 1 1 2 3 6 5 7 7 6 5 7 5 2 1 1 1 6 7
4 2 1 2 1 3 9 4 11 2 9 3 8 5 3 1 1 1 8 8
17 35 32 18 35 27 40 22 35 36 31 23 27 27 21 23 23 22 39 21
8 32 21 23 25 31 39 28 31 31 26 20 21 12 13 11 24 19 37 17
23 21 26 22 32 27 38 45 44 35 29 17 20 25 27 25 19 34 30 15
5 14 9 14 12 16 22 20 18 21 13 11 1 6 2 8 13 7 11 4
13 14 10 15 25 20 38 36 41 24 29 18 27 17 21 16 3 18 19 21
11 14 4 19 7 17 16 10 16 7 22 12 19 4 5 7 15 10 18 11
25 36 17 27 17 28 39 26 31 21 40 15 31 24 21 13 14 20 38 28
5 5 1 5 8 4 8 5 10 8 11 10 13 3 3 6 4 6 6 10
33 33 29 14 45 32 59 48 56 41 54 31 44 47 32 23 19 38 42 42
42 34 19 37 37 39 44 24 59 34 55 25 40 21 31 39 35 39 35 35
17 39 36 42 47 43 56 56 56 43 36 39 31 8 34 35 31 33 44 31
5 5 1 8 6 11 8 10 8 5 18 10 12 5 1 10 4 7 3 8
14 22 10 22 20 29 33 33 35 25 31 15 11 19 16 14 16 19 22 13
50 37 34 39 55 37 63 49 78 46 61 43 56 42 57 36 24 55 55 40
8 6 3 4 10 3 2 6 7 5 11 13 2 10 7 6 5 7 7 12
19 15 9 21 15 15 27 28 26 9 28 17 25 8 11 19 13 14 23 21
23 26 22 27 38 35 41 44 49 38 42 26 22 27 32 30 15 34 21 26
12 6 1 8 14 13 16 19 18 9 26 20 16 16 7 15 4 14 7 18
33 31 26 33 48 33 40 48 51 48 50 39 27 40 29 36 33 50 35 31
1 3 7 4 7 3 5 16 11 5 3 8 2 10 5 2 4 5 12 4
8 5 4 8 6 10 10 13 11 5 15 10 11 12 7 7 4 7 11 12
32 39 33 25 50 43 58 63 51 48 54 43 44 49 25 32 20 40 34 45
23 42 26 44 30 46 50 42 42 36 39 28 24 12 24 26 39 32 41 20
1 21 9 14 12 22 23 19 9 23 18 8 8 8 1 2 17 2 17 7
3 3 1 2 1 7 3 9 2 3 12 3 1 10 1 4 1 4 2 5
31 40 32 37 54 42 60 58 63 49 51 46 31 24 34 40 25 41 37 39
22 38 30 33 42 38 60 52 54 41 42 31 32 25 26 24 24 34 46 29
16 23 15 25 25 26 37 37 42 24 30 21 23 19 26 13 14 22 30 18
41 44 34 40 51 39 53 60 62 49 55 39 31 40 51 41 26 44 42 45
2 1 6 2 9 1 4 14 9 2 3 7 8 7 6 3 2 7 14 6
9 49 33 41 40 48 55 54 45 47 38 40 32 14 36 25 30 27 40 34
19 30 16 27 19 30 38 38 28 24 33 17 15 16 16 15 22 16 31 17
17 16 13 10 24 16 26 9 35 20 26 16 22 15 16 17 13 13 21 21
12 15 13 12 15 6 17 23 16 8 16 13 10 12 14 8 7 9 22 16
4 5 1 10 1 12 9 10 11 7 12 3 9 4 1 7 5 4 6 4
8 8 8 5 9 5 18 8 19 10 9 1 13 2 8 5 1 1 13 9
22 28 22 19 43 27 45 44 51 36 41 31 28 29 33 27 10 26 29 37
8 5 4 7 10 6 8 11 9 5 11 13 16 7 5 8 6 8 11 12
1 7 10 12 10 9 12 19 11 7 3 8 6 5 5 1 8 6 19 2
17 29 21 27 25 31 35 41 29 30 33 21 16 18 15 20 26 27 35 20
25 52 30 47 41 55 64 57 54 52 51 40 31 18 32 30 36 33 38 35
26 43 19 44 29 47 53 42 47 39 45 25 35 14 25 26 34 28 36 21
31 25 9 25 34 33 45 37 53 34 50 35 33 23 23 34 17 32 18 34
4 15 9 13 20 24 28 17 29 21 22 16 19 7 4 14 12 9 15 9
22 22 16 27 19 29 37 35 41 17 30 13 27 12 22 19 19 24 33 15
1 1 2 1 2 1 5 9 10 1 1 1 2 5 6 1 1 2 9 2
11 16 27 19 29 20 34 38 35 32 13 18 7 19 17 13 18 24 33 7
2 6 3 3 3 1 7 8 6 4 1 5 4 1 2 1 4 1 11 4
3 1 7 1 10 2 4 13 12 7 7 6 1 16 9 3 1 11 11 7
2 6 1 3 1 4 6 4 3 3 6 1 6 1 2 1 1 1 7 3
32 26 34 21 50 23 54 54 60 42 40 37 44 34 39 32 4 36 39 31
1 3 6 2 6 1 4 11 9 4 1 3 2 8 5 1 3 5 12 2
5 5 1 10 4 11 8 13 8 4 10 6 8 6 1 8 7 5 7 1
16 21 5 23 10 26 31 22 32 11 26 12 30 6 20 8 14 14 25 14
35 40 33 42 48 36 48 56 54 36 44 46 33 19 41 39 25 40 36 40
2 4 5 2 8 6 10 7 11 11 9 6 9 8 3 3 1 5 7 8
9 30 15 26 23 25 35 26 30 25 23 29 24 9 20 8 18 11 25 19
1 17 10 12 14 16 17 23 10 15 20 12 12 15 3 3 12 12 22 9
29 20 20 6 38 19 30 36 37 34 43 34 28 47 19 28 8 39 15 40
8 9 7 3 5 3 13 12 12 5 9 2 9 9 10 3 2 4 15 9
18 18 5 25 14 26 31 23 33 14 27 18 28 6 13 14 20 19 22 13
26 36 25 34 31 26 41 33 40 24 37 32 35 18 24 20 22 30 42 30
14 34 27 19 37 32 51 41 45 38 35 19 30 29 30 15 13 16 36 32
21 31 32 16 39 33 46 55 33 44 49 28 34 43 18 28 25 31 40 29
27 40 23 23 28 45 50 23 44 39 52 16 42 31 27 23 32 31 44 33
18 34 24 30 24 33 44 43 35 29 35 13 14 21 18 13 28 27 44 15
19 31 36 10 49 28 49 43 44 49 39 32 30 41 21 22 22 35 44 29
42 43 45 36 56 41 59 55 61 48 54 45 51 38 24 44 17 46 43 46
30 27 23 31 35 26 41 29 47 27 38 31 32 22 27 26 15 26 35 32
7 3 13 7 18 4 13 19 19 12 9 12 6 19 14 3 4 14 21 9
4 13 1 5 7 11 16 12 12 12 11 10 5 9 8 1 6 1 7 9
1 1 5 1 5 1 1 8 5 3 2 5 1 9 3 1 1 4 10 3
31 35 32 33 48 33 54 55 57 39 43 40 46 23 32 35 12 32 31 39
8 8 4 10 5 11 15 17 16 6 18 9 11 10 7 4 6 6 15 10
7 8 6 12 10 9 9 20 7 8 12 12 7 4 1 11 11 11 14 6
1 1 1 1 1 1 6 5 8 2 1 2 1 1 1 1 1 1 2 1
8 10 6 4 13 14 19 11 17 19 17 10 15 9 5 10 4 8 7 14
41 43 20 41 30 48 53 41 59 42 58 25 36 32 40 29 41 44 47 31
40 39 22 43 35 43 39 36 52 41 56 24 31 37 37 32 42 50 43 25
17 11 6 11 22 21 30 29 34 22 34 21 17 22 9 20 6 22 10 20
8 14 10 20 13 19 24 14 21 15 13 10 15 3 5 6 16 8 20 6
21 26 30 14 37 18 44 52 33 33 34 24 28 32 25 18 13 27 41 26
28 43 27 33 44 38 55 41 56 38 49 37 43 28 35 27 15 28 39 41
5 6 4 5 5 1 12 11 13 4 5 8 7 4 7 1 4 1 13 9
37 42 32 40 26 48 59 33 61 37 50 25 54 16 32 36 40 40 53 29
6 15 12 15 14 13 16 17 11 12 14 15 17 10 8 6 13 10 23 10
3 4 1 3 3 6 2 8 4 4 10 6 1 9 2 4 2 3 5 7
1 7 6 8 7 9 4 14 4 6 11 7 7 9 3 5 5 6 10 2
20 34 21 22 37 33 43 42 34 37 46 37 30 34 17 26 28 27 32 37
9 18 3 14 12 27 31 29 24 19 30 14 21 15 6 12 13 12 15 17
10 22 23 18 34 18 35 36 37 26 18 23 23 12 23 15 9 14 30 21
23 30 26 14 48 27 50 53 45 45 42 40 33 42 28 20 14 32 33 38
15 6 7 6 16 9 9 12 18 11 21 15 13 24 18 11 6 17 14 19
1 22 8 15 9 21 21 20 8 17 20 11 10 13 1 1 17 4 20 9
17 31 23 25 27 23 39 29 35 26 29 19 21 20 19 9 18 20 36 21
3 13 16 5 16 6 17 23 10 20 7 9 5 19 11 1 8 12 24 5
9 9 7 6 5 7 13 13 14 8 14 6 14 10 10 6 1 4 14 14
15 30 19 28 22 33 33 36 25 28 36 18 16 21 11 14 28 26 36 16
6 1 1 1 6 1 1 6 5 1 7 8 3 10 6 2 1 5 9 10
18 40 28 32 36 39 52 45 39 38 43 26 32 20 18 23 32 28 44 30
26 38 30 32 42 33 49 55 49 38 45 39 24 28 34 32 26 39 43 38
21 37 25 25 37 26 43 49 38 33 35 33 33 24 31 23 7 23 33 36
1 3 4 3 7 1 9 10 12 6 6 10 7 8 4 4 4 6 9 8
8 15 12 5 12 12 26 11 23 17 15 1 17 8 8 8 3 4 18 11
13 17 23 11 36 17 21 18 34 30 23 26 15 28 17 22 21 25 26 17
5 9 6 9 6 4 11 9 7 6 7 9 12 3 5 1 7 1 16 7
21 27 22 24 28 32 43 19 45 25 40 19 39 17 15 31 23 27 37 20
11 11 15 6 13 6 18 22 22 11 13 7 13 17 18 7 4 12 23 15
7 13 6 6 13 11 14 11 15 18 16 14 5 15 6 6 8 7 8 13
27 44 29 41 39 50 64 45 62 49 43 19 32 21 32 21 35 38 52 15
37 39 37 22 59 31 62 61 60 51 61 45 51 52 51 36 16 42 45 52
13 17 18 8 17 9 24 25 21 17 17 5 16 22 21 6 6 15 28 16
1 1 1 1 1 1 8 6 10 3 1 2 2 2 1 1 1 1 6 1
7 12 12 13 15 8 25 15 22 13 9 12 12 2 9 2 8 3 18 11
14 34 25 20 43 32 49 32 46 44 32 37 38 19 21 27 20 23 29 25
6 14 10 10 16 16 26 16 26 17 15 12 13 12 10 3 8 6 21 10
20 36 24 37 35 38 39 46 38 36 34 36 16 10 26 28 23 29 19 21
22 34 30 22 45 42 57 58 49 50 48 30 34 41 28 27 28 30 41 35
5 15 8 8 15 10 23 19 19 17 13 17 10 5 7 4 7 4 15 12
16 33 23 18 26 31 46 22 42 29 37 17 37 21 17 22 19 20 36 22
13 3 2 5 7 6 10 12 16 5 17 7 8 11 10 9 1 9 9 14
4 19 3 15 11 22 29 17 27 18 19 9 18 9 10 2 7 7 13 6
35 34 25 26 26 30 48 30 50 36 47 21 38 36 39 15 26 39 50 26
10 20 8 13 8 24 24 27 17 21 25 5 5 13 4 13 18 10 16 11
9 8 5 5 4 5 15 12 17 8 9 5 12 6 10 4 4 1 13 10
37 35 29 40 52 39 49 55 59 45 55 42 37 40 41 40 34 48 41 38
13 23 22 18 22 10 25 26 24 19 15 19 14 14 18 9 15 16 31 17
10 6 8 2 18 1 12 12 22 15 14 14 6 21 16 4 5 14 17 14
32 24 31 22 37 16 39 43 43 34 38 22 24 29 32 26 13 36 42 20
21 31 17 27 25 30 42 38 34 28 39 27 23 17 17 20 24 21 30 28
2 1 3 1 7 2 6 11 10 1 6 7 4 11 8 1 1 6 7 6
1 17 22 18 27 17 25 36 27 24 6 23 9 14 19 9 15 19 27 7
13 25 16 18 30 31 36 32 31 35 35 25 10 19 8 20 24 20 21 21
3 3 1 1 8 3 11 13 15 8 8 10 8 5 3 5 1 6 4 7
6 6 2 2 4 2 12 10 14 3 4 5 8 3 9 1 2 1 11 7
10 5 4 7 6 4 13 13 16 1 13 5 16 1 8 10 1 5 10 13
8 5 9 4 14 9 17 16 22 14 15 9 10 19 13 5 1 12 14 13
20 42 38 27 50 30 53 56 49 45 37 38 23 35 44 19 23 33 47 37
32 51 31 47 47 49 65 59 58 49 55 46 42 27 37 36 19 34 43 44
15 10 3 12 22 11 17 17 25 17 26 28 16 17 15 15 11 15 12 22
1 7 5 5 4 9 8 14 7 7 9 1 4 10 4 6 1 5 8 4
1 1 1 1 1 5 9 5 8 4 4 1 4 1 1 1 1 1 2 1
9 8 12 9 17 7 18 24 24 9 19 13 18 15 15 6 4 14 24 15
7 15 26 20 32 19 31 37 35 28 14 23 4 17 21 14 19 27 30 13
20 13 4 6 18 9 19 15 20 14 31 22 22 21 13 15 5 16 12 29
20 36 41 17 49 33 47 57 40 48 39 38 24 49 38 25 31 33 49 31
18 11 13 6 27 5 23 18 28 18 20 23 21 15 10 16 6 14 19 25
20 40 36 14 41 39 58 54 48 46 44 26 44 41 43 21 22 23 46 35
32 42 40 36 48 39 59 60 53 52 47 32 30 32 30 36 29 42 51 36
19 25 24 22 36 14 36 37 42 26 24 30 25 22 34 16 9 20 31 30
15 15 1 16 5 18 21 8 23 8 24 10 23 8 11 5 13 12 19 14
21 19 12 16 18 13 32 20 37 13 33 11 30 18 21 9 8 25 30 21
1 2 1 3 2 3 10 3 12 7 5 1 4 1 1 1 1 1 2 1
3 5 4 6 6 7 7 15 8 4 10 9 7 7 4 8 5 7 8 5
20 38 25 30 34 35 50 41 42 39 31 26 29 16 26 23 11 15 31 26
4 5 1 1 2 3 9 5 9 6 8 5 9 5 4 2 1 2 8 9
11 40 25 31 33 42 48 49 36 43 37 34 20 20 24 23 35 24 37 31
25 35 26 29 34 44 61 48 59 43 45 17 33 26 32 20 20 30 41 23
33 41 39 26 53 36 57 64 51 50 52 39 35 49 46 31 33 38 52 42
21 19 18 17 26 22 37 36 41 25 29 18 20 17 20 22 12 22 27 21
1 1 1 3 1 3 8 3 9 1 7 2 10 4 1 1 1 1 8 5
20 24 11 18 20 28 36 23 38 27 39 13 24 30 24 10 19 29 32 21
12 29 22 16 29 29 42 22 41 30 30 17 22 25 16 11 22 24 38 13
11 31 13 25 24 34 42 37 33 29 33 20 21 22 16 8 22 14 30 21
3 1 1 1 7 1 4 1 10 4 5 8 1 7 2 1 1 2 3 8
21 17 6 15 30 21 31 34 39 27 36 33 22 22 23 25 8 24 11 31
29 17 16 19 30 11 25 27 33 15 34 32 30 24 26 25 12 25 26 36
12 6 5 6 15 3 12 10 20 12 15 15 7 16 12 7 7 11 13 16
10 14 9 7 15 13 24 32 22 14 21 11 13 15 13 10 7 12 20 16
1 10 5 1 5 7 11 15 9 13 9 4 3 14 4 1 5 4 13 6
25 50 45 38 54 42 64 58 61 51 50 45 47 26 32 38 30 46 50 43
11 14 4 17 7 16 18 13 14 11 21 10 10 6 5 8 13 7 16 10
24 38 19 29 35 40 46 44 41 31 53 32 36 31 31 26 25 24 33 41
22 31 25 40 40 35 35 37 48 38 40 35 19 21 29 32 39 42 38 25
19 9 14 10 25 7 14 23 27 18 24 21 14 27 24 15 12 24 23 22
1 2 1 1 1 1 7 8 8 5 3 2 1 7 1 1 1 1 3 1
3 5 1 8 9 12 12 12 13 4 13 15 13 6 7 5 3 5 5 11
34 53 39 39 44 48 59 62 44 47 51 30 30 35 36 36 43 34 52 40
1 3 1 2 3 2 6 5 8 3 1 5 3 1 3 1 1 1 3 1
31 37 17 32 33 32 38 32 40 31 52 31 35 33 27 25 32 31 36 39
15 12 13 16 18 12 26 22 33 10 23 7 16 15 17 9 7 17 27 15
8 16 7 14 11 8 16 10 12 7 19 14 19 4 5 3 10 6 20 14
34 24 27 29 34 22 37 39 43 23 43 26 33 30 32 25 17 39 45 27
6 10 2 1 3 7 18 11 16 10 11 5 7 7 9 1 1 1 7 11
1 11 5 13 6 8 10 6 7 6 7 7 7 1 1 1 11 3 13 1
21 36 47 39 47 36 51 63 53 49 33 36 20 23 39 34 33 48 54 13
29 14 8 16 22 21 29 26 37 20 40 22 25 20 11 28 12 29 17 27
8 19 11 21 21 19 28 25 27 18 17 24 22 8 8 8 17 15 22 11
19 25 11 28 20 27 37 29 39 15 35 22 36 6 23 20 11 16 21 27
3 11 1 5 4 10 9 8 3 10 15 7 6 13 1 1 6 3 6 9
16 17 12 19 16 18 23 28 22 16 29 16 20 14 9 16 15 18 26 16
4 3 1 6 6 6 7 4 10 6 9 9 8 7 3 1 4 4 5 7
7 8 4 7 18 14 18 14 26 16 15 16 8 10 13 9 1 7 2 13
8 14 4 12 7 16 23 5 21 14 20 8 19 7 5 4 10 8 14 10
21 45 23 28 32 39 54 38 42 36 48 25 40 26 32 21 19 16 35 41
28 28 14 20 27 21 27 23 28 25 42 24 26 33 27 21 16 21 27 38
1 4 1 6 3 5 9 6 9 2 6 7 6 1 3 1 4 1 8 5
10 18 17 11 30 18 27 38 27 27 26 26 11 31 22 8 11 21 24 18
24 51 46 29 47 51 60 55 47 57 46 21 33 34 28 36 45 30 57 32
28 48 33 33 38 47 55 50 41 45 55 28 34 31 27 33 42 26 48 39
7 25 19 17 35 23 41 38 36 37 23 32 19 18 17 13 14 20 25 23
24 15 4 19 20 16 18 9 34 17 31 24 26 24 20 16 20 23 19 26
21 11 9 14 16 10 18 22 25 7 22 17 11 15 18 17 11 14 18 22
24 36 21 37 46 43 47 34 59 44 41 40 33 21 31 33 32 32 30 29
10 25 11 25 15 29 33 32 26 19 24 15 16 14 12 6 20 16 28 9
1 1 2 1 2 1 5 8 8 1 1 1 1 4 5 1 1 1 11 2
12 11 14 8 24 17 24 10 35 18 24 15 20 22 13 15 13 20 21 16
7 11 5 2 6 8 22 12 19 15 11 3 9 9 8 2 2 1 10 11
1 13 6 10 9 14 16 19 13 16 17 12 11 12 4 8 8 6 11 9
8 22 11 21 19 20 32 33 29 24 16 18 11 4 15 10 12 9 20 12
14 31 30 24 31 30 49 43 41 39 30 22 24 27 24 9 24 27 47 16
28 41 32 24 47 38 52 40 42 44 55 31 41 36 25 36 27 27 42 45
3 9 7 8 10 4 12 12 10 12 4 12 3 6 2 1 9 4 14 7
32 36 23 24 37 42 57 56 55 45 50 34 41 35 21 34 14 35 25 39
19 34 28 16 34 25 39 32 29 35 35 21 26 30 21 18 16 15 37 34
11 9 5 10 14 13 16 15 21 7 19 16 12 17 15 8 7 13 13 15
28 34 26 26 28 35 47 49 42 34 43 12 23 30 29 24 22 27 37 30
1 6 2 1 1 7 5 11 2 6 7 1 1 10 1 1 1 2 5 2
20 23 23 18 39 22 33 30 36 34 28 38 22 19 14 27 17 28 22 29
30 34 38 30 55 39 52 43 64 51 40 34 26 38 39 39 38 46 47 26
1 1 5 1 4 2 1 10 5 2 1 2 3 8 4 1 1 5 9 1
20 16 4 13 26 17 27 29 30 27 33 32 14 24 14 20 18 22 14 28
14 39 28 30 33 45 55 43 47 42 36 22 20 22 18 18 34 28 46 18
43 39 18 39 45 41 56 46 65 44 65 38 45 29 40 45 25 40 26 49
11 30 23 19 30 38 45 38 37 37 40 11 27 27 11 20 27 24 37 18
23 41 30 21 41 41 56 35 53 41 47 27 38 37 32 28 17 26 40 35
17 35 30 18 50 39 58 56 50 53 44 31 31 36 26 30 24 29 38 35
22 39 28 28 33 36 50 55 44 39 40 19 27 26 32 25 18 24 39 29
20 17 13 10 23 11 27 20 28 21 25 18 27 12 12 18 6 15 16 24
5 7 7 5 10 7 5 14 9 7 12 9 2 16 8 5 4 9 13 9
20 18 11 20 30 19 23 24 35 24 27 36 24 12 29 21 11 19 5 31
6 12 1 3 6 11 17 10 12 14 17 7 7 13 5 1 6 2 10 15
22 16 12 22 41 22 33 35 49 29 38 39 33 29 31 27 13 31 20 35
7 10 8 13 7 11 13 23 16 12 13 5 1 5 3 10 12 10 15 2
10 27 21 9 27 20 28 32 20 26 29 21 17 30 18 9 20 15 32 28
46 33 30 33 53 28 43 47 59 44 52 45 36 37 32 45 29 48 36 46
40 43 41 41 57 37 58 61 65 50 50 48 40 34 54 39 23 44 32 47
18 18 10 19 15 14 23 13 28 12 25 15 24 15 19 3 17 21 32 15
1 4 1 1 2 6 12 13 10 8 9 5 2 11 3 1 1 1 6 7
27 30 26 26 36 25 46 41 51 31 36 31 37 31 39 14 14 31 44 19
13 15 6 7 11 20 26 27 15 17 30 9 21 18 5 14 10 11 15 23
1 2 1 5 1 4 8 4 9 1 3 1 5 1 1 1 3 1 8 1
45 46 31 39 39 50 60 39 64 44 63 22 42 35 36 40 32 45 50 36
38 35 28 30 52 36 53 56 59 52 57 45 38 50 36 33 35 48 43 44
23 47 41 44 41 50 52 58 44 53 43 28 22 31 29 33 45 40 50 25
42 46 29 36 51 49 51 58 60 52 65 43 41 43 48 46 34 44 35 55
19 43 35 29 40 47 59 48 49 47 44 21 25 33 24 24 38 31 53 27
26 20 18 19 28 18 35 34 39 18 37 22 34 26 21 17 13 31 34 25
1 1 5 1 7 1 2 9 8 2 5 3 8 8 4 1 1 8 9 3
31 31 23 32 47 24 40 43 50 30 43 45 38 29 36 29 21 38 37 39
5 2 1 1 2 1 11 5 13 1 7 3 11 1 5 1 1 1 7 11
35 22 21 26 41 23 32 39 52 26 45 35 36 36 42 33 18 39 31 40
6 16 13 15 16 10 17 16 16 18 9 19 6 8 9 5 15 11 19 11
1 5 10 4 14 3 13 17 18 12 1 9 1 10 8 1 5 6 13 2
8 23 7 15 15 22 27 27 21 20 24 21 18 9 17 11 7 5 11 22
18 42 23 33 40 34 48 42 46 39 43 38 26 23 35 22 27 25 35 39
10 11 7 5 5 7 14 12 14 9 11 5 13 9 10 6 4 4 15 11
4 12 15 15 19 15 19 17 19 16 12 14 16 10 7 7 13 11 23 8
31 37 38 24 47 33 49 57 42 46 49 32 28 42 34 30 32 40 51 36
22 47 36 35 57 37 57 41 60 52 45 50 35 20 43 37 29 35 40 45
44 45 31 27 48 46 64 57 59 45 71 40 52 50 34 45 19 42 40 58
22 32 28 38 38 41 49 47 52 39 36 25 32 18 30 29 27 29 38 23
8 9 4 5 9 5 11 10 13 10 13 14 12 8 6 6 6 6 12 15
24 19 15 21 21 23 35 27 36 23 34 11 26 9 13 26 11 19 24 21
2 7 1 1 1 1 9 5 6 4 7 6 7 2 3 1 1 1 7 7
16 43 25 29 34 46 56 37 52 40 43 24 38 25 26 20 27 23 42 23
1 2 1 4 1 2 3 6 4 3 1 3 2 1 1 1 3 1 6 1
12 6 6 7 19 11 18 15 24 14 21 18 14 13 7 14 4 12 12 18
20 22 10 27 19 26 35 27 36 12 32 19 28 6 24 18 7 15 18 25
7 29 9 24 20 33 34 36 25 27 33 23 15 18 9 10 21 12 22 18
24 32 17 31 36 27 43 37 46 24 36 38 36 17 28 18 22 30 36 30
25 19 17 16 26 24 35 19 44 25 36 14 21 16 17 29 17 23 24 22
19 17 5 14 18 24 23 26 20 20 40 21 17 24 7 22 15 21 14 26
1 1 1 5 1 4 3 9 4 1 2 1 1 1 1 3 4 1 4 1
17 12 3 11 16 15 25 10 34 14 26 15 16 19 18 7 12 18 18 16
7 8 4 1 3 5 14 11 13 6 8 5 7 8 9 1 3 3 12 8
12 16 17 2 26 15 32 34 27 25 26 18 22 31 22 5 6 19 26 23
20 24 16 19 17 18 33 22 30 22 28 14 28 18 20 15 3 13 26 24
12 27 24 29 28 26 31 35 29 26 30 31 21 10 21 22 25 26 33 26
1 1 1 1 5 2 7 12 12 4 1 4 1 5 4 1 1 1 6 1
5 10 1 7 2 11 20 6 19 8 14 5 12 5 7 1 4 2 10 8
7 7 1 7 5 11 9 11 9 8 15 9 11 8 5 10 6 7 8 11
12 4 5 10 7 12 14 16 17 4 16 9 13 13 10 9 5 10 13 14
13 18 5 18 9 25 31 26 29 18 25 13 21 10 14 12 11 10 18 14
5 7 1 3 10 7 12 14 14 7 11 15 8 11 12 2 1 5 7 13
4 9 7 13 13 10 13 16 9 9 11 16 13 1 2 7 9 8 13 8
21 45 37 38 46 42 59 58 50 49 50 34 36 23 27 34 34 38 50 39
9 7 1 3 13 6 5 11 9 8 21 18 6 15 6 11 4 10 6 17
9 18 7 5 11 15 21 19 13 14 26 10 15 16 8 8 9 4 16 24
22 21 9 25 21 29 32 29 36 20 34 24 22 6 24 23 9 19 9 25
9 12 8 12 13 9 16 15 18 6 19 13 20 11 8 3 10 14 24 13
33 50 30 36 42 52 65 34 64 46 60 31 41 31 31 37 37 36 47 31
3 8 5 11 11 6 11 9 11 8 13 15 13 7 1 2 9 7 15 10
9 13 3 9 20 18 24 15 29 19 26 21 16 16 13 9 4 11 6 19
1 6 1 7 1 5 7 5 8 3 6 2 8 2 1 1 5 1 13 3
32 28 33 31 33 23 42 45 44 29 39 19 30 26 31 23 19 35 49 15
3 8 10 10 10 9 14 15 18 9 10 5 10 13 9 1 8 11 21 5
15 17 9 15 14 14 23 18 22 15 25 15 13 13 13 11 9 8 17 19
3 6 2 3 2 7 9 8 6 8 9 5 9 9 4 1 2 2 10 7
1 11 1 4 10 13 22 13 20 17 10 10 11 1 10 3 1 1 1 11
1 4 6 1 9 2 11 15 15 8 4 8 4 12 11 1 1 6 13 5
18 11 6 13 9 10 16 17 21 9 20 9 8 8 11 14 9 11 16 16
4 6 1 6 6 10 11 12 9 6 12 9 12 6 6 7 1 5 6 9
10 4 3 4 11 3 7 9 15 7 10 14 4 13 9 7 6 8 10 14
14 22 18 18 31 26 31 41 35 28 30 26 16 25 29 17 6 24 15 23
28 33 28 28 34 37 46 49 40 38 48 20 32 36 24 26 30 36 45 31
36 30 20 31 34 35 54 43 56 29 47 31 46 23 24 31 9 33 30 37
9 11 17 7 16 3 14 21 18 14 8 9 13 15 17 3 7 12 26 10
18 25 11 22 35 23 30 27 39 35 32 34 21 27 29 17 16 20 16 30
4 5 1 6 1 6 10 1 11 1 7 1 11 1 2 1 4 1 11 3
19 28 24 31 32 31 47 35 48 28 29 23 29 16 28 10 24 29 44 16
22 51 30 38 48 50 63 57 53 52 53 51 42 26 26 31 29 37 35 44
6 9 8 7 8 7 9 11 8 8 10 8 12 12 9 1 6 7 16 9
13 10 6 10 10 10 15 9 19 5 22 13 21 14 12 7 7 13 18 19
12 7 6 5 9 1 12 11 13 1 14 10 18 5 10 9 1 7 13 19
35 34 21 28 33 44 57 37 57 38 54 21 40 26 19 34 27 39 36 28
27 37 14 25 33 45 51 19 58 39 52 25 38 30 30 28 31 31 30 27
17 30 30 27 36 33 47 37 43 38 32 26 27 27 24 13 24 32 45 18
35 48 32 29 46 41 45 43 41 46 57 40 41 50 39 34 44 29 46 52
6 7 3 11 4 10 7 15 8 7 10 7 4 5 1 9 10 6 10 4
6 5 7 6 12 7 11 14 16 10 16 12 16 13 7 7 4 12 14 13
38 36 41 37 48 30 54 63 56 41 41 38 36 36 47 33 10 40 51 27
9 1 6 4 11 4 11 13 15 8 13 13 16 13 7 9 1 12 11 16
19 26 13 26 18 22 34 20 35 20 26 18 23 14 20 4 24 23 36 13
33 26 16 27 42 22 41 44 52 35 45 40 30 23 31 35 17 32 23 39
45 47 39 51 51 45 66 66 68 45 55 38 52 31 41 43 25 49 56 40
16 15 16 18 17 14 19 28 20 13 17 16 11 15 14 12 16 17 27 15
21 38 7 30 13 41 48 32 38 28 44 12 33 12 19 13 27 16 33 21
17 45 28 36 40 52 57 46 50 49 49 29 33 22 18 32 33 29 37 24
17 27 9 25 26 30 36 36 38 29 38 27 19 23 24 18 19 20 23 26
4 6 12 5 16 1 12 19 16 11 8 15 8 15 11 2 6 12 19 11
17 21 13 17 18 19 32 18 34 17 28 15 23 17 16 7 13 14 28 18
3 1 1 1 1 1 2 1 4 1 8 3 5 4 2 1 1 1 2 7
19 18 7 11 17 21 25 31 20 22 35 22 19 24 3 21 12 21 13 25
5 12 10 10 19 10 14 10 15 18 10 18 2 7 7 5 10 10 12 9
26 19 21 20 39 27 27 28 48 35 37 26 20 32 24 35 26 38 26 25
24 47 29 42 32 53 61 26 59 46 44 31 48 13 32 29 41 32 47 19
13 46 42 30 56 50 63 63 53 61 42 37 30 33 30 32 33 36 45 31
6 8 4 5 11 7 8 9 12 10 19 14 8 18 7 5 3 10 9 12
31 31 34 27 55 43 58 50 68 49 50 42 43 30 38 45 19 47 27 38
1 17 14 13 24 24 32 26 34 26 17 13 18 13 16 8 4 10 19 8
5 9 11 11 12 13 17 17 21 14 14 4 12 15 11 5 7 13 20 7
24 15 26 14 48 23 34 29 53 38 40 34 33 40 27 32 20 41 30 24
16 19 15 20 26 18 23 24 32 20 27 26 17 25 19 12 21 25 26 16
12 21 7 18 26 29 35 29 36 29 33 25 18 16 14 19 12 13 16 22
39 44 33 30 41 37 54 52 46 43 54 39 47 36 21 39 13 34 32 48
28 39 23 28 37 38 58 43 58 39 49 21 37 33 42 16 18 32 41 34
13 15 9 11 14 13 18 23 17 13 22 17 10 20 12 10 11 12 18 18
15 26 19 26 28 25 33 33 34 20 30 28 13 16 25 18 22 23 32 22
21 14 11 18 18 15 24 19 28 15 28 12 16 6 13 19 10 16 18 19
16 24 5 21 9 26 32 16 30 13 26 11 26 6 19 6 14 11 22 14
35 37 19 26 49 39 42 49 49 46 58 52 42 38 32 40 19 38 12 53
23 41 31 32 43 31 46 46 46 39 39 44 27 26 39 28 23 33 40 40
3 10 5 9 11 12 17 5 17 13 14 10 16 2 1 4 7 3 14 9
10 14 19 15 21 8 20 26 20 10 13 14 19 10 15 8 9 15 29 15
2 9 8 7 9 12 22 17 23 13 12 1 9 14 10 1 4 11 18 2
6 7 14 10 15 7 15 18 18 14 7 9 11 15 13 1 8 11 23 9
19 39 20 35 29 35 46 41 37 29 40 29 36 13 27 23 17 17 28 30
14 10 18 9 35 6 30 36 35 27 18 31 22 25 22 10 6 24 24 19
37 40 25 36 47 38 54 37 66 39 54 36 49 28 41 32 22 40 46 37
8 5 1 1 5 2 5 2 7 3 10 9 7 8 7 2 2 4 7 12
23 21 21 9 32 11 31 38 32 27 34 24 26 33 21 18 5 27 29 32
1 9 2 5 6 4 12 9 10 10 4 10 6 1 4 1 4 1 7 3
39 53 28 49 38 54 67 53 65 49 59 26 41 29 42 29 40 39 53 32
6 14 2 13 10 18 28 15 29 13 15 6 18 1 12 3 3 1 12 9
3 3 13 7 13 6 7 21 12 9 4 5 4 14 10 4 5 12 17 1
1 14 6 12 9 11 16 13 11 11 11 14 8 6 3 1 10 2 13 4
39 41 49 44 51 39 59 61 60 48 41 31 36 32 41 40 32 46 58 35
14 18 17 14 31 23 27 22 38 29 30 23 18 29 19 19 17 21 23 19
23 34 35 29 42 25 48 45 48 32 36 35 29 29 38 17 19 37 50 26
21 23 18 21 29 13 29 21 33 24 26 27 19 16 23 16 17 20 26 25
1 3 1 3 1 7 9 1 8 7 7 1 3 1 1 1 1 1 3 1
11 12 6 7 9 7 12 15 14 8 17 10 8 13 10 7 4 5 15 15
20 23 15 29 17 23 37 27 35 18 26 11 23 7 12 15 20 15 31 15
30 47 27 37 34 41 57 43 55 40 49 25 40 24 44 17 24 34 43 33
9 4 4 6 6 8 10 12 14 6 14 7 10 12 9 6 2 8 11 12
38 35 35 15 56 26 44 35 56 45 50 44 44 43 24 43 19 43 31 45
13 12 24 9 26 13 35 26 39 22 16 11 23 19 23 8 6 16 33 13
1 4 4 3 3 7 2 11 3 4 7 1 2 9 3 3 1 4 6 1
9 26 17 30 17 29 28 29 25 20 26 17 13 9 9 13 26 24 33 7
23 20 35 22 41 18 44 46 46 34 24 26 26 21 27 23 15 33 43 19
6 13 5 7 9 8 15 12 11 15 15 12 9 8 5 4 6 2 12 13
31 39 36 27 46 42 65 50 58 54 52 28 45 39 23 30 29 45 54 19
36 40 16 38 10 42 51 27 46 32 51 9 34 11 25 24 32 30 39 24
22 17 8 19 17 13 20 16 28 11 31 17 22 15 18 16 13 16 23 23
23 29 23 35 29 32 37 40 38 30 36 24 26 16 15 25 31 35 39 18
3 7 4 6 13 5 10 13 9 6 13 18 7 10 6 2 4 7 11 10
49 34 27 33 50 35 38 46 56 47 58 44 37 46 34 50 35 53 32 47
3 9 2 12 3 8 13 8 11 2 8 5 11 2 1 1 10 3 15 1
2 7 4 3 6 2 6 10 6 6 8 9 1 11 3 1 4 4 8 5
27 26 8 27 14 30 35 13 37 24 40 15 27 13 20 14 24 23 28 18
30 50 29 48 38 50 62 36 57 49 43 37 46 10 37 23 34 32 32 28
9 6 1 4 8 6 15 11 17 7 20 10 21 11 3 6 1 11 12 15
4 1 1 5 5 6 9 8 10 4 9 9 12 5 5 5 1 5 5 10
8 16 4 19 12 21 24 21 24 12 18 15 20 3 15 10 9 4 13 12
29 42 35 13 48 36 60 58 51 48 52 34 48 46 33 32 18 29 37 51
8 16 5 19 11 24 23 27 21 16 20 10 10 7 10 13 10 10 13 6
19 21 9 16 22 27 28 28 26 17 43 19 25 30 13 16 18 27 26 26
21 21 8 18 20 20 27 26 31 20 28 23 12 15 21 17 14 15 17 22
1 3 1 1 3 1 3 2 5 5 4 7 7 1 1 1 2 1 6 7
2 4 1 7 1 7 14 6 15 4 7 1 10 3 2 1 4 2 9 3
9 28 17 21 19 29 33 30 22 26 31 9 23 22 13 4 24 22 37 9
15 37 15 29 20 40 45 42 33 31 40 19 26 17 17 17 23 13 29 25
5 7 2 7 3 8 17 10 18 2 8 5 14 4 8 1 5 3 16 6
5 1 1 1 5 1 6 3 10 4 6 9 5 8 4 1 2 3 7 10
12 10 16 8 15 5 22 27 26 12 14 6 11 17 20 8 2 14 25 13
6 20 14 24 14 23 22 26 18 16 18 13 11 10 6 9 20 16 24 1
18 43 42 33 47 42 58 62 45 51 39 39 32 40 39 21 27 34 55 23
10 5 13 1 16 3 17 19 19 14 14 11 11 24 17 2 1 17 19 12
37 41 15 38 36 43 48 35 47 42 59 39 38 30 26 32 42 45 37 37
32 35 24 26 45 30 44 43 56 44 47 39 36 38 49 29 17 35 25 47
20 25 22 16 33 32 44 53 38 38 41 23 25 34 19 23 17 31 28 25
1 10 1 1 9 13 19 20 14 16 17 8 7 11 1 6 3 3 5 12
10 5 1 1 9 2 7 10 9 4 16 14 13 9 5 7 1 7 9 17
1 6 4 5 3 8 10 9 10 4 9 1 10 9 5 1 2 5 13 2
29 45 28 38 39 38 57 46 56 39 44 30 38 28 43 16 25 36 48 29
21 51 41 32 50 43 60 46 48 48 52 37 38 34 34 31 36 30 55 46
6 9 8 3 12 6 9 13 13 13 15 12 5 21 10 4 4 12 13 12
33 42 15 39 30 40 50 41 49 30 53 30 35 24 34 27 26 28 35 35
7 3 10 4 16 8 21 23 26 12 12 12 17 15 15 6 2 15 19 12
18 26 14 26 24 22 34 34 35 24 26 25 17 7 21 18 15 15 21 22
8 8 4 8 4 6 17 10 18 2 11 3 15 2 10 3 3 1 14 9
13 12 6 18 6 17 19 16 18 5 18 6 17 6 9 10 13 8 20 11
19 42 35 30 45 50 64 50 60 54 46 30 36 35 31 27 29 34 46 24
17 27 9 18 24 31 39 36 34 24 40 25 33 26 16 16 13 22 22 29
15 12 7 20 13 19 22 24 24 13 25 14 17 4 5 19 16 16 16 12
28 23 13 24 19 19 31 19 34 9 36 20 37 16 22 17 12 24 31 29
2 6 13 7 13 4 12 20 11 11 3 6 7 11 10 1 5 9 21 2
29 40 34 31 50 39 58 52 60 45 47 37 49 22 33 38 11 32 31 38
26 18 6 23 14 23 37 28 39 13 34 15 31 8 11 21 17 22 25 19
1 1 1 1 1 1 4 3 4 4 4 1 2 5 1 1 1 1 4 2
10 10 5 11 26 11 16 20 30 17 24 28 17 18 20 13 6 16 10 22
18 16 9 12 17 24 36 21 37 23 33 12 28 11 2 22 10 18 18 18
1 2 6 5 8 4 9 13 12 2 6 7 5 11 7 1 3 6 14 5
7 7 6 11 6 9 10 18 12 9 10 7 2 8 4 8 10 8 15 6
12 15 15 14 17 10 21 20 25 12 19 10 23 12 17 10 8 13 27 16
15 23 13 28 22 27 31 33 35 22 28 18 14 12 14 14 21 21 26 10
24 38 28 24 29 36 46 38 35 40 38 8 23 19 19 28 28 17 37 26
6 8 6 7 8 3 13 9 13 9 5 8 8 1 6 3 6 1 13 9
1 14 19 17 22 15 24 24 25 20 5 16 6 9 11 4 15 13 24 4
11 15 17 6 33 17 31 22 36 26 21 27 24 21 12 19 12 21 21 19
29 41 52 34 58 37 61 51 62 52 46 40 39 38 41 36 27 47 61 29
1 7 1 6 1 9 5 3 4 4 9 1 5 1 1 1 3 1 5 1
1 4 3 5 2 10 6 12 4 4 11 1 5 10 3 3 1 4 9 3
12 22 12 25 19 26 28 29 27 19 25 22 9 14 12 13 21 20 25 10
3 11 4 12 5 13 14 15 11 10 14 9 9 7 3 5 8 2 11 5
6 21 20 16 34 27 37 37 38 35 26 24 18 24 22 13 7 17 22 18
17 9 19 9 24 5 18 28 22 15 18 17 9 23 22 9 7 21 28 14
19 41 21 29 34 46 58 45 45 44 45 22 34 17 18 26 30 17 36 27
6 7 1 6 4 5 13 8 15 1 14 6 18 1 4 3 3 3 13 10
21 26 15 24 29 25 41 37 42 23 36 24 37 21 28 13 13 26 35 23
38 47 31 37 51 43 54 53 55 53 56 44 34 41 38 39 34 39 42 48
5 9 8 7 13 7 14 19 17 9 4 12 11 10 15 1 5 7 16 8
9 10 1 7 10 12 22 15 19 10 21 13 21 10 5 8 4 10 10 13
21 46 34 33 39 51 57 57 41 51 44 23 29 32 26 29 41 23 45 28
12 3 6 1 22 1 9 15 23 14 22 19 9 27 16 12 4 23 10 19
40 54 45 40 55 46 64 57 56 57 55 51 49 35 27 45 24 45 35 51
26 30 30 20 41 32 49 46 43 39 48 21 34 38 27 28 19 30 42 38
36 46 30 44 41 43 61 58 58 39 54 34 47 32 39 31 24 41 51 36
1 2 1 1 1 5 8 7 8 2 3 2 4 1 4 1 1 1 3 2
5 16 13 8 18 11 21 25 20 22 16 17 7 22 11 1 11 11 19 13
2 14 8 12 9 11 14 13 12 13 15 10 8 13 3 1 10 6 16 5
37 52 39 45 60 47 67 64 68 50 59 57 50 29 42 43 25 47 39 51
20 29 28 37 35 34 45 44 47 35 34 29 26 20 22 23 33 42 44 16
6 5 2 4 1 5 12 8 13 4 8 3 12 3 7 1 1 1 9 8
12 12 5 15 1 20 18 18 15 13 21 4 11 11 6 12 10 10 15 9
11 11 3 3 16 9 19 20 17 13 21 21 15 19 10 9 4 13 10 20
36 35 23 38 33 31 45 37 49 33 48 28 29 23 26 30 25 34 40 30
16 10 15 16 14 16 25 29 27 11 22 8 18 18 18 13 9 18 26 16
18 24 29 24 38 22 42 42 43 28 24 30 23 14 22 26 19 26 36 26
12 33 24 18 30 31 41 24 31 37 29 21 20 21 14 12 25 15 33 23
15 22 30 17 30 10 33 38 33 25 13 19 17 19 28 8 12 23 39 12
5 4 4 6 3 9 12 18 15 8 10 3 1 9 5 7 5 8 10 4
14 18 13 15 17 18 25 21 28 17 25 12 19 24 18 5 12 20 30 14
23 24 19 17 37 20 40 30 47 28 34 31 35 17 28 26 5 21 22 36
38 56 40 50 57 56 71 58 69 61 60 42 36 31 44 44 44 42 52 46
14 27 17 25 25 33 40 32 34 33 30 24 14 20 13 17 24 18 28 18
19 13 10 13 17 6 17 14 22 6 24 18 21 15 18 13 4 13 20 25
22 43 37 35 43 34 47 50 45 42 41 36 22 29 37 30 25 36 48 39
7 8 11 11 20 9 21 24 26 15 17 16 19 16 7 9 9 18 21 12
30 23 14 22 30 25 38 41 43 27 37 29 29 17 19 29 15 26 21 31
9 28 12 21 24 33 36 38 29 24 37 24 29 18 17 15 12 15 20 27
21 27 29 17 37 21 48 43 48 38 30 24 32 30 38 16 1 24 33 28
9 6 6 6 7 10 15 10 16 11 11 5 8 6 8 7 4 4 9 12
13 8 10 8 21 18 29 24 34 17 23 16 21 12 12 15 5 15 17 17
1 2 4 2 7 5 10 16 15 5 3 6 5 9 10 1 1 4 12 5
20 33 14 37 30 37 42 34 43 30 41 34 31 11 23 20 21 27 22 23
33 38 34 22 59 29 55 51 61 49 47 48 41 37 36 35 13 38 32 47
13 13 10 15 10 19 25 28 26 12 20 6 15 10 15 11 8 13 21 8
39 37 40 32 61 26 53 58 62 47 48 54 45 34 52 34 16 47 38 47
46 46 35 51 51 48 56 57 63 40 61 45 48 35 49 47 40 46 49 49
23 25 18 7 31 21 33 34 28 27 41 29 30 37 12 20 12 25 23 38
35 32 16 30 45 37 49 43 56 48 53 44 33 27 31 39 23 34 19 43
1 2 1 1 1 3 2 4 1 2 7 1 1 7 1 1 1 1 2 5
30 38 25 35 46 37 53 47 55 43 46 40 27 17 32 35 24 32 30 35
4 10 1 5 5 10 14 13 11 8 8 7 7 5 8 2 3 1 9 6
31 49 35 28 45 46 61 57 48 50 53 29 34 33 33 35 38 25 46 43
6 14 8 16 10 16 17 18 12 13 18 14 7 9 4 8 12 7 12 8
29 39 27 35 35 41 56 31 57 33 49 24 41 15 22 32 35 34 47 20
4 8 1 6 6 8 10 6 9 9 16 11 13 9 3 5 4 5 8 11
19 28 26 23 29 39 40 24 42 37 40 17 25 25 15 32 27 29 31 14
1 2 1 5 1 8 5 11 5 2 10 2 2 7 1 4 2 3 5 3
27 39 47 39 61 39 61 60 66 51 50 48 41 30 40 43 32 52 53 45
13 32 44 28 45 25 46 42 47 41 20 30 26 18 35 22 27 32 51 26
13 21 15 23 17 15 24 27 22 17 18 16 15 2 12 16 16 15 26 13
40 41 46 42 60 41 69 66 74 53 55 47 57 39 51 42 15 46 54 34
5 1 2 6 3 8 12 14 14 7 6 1 2 5 2 7 4 5 6 3
1 1 1 6 4 8 7 9 9 6 8 5 9 5 1 6 1 3 5 5
3 6 3 6 7 9 14 11 16 9 15 9 11 11 4 3 3 6 9 9
33 26 16 18 41 19 29 27 38 38 42 44 33 36 20 29 20 35 19 40
26 35 28 40 37 38 55 49 56 43 38 27 33 19 32 19 30 42 48 4
19 24 4 12 26 25 36 22 35 27 45 24 28 29 15 16 22 22 21 30
34 45 28 34 43 45 59 56 53 45 58 30 39 30 35 38 25 31 37 47
4 9 10 17 14 16 19 18 18 12 13 10 13 5 3 6 13 11 20 4
21 41 23 39 34 37 55 31 52 34 31 27 41 4 30 17 24 23 42 21
6 9 1 12 4 13 15 10 15 4 12 6 13 4 6 5 9 5 13 7
12 34 19 22 36 34 46 50 34 43 38 35 25 22 13 23 19 20 19 31
22 37 27 18 43 35 52 33 46 44 45 36 35 31 15 27 27 29 35 35
15 17 7 10 14 23 26 30 23 18 27 13 8 24 15 13 12 15 17 20
1 9 1 3 1 10 13 6 7 6 16 1 6 11 1 1 3 1 8 9
12 19 4 24 17 24 31 29 32 19 29 22 24 3 10 17 13 13 16 17
10 13 4 12 13 11 18 10 20 9 22 13 19 11 7 2 10 14 21 12
10 34 25 26 38 30 36 42 34 36 30 37 13 28 30 17 25 28 31 26
20 28 33 10 53 28 51 56 45 50 42 38 27 46 27 25 18 33 36 32
15 13 16 8 27 11 32 31 37 23 21 20 24 21 23 12 4 19 23 23
1 9 7 10 14 13 17 22 21 12 10 16 14 10 15 5 2 6 11 12
1 4 1 5 10 9 15 15 17 9 2 7 7 3 8 1 1 1 6 4
6 1 1 9 3 11 15 15 17 7 13 5 9 1 1 10 5 7 7 4
9 13 2 11 1 14 22 11 22 5 18 1 17 6 9 1 7 7 20 6
13 18 16 19 15 18 25 31 24 22 16 12 6 13 11 13 18 17 26 7
9 23 15 16 21 20 31 38 27 22 23 18 16 19 23 10 9 10 24 20
23 42 40 26 56 40 64 63 55 58 42 40 41 32 35 28 20 32 40 40
14 13 4 11 4 14 18 16 15 10 21 6 8 6 6 11 9 8 13 11
27 35 34 40 55 41 58 57 66 48 47 48 34 30 39 31 30 49 45 28
18 27 12 20 17 24 33 23 27 20 38 14 24 18 14 13 15 12 26 27
8 13 8 12 12 23 28 22 26 21 16 5 6 7 6 12 9 8 15 3
8 9 4 8 7 8 8 8 6 7 13 10 10 8 7 4 6 4 11 12
43 52 24 41 44 49 62 48 61 51 69 45 56 39 44 35 43 44 49 52
4 14 13 14 19 21 24 23 26 20 16 14 14 12 10 10 9 9 18 6
6 6 5 13 5 14 13 17 15 7 15 7 9 10 4 9 9 8 11 6
4 18 6 9 9 14 23 20 15 14 19 13 15 12 8 1 10 3 20 14
21 35 22 31 22 36 48 36 40 33 38 11 24 20 18 13 28 24 44 17
7 23 23 15 29 24 33 19 38 26 24 19 22 21 12 12 21 21 33 8
18 11 1 19 14 20 19 9 27 10 30 17 18 12 11 15 17 20 14 16
35 40 23 24 28 45 51 46 39 37 58 21 42 32 10 34 25 34 31 38
12 18 20 12 33 10 35 38 36 28 15 24 22 16 23 8 7 19 29 17
30 50 44 38 54 55 74 57 73 56 59 37 55 41 45 42 21 44 54 39
26 32 34 8 47 40 49 48 45 48 50 29 34 48 29 37 28 33 39 43
19 20 9 15 10 22 31 28 27 22 30 10 13 14 12 17 15 14 20 19
7 11 2 15 12 15 19 21 20 14 17 16 6 8 8 7 8 6 10 9
8 22 14 12 17 22 31 28 19 27 22 12 13 17 6 9 18 7 23 17
16 16 1 18 8 22 20 13 19 8 28 11 17 15 10 10 14 14 19 14
8 14 7 4 13 7 18 23 14 16 20 14 13 16 6 7 6 8 18 19
14 17 12 11 16 17 31 23 28 19 23 11 18 11 15 15 5 9 17 19
33 34 24 35 28 34 46 42 46 31 42 21 28 22 29 29 19 27 37 28
14 21 16 14 22 21 31 33 25 25 32 14 19 22 12 13 15 15 27 24
15 19 11 16 25 25 25 34 32 23 31 25 13 23 25 20 6 21 7 23
5 10 13 6 24 7 21 24 26 21 12 19 11 15 11 7 6 14 15 10
26 38 34 26 51 35 51 26 54 44 46 44 41 29 25 38 30 37 40 33
20 13 13 9 25 9 27 23 34 14 23 21 21 16 22 15 1 17 18 27
1 5 4 6 10 10 14 21 19 8 4 7 8 6 14 4 1 3 9 8
11 2 1 4 8 6 13 11 15 5 15 10 20 5 5 10 1 8 7 15
15 14 18 19 32 20 23 21 33 25 26 25 18 21 16 19 20 23 26 19
1 1 10 1 12 1 8 17 12 7 3 8 5 13 9 1 1 11 15 4
20 26 20 17 31 24 42 40 40 30 32 22 30 25 26 19 8 21 29 29
17 26 18 5 33 26 37 34 33 31 45 25 31 40 15 21 17 23 27 36
13 11 13 4 24 15 28 24 32 21 20 17 23 15 9 18 4 16 17 17
30 42 20 45 31 47 50 44 52 37 52 27 39 14 29 29 30 38 34 22
13 23 29 22 32 18 33 40 36 26 19 28 14 20 29 15 19 25 38 22
25 25 21 13 32 24 45 41 41 31 40 29 36 36 21 14 14 34 35 25
13 18 12 10 14 11 23 17 20 18 18 10 17 12 13 9 6 6 19 18
29 39 24 42 41 41 41 28 53 43 45 39 33 26 36 27 42 43 43 30
10 11 5 11 14 11 19 20 21 10 15 17 20 3 12 10 5 6 12 15
16 14 1 20 19 22 22 18 34 14 29 22 21 17 20 15 13 17 11 19
7 4 3 1 16 3 9 8 17 11 16 16 6 14 5 7 2 11 6 14
32 47 53 41 62 47 70 63 71 58 45 40 46 29 45 42 29 47 57 29
21 23 21 8 38 31 42 33 43 37 46 28 30 39 15 30 18 30 26 34
12 11 1 13 9 15 21 14 23 1 22 14 23 4 10 6 7 9 16 15
1 1 1 2 1 5 8 7 9 1 2 2 3 1 1 1 1 1 5 1
11 11 9 17 11 19 17 21 20 9 23 8 19 12 9 12 13 20 22 9
12 10 14 11 15 10 21 15 24 11 16 7 18 14 15 6 6 10 23 16
4 9 13 11 13 9 9 19 12 12 9 8 8 13 10 5 8 10 20 5
27 28 25 31 32 30 46 35 50 31 35 22 27 25 29 13 26 35 44 18
24 24 23 27 27 26 43 35 45 28 31 23 36 21 31 12 23 33 46 13
26 24 18 29 26 28 42 39 48 21 35 19 30 17 26 17 21 31 39 19
11 12 5 12 11 11 16 9 19 9 20 15 20 9 9 6 10 9 18 17
24 29 16 24 17 30 35 32 27 24 43 14 27 18 16 24 16 19 28 29
3 21 13 11 18 22 30 29 24 25 19 10 13 22 14 1 13 9 24 12
1 1 1 3 1 4 5 8 7 1 4 4 3 3 2 2 1 1 5 5
24 27 22 22 28 32 47 39 46 30 45 9 23 26 23 22 18 28 36 27
13 6 8 9 15 11 14 17 23 6 25 13 16 19 17 11 6 19 20 18
20 26 23 20 43 20 40 38 46 34 32 43 24 17 26 26 19 30 28 35
18 8 1 7 19 7 10 9 24 14 24 24 15 22 19 16 10 18 7 25
24 23 26 25 34 19 39 42 39 29 34 26 28 25 23 20 15 32 38 25
18 21 9 9 27 19 23 22 24 29 37 24 21 31 18 20 20 16 20 35
6 15 3 11 11 19 21 24 14 14 23 15 15 12 5 10 10 7 13 13
40 46 26 34 39 51 57 35 60 46 65 17 42 39 34 36 41 41 48 38
10 18 20 10 21 20 30 12 31 20 20 8 25 13 14 19 11 12 25 13
26 33 16 28 26 37 54 42 51 31 45 16 34 21 24 19 22 29 38 25
41 36 21 25 41 28 46 32 51 38 55 44 45 37 20 32 22 39 26 45
26 50 50 49 61 42 63 62 63 52 43 54 45 29 53 37 23 45 58 48
24 24 23 20 24 31 51 38 49 34 38 11 30 25 23 17 16 31 40 12
11 7 6 9 15 15 18 10 24 15 22 14 12 14 10 12 5 10 8 16
26 45 33 42 35 51 56 29 55 45 47 29 39 24 21 34 46 37 47 14
6 14 9 15 16 15 17 22 16 14 14 20 1 9 8 10 14 13 13 8
17 20 11 13 17 17 30 26 28 14 31 17 26 18 18 13 1 14 21 26
4 4 10 9 12 9 8 17 10 6 12 11 13 14 10 7 5 11 18 11
19 47 37 30 47 42 64 50 55 48 44 27 41 31 33 19 24 26 49 34
1 3 1 1 1 2 5 6 4 6 5 1 3 7 1 1 1 1 5 3
15 10 9 17 21 20 26 26 31 19 27 22 17 14 7 19 13 18 16 17
10 28 11 26 18 24 30 16 26 23 27 22 20 8 11 6 24 21 29 12
26 40 22 31 31 43 56 35 53 37 47 22 35 20 22 27 24 24 36 27
4 7 3 8 10 11 15 11 18 11 14 11 6 9 5 4 5 4 8 8
1 4 1 5 1 9 6 6 5 7 10 1 4 5 1 3 1 1 3 3
1 2 1 1 2 1 7 5 8 1 1 6 5 1 4 1 1 1 2 2
16 14 11 8 23 20 30 22 37 21 25 16 15 17 18 18 7 16 17 19
14 20 15 22 27 24 30 30 35 21 29 31 30 11 23 18 8 20 10 26
19 14 8 14 26 23 27 17 39 25 33 21 20 23 18 22 16 21 18 21
32 37 30 34 29 31 44 48 41 33 39 21 26 25 29 30 25 28 41 28
13 23 13 16 20 24 29 30 23 20 31 20 16 26 15 10 18 13 27 23
39 28 31 19 55 27 46 43 60 50 55 40 44 50 37 38 20 45 39 40
10 10 2 15 8 19 20 20 22 11 19 8 13 1 7 13 8 10 9 6
5 7 1 6 1 10 12 8 10 7 11 5 11 7 5 4 1 1 7 8
14 17 6 14 24 18 23 33 25 20 29 28 11 20 12 17 12 20 13 20
4 2 1 2 2 6 3 5 5 2 12 5 3 8 2 4 1 3 1 7
11 17 16 11 23 14 28 15 31 19 23 17 22 15 13 11 11 12 26 18
20 31 26 16 40 25 46 42 38 34 43 26 31 34 23 20 20 23 38 38
31 46 39 24 51 48 68 61 59 51 58 33 53 45 33 39 14 33 44 50
12 30 27 29 30 27 40 41 39 27 31 24 17 19 27 17 22 27 40 22
4 8 2 9 3 10 10 14 9 8 10 5 1 3 1 7 8 4 6 1
6 4 1 6 7 7 6 8 8 1 11 12 9 10 5 5 5 6 7 11
26 40 34 31 35 27 44 44 39 35 29 31 26 27 33 22 14 27 43 28
13 18 8 13 13 18 24 23 22 9 31 13 23 18 12 10 9 13 23 22
25 36 23 31 32 39 54 33 58 37 42 24 43 18 36 19 22 31 43 26
6 3 1 4 1 5 11 9 13 3 7 1 9 1 5 4 1 1 7 6
20 16 26 12 29 10 32 37 36 27 22 22 18 29 29 12 4 23 35 11
11 33 19 10 30 33 48 30 36 35 38 19 33 21 24 16 14 3 25 35
19 14 16 19 29 21 35 29 43 19 30 22 24 21 20 15 15 27 31 20
19 20 13 22 30 23 43 39 47 27 31 24 33 18 21 15 13 27 29 19
9 1 3 5 5 8 13 12 16 6 12 3 8 6 5 5 1 5 9 10
10 19 16 15 26 12 24 25 24 26 16 28 15 9 7 16 16 20 16 16
3 6 3 6 2 11 7 12 3 6 11 1 5 9 3 5 2 4 7 3
25 23 14 22 24 29 37 32 40 25 38 25 33 19 4 25 18 29 20 22
35 40 27 42 49 38 41 49 55 43 47 54 32 29 43 41 40 44 38 45
21 32 24 34 28 31 41 33 42 31 33 26 32 18 25 16 31 37 45 18
9 13 12 13 14 10 19 21 19 11 14 16 19 9 11 7 11 10 23 13
16 11 7 8 14 2 14 11 22 8 18 13 11 9 15 10 3 9 14 20
4 1 1 3 5 4 8 8 11 1 8 6 14 4 4 3 1 5 12 9
27 19 16 22 33 24 39 44 45 21 39 30 34 24 28 28 9 29 25 34
15 37 42 33 51 34 55 58 54 53 28 41 28 25 44 25 21 36 46 21
34 39 31 31 56 34 48 36 61 44 49 47 47 35 39 39 26 38 40 43
44 37 23 37 33 44 53 42 57 39 58 25 45 30 25 36 32 49 39 32
41 53 38 51 47 57 70 56 68 52 58 33 48 26 43 45 23 36 45 42
25 47 27 45 35 48 61 50 53 44 44 28 30 12 28 26 29 25 37 26
3 6 1 1 1 6 8 5 5 6 8 4 5 7 3 1 1 1 5 8
3 10 7 8 9 8 14 13 13 11 12 9 13 10 6 2 6 6 17 7
18 34 26 36 41 35 47 46 46 38 31 45 29 7 31 30 23 28 25 34
48 47 30 38 51 48 58 52 59 51 71 38 46 43 43 50 43 43 42 57
2 9 15 1 16 14 26 26 23 25 11 2 5 21 11 3 2 10 19 6
24 37 25 23 31 40 48 50 33 39 49 26 33 31 18 32 35 22 39 34
8 30 29 29 38 35 46 42 44 40 23 25 25 18 25 16 17 21 33 13
15 8 1 9 20 10 8 10 26 14 18 24 10 17 20 13 10 15 2 21
8 6 4 5 5 3 9 7 11 4 8 8 9 7 7 1 5 3 12 12
13 11 6 6 10 8 12 11 16 10 17 13 10 16 12 7 6 9 15 17
23 20 12 14 21 24 33 22 36 27 38 12 19 22 16 24 14 19 23 25
28 37 21 34 44 39 45 30 58 40 43 38 39 24 34 29 28 30 31 34
20 41 33 22 38 37 54 50 41 38 48 22 38 34 26 23 32 25 51 35
18 16 15 20 29 22 32 43 35 24 28 24 22 17 18 23 12 26 22 20
28 36 29 35 36 39 55 40 59 33 35 21 42 22 39 23 13 29 46 26
8 33 21 29 28 27 38 32 31 29 23 32 23 6 26 14 19 14 27 23
20 7 8 11 28 13 22 22 35 23 32 23 18 26 18 19 10 25 16 24
3 9 3 5 10 4 12 9 11 13 13 13 10 7 1 4 5 4 8 10
6 6 3 4 10 11 16 8 16 13 14 8 10 2 1 10 4 4 8 10
2 1 1 3 1 4 6 2 5 1 7 3 12 2 2 1 1 1 9 7
11 18 13 20 18 16 21 21 17 14 20 21 20 3 10 13 15 13 22 16
6 6 3 7 4 6 7 6 8 4 10 8 11 3 5 2 4 1 11 10
11 5 1 9 1 11 14 14 15 5 10 1 7 3 6 10 7 7 9 8
13 9 10 13 22 11 8 18 20 17 24 19 8 26 17 14 12 20 16 16
35 17 27 24 45 28 40 36 59 39 43 33 37 42 38 34 19 44 36 27
11 15 13 11 19 11 29 24 32 15 23 15 23 17 18 7 7 16 27 17
12 13 11 12 13 12 18 20 19 7 23 6 15 17 16 8 4 12 23 15
40 36 25 40 30 36 50 38 58 31 49 14 34 23 35 27 27 41 49 25
3 6 7 7 11 14 16 7 16 12 12 8 16 7 3 8 5 4 12 10
45 49 30 39 49 52 71 53 72 48 65 42 55 28 28 46 18 42 33 46
23 30 11 30 22 28 42 33 38 20 35 21 35 9 19 14 21 25 34 17
1 11 12 10 12 10 11 18 11 12 10 8 7 14 8 4 8 9 18 5
19 12 7 17 19 20 22 20 33 10 27 18 20 22 24 12 15 24 23 17
42 34 37 28 52 22 50 49 55 40 54 44 46 48 43 32 14 48 51 33
5 3 2 5 5 6 10 10 12 4 6 10 7 4 6 4 4 2 8 9
25 36 25 15 38 39 56 43 51 37 49 25 42 32 14 26 16 28 33 35
17 53 40 38 50 46 65 44 56 53 42 40 41 19 34 32 29 30 48 35
6 10 17 13 19 12 19 24 24 20 14 10 12 19 14 6 9 15 24 5
15 17 9 14 17 14 29 22 31 15 25 15 27 13 11 10 11 16 25 17
47 52 34 36 62 47 65 62 64 62 69 48 46 46 41 51 42 44 42 59
16 13 12 17 14 13 19 26 24 11 25 11 18 9 11 16 10 16 24 16
40 27 17 34 30 36 43 32 49 28 50 26 38 23 24 35 30 39 33 34
5 28 13 19 26 29 36 34 27 29 28 23 16 22 14 6 18 11 26 20
8 4 11 3 15 5 17 20 23 12 12 12 11 18 16 6 3 15 19 15
10 31 32 28 38 30 41 31 44 32 28 29 26 13 25 19 27 29 45 24
1 4 1 5 3 5 3 6 3 3 8 7 5 4 1 2 3 1 4 5
17 25 16 27 37 26 35 35 41 32 29 41 18 10 27 25 18 25 17 29
19 19 17 14 30 23 27 16 38 32 31 22 16 25 16 28 24 26 25 17
2 2 1 4 4 3 6 5 8 4 5 6 9 1 2 3 2 1 7 6
22 32 22 22 30 40 48 28 49 39 46 13 29 33 24 18 30 34 42 20
11 4 12 6 21 4 21 21 27 14 16 16 20 19 14 4 4 18 24 15
39 36 29 35 47 46 44 29 62 43 57 37 48 44 38 41 40 50 44 38
19 18 10 16 26 13 14 16 24 26 28 28 17 29 20 15 18 21 17 25
24 39 29 25 46 42 54 54 52 41 56 34 41 42 43 31 24 30 40 47
14 36 17 22 21 28 45 29 29 26 35 14 30 16 15 8 25 11 36 24
41 26 17 20 32 26 41 36 49 29 54 32 37 30 19 39 14 36 22 41
6 9 7 14 8 11 9 15 7 9 8 10 4 1 1 9 13 7 11 3
15 34 21 34 34 35 44 29 46 33 29 33 25 14 25 13 28 27 36 18
17 23 10 15 30 30 40 28 40 30 38 28 28 22 11 22 13 20 17 26
39 41 33 31 46 50 69 49 73 51 52 28 50 31 29 36 30 51 48 25
23 31 20 35 21 32 40 35 39 25 33 23 21 12 18 18 31 28 39 16
7 12 8 6 16 9 16 20 18 15 18 19 10 17 8 7 7 12 12 14
5 9 3 7 8 9 9 12 7 8 16 13 8 9 3 7 6 6 7 11
20 23 15 28 28 26 33 36 40 16 35 28 30 16 28 22 13 21 26 29
9 17 12 9 24 22 32 39 29 26 25 16 21 24 20 12 6 17 20 22
18 8 5 10 19 13 22 17 30 12 24 21 18 14 20 16 6 14 10 24
21 37 21 29 33 34 52 26 51 31 36 23 44 8 22 20 23 24 40 19
21 13 7 22 20 18 14 19 29 15 30 18 14 22 17 18 21 26 22 17
4 1 1 2 6 2 4 9 6 1 11 11 6 3 1 6 1 5 2 10
23 23 20 26 21 26 39 28 40 21 29 14 29 15 22 21 8 17 31 23
5 15 7 10 17 12 23 20 21 19 10 18 7 9 10 1 7 5 15 11
21 34 21 21 30 26 44 38 36 29 37 32 33 19 14 21 17 23 27 31
13 13 4 14 13 13 20 14 24 6 19 17 14 9 12 5 12 10 19 14
33 27 22 27 50 22 34 45 51 35 39 49 35 35 38 32 23 38 30 43
27 48 43 28 56 48 60 64 52 56 53 46 45 44 49 33 30 33 41 50
15 36 21 24 29 33 48 33 41 31 35 18 34 16 17 18 16 16 37 21
6 1 1 1 8 1 8 2 12 5 9 10 9 4 3 2 1 4 6 13
3 20 14 16 20 18 23 26 18 19 20 20 15 15 7 7 15 18 25 12
8 21 15 10 22 23 34 38 29 28 22 15 18 26 23 7 10 13 26 20
46 39 44 42 43 38 57 57 61 41 54 25 49 37 45 40 20 51 59 27
22 26 13 14 29 27 35 10 46 32 40 22 30 28 22 23 22 23 22 27
3 7 3 1 4 9 18 9 16 13 7 1 6 5 3 2 1 1 9 6
1 7 1 1 1 9 6 11 1 7 9 1 1 9 1 2 1 1 3 2
32 60 52 47 53 54 68 75 55 57 53 34 33 38 46 41 44 44 65 43
23 21 18 28 27 26 42 40 45 28 32 21 29 19 17 18 24 36 36 12
42 45 39 40 42 36 64 48 66 46 49 31 51 38 51 24 21 45 62 19
9 18 24 16 27 19 29 33 25 31 15 17 11 21 16 9 15 21 29 10
29 50 39 35 55 54 71 61 64 61 59 39 45 33 30 41 32 40 45 39
31 54 30 51 34 57 61 52 51 49 55 29 35 22 26 32 52 43 52 27
3 3 2 2 6 4 10 12 11 3 5 10 9 8 9 1 1 3 9 9
18 36 25 29 34 29 48 34 42 37 30 28 32 8 28 19 8 13 22 28
22 31 28 21 43 26 40 41 38 38 40 33 25 34 28 22 24 31 39 37
31 54 51 25 60 48 67 58 57 60 57 42 48 47 24 45 29 44 51 45
1 13 9 11 9 10 14 16 12 11 9 5 6 9 2 1 9 7 19 1
9 50 37 22 50 50 60 48 45 57 38 37 36 22 27 31 31 19 37 33
1 2 1 2 1 5 2 1 2 1 7 1 4 2 1 1 1 1 1 1
18 9 9 5 20 6 14 18 26 11 19 20 11 23 24 11 9 18 18 22
5 5 6 1 13 1 2 10 10 7 11 11 1 18 9 3 3 11 11 9
11 25 19 15 34 19 30 38 29 29 24 34 25 18 13 17 7 22 15 21
14 19 23 7 45 18 37 27 50 33 27 33 26 28 29 22 14 28 30 25
6 14 27 12 34 16 28 27 31 28 13 21 15 21 14 10 14 23 30 11
7 17 16 12 19 24 25 13 28 25 20 10 14 7 3 22 19 16 19 2
22 28 19 19 40 25 45 31 47 35 36 38 37 17 21 24 10 19 20 35
1 9 5 4 5 10 10 18 10 12 11 4 2 13 3 3 5 5 10 4
26 25 21 11 45 27 39 37 48 38 38 41 31 32 18 32 8 30 16 36
1 17 9 11 10 16 14 20 5 16 18 11 10 15 3 5 12 5 16 10
2 2 4 1 6 3 10 13 14 4 1 7 6 7 9 1 1 4 10 4
5 24 13 15 21 27 27 37 21 24 26 19 16 22 16 12 14 11 18 19
38 34 41 19 52 33 63 52 65 51 49 43 51 48 29 33 8 45 36 35
28 38 39 27 45 34 53 47 52 46 42 23 25 32 28 31 26 38 49 27
10 16 6 12 14 12 27 16 27 16 15 10 18 3 18 7 1 3 11 15
1 8 5 11 6 9 15 15 12 7 4 9 8 1 2 1 8 1 16 2
7 8 1 5 2 10 10 14 5 7 15 5 3 11 3 4 5 5 10 9
6 1 1 3 7 4 7 11 10 1 12 13 9 5 2 8 2 7 3 12
3 12 4 4 9 17 25 13 18 18 17 6 13 9 4 5 5 1 13 12
28 40 29 33 47 42 46 35 54 52 45 42 26 31 31 39 41 39 35 36
19 32 14 19 21 29 37 31 23 24 41 15 36 23 14 14 24 19 36 26
11 14 12 10 17 9 21 25 25 10 15 11 16 13 22 6 1 10 19 18
1 16 12 19 14 20 23 23 19 20 14 12 4 8 3 6 15 10 18 1
5 7 1 8 4 11 12 16 10 8 16 7 9 4 1 8 5 5 7 6
33 50 47 43 62 44 61 40 72 50 56 48 50 35 46 42 42 56 64 41
17 15 11 16 19 24 37 21 39 15 27 11 31 7 10 19 12 15 23 16
4 6 9 1 17 11 19 19 22 17 16 10 9 16 6 9 1 11 11 12
14 13 5 11 15 14 20 13 28 16 28 16 13 24 14 10 12 18 15 17
1 5 1 5 3 10 11 7 10 10 9 1 2 3 1 3 2 1 1 1
28 34 33 21 44 30 50 51 47 42 42 39 41 41 18 24 13 40 26 27
9 17 12 10 12 19 28 25 25 23 18 5 7 12 5 10 12 8 22 9
23 14 7 18 26 20 29 32 40 18 35 28 25 22 18 22 13 28 21 25
18 26 24 26 36 31 47 40 50 31 33 24 32 17 21 24 20 24 37 22
1 11 8 9 10 12 19 13 15 17 11 8 7 9 1 2 7 1 14 5
17 25 31 20 43 18 43 43 45 41 21 35 21 29 35 12 14 28 37 18
27 18 14 21 19 16 23 24 29 13 30 18 19 13 19 24 8 21 23 25
1 1 1 1 2 4 7 8 7 1 2 5 4 3 4 1 1 1 2 5
30 56 31 49 37 60 63 55 49 51 55 29 39 28 27 30 50 35 49 29
4 10 10 9 11 10 15 14 15 10 13 7 15 14 11 2 7 11 22 8
11 15 5 17 18 20 28 20 29 13 22 22 30 5 16 13 8 12 13 21
15 12 1 15 16 18 25 17 34 10 24 17 18 14 18 8 10 15 18 16
24 33 26 28 37 21 37 40 40 28 28 35 25 23 34 19 12 24 35 32
1 3 1 1 1 5 11 4 8 5 12 6 8 5 1 1 1 1 1 8
1 9 3 9 8 8 9 18 7 8 3 11 4 1 3 1 4 1 7 1
12 11 13 10 22 12 25 26 31 16 24 18 19 21 19 9 6 18 25 18
6 5 9 2 15 8 15 23 18 16 18 11 10 21 8 9 1 17 12 11
3 7 2 11 4 14 17 11 19 8 12 3 10 4 2 4 7 4 11 2
10 17 7 3 12 10 23 18 16 17 22 9 17 15 7 7 8 6 18 21
20 25 19 26 30 29 40 28 43 24 27 26 23 16 20 16 22 20 33 20
7 26 34 22 36 24 39 33 40 35 16 27 19 16 24 17 25 25 41 19
15 30 20 24 29 23 40 34 39 28 29 23 31 12 28 15 5 14 23 26
31 27 23 31 33 39 45 34 49 31 44 19 37 22 17 33 30 38 39 24
28 47 30 44 39 45 56 58 47 40 48 34 36 12 32 33 26 31 35 34
34 26 16 32 35 33 36 35 49 33 41 37 28 13 36 36 22 32 12 36
5 8 2 5 6 13 12 13 13 8 20 5 7 18 7 4 2 7 11 12
12 17 6 17 6 16 20 12 20 8 21 6 20 6 9 7 11 6 21 12
35 38 31 34 38 39 60 46 58 46 50 30 36 38 37 18 31 44 54 22
15 24 15 15 31 26 32 22 37 33 34 21 18 30 18 18 22 19 27 24
35 36 16 24 32 44 51 41 51 40 64 27 41 39 28 33 34 42 36 38
10 20 9 14 13 13 24 15 19 17 22 13 16 15 9 2 12 8 23 15
4 9 5 11 8 9 12 13 12 14 11 9 2 5 1 7 10 4 8 5
15 18 9 17 28 21 22 31 31 23 32 30 18 23 26 19 9 20 11 27
9 3 1 6 6 7 10 14 13 10 16 9 9 2 1 14 5 11 3 7
5 7 2 1 9 11 17 8 16 15 16 6 4 14 4 3 1 4 4 12
3 6 3 1 6 3 7 8 8 7 9 7 9 9 4 3 2 6 10 7
26 46 40 39 51 50 61 67 53 58 50 39 30 35 37 30 31 39 35 34
10 8 6 13 6 17 19 21 20 9 18 9 13 12 10 10 9 10 16 10
3 3 1 1 7 1 3 6 10 5 8 9 1 11 3 1 1 5 5 6
32 34 22 43 48 40 47 43 58 43 46 48 30 20 35 39 39 42 33 37
23 36 19 23 35 28 46 43 40 36 42 34 37 22 27 24 8 19 24 42
23 34 22 38 39 31 42 40 48 28 38 41 30 17 36 27 26 28 36 35
20 26 11 17 28 30 44 20 45 29 36 24 37 18 13 17 17 24 25 21
29 20 11 12 40 26 38 32 48 36 42 41 29 29 20 33 9 29 6 38
16 18 5 22 8 22 22 12 24 12 24 11 28 7 12 9 19 18 26 11
5 24 17 25 22 24 26 27 23 20 19 26 10 9 14 11 22 16 25 13
31 44 37 39 52 42 62 43 64 46 54 43 43 21 27 45 35 45 48 38
37 27 24 12 42 20 44 33 51 33 43 38 36 33 22 34 3 32 21 44
17 29 21 25 27 26 39 23 37 22 32 17 33 9 12 16 21 21 38 18
2 11 5 6 6 5 12 12 5 10 4 7 3 5 2 1 7 1 13 3
15 17 18 17 20 12 24 21 23 18 14 13 17 8 15 14 7 8 24 16
1 1 1 1 3 1 3 4 7 3 2 2 2 7 3 1 1 2 9 5
1 5 5 5 12 4 8 16 14 7 5 13 4 10 8 1 2 5 10 5
23 10 21 8 33 7 28 26 42 20 25 22 21 27 30 19 4 27 27 30
6 20 16 15 26 20 32 33 30 25 25 22 25 21 23 7 6 18 23 16
20 22 19 20 25 22 23 34 26 27 30 16 6 26 18 20 21 27 27 17
11 31 17 20 25 32 40 22 28 32 31 20 27 14 6 10 25 15 31 21
16 19 20 16 41 32 45 35 54 33 38 29 33 28 21 30 14 33 26 23
7 4 12 2 11 1 13 16 16 4 3 1 8 11 15 1 1 9 21 8
2 2 7 1 8 3 10 9 14 9 2 3 5 8 5 1 2 5 10 3
51 38 19 35 36 36 46 33 63 34 60 43 56 32 43 37 33 50 38 47
40 41 24 35 43 45 53 44 59 46 58 34 37 42 38 38 31 34 38 46
7 3 5 7 9 8 12 16 17 9 11 7 9 9 7 9 6 11 14 9
47 29 11 35 31 31 37 28 53 27 57 31 46 28 32 36 31 46 34 38
6 9 2 9 6 6 9 8 10 1 17 9 17 2 4 4 4 2 14 13
10 19 12 7 22 22 34 19 28 29 29 16 24 21 5 16 13 13 20 22
2 5 1 4 3 8 7 11 6 5 11 6 6 6 1 7 3 4 5 6
7 1 12 5 16 7 19 21 24 13 9 9 15 15 15 7 1 15 18 11
16 23 25 12 25 20 35 42 26 35 27 12 16 31 20 13 16 21 38 11
6 8 3 7 5 5 19 9 20 5 12 3 14 1 7 2 1 1 13 10
10 10 10 12 14 14 25 22 25 16 13 11 13 1 3 13 11 9 19 8
6 5 1 1 6 4 10 4 11 10 10 8 10 7 5 3 1 4 6 12
1 1 1 4 1 6 8 8 10 1 6 1 7 6 2 1 2 2 11 4
23 45 38 23 51 44 57 49 51 56 40 45 34 32 11 38 24 37 24 31
25 55 42 48 56 55 73 58 69 55 57 46 46 20 34 44 39 45 56 38
22 30 21 32 45 31 32 40 47 40 34 43 20 26 34 28 23 32 19 30
32 25 31 15 47 33 49 44 57 50 50 28 28 44 28 38 25 47 37 29
15 10 9 14 8 10 20 23 22 6 16 6 13 8 13 13 4 10 19 14
42 30 28 25 51 33 47 46 61 37 51 49 48 48 31 37 18 51 26 47
28 22 10 26 21 19 29 22 37 13 40 23 28 14 21 22 18 24 26 27
17 34 11 28 24 40 50 35 37 34 40 22 29 16 11 11 29 20 32 21
26 34 34 30 37 25 39 47 38 30 30 31 27 30 35 23 11 28 43 30
15 9 4 10 4 11 13 14 15 7 18 3 5 4 7 11 7 9 11 11
12 25 15 24 16 24 32 19 27 20 21 8 19 6 12 4 18 13 33 6
18 22 18 4 29 23 35 19 35 31 35 22 30 23 10 26 9 21 18 26
30 33 25 33 44 39 38 31 54 41 46 40 36 36 30 36 36 35 32 32
19 42 43 34 48 31 58 57 53 47 36 39 36 27 45 22 24 37 54 29
1 3 2 1 5 5 12 8 14 10 3 2 1 4 2 1 1 1 2 1
10 15 8 9 14 9 19 19 20 12 15 18 17 12 16 5 6 7 17 18
5 11 1 7 3 18 22 20 17 17 17 5 5 8 3 7 8 4 7 7
22 35 15 25 14 33 38 27 27 22 43 9 36 21 19 14 18 18 36 27
29 45 41 18 41 40 57 52 47 42 51 23 49 46 40 28 24 32 56 42
33 32 24 33 37 34 50 52 54 32 47 29 41 18 30 37 15 33 29 37
34 39 40 44 48 36 48 53 56 39 48 40 30 30 42 39 28 48 54 38
20 25 17 26 18 18 31 24 29 14 25 17 27 13 16 12 14 15 33 21
44 28 25 33 51 35 42 48 63 44 49 41 34 41 43 44 33 50 34 43
8 17 11 14 13 14 24 20 23 15 19 11 13 18 11 1 12 13 26 10
2 1 1 3 1 5 9 2 10 3 5 1 7 1 2 1 1 1 5 5
7 16 7 15 11 17 27 16 22 16 21 9 17 4 5 7 10 4 16 10
11 1 1 10 10 12 11 17 13 8 20 15 15 11 1 15 7 13 7 15
6 7 6 8 6 5 8 9 8 5 7 6 10 7 7 1 6 4 16 7
36 40 19 39 25 34 49 28 54 31 44 30 41 14 39 21 31 30 41 32
48 46 24 47 31 42 50 36 58 40 65 29 43 28 40 37 42 48 49 37
6 21 11 15 14 21 21 23 12 23 22 17 6 14 3 7 19 10 15 13
17 29 16 31 18 31 34 28 32 22 29 17 20 16 18 8 27 26 37 10
43 29 11 24 31 32 42 20 57 34 53 37 47 26 28 32 24 44 20 39
14 50 36 32 43 47 62 42 50 48 43 31 39 29 27 25 29 23 49 26
11 13 9 10 10 4 15 13 14 6 17 10 19 8 11 8 2 7 18 17
24 20 13 15 36 9 26 30 34 21 31 35 24 24 27 19 12 25 22 33
12 12 7 5 20 16 27 14 28 19 26 16 22 17 7 13 5 13 17 20
7 8 3 2 2 3 11 7 11 6 8 2 7 6 7 2 2 1 11 8
19 18 14 15 31 18 36 33 41 21 30 28 34 25 23 14 8 27 26 27
22 24 12 12 38 26 35 37 42 36 46 38 31 36 23 26 8 29 9 41
37 34 23 34 37 34 50 32 59 29 44 32 42 28 41 23 18 34 42 36
1 20 14 17 25 21 29 21 27 27 13 21 13 2 9 7 8 5 13 10
25 32 23 31 29 21 35 28 30 22 34 29 37 14 20 20 16 25 36 29
33 21 7 24 25 22 21 15 36 14 43 27 37 23 27 25 21 29 22 35
16 24 18 28 19 24 36 24 33 22 23 10 17 1 9 15 18 14 30 11
18 27 10 30 22 31 38 31 43 27 36 20 22 17 22 12 22 28 31 11
26 30 17 30 24 27 40 33 37 25 42 23 33 19 18 24 12 22 32 29
42 36 30 40 48 32 45 47 61 35 49 39 41 41 49 31 24 45 47 38
10 18 31 12 35 17 35 30 36 32 13 21 20 22 19 12 17 24 38 14
9 31 42 24 46 31 51 38 52 39 25 29 27 23 31 22 26 32 51 17
19 41 22 22 26 39 50 39 37 32 43 19 39 25 27 21 25 11 37 34
7 6 9 1 18 7 14 20 22 14 18 16 5 25 16 8 2 18 13 15
9 14 10 6 9 7 20 19 18 11 18 3 16 14 13 5 1 8 18 15
1 1 3 1 6 2 8 11 13 4 1 4 3 5 3 1 1 3 6 1
44 31 24 30 35 32 41 42 46 31 52 30 33 32 32 42 27 39 33 42
32 36 28 24 40 40 58 56 52 44 55 30 39 43 25 28 29 40 45 36
1 2 1 6 1 8 9 6 9 1 6 1 8 1 1 1 2 1 8 2
21 27 11 21 23 29 35 37 31 22 41 20 20 19 19 19 17 18 26 27
1 5 8 1 10 6 16 4 18 12 2 2 6 5 1 4 5 2 14 3
1 2 1 1 1 4 7 1 6 3 8 1 10 1 1 1 1 1 3 5
8 13 5 10 13 11 14 10 13 13 22 18 15 11 5 7 8 9 11 16
9 5 3 8 5 9 12 11 13 4 14 10 14 7 7 7 5 5 11 14
13 17 10 25 9 22 21 22 22 12 22 8 15 10 8 9 21 18 28 5
10 18 14 17 18 13 21 18 19 17 16 21 19 3 11 10 14 12 22 16
2 5 4 10 7 16 19 16 21 10 16 5 10 7 3 6 5 7 8 3
6 11 4 1 6 12 15 17 11 11 15 9 4 17 7 4 5 6 9 13
9 14 8 13 8 6 18 13 17 5 14 8 18 1 10 5 6 2 18 11
15 23 22 11 30 15 37 35 31 30 29 15 25 25 17 12 10 18 31 26
17 18 1 16 19 26 27 25 31 22 39 24 16 20 13 20 17 19 11 24
13 13 8 11 10 7 18 12 20 7 20 8 16 12 13 6 4 8 20 17
10 15 14 3 24 13 31 29 27 28 26 16 20 27 9 8 6 17 22 23
31 47 30 38 32 45 56 49 43 39 56 21 39 27 27 33 30 27 46 38
6 23 19 25 28 27 39 41 36 33 19 20 16 16 20 9 15 18 28 7
31 28 16 29 16 24 37 20 39 16 37 13 43 12 26 19 19 29 37 25
37 39 23 37 24 40 48 40 43 29 52 16 32 26 27 31 27 31 39 33
25 39 31 23 43 41 45 53 40 44 45 36 23 43 34 31 40 31 43 37
6 5 1 3 1 7 11 9 9 3 12 4 8 3 4 5 2 2 6 9
16 24 16 22 28 27 34 21 32 27 32 25 29 10 2 19 20 23 22 16
36 44 43 35 58 40 71 62 69 52 59 45 43 41 40 34 28 53 58 42
1 9 5 3 10 5 14 5 9 16 7 8 7 3 1 1 4 1 9 7
1 1 1 2 2 5 11 8 12 3 1 4 6 1 4 1 1 1 4 1
27 21 18 22 29 22 36 35 44 20 37 20 23 29 33 21 14 30 33 25
14 23 18 23 36 25 36 32 42 31 23 37 14 12 28 20 19 19 23 27
30 35 18 38 27 32 45 34 46 24 41 23 29 8 24 22 27 28 36 23
3 9 6 12 9 9 12 14 10 13 8 10 4 3 1 4 10 4 12 5
11 15 8 13 9 11 23 18 22 6 16 6 19 6 15 6 1 6 19 13
11 12 11 11 21 14 26 25 26 21 16 20 16 10 9 14 10 11 17 15
15 26 24 27 26 28 38 42 36 32 20 15 10 14 22 16 23 25 35 8
25 19 12 18 15 17 28 25 31 18 30 9 13 14 17 21 6 18 21 20
28 37 27 20 50 29 46 49 50 44 42 52 33 36 26 30 12 38 21 43
1 8 7 9 11 8 11 21 11 8 2 13 5 5 7 2 6 3 13 4
12 23 16 16 19 25 32 19 31 24 24 10 20 20 13 7 16 15 31 14
24 30 33 22 36 33 56 49 51 40 38 18 32 35 35 19 7 27 45 25
9 12 6 11 9 9 13 13 12 10 17 12 12 10 8 5 6 3 16 13
