1000 20 11 1770
0 4 7 1 12 8 2 4 12 13 11
4 0 9 4 4 5 1 12 12 0 7
4 13 11 9 2 5 6 9 5 14 9
7 7 11 0 14 14 1 2 10 9 7
7 19 5 9 12 14 24 4 4 1 7
3 4 1 7 4 3 11 25 14 11 2
0 2 6 11 6 11 6 4 2 5 7
2 1 1 7 5 2 0 6 1 5 2
7 4 5 7 2 1 3 7 6 6 0
7 15 11 12 2 6 17 9 9 11 7
5 1 5 7 8 5 3 3 4 2 1
2 6 19 3 3 5 3 3 13 15 3
5 7 4 6 1 3 1 3 2 10 8
10 14 27 6 4 2 4 3 10 11 1
17 14 3 13 5 15 4 1 7 11 14
0 12 20 4 3 3 3 9 2 7 2
7 5 3 4 27 10 2 14 1 10 16
13 2 4 1 4 2 15 9 4 21 3
9 6 4 12 9 0 5 15 5 3 8
3 12 6 1 6 12 10 8 5 0 20
4 1 7 8 9 6 13 10 0 13 8
9 4 0 16 3 2 15 12 5 5 6
1 4 1 3 5 1 2 4 6 0 2
11 17 7 1 14 5 5 7 1 2 9
14 4 14 18 8 1 7 9 5 3 7
9 5 4 8 3 0 6 1 1 5 0
6 2 1 12 3 1 1 5 4 3 0
3 15 6 6 7 14 0 4 9 16 18
4 9 8 12 9 2 2 5 5 28 7
1 3 1 2 2 3 8 4 1 1 7
4 5 4 5 3 5 1 11 1 5 1
9 8 18 16 11 4 6 8 1 11 7
3 0 2 2 5 1 7 7 3 3 1
8 11 10 9 12 19 11 4 2 5 4
11 3 7 5 6 13 10 4 7 5 9
1 8 4 10 7 16 0 4 3 11 8
15 1 19 4 7 3 3 14 14 3 3
2 7 4 1 3 3 0 2 0 4 2
0 5 3 7 0 3 6 1 4 1 2
3 3 5 0 1 0 8 6 2 1 4
0 11 6 19 4 3 6 8 0 6 3
5 23 9 4 5 0 0 4 4 6 7
4 8 2 9 2 7 5 8 2 1 2
4 5 10 24 2 4 5 2 24 4 8
0 0 7 2 4 2 2 5 4 5 4
0 4 6 3 5 6 15 5 17 4 3
14 2 4 8 22 1 3 15 0 6 8
2 0 6 2 8 3 4 7 2 3 3
5 1 4 2 8 6 1 4 5 13 6
5 6 1 4 3 4 4 3 3 0 4
3 1 21 8 3 9 3 5 7 10 1
4 6 2 9 1 8 1 2 1 3 4
4 7 2 0 7 20 3 1 1 17 4
1 19 7 1 9 4 4 1 7 0 13
3 4 10 10 0 3 2 4 9 1 18
8 2 6 6 16 2 9 7 10 2 3
4 6 7 8 4 1 6 3 4 9 8
0 5 5 1 11 8 7 0 7 1 1
8 3 1 1 3 3 2 0 2 7 3
6 13 5 1 0 1 3 2 3 8 1
6 8 2 8 1 5 2 5 12 0 3
2 7 7 2 1 3 2 2 4 5 1
7 1 4 9 1 7 1 5 4 9 13
3 9 7 2 5 5 2 3 4 7 5
2 1 27 8 7 0 4 1 7 9 8
7 0 2 17 5 5 6 10 1 9 8
2 13 4 9 6 8 2 11 13 6 7
1 5 18 5 8 7 2 3 13 6 9
2 1 5 6 8 3 13 8 3 4 0
7 10 8 8 7 1 0 11 3 1 14
2 1 5 6 3 2 4 2 4 1 2
3 6 18 12 6 3 6 7 5 0 10
8 21 2 3 4 2 5 1 3 8 2
1 5 5 6 5 10 8 20 4 7 17
16 5 5 9 14 12 4 7 6 3 10
21 12 12 12 1 9 6 17 13 4 7
1 8 4 2 1 9 6 9 10 6 4
5 5 2 4 8 3 3 8 10 3 1
1 3 3 6 0 0 1 1 5 5 0
3 4 5 9 2 6 2 4 1 4 12
3 7 3 2 11 4 10 3 11 7 10
4 8 7 5 1 0 5 5 1 2 0
5 5 2 4 0 1 0 0 2 4 2
4 3 9 19 16 19 3 12 9 13 1
11 8 16 6 9 5 4 5 11 6 21
1 15 5 1 4 11 3 2 7 12 1
0 0 7 4 1 9 4 4 6 6 1
4 1 1 1 1 0 3 7 10 1 15
2 3 8 2 2 3 14 19 0 26 3
0 7 3 2 4 2 11 0 22 23 6
3 3 15 4 12 4 3 23 2 3 5
5 8 2 5 2 3 0 1 3 1 2
17 5 7 14 5 0 6 9 10 23 0
9 17 2 1 2 3 10 8 4 11 7
8 5 10 5 11 1 2 2 21 11 0
5 5 4 17 5 6 4 12 20 3 3
2 10 7 2 13 13 4 1 8 4 13
0 4 3 5 8 2 4 2 1 5 1
0 9 2 5 0 14 14 8 11 8 5
1 6 2 4 3 0 3 1 1 6 0
16 4 8 23 2 23 8 3 1 2 4
2 2 5 0 3 19 4 17 4 2 23
10 9 14 1 1 10 12 3 3 4 6
9 1 11 3 12 16 2 1 1 8 3
2 3 0 4 2 13 4 12 16 3 7
11 13 5 14 3 9 4 16 2 8 13
6 2 11 8 0 3 1 6 1 7 3
4 2 14 2 15 1 2 4 20 1 2
0 6 14 20 2 7 19 6 9 2 4
2 12 2 0 7 9 7 14 1 5 20
10 12 4 3 6 11 1 5 0 2 2
12 2 4 3 8 7 4 11 12 5 20
4 14 1 12 4 3 16 4 11 12 16
6 8 4 0 18 9 3 10 1 3 3
10 4 2 4 0 9 6 8 7 1 11
6 5 5 1 2 8 1 6 1 7 7
2 2 8 8 9 10 2 10 0 11 7
21 1 14 6 8 18 4 7 12 2 15
4 3 8 8 4 17 4 3 9 3 4
5 13 6 8 7 6 6 5 3 8 2
2 6 2 3 6 2 0 8 4 8 0
6 6 0 11 5 18 13 14 3 1 10
7 2 2 2 2 0 1 1 4 0 4
7 4 9 8 4 5 5 5 8 4 9
10 8 10 2 6 1 4 2 5 11 3
4 5 1 7 13 3 12 3 3 12 2
22 14 1 9 7 22 4 2 7 5 9
1 5 2 3 1 2 0 5 1 3 7
3 2 0 7 7 9 4 5 5 7 11
12 3 9 2 4 4 5 8 3 4 6
0 3 4 5 8 5 3 5 3 9 2
3 0 4 0 10 0 11 2 1 11 1
16 9 18 1 12 7 4 8 7 6 21
14 7 3 4 13 4 6 3 5 6 17
8 1 1 0 11 2 4 10 1 0 6
2 6 2 6 4 4 1 1 3 3 3
4 4 13 0 5 2 5 10 9 7 3
6 3 3 3 11 4 6 6 5 9 6
6 9 7 1 1 3 2 4 12 2 9
23 6 8 11 15 11 7 3 7 2 3
22 3 9 5 3 10 10 5 9 7 0
16 14 10 23 16 4 3 8 4 7 10
2 9 16 10 8 0 3 3 5 4 3
3 2 5 3 2 3 8 1 3 3 6
12 7 6 7 5 13 0 7 14 16 17
5 5 5 6 6 5 4 13 7 9 2
0 3 4 4 2 1 6 1 15 5 0
2 2 10 18 15 7 6 4 0 2 4
1 5 2 14 12 26 2 3 3 11 1
17 22 21 0 4 2 6 3 2 12 6
17 3 10 2 10 2 10 11 4 3 8
2 4 13 17 4 5 8 4 3 8 5
4 4 20 25 0 3 5 4 9 13 13
6 10 12 8 4 26 0 4 0 5 0
10 14 2 15 8 2 12 14 4 17 14
11 12 7 26 0 8 5 4 3 15 3
6 5 4 2 3 12 10 6 0 1 1
6 6 8 12 4 1 9 7 10 5 5
8 7 13 13 13 1 3 4 9 16 6
10 5 1 2 2 2 5 8 6 1 12
0 0 2 5 4 1 2 4 2 9 5
6 12 0 13 1 3 0 1 2 1 9
6 2 1 9 9 10 0 19 5 6 2
1 3 1 4 7 2 1 2 1 10 6
8 6 5 1 18 19 3 3 8 10 1
3 2 2 7 10 9 2 6 3 3 7
3 5 6 5 25 21 1 4 19 1 5
14 7 8 1 16 1 16 1 6 2 7
5 4 12 9 8 4 2 6 7 3 11
3 2 0 4 1 2 6 1 2 2 7
1 11 3 11 1 6 1 6 26 1 7
9 5 16 4 24 5 1 5 10 8 5
1 5 4 1 1 3 13 10 6 2 1
1 3 21 8 7 3 23 16 2 4 9
3 8 10 16 4 7 12 9 7 13 5
7 12 5 2 1 0 10 6 1 2 11
10 1 7 10 6 11 5 1 2 6 30
11 9 6 3 5 3 7 6 19 0 0
3 5 8 7 15 1 7 8 9 5 10
4 8 7 14 7 19 6 1 10 6 3
2 8 3 17 1 5 0 10 1 2 10
2 1 3 9 3 4 4 5 4 7 1
22 3 4 3 18 19 0 10 10 7 10
7 13 14 13 17 9 10 0 14 11 12
1 2 1 1 6 5 0 1 0 2 6
2 3 3 1 1 1 8 3 0 2 10
13 1 2 7 6 5 8 9 3 0 6
1 10 4 19 7 1 1 1 2 2 8
3 9 8 2 0 1 1 5 1 6 3
0 7 7 1 11 3 15 1 1 30 5
14 10 2 10 24 1 0 3 3 1 20
1 3 2 6 0 5 2 5 1 3 5
17 5 9 11 5 6 1 10 13 10 7
2 7 1 4 3 2 22 17 6 3 11
6 6 9 1 3 1 1 1 2 11 2
5 3 5 5 13 4 10 0 9 7 4
5 16 4 5 15 1 8 4 4 1 3
2 14 6 11 8 6 0 4 4 4 20
13 13 15 3 6 6 1 1 7 2 16
0 3 2 3 1 5 2 6 4 2 4
3 15 10 15 5 7 11 11 2 8 17
0 3 1 1 1 3 8 9 0 1 1
9 4 5 2 4 5 0 2 6 1 6
6 18 16 8 5 3 12 11 11 10 0
3 27 10 7 12 4 7 1 14 14 0
4 18 22 12 16 1 4 1 1 3 16
1 0 4 0 14 8 9 2 6 4 1
4 1 2 11 22 6 8 4 21 14 8
2 2 2 2 8 2 6 4 12 9 5
10 2 3 6 9 1 19 1 3 10 17
5 4 2 11 4 6 9 4 23 1 20
7 21 6 5 5 4 13 9 5 3 15
4 2 0 6 11 1 15 1 9 1 5
3 8 1 8 2 10 10 8 6 1 4
1 4 19 12 16 8 5 7 9 7 14
4 11 1 10 11 11 9 4 2 5 2
4 1 0 7 19 8 13 2 13 3 1
3 13 4 10 19 8 8 11 14 12 15
12 4 8 3 3 2 3 11 11 2 6
5 0 15 13 11 8 19 0 3 5 1
3 1 3 7 11 2 1 7 10 2 10
2 2 26 15 10 6 10 5 8 4 9
5 0 3 1 2 5 2 1 2 3 5
2 23 10 2 2 0 0 2 6 15 17
3 1 4 7 4 7 8 10 11 3 8
2 13 21 5 17 3 3 6 4 15 6
1 7 4 0 0 1 8 8 2 2 3
12 2 1 3 5 5 3 0 7 5 1
1 13 15 7 1 0 1 1 7 8 6
5 3 7 15 4 2 13 7 9 1 6
9 7 2 4 15 2 10 0 8 6 1
4 4 1 2 0 0 4 11 10 5 4
3 5 10 1 2 14 0 5 5 25 2
5 2 5 10 1 5 7 6 0 7 1
22 5 6 4 6 10 8 2 9 10 3
10 7 2 4 2 5 4 1 3 4 11
10 7 9 1 20 15 17 1 0 10 15
6 4 6 5 5 6 7 1 5 0 4
18 9 11 5 1 6 13 8 6 4 9
11 1 5 5 11 2 5 26 1 3 14
16 9 13 16 4 16 3 13 5 10 9
7 5 5 4 3 7 1 3 7 11 7
8 12 3 1 7 1 6 6 9 7 5
5 15 9 15 17 5 14 11 12 5 6
10 2 5 1 6 12 21 12 11 9 8
6 1 9 22 10 7 12 5 3 4 0
9 9 5 1 4 2 4 4 7 1 1
8 6 2 1 6 7 4 2 2 5 2
6 13 0 0 14 2 1 2 3 4 4
9 8 9 6 3 5 7 1 11 5 6
0 4 18 15 6 1 5 24 10 10 7
0 1 19 10 6 2 12 21 14 1 11
1 3 4 6 19 5 3 4 3 4 4
2 6 4 5 16 4 13 2 15 5 2
4 6 1 3 10 4 1 3 1 1 4
5 5 10 20 13 12 2 1 2 10 21
5 0 5 2 2 1 3 3 7 1 0
9 6 2 13 8 5 9 6 18 20 2
2 16 13 7 5 8 3 26 4 11 4
11 7 8 15 1 7 3 14 13 1 1
8 1 3 13 5 20 15 3 9 9 13
7 11 29 10 3 3 2 14 5 8 2
16 13 3 5 9 1 21 14 12 12 1
19 7 21 5 15 12 6 9 3 6 7
9 7 2 12 18 3 8 2 13 4 1
3 2 9 4 5 1 4 12 5 1 0
3 7 12 1 5 8 21 7 10 18 7
2 18 12 7 6 8 17 0 0 20 1
11 2 1 4 14 7 9 3 0 11 6
9 9 6 5 17 3 4 4 10 2 6
6 1 2 2 8 8 2 2 6 3 6
9 15 5 6 1 19 7 13 17 4 12
6 9 18 3 10 11 0 11 4 1 4
24 3 2 7 10 4 15 9 4 1 7
7 0 1 1 4 3 10 1 1 1 1
7 1 1 4 5 1 2 4 9 0 0
1 7 11 6 2 13 17 1 7 7 10
3 18 3 6 10 23 1 3 16 10 2
1 21 11 26 8 5 7 7 8 4 5
1 5 14 10 18 5 15 4 0 4 12
5 2 7 4 6 7 3 16 1 13 3
2 3 3 4 8 1 4 4 2 4 2
5 1 8 7 14 0 1 7 0 13 11
7 1 8 4 8 6 16 10 14 9 7
3 1 5 1 4 9 1 5 4 1 0
5 4 14 8 6 11 3 4 12 18 13
9 10 12 7 9 4 4 9 5 10 4
5 1 4 2 5 1 4 5 3 1 3
1 3 1 3 0 3 2 6 3 4 5
9 15 6 13 1 3 0 5 7 0 6
3 10 18 0 7 14 12 12 18 8 14
1 5 24 2 13 14 9 14 6 15 2
13 27 4 4 9 7 1 9 9 8 5
1 9 10 16 5 6 6 5 9 1 6
4 7 5 2 0 7 8 3 11 9 3
1 5 2 2 8 4 6 6 1 0 6
0 7 1 5 6 2 6 2 3 1 4
5 2 3 3 2 3 6 1 9 1 2
12 5 3 9 2 4 0 3 3 10 0
11 9 7 5 11 2 4 2 0 15 6
5 1 3 4 2 4 4 2 3 0 1
0 6 8 4 1 8 12 3 2 25 8
1 2 11 1 6 1 19 2 12 14 20
15 2 9 13 5 1 3 15 8 13 2
7 8 12 2 8 2 7 9 2 5 5
24 19 1 6 6 14 8 9 7 4 0
1 2 6 2 1 5 8 5 5 4 2
2 16 2 1 13 9 4 1 13 11 6
3 7 4 5 5 8 5 0 1 5 7
3 10 11 6 2 16 9 7 7 8 16
0 7 2 1 5 3 1 4 11 2 3
8 14 2 6 9 6 5 2 10 3 9
8 4 13 7 9 19 4 3 10 8 11
1 5 10 18 11 1 14 7 23 8 10
3 3 9 3 12 5 11 16 7 13 9
1 2 7 1 4 2 0 1 6 1 0
13 9 11 3 10 9 3 8 8 8 6
6 7 14 7 12 9 3 12 17 8 2
6 14 12 6 15 7 4 4 5 10 1
2 0 7 10 2 4 2 5 4 1 3
2 8 3 1 0 1 2 5 1 6 3
6 4 4 4 15 5 12 4 3 4 1
7 2 1 2 0 4 5 6 9 1 6
17 10 8 1 14 7 13 12 12 8 5
4 6 1 4 3 3 1 7 8 0 1
14 15 2 9 5 17 7 5 2 1 0
1 15 14 15 8 2 14 3 2 2 0
5 9 1 3 7 10 3 14 12 9 11
4 5 6 2 6 7 1 7 2 3 7
6 3 1 3 0 7 1 1 0 3 2
0 12 19 6 7 25 16 9 5 5 0
4 2 1 2 2 3 1 3 3 6 4
2 1 11 4 3 3 8 0 8 5 20
2 3 6 2 4 1 3 6 8 2 5
2 3 4 7 2 3 1 1 3 2 5
3 8 9 1 4 2 3 23 13 9 13
5 8 2 7 4 6 13 13 3 1 11
3 3 3 2 5 2 3 1 9 2 1
9 2 9 10 3 5 1 1 3 5 4
10 5 5 10 10 23 3 2 11 2 10
21 13 15 14 7 1 1 3 13 16 8
4 6 3 11 0 13 13 3 11 3 2
6 5 3 11 2 2 0 5 26 7 8
4 8 5 4 8 9 5 8 3 2 12
3 4 6 4 1 1 3 3 4 6 16
4 2 1 6 0 4 3 5 14 3 1
17 6 16 4 0 11 10 11 2 6 8
2 0 14 11 2 9 2 3 5 2 1
11 1 5 6 4 0 10 2 0 3 5
1 1 9 8 5 6 4 3 4 11 14
5 0 4 3 1 6 6 2 2 2 7
7 11 16 6 2 5 5 13 7 8 20
3 7 1 1 0 1 3 0 5 0 1
13 1 6 2 15 1 2 15 3 1 4
3 7 14 0 17 17 9 12 13 10 7
13 4 14 8 3 2 15 10 1 11 3
9 13 3 1 0 6 10 3 19 23 11
3 4 2 5 14 17 8 3 1 5 6
9 8 2 9 0 3 5 4 5 5 6
27 8 5 15 9 6 8 8 6 3 11
15 0 5 1 3 12 1 2 3 8 3
5 14 8 9 11 3 13 10 23 6 5
1 15 9 9 11 11 17 8 2 22 4
7 8 3 9 2 11 2 7 3 7 4
17 16 2 10 2 0 1 2 9 1 15
2 16 1 9 6 0 4 4 2 7 5
2 4 12 3 9 2 6 7 14 19 9
10 2 0 8 19 2 0 6 1 5 4
8 8 3 4 12 3 3 1 2 3 1
3 4 0 7 0 2 3 2 2 3 10
1 2 5 4 16 8 8 2 15 3 3
8 6 10 1 17 12 1 23 15 4 8
20 14 16 1 1 5 9 4 13 0 1
4 5 4 3 3 5 3 7 9 10 5
13 3 2 2 1 2 13 6 20 1 10
4 17 1 7 11 0 5 1 3 4 7
6 17 5 8 16 15 13 1 18 1 4
18 3 8 8 13 7 13 2 1 7 5
1 3 3 2 8 11 12 1 1 1 9
1 3 9 0 6 3 9 10 3 6 21
4 5 9 5 19 3 1 4 9 8 21
2 1 7 9 1 3 2 0 4 3 8
5 2 2 8 4 0 3 2 11 6 6
2 5 4 3 15 11 4 2 7 4 4
7 5 8 12 4 2 9 7 3 0 10
18 2 5 1 1 20 8 16 7 13 3
5 0 1 1 9 7 2 0 7 1 3
12 9 15 6 3 7 11 11 2 22 4
7 5 0 6 11 3 2 10 11 0 3
10 21 8 4 8 1 6 14 1 11 14
3 2 2 3 9 12 0 6 2 8 1
13 9 6 16 11 15 12 6 4 13 1
0 6 3 0 10 2 14 1 0 1 8
17 0 10 7 2 7 7 9 15 5 13
5 6 4 6 1 4 6 1 4 6 1
4 0 3 7 2 1 2 1 2 3 3
21 14 11 6 3 9 4 8 12 2 13
6 9 4 0 8 5 5 3 3 2 10
2 5 2 7 6 8 3 3 6 8 3
0 15 4 14 8 1 8 4 1 26 7
1 1 12 2 1 9 0 14 7 7 7
2 2 4 1 8 5 2 1 3 1 7
0 12 8 0 8 27 12 1 8 1 7
6 15 3 22 3 2 3 8 4 24 11
3 7 16 6 5 5 12 11 14 20 4
4 1 5 4 7 6 1 0 3 2 3
13 9 2 6 4 11 1 3 1 0 20
4 16 3 0 7 5 17 1 14 5 4
7 7 2 11 2 18 2 4 15 12 15
11 2 4 26 1 6 4 2 14 1 16
3 4 4 1 1 3 5 0 5 4 5
5 3 1 4 7 6 9 10 3 4 2
8 3 6 7 10 10 24 14 5 1 8
5 2 6 14 4 0 7 2 16 11 14
1 21 9 2 6 2 2 4 12 4 3
6 4 8 2 3 2 7 12 4 1 4
3 5 1 4 2 1 6 5 2 2 2
5 1 4 2 2 13 2 13 11 7 0
6 8 18 20 5 7 8 11 5 10 18
4 4 2 14 3 6 1 8 8 5 6
6 10 0 2 5 2 9 4 4 7 9
1 5 10 2 16 5 16 15 10 6 7
4 13 3 5 1 6 4 2 2 2 2
8 15 3 2 3 10 1 2 2 1 2
0 0 1 0 5 1 3 4 4 6 0
9 7 8 1 3 1 9 13 16 4 24
0 2 0 14 3 5 7 1 16 8 4
6 0 13 11 1 4 10 10 1 1 3
10 1 1 1 19 14 3 14 10 13 1
12 3 5 1 2 6 8 17 27 3 3
12 5 3 0 6 1 4 3 2 4 1
7 6 10 0 1 9 13 9 7 4 4
7 3 11 1 2 2 3 2 10 7 4
9 3 2 2 0 6 9 5 3 6 3
0 2 2 7 1 5 4 1 0 7 2
1 5 8 5 3 7 5 5 4 3 4
2 7 5 3 8 7 12 6 5 5 5
2 12 5 10 18 14 11 18 10 5 7
4 10 14 11 1 3 10 5 18 11 16
2 3 5 3 6 2 2 2 1 1 4
1 1 1 0 6 8 3 3 8 1 1
6 1 6 5 3 5 4 26 4 11 20
0 3 6 1 3 3 1 5 3 5 2
2 1 5 5 1 1 5 0 5 5 7
5 7 10 1 5 5 6 10 11 5 14
2 2 5 0 1 1 5 0 9 0 2
9 2 6 11 0 11 4 0 3 5 5
15 10 7 10 1 16 15 17 14 1 12
2 10 2 8 2 5 14 1 21 2 18
2 2 1 3 5 2 6 1 2 5 3
13 8 5 10 3 12 13 6 14 7 10
3 8 9 20 2 20 11 3 0 2 5
13 8 5 11 3 14 5 11 4 7 16
4 2 5 5 18 6 3 6 0 0 3
7 3 5 1 3 4 6 7 6 18 4
20 4 1 6 5 1 3 2 2 0 3
12 4 3 2 9 12 25 9 9 1 5
2 10 12 2 1 5 21 9 5 19 6
1 6 3 3 0 6 1 6 7 1 6
6 2 10 11 10 4 13 2 3 7 2
6 8 1 1 7 0 4 1 6 4 5
5 3 4 10 6 12 8 6 10 8 6
1 5 7 6 4 1 2 1 2 4 1
12 9 9 12 2 6 10 15 4 18 14
0 8 8 5 9 2 19 1 18 1 18
11 3 8 1 19 4 10 2 5 2 14
4 9 10 15 14 6 5 11 9 5 4
8 1 5 8 2 12 3 2 5 7 3
1 5 6 9 10 7 18 8 5 3 0
0 2 14 8 17 4 0 5 6 21 2
3 2 8 0 3 14 6 7 8 1 9
14 3 7 10 5 1 18 0 5 7 14
14 4 20 7 6 0 6 4 18 8 4
8 0 8 11 0 3 4 3 1 3 3
0 18 5 1 4 13 1 6 1 7 11
4 4 6 4 2 2 7 4 4 2 4
7 8 10 7 1 2 14 0 8 5 2
9 8 16 9 1 9 5 16 1 24 10
1 0 6 20 3 14 20 13 3 18 3
0 3 3 8 1 1 5 8 0 10 8
9 0 15 7 13 17 6 3 2 8 1
6 2 6 7 0 1 7 1 1 7 3
5 5 5 18 5 4 13 13 27 2 7
28 3 7 12 9 3 18 5 11 1 3
2 4 5 10 6 1 3 2 6 12 18
7 0 2 3 4 3 8 4 7 6 2
6 2 2 4 1 4 4 7 1 3 2
0 9 5 16 8 1 5 5 9 11 8
5 7 1 1 2 0 0 1 2 4 1
1 8 2 3 6 2 7 5 2 9 4
1 3 13 3 10 15 2 7 2 3 5
11 25 6 3 7 4 18 4 0 2 18
12 25 1 11 1 8 2 4 12 12 13
6 9 13 23 0 3 10 11 8 8 10
20 8 2 13 0 16 2 11 14 6 8
0 0 3 2 7 6 4 1 1 3 2
1 3 1 5 1 3 3 8 10 2 4
6 2 0 3 1 1 1 3 4 3 8
2 2 3 8 4 6 10 9 1 5 4
4 11 15 24 4 0 4 6 14 10 4
17 2 2 4 15 4 5 12 5 3 12
9 9 4 21 13 1 1 4 3 15 9
3 3 2 4 2 5 4 6 4 1 3
4 5 4 2 2 0 3 4 0 6 8
6 16 7 9 5 18 1 8 1 9 23
2 0 2 1 4 1 6 0 10 1 9
1 1 2 6 4 5 1 9 1 9 1
3 17 17 7 2 10 1 1 2 8 2
7 17 4 16 15 2 4 4 5 6 0
4 1 3 10 9 2 0 2 4 4 1
2 0 2 7 9 3 1 1 2 2 3
2 6 5 9 7 12 14 7 4 14 14
9 10 5 11 22 19 3 5 18 2 6
0 8 6 4 7 12 7 12 10 2 13
1 8 15 12 5 14 2 13 2 0 3
1 2 9 4 4 3 3 2 3 2 5
2 2 8 1 8 12 5 2 0 3 4
9 11 4 10 2 12 5 16 25 6 8
5 2 2 7 8 10 1 11 3 3 3
2 0 7 4 11 12 6 1 6 2 2
11 6 2 4 9 1 1 11 16 0 15
6 5 1 2 11 3 0 4 1 4 3
7 6 12 17 4 1 2 13 5 9 8
2 19 6 2 7 8 3 5 7 2 1
2 1 2 3 3 16 5 2 1 4 2
3 4 4 11 0 2 5 13 7 4 4
11 2 9 16 5 2 3 13 11 1 8
4 12 3 4 13 3 11 0 4 4 7
5 4 3 2 1 8 4 3 3 3 2
2 11 15 17 1 12 1 7 17 4 17
12 9 10 6 7 2 14 2 0 6 6
0 5 2 9 6 4 1 8 16 12 15
0 5 6 3 2 4 0 1 7 1 3
3 14 6 10 4 3 0 1 7 7 3
3 7 7 11 2 5 6 2 2 7 2
11 2 2 0 5 1 3 0 1 1 8
12 3 26 1 10 5 3 1 13 4 3
2 3 10 9 2 10 2 5 4 10 6
2 6 16 1 10 2 10 8 2 6 2
8 1 4 4 4 3 18 4 6 6 18
3 2 3 2 3 2 8 11 10 1 1
3 3 4 3 4 2 2 1 4 3 9
3 25 1 12 20 2 6 0 9 7 11
10 6 2 11 3 6 14 6 0 6 18
2 0 4 9 2 0 1 0 5 5 9
15 9 8 6 1 2 2 0 6 11 13
7 5 3 1 7 1 8 0 2 1 1
3 2 6 1 0 8 4 1 3 2 5
5 2 2 2 12 11 9 1 0 23 8
2 4 2 5 3 3 3 6 3 5 3
7 1 5 14 12 4 25 16 12 1 7
10 1 6 1 8 8 2 2 2 0 4
11 9 1 13 8 7 1 10 5 12 6
6 19 8 6 12 9 7 16 14 6 4
5 6 10 1 2 5 10 5 4 1 5
4 0 3 6 1 1 5 7 3 4 1
6 4 9 26 14 19 6 1 5 7 10
14 0 4 0 13 10 9 5 9 4 2
16 4 4 5 16 12 5 9 10 1 4
7 6 15 4 1 19 9 3 12 17 6
3 10 3 8 11 1 0 0 18 1 7
7 10 4 6 9 17 8 5 17 15 5
2 3 9 0 4 1 5 1 3 3 6
3 14 5 0 1 11 23 11 8 4 20
9 6 0 8 4 3 3 4 20 9 1
4 1 1 3 0 7 6 3 8 0 2
3 1 1 0 6 3 3 6 7 2 0
7 2 6 10 12 1 4 5 6 3 3
4 13 1 5 13 12 21 9 2 6 11
1 0 1 12 2 4 1 1 10 1 1
11 11 1 11 1 19 1 8 9 20 2
4 11 0 15 6 11 2 4 0 7 9
2 14 1 3 9 11 1 12 0 17 8
7 1 3 7 4 2 1 3 5 9 1
3 26 13 5 13 13 15 6 2 5 7
12 1 9 13 7 5 7 5 12 23 0
7 3 0 4 1 7 3 2 5 3 5
1 0 2 7 2 7 3 1 3 3 4
10 3 9 4 11 18 17 7 4 9 18
2 0 2 7 1 1 5 0 1 2 5
8 0 0 4 3 0 0 2 3 7 4
1 3 22 9 19 8 5 14 7 6 8
2 3 11 13 5 4 9 16 6 5 1
2 4 15 1 2 5 14 10 3 5 2
20 7 6 2 15 13 11 7 9 8 14
7 5 0 3 0 6 5 1 3 13 11
2 3 2 0 1 1 7 3 4 4 2
3 7 0 8 4 4 1 12 8 5 3
7 8 0 3 1 0 5 9 7 1 3
9 5 6 2 4 12 1 7 12 11 14
15 7 8 6 3 19 4 8 2 4 1
18 10 7 6 13 3 6 2 7 0 3
6 7 8 0 5 2 1 5 4 2 6
10 4 8 2 0 0 1 4 5 9 7
6 12 5 10 0 11 2 3 0 2 10
7 4 9 21 11 3 3 5 11 19 13
2 8 4 1 5 5 4 6 6 4 3
15 5 6 14 5 2 3 1 8 5 8
4 7 9 14 8 2 5 2 0 2 13
9 3 11 5 2 13 21 7 8 4 3
17 13 7 2 2 5 8 15 8 13 10
7 4 5 2 4 6 9 4 4 3 2
1 1 7 1 5 3 6 6 0 4 2
10 5 10 12 9 0 0 3 10 14 10
5 2 2 2 3 0 10 6 4 1 3
7 1 14 9 2 4 2 9 10 14 9
3 5 5 3 7 5 14 4 16 7 10
4 18 2 1 1 7 6 10 1 4 4
6 10 4 9 0 1 9 3 11 8 3
6 11 5 5 5 4 12 7 18 2 20
2 11 4 7 6 10 6 0 10 2 0
5 3 14 1 12 7 11 13 5 6 12
6 1 4 5 7 3 0 0 6 1 2
6 4 1 3 11 9 0 5 3 5 2
15 18 10 4 12 6 3 14 15 1 6
8 0 2 1 3 4 7 3 8 7 4
4 2 1 1 0 1 2 6 6 4 2
6 3 4 1 0 4 4 1 2 1 6
12 4 2 3 0 2 0 5 9 2 5
5 1 1 4 4 3 3 5 3 1 4
9 8 10 12 24 3 0 11 1 15 11
26 13 4 6 8 3 10 15 11 3 4
15 1 10 7 7 4 8 2 3 4 15
2 1 4 3 9 5 8 2 2 9 1
1 7 11 6 2 4 6 2 1 8 11
7 22 1 1 1 6 14 4 12 4 4
9 2 13 4 3 6 5 5 4 1 2
8 1 3 0 13 1 2 12 3 6 0
3 8 3 22 26 10 2 4 1 7 3
8 8 5 2 1 7 1 1 2 7 1
10 2 7 3 1 3 4 8 7 0 13
10 1 7 1 1 8 10 2 8 15 25
6 1 7 12 2 10 9 0 15 8 0
17 3 3 10 21 10 1 16 14 5 7
7 0 13 18 4 1 2 17 8 5 1
1 7 4 1 3 1 1 1 1 2 5
2 0 7 2 7 0 2 1 1 2 2
3 7 6 0 2 5 4 7 0 3 5
4 11 14 1 3 19 2 6 4 18 2
1 2 5 5 1 0 2 10 5 4 0
1 11 0 20 25 3 7 7 4 4 3
6 1 11 0 4 0 1 1 1 2 5
6 4 3 8 8 12 2 12 5 10 2
3 4 5 1 0 1 5 4 2 3 6
15 8 5 2 9 5 23 6 3 3 21
6 2 4 5 1 2 0 3 3 0 2
2 7 4 12 1 1 13 0 2 3 0
2 8 4 1 6 4 15 3 7 4 0
3 26 16 15 9 9 13 3 6 1 2
1 2 1 2 2 2 6 11 1 1 1
8 2 1 9 5 10 6 8 3 2 4
5 1 10 8 17 16 22 12 0 8 7
8 5 12 12 15 4 21 6 7 9 9
1 7 7 16 5 5 6 15 5 4 22
10 6 1 5 3 4 5 3 7 7 4
9 5 16 4 12 5 8 10 14 2 4
1 9 8 8 4 0 3 3 0 4 1
4 1 2 4 5 1 1 4 1 4 3
16 2 8 11 0 4 12 6 8 0 25
1 3 6 1 19 2 12 12 13 0 4
2 6 3 3 6 2 1 7 9 12 14
1 10 15 7 15 20 1 11 13 3 14
4 6 1 5 1 1 4 5 1 5 2
6 3 13 4 2 9 13 0 3 12 1
5 10 2 23 4 6 21 6 1 9 17
3 7 0 0 3 8 8 2 9 3 5
3 0 2 4 8 0 0 3 2 4 4
10 3 15 5 0 8 2 2 9 10 8
3 0 4 2 2 7 4 1 3 18 7
6 3 3 6 2 1 3 2 4 2 7
0 8 6 3 12 2 7 14 3 3 5
4 9 12 2 23 19 0 10 1 11 4
4 5 4 3 1 3 2 2 4 7 6
2 2 1 1 3 5 5 2 5 3 4
3 4 6 9 3 11 1 6 22 24 1
0 16 12 5 1 0 21 5 2 20 2
4 4 11 8 4 0 1 4 2 4 1
3 1 5 1 4 2 0 2 0 7 0
6 1 1 0 5 6 2 2 0 1 1
4 7 5 10 2 3 0 4 1 2 2
5 2 6 6 1 6 5 9 4 3 1
4 1 4 5 0 2 4 3 8 3 4
2 1 3 8 1 1 0 1 4 5 9
9 6 2 5 1 7 5 3 4 13 1
9 10 15 8 17 11 2 21 11 6 3
16 6 17 14 10 10 1 7 5 19 12
2 1 3 3 1 7 1 5 5 1 2
7 2 2 11 3 10 2 3 0 1 7
1 10 5 6 8 17 11 3 3 3 0
6 0 1 1 2 4 2 2 3 2 5
3 17 1 3 0 1 2 2 3 1 18
4 12 6 1 1 10 2 1 1 10 2
1 1 9 2 10 3 5 2 8 7 3
9 4 3 0 3 5 3 9 0 3 2
4 7 5 11 9 4 3 8 16 15 14
5 0 6 5 1 13 3 7 2 3 3
2 1 3 1 2 18 6 8 21 10 9
5 14 1 0 1 7 10 1 21 2 9
3 2 6 2 2 5 2 1 2 2 4
6 6 3 4 5 3 1 13 3 5 14
7 14 15 6 17 4 0 6 6 7 14
4 14 8 14 12 8 3 17 18 6 12
22 8 19 2 4 3 3 2 4 1 8
3 0 11 25 6 1 7 20 1 5 7
3 11 15 3 6 0 3 4 4 3 5
3 0 11 6 3 11 5 3 7 1 8
3 3 2 9 10 8 4 1 11 3 9
12 6 4 1 0 9 1 5 11 5 14
5 3 2 5 3 4 6 1 3 6 3
18 12 22 11 4 17 4 5 6 1 4
7 3 5 0 9 1 13 3 2 2 13
3 3 3 2 1 2 5 6 6 5 12
13 5 6 3 6 11 6 8 5 14 6
11 6 2 16 1 10 5 11 12 2 5
10 11 9 1 2 1 5 3 3 12 15
10 8 15 9 20 9 1 7 8 7 3
11 9 4 7 4 4 5 8 7 1 5
1 6 1 2 3 1 3 2 0 2 7
1 17 1 7 17 9 10 2 12 18 12
11 4 0 7 2 16 4 6 13 9 4
6 7 7 13 2 7 0 9 30 6 4
1 7 3 7 4 2 3 25 7 4 6
5 5 3 0 2 14 15 3 3 4 17
6 8 11 3 11 4 13 2 1 13 8
5 9 18 1 5 3 13 3 0 12 3
10 3 6 19 9 7 5 10 3 8 14
6 7 14 10 0 10 14 6 4 1 14
1 2 2 11 9 4 0 2 20 1 13
8 3 5 16 9 1 7 3 8 8 2
5 7 9 6 4 4 18 16 3 8 1
2 1 5 4 1 3 3 5 2 7 2
6 6 7 6 9 5 6 0 8 3 6
0 11 7 12 3 4 2 15 9 5 12
2 2 6 14 7 3 7 5 14 5 22
3 20 11 0 11 7 10 3 3 22 16
2 0 16 6 3 9 14 5 16 3 1
6 4 1 3 1 15 8 20 6 19 4
4 3 1 4 4 2 1 2 1 1 7
3 3 1 0 11 2 4 2 2 7 9
3 9 10 13 16 1 1 21 18 10 7
4 6 1 4 1 1 7 8 0 4 2
5 4 10 1 1 3 5 2 2 0 4
7 8 1 0 4 1 2 5 5 1 5
10 5 5 4 11 7 5 10 1 3 14
4 2 9 5 4 0 9 2 6 3 5
13 6 3 0 3 18 5 2 10 4 24
10 16 0 11 7 5 8 0 1 11 1
8 2 5 2 0 2 1 2 2 14 5
3 1 20 12 6 9 9 2 3 4 3
4 13 2 15 5 13 3 5 5 16 6
2 4 4 1 7 6 3 2 6 1 2
2 4 3 2 8 0 16 8 4 1 1
16 2 14 24 12 3 10 2 10 4 7
6 14 0 10 4 1 1 15 7 22 2
8 12 12 7 23 4 14 10 7 3 6
1 3 9 9 17 14 2 15 10 7 9
17 1 7 12 7 11 12 16 4 0 2
1 4 7 4 12 2 2 4 1 9 1
15 9 2 9 4 10 17 8 26 2 1
7 0 3 7 4 3 2 6 8 2 6
5 10 1 9 0 3 1 0 7 0 8
3 4 2 2 6 8 2 23 13 4 1
0 10 6 15 6 4 16 5 7 2 14
21 3 2 3 1 4 12 16 0 2 8
2 11 1 0 0 10 6 1 8 0 3
10 10 6 1 13 1 7 1 3 0 11
12 9 4 24 11 10 5 4 11 16 2
4 1 2 8 6 6 6 1 6 2 4
3 3 2 3 4 1 2 4 4 7 3
9 13 24 6 7 0 1 2 3 11 7
2 1 3 13 1 10 9 9 4 1 5
3 3 2 3 8 5 3 9 8 22 6
4 4 3 17 2 2 9 8 15 4 6
1 3 1 8 2 4 4 4 3 2 2
13 10 3 4 10 19 19 6 0 11 3
9 3 4 4 4 6 5 6 8 0 0
2 3 21 6 4 0 8 11 6 5 9
9 10 11 10 0 2 5 13 17 9 12
9 2 5 0 3 2 2 4 3 3 4
0 10 1 13 2 6 10 4 0 11 3
7 9 2 2 3 6 1 2 4 1 1
1 1 3 8 2 2 1 1 3 2 5
2 1 1 2 0 5 7 6 2 2 0
5 3 18 1 2 0 3 1 1 1 2
6 12 10 1 4 13 10 10 14 7 17
13 10 8 24 4 10 5 4 6 1 15
13 8 8 5 4 3 6 9 6 2 2
1 0 3 2 4 5 4 3 3 6 7
13 4 13 15 2 13 5 3 15 11 5
7 3 4 0 6 6 1 4 4 1 5
2 1 13 17 4 0 1 10 13 0 4
7 9 4 6 2 5 4 0 4 7 0
10 4 17 10 3 0 10 1 14 0 5
18 11 2 1 5 2 7 6 4 5 22
8 1 8 2 3 5 1 6 3 14 7
1 2 7 15 8 12 9 9 3 8 4
5 1 8 8 8 6 8 2 2 3 3
3 9 7 4 4 2 5 2 1 12 3
0 1 0 0 1 2 0 11 1 3 2
1 7 5 6 4 4 0 5 3 1 9
3 9 0 0 3 3 1 4 6 9 3
1 15 5 3 20 7 3 9 17 7 6
5 0 2 0 5 3 3 1 2 1 5
1 5 5 4 1 17 16 9 7 12 19
4 3 9 10 7 18 10 11 6 4 8
1 2 6 6 2 3 5 1 7 1 8
1 2 4 2 1 3 7 3 0 1 7
7 8 1 15 14 5 11 9 14 7 12
2 15 9 12 10 16 3 11 11 2 2
4 2 8 9 1 3 5 4 4 8 1
9 1 4 5 2 6 2 13 6 19 1
1 2 1 8 5 11 8 2 13 20 3
9 4 1 0 1 0 3 1 3 0 10
5 14 14 1 8 3 8 8 10 3 1
6 0 8 0 1 0 4 3 1 7 4
4 14 1 27 1 16 12 7 3 10 3
2 4 9 6 1 7 1 1 9 8 2
1 0 3 7 3 8 1 2 3 4 4
10 7 1 13 9 5 10 6 1 12 1
6 5 11 9 8 13 6 12 3 3 2
3 3 4 2 2 10 0 10 2 5 1
0 8 7 8 1 2 4 3 1 6 17
9 1 9 9 4 4 1 7 9 0 2
15 7 13 5 2 4 6 0 4 2 3
8 17 9 0 2 6 6 11 13 9 11
1 4 1 4 5 2 4 11 1 8 1
3 0 6 4 1 1 6 5 2 5 4
7 2 8 8 5 3 4 5 4 3 1
6 19 3 2 1 11 5 17 8 4 10
8 11 2 8 12 3 10 7 6 0 4
4 11 6 24 2 6 6 1 1 2 2
6 6 3 3 2 12 5 6 3 2 6
1 1 3 6 7 3 0 4 3 3 4
7 4 10 14 3 4 2 11 1 3 11
1 2 6 8 14 14 19 14 3 6 9
8 9 12 5 2 4 4 9 11 6 15
1 1 3 0 1 1 1 1 3 6 7
7 3 5 11 15 3 14 3 1 1 4
13 7 9 9 1 6 4 7 3 5 3
13 4 3 4 12 3 18 4 15 3 2
5 8 2 4 12 5 8 15 4 1 5
2 2 16 3 12 6 16 12 4 22 8
5 3 5 16 0 6 9 2 1 4 2
2 9 11 15 13 7 6 15 4 13 2
1 6 9 4 23 16 14 4 13 2 14
8 4 6 7 2 3 2 7 4 5 4
3 1 0 7 5 4 14 0 9 0 2
2 3 4 9 3 1 9 2 4 6 11
6 3 5 3 5 1 5 11 7 12 2
7 1 6 8 4 6 12 8 22 3 5
8 5 3 2 14 6 7 3 10 5 0
8 8 13 12 8 2 9 6 6 1 4
9 2 10 1 5 3 7 6 1 1 3
6 1 0 3 3 2 5 1 7 0 2
1 0 7 5 3 5 4 7 7 2 8
7 2 0 6 3 2 13 4 15 13 7
2 3 9 14 16 9 11 15 3 3 4
11 5 15 3 15 1 2 2 3 2 0
15 9 3 7 15 20 4 7 8 16 0
9 1 3 10 4 6 15 10 16 15 12
8 23 2 6 3 3 4 2 11 7 7
2 0 2 3 8 6 6 2 1 12 4
2 4 11 8 3 3 10 2 4 16 10
1 6 2 3 7 9 3 7 5 1 17
3 8 3 0 3 5 3 1 2 0 6
8 2 23 0 8 0 8 15 14 10 4
8 10 12 2 13 13 9 11 7 1 11
9 8 8 1 5 0 6 7 8 2 1
16 11 1 5 1 2 12 14 8 15 14
6 2 2 3 4 1 7 5 5 1 3
7 3 5 2 5 1 8 5 12 4 7
12 1 4 3 5 9 15 8 9 5 1
2 6 8 2 2 1 11 1 4 1 6
0 1 1 6 0 7 6 4 0 8 3
7 13 8 7 17 16 7 5 15 14 12
3 10 7 1 7 9 3 4 2 6 2
7 9 12 3 16 9 5 10 16 8 9
1 2 2 2 4 2 4 2 0 9 13
10 10 8 11 16 0 17 6 18 2 7
10 22 8 6 11 4 0 12 20 1 2
6 34 7 9 2 4 9 9 9 3 2
1 8 1 3 2 2 3 14 6 0 1
15 2 3 7 6 9 12 0 4 1 2
7 13 6 1 0 19 5 6 0 12 4
2 4 6 1 1 11 7 1 3 12 2
0 2 5 2 1 4 5 4 5 1 4
4 5 15 3 13 11 4 9 19 5 3
3 2 2 1 6 0 4 1 10 2 4
4 3 12 7 12 14 5 7 16 8 5
7 14 6 11 9 15 1 4 10 10 9
5 4 4 14 9 1 7 1 7 10 7
3 5 2 2 1 1 0 4 5 1 7
2 4 4 1 4 7 5 3 1 6 3
22 3 2 2 6 10 14 7 14 12 3
5 1 15 9 17 9 0 4 5 9 4
8 1 1 1 3 5 4 1 4 3 1
5 3 3 2 2 1 5 1 4 7 3
12 0 10 8 0 5 16 1 6 2 2
9 18 12 0 13 8 2 1 1 17 6
2 1 1 4 6 4 6 3 9 1 5
8 6 5 6 5 1 5 7 2 2 2
6 1 5 3 5 6 0 6 0 1 7
0 2 0 4 1 4 1 5 3 5 3
20 1 7 3 11 7 10 10 5 6 13
8 6 15 7 4 2 0 7 1 4 1
12 5 10 7 6 12 1 11 19 5 12
20 10 3 0 12 6 17 5 12 2 9
12 10 7 18 1 11 6 5 4 2 15
4 8 10 10 2 3 4 14 1 5 20
2 3 5 15 0 10 1 5 11 3 13
0 6 4 2 5 4 8 11 11 9 5
20 6 3 8 3 6 11 17 3 18 6
2 4 1 15 2 8 4 7 1 4 12
5 3 9 2 2 3 7 3 8 0 1
15 6 4 6 1 13 7 6 15 21 16
4 16 10 14 12 6 3 4 11 0 9
12 2 4 6 8 10 11 9 11 10 3
0 3 20 10 1 6 9 10 9 8 15
8 1 8 2 9 21 13 7 8 12 6
1 1 1 1 9 1 5 0 5 0 1
8 1 7 26 4 5 2 6 7 4 3
11 5 13 8 3 8 11 13 21 12 4
1 2 15 14 3 6 4 4 7 15 7
3 1 1 2 2 3 0 8 2 2 6
13 12 5 0 4 4 0 6 4 16 11
4 6 2 3 5 2 11 6 9 2 7
2 3 8 11 4 6 1 6 10 10 13
5 12 10 3 21 6 5 1 8 10 4
8 4 4 1 10 2 4 0 1 0 1
10 4 3 16 5 7 8 5 8 5 17
5 5 0 2 3 3 6 1 2 5 1
0 0 4 2 6 4 0 3 3 5 2
5 4 5 2 2 11 10 6 5 8 5
4 3 2 3 3 4 2 2 4 6 0
1 4 1 1 2 5 7 0 5 2 3
2 6 4 1 6 0 1 3 1 1 5
10 0 4 7 19 8 14 10 1 10 4
3 9 9 3 12 17 15 5 6 6 17
3 1 6 2 3 2 9 11 6 2 16
0 9 3 8 10 3 14 27 6 8 6
7 0 4 1 3 3 3 0 6 0 0
5 9 4 5 4 7 11 21 5 12 2
10 5 1 16 1 2 10 7 0 9 5
7 12 2 5 1 11 10 19 2 6 1
3 1 5 7 4 2 3 1 3 1 8
4 3 4 25 1 8 7 9 4 9 17
5 1 1 1 4 3 1 5 2 6 5
2 2 16 2 2 3 2 10 10 2 10
7 19 2 3 2 3 4 10 8 0 10
6 2 4 2 13 7 3 1 14 3 20
13 4 8 4 6 1 7 4 4 1 5
7 5 8 3 5 2 14 0 14 0 9
0 14 6 4 20 7 0 17 5 18 16
21 6 6 13 2 11 16 10 8 12 5
5 4 11 13 18 13 2 2 4 14 3
9 4 6 10 11 5 0 6 3 4 7
2 0 6 1 1 2 3 5 4 2 3
12 15 6 8 5 3 0 5 9 4 17
12 8 1 5 14 5 6 11 6 7 13
3 5 16 6 3 8 6 16 7 10 3
1 0 2 3 6 3 1 5 8 4 5
7 7 3 8 3 2 7 6 15 1 11
5 8 3 8 11 1 0 6 5 1 4
9 9 3 17 12 9 15 9 6 6 20
2 1 14 1 3 1 22 5 1 7 6
16 1 7 8 4 3 8 17 3 8 1
7 0 8 12 16 4 5 1 12 4 12
5 2 12 5 29 4 0 3 10 14 8
4 15 2 5 7 1 4 6 3 10 4
3 13 9 7 1 1 6 5 5 13 17
0 1 5 3 3 3 0 4 14 4 2
5 0 6 10 10 8 0 21 12 10 2
1 5 4 9 7 2 4 6 1 5 0
9 7 5 11 5 11 7 0 8 2 8
10 10 8 9 1 8 9 3 8 21 2
2 16 0 14 2 3 6 15 2 7 11
5 13 9 6 2 7 5 7 7 7 13
6 5 2 3 2 2 5 1 1 8 8
18 6 3 6 8 16 5 8 3 16 5
7 0 9 1 7 0 3 2 3 4 4
16 2 13 20 4 7 7 10 0 11 10
1 5 1 7 7 5 9 1 0 14 6
1 8 0 4 11 7 15 5 0 16 11
2 8 2 19 7 2 5 5 10 3 17
13 1 8 2 18 1 16 8 4 22 1
4 1 4 8 13 9 8 8 7 5 0
2 5 4 2 0 7 0 4 2 3 2
20 3 1 2 8 1 10 12 11 1 12
7 2 5 28 6 4 7 8 10 13 4
4 2 6 5 1 4 3 1 1 0 4
7 2 3 8 6 3 15 0 1 1 3
2 5 4 7 4 3 15 1 0 4 5
4 4 10 9 3 4 4 6 6 1 5
17 6 5 3 9 10 5 5 21 4 23
19 10 14 6 6 0 12 8 3 4 14
2 5 10 0 2 3 9 7 2 5 2
2 2 5 5 4 1 10 0 17 1 4
12 5 9 1 1 12 8 8 2 14 0
3 7 1 1 1 1 2 0 2 9 5
2 0 3 7 4 1 3 0 1 4 1
1 32
2 64
2 90
3 17
3 93
3 96
4 53
4 64
5 62
7 9
8 33
9 27
9 92
9 94
10 57
10 88
11 49
11 62
11 86
11 91
11 101
11 108
12 71
13 90
13 96
13 102
13 106
14 53
17 58
17 66
17 101
18 25
18 79
18 117
19 63
20 83
22 92
22 102
22 121
23 47
23 106
24 77
24 78
24 106
25 76
25 97
25 99
25 122
26 40
26 54
26 76
26 98
26 109
27 76
27 111
27 112
28 73
29 33
29 55
29 66
29 69
29 88
29 115
30 78
30 89
31 109
31 115
32 83
33 35
33 73
33 113
34 92
34 134
36 74
36 79
37 54
39 49
39 85
39 135
40 51
40 101
40 114
41 56
41 62
41 78
41 116
42 94
43 109
43 119
43 141
44 111
45 79
45 83
46 107
46 111
46 121
47 49
48 117
49 62
49 83
49 149
50 60
50 107
50 125
50 148
51 56
51 101
51 104
52 123
52 133
52 148
53 54
53 113
54 100
55 62
55 147
56 66
56 71
58 116
58 136
59 88
59 98
59 102
59 142
59 150
60 70
60 129
60 150
61 155
62 123
64 80
64 118
64 152
65 86
65 98
65 106
66 67
66 76
67 69
68 97
69 84
69 91
69 111
69 150
69 154
70 114
70 124
71 97
71 104
71 165
72 95
72 118
72 149
73 143
73 149
73 161
74 164
74 171
75 113
75 156
76 99
76 105
76 158
78 79
79 87
80 116
80 120
80 173
81 86
81 114
82 98
82 140
82 168
82 170
83 96
83 128
83 140
83 170
83 182
85 135
86 155
86 156
86 170
86 180
87 88
88 102
88 107
88 115
88 116
88 152
89 184
90 93
91 155
91 174
92 176
93 122
94 102
94 127
94 167
95 103
95 171
96 158
96 178
97 118
97 164
98 175
98 182
98 185
99 109
99 198
100 141
100 182
101 105
101 186
102 179
103 120
103 158
103 173
105 122
105 182
105 187
106 122
106 138
106 187
106 190
106 199
107 110
107 114
107 170
107 206
108 205
109 132
110 169
111 127
112 178
113 157
113 187
113 197
114 205
115 176
115 197
116 120
116 205
117 135
117 153
117 210
118 158
119 178
120 220
121 191
121 193
123 128
123 154
123 188
123 194
123 195
123 202
124 132
124 184
124 207
125 173
126 191
126 206
127 155
127 222
128 146
128 206
129 209
129 216
129 225
130 221
131 162
132 204
132 211
134 188
135 145
138 139
138 238
139 200
139 225
140 188
141 211
144 156
144 203
144 234
145 196
145 213
145 237
146 152
146 170
147 176
147 208
147 224
148 180
149 200
149 210
149 224
151 207
152 199
152 238
152 249
153 168
153 215
154 184
156 166
156 225
157 161
157 190
157 209
158 207
158 209
158 255
159 166
159 178
159 252
159 255
160 214
160 238
161 188
161 240
162 182
162 234
163 179
163 256
165 166
165 168
165 171
165 186
165 188
165 210
165 213
165 226
167 228
168 179
168 180
170 224
171 253
171 264
172 205
172 221
172 225
172 258
174 180
175 178
175 242
178 187
178 228
178 231
178 234
178 268
179 220
180 207
181 250
181 256
182 215
182 279
183 257
184 276
185 225
185 274
186 191
186 209
186 235
186 278
187 212
187 222
188 269
188 286
191 252
191 288
192 204
192 222
193 195
193 254
193 280
194 271
195 252
196 248
196 285
198 206
198 216
199 232
199 239
200 292
201 293
202 224
202 233
203 210
203 243
204 235
204 264
205 218
206 224
206 247
206 268
207 220
207 231
207 237
208 287
209 297
209 306
210 236
210 245
210 268
212 235
212 254
212 260
213 283
215 236
215 266
216 286
217 264
218 267
218 294
222 229
223 270
223 276
224 257
225 274
226 308
227 231
227 240
227 298
228 311
229 231
229 272
230 242
230 243
230 256
231 251
231 273
231 284
233 301
233 316
234 287
236 311
240 276
240 317
240 334
241 315
241 324
242 246
242 272
243 313
243 328
245 269
246 327
246 335
247 275
247 304
248 264
248 294
248 319
249 275
250 349
251 307
251 326
252 287
252 289
252 323
252 326
252 334
252 347
253 272
253 298
253 301
254 341
256 278
256 313
256 352
257 352
258 324
259 344
259 356
260 276
262 288
262 347
262 356
263 275
263 299
263 306
263 332
264 304
265 266
265 323
266 280
266 296
266 355
267 351
268 271
268 298
268 325
268 332
268 344
269 334
269 346
269 355
271 287
271 315
271 333
271 345
271 365
272 299
272 336
273 347
274 362
275 295
276 310
276 326
277 302
277 336
277 364
278 377
279 317
279 338
279 355
280 294
282 309
282 349
283 369
283 381
284 310
284 327
284 340
284 358
284 382
285 314
285 352
286 305
286 369
286 375
287 370
287 383
288 317
288 327
288 340
289 303
289 305
289 320
291 306
291 315
291 333
291 335
291 371
294 299
295 350
295 372
296 308
296 318
296 335
296 361
297 374
297 387
299 343
299 363
300 342
301 364
301 378
302 349
302 394
303 319
303 331
303 351
303 393
304 325
304 347
305 335
305 356
305 374
305 389
306 312
306 362
306 397
307 314
307 360
308 399
308 408
310 373
310 378
310 404
312 349
312 365
313 367
313 404
314 316
314 398
315 331
315 345
315 371
315 414
316 334
316 404
317 327
317 339
318 371
320 415
321 343
321 389
321 399
321 417
322 330
322 340
322 345
322 402
323 334
323 377
324 337
324 346
324 369
324 376
324 392
324 417
325 330
325 369
325 411
326 367
326 372
326 393
327 365
327 372
328 402
329 340
329 345
330 337
330 342
330 344
330 417
331 360
331 394
332 336
332 368
333 392
334 389
334 391
334 425
335 342
335 359
335 420
335 435
336 373
336 419
337 346
337 370
337 418
338 403
338 407
338 422
339 380
341 394
341 436
342 394
344 389
345 406
346 395
348 369
348 370
348 384
349 350
349 353
349 364
349 425
350 367
350 374
350 416
351 355
351 356
351 358
351 435
351 450
352 408
353 399
353 420
354 392
354 421
354 444
355 384
355 414
355 447
356 388
357 360
357 439
357 442
358 363
358 388
358 392
359 380
359 398
359 437
360 437
361 364
361 419
361 430
362 384
362 400
362 462
363 402
363 424
365 433
366 400
366 423
366 463
367 398
368 397
369 402
369 443
371 434
371 470
372 388
372 437
372 443
372 450
372 461
373 386
373 410
373 412
373 438
373 447
375 419
375 463
376 447
376 451
377 386
377 474
378 413
379 396
381 438
381 477
382 452
383 422
383 438
383 475
385 386
385 405
385 436
386 431
386 442
386 459
386 485
389 391
389 460
389 478
390 403
390 409
390 473
390 477
391 408
391 410
392 395
392 405
392 420
392 425
392 443
392 466
392 487
392 492
393 433
393 475
393 487
394 481
395 444
395 452
396 405
396 445
398 415
398 424
399 442
399 480
400 432
400 443
400 490
401 468
401 475
402 454
404 443
404 471
405 463
405 466
407 424
407 462
407 469
407 487
407 488
408 463
409 429
409 477
409 500
410 457
411 416
411 424
412 467
412 470
412 508
413 432
414 492
415 467
416 467
416 495
417 433
417 434
417 517
418 450
418 506
419 437
419 439
419 457
419 490
419 499
420 421
420 461
421 506
422 437
422 510
423 430
423 434
423 437
423 483
424 518
425 463
426 515
427 483
428 440
428 467
428 476
429 499
430 527
431 509
433 453
433 484
433 504
434 502
434 505
435 490
435 501
436 450
436 489
437 448
437 459
437 525
438 514
439 482
439 521
439 522
440 451
440 464
440 469
440 474
440 495
440 507
441 512
441 540
442 476
442 526
443 458
443 487
444 522
444 534
444 536
444 544
445 451
445 460
447 470
447 499
447 506
448 528
448 541
449 530
450 512
450 533
451 455
451 460
451 502
451 519
452 484
452 544
453 456
453 502
455 510
455 524
455 553
456 462
456 528
457 480
458 505
459 542
459 549
460 488
460 508
460 513
460 526
461 512
461 536
461 557
462 481
462 484
462 490
462 531
462 553
463 471
463 551
464 472
464 529
464 559
466 528
467 479
467 487
467 528
468 478
469 511
469 530
470 529
471 478
471 500
471 536
472 550
472 552
472 557
473 509
473 526
474 549
475 499
475 502
475 540
476 519
476 555
476 561
477 517
477 519
477 531
477 545
478 530
478 541
478 558
479 549
480 515
480 527
480 545
480 570
482 492
482 501
483 500
483 531
483 540
483 547
483 578
484 502
484 527
484 576
485 513
485 517
486 578
487 503
487 535
488 544
488 548
488 566
488 579
490 506
490 515
490 547
491 528
491 532
491 574
492 566
495 582
497 534
497 548
497 554
497 560
499 513
499 529
500 537
500 560
500 581
501 580
502 589
503 506
503 559
503 579
504 583
507 568
507 603
508 516
509 529
513 515
513 547
513 572
513 609
514 552
515 540
516 558
516 582
519 575
519 592
521 565
522 582
522 583
523 552
523 553
526 569
526 587
527 553
527 555
527 567
528 562
528 625
529 536
529 613
529 616
530 555
530 588
531 567
531 623
532 617
533 541
533 616
533 629
534 569
534 604
534 632
535 604
535 633
537 630
538 591
538 629
539 594
539 602
540 569
540 576
541 616
542 567
542 576
543 579
543 582
543 602
545 566
545 571
545 600
545 601
545 608
546 624
547 560
548 559
549 629
549 645
550 565
550 572
550 623
551 592
552 606
552 618
552 623
552 634
552 642
552 646
555 614
556 592
556 608
556 619
556 645
558 568
559 623
559 624
560 598
560 637
561 661
562 569
562 607
564 634
564 661
565 631
565 641
566 613
566 628
567 586
568 632
568 667
571 574
571 644
572 590
572 659
573 670
574 671
575 586
575 611
576 604
578 582
578 597
578 601
578 629
579 666
579 678
580 655
580 661
580 662
581 595
581 652
582 586
583 637
583 663
584 647
585 640
586 590
586 601
586 637
587 605
587 620
587 634
587 642
587 664
588 653
589 634
590 650
591 648
591 665
591 668
591 675
591 682
592 653
592 683
594 612
594 667
594 688
595 647
595 654
596 654
597 636
597 669
598 630
599 663
599 686
600 621
600 655
601 602
601 605
601 614
601 681
602 656
602 663
603 633
603 640
603 659
604 612
604 631
604 633
604 643
604 692
605 612
605 622
605 630
605 670
605 682
605 703
606 651
609 657
609 691
610 640
611 617
611 704
612 659
612 672
612 677
612 710
613 640
613 642
613 705
613 709
615 634
615 649
615 686
615 694
615 715
616 659
616 668
618 627
618 687
618 712
619 659
619 718
620 637
620 664
620 672
621 655
621 692
621 706
621 716
622 624
624 640
624 700
625 637
625 677
626 640
628 656
628 678
628 697
629 681
629 701
629 724
630 634
630 647
630 648
630 657
630 667
630 725
631 649
631 653
631 659
631 722
632 680
632 709
632 729
634 678
634 715
634 721
634 724
636 690
636 717
636 722
637 659
638 645
639 710
639 738
640 727
641 682
641 688
641 703
642 643
642 709
642 720
643 649
644 727
645 725
648 660
648 730
648 737
649 662
650 680
650 692
650 729
650 734
651 679
653 661
653 674
653 676
653 709
653 713
654 658
654 730
655 678
656 666
656 687
657 677
657 683
657 698
657 703
657 710
657 739
658 701
659 714
660 708
660 736
660 740
661 702
661 707
661 758
662 691
662 704
662 705
662 706
662 745
663 701
663 750
663 757
663 762
664 753
666 704
666 723
666 758
667 668
667 676
667 704
668 739
668 742
669 732
670 700
670 707
670 738
671 682
672 706
673 738
674 693
674 709
675 705
676 720
676 727
676 730
676 761
677 737
678 686
678 701
679 749
680 774
681 696
682 692
683 701
683 774
683 776
684 703
685 726
685 774
686 767
686 785
687 736
687 745
688 726
688 759
689 691
689 712
689 715
690 772
691 705
691 757
691 770
691 787
692 740
693 694
693 705
693 710
693 732
693 750
693 768
693 779
694 740
694 741
694 766
695 703
695 745
695 764
697 701
697 741
697 761
698 773
698 778
699 764
699 794
699 796
700 784
701 739
701 789
701 799
702 724
703 713
704 745
706 715
706 763
706 786
707 783
708 720
708 731
708 739
710 765
710 779
711 758
711 794
713 776
713 784
713 791
713 800
714 789
714 804
715 800
716 779
717 761
718 762
719 780
720 737
720 752
722 749
723 744
723 815
727 738
727 801
728 762
729 735
729 751
729 789
729 790
729 821
729 826
730 815
733 751
733 778
734 813
734 814
735 746
735 749
735 791
736 740
736 824
737 797
737 801
737 828
737 831
738 784
738 814
739 762
739 815
740 816
740 821
741 771
741 825
745 764
745 799
745 827
745 834
746 773
746 789
746 822
747 821
747 828
748 779
748 793
748 797
749 825
750 822
752 794
752 809
753 770
753 787
755 760
755 829
755 831
756 769
756 845
757 774
757 817
757 833
757 847
758 772
758 813
758 820
758 848
759 806
759 809
760 770
760 780
760 812
761 823
763 849
764 773
764 851
765 834
765 853
766 833
768 769
768 821
768 865
769 819
769 826
769 839
771 820
771 869
772 871
773 861
774 830
774 849
775 833
776 805
776 838
776 852
777 815
777 844
778 804
778 843
778 871
780 791
780 806
780 819
781 848
781 855
782 815
783 833
784 830
784 864
784 881
785 807
785 856
785 879
786 811
786 816
786 833
786 863
787 849
788 828
789 864
790 817
790 833
790 844
790 848
790 881
792 802
792 891
794 894
795 806
795 892
795 894
796 826
796 878
796 889
800 803
801 861
801 887
801 898
801 901
802 803
803 808
803 814
803 903
804 904
805 860
806 859
806 885
807 828
808 896
809 897
810 828
810 856
810 877
811 865
812 836
812 860
813 850
813 879
814 832
814 847
814 850
815 844
815 852
815 913
816 876
816 886
817 824
817 888
818 842
819 837
819 849
820 898
821 838
821 890
822 882
822 896
823 860
823 883
823 916
823 920
824 889
825 859
825 895
826 857
826 922
827 863
827 877
827 888
827 917
828 927
829 848
829 909
829 915
830 884
831 870
831 899
833 930
834 842
836 859
837 878
838 843
838 857
839 845
839 880
841 864
841 928
841 939
842 868
843 853
843 870
843 932
843 934
844 847
844 940
847 898
848 946
849 866
849 868
849 937
850 900
851 935
852 936
853 914
853 934
854 857
854 868
854 876
854 931
856 876
856 895
856 943
856 946
857 906
858 911
858 942
858 958
859 865
860 879
860 904
861 900
861 925
861 948
863 871
863 873
863 888
865 873
866 887
866 941
866 954
867 921
867 952
868 886
868 934
869 921
869 957
870 900
870 941
871 905
873 903
873 906
873 928
873 932
875 909
875 917
875 926
876 896
876 903
876 905
877 915
878 930
878 934
879 950
880 920
881 977
882 903
882 919
882 925
883 943
883 949
884 903
884 908
884 931
885 910
885 923
885 925
885 951
885 980
886 932
886 975
886 984
887 959
888 909
888 920
888 928
888 958
889 955
889 961
889 981
889 988
890 985
891 986
892 899
892 911
892 945
893 926
895 896
895 905
895 963
895 976
896 900
896 906
896 969
896 994
897 969
897 983
901 922
901 953
903 994
903 995
904 958
905 944
905 949
905 988
906 964
907 940
909 924
909 930
909 941
911 953
911 987
911 996
912 980
912 987
913 919
913 945
915 974
915 998
916 927
916 979
917 988
918 972
919 944
920 930
920 941
920 979
921 944
922 953
923 934
923 948
924 950
925 973
928 977
928 978
929 947
930 948
930 958
931 996
933 945
933 980
934 949
934 967
934 970
936 998
937 963
937 978
938 950
940 981
941 989
941 999
941 1000
942 988
942 993
943 962
943 970
944 966
948 967
948 1000
952 987
956 966
957 959
958 959
959 992
960 967
960 991
960 994
961 995
964 967
965 986
966 997
968 988
970 990
970 991
973 976
973 989
978 987
993 999
14 16 1 11 5 12 8 6 3 23 4
20 7 0 23 12 23 4 5 16 20 0
4 7 18 5 11 3 11 9 10 7 14
4 2 3 13 3 8 10 20 10 0 3
8 23 20 4 19 1 0 11 11 13 33
26 32 8 12 4 3 21 12 1 11 5
8 10 6 13 2 8 0 7 5 3 5
10 7 9 9 7 5 14 14 11 17 4
7 13 27 18 22 6 13 17 21 24 8
3 5 2 6 3 12 9 14 1 5 8
10 9 16 7 20 11 19 11 15 7 12
2 12 21 12 2 4 4 9 20 1 1
25 6 14 34 14 25 5 19 15 6 10
18 6 1 12 15 9 17 10 0 10 11
8 2 4 3 44 26 5 9 10 10 3
23 10 6 7 18 12 38 14 5 23 2
16 19 5 21 7 12 11 5 12 8 10
0 13 19 11 10 17 26 8 7 16 15
23 4 9 14 5 6 7 22 6 2 11
1 5 8 10 6 11 1 18 17 8 2
29 18 14 38 10 32 36 16 5 36 6 36 8 21 18 17 13 7 26 21
29 26 10 16 10 19 23 7 1 23 4 17 1 25 18 18 14 16 9 12
22 34 21 41 18 18 33 15 3 37 15 29 18 28 37 19 18 7 25 34
29 18 17 44 12 33 35 19 6 39 3 39 2 24 14 15 14 12 31 26
39 47 47 59 45 30 54 42 28 56 23 61 35 36 50 21 23 18 50 60
32 29 25 23 32 25 47 13 7 33 17 36 16 29 32 19 24 26 23 21
8 14 13 17 22 12 16 10 4 12 3 22 1 8 14 8 1 1 8 10
1 6 4 9 6 3 7 1 1 5 1 10 1 3 6 1 3 4 5 3
11 10 8 16 9 8 10 1 1 17 1 13 1 13 10 4 5 10 7 11
32 43 31 46 30 16 43 20 6 51 15 39 26 29 46 24 19 13 35 45
9 7 6 11 11 10 10 2 1 15 1 12 1 9 6 1 2 6 4 9
29 23 15 39 12 30 38 13 1 41 12 19 15 37 28 23 23 9 33 24
9 14 7 24 7 6 13 6 1 14 5 21 7 8 15 8 4 7 13 16
32 34 26 53 15 27 45 24 3 56 19 27 25 44 40 29 24 21 40 42
21 21 41 53 33 26 43 35 23 51 25 52 14 25 40 24 8 17 29 47
21 30 6 33 4 12 25 15 1 27 6 7 12 26 26 15 18 1 23 20
43 42 35 54 21 42 53 36 16 41 16 64 22 24 21 22 36 30 39 43
13 22 26 36 28 12 41 7 7 37 16 45 24 17 25 1 20 18 26 39
22 22 17 23 17 14 23 9 1 25 8 29 1 12 24 11 11 16 6 23
25 37 17 34 18 27 33 25 15 28 9 35 18 25 31 17 11 5 24 34
24 30 16 32 23 14 38 8 1 27 8 41 16 10 26 9 17 7 22 30
20 22 21 21 28 7 26 8 2 24 8 33 8 9 30 11 9 16 11 30
1 1 1 1 1 3 3 1 1 4 1 1 1 3 1 1 1 1 1 1
21 30 21 44 11 15 31 22 8 36 8 36 10 17 26 14 10 18 21 40
30 27 22 39 26 21 35 21 6 43 14 34 1 23 38 23 13 21 12 39
1 4 6 12 9 1 8 1 1 8 1 12 1 2 8 1 1 7 2 11
4 3 11 7 11 5 4 5 1 14 7 9 1 6 11 7 1 9 3 9
32 35 36 60 21 43 49 34 23 52 27 54 30 44 42 30 22 13 48 43
20 23 28 48 24 26 36 19 2 48 24 40 23 31 40 15 23 15 33 36
1 9 1 3 7 1 7 1 1 1 1 7 1 1 5 2 1 1 1 9
8 11 4 9 6 2 8 1 1 3 1 10 1 5 7 1 6 7 4 3
36 34 25 55 25 27 45 27 5 52 18 41 15 28 43 29 26 18 33 48
2 8 1 5 7 3 10 1 1 4 1 9 2 4 2 1 2 3 1 8
27 26 30 48 35 28 40 25 15 42 13 46 12 27 29 17 18 13 36 42
20 23 18 32 27 23 32 15 13 26 4 41 6 18 21 12 4 12 16 29
14 14 24 36 22 22 25 18 11 26 13 35 8 17 20 14 8 2 26 19
43 34 24 41 21 32 47 21 11 49 14 30 8 39 35 26 28 31 24 32
5 8 1 12 4 1 4 1 1 6 1 7 3 6 7 1 1 4 7 5
5 9 4 6 13 5 8 1 1 7 1 5 3 8 10 1 1 1 3 7
2 12 1 3 6 1 6 1 1 2 1 6 1 4 4 1 1 1 1 9
12 15 15 22 20 4 16 11 1 22 11 15 3 14 25 11 1 5 13 18
16 29 14 37 1 4 21 16 7 30 11 25 14 26 28 18 5 12 20 25
5 11 11 9 18 7 8 5 3 10 4 9 4 7 14 4 5 6 7 12
44 25 31 41 38 38 40 30 6 47 23 26 6 42 46 43 17 31 29 33
7 11 1 11 3 3 7 1 1 9 1 9 1 10 4 3 2 1 3 3
29 24 17 26 29 23 34 11 5 31 5 24 15 25 24 16 13 13 24 18
31 30 28 39 18 22 41 22 5 34 9 48 6 13 20 10 23 31 19 35
6 8 1 8 3 2 7 1 1 7 1 7 1 4 1 1 1 1 1 4
11 11 11 24 7 15 19 5 1 22 7 29 8 12 7 5 7 6 15 16
1 8 5 9 10 6 8 1 1 8 1 10 1 6 9 5 1 8 5 13
22 20 13 27 14 23 27 14 1 30 7 14 9 25 20 16 16 3 22 17
1 6 9 8 13 5 1 3 2 5 2 11 1 2 11 4 1 4 5 6
13 8 29 41 28 28 36 17 16 29 21 44 14 23 15 12 19 10 36 30
26 32 13 37 7 20 31 23 11 36 11 26 16 28 30 23 7 7 22 31
29 28 9 25 10 23 23 16 10 30 9 18 8 25 30 27 13 8 11 21
27 22 12 24 14 23 30 11 3 33 1 30 8 18 11 8 14 19 19 28
10 16 4 22 9 5 17 3 1 16 2 20 3 9 17 7 2 3 8 15
13 8 4 13 13 17 17 6 1 16 1 15 1 10 5 1 3 1 9 10
1 2 2 10 2 1 5 1 1 6 1 13 1 1 1 1 1 6 3 7
2 10 7 21 1 1 9 4 1 17 3 10 7 12 10 1 1 4 13 13
8 4 8 8 9 11 7 1 1 17 1 5 1 13 11 7 1 9 8 8
6 7 1 13 3 2 4 1 1 9 1 3 1 10 7 1 1 1 5 3
14 18 14 24 13 16 16 12 7 22 6 29 7 10 17 14 5 8 11 19
6 12 2 20 4 4 8 1 1 14 1 13 2 11 10 2 1 1 8 8
38 37 16 44 17 33 43 24 1 43 16 28 18 35 35 32 25 12 30 33
12 14 17 20 20 8 22 9 1 18 9 29 1 4 18 13 3 12 7 22
25 26 23 31 19 24 29 17 5 32 9 25 10 27 29 21 10 14 26 18
34 26 6 37 10 33 34 18 1 34 1 21 3 29 27 26 14 6 24 19
14 17 3 14 17 6 21 1 1 14 1 18 8 7 12 1 6 2 11 15
26 33 13 34 6 16 22 15 8 31 6 27 10 20 32 17 15 12 13 26
4 6 1 2 6 2 4 1 1 5 1 1 1 7 3 1 1 1 1 3
28 32 7 29 16 21 27 18 2 32 7 16 5 22 35 25 15 4 12 28
5 18 18 31 5 1 22 13 8 26 12 25 16 18 18 10 1 15 22 26
35 44 25 33 31 34 45 27 19 28 17 49 15 28 38 24 25 18 20 27
24 18 27 41 27 28 33 25 16 36 8 44 1 12 24 10 8 19 16 34
45 41 48 50 45 31 51 36 19 58 27 45 9 42 58 31 27 39 25 45
10 12 4 12 11 12 14 2 1 12 1 12 1 12 5 4 1 2 12 7
13 6 1 12 5 13 15 1 1 16 1 11 1 11 4 5 4 8 9 8
5 4 2 7 4 5 4 1 1 6 1 5 1 8 5 1 1 2 4 1
15 20 10 20 15 13 13 12 7 13 5 20 5 9 21 15 5 6 6 16
23 18 1 27 12 22 33 9 1 25 1 30 6 13 17 13 3 7 21 25
7 10 2 13 7 1 7 2 1 10 1 5 3 10 12 2 3 5 5 11
1 1 1 5 1 1 1 1 1 1 1 4 1 1 1 1 1 2 1 1
47 22 45 51 38 47 57 34 15 58 28 54 10 41 29 27 33 27 44 39
45 39 20 58 14 42 50 29 18 56 11 43 16 39 44 36 25 22 35 47
8 14 21 31 13 15 24 14 7 27 11 23 15 24 16 7 4 3 27 16
10 9 7 12 13 12 11 5 4 12 1 11 1 13 5 3 3 1 8 4
18 17 1 12 2 18 17 10 6 16 2 15 4 13 11 17 6 6 7 17
29 41 32 36 37 22 51 14 5 37 27 47 29 32 40 11 38 23 31 34
28 27 30 47 35 36 53 21 3 47 25 40 33 40 41 23 27 24 46 38
42 41 19 33 21 31 41 24 9 35 15 34 8 32 32 24 36 23 18 28
1 2 1 5 1 1 1 1 1 4 1 1 1 3 5 1 1 2 1 4
22 16 38 46 35 24 47 18 10 56 30 44 18 31 40 13 22 31 26 40
9 27 18 34 12 4 28 12 5 27 11 33 20 16 25 11 5 12 24 36
30 12 16 41 10 26 36 12 1 44 7 23 8 28 20 17 18 20 29 19
33 19 30 25 33 29 32 19 1 37 17 21 6 31 31 27 16 29 20 19
27 22 13 39 14 32 31 24 10 31 2 33 5 22 19 14 10 4 25 27
5 4 1 12 6 4 12 1 1 6 1 10 1 3 4 1 1 1 6 5
19 21 17 27 27 20 31 11 8 23 3 30 13 19 20 10 7 3 30 22
2 3 1 11 4 1 8 1 1 3 1 7 1 3 6 1 1 2 7 4
35 19 53 50 60 34 46 41 34 50 37 55 6 36 41 34 19 37 30 52
43 41 34 36 29 43 45 37 29 32 26 48 14 38 30 32 33 22 26 34
16 27 13 32 20 13 23 11 4 25 1 27 7 17 26 9 7 7 18 31
20 13 19 37 17 23 30 17 11 30 5 37 1 17 7 9 14 10 24 23
23 14 19 19 22 27 27 16 7 16 4 20 1 22 15 17 12 15 18 11
25 34 35 39 29 20 34 26 11 37 18 43 11 22 42 22 13 21 19 35
8 13 3 15 5 1 8 1 1 14 1 10 1 9 10 5 5 4 5 7
42 25 16 36 13 38 40 24 1 46 7 18 8 35 22 25 27 24 31 24
41 36 29 36 43 28 40 25 11 47 15 32 16 34 48 29 20 13 31 39
25 37 20 35 16 24 37 23 13 21 12 39 16 19 32 18 17 11 23 31
7 14 22 28 16 13 15 14 11 22 6 24 9 14 15 5 1 13 17 19
36 30 22 38 15 34 42 22 18 39 10 44 10 25 25 25 17 25 22 34
32 39 30 48 29 25 51 27 15 52 22 47 34 29 51 32 18 14 42 50
18 17 15 26 9 18 21 14 1 21 1 28 4 7 5 1 14 14 19 21
12 16 10 16 14 16 16 9 7 14 1 23 1 6 12 9 2 8 2 21
5 11 5 16 6 5 5 4 1 6 1 18 1 3 6 3 1 4 6 8
20 22 17 30 17 16 28 12 6 22 7 32 7 11 17 10 15 6 19 15
48 30 34 57 35 44 56 40 31 57 19 52 3 39 38 32 26 25 28 49
16 10 15 18 22 20 19 10 9 21 5 20 1 22 9 12 6 4 13 12
6 15 13 26 14 7 18 6 1 24 5 20 9 14 18 3 1 4 16 17
7 7 3 17 3 7 12 1 1 12 3 13 4 7 6 1 5 4 11 4
27 30 32 31 42 27 40 23 16 27 16 46 10 18 34 20 19 15 22 36
3 7 4 5 2 4 2 1 1 8 1 9 1 6 2 3 1 8 1 9
17 18 7 21 12 13 17 4 1 21 1 19 1 15 17 13 3 7 3 17
13 15 12 34 7 9 23 3 4 32 5 25 8 18 16 6 9 11 16 22
14 14 12 29 19 14 34 8 1 26 7 35 15 7 18 1 13 9 26 27
26 16 45 56 41 29 46 38 30 49 27 54 5 29 35 22 13 25 29 49
1 6 1 7 1 1 1 1 1 1 1 5 1 1 4 2 1 1 1 2
13 13 10 22 17 21 22 13 8 16 1 29 4 7 14 11 3 5 12 17
9 16 6 20 9 2 14 1 2 16 1 18 1 8 10 4 4 9 1 17
9 9 7 19 11 11 18 4 1 16 5 19 6 9 6 1 5 1 13 8
10 11 3 19 10 5 26 2 1 16 3 25 10 4 6 1 5 2 17 18
50 45 27 68 19 45 57 42 24 63 18 53 19 38 48 34 33 25 38 58
24 22 15 44 14 25 37 22 15 37 8 45 8 13 26 14 12 18 20 41
14 14 7 17 7 10 19 8 3 15 1 23 1 3 6 6 11 13 8 21
1 5 2 8 6 3 3 1 1 4 1 6 1 4 7 1 1 2 3 3
25 25 4 24 9 17 29 7 1 27 1 18 4 24 15 15 16 11 15 16
14 14 7 25 11 15 24 8 1 22 4 30 6 9 7 6 8 9 15 22
17 15 3 20 2 12 11 5 1 21 1 10 1 18 15 12 1 8 8 14
28 18 35 43 37 23 40 27 19 48 15 45 1 19 31 7 16 26 16 38
24 17 25 34 34 16 38 17 19 37 12 39 6 22 27 7 10 24 15 31
42 33 42 67 32 33 52 42 16 66 26 55 10 32 52 31 18 34 35 58
19 20 6 28 8 15 19 10 1 30 2 10 4 22 25 13 11 1 16 17
9 18 1 11 13 6 12 5 1 8 1 15 6 10 10 7 1 6 5 16
34 28 39 60 28 44 49 29 24 55 21 56 21 39 42 28 24 24 41 41
18 17 12 20 14 13 24 1 1 20 6 23 5 16 13 4 11 12 12 10
12 3 2 9 7 11 15 1 1 13 1 3 1 15 5 7 1 5 9 2
24 17 19 25 24 21 26 18 1 30 9 26 1 13 21 15 11 12 14 25
26 7 38 43 38 36 40 32 21 40 27 45 7 25 16 22 23 16 38 30
28 41 33 64 14 13 51 33 16 56 27 42 27 37 49 28 21 25 37 56
32 33 18 39 23 17 41 18 13 36 10 43 8 17 31 13 18 23 13 40
17 20 13 25 23 12 24 11 1 26 9 21 3 18 28 18 6 6 12 21
50 38 30 56 30 45 55 38 14 61 31 42 18 48 55 49 29 23 40 52
27 20 33 45 31 29 30 29 22 37 19 34 7 34 23 23 23 17 34 31
33 42 41 57 35 29 58 26 12 56 30 63 32 32 58 26 26 24 39 59
22 20 47 50 40 26 37 27 15 53 32 45 16 35 45 24 15 27 36 46
3 10 9 9 19 7 13 5 4 4 1 17 3 4 6 1 1 4 8 13
15 17 6 16 14 6 17 1 1 23 2 16 1 14 20 12 2 7 8 16
31 21 24 49 16 30 40 17 2 55 16 39 12 30 34 22 23 16 33 39
12 16 5 18 7 11 15 7 6 15 1 19 1 6 13 10 4 9 1 22
4 9 4 14 5 3 12 3 1 8 4 16 5 5 6 5 3 1 9 7
9 16 17 21 13 8 8 16 3 21 11 15 8 11 28 17 1 10 10 24
16 14 20 13 19 20 21 9 3 19 7 30 1 12 13 4 13 14 9 6
6 9 5 20 4 6 16 4 1 11 5 21 6 3 7 6 4 3 12 9
32 15 33 49 24 40 43 28 17 46 14 49 11 28 8 13 23 22 41 35
12 13 11 18 16 19 16 13 6 13 1 25 1 7 11 8 7 6 12 15
48 24 38 50 33 54 48 40 15 50 16 42 12 43 15 30 32 31 46 33
32 31 20 45 22 19 41 18 10 44 4 45 14 15 30 8 17 20 23 45
26 25 7 29 11 22 23 12 4 30 3 22 2 19 25 20 11 6 9 21
1 7 1 4 5 1 6 1 1 1 1 8 1 1 4 3 1 1 1 10
31 28 32 33 31 33 28 28 8 40 20 17 19 36 40 34 18 23 30 24
43 34 22 53 12 40 45 26 5 54 6 42 15 35 20 25 29 27 38 38
17 21 5 11 17 7 19 1 1 13 1 13 10 11 14 3 9 5 9 14
55 63 28 49 38 30 60 31 14 46 18 45 28 37 57 28 42 14 35 46
25 27 22 33 29 17 34 11 1 38 14 33 15 24 36 17 14 8 24 31
14 29 9 26 11 7 19 13 4 19 4 23 13 12 25 12 3 8 12 32
32 37 34 48 22 35 42 32 29 42 20 53 19 28 38 31 21 24 28 40
23 17 20 30 22 21 29 13 6 38 7 17 11 29 25 16 11 25 20 24
32 28 7 33 11 25 35 15 3 30 1 31 4 17 21 15 15 11 18 26
27 15 28 34 36 32 34 22 15 40 17 35 5 32 23 23 11 14 29 27
16 17 14 17 15 10 10 13 1 15 8 15 1 8 26 16 3 8 5 17
4 5 6 8 13 5 10 1 1 10 3 8 2 7 7 3 1 3 6 5
46 25 40 58 30 42 56 41 28 54 18 65 3 28 21 18 27 35 33 47
48 43 37 64 30 46 61 40 7 69 14 54 22 39 50 36 26 23 50 56
3 7 2 8 4 5 5 2 1 3 1 11 1 1 3 4 1 1 1 4
7 16 1 9 7 4 12 5 1 2 1 13 2 1 10 7 1 1 1 15
9 18 15 17 22 9 22 7 8 18 5 27 5 6 17 6 6 16 4 25
19 17 19 28 18 16 17 19 3 27 15 22 6 18 31 20 1 11 15 23
8 14 3 19 2 1 7 3 1 12 1 9 4 12 12 4 4 4 10 8
24 30 24 51 31 23 49 16 5 43 20 50 32 25 37 8 29 12 42 43
33 34 34 54 14 34 40 38 18 52 17 50 21 23 35 24 24 30 31 51
1 4 1 3 5 1 1 1 1 1 1 4 1 1 3 1 1 1 1 1
28 21 29 41 24 19 36 15 10 45 14 36 4 21 33 20 13 25 16 25
35 42 19 28 29 17 40 18 12 26 9 39 19 19 39 13 24 11 19 33
5 8 3 20 1 1 10 1 1 15 1 13 2 8 7 1 4 3 8 7
19 15 3 21 13 17 28 5 1 25 1 28 5 12 9 5 5 9 18 21
14 23 14 29 9 14 27 17 3 30 7 26 14 17 19 7 8 13 23 32
25 33 22 41 12 25 26 27 13 38 17 32 18 26 39 26 12 8 24 31
31 37 20 50 11 29 35 28 14 48 11 34 14 33 40 28 16 14 22 41
1 6 1 3 5 4 1 1 1 2 1 4 1 4 1 1 1 1 1 2
32 46 26 45 26 21 44 28 10 42 18 43 22 28 51 30 16 12 28 42
2 9 1 1 9 1 9 1 1 1 1 3 2 1 3 1 3 1 1 6
12 14 10 17 8 11 8 5 5 18 1 18 1 13 10 8 1 12 1 15
33 40 22 45 17 18 49 17 4 51 12 31 24 38 42 24 19 17 38 38
39 34 36 60 22 28 59 30 15 63 26 43 32 49 46 31 27 27 52 45
44 50 26 61 11 34 50 45 10 58 21 37 25 37 53 40 29 17 41 56
14 10 6 14 14 18 21 8 1 16 1 22 2 7 2 1 5 3 13 14
41 30 39 50 35 48 59 33 1 55 20 50 26 34 32 31 31 31 46 44
17 12 7 21 11 18 28 6 1 23 5 23 7 16 8 13 5 10 19 15
30 35 21 45 23 19 47 20 18 40 8 55 25 13 33 15 19 12 30 47
36 32 27 33 31 38 42 29 12 40 18 32 20 31 42 38 19 24 26 35
31 48 21 45 17 16 39 25 15 41 15 42 28 29 43 24 14 16 28 47
22 18 7 18 19 17 30 8 4 25 1 28 12 11 17 9 10 9 19 27
6 14 10 9 22 11 13 5 3 10 1 15 6 8 16 3 2 2 10 15
50 43 21 52 23 48 52 38 11 55 13 41 15 34 40 37 32 13 37 42
6 11 16 24 24 15 23 14 4 19 4 27 8 8 19 3 3 4 22 21
29 17 20 25 25 32 38 17 2 34 1 34 13 17 15 9 15 19 30 28
44 42 36 56 24 44 60 36 9 57 15 54 26 35 41 29 29 22 48 47
21 19 10 20 7 10 20 3 4 24 1 18 1 18 15 11 8 18 4 16
35 33 24 37 37 24 41 24 10 44 8 38 17 22 37 17 24 10 31 39
21 14 1 16 4 20 19 9 1 20 1 19 1 11 10 12 5 6 9 14
44 39 19 40 30 39 46 30 1 47 16 33 15 34 43 36 22 12 28 42
1 6 1 4 4 1 1 1 1 2 1 8 1 2 1 1 1 3 1 6
29 40 24 54 1 20 39 27 16 47 24 38 30 40 43 30 20 11 36 40
22 24 11 14 20 20 25 9 4 17 1 23 6 17 17 15 8 12 11 18
38 42 26 64 12 37 52 33 1 57 20 38 29 41 41 25 37 14 49 49
3 12 1 6 6 1 7 1 1 3 1 5 2 4 6 1 1 1 2 8
7 5 13 18 14 12 17 5 8 20 5 21 1 10 7 5 1 15 7 16
21 28 10 35 5 15 22 15 1 32 6 14 11 29 30 19 11 2 23 20
27 27 16 19 28 15 26 11 1 32 11 25 11 21 30 20 9 14 13 28
15 9 6 25 9 15 27 5 1 26 1 28 4 7 9 1 5 12 19 25
12 11 2 8 4 9 15 1 1 10 1 11 1 11 5 7 6 10 7 8
15 17 29 41 25 31 32 18 9 34 21 36 19 34 24 8 24 12 33 24
7 13 11 13 20 5 14 4 1 14 6 16 6 7 13 6 4 8 8 13
21 16 29 40 32 18 40 18 20 40 16 46 8 20 24 6 10 25 19 32
5 10 5 20 7 7 10 4 3 11 1 19 1 2 13 6 1 7 2 20
45 44 36 69 33 38 63 36 22 55 9 72 27 23 35 20 32 19 48 60
7 13 5 10 13 8 10 1 1 13 1 15 2 10 9 2 1 6 1 13
26 31 18 39 26 12 32 15 9 35 5 35 8 16 37 10 10 15 12 40
42 43 26 39 27 32 47 29 21 39 20 53 13 26 36 26 31 32 16 41
36 31 44 56 39 30 47 34 19 52 24 52 6 33 46 26 21 25 28 45
13 14 13 25 9 14 16 7 3 21 6 27 7 14 12 9 5 9 14 16
12 17 10 28 7 12 22 7 2 28 4 24 9 18 14 10 2 11 19 24
43 41 31 47 27 28 50 24 1 55 11 43 18 32 43 24 20 23 37 45
34 35 29 39 33 22 49 16 15 37 4 53 17 22 26 10 16 16 31 35
29 18 25 31 37 24 34 19 6 39 16 37 8 22 32 19 10 18 22 34
11 11 10 19 9 9 12 5 5 23 1 12 6 17 12 5 1 12 9 18
1 3 7 15 9 6 9 1 1 9 1 17 1 2 3 1 1 7 6 10
6 9 8 26 1 9 14 10 1 21 1 20 4 7 9 2 4 7 17 20
21 22 13 29 17 17 24 6 5 29 1 24 7 24 24 16 7 16 15 25
50 45 28 40 29 38 54 28 7 52 26 38 13 44 47 40 34 23 25 32
56 54 23 35 32 41 58 28 7 50 16 34 15 43 53 41 34 20 24 34
16 14 10 22 8 18 20 11 1 19 1 23 4 9 4 2 11 9 15 16
28 16 10 28 18 24 36 10 1 31 1 25 7 16 16 7 11 13 28 21
7 7 3 15 6 9 11 5 1 11 1 15 1 3 7 4 5 6 9 12
43 32 37 60 29 45 51 42 21 53 26 59 15 32 44 36 24 23 40 46
7 4 1 3 2 5 4 1 1 10 1 2 1 10 1 1 1 4 1 5
23 13 37 43 38 34 47 16 3 52 23 41 22 31 38 20 21 27 38 36
34 48 38 45 29 29 47 29 15 47 27 42 23 44 47 28 33 24 32 33
32 21 32 26 31 24 28 14 8 40 15 23 4 31 35 21 16 30 15 22
36 29 37 44 45 37 50 31 24 48 20 59 18 27 32 31 18 17 36 47
37 43 28 45 21 26 38 24 1 47 21 26 21 41 45 26 32 22 32 33
41 39 43 57 37 22 65 25 20 61 23 58 32 34 49 13 28 30 46 53
42 38 32 65 31 38 57 40 19 53 16 52 11 29 41 21 32 28 36 54
22 10 19 29 18 23 31 13 1 38 2 27 5 15 18 10 9 21 23 28
14 14 1 7 3 4 13 1 1 11 1 5 1 13 7 1 9 5 1 4
36 39 27 50 34 29 53 18 11 49 14 49 30 35 42 17 30 9 43 44
26 40 40 58 37 23 55 26 14 53 25 49 41 36 53 17 28 14 51 49
13 15 19 33 19 16 34 13 6 26 6 45 10 2 13 5 11 16 22 34
27 20 14 35 9 24 27 15 3 38 1 29 7 21 16 10 12 20 22 31
8 7 6 12 8 14 9 5 1 12 1 20 1 6 2 4 1 5 5 11
42 39 43 53 38 42 52 38 23 48 20 48 17 46 42 36 24 30 40 44
27 29 13 35 9 26 26 19 4 32 1 23 6 26 23 13 21 8 23 24
29 27 26 37 36 11 42 20 18 37 13 46 9 10 34 5 18 24 13 45
1 5 1 2 9 1 9 1 1 3 1 10 2 1 2 1 1 4 1 12
8 3 5 7 4 11 11 1 1 16 1 10 1 11 3 6 1 11 5 9
33 37 20 42 34 27 41 22 16 33 5 40 17 25 37 19 16 4 31 34
35 18 43 56 32 43 52 39 24 54 27 46 19 46 27 32 22 25 56 35
41 39 38 52 34 31 47 36 17 58 32 41 18 48 54 42 17 26 39 47
38 40 15 44 22 26 44 23 3 38 1 39 13 14 36 18 23 6 27 39
14 18 15 18 11 9 24 1 1 17 8 28 4 13 11 1 15 10 10 9
7 7 1 12 6 7 13 3 1 9 1 12 1 6 4 1 3 4 7 8
22 21 10 36 2 16 29 12 1 29 4 35 6 8 17 9 16 7 18 24
34 30 16 34 22 20 42 8 1 37 1 38 12 19 23 14 15 14 25 27
4 4 5 4 8 8 3 3 2 6 1 7 1 7 1 1 1 2 2 1
29 24 22 47 20 39 45 19 7 45 10 40 12 34 34 24 19 9 32 30
18 21 12 37 9 12 25 6 1 35 2 24 6 18 20 6 13 8 19 25
3 7 1 5 4 3 7 1 1 8 1 8 1 6 1 1 1 5 1 8
1 6 1 6 3 1 2 1 1 1 1 6 1 2 2 2 1 1 1 3
10 17 18 21 9 5 6 11 1 30 9 13 6 19 26 14 1 10 9 22
54 50 25 60 31 48 65 36 12 54 11 45 22 47 49 37 31 16 49 43
47 43 34 57 33 49 66 32 10 51 24 51 25 45 39 23 45 17 49 43
26 31 32 49 14 15 39 26 19 49 20 45 21 31 31 22 12 28 35 38
20 18 14 21 21 17 19 11 1 30 7 14 2 23 28 19 3 6 9 19
13 13 8 18 15 15 21 3 2 21 3 20 8 17 11 8 2 9 18 15
4 9 1 9 7 4 11 1 1 3 1 11 1 1 5 2 1 1 2 9
1 5 1 8 6 2 8 1 1 5 1 7 1 2 7 1 1 1 2 7
6 5 1 1 6 6 8 1 1 9 1 4 1 9 1 2 1 5 1 7
1 1 13 18 9 1 8 1 2 17 4 16 1 2 10 1 1 9 6 10
14 15 17 44 11 12 30 9 4 35 9 37 12 14 23 5 13 12 24 33
1 2 1 1 5 1 2 1 1 3 1 1 1 3 1 1 1 3 1 5
17 29 24 41 31 23 39 15 3 31 18 43 26 24 36 10 21 9 32 35
49 48 25 55 23 36 63 26 20 56 17 53 34 39 46 32 32 13 44 47
24 20 30 31 22 14 36 9 7 43 20 35 6 24 30 12 18 24 12 24
16 23 2 28 6 7 21 4 1 21 1 20 2 13 16 7 10 6 11 22
22 24 43 49 38 18 47 34 30 45 26 49 15 30 38 13 13 30 28 46
8 13 3 8 13 7 10 1 1 9 1 10 4 11 6 1 2 2 4 8
19 16 22 40 12 26 37 21 4 37 9 33 13 23 19 16 8 12 37 27
8 14 7 19 15 10 14 8 4 8 1 21 3 7 13 7 1 5 10 15
34 39 22 47 28 35 42 30 20 37 13 42 18 35 37 27 20 6 34 39
6 2 1 7 1 8 7 1 1 11 1 3 1 10 3 4 1 1 5 1
20 22 18 34 15 24 28 18 6 33 8 31 11 22 24 19 5 15 22 33
36 23 22 48 24 40 44 26 16 44 8 44 2 31 22 27 17 12 30 34
52 36 27 52 37 39 57 29 2 57 17 41 16 35 50 38 22 22 39 39
34 33 13 33 17 24 46 9 1 32 8 43 10 21 25 11 22 10 20 28
9 7 1 6 1 5 4 1 1 11 1 2 1 12 3 2 2 1 1 1
22 20 16 41 14 21 30 14 7 38 2 34 3 19 20 10 10 12 21 27
37 21 19 40 18 33 41 17 1 43 1 27 2 30 26 17 23 19 32 18
22 22 20 44 11 22 33 19 1 42 7 30 12 23 22 9 16 11 31 31
9 12 8 7 13 6 5 3 1 14 5 4 1 12 12 7 4 4 1 5
4 9 3 14 4 1 7 3 1 7 1 9 4 7 8 3 1 4 10 8
17 16 9 23 16 15 26 8 1 22 1 29 8 6 10 1 9 11 17 25
5 6 1 4 5 7 7 1 1 9 1 8 1 6 1 5 1 6 1 11
41 35 32 53 31 26 54 22 12 55 11 54 15 26 37 13 21 31 35 45
7 5 1 5 4 8 6 1 1 10 1 4 1 9 6 4 3 6 5 5
4 11 34 33 32 14 28 22 18 30 16 32 9 18 25 10 3 14 20 33
27 33 22 38 27 15 36 21 4 43 15 24 19 28 45 22 14 8 28 37
27 24 20 34 17 30 37 16 8 29 6 38 8 21 23 17 12 17 25 22
11 16 5 17 8 10 8 6 2 10 1 18 1 8 10 6 4 5 5 9
1 1 3 3 4 1 1 1 1 1 1 7 1 1 1 1 1 3 1 2
43 39 31 55 39 37 54 34 19 49 17 39 19 42 36 25 33 6 48 45
1 8 1 10 6 5 7 1 1 7 1 13 1 6 4 5 1 7 7 8
30 34 5 29 9 24 33 17 11 27 7 27 12 26 27 25 15 7 16 28
12 13 1 10 4 8 9 2 1 13 1 8 1 14 6 7 3 4 3 7
4 9 2 6 6 2 1 1 1 5 1 5 1 6 7 3 1 2 1 4
46 43 22 40 20 34 48 23 13 43 17 39 14 40 40 33 29 26 23 27
17 28 10 17 20 9 24 6 1 13 1 27 8 6 27 6 8 7 7 25
7 3 1 4 3 8 9 1 1 10 1 4 1 10 1 3 1 4 2 3
7 12 11 16 11 4 7 1 1 18 2 15 1 10 13 7 3 8 2 10
36 17 34 45 35 43 41 30 24 46 17 47 1 31 23 30 16 22 30 37
37 27 41 66 26 29 53 31 11 71 28 46 15 42 57 30 21 27 35 51
15 13 18 15 31 19 23 9 6 22 5 22 7 16 20 10 2 7 20 18
27 19 22 31 21 26 26 19 3 34 13 21 10 26 30 29 12 23 24 19
15 20 5 23 11 17 18 12 5 16 1 24 2 8 15 8 4 2 9 20
16 20 1 22 1 12 15 10 6 14 2 19 4 12 16 12 5 2 7 16
10 1 5 6 10 13 11 2 1 13 1 3 1 13 6 8 1 10 8 4
30 37 24 45 30 21 43 25 16 33 8 43 8 21 39 17 19 21 22 41
15 15 12 14 17 16 11 11 3 21 4 6 1 18 18 12 9 2 8 9
8 17 9 16 16 1 16 3 5 14 2 24 6 5 15 4 1 12 5 23
22 26 13 33 16 20 30 14 9 29 10 31 12 19 25 19 14 4 15 22
6 13 4 8 11 6 8 4 1 5 1 14 1 5 5 5 1 5 1 14
43 50 22 51 14 33 45 28 13 46 14 38 20 40 46 32 30 18 31 43
5 5 1 8 6 7 6 1 1 9 1 4 4 9 8 1 1 6 6 9
21 20 16 23 8 13 25 9 3 26 4 30 1 10 11 1 16 22 7 21
52 40 31 58 30 49 65 34 13 52 12 54 14 41 31 28 36 22 50 44
24 33 21 38 25 6 40 9 8 36 8 36 15 15 34 10 21 15 22 36
30 35 42 59 37 42 57 31 8 58 27 51 37 44 50 29 26 31 49 54
14 11 14 27 22 22 29 18 8 13 3 36 1 7 7 6 9 4 21 24
4 9 9 18 12 4 8 2 1 15 1 16 1 7 15 5 1 8 6 18
35 29 35 48 41 21 42 32 21 51 23 51 6 22 47 20 15 29 13 51
8 11 24 28 22 14 21 15 17 23 10 34 5 13 11 4 1 18 15 19
42 40 27 49 31 28 51 23 2 54 14 35 23 37 45 28 24 24 42 38
23 37 39 58 39 26 55 24 9 52 21 54 35 31 47 10 29 8 50 46
6 13 19 23 20 13 12 10 8 18 5 24 6 12 16 7 5 10 17 15
22 27 29 41 17 19 31 29 21 45 21 34 16 25 43 27 7 23 20 41
5 18 16 29 12 6 21 13 6 23 12 21 14 15 25 14 1 8 21 21
34 27 18 48 18 36 50 17 3 46 14 37 16 36 32 24 26 14 34 33
17 15 20 31 10 18 24 15 6 28 4 35 8 8 11 7 16 22 20 27
12 8 9 25 8 12 16 9 4 22 1 21 5 9 10 1 8 13 15 21
6 10 2 12 7 6 8 6 2 4 1 12 1 2 13 8 1 3 1 12
29 18 17 25 21 33 34 18 4 32 1 28 7 22 12 13 14 17 26 20
57 44 41 53 31 55 57 38 16 54 16 56 10 45 37 32 39 41 36 36
29 26 25 41 24 19 40 23 11 49 12 23 11 35 40 19 13 24 23 41
8 8 2 13 4 7 12 1 1 13 1 14 1 9 2 4 1 3 9 7
32 29 24 34 31 27 41 21 11 38 11 32 16 24 34 26 14 29 23 38
8 17 10 29 6 9 22 15 2 22 6 24 9 12 21 10 2 7 19 27
36 31 39 49 35 38 51 33 10 54 13 43 21 37 35 23 17 24 48 43
25 23 25 42 33 13 40 17 12 39 9 49 9 8 30 6 13 21 20 39
13 19 8 17 21 15 24 11 5 9 1 28 6 4 13 6 1 1 12 19
32 41 9 35 12 22 39 18 14 27 10 36 16 22 30 23 21 10 18 29
43 35 14 49 2 38 44 27 11 46 8 44 16 29 26 25 25 19 32 34
14 18 7 15 12 9 9 7 1 14 5 12 1 13 17 12 5 5 4 11
11 8 5 12 7 11 15 2 1 16 1 15 1 12 9 11 1 9 9 10
19 13 14 26 16 27 25 16 7 22 1 28 3 14 6 6 10 9 21 17
14 23 8 17 16 5 16 7 1 19 3 19 2 8 25 13 3 6 1 22
27 20 41 38 39 26 48 22 22 39 25 54 7 28 21 10 23 26 24 36
8 4 5 8 8 15 11 4 1 14 1 15 1 7 1 3 2 5 6 9
25 39 35 54 35 26 51 20 9 49 20 50 29 35 49 14 33 24 39 51
21 11 9 18 9 20 23 7 1 25 1 20 1 14 11 10 12 17 15 16
36 50 32 60 14 18 54 28 20 49 24 56 28 34 47 28 25 27 35 50
7 6 12 20 13 17 18 11 8 12 4 25 4 8 1 1 5 5 18 8
24 18 41 52 43 28 46 26 15 53 22 55 17 25 37 12 15 19 38 47
19 23 5 23 17 11 27 9 3 16 1 27 11 4 20 8 8 1 16 26
36 30 24 40 29 28 42 23 16 42 8 37 5 26 36 25 16 26 16 35
2 5 1 10 9 2 7 1 1 7 1 8 1 5 6 1 1 3 4 8
5 9 5 6 8 4 5 1 1 7 1 9 1 7 7 4 1 7 4 8
38 36 34 53 29 29 45 35 24 53 18 41 12 36 48 28 18 28 24 47
9 14 3 21 6 10 13 6 1 15 1 19 1 6 11 5 1 3 5 20
4 4 7 13 12 11 12 2 1 11 1 16 1 6 6 1 1 1 9 3
18 32 39 53 34 26 48 29 7 49 35 49 35 34 50 23 22 18 42 49
26 28 11 21 11 20 22 10 3 18 3 22 1 22 17 13 16 7 12 9
8 10 1 10 5 9 9 3 1 8 1 12 1 5 3 4 1 1 2 8
37 32 30 46 38 37 46 31 21 43 19 43 15 39 26 27 20 11 39 41
27 32 47 59 36 35 49 38 12 58 41 54 31 42 57 33 24 30 44 57
34 33 22 46 27 32 54 12 1 48 12 36 23 40 43 20 31 16 40 36
8 10 5 10 8 10 8 3 1 12 1 14 1 9 4 3 1 6 4 7
19 26 28 39 20 25 28 29 25 29 13 41 15 18 34 20 12 20 21 36
21 26 18 32 21 15 36 12 4 35 4 29 19 23 28 14 5 11 32 30
29 16 34 46 29 39 40 29 18 44 18 43 11 31 31 32 17 15 37 33
41 23 37 39 37 41 40 34 20 51 24 40 6 36 43 42 13 34 25 43
6 10 1 9 7 4 6 1 1 6 1 9 1 8 4 3 1 3 2 9
7 13 5 10 14 8 18 1 1 8 1 20 4 3 7 1 5 7 6 13
37 40 28 34 36 22 41 19 13 33 5 49 16 19 33 3 23 11 23 37
28 20 17 31 19 23 35 17 3 39 11 30 9 24 30 27 9 14 19 26
23 26 16 34 4 14 28 15 8 37 12 18 15 35 26 22 6 14 26 19
12 20 3 9 7 1 13 1 1 10 1 12 1 11 10 2 8 8 1 11
1 7 1 7 8 3 8 1 1 3 1 7 3 4 7 1 1 5 3 9
18 11 15 14 15 20 22 7 6 16 3 21 1 20 4 6 8 13 16 6
49 49 33 59 32 42 56 39 15 59 26 52 23 42 59 43 31 23 38 55
12 10 11 10 15 12 9 7 1 15 6 15 1 10 15 13 2 7 4 10
9 19 7 27 12 10 22 10 3 18 3 28 11 10 20 9 1 8 15 27
47 43 18 39 24 30 52 16 3 39 4 44 13 25 30 15 29 17 30 32
1 9 7 11 8 2 5 5 1 9 2 5 5 9 11 1 1 2 7 12
1 11 17 18 8 6 7 11 5 15 4 15 7 12 11 3 1 8 13 15
1 1 1 6 1 2 7 1 1 4 1 6 1 2 1 1 1 1 2 1
51 48 28 49 20 38 53 28 21 48 18 46 23 43 48 38 32 35 33 43
13 4 15 13 23 16 22 7 1 23 6 14 2 15 17 17 1 9 13 9
16 25 8 11 18 4 18 4 1 18 2 11 3 11 21 10 11 6 5 19
34 21 39 44 24 42 53 24 14 45 15 55 15 29 13 11 31 31 40 35
41 37 38 33 41 36 46 24 13 43 22 37 17 40 36 28 29 43 25 31
4 5 9 19 9 4 14 3 6 15 3 18 1 5 8 1 1 13 5 15
24 30 14 26 24 17 26 8 6 26 1 28 11 19 22 11 14 11 18 26
20 18 6 23 7 15 20 5 1 27 1 17 4 23 12 15 9 13 14 16
1 7 5 9 12 2 10 1 1 6 1 18 1 1 3 1 1 6 3 14
4 7 7 10 14 5 11 1 1 6 1 11 4 4 7 1 1 1 8 6
10 15 6 14 14 9 10 4 3 11 1 12 1 13 12 6 5 3 5 8
17 22 8 24 21 15 23 7 4 20 1 28 11 13 18 6 6 5 18 22
42 41 35 41 35 40 53 31 7 44 14 50 14 34 35 19 24 21 38 36
44 43 25 53 28 36 52 31 10 57 18 35 25 43 55 41 26 18 42 44
3 7 1 6 1 1 4 1 1 4 1 5 1 3 1 1 1 1 1 2
9 5 8 7 13 17 13 6 5 13 1 11 1 11 1 6 1 5 8 5
41 46 30 38 23 33 46 27 20 39 26 51 21 34 38 29 34 28 21 36
2 5 1 6 1 1 1 1 1 3 1 3 1 5 1 1 1 1 1 1
12 16 1 14 9 9 12 6 1 10 1 14 1 12 10 8 1 5 6 13
34 34 8 35 13 27 36 14 9 33 5 30 9 27 28 25 17 14 18 28
13 11 1 5 8 11 12 1 1 14 1 5 1 16 4 7 1 7 6 8
8 13 21 20 24 12 12 11 9 19 6 24 1 12 15 9 3 11 10 17
50 47 50 52 54 40 59 37 26 58 22 57 18 41 58 32 28 33 35 50
36 35 23 37 29 32 40 24 8 39 11 27 24 30 45 30 17 16 32 36
1 5 1 6 6 1 10 1 1 2 1 10 1 1 1 1 1 1 2 6
28 28 32 44 40 29 43 23 16 43 9 46 13 25 40 22 7 22 31 38
29 22 33 36 46 26 33 28 16 34 22 37 8 29 36 27 12 15 28 38
27 32 34 46 33 28 39 30 25 39 17 49 12 24 38 23 17 20 25 40
14 12 7 14 6 14 16 9 1 16 1 19 1 4 1 1 9 9 10 15
5 10 12 22 11 10 20 1 1 22 8 25 10 15 9 1 9 6 13 20
7 5 18 21 18 3 19 11 14 21 11 24 1 5 18 2 5 21 1 23
32 32 30 37 39 25 45 22 22 39 8 49 19 21 27 6 19 14 30 41
29 40 25 48 29 17 44 15 6 43 13 39 31 31 42 8 30 4 38 43
7 9 2 7 5 9 3 2 1 7 1 6 1 8 6 5 1 1 2 4
20 22 12 27 24 12 30 7 1 32 5 29 10 13 23 9 11 7 18 25
5 6 2 17 3 7 10 1 1 14 1 15 1 7 7 3 1 5 7 14
14 16 17 22 26 22 28 11 7 24 6 32 6 17 15 13 2 9 19 17
6 8 1 12 4 1 6 1 1 7 1 5 1 8 9 1 2 1 3 1
30 40 36 49 35 25 48 19 10 49 23 53 23 30 54 20 27 21 26 48
49 42 19 48 26 33 52 27 14 50 7 37 25 34 47 29 25 12 37 39
38 38 19 45 19 32 44 26 13 44 6 49 17 22 27 18 22 23 23 47
32 24 19 32 20 25 32 16 1 40 7 28 2 24 27 17 17 16 21 27
5 7 15 16 17 12 10 6 6 15 1 21 1 11 5 1 1 7 10 10
22 21 13 22 27 12 25 7 4 25 1 25 11 9 22 1 12 1 17 19
30 24 26 48 17 37 44 21 1 51 17 38 20 34 28 12 34 14 38 32
19 20 10 17 18 21 21 13 8 15 2 21 1 19 10 13 6 3 9 16
26 33 20 41 28 12 39 17 16 41 7 46 16 13 39 14 11 12 17 40
32 25 20 46 19 28 45 19 4 50 9 25 9 34 35 26 18 23 27 30
5 9 8 10 11 1 4 1 1 14 2 8 1 6 10 5 1 6 1 10
14 28 21 39 13 16 26 26 15 23 11 33 14 21 25 18 3 5 26 24
8 15 1 10 10 5 9 1 1 10 1 11 4 11 10 4 3 6 1 13
19 22 8 24 17 8 22 1 1 27 1 19 10 18 24 6 7 7 16 23
34 45 42 58 37 38 54 29 9 51 26 54 24 40 55 25 40 27 38 49
34 32 49 43 55 28 54 26 16 45 29 57 26 34 45 15 29 16 42 42
6 13 4 14 7 1 14 2 1 6 2 15 2 1 9 5 3 1 6 10
25 17 22 42 24 29 39 22 11 37 5 38 2 22 15 12 19 10 29 31
5 12 4 12 10 1 11 1 1 10 1 15 3 6 8 1 1 6 5 12
47 37 35 36 45 34 48 25 3 46 22 36 17 37 49 35 22 34 29 36
45 34 41 47 50 19 54 29 28 63 25 51 18 30 49 20 25 35 27 52
21 22 13 33 8 20 29 14 9 31 13 31 13 18 26 19 11 4 17 22
2 5 1 7 7 3 12 1 1 9 1 14 1 5 1 1 1 4 3 10
4 8 5 7 9 3 6 1 1 5 1 9 1 4 3 1 4 8 3 10
23 17 18 34 18 20 30 15 1 37 14 29 9 22 28 20 5 8 23 26
1 1 1 7 1 1 1 1 1 2 1 3 1 1 2 1 1 2 2 3
1 8 1 17 6 1 15 1 1 9 1 16 5 3 7 1 1 1 10 10
24 22 14 32 18 26 26 20 11 24 6 27 1 22 14 15 18 3 21 19
41 57 38 63 27 18 55 38 32 56 24 60 41 33 57 32 23 27 42 65
28 33 45 56 24 26 46 36 25 58 29 51 29 36 50 38 14 30 42 49
40 35 23 42 29 26 42 24 5 46 15 37 8 33 48 32 14 20 27 42
34 18 45 46 42 31 42 34 24 46 22 46 3 29 40 26 17 33 27 38
6 7 5 9 11 8 11 3 1 7 1 12 1 5 1 1 1 1 5 6
11 10 1 6 8 11 11 1 1 11 1 6 1 12 6 9 5 6 6 6
7 10 4 12 3 8 6 6 1 8 1 15 1 6 7 8 1 8 3 13
4 14 3 4 16 1 13 1 1 2 1 14 2 1 8 1 1 1 3 9
37 24 29 47 26 31 42 27 5 56 21 27 9 44 45 37 17 23 38 36
31 26 22 38 19 24 40 24 15 35 9 46 4 10 23 11 19 27 13 40
24 14 31 50 19 26 35 23 4 48 20 47 10 21 35 19 11 20 31 42
2 6 2 2 8 5 4 1 1 3 1 4 1 5 2 1 1 3 1 6
5 10 1 13 1 1 7 2 1 2 1 12 1 1 6 4 1 2 3 9
32 41 40 60 22 33 45 40 29 48 28 54 25 37 42 35 24 17 42 44
13 13 1 8 6 13 17 5 1 11 1 12 1 11 7 12 1 5 4 13
6 9 7 12 9 4 13 1 1 7 4 13 5 4 5 1 7 4 9 3
17 29 20 39 13 17 26 23 8 32 10 20 16 30 32 18 12 7 31 23
23 19 30 42 19 21 32 27 6 47 19 34 14 25 30 18 10 23 31 38
9 6 7 12 9 10 10 5 1 17 5 14 1 8 9 5 4 6 8 8
2 2 1 5 3 3 5 1 1 5 1 7 1 1 1 1 1 1 1 2
24 31 23 43 31 27 43 17 13 34 12 49 21 18 35 14 15 2 32 35
43 24 47 56 37 50 47 41 13 60 16 46 13 41 27 30 26 32 46 43
32 33 16 32 22 32 37 20 14 28 6 35 10 27 27 19 14 10 21 25
25 28 24 27 26 22 27 20 9 28 11 20 4 27 31 18 21 8 19 18
8 13 1 10 4 2 7 1 1 9 1 6 1 10 7 5 3 1 1 5
10 13 9 18 16 13 17 8 6 11 1 20 1 10 5 4 4 2 10 10
38 36 44 44 41 39 45 31 11 44 20 39 14 41 43 31 23 34 35 32
8 10 11 10 12 12 12 5 3 9 1 20 1 5 5 1 6 7 7 6
14 10 8 17 16 20 20 10 5 17 1 20 1 14 4 1 5 2 11 11
32 21 14 33 7 28 34 17 9 35 3 30 4 20 26 22 15 21 18 25
7 5 3 18 3 8 11 5 1 12 1 19 1 2 4 2 5 8 10 12
32 30 23 37 19 19 31 17 1 37 16 33 5 26 37 24 18 20 17 28
11 16 14 23 7 11 16 12 5 25 7 14 10 22 16 8 1 5 17 15
7 7 15 14 22 15 17 13 12 6 7 20 1 11 1 6 6 4 14 12
16 19 12 10 17 9 16 4 1 15 8 14 1 15 17 10 10 10 5 11
34 27 25 27 23 22 32 14 6 39 14 29 1 28 33 26 14 27 9 27
18 24 8 30 14 15 28 15 1 25 4 30 13 13 22 8 7 8 23 33
3 6 7 7 12 8 5 4 3 6 1 11 1 6 3 1 1 6 4 8
50 41 37 56 33 51 46 46 17 57 22 34 17 52 57 49 26 22 43 39
17 26 12 37 19 4 29 5 4 29 1 33 10 10 30 6 6 10 17 33
29 21 18 37 15 30 37 17 8 36 12 30 13 24 30 27 17 10 27 18
8 8 1 6 2 6 1 1 1 9 1 1 1 11 4 2 1 1 1 1
12 19 15 26 11 9 15 11 4 29 11 16 12 23 24 13 4 7 19 15
5 10 7 15 16 2 10 1 1 14 3 10 2 8 16 4 1 2 7 9
7 12 9 17 8 6 14 7 6 12 3 21 1 4 10 8 1 13 1 20
38 27 19 44 17 36 42 22 3 50 10 27 10 36 28 27 23 23 29 34
9 13 11 20 13 10 13 5 1 16 2 17 1 11 13 7 4 1 10 7
27 30 1 33 14 18 35 13 1 28 1 23 10 20 24 13 20 5 24 26
31 37 16 36 21 19 38 19 17 34 7 45 22 18 30 18 16 12 23 41
14 14 2 1 9 9 18 1 1 10 1 8 3 13 5 5 6 9 5 9
9 13 1 12 3 7 8 5 1 7 1 13 1 7 7 7 1 3 1 10
37 39 33 54 17 29 52 40 14 55 20 49 27 32 40 34 19 27 43 51
20 30 21 34 27 15 32 16 13 28 9 42 16 7 37 19 11 12 19 39
13 16 7 15 9 11 10 8 4 13 5 15 1 11 15 12 1 5 6 11
23 26 21 47 15 16 31 19 16 41 13 38 14 22 35 17 12 18 19 36
3 7 2 10 7 3 12 1 1 9 1 13 2 3 5 1 1 6 3 13
5 10 4 6 10 6 3 3 1 5 1 9 1 7 3 2 1 2 1 7
10 15 23 38 26 28 42 18 2 26 13 51 18 13 19 3 17 11 32 36
1 5 1 6 5 1 5 1 1 1 1 6 1 3 3 1 1 1 2 3
51 42 35 35 42 30 52 25 10 51 16 49 18 30 43 19 28 23 29 43
5 7 8 12 8 7 7 1 2 14 1 18 1 4 2 1 1 7 2 11
13 14 27 34 19 15 23 12 5 35 12 36 9 11 26 10 10 15 19 27
41 41 36 48 28 34 53 29 12 51 18 47 18 43 41 27 24 32 40 36
12 20 2 14 13 6 13 1 1 14 1 13 4 12 16 6 4 4 5 18
3 7 1 4 7 2 6 1 1 4 1 6 1 5 3 1 2 4 2 7
47 26 42 59 46 50 54 44 23 56 27 62 2 37 38 37 23 27 39 51
21 15 22 30 27 27 36 18 14 34 7 41 7 16 13 7 9 22 22 31
24 15 24 32 23 28 36 20 13 35 5 38 1 15 11 5 11 24 19 30
32 25 30 51 31 40 50 22 12 47 17 45 15 42 31 26 25 14 43 42
23 12 11 26 8 23 21 14 1 30 2 13 4 21 22 16 7 12 21 15
29 19 38 53 36 41 50 26 13 50 19 49 20 39 30 22 21 19 48 39
10 16 1 14 5 4 11 2 1 10 1 10 1 11 9 7 4 2 1 10
48 60 38 54 36 35 56 41 31 48 20 56 39 41 53 28 31 16 47 54
15 3 18 27 17 17 25 7 1 31 6 15 6 18 18 14 7 20 21 13
5 5 4 1 12 11 9 2 1 8 1 8 1 8 1 3 1 5 3 8
5 2 1 5 5 8 9 1 1 9 1 6 1 7 1 2 1 3 2 4
18 12 12 21 13 16 18 9 1 29 6 22 1 14 12 8 9 12 11 19
30 39 26 49 32 24 49 32 16 35 6 53 23 15 36 11 20 7 40 47
6 1 6 1 10 8 4 1 1 13 3 1 1 8 7 8 1 3 2 1
17 12 48 49 38 35 40 26 19 51 30 46 21 36 32 18 24 21 43 39
10 13 22 30 23 17 20 21 6 22 10 30 6 10 27 16 1 8 19 22
17 26 31 46 19 25 40 22 9 30 19 45 22 22 30 13 21 11 37 31
6 6 9 15 7 6 11 1 1 17 4 17 5 9 6 1 3 9 9 9
39 50 33 61 29 25 56 39 20 48 17 54 28 36 47 27 25 17 50 54
21 15 36 43 35 30 46 13 5 56 24 42 19 34 36 16 19 26 29 37
6 8 10 12 12 11 6 6 4 11 1 17 1 8 7 6 1 10 5 14
1 4 4 2 10 4 1 1 1 1 1 6 1 2 3 1 1 1 1 2
43 40 31 60 34 37 58 32 27 51 13 67 21 26 34 23 29 13 40 53
1 6 1 2 6 1 3 1 1 1 1 4 1 1 4 1 1 1 1 6
1 3 3 11 1 1 4 1 1 8 1 15 1 2 1 1 1 7 4 8
50 46 25 46 21 44 52 31 1 45 10 39 12 35 34 26 37 18 33 36
27 29 17 17 27 16 30 9 1 26 12 21 5 24 30 15 18 13 8 16
21 29 3 20 15 8 25 3 1 17 1 14 7 14 20 6 15 1 13 18
39 29 28 58 32 35 56 33 23 52 12 64 11 21 33 14 17 24 33 51
8 13 13 28 11 14 22 9 4 18 7 31 9 7 15 10 7 8 13 25
5 10 1 8 10 6 11 1 1 6 1 10 5 8 6 1 1 5 5 10
13 12 9 13 11 10 15 1 1 14 4 14 3 13 15 7 9 10 10 7
5 7 2 8 3 4 7 1 1 11 1 6 1 7 4 1 2 6 3 12
28 25 23 43 17 32 35 21 17 37 10 43 12 27 23 22 13 17 28 27
16 11 27 35 30 16 26 18 20 27 12 31 1 19 18 8 12 16 17 26
25 19 23 39 23 18 33 20 14 44 12 34 8 20 28 7 13 24 18 38
8 12 1 17 1 3 5 1 1 14 1 11 1 10 10 4 1 4 1 9
13 16 9 27 4 7 14 4 4 22 3 23 4 13 13 8 5 11 8 16
8 18 18 24 16 11 10 16 5 17 4 19 4 10 23 11 1 4 11 19
39 20 30 55 26 41 51 25 6 61 25 51 14 37 43 32 20 23 35 45
6 9 3 13 8 8 9 1 1 12 1 9 2 11 6 2 1 2 6 8
15 11 17 27 18 10 19 11 5 30 9 26 1 12 25 13 1 16 3 23
25 25 11 31 18 17 25 17 7 30 10 26 6 15 33 23 10 9 10 29
27 30 22 31 32 17 33 14 14 32 1 35 13 23 24 7 16 7 24 31
28 36 32 47 24 18 46 19 11 44 20 47 16 28 41 15 17 24 22 43
4 10 4 9 12 4 9 1 1 9 1 15 2 6 5 1 1 5 1 12
5 11 1 9 7 1 10 1 1 6 1 8 1 5 3 1 2 1 1 4
25 18 18 41 9 22 32 10 3 45 10 35 6 21 29 20 11 12 20 28
1 9 1 1 7 1 8 1 1 3 1 9 2 2 2 1 1 2 1 11
30 29 17 36 13 25 34 12 3 40 11 28 10 29 28 24 21 13 23 28
31 25 11 33 23 25 39 11 3 31 1 32 11 20 26 19 7 12 25 24
9 26 18 23 14 6 20 15 8 16 11 22 15 16 21 12 7 13 19 25
9 12 8 17 11 7 17 1 1 23 1 15 7 15 16 6 1 7 16 16
37 38 19 41 20 31 41 24 9 43 10 32 22 33 41 29 16 19 30 38
14 13 16 20 21 21 21 12 7 24 5 16 9 22 17 9 1 8 19 15
41 42 11 39 20 31 46 21 6 35 3 44 9 23 31 19 25 13 23 37
5 3 1 5 1 5 3 1 1 11 1 7 1 6 1 1 1 3 1 3
7 4 9 19 9 16 13 9 4 14 1 24 1 4 3 1 5 8 13 11
38 33 33 49 19 27 47 26 10 53 14 38 9 37 40 23 19 33 28 38
8 11 7 14 12 10 17 1 3 16 1 21 5 11 5 7 1 11 9 17
1 2 1 2 1 3 2 1 1 4 1 4 1 4 1 1 1 2 1 2
2 7 1 5 4 1 2 1 1 3 1 6 1 2 1 1 1 3 1 9
11 10 11 17 8 11 11 6 8 20 5 18 1 13 11 10 1 17 6 17
1 8 4 7 8 5 8 1 1 8 1 11 1 6 5 5 1 8 1 11
44 43 39 65 21 35 52 32 10 60 20 58 25 30 40 27 39 30 40 52
35 34 34 42 34 15 49 22 17 48 22 46 11 32 43 13 19 35 22 44
22 28 14 37 20 17 34 16 14 33 7 38 7 15 31 16 9 14 9 36
4 6 1 13 9 5 18 1 1 10 1 17 3 2 1 1 1 1 9 9
19 26 5 31 13 12 24 11 5 19 3 21 7 14 26 16 9 3 13 21
22 31 27 35 21 15 35 18 11 38 14 34 26 29 33 22 7 22 34 39
13 16 8 16 11 11 14 5 2 20 1 12 1 16 11 7 8 9 4 17
19 14 12 23 6 14 24 9 4 22 4 28 1 10 6 1 16 18 15 18
32 19 38 45 34 37 39 36 10 43 19 47 13 25 23 22 18 28 40 37
3 6 8 18 6 4 4 2 1 13 1 14 2 7 6 1 1 7 9 9
20 22 5 19 7 13 17 8 7 22 1 19 2 14 14 13 7 9 2 22
36 40 32 49 23 38 50 26 24 49 23 58 31 35 39 29 26 23 36 50
19 11 21 20 29 20 26 11 3 30 5 21 5 21 20 15 4 14 20 14
47 32 48 49 37 45 55 37 16 54 18 59 9 31 34 24 30 45 33 38
35 26 24 24 22 23 31 16 1 38 17 25 1 33 32 24 20 24 13 20
7 12 1 13 4 1 5 4 1 7 1 9 4 8 10 6 1 4 6 8
9 10 1 11 3 4 9 1 1 10 1 8 1 8 4 2 3 3 3 4
4 10 1 10 5 1 1 1 1 3 1 5 1 3 6 1 1 1 1 7
19 19 29 47 23 30 36 22 11 40 19 34 15 38 25 14 25 6 39 32
13 13 4 9 6 7 9 1 1 10 1 7 1 12 7 1 8 6 5 4
30 24 32 41 30 31 38 32 4 44 19 38 17 26 27 21 19 24 34 41
9 14 1 13 1 1 6 1 1 11 1 9 1 9 7 6 4 4 1 9
16 15 23 26 21 20 27 11 9 23 9 34 7 15 13 4 13 13 20 14
8 14 1 12 7 4 8 4 1 6 1 11 1 8 8 6 1 5 3 12
41 47 33 59 34 27 53 34 31 53 18 62 31 25 50 19 26 21 35 61
4 7 3 4 3 3 1 1 1 8 1 6 1 7 3 1 1 7 1 6
11 15 11 14 23 3 15 5 1 17 7 13 11 8 24 7 4 5 12 19
15 16 6 19 18 9 22 2 2 20 1 18 12 12 16 2 4 2 16 18
38 43 34 47 32 24 47 35 13 56 22 37 27 41 53 32 19 17 40 48
7 12 4 3 9 1 12 1 1 1 1 6 3 4 5 1 8 6 1 7
1 8 13 9 18 8 10 3 3 10 1 19 1 2 6 2 1 6 2 12
46 45 36 52 40 29 59 31 17 44 9 62 20 23 33 12 35 14 42 46
41 39 25 51 29 23 49 23 7 53 6 49 17 19 39 17 24 11 33 47
42 43 29 39 28 33 41 28 16 40 25 42 16 34 49 33 26 22 20 35
4 6 7 18 11 7 14 1 3 16 1 19 1 7 9 4 1 10 8 16
36 28 12 36 15 30 40 14 1 41 1 26 4 28 25 20 22 19 23 30
10 14 8 20 10 1 11 5 1 16 4 8 6 13 19 6 6 4 10 9
1 5 1 6 1 1 5 1 1 3 1 10 1 2 1 1 1 4 2 4
38 41 30 40 29 27 44 28 25 50 22 45 21 28 48 31 19 26 20 49
39 32 15 26 16 27 42 14 1 35 1 31 12 24 17 11 22 20 26 26
22 21 7 32 4 22 29 12 8 28 9 30 12 18 19 18 12 6 21 20
57 41 31 61 25 56 56 44 20 57 12 46 10 46 39 37 37 18 47 42
1 5 1 11 7 1 8 1 1 4 1 9 1 3 8 1 1 6 7 9
20 26 18 32 24 17 33 11 6 30 8 32 17 20 24 10 17 9 26 29
39 40 40 54 45 26 51 38 22 50 26 59 30 27 58 31 21 19 42 58
10 12 8 13 18 16 16 7 5 13 1 19 7 13 13 10 1 8 13 17
6 8 1 12 1 7 9 3 1 8 1 15 1 5 4 4 3 5 7 8
27 26 17 37 15 26 30 16 8 36 6 31 8 26 24 22 15 15 22 28
9 14 18 26 18 18 24 9 4 20 14 30 15 17 15 8 13 8 20 23
3 7 1 6 2 2 2 1 1 4 1 8 1 3 5 2 1 3 1 9
21 24 7 23 11 12 24 7 1 18 3 24 4 14 17 3 15 8 12 18
38 32 33 57 20 37 47 33 12 46 13 50 15 32 16 18 36 19 46 39
9 13 1 17 7 7 10 5 1 11 1 16 4 10 9 7 1 7 9 11
1 3 1 1 6 3 3 1 1 1 1 5 1 2 1 1 1 1 1 4
28 21 44 47 41 45 46 27 9 50 29 37 28 46 39 23 31 29 46 26
25 41 33 55 30 15 51 23 12 50 23 42 41 38 51 13 30 8 48 48
9 11 2 14 4 3 8 1 1 13 1 6 1 11 13 5 5 3 3 5
6 7 1 12 3 1 8 1 1 8 1 11 3 6 3 1 1 5 7 4
1 3 6 6 8 5 6 2 1 6 1 10 1 1 1 1 1 7 1 7
1 4 2 6 5 1 1 1 1 7 1 1 1 3 10 1 1 1 1 2
12 15 8 10 15 9 10 4 1 12 1 11 1 12 8 1 8 9 4 11
6 6 1 3 4 5 5 1 1 8 1 5 1 9 1 3 1 3 1 6
9 13 4 12 5 8 7 6 2 8 2 13 1 7 12 9 1 3 4 9
2 4 15 22 13 9 16 2 3 18 6 23 7 8 10 1 5 9 14 18
46 39 35 47 24 44 50 29 8 55 9 45 7 41 35 21 33 30 35 33
35 29 38 66 32 41 52 35 15 64 24 57 16 32 52 26 28 20 35 52
2 3 2 1 5 6 1 1 1 3 1 2 1 5 1 1 1 1 1 1
3 8 15 9 17 8 6 9 3 8 3 17 1 1 11 8 1 6 3 12
16 16 19 29 30 21 27 17 12 23 8 29 11 20 19 6 7 2 26 24
2 7 4 7 6 4 3 2 1 6 1 10 1 4 3 4 1 7 1 10
13 27 12 29 1 13 20 22 12 22 12 21 17 19 28 21 6 8 18 29
8 16 18 28 14 10 16 13 7 20 9 21 13 16 15 5 6 7 23 16
19 14 1 21 8 15 24 4 1 24 1 18 2 17 6 8 8 3 13 11
6 10 8 11 9 3 8 1 3 8 1 13 1 3 4 1 5 11 2 11
30 19 18 42 17 31 40 16 3 45 12 33 12 26 33 24 17 10 30 27
9 13 13 14 18 13 10 10 9 10 4 18 1 13 6 4 6 7 10 11
30 19 26 34 30 36 41 25 10 30 13 31 8 29 15 26 17 14 32 23
23 26 21 30 24 26 32 22 1 31 9 22 17 27 32 25 7 18 27 31
3 8 1 4 4 1 1 1 1 3 1 4 1 5 1 1 1 1 1 3
22 28 9 27 8 16 24 13 9 18 7 31 7 14 23 15 15 14 11 21
37 40 16 57 3 33 40 31 5 51 5 39 15 31 35 24 23 13 34 43
50 40 37 49 32 43 52 37 6 57 20 43 12 42 51 38 27 29 35 34
34 33 23 50 22 20 38 30 18 46 18 32 10 31 43 22 23 25 17 46
44 40 33 34 39 30 47 29 12 39 29 44 5 36 48 36 27 31 19 35
18 25 5 30 4 13 18 12 1 26 3 12 7 24 23 14 11 4 16 21
21 23 12 20 20 23 22 15 8 18 1 20 1 22 18 16 9 6 11 18
18 10 9 17 15 24 21 10 2 20 1 22 1 11 13 14 2 6 12 15
18 15 12 28 10 22 20 13 11 25 1 29 1 14 17 15 1 13 13 21
1 5 1 6 8 1 8 1 1 3 1 11 1 2 2 1 1 3 2 8
30 28 40 52 36 30 41 37 19 55 24 32 11 38 44 27 21 18 29 47
23 28 6 28 14 15 29 12 6 24 2 35 12 9 21 12 8 8 13 33
13 17 1 15 6 12 15 8 4 10 1 17 2 9 10 11 3 3 4 16
13 18 25 39 23 19 32 12 12 31 11 43 10 17 19 5 11 14 20 28
21 14 29 22 30 22 24 15 8 30 10 27 1 19 26 19 6 24 14 24
19 29 16 45 7 14 30 15 10 36 10 34 16 22 30 17 13 10 21 37
36 30 27 50 18 37 39 25 7 53 3 40 11 30 26 18 26 22 36 35
12 17 14 21 16 9 15 6 6 24 3 18 5 15 18 7 5 13 8 23
2 7 1 9 2 1 5 2 1 1 1 7 1 1 7 4 1 1 1 7
35 37 40 62 30 47 65 37 14 59 22 62 36 37 46 27 25 22 57 55
14 5 27 30 27 25 29 14 14 29 8 32 3 20 13 14 7 17 24 21
38 29 34 38 34 34 31 25 10 47 21 26 16 38 39 34 24 32 32 25
28 30 19 19 22 21 28 14 9 23 15 27 8 26 29 18 21 19 10 16
25 32 20 34 29 26 35 24 20 23 9 44 18 17 28 18 14 8 26 37
24 28 11 44 15 15 39 10 1 34 5 40 16 15 28 10 16 6 28 38
25 35 13 43 18 15 40 14 1 38 10 31 24 25 34 16 22 8 33 38
28 23 23 38 25 24 34 21 8 38 12 44 3 15 30 21 9 17 16 34
32 41 19 38 31 27 35 23 13 37 7 35 16 24 44 25 19 8 24 40
29 17 15 25 17 31 28 20 3 33 8 17 6 21 26 28 11 12 18 16
17 9 15 23 18 15 24 8 1 33 9 27 3 15 16 11 1 13 13 21
26 33 16 27 26 6 35 4 3 26 4 31 14 17 31 3 20 11 18 22
3 6 1 8 4 1 6 1 1 5 1 6 1 5 1 1 1 1 4 2
15 13 3 20 10 13 16 2 1 20 1 19 1 12 12 6 2 5 7 16
32 35 20 29 19 21 28 18 6 32 13 24 9 28 38 24 16 12 16 21
41 33 23 38 24 37 43 28 16 45 19 37 16 34 40 38 17 21 26 34
37 51 37 72 28 41 67 41 19 63 33 66 44 47 58 32 34 21 56 65
35 28 17 28 30 30 38 17 5 35 2 19 13 32 31 22 19 12 29 23
18 22 35 29 35 31 43 16 10 29 23 49 15 29 24 10 27 19 25 29
2 7 1 6 1 1 4 2 1 1 1 9 1 1 5 4 1 3 1 7
8 7 1 19 2 9 18 6 1 9 1 21 1 1 4 4 1 1 8 14
57 43 40 52 29 45 57 35 6 63 24 45 16 45 49 37 40 37 39 34
1 6 1 5 4 1 6 1 1 1 1 6 1 1 4 1 1 1 1 7
6 12 1 8 4 1 6 1 1 8 1 4 1 8 6 3 2 2 1 9
3 7 4 13 2 4 4 2 1 12 1 11 2 7 8 3 1 7 4 13
23 24 10 32 12 19 27 15 9 23 1 36 3 7 18 11 12 12 11 29
15 21 1 14 12 8 17 3 1 16 1 17 6 16 15 9 6 6 5 17
35 28 34 48 27 43 46 36 34 43 22 53 14 34 30 33 20 26 33 46
1 11 24 32 18 2 26 8 3 30 12 29 15 9 25 7 1 10 21 29
5 10 11 22 3 4 12 1 1 18 7 23 8 10 7 3 6 8 12 16
21 27 14 24 24 21 28 17 2 28 8 19 9 21 28 19 14 4 18 24
9 13 34 38 28 23 29 21 6 35 22 37 16 25 31 15 8 7 30 31
5 3 1 5 5 8 6 1 1 8 1 5 1 6 1 1 1 1 1 1
19 22 8 17 19 10 26 6 6 19 1 21 14 9 16 1 12 5 15 21
50 31 35 54 43 40 58 37 18 65 26 54 8 38 51 38 20 37 34 58
14 22 36 38 21 21 37 15 2 42 28 37 25 33 38 11 25 21 32 29
44 48 27 52 23 30 48 25 2 53 5 44 23 31 34 18 30 22 37 51
46 36 30 43 27 44 50 28 12 42 12 48 7 33 27 23 29 21 32 26
29 30 38 28 46 20 41 20 17 39 19 45 9 20 37 10 17 28 14 32
14 9 4 25 4 9 20 6 1 19 3 19 4 8 7 2 9 4 15 9
38 33 48 48 55 34 52 32 23 55 20 43 28 33 50 25 25 36 41 45
8 9 4 8 6 7 7 1 1 13 1 12 1 9 6 6 1 7 1 10
8 12 8 14 8 9 6 7 1 16 3 10 4 11 19 10 1 5 7 15
26 18 19 12 20 27 28 11 5 21 9 23 1 24 16 14 16 21 10 5
30 33 17 33 28 19 31 19 7 38 9 31 17 20 42 20 8 2 19 35
26 30 26 27 33 8 37 17 14 23 16 42 7 10 33 8 17 29 5 37
2 7 8 8 12 11 9 6 1 10 1 7 3 11 7 2 1 1 10 10
18 22 9 33 7 15 24 14 4 29 1 30 5 10 20 7 6 11 12 34
28 8 44 52 39 39 48 26 13 60 26 52 11 34 37 21 13 28 42 44
3 6 4 4 13 8 9 1 1 9 1 12 1 5 5 2 1 2 1 8
2 5 1 9 2 3 8 1 1 6 1 11 1 5 1 1 1 3 5 4
27 36 21 55 7 22 37 23 1 47 15 31 21 33 39 25 21 13 34 40
10 17 15 5 27 11 13 10 4 11 6 16 4 8 16 9 4 5 6 15
17 17 20 34 19 28 37 11 1 32 18 37 19 24 19 10 22 14 28 27
25 17 17 18 27 20 26 14 1 27 10 20 4 22 28 24 6 18 16 22
1 5 6 5 13 5 6 1 1 6 3 4 1 5 8 3 1 3 1 5
23 23 38 53 40 20 49 26 23 44 14 59 21 17 27 6 20 13 43 49
9 7 9 9 12 11 12 2 3 17 1 13 1 12 4 4 2 11 3 13
30 37 3 28 8 19 33 14 1 23 2 17 7 24 29 20 19 4 13 25
36 33 23 43 18 24 39 17 3 45 7 28 8 32 40 27 19 21 24 28
4 9 5 11 4 2 4 1 2 11 1 13 1 7 3 2 1 9 1 11
4 13 18 19 24 4 18 8 1 19 11 21 14 6 24 7 3 2 18 21
1 3 6 9 4 4 1 1 1 9 1 6 1 6 5 1 1 5 3 8
1 6 1 2 4 1 1 1 1 3 1 3 1 3 5 2 1 1 1 1
1 6 3 3 12 4 8 1 1 2 1 6 3 3 3 1 2 3 1 8
16 19 1 17 2 9 14 8 1 17 1 3 3 17 14 11 12 4 8 15
39 42 24 49 24 36 50 29 15 44 9 43 18 38 39 30 19 16 37 39
31 25 36 46 36 31 35 34 20 49 21 43 6 31 47 30 8 23 21 45
14 18 11 24 15 6 19 5 7 26 4 18 4 16 19 4 8 15 5 21
6 11 3 12 9 7 12 4 1 6 1 15 1 6 5 6 1 2 5 9
29 18 37 45 36 31 41 25 12 50 16 37 4 34 35 28 14 24 29 33
6 9 6 11 6 8 5 2 1 12 1 15 1 7 3 3 1 7 1 9
34 24 18 21 18 24 27 16 1 37 12 13 1 32 30 29 16 18 16 17
1 3 5 15 7 2 5 1 1 12 1 9 1 7 7 1 1 4 7 10
28 26 13 26 19 20 31 11 1 38 2 17 6 28 33 24 12 15 17 28
24 32 26 49 18 21 40 30 25 40 20 47 19 21 40 21 15 25 21 49
11 17 14 28 7 10 18 4 2 23 8 28 9 15 13 8 11 9 13 19
16 19 19 23 30 17 28 13 5 23 9 31 5 14 19 10 6 5 17 17
10 15 7 14 17 8 16 2 1 16 1 19 3 9 12 4 4 5 5 14
5 12 6 23 5 1 16 1 1 16 4 16 8 11 12 1 5 2 14 14
4 7 1 2 1 1 3 1 1 1 1 4 1 1 1 1 5 2 1 1
11 16 4 17 7 9 8 7 3 11 1 12 3 10 17 9 1 3 5 11
1 2 1 13 1 2 6 1 1 10 1 9 3 6 4 1 1 1 9 5
39 33 29 50 17 38 46 32 4 49 9 36 19 36 25 24 23 25 44 31
1 5 1 4 3 1 4 1 1 3 1 8 1 1 1 1 1 3 1 7
41 42 31 50 34 37 54 31 27 41 20 56 28 31 36 26 29 8 42 44
28 27 20 28 31 25 35 16 10 26 8 37 3 22 23 17 14 6 17 25
11 13 1 7 7 7 8 2 1 8 1 6 1 10 8 6 1 1 1 8
8 16 1 8 11 4 11 5 1 4 1 11 4 5 8 7 1 3 1 13
37 26 22 42 28 34 46 24 3 47 7 44 10 19 36 26 14 22 31 41
32 26 32 38 27 31 38 26 13 45 17 28 10 37 31 24 18 13 32 26
5 7 2 10 9 1 9 1 1 13 1 7 1 8 7 1 1 1 3 4
13 13 24 25 17 17 26 3 2 27 14 31 13 21 16 1 19 17 17 20
10 8 27 28 31 30 39 11 5 31 14 35 17 25 21 10 13 11 31 20
5 10 4 13 3 6 8 5 3 9 1 15 1 2 9 7 1 8 1 17
23 27 6 30 8 17 30 11 1 35 3 15 9 29 23 15 11 7 22 26
7 12 2 15 4 1 10 1 1 11 1 13 1 8 5 4 3 6 5 10
26 26 47 47 51 31 46 37 21 46 34 51 20 34 44 30 16 22 47 49
14 11 6 16 9 13 13 2 1 18 1 11 2 17 10 7 4 4 10 2
1 5 5 3 9 5 1 1 1 2 1 9 1 3 3 1 1 1 2 1
5 6 18 26 22 6 25 3 1 27 8 31 9 2 21 3 4 9 17 27
22 24 21 28 26 21 29 13 9 25 7 29 3 21 22 10 17 12 16 19
7 10 8 9 9 8 7 5 4 3 1 12 1 6 2 1 5 5 7 2
20 26 8 31 10 13 21 15 10 21 7 22 10 16 29 18 10 3 15 22
15 13 10 12 10 10 11 1 2 25 2 10 1 17 12 9 6 11 3 9
17 21 15 31 20 12 23 12 11 31 8 21 5 20 27 11 11 18 10 30
34 41 27 48 16 25 43 23 11 46 13 38 19 36 37 30 16 24 30 38
7 10 5 14 7 3 18 1 1 7 3 14 4 4 7 1 8 6 8 5
4 11 1 8 5 1 7 1 1 4 1 9 1 6 4 1 1 2 2 8
10 11 8 15 12 6 11 1 1 19 3 12 1 13 11 5 5 9 3 11
28 39 31 34 22 26 37 28 14 31 17 40 14 33 33 24 13 23 25 32
12 16 10 21 14 11 20 7 1 26 1 23 8 10 18 3 5 8 15 28
17 14 25 24 30 14 17 19 5 28 18 19 5 22 32 17 3 16 16 27
2 9 9 13 14 10 8 7 4 5 1 17 1 6 5 2 1 4 6 13
5 8 2 9 5 6 6 1 1 8 1 11 1 6 5 3 1 2 4 4
23 26 14 23 14 10 17 12 2 22 6 21 1 12 28 19 11 12 1 21
38 39 28 39 37 27 49 24 13 31 5 53 12 17 30 8 25 9 31 34
36 36 12 42 11 28 34 19 11 40 6 28 11 32 33 28 19 16 24 34
8 13 1 13 4 7 9 6 1 7 1 14 1 8 7 8 1 4 7 8
19 21 15 23 22 10 26 9 1 28 3 30 9 4 19 5 10 11 16 30
12 17 19 28 22 9 17 7 9 27 8 22 4 15 24 9 9 16 9 22
29 17 20 34 27 20 41 14 9 41 1 36 11 16 24 8 13 21 26 33
16 19 8 16 13 13 23 5 1 15 1 25 2 9 15 1 12 11 9 20
41 45 27 55 31 36 63 24 3 50 16 55 29 33 43 16 42 14 43 50
13 15 18 14 29 10 16 11 1 18 12 21 7 12 22 12 1 13 9 21
34 30 32 42 29 29 44 21 3 46 20 40 13 30 38 16 29 18 30 32
58 46 33 60 37 56 65 41 20 57 12 59 24 41 35 34 34 22 49 51
10 15 9 18 10 6 7 1 4 16 1 16 1 12 12 5 6 11 6 13
15 15 9 9 23 13 24 1 4 19 1 18 12 12 16 7 6 8 13 18
10 18 2 14 12 7 17 5 1 10 1 19 3 5 17 9 1 1 4 16
15 16 11 21 7 10 25 1 1 23 7 24 8 16 8 4 12 11 13 15
29 26 20 24 30 22 30 11 1 33 6 23 12 25 26 19 13 20 20 23
18 8 10 23 12 22 26 8 1 26 1 27 2 12 5 5 7 15 17 21
18 22 10 25 16 12 21 7 1 33 3 18 4 18 27 13 8 7 11 27
6 14 2 12 7 1 12 1 1 13 1 12 1 7 6 2 3 6 1 14
6 5 4 4 8 8 10 1 1 11 1 9 1 9 1 4 1 8 3 11
17 19 4 13 11 13 13 6 1 13 1 12 1 15 12 11 6 3 3 11
18 14 15 26 18 16 34 5 1 28 4 31 13 16 21 13 8 13 24 26
31 31 23 24 30 23 35 16 1 30 8 36 5 16 27 10 20 15 16 25
23 17 10 35 4 19 26 14 3 34 1 22 1 16 16 8 17 15 16 26
26 9 44 57 35 39 51 29 21 55 22 56 13 29 23 10 25 23 44 46
37 34 35 44 37 32 54 19 11 50 15 51 25 27 42 27 25 23 35 42
18 24 21 36 7 11 29 18 10 34 13 29 17 28 28 23 3 21 28 32
6 10 10 20 13 10 23 4 1 14 7 26 9 6 6 4 7 4 15 16
19 27 12 33 19 16 34 8 2 28 10 31 15 20 32 14 14 2 19 29
17 19 7 22 9 23 19 15 10 16 3 24 5 10 16 13 7 1 11 17
6 12 5 11 9 6 7 5 1 7 1 10 4 8 11 6 1 5 6 13
46 42 23 45 19 36 56 20 2 51 15 37 17 42 34 30 34 27 35 36
35 36 19 43 19 33 41 25 9 38 1 41 7 25 28 16 19 12 25 40
16 17 9 23 10 11 18 4 5 27 1 16 6 20 15 8 8 13 9 19
29 36 30 49 27 22 52 20 15 45 21 54 25 25 47 16 21 23 30 51
6 11 5 7 10 7 12 1 1 11 1 14 5 9 5 4 1 9 1 15
18 18 7 20 11 16 23 6 1 22 1 23 5 18 13 14 1 14 11 20
19 20 19 23 28 16 31 8 11 28 3 34 11 13 15 5 8 15 18 26
12 20 1 13 10 3 13 1 1 11 1 11 5 10 16 5 2 1 5 15
1 9 9 11 17 7 14 5 4 6 4 17 6 1 7 4 1 1 10 9
40 31 39 66 27 47 60 36 11 61 13 57 19 40 36 26 25 19 50 49
11 15 12 26 14 13 16 10 6 19 4 20 7 15 14 4 5 6 18 13
41 30 21 50 15 38 46 25 1 47 1 38 5 28 25 21 22 21 35 32
10 15 2 20 5 8 20 9 5 10 3 22 6 3 10 11 4 1 9 15
42 35 31 50 30 28 47 24 4 58 5 39 18 27 43 21 22 24 36 44
45 39 39 53 20 30 48 31 15 60 22 34 24 48 45 32 28 40 41 37
35 46 35 42 29 12 41 28 22 49 28 35 33 44 46 32 22 31 37 43
10 11 5 5 6 6 10 1 1 7 2 4 1 11 10 1 8 6 3 4
11 15 22 20 32 13 26 11 13 25 7 33 9 8 20 1 3 17 11 27
10 16 28 39 21 15 26 18 11 28 15 34 11 22 14 10 11 7 30 30
3 9 11 18 15 9 17 4 3 11 3 20 6 10 6 1 3 1 13 9
3 7 1 1 5 2 2 1 1 4 1 1 1 6 1 1 1 1 1 3
39 24 17 40 20 40 43 24 3 40 2 24 3 33 21 22 25 18 34 21
9 6 1 6 4 11 13 1 1 12 1 9 1 11 1 7 1 6 5 7
32 17 18 38 23 35 40 20 5 38 2 31 1 29 18 19 17 12 31 20
25 23 32 48 23 31 36 27 12 47 17 43 13 30 29 24 9 12 36 33
14 11 10 22 14 12 23 7 1 26 7 27 3 9 16 11 1 5 10 21
8 11 1 10 1 8 4 5 1 6 1 9 1 8 9 7 1 5 3 9
4 9 5 11 12 5 11 3 2 5 1 14 1 5 3 2 1 3 6 7
29 20 38 45 41 24 53 21 21 48 18 54 16 23 31 11 18 30 31 40
26 22 17 36 11 28 29 18 1 38 2 32 5 19 16 11 19 10 26 23
1 1 5 6 7 4 4 1 1 7 1 9 1 3 1 1 1 7 1 9
1 4 1 6 2 1 6 1 1 5 1 9 1 3 1 1 1 2 2 6
19 23 17 22 27 8 24 4 7 30 2 24 10 14 25 5 9 11 9 27
24 31 34 61 15 26 44 26 10 52 20 50 24 32 36 19 23 19 43 47
8 8 1 6 9 11 14 1 1 11 1 10 1 9 4 7 1 4 4 9
2 7 2 11 4 1 5 1 1 9 1 9 1 3 5 1 1 5 1 9
10 16 8 14 8 9 8 7 1 11 1 18 1 7 8 8 4 9 1 13
1 5 3 7 6 5 5 1 1 4 1 8 1 5 3 3 1 1 5 3
34 30 20 43 27 22 45 24 18 40 10 53 7 14 30 11 17 22 15 43
13 16 4 23 2 5 10 4 1 19 1 9 1 13 17 7 10 6 8 13
41 33 32 50 29 40 46 28 17 45 9 41 8 35 39 30 22 29 28 28
35 25 28 47 32 23 47 25 15 49 8 49 13 17 37 11 12 24 26 50
26 28 34 43 35 28 30 32 18 42 18 41 11 27 44 26 8 20 20 43
35 42 19 37 17 21 34 21 14 30 16 32 14 27 43 27 26 17 19 31
25 18 18 21 21 28 19 20 9 27 9 23 3 21 25 25 3 10 13 17
16 18 5 18 10 11 26 1 1 18 1 20 5 14 11 8 6 6 14 11
25 29 42 43 44 19 51 18 14 42 29 59 19 23 47 9 27 32 23 45
16 18 18 20 25 18 17 20 9 16 11 24 5 8 26 21 7 9 9 22
15 15 3 10 11 10 15 1 1 18 1 8 4 18 10 8 6 8 4 13
26 22 40 57 37 42 55 30 20 51 22 57 20 35 42 22 21 26 39 47
33 29 24 39 19 30 35 27 5 49 15 29 11 33 39 31 11 17 26 36
22 20 22 30 28 23 40 10 11 35 7 42 12 17 16 9 9 19 26 28
40 44 12 37 19 32 44 23 6 39 10 28 16 31 40 33 24 4 25 32
31 23 27 44 31 30 46 18 14 42 13 53 12 27 15 16 20 11 35 38
4 1 1 4 3 7 10 1 1 8 1 6 1 3 1 1 1 1 2 5
23 12 25 24 26 20 19 15 7 35 17 26 1 25 24 21 6 21 13 23
39 36 34 44 36 31 52 17 5 49 14 39 17 37 43 25 28 29 35 34
25 23 21 33 22 25 32 16 1 38 16 26 11 29 32 24 18 5 21 27
4 10 1 5 2 2 2 2 1 1 1 7 1 2 3 4 3 3 1 6
12 22 24 46 11 15 28 15 9 38 15 38 17 20 30 11 10 13 22 36
14 18 1 14 13 12 21 4 1 15 1 20 7 11 15 10 2 7 10 20
26 25 15 30 16 23 28 15 8 34 11 28 10 22 26 25 12 8 17 18
33 32 25 50 15 32 43 24 1 50 10 40 20 32 20 17 24 20 38 39
10 7 6 16 7 8 14 5 3 16 1 16 1 6 4 1 5 10 7 16
26 25 25 33 29 29 34 23 14 37 15 43 11 21 35 28 8 19 16 38
1 1 1 6 5 1 6 1 1 1 1 7 1 1 1 1 1 2 1 6
7 9 4 12 6 8 9 1 1 10 1 12 1 9 1 1 1 1 7 1
11 19 12 20 22 14 20 9 7 15 3 29 9 13 12 5 3 7 16 18
4 4 3 9 7 6 8 1 1 7 1 10 1 7 3 1 1 6 6 6
3 8 3 5 12 7 8 1 1 5 1 8 3 6 5 2 1 2 1 8
2 6 1 8 1 1 2 1 1 3 1 5 1 1 3 1 1 1 1 2
26 29 27 37 25 19 42 14 5 35 2 51 17 7 16 2 21 20 30 38
42 38 23 55 30 39 52 32 21 45 10 55 19 30 35 23 24 6 40 47
24 31 2 16 8 14 24 10 6 15 2 23 8 15 19 13 11 5 5 22
42 46 30 39 39 30 52 23 14 43 21 51 25 31 45 22 31 22 31 37
3 1 1 1 2 2 2 1 1 8 1 3 1 6 1 1 1 4 1 5
21 29 22 22 26 16 34 9 3 27 13 37 15 22 27 5 18 16 18 23
10 15 20 24 26 5 22 9 4 23 12 31 9 5 26 13 4 16 14 29
15 27 25 21 28 15 29 15 6 18 10 32 10 19 26 6 13 17 19 22
7 12 1 8 6 4 7 3 1 6 1 9 1 6 9 5 1 2 1 9
35 31 31 38 36 34 40 33 19 39 26 47 13 27 40 34 17 22 27 41
1 5 1 9 2 1 5 1 1 4 1 13 1 1 1 2 1 4 3 6
35 34 4 25 7 25 28 16 5 28 1 14 5 28 23 26 19 10 14 21
21 31 18 29 8 14 26 20 10 29 12 24 15 24 27 22 7 18 19 33
38 25 18 37 12 41 38 27 13 40 8 39 10 26 21 27 18 21 27 32
12 18 11 24 14 7 20 6 8 24 5 24 4 13 18 7 5 15 3 23
27 25 8 25 16 16 30 6 1 29 1 24 7 19 24 16 6 12 14 24
48 52 44 66 21 50 61 41 13 61 29 66 35 46 47 26 45 26 50 50
35 32 47 50 51 20 50 27 25 54 25 58 20 24 48 15 23 29 31 49
24 17 30 42 21 31 36 22 4 43 12 41 9 23 20 10 21 12 31 29
15 15 13 27 12 14 14 9 3 25 4 27 1 9 17 9 7 11 9 19
9 12 1 8 7 6 6 1 1 10 1 6 1 12 5 4 4 5 1 7
24 31 22 44 10 21 29 23 16 44 14 35 16 29 38 25 8 18 22 36
25 24 15 41 14 24 38 18 9 34 2 44 6 10 24 11 15 18 19 37
31 34 18 28 22 25 37 14 4 29 10 28 9 30 28 17 26 13 21 20
7 6 1 8 2 8 8 1 1 9 1 10 1 8 1 5 1 1 4 2
23 20 13 24 18 22 26 13 5 28 3 21 6 20 27 22 7 17 14 25
7 6 2 14 1 8 6 2 1 17 1 12 1 6 9 1 2 3 7 11
44 40 36 54 37 39 52 36 19 55 18 62 23 25 49 29 23 23 39 57
29 38 11 33 22 8 36 15 9 27 3 30 18 19 30 12 20 2 25 32
18 23 23 24 27 6 33 8 8 28 13 34 4 15 26 4 13 24 6 21
38 27 20 38 19 33 38 23 6 46 7 36 6 23 26 26 16 21 22 34
49 40 30 58 18 48 55 32 10 59 19 53 26 42 22 31 38 30 46 46
1 13 9 26 3 3 19 6 1 20 7 20 11 11 14 5 1 4 19 19
23 34 17 44 9 19 34 19 9 37 15 32 22 29 38 21 16 5 26 36
14 6 3 9 4 12 10 2 1 15 1 4 1 17 4 8 1 6 9 1
37 27 31 27 27 34 39 18 9 43 19 40 9 31 26 20 25 26 24 16
5 5 4 13 10 3 11 1 1 9 2 9 1 4 9 2 1 1 6 4
11 14 17 22 23 17 18 10 5 23 2 26 1 13 20 11 1 8 8 21
14 20 33 41 32 23 35 11 6 45 18 39 24 31 36 8 17 17 32 36
18 31 23 29 21 11 30 21 5 25 17 29 12 18 39 22 10 14 16 29
22 31 12 35 13 19 25 17 6 30 5 26 11 24 29 19 9 5 18 28
6 12 4 19 7 4 14 5 1 7 2 20 3 3 9 7 1 7 8 16
16 12 37 49 35 24 43 21 21 39 22 54 10 18 25 7 18 18 29 40
13 16 6 21 6 9 15 1 1 20 1 19 1 14 9 8 7 10 7 15
35 33 38 50 39 24 49 31 16 49 25 52 9 23 47 30 18 29 22 49
2 9 8 21 14 6 23 1 1 11 4 26 9 1 15 1 3 1 14 16
21 24 19 44 25 23 44 16 7 32 10 49 24 9 32 10 18 3 34 40
33 23 20 35 23 33 35 26 12 40 19 33 11 28 38 34 9 17 24 35
29 30 34 55 28 26 57 19 7 56 16 58 29 24 30 1 34 25 40 51
18 13 12 18 21 22 26 11 4 22 2 27 4 11 9 4 10 8 17 18
5 8 6 9 8 7 1 4 3 5 1 8 1 7 5 1 1 4 5 3
36 29 23 36 26 24 49 22 20 40 14 47 10 19 34 19 17 31 15 43
32 21 34 38 35 31 43 20 11 50 28 44 10 34 33 29 16 28 31 38
5 10 1 4 7 1 3 1 1 5 1 5 1 6 5 2 1 4 1 7
9 16 9 11 20 1 18 1 1 15 1 21 9 2 14 1 3 6 8 20
11 20 6 16 20 1 18 2 2 10 1 20 10 3 19 3 4 2 11 18
13 16 5 12 12 8 10 2 1 17 2 7 1 15 16 10 6 4 1 11
46 32 38 60 31 48 56 41 27 57 22 53 17 36 43 35 23 37 37 47
38 45 23 57 28 22 49 30 21 50 15 48 18 27 53 23 23 22 25 55
11 19 1 15 11 3 15 1 1 9 1 10 4 11 13 4 7 2 7 11
17 13 4 9 14 13 21 3 1 18 1 8 4 18 13 11 2 9 11 9
11 17 25 36 25 15 32 10 12 27 11 36 12 18 20 4 14 13 21 27
1 5 1 15 1 1 7 1 1 6 1 12 3 2 6 2 1 2 9 8
1 3 1 4 5 1 5 1 1 2 1 4 1 2 3 1 1 1 1 2
