1000 20 14 1015
14 2 3 3 22 9 1 1 11 4 7 1 2 8
8 10 9 3 12 2 14 2 5 7 7 3 7 1
4 3 3 1 0 7 2 0 2 1 2 1 3 0
6 13 7 1 8 8 3 11 3 2 12 2 7 7
3 0 2 4 5 0 3 5 9 1 3 2 7 6
0 11 6 2 4 7 1 6 5 6 11 4 5 0
8 0 6 24 2 11 14 6 6 9 6 2 16 5
9 14 10 12 10 5 19 5 5 1 11 6 11 0
2 3 7 6 8 5 8 6 5 1 5 2 1 4
11 2 0 0 2 1 6 5 1 11 8 2 4 6
1 16 0 6 14 7 10 6 3 6 6 8 9 7
3 1 1 2 1 1 0 0 3 5 1 2 2 6
8 3 3 3 8 7 0 14 21 2 10 2 11 1
0 4 3 6 5 0 2 5 1 1 2 2 1 1
1 7 2 1 1 2 2 10 8 19 1 16 0 13
1 1 1 6 2 0 1 19 7 6 28 6 10 11
1 3 7 3 2 4 3 3 6 1 0 6 3 3
9 1 2 8 1 1 7 2 10 2 6 14 5 2
3 8 7 4 8 3 3 13 3 6 12 4 4 14
3 15 7 8 13 1 15 5 5 2 9 1 7 6
5 5 8 4 2 8 2 6 1 20 2 13 18 10
18 5 7 2 7 1 7 0 4 7 3 12 6 1
11 8 4 3 7 6 17 19 2 4 7 1 8 6
7 3 12 7 6 18 8 9 16 5 9 8 11 3
7 1 2 5 1 4 1 4 3 5 1 1 1 1
4 5 3 1 4 1 2 8 3 6 6 3 7 5
13 11 6 4 4 2 4 7 5 1 5 1 7 1
14 6 13 3 1 2 11 6 13 8 7 7 1 6
2 2 3 2 10 0 4 5 14 1 10 5 6 22
5 1 10 2 5 2 12 2 12 1 11 10 14 1
1 8 0 3 26 10 5 13 11 3 3 6 2 1
8 5 0 8 11 13 10 2 6 9 5 16 1 3
4 0 6 9 3 7 10 14 4 8 5 4 0 4
12 3 2 3 22 13 1 13 13 2 6 8 1 6
5 1 6 1 6 12 3 3 8 2 8 1 4 6
0 6 10 1 8 3 1 5 7 3 2 8 1 4
6 5 1 2 5 0 5 3 3 4 5 2 7 1
9 1 1 11 2 1 7 14 11 7 1 2 2 5
2 4 4 10 4 5 5 8 5 1 6 3 0 1
5 5 3 4 1 0 6 3 6 1 4 4 1 0
7 14 6 2 0 8 15 6 6 5 6 10 5 8
6 12 2 4 1 5 2 1 3 5 7 1 5 15
4 7 5 13 5 11 10 3 4 2 0 8 2 2
3 7 2 2 2 7 0 3 1 1 7 7 4 6
5 3 6 12 5 5 1 2 2 15 1 3 3 5
8 14 3 4 2 20 14 8 13 7 9 12 5 3
8 9 10 4 3 7 1 2 2 9 7 0 1 4
6 5 1 1 9 4 5 9 5 3 5 1 5 2
2 5 1 2 9 3 1 5 5 1 6 4 4 1
6 1 8 0 0 1 3 0 3 1 2 8 1 3
9 16 18 1 6 7 8 1 10 4 3 4 4 2
0 12 9 2 16 5 4 16 1 9 17 0 7 10
1 3 3 2 5 0 10 0 8 2 4 3 3 7
5 5 9 15 1 0 14 7 9 1 10 12 6 7
4 2 16 4 2 2 5 2 3 7 5 5 6 1
0 6 5 5 8 7 5 7 1 18 15 21 6 8
4 7 4 9 6 6 17 1 10 5 13 1 1 0
10 2 1 19 15 7 0 14 5 1 4 5 9 8
2 3 5 3 4 12 9 4 2 4 10 13 31 7
3 7 3 3 3 6 1 2 1 1 5 4 1 4
3 2 0 4 6 4 3 3 2 8 2 3 11 1
9 17 12 4 5 8 3 14 15 1 5 13 4 9
0 2 1 7 0 0 1 3 2 3 4 5 6 5
15 1 10 4 10 11 0 16 2 1 8 8 3 8
2 3 2 2 1 1 3 4 5 3 5 2 1 5
6 0 2 13 9 6 1 1 14 7 10 7 3 8
11 0 3 5 6 11 0 7 4 5 14 14 9 1
2 2 3 8 4 1 4 3 4 7 8 4 3 10
0 10 4 12 1 10 3 2 13 0 14 10 5 4
15 7 5 2 5 3 0 1 6 3 5 3 8 8
6 6 10 5 9 0 1 3 4 6 4 4 3 1
1 2 7 5 4 3 7 7 2 3 9 0 1 1
3 4 1 1 2 5 2 0 10 4 5 3 4 1
3 2 2 7 10 0 1 9 3 4 10 6 6 5
7 6 6 10 9 4 11 15 0 3 8 4 2 16
4 1 9 5 1 5 1 4 1 2 4 3 2 6
10 8 3 8 2 7 6 4 1 17 12 6 7 16
2 8 4 3 6 5 2 3 4 0 6 4 5 2
3 10 2 16 14 8 17 4 8 1 9 5 15 4
1 4 3 1 4 6 9 5 0 5 3 0 1 4
0 5 0 3 0 1 1 6 4 5 4 3 4 0
5 7 4 2 3 2 2 1 2 7 4 3 2 4
1 1 3 1 3 4 5 6 8 5 0 0 1 8
7 9 10 6 9 6 4 3 9 0 2 9 1 7
7 11 7 10 15 14 5 5 14 1 9 11 3 7
8 2 2 0 3 5 2 3 4 5 3 10 8 3
1 10 1 5 2 8 10 2 9 5 5 3 5 5
5 1 14 3 8 1 4 3 0 11 13 2 6 1
4 15 14 9 9 3 6 6 16 6 21 4 6 10
2 3 2 3 1 4 4 1 1 2 6 5 1 7
8 1 15 10 3 11 3 7 14 8 19 3 6 8
5 5 7 5 6 2 11 2 6 2 11 6 6 1
18 4 4 13 8 6 0 4 9 1 8 23 5 5
15 2 3 9 7 5 17 9 2 16 8 7 2 0
0 2 2 7 5 6 0 7 2 0 9 2 0 1
10 15 13 8 6 12 13 4 1 4 5 20 6 1
0 1 0 7 2 4 7 6 1 9 7 8 3 8
1 4 3 7 11 1 2 20 16 12 4 7 14 7
7 2 2 2 1 1 3 1 13 5 3 5 1 2
1 1 2 1 3 2 2 6 4 3 2 5 0 4
4 1 2 0 2 5 12 9 4 4 7 17 2 9
1 4 8 4 1 0 3 3 3 1 0 1 3 2
6 1 16 2 14 6 6 1 9 18 7 2 1 9
15 1 2 4 16 15 2 4 1 17 2 12 7 10
6 1 2 5 2 0 2 2 4 0 4 2 4 3
0 9 7 9 4 0 3 7 12 0 4 8 6 9
10 18 1 13 9 10 20 6 10 2 3 4 11 0
25 0 1 1 16 8 2 3 9 7 12 5 9 6
0 0 1 10 4 1 5 16 9 5 14 3 8 3
13 2 7 5 3 4 3 4 3 5 5 9 4 2
17 14 4 8 6 2 4 2 11 17 4 5 13 9
13 3 11 6 7 5 1 3 1 9 11 6 4 11
5 1 6 3 10 1 1 3 1 1 4 4 3 1
0 9 8 8 11 12 0 15 5 19 0 15 11 1
0 1 8 8 5 7 8 5 4 11 3 2 6 2
17 4 11 18 10 9 2 11 7 14 3 2 9 2
2 3 9 8 8 16 8 0 16 10 10 15 10 8
2 6 6 11 4 8 3 2 6 3 13 5 10 1
1 10 4 11 9 2 3 1 2 3 12 0 4 18
6 1 1 2 2 2 3 2 1 4 0 2 5 1
16 4 8 8 7 15 2 15 4 8 0 1 13 13
1 3 11 3 13 8 8 2 19 6 1 4 9 1
0 11 4 5 10 6 2 6 2 2 8 3 5 8
3 1 7 5 4 1 2 2 1 7 0 1 2 4
14 5 5 6 16 7 11 12 1 5 10 0 4 14
2 8 14 1 2 19 9 10 11 2 7 12 1 7
4 7 8 10 8 2 3 7 11 1 7 8 5 4
10 0 13 6 11 7 9 3 2 21 1 1 2 8
12 3 13 2 5 0 3 6 5 5 7 5 2 3
7 10 1 11 11 2 3 5 6 13 6 14 1 9
3 16 3 0 21 1 0 6 11 1 1 3 12 1
7 15 10 2 7 16 1 15 7 7 10 9 10 9
2 5 3 12 10 8 10 10 5 9 17 11 3 7
5 9 17 7 6 2 11 6 17 3 4 6 11 1
0 1 8 12 2 3 3 11 11 8 3 10 4 6
9 1 7 0 5 3 2 5 5 9 7 0 5 10
3 1 3 0 2 2 5 0 1 0 1 8 2 0
2 4 3 3 6 6 1 2 7 2 2 1 1 1
7 24 3 7 4 14 1 1 8 6 6 12 3 9
4 10 5 2 9 9 4 3 4 7 0 26 5 15
9 6 0 1 2 0 4 11 11 5 12 7 9 9
2 4 3 8 18 20 5 2 7 5 7 0 8 4
8 3 9 8 3 6 0 3 4 3 2 0 7 11
2 0 4 6 0 2 5 10 3 8 4 7 7 0
0 3 1 11 3 1 2 6 9 1 4 1 4 4
1 2 9 6 1 3 5 1 2 2 10 3 1 0
1 1 17 1 1 2 5 17 6 11 7 11 10 3
5 3 6 6 11 4 11 1 5 2 4 7 3 3
5 3 12 2 4 1 7 5 5 4 1 8 5 8
4 8 8 2 8 6 4 1 1 3 3 7 2 0
8 13 15 17 3 9 17 8 2 6 4 13 7 2
3 3 2 3 11 5 1 1 2 5 4 6 7 4
2 3 5 0 0 3 0 5 3 2 2 4 3 3
2 0 2 5 0 3 1 3 3 2 3 1 5 6
4 11 0 2 1 1 8 6 2 0 2 20 11 3
1 1 1 3 6 2 3 3 1 4 0 1 3 3
1 7 6 2 9 17 0 13 9 10 4 5 9 7
6 5 4 1 7 2 5 6 5 8 12 1 1 5
9 10 9 6 3 4 9 6 5 8 5 4 9 2
3 9 1 2 4 5 7 3 1 10 1 2 2 6
1 1 1 0 5 0 6 0 2 1 3 2 2 4
2 16 5 2 10 3 17 14 10 3 12 5 15 14
1 3 5 8 9 4 3 6 2 4 4 7 5 10
9 7 2 13 26 8 6 11 3 2 12 4 6 7
15 11 11 4 5 10 6 2 2 15 6 0 10 5
3 11 9 7 11 6 0 21 3 0 19 2 9 5
1 3 3 1 3 3 1 2 5 3 4 4 3 3
0 2 8 4 13 11 5 1 6 2 2 2 12 6
4 8 7 5 1 0 12 8 3 1 3 4 5 14
2 2 7 13 1 16 2 2 2 7 2 9 4 7
18 4 5 13 12 5 11 1 4 10 12 6 2 1
0 5 2 4 5 7 1 15 10 3 5 2 10 3
11 8 3 4 3 0 2 5 1 1 3 6 10 1
1 7 4 1 7 0 3 2 2 4 1 4 1 2
10 5 4 4 1 6 11 7 13 0 19 1 0 17
8 4 9 1 17 11 4 8 5 2 1 10 3 5
10 1 8 17 1 1 21 7 0 3 3 3 3 2
1 9 5 4 1 20 9 4 11 12 8 0 6 12
2 6 4 9 7 3 3 2 2 2 6 11 7 3
14 1 5 2 2 15 11 5 3 11 6 9 1 9
10 16 6 5 5 2 12 4 10 1 12 1 5 1
2 6 9 10 6 6 9 0 10 8 5 13 10 1
0 12 4 14 2 3 15 5 1 11 2 3 4 1
1 0 0 2 4 0 9 1 5 1 10 8 5 1
1 2 17 8 3 18 1 10 3 6 5 2 4 10
3 10 6 11 20 4 18 2 0 20 4 7 0 3
3 7 15 6 15 7 6 4 11 3 0 8 2 0
2 8 3 13 7 1 7 2 17 1 8 1 11 3
2 0 4 4 0 2 6 1 9 0 4 2 0 2
3 22 17 3 8 3 14 1 8 7 14 12 1 5
2 5 4 14 9 7 9 9 8 9 7 10 3 5
15 8 11 9 3 4 2 7 2 10 3 3 13 0
10 6 3 10 9 2 0 10 2 6 2 7 11 2
4 1 5 1 2 5 4 5 3 3 3 3 1 3
4 8 2 6 11 10 17 15 4 0 8 6 4 7
1 6 8 14 9 7 7 1 2 9 11 8 13 4
4 1 2 14 2 12 10 15 1 12 12 1 10 10
0 4 0 4 2 5 6 4 2 2 3 8 5 1
1 8 8 5 5 1 12 10 0 5 4 12 3 15
2 11 11 0 3 6 4 15 4 2 3 0 6 17
1 1 4 0 6 7 0 2 2 5 7 3 5 1
13 21 5 1 1 4 13 10 7 16 7 1 9 2
11 4 17 17 3 3 4 15 5 14 4 4 8 7
0 6 1 12 4 2 9 3 11 2 7 1 2 1
7 4 1 2 9 3 23 11 3 3 9 5 4 4
5 4 8 5 1 3 8 4 2 2 13 2 3 11
4 2 3 4 2 2 1 3 2 6 5 0 3 0
4 3 11 3 2 0 8 19 17 18 3 4 4 7
5 1 2 1 3 6 4 11 1 2 7 7 7 13
1 3 1 25 10 7 2 4 5 3 11 1 1 14
6 3 6 3 4 0 15 3 6 5 6 20 1 6
3 6 15 1 1 4 8 9 7 18 10 9 9 18
1 0 3 1 6 3 10 5 3 4 2 3 1 3
10 5 2 2 9 11 14 17 2 16 19 7 7 4
5 2 7 7 2 1 4 5 2 1 1 2 7 12
3 4 8 1 4 4 0 3 4 8 0 0 5 0
1 0 1 6 4 3 3 6 3 1 2 2 3 4
10 2 11 10 9 3 0 2 4 7 3 12 0 4
12 7 13 10 18 6 2 17 11 5 10 4 3 1
7 3 7 1 9 8 15 4 10 3 9 6 1 15
9 0 4 9 4 1 11 3 10 4 17 7 2 12
6 7 0 0 5 3 13 4 1 4 10 3 2 6
4 6 2 4 3 4 1 1 0 8 2 4 3 5
19 4 14 5 2 1 9 6 8 12 10 1 2 3
2 14 2 2 9 4 6 2 1 1 7 4 3 0
6 1 4 5 4 0 0 1 3 6 4 6 4 6
4 0 1 2 5 5 6 2 7 0 0 1 2 1
2 3 4 3 2 1 1 0 5 2 6 1 1 2
7 0 0 3 1 7 3 2 1 1 8 2 1 6
8 3 1 14 3 10 8 7 14 5 1 14 13 12
7 4 5 2 7 10 1 18 6 16 15 1 21 4
10 1 7 2 6 3 5 18 15 13 9 14 9 2
19 3 3 2 0 5 23 4 2 14 2 3 1 3
10 3 10 2 7 3 1 2 27 3 6 10 5 9
7 3 4 0 1 1 1 0 4 3 3 2 3 1
16 8 9 8 8 4 2 8 23 11 7 13 7 0
4 2 11 0 12 1 3 2 3 8 2 6 6 4
17 1 10 9 10 11 16 2 6 11 3 2 2 3
5 0 1 2 0 3 2 9 1 6 0 8 2 6
1 0 5 15 6 5 11 13 8 5 10 2 17 9
2 4 0 5 1 4 1 4 0 6 0 3 2 1
2 8 6 2 3 2 10 1 1 2 1 7 3 1
17 8 6 4 3 4 1 1 6 12 9 5 4 3
5 6 8 11 1 2 1 6 2 16 2 6 10 4
7 9 8 2 0 14 8 3 15 5 9 2 2 0
4 10 3 6 5 14 11 0 3 5 3 2 6 0
13 4 5 1 4 7 1 5 7 7 0 0 2 1
0 8 3 6 4 10 18 10 11 0 4 2 3 2
1 1 1 5 3 1 1 1 5 10 2 7 2 5
7 1 3 2 9 7 6 3 1 6 15 1 3 3
2 5 8 1 10 1 8 7 1 6 4 0 8 13
2 3 3 10 3 2 1 0 0 4 1 2 5 0
11 7 9 3 1 7 9 5 7 6 2 1 1 1
7 8 1 11 4 1 8 14 11 2 2 4 6 2
0 4 1 6 7 2 4 2 11 8 5 10 5 8
8 2 8 2 2 2 8 3 6 2 9 3 0 2
4 8 5 5 1 1 3 5 3 0 2 2 1 3
13 1 20 1 10 6 11 11 8 4 8 10 3 2
22 18 3 3 4 2 0 5 8 1 13 4 4 13
2 3 5 1 5 22 11 13 9 10 8 3 3 2
13 6 19 7 1 8 10 1 3 8 0 11 8 10
6 3 2 3 0 0 3 7 8 8 3 6 10 0
13 6 9 9 6 5 11 5 3 2 0 1 8 6
11 5 4 5 18 7 5 2 17 3 15 15 2 10
2 1 9 9 7 14 5 5 5 7 3 3 2 4
6 3 1 10 7 6 3 4 4 8 1 10 5 8
22 8 16 3 4 4 6 14 1 11 3 18 5 1
1 10 11 6 10 0 6 1 5 2 7 3 2 4
2 5 4 3 0 4 2 1 7 0 4 1 3 1
0 4 1 1 1 19 2 7 8 6 6 17 4 4
0 6 4 4 5 4 1 2 4 2 2 7 4 2
1 2 3 4 4 5 4 1 8 4 4 5 6 7
12 3 1 2 6 12 2 7 2 16 9 1 9 5
3 5 13 1 12 3 8 4 4 3 9 7 13 5
1 1 7 2 1 4 1 3 1 2 1 2 3 2
3 2 4 1 7 2 1 4 2 0 1 3 3 1
3 1 4 4 5 8 0 3 4 10 2 5 3 4
1 0 3 7 4 5 9 7 1 11 4 1 3 7
4 7 11 5 23 5 0 16 2 0 3 19 7 6
8 10 2 5 7 3 14 13 6 8 2 3 7 15
8 0 5 2 3 1 1 10 6 1 17 11 12 1
5 8 2 3 9 7 2 1 2 8 2 5 17 7
2 16 11 11 3 7 25 12 0 5 2 13 6 5
8 13 2 2 3 4 11 8 5 15 10 5 8 19
10 6 5 1 13 8 7 2 11 2 4 8 6 10
13 9 3 14 3 7 1 8 9 15 13 6 3 10
12 8 12 3 2 2 11 3 4 2 11 6 2 10
16 4 4 7 3 2 3 4 9 5 1 1 9 0
12 11 14 6 19 12 13 3 0 10 11 6 11 0
1 2 0 5 3 4 1 3 4 2 4 1 4 3
0 8 15 5 4 9 4 4 9 7 6 9 17 4
18 1 6 4 11 12 2 18 7 1 8 15 2 2
1 8 2 2 8 7 1 6 3 2 9 3 0 3
7 5 8 1 1 0 2 8 0 0 4 10 1 0
6 6 5 4 7 12 1 15 19 14 11 9 4 15
2 6 3 3 3 15 1 2 1 4 7 1 2 2
14 4 5 5 4 4 1 3 8 3 7 1 8 1
9 3 2 10 6 2 7 15 9 4 1 6 19 1
3 11 1 6 2 2 2 6 3 2 0 5 0 0
6 4 6 6 1 6 5 8 2 2 2 1 7 2
1 7 7 5 5 3 8 8 10 1 4 0 7 5
9 4 9 7 14 1 13 6 2 1 4 5 12 7
5 0 5 7 3 11 2 2 13 15 6 15 7 7
5 1 8 21 7 0 2 5 1 6 6 2 1 18
10 5 9 13 5 8 13 2 9 6 7 9 2 5
1 6 2 10 14 1 9 0 5 6 7 6 1 1
2 4 6 6 2 4 1 4 1 4 2 10 9 1
4 1 4 8 12 9 2 7 7 7 4 11 3 3
3 1 6 7 7 0 2 3 7 10 11 9 1 0
7 17 15 13 8 3 8 16 4 2 5 2 12 14
10 3 4 13 24 3 3 10 2 3 7 3 18 11
8 9 0 14 6 4 0 5 6 11 8 4 11 5
4 4 1 2 3 10 7 5 3 5 4 8 0 2
9 5 2 5 1 2 6 2 3 0 1 2 3 4
3 3 5 5 6 0 5 7 0 2 3 3 3 2
7 4 5 2 5 5 2 8 2 4 3 4 0 0
3 8 5 2 4 1 16 11 11 1 17 17 4 10
2 3 12 8 0 11 4 11 3 5 1 11 13 8
7 0 2 2 7 1 0 3 2 2 1 8 6 1
2 2 2 4 2 0 11 1 7 4 3 3 6 9
6 1 2 2 8 3 1 1 2 0 0 8 5 7
7 7 8 11 10 1 4 6 6 1 4 13 18 1
2 2 2 4 5 0 5 3 6 1 9 6 3 0
4 3 0 9 2 1 1 4 1 6 2 4 3 3
2 4 8 8 10 7 8 6 1 7 12 2 1 29
3 7 7 1 4 6 3 0 0 9 1 3 5 4
11 7 1 8 9 5 1 5 4 1 7 7 3 15
11 2 1 7 12 2 2 15 22 6 4 4 12 5
8 2 4 7 13 2 8 10 5 1 2 9 9 5
2 7 4 2 10 4 5 4 1 8 0 1 13 3
0 2 3 14 14 2 5 16 2 1 3 18 7 7
4 2 1 3 3 6 12 1 2 5 4 8 7 1
7 10 5 1 14 21 11 1 0 8 4 4 18 13
6 6 1 4 0 1 0 6 5 3 4 2 0 0
10 2 5 2 0 2 3 1 4 4 3 3 5 6
2 6 0 2 4 2 2 5 4 1 2 2 3 3
15 1 0 4 5 1 8 2 8 4 4 2 5 2
7 7 2 3 4 13 1 1 8 1 1 2 6 6
1 5 0 7 4 3 0 9 2 6 4 1 22 10
10 12 9 19 4 1 6 16 14 1 5 3 4 3
12 10 1 14 9 14 10 4 7 1 3 12 13 14
21 0 13 3 7 5 6 2 3 11 16 3 5 3
10 2 1 8 1 3 0 8 7 1 3 0 5 5
3 3 6 19 12 5 1 19 14 2 5 5 9 9
10 11 3 2 12 9 0 17 9 10 3 8 8 13
8 3 1 5 2 3 2 4 3 9 2 1 5 5
10 2 12 13 9 4 7 12 3 6 14 10 1 3
2 1 3 2 2 5 0 2 2 4 7 6 4 3
10 6 10 5 3 2 4 12 5 3 11 4 4 3
9 5 5 13 6 6 4 4 8 12 4 4 7 0
5 2 18 5 4 5 12 1 4 19 6 6 7 2
5 7 7 3 2 2 6 10 6 3 10 3 10 3
5 1 4 1 2 2 2 1 1 4 5 6 2 2
12 0 6 10 5 5 8 4 11 2 3 4 1 3
2 4 2 5 1 2 8 3 4 8 1 5 3 3
1 2 2 2 6 2 2 3 7 7 2 11 14 11
2 1 0 2 1 1 4 0 3 3 2 5 4 5
3 4 1 3 1 3 7 4 4 1 4 7 2 2
13 14 2 7 5 2 4 1 2 6 4 1 10 6
4 7 9 3 1 4 0 2 1 2 4 9 2 0
3 0 1 0 6 2 1 6 7 0 2 4 3 1
2 2 7 2 3 0 5 2 6 5 1 1 5 7
3 4 3 1 6 5 2 3 6 1 9 12 2 6
4 15 18 13 2 4 8 0 2 13 7 0 5 2
8 4 7 3 5 7 13 3 10 11 0 2 4 10
1 0 7 0 3 2 5 0 3 3 0 6 2 6
1 5 9 5 4 11 7 4 8 4 14 0 5 9
7 3 9 4 1 9 11 2 2 21 5 6 1 1
16 9 1 8 5 7 5 11 7 22 16 4 6 8
3 2 2 6 2 8 8 1 8 4 11 3 1 12
1 3 3 0 1 1 1 1 2 5 0 1 10 1
5 7 0 4 1 18 5 9 4 14 3 11 2 0
3 4 3 1 5 11 7 5 2 1 4 1 5 4
9 7 14 1 8 5 3 6 22 0 6 16 1 10
5 7 5 1 6 0 4 8 4 3 9 3 2 0
8 1 13 9 17 4 9 12 1 14 7 4 9 3
3 1 3 1 9 6 2 3 2 3 7 1 1 3
8 8 2 3 14 13 13 6 2 6 16 9 8 3
3 8 8 6 7 7 4 2 15 4 2 1 7 6
13 11 1 14 2 11 6 4 5 14 1 6 9 5
3 8 7 2 1 1 7 0 3 1 1 1 6 7
3 1 6 9 5 1 5 2 1 2 3 5 4 36
4 24 1 23 3 15 1 4 3 0 8 10 1 5
6 2 3 9 2 0 3 2 7 3 14 2 1 10
11 15 3 1 7 7 4 6 5 17 22 12 5 10
0 0 8 3 2 7 13 7 4 1 5 10 9 1
2 8 0 4 0 4 1 5 1 7 1 2 3 5
4 3 1 1 3 2 3 6 4 0 5 3 4 3
5 4 12 13 8 1 1 10 3 2 18 6 5 6
2 6 12 2 1 5 9 4 4 6 0 2 3 6
11 2 2 20 3 4 5 4 17 1 1 14 4 11
1 2 5 16 7 14 2 7 7 11 5 2 9 6
6 8 2 5 6 4 13 7 2 1 5 3 6 2
0 9 3 3 7 7 1 4 10 14 1 5 12 2
4 7 19 1 5 9 5 3 13 11 11 4 3 13
9 1 5 10 1 5 1 2 2 1 3 1 10 8
4 13 0 6 10 13 18 7 3 2 11 17 5 4
5 2 1 8 5 5 3 5 3 4 4 3 4 0
10 14 1 4 10 28 10 8 6 1 7 2 7 5
13 16 5 2 7 3 1 10 13 5 2 6 1 7
2 1 7 9 2 2 5 5 16 9 3 4 4 5
13 13 8 5 3 3 17 3 10 3 3 1 2 13
2 13 13 3 6 5 7 6 9 9 6 18 4 10
4 2 3 1 5 4 7 3 8 3 3 5 2 5
7 2 10 1 4 1 1 7 3 8 3 4 12 6
2 1 2 2 6 0 2 4 3 5 0 1 1 0
2 4 4 2 2 0 1 0 1 4 2 4 3 2
12 5 10 1 4 1 4 3 12 5 5 8 6 4
3 1 0 16 9 8 2 1 5 18 3 1 19 2
11 8 8 3 6 7 14 11 6 3 0 11 5 10
8 4 4 5 13 5 5 4 8 2 17 1 3 2
12 6 13 1 13 1 9 10 5 5 3 7 4 2
8 11 5 9 14 3 17 4 3 4 0 3 12 3
6 7 1 6 4 5 19 16 5 17 7 5 2 12
5 6 1 3 2 8 9 3 3 12 2 5 1 9
1 6 3 4 4 7 4 2 6 2 3 2 8 2
2 0 14 9 1 8 2 1 16 6 0 4 8 1
11 11 6 2 1 7 6 8 10 5 6 2 3 10
4 8 9 7 5 8 4 2 3 2 3 12 0 4
4 3 6 1 8 4 2 2 6 4 2 3 3 4
8 8 8 2 8 2 7 4 7 3 3 1 2 6
5 4 8 1 4 4 3 4 6 8 7 3 6 4
5 1 4 8 9 7 2 4 4 3 6 1 4 7
7 3 2 3 7 4 2 7 1 9 5 3 9 12
2 1 8 3 5 3 2 3 0 0 2 3 0 1
9 2 1 7 13 5 3 1 5 3 2 3 10 0
10 1 5 13 6 10 5 1 4 11 2 4 4 5
9 10 15 3 9 2 15 6 19 5 3 3 5 7
1 3 2 7 8 8 4 12 17 20 10 12 17 2
11 1 4 7 9 15 16 8 3 3 0 6 4 4
0 2 4 18 1 2 0 3 7 8 2 7 3 10
4 6 7 1 7 5 11 1 5 3 9 13 6 8
6 15 1 11 9 12 8 12 19 5 2 10 1 4
1 1 4 1 5 0 8 2 2 0 2 0 2 1
1 1 4 2 3 3 3 4 8 3 1 1 4 0
1 1 2 3 9 1 15 7 1 5 7 1 7 16
1 0 4 4 3 7 4 3 4 1 2 6 2 7
6 2 0 2 0 0 1 0 7 8 1 0 1 5
3 4 3 5 4 5 3 0 2 1 7 4 12 1
7 1 1 6 0 0 1 2 3 4 6 10 1 1
4 18 18 2 4 4 7 1 0 15 2 3 2 2
5 0 9 2 4 1 6 1 0 13 5 6 13 0
1 6 8 9 2 2 1 4 4 7 1 4 4 4
7 7 1 1 2 5 6 9 1 4 7 5 2 2
8 2 4 6 2 7 7 3 0 1 4 3 11 1
6 3 3 7 2 4 2 2 1 3 6 2 4 0
2 0 3 5 0 7 1 2 3 0 3 0 9 3
5 9 2 0 0 2 5 5 1 9 2 1 3 0
7 1 1 0 9 7 8 0 16 12 4 8 3 9
5 5 5 3 7 5 3 0 2 4 9 8 0 1
4 4 2 2 2 3 10 7 2 3 1 2 5 0
6 6 4 7 18 16 16 12 9 2 6 14 7 2
17 12 15 6 2 13 13 1 8 9 11 2 2 2
5 7 5 1 2 2 3 3 3 1 2 3 4 0
3 4 2 16 2 0 3 11 4 2 0 8 11 10
6 9 0 3 11 2 5 0 6 1 16 8 1 6
12 3 4 3 2 2 10 3 3 9 4 1 3 8
13 7 8 5 10 0 11 6 2 4 1 29 7 5
8 10 2 2 1 11 6 0 2 13 6 12 6 20
2 11 2 4 6 7 4 1 10 1 1 10 4 3
10 0 4 3 1 5 0 1 2 2 3 0 6 4
1 8 2 8 1 2 0 2 7 16 2 2 5 2
8 0 7 9 3 1 4 7 6 6 9 4 4 6
2 7 2 6 2 12 4 15 12 5 0 1 1 3
3 15 5 13 5 16 13 2 2 2 0 3 2 9
7 1 9 1 4 5 11 5 13 3 13 1 13 7
0 2 3 16 8 13 5 13 4 7 8 2 1 15
2 3 1 2 2 3 9 3 1 1 4 1 4 1
6 8 7 10 10 7 3 2 10 6 8 2 6 9
2 2 5 0 5 2 9 2 7 7 6 13 4 5
1 5 8 2 2 7 1 0 6 5 13 11 11 8
10 1 7 5 4 7 3 2 9 1 0 5 7 8
5 2 1 7 6 2 6 2 10 3 4 5 0 13
1 0 4 2 4 6 0 2 0 3 0 0 5 6
10 0 6 1 2 8 5 10 11 2 10 1 0 7
4 3 6 3 3 1 17 11 8 4 7 9 10 14
4 13 14 3 1 6 6 13 1 3 4 25 5 6
3 2 3 4 0 0 3 4 4 0 0 0 1 6
2 3 1 1 3 4 2 1 4 1 2 2 3 5
1 5 2 6 1 3 7 2 3 2 1 2 1 1
5 0 5 12 9 4 3 5 11 11 4 7 2 2
3 3 14 7 1 16 22 2 14 4 3 9 5 13
18 1 1 16 2 7 7 7 3 8 8 4 8 17
15 3 15 3 10 2 7 11 6 7 10 4 6 12
4 10 2 3 23 6 12 11 7 4 5 9 14 2
10 9 2 11 4 7 2 5 5 0 2 8 4 3
14 5 6 4 2 2 3 9 4 25 4 5 8 11
9 15 8 21 1 9 0 3 9 4 0 0 9 10
5 14 2 6 5 2 3 5 1 14 0 8 2 11
14 0 3 4 10 3 10 3 23 0 10 11 5 0
6 9 9 8 1 7 6 8 12 7 7 7 11 4
0 3 0 2 2 2 5 22 13 5 10 10 6 1
2 2 1 8 4 2 2 4 1 2 5 0 6 5
8 5 5 2 1 11 4 1 3 1 4 2 1 2
7 6 4 2 16 8 16 12 14 3 2 2 7 7
3 7 4 0 7 2 2 15 6 6 10 3 0 6
9 11 1 2 14 13 2 4 3 5 12 0 15 7
1 4 1 10 3 5 3 18 17 10 12 1 5 2
4 1 4 4 2 5 4 0 3 2 10 1 2 2
3 3 1 1 8 3 3 5 9 2 1 5 3 4
1 1 6 3 12 7 5 3 5 10 10 2 3 11
5 3 2 2 6 2 0 1 2 5 4 7 1 1
1 1 7 4 2 0 7 1 5 12 9 4 1 1
1 7 6 22 7 4 2 1 18 15 8 3 3 16
7 4 6 5 3 2 0 0 7 5 1 2 1 0
11 15 3 4 2 13 10 9 1 19 3 1 18 4
6 14 7 4 14 1 10 3 11 10 15 2 13 2
4 11 4 1 19 11 16 3 5 15 17 10 3 2
5 6 9 1 1 1 3 2 1 10 3 5 7 3
10 2 8 15 13 2 7 0 1 1 17 10 2 11
0 1 8 7 8 6 10 17 7 14 7 2 10 4
3 1 2 5 12 4 6 3 4 2 6 3 2 8
7 11 8 4 0 1 2 10 6 1 1 14 5 1
13 5 2 15 5 8 5 12 14 2 2 4 10 7
9 4 17 13 15 7 4 10 10 6 8 9 8 2
1 1 2 7 3 1 4 7 2 2 6 4 5 7
2 2 2 1 1 4 4 4 0 0 4 4 2 4
13 12 14 6 16 7 3 2 1 2 3 20 0 10
8 6 17 6 8 6 2 1 18 1 8 17 3 12
14 1 10 5 8 2 12 3 1 1 6 2 1 25
5 8 2 6 6 9 11 10 2 11 0 10 6 0
3 1 8 6 3 4 0 7 4 5 2 8 2 3
4 4 1 7 2 2 4 2 2 1 4 1 2 3
11 10 6 3 10 5 4 24 3 2 0 10 5 2
10 2 15 4 6 4 0 5 3 6 6 9 6 7
9 5 11 2 6 2 5 6 13 10 4 0 2 5
6 3 8 20 6 3 7 3 13 4 1 1 1 11
4 9 1 6 1 5 0 0 13 10 3 7 3 4
3 1 1 1 4 4 1 0 1 0 6 3 5 1
4 17 9 1 0 16 2 7 7 2 4 19 6 3
6 11 14 5 6 2 13 7 9 1 0 17 7 9
2 8 13 4 0 5 11 15 13 13 3 5 15 4
8 2 2 3 1 4 6 7 0 3 3 1 8 2
20 1 6 4 1 4 4 1 4 6 3 4 0 6
1 1 11 1 14 7 3 1 3 12 7 6 4 5
3 2 5 1 5 3 8 3 1 1 0 6 3 4
1 7 2 11 11 1 12 8 8 7 1 7 18 4
4 11 3 0 4 3 10 5 15 3 6 20 5 11
5 1 5 17 5 4 6 3 16 6 12 2 0 5
8 5 7 4 5 3 1 5 13 5 9 11 1 2
8 11 2 7 0 11 2 2 1 0 1 0 4 7
6 4 8 8 1 6 7 3 1 2 5 9 2 3
1 5 10 8 0 3 2 5 3 4 5 1 3 2
2 1 3 7 4 2 5 1 0 4 3 2 4 6
5 8 0 19 1 1 6 12 3 6 7 14 8 14
5 6 8 8 2 19 10 0 8 4 7 4 4 7
8 3 17 8 4 10 1 3 11 1 2 1 7 15
6 0 1 1 2 3 9 2 4 4 2 6 3 5
2 0 7 8 5 3 5 0 25 2 11 17 5 1
2 3 4 1 3 2 8 1 8 7 8 8 4 3
10 1 0 2 6 13 12 0 1 3 10 17 6 1
5 0 0 4 7 5 26 3 9 19 8 2 0 4
3 14 2 2 0 1 7 0 7 6 2 7 1 2
7 7 6 9 7 1 6 4 4 6 3 7 4 2
8 8 5 3 15 1 13 0 5 21 6 15 3 9
7 1 5 1 7 3 3 2 2 2 4 3 4 2
4 0 11 2 8 10 3 13 0 14 12 0 5 9
13 8 18 7 4 17 9 9 14 1 11 5 0 1
2 5 10 5 3 9 1 10 13 5 5 6 9 12
1 9 4 6 1 4 8 9 6 8 1 8 5 5
6 5 3 0 1 12 7 12 0 11 11 12 3 4
9 6 2 3 20 11 2 13 3 5 7 5 11 8
14 6 1 0 6 7 6 3 6 0 8 5 0 5
6 3 7 1 5 4 0 4 0 4 1 4 1 4
1 2 1 6 7 4 5 1 4 4 0 6 0 4
2 10 0 3 11 5 3 1 10 4 7 8 7 4
8 2 8 3 3 13 10 7 1 8 1 3 4 9
1 2 3 1 3 1 7 2 8 1 1 5 7 4
1 3 1 1 1 6 3 1 3 8 3 4 3 1
9 6 2 4 0 6 4 12 7 9 9 13 3 6
18 3 4 3 18 17 2 14 10 1 4 8 7 6
2 0 1 12 23 9 13 7 10 4 1 3 4 15
10 2 5 2 1 9 5 2 2 2 2 7 4 17
3 1 5 9 6 0 7 1 1 2 3 8 7 9
9 6 1 4 10 7 7 14 1 9 15 8 12 8
3 5 0 7 1 1 2 8 0 0 3 10 5 1
0 3 4 2 4 5 1 0 3 5 2 3 6 2
10 0 10 8 6 12 4 3 2 10 7 2 18 2
10 1 0 2 3 6 7 9 6 3 1 8 6 5
5 5 3 3 1 0 1 3 5 0 2 2 2 3
4 5 3 10 3 1 2 0 2 2 6 3 2 7
5 6 2 8 0 3 12 2 24 10 2 1 5 18
2 8 4 10 8 12 10 2 7 4 10 6 3 3
6 7 2 4 5 7 4 1 1 2 1 4 0 14
3 0 8 4 1 2 21 6 0 6 8 11 2 5
3 5 5 2 8 1 3 4 3 0 2 2 1 2
5 1 2 10 20 2 18 9 1 9 4 11 4 1
3 5 2 2 2 4 4 5 3 5 5 5 2 0
2 10 5 3 0 2 2 11 6 1 1 2 1 6
7 2 10 15 14 14 7 7 6 3 16 3 6 4
2 2 12 6 1 11 1 8 2 11 2 0 3 13
12 1 0 2 2 19 13 15 9 4 9 8 2 2
15 8 8 3 9 13 9 5 17 2 11 6 1 10
5 2 7 6 1 0 3 4 6 1 10 2 5 4
12 10 3 9 0 7 7 4 14 14 1 5 16 13
12 4 11 5 6 0 3 4 9 15 18 15 8 4
1 0 3 8 9 1 5 0 5 6 17 4 2 17
0 9 11 3 18 9 9 7 4 11 4 14 5 6
3 5 2 3 0 2 5 6 1 2 7 4 3 8
3 3 6 8 3 17 16 6 8 19 6 7 13 5
1 9 1 0 1 4 3 4 5 3 1 9 4 1
8 12 4 15 2 12 19 2 12 2 1 2 5 11
6 13 11 5 13 4 5 3 0 5 10 22 4 3
9 16 3 15 4 3 17 15 8 2 6 4 1 3
2 1 3 13 3 8 6 3 12 9 16 1 1 12
15 20 2 10 15 10 3 1 1 8 3 8 2 0
2 2 5 5 11 2 1 10 8 2 5 11 2 5
5 2 6 4 1 3 2 1 4 11 2 7 1 3
2 5 2 18 1 4 3 2 1 14 16 9 3 6
2 9 18 16 16 1 7 1 4 5 8 7 5 6
3 1 4 18 7 10 1 0 11 9 1 5 11 12
3 2 2 6 7 1 8 4 5 0 1 4 1 2
11 3 1 3 6 3 2 1 8 6 13 8 18 21
14 0 1 7 1 1 8 7 9 8 2 25 20 4
9 5 3 15 3 5 0 4 20 8 8 2 10 19
2 1 4 3 0 6 2 5 1 0 4 1 4 4
0 8 6 2 9 2 3 5 0 0 5 5 2 6
2 6 3 0 3 1 5 2 4 2 7 8 0 6
4 6 4 1 3 3 6 2 3 6 3 2 2 3
1 6 3 9 1 0 6 5 10 13 2 6 1 1
4 5 16 9 13 3 4 5 1 7 11 20 2 3
11 7 13 14 1 3 22 10 0 9 2 12 2 10
12 3 9 6 5 4 3 9 2 4 7 3 7 2
2 7 2 4 1 5 12 9 7 5 1 10 7 0
1 5 3 1 5 1 5 6 4 2 0 5 6 5
4 6 4 12 1 5 13 9 12 9 4 1 3 3
1 4 2 5 4 2 1 5 5 3 3 1 3 1
11 7 14 15 0 6 5 7 3 8 4 16 1 3
1 5 2 6 1 3 2 5 3 1 3 6 4 2
9 2 1 3 2 9 5 10 1 5 5 3 1 2
0 4 0 0 16 9 1 4 13 19 9 7 13 2
4 3 0 3 7 2 0 1 5 2 1 2 2 1
5 6 3 1 5 1 3 1 3 1 4 4 1 0
5 4 1 8 6 6 3 2 9 4 3 14 0 0
7 3 1 10 2 4 11 0 2 3 3 10 8 7
7 17 0 9 10 2 5 9 8 3 11 1 0 18
5 4 0 4 10 11 8 15 8 7 3 2 5 4
9 6 14 2 18 10 4 6 6 6 6 15 3 2
6 2 4 1 9 6 3 2 2 11 5 16 2 3
2 2 1 1 1 1 4 5 5 4 4 2 6 0
3 2 0 5 1 4 2 5 8 4 0 5 6 2
3 4 1 1 3 3 4 4 6 9 5 1 1 7
2 1 1 4 2 2 1 1 2 4 5 2 1 4
2 3 3 4 3 1 5 7 0 3 4 1 1 0
8 5 6 6 5 1 0 5 4 2 9 6 1 2
2 4 5 0 1 3 7 7 12 4 2 8 2 11
7 8 19 7 1 8 7 1 6 0 3 3 13 2
14 8 4 6 7 8 8 1 6 8 2 2 6 5
8 12 4 4 1 1 6 3 9 6 2 6 4 2
3 0 10 0 8 5 1 2 5 1 11 7 3 8
11 4 0 6 14 5 3 16 3 1 10 3 0 10
5 6 2 2 6 3 1 6 7 4 4 5 1 0
3 3 7 0 2 1 1 8 9 2 1 5 4 2
9 5 6 8 7 6 5 1 1 2 2 0 1 3
7 3 2 1 1 4 1 2 7 2 1 3 0 3
2 7 2 20 11 4 9 3 15 5 5 2 13 2
9 7 1 5 7 8 1 2 3 5 6 4 2 6
6 2 2 7 4 0 4 0 17 5 19 9 2 9
6 10 11 2 3 18 6 3 5 3 1 3 12 12
0 2 9 2 1 0 9 5 6 9 0 0 3 1
3 4 1 8 2 4 3 16 4 6 12 3 1 6
2 1 3 12 3 9 1 17 8 12 18 0 12 1
9 1 2 1 1 7 4 9 3 3 1 2 1 1
4 0 9 9 3 1 1 7 3 1 10 5 2 11
1 5 8 5 2 9 2 7 7 9 1 2 7 1
1 3 5 3 8 2 0 5 1 5 16 4 7 0
6 5 5 0 0 13 1 4 3 1 8 2 2 6
2 2 6 5 4 4 1 2 2 0 1 6 0 8
3 7 3 11 6 5 1 4 13 3 9 7 3 13
4 1 6 12 10 4 0 4 11 7 4 3 3 4
0 7 1 3 0 4 7 5 19 14 0 0 4 1
4 2 1 2 5 1 9 2 7 1 1 2 4 0
1 5 2 2 1 0 2 5 5 8 3 3 11 6
2 3 3 4 2 6 2 0 6 1 4 3 5 9
1 10 12 4 2 7 2 10 4 6 6 5 7 6
2 3 1 2 5 3 6 1 1 4 0 7 1 1
11 3 11 13 6 9 5 14 2 3 3 16 6 2
1 5 1 1 10 1 5 4 1 4 2 0 0 6
1 26 7 9 6 6 6 11 8 5 1 8 7 4
5 3 5 1 4 2 3 4 3 1 2 0 3 3
20 0 0 8 6 1 3 10 15 2 7 0 6 1
6 4 1 6 3 7 4 4 4 1 1 1 2 4
1 2 1 0 4 4 0 1 3 3 9 12 2 3
5 16 7 2 0 8 1 1 2 1 4 7 1 9
5 9 7 5 15 4 4 9 8 7 0 2 7 3
0 4 4 1 3 2 0 6 6 2 3 2 3 1
0 7 9 4 1 1 8 3 7 14 6 11 2 4
18 2 3 13 8 9 14 13 5 11 7 5 17 9
5 2 8 6 2 5 9 2 9 9 4 10 4 5
5 4 4 6 3 16 1 8 6 21 1 6 10 3
2 17 4 14 2 13 8 6 12 0 3 13 9 3
3 1 1 4 5 0 1 1 2 0 3 3 3 6
4 6 1 11 27 13 5 2 3 3 10 6 8 3
8 16 9 9 7 2 12 3 13 13 4 1 14 17
2 4 5 9 6 6 1 13 17 3 16 19 5 3
1 3 5 11 3 11 13 9 3 4 6 27 7 5
1 6 4 9 0 0 0 1 1 2 3 2 3 2
4 2 17 7 3 12 5 9 9 5 1 14 7 7
17 2 7 4 13 1 8 2 8 11 6 1 8 3
7 5 3 6 7 9 12 4 9 8 11 3 14 0
2 3 3 1 1 4 0 1 2 7 3 6 7 1
2 12 6 5 4 5 4 4 0 2 5 1 3 7
7 2 1 4 5 15 10 1 0 16 2 10 4 4
2 9 2 1 1 7 1 6 2 8 1 2 3 0
3 0 9 11 1 9 21 4 2 2 6 12 1 1
4 1 2 3 1 4 1 0 4 1 3 2 2 4
4 6 7 1 12 1 14 27 8 4 3 2 2 16
1 11 2 1 5 6 6 3 4 1 2 7 13 8
1 4 3 8 3 12 4 12 1 10 3 3 4 2
7 15 17 12 8 5 7 6 17 13 1 4 4 7
5 4 4 6 2 1 2 6 6 2 3 2 1 3
1 11 5 5 13 1 1 3 4 0 4 1 3 9
2 2 2 0 9 5 9 0 7 2 2 5 4 1
1 3 3 4 3 7 1 4 0 0 1 4 2 0
2 2 4 2 0 6 1 2 5 3 0 8 0 6
6 8 1 1 4 6 8 2 5 9 8 6 1 2
4 2 3 2 5 9 3 2 5 5 1 12 8 3
18 1 10 8 4 6 4 4 4 5 12 3 1 0
3 2 2 8 6 4 0 5 0 0 8 1 2 2
13 8 17 11 4 11 11 1 12 14 13 11 4 9
2 7 3 3 4 2 1 3 5 10 4 8 0 9
1 1 4 4 1 3 2 2 3 0 3 1 5 9
12 3 23 3 5 4 4 4 13 9 1 8 8 7
6 7 6 5 8 5 6 4 1 1 7 2 6 5
2 1 0 21 5 0 12 5 14 2 0 5 9 19
13 7 4 4 8 6 3 9 1 1 5 5 3 12
2 2 2 5 1 7 6 1 2 2 0 8 1 4
2 3 7 2 2 1 2 4 4 1 2 4 1 1
3 2 7 6 4 12 2 11 3 14 9 0 7 5
6 1 8 5 1 1 4 1 1 3 2 2 8 3
1 10 3 12 2 2 16 4 16 11 16 15 2 12
8 20 4 11 6 9 2 20 6 10 11 5 13 3
14 7 0 1 4 2 5 2 8 3 9 9 9 1
1 0 2 1 3 2 0 4 13 0 19 9 15 1
19 7 4 22 6 0 13 0 6 4 4 3 5 6
1 6 8 7 5 4 1 16 9 6 4 3 20 4
8 9 0 1 3 3 2 6 5 1 0 1 5 4
3 5 7 3 1 2 2 6 7 1 6 3 2 6
14 6 1 8 9 1 3 6 2 2 5 11 9 4
1 6 5 0 1 7 2 6 6 2 13 3 10 0
10 4 11 6 6 4 1 6 2 4 6 4 0 12
0 3 5 12 8 0 5 0 7 5 2 14 11 16
7 2 3 10 14 4 2 3 4 7 3 11 7 0
0 6 9 6 8 26 15 0 10 1 10 1 9 10
7 7 1 8 5 7 4 3 5 10 5 2 3 2
8 3 5 11 5 8 5 4 3 2 0 15 16 6
6 13 2 7 15 12 0 4 3 8 1 8 1 16
11 14 5 15 5 12 8 2 7 10 1 3 10 2
0 1 2 7 2 22 8 10 15 2 2 13 3 4
4 6 5 4 5 10 9 1 5 1 3 2 9 1
9 6 4 3 7 6 4 2 2 0 2 3 1 0
3 6 7 4 6 12 8 6 7 1 10 5 7 1
8 2 8 3 8 1 4 7 5 3 14 7 1 8
2 0 4 4 15 10 10 7 1 11 8 17 11 1
1 1 5 2 6 2 3 7 2 2 5 1 4 2
3 5 1 1 0 4 21 4 5 3 3 4 1 7
5 2 4 6 4 0 3 3 3 0 1 2 5 13
13 6 1 5 2 27 14 5 0 6 2 13 2 3
14 5 1 3 22 10 20 2 6 8 8 7 13 5
4 15 13 7 14 12 11 1 1 7 6 6 3 7
6 2 2 2 1 7 9 2 2 4 3 5 1 3
5 3 1 8 6 4 4 0 5 9 4 7 3 11
4 24 4 10 11 9 5 1 4 14 3 1 5 7
5 2 4 20 0 5 14 13 4 3 2 21 12 4
0 8 9 0 7 5 6 0 1 14 0 13 8 4
6 12 7 5 14 12 7 14 7 9 1 17 3 6
1 4 5 1 4 2 9 4 9 1 5 7 7 3
10 9 12 2 7 15 1 7 9 7 16 17 4 11
14 5 1 3 8 0 2 17 1 3 5 13 3 6
5 0 3 6 0 2 6 4 1 2 1 2 3 0
2 12 2 13 9 7 2 2 5 5 0 1 13 2
3 1 3 9 8 3 1 6 1 4 7 8 0 7
3 3 3 5 6 0 7 4 1 1 7 6 0 4
10 0 5 7 3 3 6 9 3 22 4 16 8 5
2 16 10 10 3 1 10 7 1 14 1 3 4 3
1 5 14 0 7 20 4 10 1 5 7 3 10 3
12 4 9 3 10 3 11 10 1 13 8 7 20 14
9 5 3 9 7 8 16 8 4 7 3 7 2 5
0 5 6 7 1 2 1 9 4 4 3 1 2 0
5 0 3 1 0 0 4 1 6 0 1 1 2 2
3 4 11 2 7 8 4 1 7 3 18 3 0 9
3 3 1 5 3 9 0 20 13 1 6 11 4 1
5 11 1 9 12 6 18 3 4 9 3 12 9 11
2 2 0 1 12 15 5 6 20 6 5 8 5 2
2 1 1 1 2 1 2 8 8 1 4 0 5 2
2 11 8 2 0 1 1 1 3 7 2 12 5 1
7 7 9 9 20 10 6 7 0 2 22 7 11 4
1 1 6 2 2 3 1 0 8 0 5 3 2 1
0 3 12 1 1 2 3 8 7 3 3 6 7 0
6 6 2 1 3 2 12 1 10 1 1 13 11 4
1 0 1 2 3 2 6 3 7 7 4 2 4 3
17 20 3 4 9 5 3 2 13 2 5 5 16 3
4 16 1 1 7 5 8 2 5 1 4 15 1 16
17 1 6 7 10 5 17 9 4 12 3 11 9 2
2 8 2 1 3 4 2 2 3 6 3 1 0 1
8 7 18 5 11 5 6 2 17 0 10 9 12 0
9 0 3 4 6 4 9 2 4 1 5 1 6 2
4 11 9 10 2 10 7 5 2 17 2 5 7 3
1 7 3 6 3 17 0 5 2 9 12 5 1 1
2 0 9 22 9 3 8 5 5 13 8 3 7 7
4 3 2 0 7 5 5 7 5 4 4 1 13 3
2 21 9 12 6 1 3 9 22 9 11 0 3 6
0 10 3 3 2 5 4 11 25 1 13 5 6 9
4 1 1 6 1 5 4 3 1 2 3 3 1 6
4 0 4 10 3 11 3 3 2 6 2 5 8 2
3 1 2 10 4 5 2 3 13 12 7 2 7 1
3 1 9 2 3 1 1 1 3 3 2 3 0 2
1 13 1 4 11 3 16 19 19 5 1 2 1 11
3 10 7 0 8 3 2 5 2 12 5 5 0 2
2 4 9 6 5 0 14 2 8 1 1 4 5 3
8 10 6 5 4 5 13 3 3 5 2 1 4 4
9 7 2 1 3 2 5 10 3 4 8 0 2 9
7 10 0 14 10 14 3 11 8 12 6 10 1 5
0 9 3 6 5 0 5 2 2 3 3 1 9 1
6 10 3 10 2 1 6 5 8 7 9 2 1 4
2 2 5 3 3 1 0 4 8 4 9 0 3 1
9 9 3 5 7 11 7 2 7 13 1 8 7 10
1 3 1 1 6 3 0 2 10 3 0 6 6 7
6 19 6 2 13 3 6 17 4 1 6 7 3 8
5 5 10 1 5 8 14 6 15 3 13 16 3 10
4 5 4 8 7 1 12 8 1 6 1 2 1 0
8 2 7 2 4 8 7 2 3 5 3 2 3 5
8 10 5 11 7 4 5 21 5 4 6 4 20 5
7 9 11 6 2 4 8 10 12 6 16 9 7 1
3 0 2 1 3 2 2 0 10 7 5 5 4 7
0 2 1 1 3 3 2 2 4 7 8 1 5 2
7 1 7 5 3 2 14 10 5 11 4 2 0 4
4 5 12 1 1 17 11 11 5 5 6 3 11 8
8 3 8 9 5 7 1 7 8 3 18 10 2 3
2 1 6 0 5 1 5 2 8 2 1 1 3 0
4 2 1 10 2 3 4 1 2 6 11 1 1 7
9 11 5 12 6 8 1 17 6 9 13 7 9 2
4 4 8 4 4 4 0 1 0 4 4 3 4 2
4 1 1 14 2 9 4 12 2 5 14 1 9 2
1 11 17 14 7 5 10 14 3 10 14 0 11 4
2 3 2 1 7 6 3 6 2 8 3 2 1 2
1 0 5 13 2 4 2 4 2 1 4 15 2 2
6 2 6 4 11 15 18 10 6 9 3 5 1 9
11 2 6 0 15 13 15 5 14 10 3 3 2 12
16 13 4 11 8 10 5 6 10 2 2 15 1 5
2 0 1 5 1 0 1 0 4 0 5 5 4 4
4 1 3 3 2 9 3 1 12 5 2 6 4 1
8 5 12 13 15 7 7 2 8 9 18 12 6 3
6 10 6 3 5 15 22 5 17 3 13 8 3 2
1 3 3 3 5 4 1 2 11 3 5 3 0 3
8 5 1 9 2 4 9 1 3 8 3 1 1 1
2 2 0 2 3 4 2 3 4 3 6 3 6 1
0 11 5 3 13 5 4 1 5 4 10 3 9 17
7 2 3 1 2 9 1 5 9 3 3 5 0 11
4 1 2 5 2 5 7 1 0 2 4 8 3 2
16 5 6 8 8 3 5 1 1 4 3 3 8 5
4 6 11 1 4 3 0 9 6 9 0 7 2 4
0 7 12 15 9 6 14 4 13 5 17 7 2 13
8 15 4 8 1 10 11 1 6 7 16 1 7 6
6 5 1 2 6 6 4 8 5 3 6 11 8 5
13 15 0 15 9 6 0 1 15 6 11 3 11 6
1 1 4 0 2 1 5 4 5 3 0 3 1 2
3 4 4 1 2 3 1 1 2 2 4 3 2 6
10 9 6 3 9 1 2 1 6 3 1 4 6 7
0 1 2 7 5 3 1 2 2 1 6 5 4 4
16 10 5 13 9 4 11 6 12 1 2 1 17 18
7 2 0 14 4 10 11 8 11 9 6 3 3 2
2 4 2 1 3 6 6 3 3 9 2 9 1 4
5 14 3 18 4 4 4 10 9 2 10 8 1 1
2 7 11 4 3 2 4 1 0 9 1 5 4 7
19 1 4 11 1 5 8 4 1 7 2 16 1 6
4 1 1 9 5 4 3 5 2 6 3 1 10 1
7 1 15 3 10 12 2 5 15 5 4 0 14 9
21 3 3 4 5 7 11 0 4 4 4 19 6 5
12 4 11 8 10 10 2 1 8 18 7 3 1 12
0 5 16 19 8 6 16 20 5 8 3 5 1 8
7 1 3 16 2 6 5 10 8 12 3 23 3 3
5 3 3 0 9 6 1 14 0 6 3 14 0 7
7 11 7 1 1 10 5 8 5 1 3 3 1 0
1 0 8 5 7 4 5 3 5 9 6 5 2 4
4 5 10 5 4 14 2 6 3 5 1 11 13 7
2 5 13 3 13 12 3 21 3 7 8 9 15 13
2 0 0 1 2 5 3 0 9 10 8 0 0 6
4 2 1 0 8 5 2 7 1 10 11 5 5 2
9 6 2 11 10 9 1 3 1 4 13 6 11 10
14 11 14 2 5 13 3 3 7 6 0 6 3 5
6 3 12 3 13 11 6 6 11 10 17 0 9 16
12 1 10 10 12 6 9 1 8 1 7 6 9 7
1 2 4 1 5 5 5 6 0 10 9 1 7 7
5 3 6 3 3 1 0 6 1 9 3 0 2 4
4 2 5 5 9 2 6 3 4 6 5 0 6 11
0 2 11 3 10 7 1 9 1 10 2 1 3 1
5 1 3 8 0 2 0 3 4 0 4 6 5 1
4 9 12 4 6 3 2 12 4 7 2 2 13 6
12 7 2 6 8 4 7 7 11 14 8 6 5 9
1 5 3 5 1 3 3 2 5 4 8 11 1 8
5 2 5 5 13 1 16 10 1 3 5 18 17 9
1 9 1 3 6 2 5 5 4 6 9 4 14 14
2 2 4 4 1 6 4 5 9 2 5 7 3 3
5 7 2 7 4 5 2 5 2 10 2 6 1 2
6 3 7 7 0 4 3 2 4 3 5 1 1 3
2 2 3 6 2 6 3 11 2 3 0 2 5 7
10 27 1 6 1 5 8 1 7 14 4 12 5 1
6 5 1 7 2 0 2 3 0 2 6 5 2 4
1 0 6 2 6 6 13 4 1 3 1 3 2 1
16 4 0 5 4 4 4 6 1 14 3 7 8 10
9 10 16 8 7 5 6 11 2 3 17 5 6 14
0 1 5 4 5 3 0 2 7 4 6 7 7 4
2 3 5 1 0 1 4 3 5 4 1 5 2 3
8 1 9 8 12 5 10 1 3 3 15 10 22 10
3 10 3 8 3 3 19 16 16 5 8 5 10 3
0 8 4 5 6 3 5 10 1 2 12 3 0 0
1 9 6 7 9 11 5 2 9 6 1 2 10 2
2 10 10 8 4 1 3 1 4 0 1 12 4 4
2 7 8 12 11 1 10 13 0 3 14 6 8 11
14 10 0 1 3 11 3 4 5 1 11 1 3 7
15 11 6 9 5 1 4 1 6 1 3 5 2 4
2 14 11 4 11 6 5 6 4 4 2 2 1 6
0 1 1 6 3 1 2 0 1 1 7 3 3 3
8 8 5 1 10 7 4 1 12 9 5 7 7 5
2 3 8 1 3 1 4 2 1 1 3 1 3 4
6 1 0 2 2 2 0 1 4 3 5 7 0 3
2 1 6 2 1 5 3 1 0 2 2 0 3 2
3 5 3 16 5 1 14 2 5 8 9 9 19 9
7 6 13 9 3 6 9 7 9 13 0 15 21 8
7 0 1 2 2 7 3 2 3 1 7 1 1 3
4 1 11 7 8 14 7 7 6 1 2 8 2 19
5 3 1 1 4 2 1 2 3 3 4 1 1 3
4 4 21 5 2 6 14 10 6 23 6 6 8 4
1 2 4 1 1 3 2 5 3 4 9 2 3 0
5 6 2 7 11 4 7 5 2 7 9 1 1 8
6 18 11 1 8 17 3 16 3 2 12 6 12 1
2 10 9 0 1 4 1 2 3 6 7 4 3 8
1 1 10 6 3 4 6 4 8 6 16 2 7 1
9 13 4 15 5 12 2 19 4 1 11 5 18 12
4 0 5 1 2 1 1 4 5 4 0 4 1 3
1 3 4 5 1 4 2 0 6 2 4 2 1 4
4 1 2 6 6 3 7 1 4 9 3 8 3 9
0 1 2 0 5 4 5 6 5 6 2 4 5 1
13 4 7 5 4 1 6 8 1 1 7 6 4 8
6 1 1 3 1 1 5 1 1 8 0 3 3 3
4 4 1 2 2 6 1 0 1 1 1 4 4 2
12 14 9 11 6 18 6 1 8 1 7 5 14 1
6 5 10 7 2 3 17 12 10 0 18 0 11 15
1 0 4 0 2 7 1 4 2 2 1 3 3 1
13 5 2 11 4 8 12 1 9 10 23 5 2 12
3 13 5 19 2 9 8 7 1 13 2 17 5 7
3 6 2 0 7 2 1 2 6 2 1 3 5 3
2 2 5 2 2 3 5 0 14 3 9 3 0 1
3 1 2 5 4 1 5 6 3 4 1 13 2 6
13 18 2 7 7 7 7 10 2 3 10 2 3 3
2 18 6 1 1 19 6 16 12 10 8 4 1 8
7 21 1 22 3 15 4 3 6 6 5 7 2 0
1 6 14 6 6 6 2 1 16 1 2 11 13 8
3 8 0 0 2 7 7 5 7 3 9 2 2 17
9 8 8 7 6 6 7 7 6 5 8 4 18 2
5 4 7 2 10 16 8 1 1 3 5 4 4 2
0 1 13 10 4 8 2 13 5 0 10 10 5 23
2 0 11 0 4 2 1 4 3 3 12 10 5 4
3 6 2 2 3 1 2 1 10 10 2 5 7 2
5 4 10 2 7 19 8 2 7 4 24 1 5 2
0 15 8 3 14 0 5 4 10 6 2 21 7 5
5 7 7 5 9 5 3 9 2 6 1 11 4 0
6 13 15 8 8 4 2 6 1 1 8 0 9 5
1 7 2 3 3 7 5 3 1 7 10 5 3 1
2 3 5 4 0 2 7 2 1 4 2 8 0 10
4 1 0 1 3 4 1 1 3 1 3 1 2 6
7 11 5 5 2 3 18 0 9 6 9 3 6 6
2 0 5 5 4 4 6 5 11 4 7 6 1 0
4 3 2 8 3 6 6 9 4 7 2 3 2 4
1 1 6 9 5 9 1 17 5 21 19 2 1 10
12 0 8 0 3 8 9 2 8 2 1 1 1 9
4 7 2 6 9 3 12 13 9 5 3 1 9 2
4 10 3 5 4 0 9 4 4 6 11 2 7 10
14 8 1 8 2 13 6 9 12 16 12 10 9 13
10 0 1 12 10 3 0 10 11 1 4 7 15 15
1 4 6 4 1 2 4 4 4 8 2 3 2 0
12 2 5 10 0 1 27 1 8 2 13 5 16 4
4 6 1 10 1 14 1 12 11 1 17 18 5 9
10 9 12 14 9 10 11 0 7 14 11 12 4 9
0 0 20 16 13 2 3 2 1 16 9 0 5 1
7 1 5 5 8 6 1 0 2 2 5 0 9 1
8 6 9 11 1 12 2 11 3 10 24 2 10 12
9 0 4 8 0 5 0 3 2 7 10 7 3 5
20 1 9 9 6 1 2 8 7 9 7 6 1 18
3 7 7 4 4 1 3 4 2 16 6 1 8 3
1 6 6 1 14 9 7 17 4 2 4 10 2 4
10 2 2 20 10 15 5 8 11 9 0 7 4 1
9 5 6 8 12 3 9 7 8 4 2 3 11 3
10 8 8 10 7 3 3 8 8 9 9 7 14 1
2 8 17 14 6 3 0 7 6 6 17 2 2 6
12 0 3 13 7 6 18 2 7 2 3 8 4 12
11 9 5 1 2 1 12 1 1 1 6 16 5 18
3 9 9 13 7 1 28 8 8 2 2 4 4 16
8 5 19 3 6 12 1 8 17 11 12 8 13 4
6 7 6 9 10 3 7 4 2 10 7 2 1 14
1 1 3 2 3 2 4 4 2 3 1 3 2 4
4 6 11 0 10 1 12 4 1 12 8 5 0 4
2 6 5 7 28 6 8 20 1 8 3 2 8 8
2 11 4 2 11 23 3 2 11 7 3 9 13 5
0 8 0 4 6 8 1 0 1 1 11 5 15 1
1 4 5 1 3 4 2 5 5 4 3 1 7 1
9 0 1 0 9 0 11 9 5 9 0 3 8 0
4 1 5 2 5 3 5 2 1 2 2 3 4 0
1 6 7 6 3 2 4 9 9 8 9 10 2 4
1 41
1 76
2 12
5 41
5 74
5 90
5 91
7 12
7 35
7 87
7 90
8 41
9 49
13 29
13 31
13 107
15 37
15 63
15 66
15 72
17 51
18 75
19 26
22 33
25 40
25 70
26 38
26 85
28 80
28 104
30 81
31 33
33 37
33 56
34 98
34 114
36 109
41 56
43 118
44 78
45 94
45 131
46 56
48 90
49 92
49 100
49 101
50 104
51 103
51 108
52 106
54 91
54 130
56 82
56 121
56 138
57 116
57 143
58 143
59 70
59 86
59 138
60 143
60 155
66 147
67 80
67 162
69 93
69 108
69 134
72 117
78 113
80 150
80 176
81 144
81 176
83 110
83 123
83 168
84 166
87 151
87 158
90 184
91 97
93 98
94 132
95 151
95 193
96 102
96 160
97 104
97 173
98 126
100 110
101 129
102 161
103 135
103 199
104 112
104 140
104 194
107 178
107 186
108 126
110 118
110 161
111 163
112 194
112 206
113 160
113 200
115 183
116 119
116 162
116 200
117 142
117 146
119 165
121 143
121 145
122 134
124 148
125 180
126 152
126 174
129 166
130 188
130 203
131 204
131 229
133 202
133 204
134 158
136 167
136 189
137 157
138 189
139 233
141 201
144 167
144 177
144 189
145 175
145 212
147 151
147 157
147 186
148 153
149 173
150 211
151 176
151 225
152 240
153 196
153 212
155 199
156 202
156 222
157 201
160 178
160 205
160 224
161 188
161 259
162 233
165 212
167 220
168 229
168 240
172 185
173 192
174 220
175 265
176 196
176 242
178 184
178 225
178 254
178 273
180 248
184 259
185 278
186 234
186 246
186 264
187 247
187 263
187 276
188 200
188 225
190 209
190 238
190 289
192 275
193 280
194 234
195 251
197 228
199 239
199 266
199 289
201 273
201 275
201 277
203 216
204 207
204 280
206 208
206 267
206 269
207 264
207 276
207 307
208 215
208 307
210 256
211 222
212 257
212 312
213 222
214 276
214 295
215 287
216 263
216 270
216 286
217 259
217 291
220 249
220 283
221 239
221 290
222 255
222 297
223 316
224 290
225 236
225 238
225 299
227 309
227 317
231 235
231 299
232 240
233 267
233 269
233 274
233 310
236 313
237 322
239 251
241 282
242 265
242 326
243 318
244 280
244 307
245 247
247 285
247 339
249 265
249 319
249 332
251 312
251 321
252 348
253 258
256 258
256 342
258 322
258 347
258 350
260 311
260 357
261 339
261 349
263 328
263 348
264 269
266 287
266 365
267 278
267 280
268 296
269 297
271 312
273 321
274 288
274 297
274 321
275 297
275 338
275 358
276 337
277 295
278 369
279 311
280 343
280 345
282 291
282 309
282 359
283 342
284 348
285 351
285 381
287 308
287 311
290 331
290 389
291 377
292 345
292 372
292 390
293 388
295 319
298 340
298 353
298 372
299 337
301 335
301 386
302 395
304 348
304 392
305 387
305 388
305 393
307 366
309 391
311 333
313 348
313 364
314 327
314 346
314 401
315 327
315 341
315 382
317 333
318 368
319 334
319 395
320 409
321 366
323 370
325 354
326 380
326 392
329 367
331 353
331 365
333 344
333 354
335 382
336 350
336 400
336 409
336 429
338 358
340 344
340 406
341 425
341 432
341 436
341 439
343 374
343 414
344 358
345 398
346 373
352 442
353 403
353 439
354 398
356 435
357 382
357 427
360 397
360 408
361 452
362 447
362 449
364 376
364 380
364 389
365 410
365 411
365 414
366 390
367 391
367 455
368 376
369 428
370 406
372 389
372 392
372 405
372 439
374 435
375 469
376 388
376 435
376 461
377 391
378 389
379 400
379 470
380 419
380 432
380 458
381 401
381 443
382 482
383 456
383 466
384 463
385 408
385 458
391 420
392 419
393 471
394 418
394 428
394 491
395 407
395 449
397 482
398 458
399 400
400 430
401 479
405 445
407 451
407 456
408 502
410 456
411 482
411 495
412 447
413 468
413 484
415 513
416 425
417 468
417 471
418 458
418 476
419 422
419 445
419 480
419 482
419 499
420 435
420 469
421 423
423 464
425 467
427 490
428 459
428 460
432 440
434 490
435 461
436 490
436 498
437 441
439 443
441 488
443 465
443 478
443 515
443 520
444 511
446 501
447 540
450 490
450 536
451 454
452 466
454 505
454 513
455 464
455 506
456 517
458 475
458 554
459 462
459 494
459 532
459 549
459 552
460 485
460 492
460 539
461 532
463 506
464 524
464 529
465 514
465 548
466 472
466 558
470 570
471 498
472 511
475 484
475 499
476 529
478 566
479 576
480 502
481 508
481 514
481 572
482 497
482 575
483 557
484 515
484 536
484 566
485 566
487 509
487 569
488 493
488 584
492 571
493 509
493 516
493 551
493 553
494 538
495 508
495 523
495 592
496 514
496 519
497 578
498 527
498 546
498 564
501 536
501 579
502 543
502 554
502 569
503 537
504 567
506 530
507 575
508 568
509 543
509 578
513 538
513 550
514 604
515 559
516 572
517 608
519 570
520 582
520 615
522 606
523 534
524 535
524 592
526 572
526 575
526 582
526 622
526 626
527 616
527 623
529 539
529 571
529 575
530 532
533 591
534 589
534 610
536 547
537 565
537 570
537 631
538 541
538 560
538 601
539 598
543 567
543 571
545 610
546 560
546 562
549 616
550 584
551 579
551 609
551 628
552 559
553 591
554 615
555 589
555 603
555 626
555 631
556 591
560 593
560 654
561 651
561 653
562 591
562 643
563 623
564 586
564 628
564 655
567 591
567 633
568 574
568 609
569 644
569 651
570 607
570 650
573 640
574 594
578 644
579 593
580 590
580 646
581 599
582 608
582 640
582 672
583 653
586 663
586 671
587 637
588 594
588 595
588 663
589 593
592 600
592 647
594 639
595 626
595 659
596 652
596 656
597 660
597 678
598 689
600 689
600 690
602 625
603 693
604 627
604 641
605 624
605 654
606 634
606 679
608 611
610 635
610 640
610 692
611 676
614 650
615 705
617 648
619 688
622 649
622 700
623 655
623 702
624 699
624 711
625 668
627 683
627 710
627 720
629 722
629 727
630 642
630 676
632 689
633 724
634 666
634 726
635 659
635 667
636 677
637 707
637 723
638 661
640 661
640 706
641 710
642 654
642 655
642 729
643 733
644 685
646 729
647 661
649 650
649 709
650 733
652 671
652 694
653 672
653 686
654 713
654 753
655 737
658 720
658 738
658 755
660 662
661 719
662 704
663 763
665 671
666 693
666 716
666 729
667 673
668 716
670 735
670 743
671 691
672 686
672 765
674 696
674 729
675 709
675 722
676 688
676 691
676 747
679 746
680 766
684 745
684 775
685 711
685 768
687 738
689 726
691 760
692 700
693 706
694 736
695 743
696 742
698 701
698 747
702 728
702 783
703 727
703 778
704 741
704 774
705 718
706 754
707 777
708 719
709 732
711 731
711 770
715 777
716 764
716 808
717 774
719 811
721 744
721 759
721 769
728 774
728 791
728 816
729 822
730 791
731 801
731 808
732 735
733 791
736 802
738 757
738 771
740 797
740 803
740 812
741 751
741 823
742 760
742 770
742 774
742 836
743 796
744 781
745 818
749 821
749 832
750 819
750 847
751 764
751 820
751 840
753 832
754 760
754 825
754 830
755 788
755 824
755 837
757 843
758 793
758 858
760 774
760 807
761 796
761 857
762 812
763 767
764 859
766 828
768 818
768 839
768 845
768 867
770 821
772 773
773 852
773 866
774 791
776 782
776 849
779 860
780 794
780 816
780 869
782 806
782 829
782 856
784 795
784 850
784 877
785 813
786 858
787 801
787 804
788 853
789 828
789 839
792 809
793 796
793 837
794 887
795 837
795 870
795 885
796 821
797 882
797 885
797 892
800 812
800 837
800 842
800 859
802 813
802 879
803 812
803 850
808 876
812 884
812 908
813 846
814 847
815 903
816 835
816 875
818 833
818 853
819 872
820 860
821 872
822 863
823 855
824 862
825 893
827 916
828 853
828 901
829 878
829 913
829 929
830 840
834 859
835 875
835 903
835 919
836 838
836 844
836 912
837 890
837 893
837 919
838 892
838 928
841 850
841 883
843 873
845 854
848 894
848 903
851 911
852 910
853 915
853 951
854 860
854 863
854 892
855 888
857 859
857 870
857 954
858 945
858 947
860 890
861 933
861 955
862 874
862 941
862 961
863 931
864 870
868 906
868 922
869 876
869 938
870 946
871 880
876 939
876 971
878 961
879 905
879 920
879 925
879 970
883 892
884 925
884 970
886 914
889 972
892 893
895 897
895 903
896 946
897 906
897 975
899 934
899 937
900 905
900 988
901 986
901 999
902 924
902 984
903 922
907 983
910 920
910 996
911 974
912 955
914 984
915 935
915 963
921 926
921 934
921 966
921 981
922 944
923 939
924 964
926 1000
927 947
927 983
928 935
930 961
930 971
932 954
936 977
938 954
938 999
939 964
941 986
942 951
942 955
943 970
944 968
947 978
947 997
949 985
950 979
951 986
953 964
957 972
959 977
963 980
964 985
966 986
970 997
973 994
981 992
987 988
4 10 7 3 0 38 2 12 19 3 13 7 6 8
6 12 1 17 15 3 23 10 9 7 1 11 0 4
0 21 2 1 4 5 12 11 1 4 1 3 18 4
13 20 15 10 17 2 8 4 4 27 2 35 0 9
6 8 11 4 21 36 8 17 4 20 1 28 1 7
6 7 10 14 3 3 25 18 10 29 10 30 10 12
6 4 6 3 2 8 1 7 5 4 11 3 8 0
18 6 13 23 0 1 14 8 9 17 21 23 11 9
21 9 7 18 8 9 4 11 19 10 15 1 34 9
18 13 15 3 14 22 5 33 11 18 13 14 8 6
0 10 5 2 3 2 9 7 7 7 11 3 0 11
1 4 2 6 13 18 1 3 9 28 0 12 2 3
5 6 4 10 13 5 5 1 10 3 3 5 4 4
7 11 27 10 12 17 0 3 12 1 4 11 20 3
1 1 6 8 5 3 8 5 8 10 7 7 5 3
0 13 12 2 12 1 9 11 14 3 7 6 8 3
21 10 2 9 11 9 10 6 19 2 10 9 3 1
4 9 14 6 0 9 22 17 0 23 1 4 3 26
13 16 4 13 13 10 2 2 16 28 22 2 0 7
1 13 13 9 6 14 7 8 16 30 5 5 19 11
30 34 56 24 21 31 40 29 11 7 44 34 29 26 42 36 18 46 10 28
37 25 42 21 25 16 40 19 21 11 36 47 35 26 36 21 23 34 27 24
1 11 10 9 4 5 2 7 1 1 13 9 3 3 10 11 2 4 4 4
18 37 37 33 25 21 33 28 8 4 37 53 42 29 46 25 28 35 23 20
11 15 22 17 16 5 19 8 4 4 19 20 12 11 11 11 12 23 14 5
10 26 26 24 20 12 14 17 7 1 16 30 28 18 21 15 14 25 15 8
55 46 59 53 50 26 58 18 19 38 63 67 61 44 51 61 49 50 46 30
54 38 59 39 50 22 59 28 31 28 63 73 55 36 58 42 34 52 42 36
17 13 24 10 7 7 21 12 5 6 17 22 13 13 11 11 8 17 14 4
22 23 28 12 16 6 24 3 5 2 20 31 27 30 17 24 16 19 12 14
35 22 32 19 22 21 48 27 23 10 39 39 37 28 37 24 22 36 25 15
6 7 12 5 4 1 10 4 4 1 8 9 7 10 8 11 11 7 5 5
23 46 51 53 40 25 37 34 8 15 53 52 45 30 49 33 21 52 30 27
7 3 7 1 2 1 7 4 1 2 6 5 3 3 2 3 1 6 3 1
31 27 45 14 10 1 51 11 28 10 32 26 46 42 39 38 40 21 28 15
36 52 58 55 46 18 51 21 27 24 46 59 59 53 47 46 51 46 40 34
2 9 15 6 3 1 9 4 4 1 11 7 5 2 3 4 6 9 11 1
23 18 41 15 22 3 32 2 16 7 34 28 20 15 17 23 8 35 22 18
17 31 40 26 18 7 35 19 7 6 25 45 36 34 34 25 29 20 25 16
35 24 39 21 31 16 46 21 20 15 37 51 35 29 37 21 24 36 24 21
40 50 48 25 19 11 49 18 22 15 55 39 55 31 50 53 50 27 38 10
36 28 45 13 20 17 39 8 15 3 40 37 32 26 31 29 17 39 30 26
36 33 38 38 26 11 45 25 18 9 45 61 47 43 48 34 31 26 37 31
33 54 68 52 36 29 58 32 26 16 66 56 59 29 52 41 36 56 47 20
8 4 14 3 2 2 5 4 1 2 13 8 7 6 7 15 3 7 3 6
9 16 16 16 12 2 13 5 3 1 14 25 18 17 15 10 16 17 15 5
21 26 31 17 24 15 24 13 5 4 28 43 29 18 29 19 13 31 19 15
29 32 53 19 26 12 47 4 17 6 35 51 43 33 35 26 21 31 27 19
26 40 52 38 39 21 44 28 19 19 35 45 35 33 36 24 25 37 29 21
29 35 42 34 34 8 38 11 19 13 40 48 38 18 31 22 22 44 37 19
30 27 47 36 15 32 50 44 27 12 48 36 34 31 46 27 24 42 33 26
46 27 60 22 17 23 56 26 31 15 53 31 39 28 41 46 23 46 29 29
25 19 34 21 12 5 33 16 13 12 28 37 30 31 21 28 22 15 25 13
30 37 64 37 19 36 54 41 25 8 59 41 45 31 55 40 25 54 28 34
10 29 36 26 16 14 21 19 5 1 26 25 20 13 20 22 15 28 12 9
11 10 23 5 3 4 22 9 9 1 16 14 12 5 13 4 11 19 15 4
15 14 17 13 13 5 12 8 5 1 18 23 12 12 14 10 9 21 14 8
24 10 34 18 16 2 36 8 5 8 29 33 24 27 23 25 17 21 17 14
13 9 21 11 11 2 14 7 2 6 14 21 9 11 10 13 4 17 9 2
6 5 17 4 4 1 8 1 4 1 8 14 3 5 7 6 1 10 7 3
27 29 42 28 28 15 44 18 27 15 38 53 47 34 42 34 28 29 35 23
16 26 30 20 23 11 27 18 10 11 23 37 26 23 31 27 22 18 14 12
26 16 36 18 14 12 37 18 17 17 36 27 23 16 27 30 12 24 21 15
1 14 15 11 6 1 10 6 3 1 13 14 10 3 12 10 3 10 7 3
26 18 33 7 9 3 27 8 6 8 31 17 17 18 18 32 23 13 5 6
30 39 59 47 33 27 60 31 35 11 56 52 61 37 56 45 32 51 41 30
16 23 32 10 8 7 21 11 2 1 22 27 24 13 23 22 17 14 6 8
17 13 22 19 12 10 19 16 5 1 24 27 15 17 21 12 10 25 18 12
9 9 18 11 9 6 10 11 4 1 14 12 7 5 9 4 1 20 9 5
5 9 20 1 1 1 12 1 8 1 15 15 8 3 8 8 8 10 12 8
37 37 43 21 31 29 48 30 27 11 46 51 36 20 44 27 28 37 28 19
40 49 53 39 30 28 59 36 22 11 47 64 59 51 58 37 52 41 35 31
10 8 14 8 8 1 19 2 5 3 5 16 6 12 5 3 4 13 9 1
31 25 55 31 34 1 47 1 21 20 42 54 42 32 38 34 28 38 38 27
21 27 34 12 16 8 23 8 16 4 27 32 23 14 17 17 24 17 26 8
41 50 60 24 18 11 55 12 26 10 49 43 55 49 47 49 44 40 32 25
30 21 45 32 33 10 38 17 14 19 33 42 27 31 32 33 16 32 17 22
40 28 55 34 30 23 49 25 13 18 60 49 39 29 51 43 33 47 31 32
42 57 49 49 39 30 53 34 19 27 54 56 60 35 51 51 45 54 53 27
6 13 15 11 7 6 12 12 6 1 13 15 8 6 15 13 7 11 6 5
15 11 11 10 8 2 12 6 1 1 19 12 11 7 8 13 11 14 11 1
30 46 59 31 30 24 61 32 25 9 59 61 56 31 60 36 35 44 36 23
2 8 11 6 9 1 9 1 2 2 11 9 4 3 2 5 6 8 8 1
31 47 61 33 20 25 48 29 20 4 56 50 50 31 50 41 28 37 34 33
1 4 9 2 2 1 4 1 1 1 1 8 3 6 2 1 2 7 1 1
26 26 58 29 32 14 42 20 8 16 42 34 27 24 32 36 17 45 10 20
27 39 51 32 26 19 30 15 14 3 48 37 44 24 38 41 21 47 26 27
16 17 29 9 15 1 23 4 3 8 12 22 16 20 9 19 14 16 10 3
13 30 48 34 34 15 39 16 9 10 37 36 30 15 34 29 14 41 12 15
17 28 32 15 22 10 23 7 1 1 25 35 21 15 27 21 15 30 12 13
19 15 32 5 6 6 19 9 7 2 24 20 13 6 18 12 12 18 12 8
11 15 19 12 9 1 12 6 3 4 9 24 17 18 6 8 7 14 14 4
6 14 19 19 16 5 10 10 5 1 16 14 6 9 12 11 6 20 8 5
12 14 27 16 14 4 19 8 4 1 23 22 17 15 15 11 9 25 14 10
38 32 48 30 26 11 51 25 21 22 41 58 40 41 44 37 30 22 36 28
2 14 17 4 2 1 8 2 1 1 13 15 8 3 8 11 9 2 7 1
39 49 58 28 33 14 50 16 20 15 46 51 51 46 46 53 36 27 25 21
9 18 20 15 12 9 15 15 6 1 18 20 11 7 14 10 8 20 11 5
50 28 52 46 48 25 62 31 23 31 59 58 45 31 54 43 31 53 38 30
16 11 9 11 6 7 18 12 8 7 10 18 14 19 11 12 10 9 14 5
1 6 8 7 5 1 1 1 1 1 4 9 7 7 4 2 3 7 8 1
5 5 12 1 1 1 9 2 1 1 4 12 3 6 8 8 7 6 1 1
5 5 11 6 2 1 14 3 1 1 2 10 8 14 4 8 8 8 6 1
21 17 43 9 9 11 39 16 11 3 34 27 20 7 31 22 13 26 16 12
34 38 74 34 31 33 64 39 26 13 61 50 45 22 57 43 25 59 28 27
13 14 20 11 10 3 14 6 8 1 25 16 15 6 15 17 10 23 16 11
14 15 22 21 18 8 27 13 9 7 18 25 19 17 19 16 9 18 14 3
24 33 40 15 18 10 25 7 7 1 30 34 30 21 21 20 25 22 17 13
41 52 70 38 52 32 68 26 23 23 55 73 57 43 58 40 41 54 26 22
6 14 17 10 8 4 15 7 7 4 11 17 9 14 11 13 9 11 9 5
34 58 75 45 46 28 53 20 16 18 57 63 57 37 52 51 42 49 26 24
17 21 33 19 20 3 22 6 11 7 23 34 20 18 17 14 9 27 21 14
45 40 70 25 34 17 54 10 19 16 62 48 42 30 48 51 23 63 30 41
52 31 56 27 31 15 54 15 25 18 54 48 50 50 40 49 25 33 31 31
8 11 16 13 10 4 7 9 1 3 10 13 12 8 7 11 1 15 4 3
51 45 57 22 29 25 63 24 41 19 67 61 59 32 57 47 36 45 46 30
18 16 26 12 12 1 28 5 10 8 17 23 24 26 8 21 14 14 19 5
42 46 59 46 36 22 65 35 22 18 61 49 52 40 49 39 44 50 39 21
8 10 26 12 13 5 17 6 5 3 17 16 8 9 13 10 5 21 6 7
1 1 4 1 1 1 5 1 1 1 1 4 2 5 1 1 1 6 4 1
25 23 33 20 14 3 37 8 25 14 29 39 38 37 30 30 24 26 37 24
7 13 15 6 5 1 10 4 4 4 12 12 9 6 8 6 10 7 12 1
45 41 65 16 18 20 54 23 26 5 46 38 40 34 42 38 41 33 20 18
50 48 69 23 19 34 64 31 33 7 69 33 56 39 58 62 42 47 32 32
8 10 18 8 9 1 8 4 3 4 15 14 5 4 7 11 5 14 6 7
10 20 34 16 21 2 34 7 4 7 23 33 22 10 21 12 14 26 20 1
54 29 50 41 51 27 63 35 28 31 67 63 50 35 61 47 29 50 35 32
45 48 67 43 44 40 52 31 17 11 59 51 49 42 54 50 28 65 29 42
25 29 38 39 33 7 35 14 10 10 33 43 34 34 26 24 27 37 28 20
21 24 37 11 17 10 24 8 10 4 32 29 24 17 19 26 12 27 19 18
49 46 58 23 42 22 65 16 13 11 56 53 48 36 51 47 36 48 21 14
33 43 56 19 27 16 40 14 12 9 40 43 40 31 36 40 29 31 21 21
14 14 24 8 8 10 13 13 8 1 21 16 8 4 12 9 7 18 11 11
52 51 65 36 19 23 67 37 37 13 73 40 64 37 61 52 52 43 46 25
22 20 25 10 8 3 23 8 4 5 23 21 20 17 5 17 16 13 16 1
54 45 69 37 36 27 58 19 9 14 71 54 55 39 57 51 40 48 32 30
42 60 79 46 37 26 70 32 29 20 67 52 61 38 53 53 44 62 43 23
19 34 40 32 32 11 24 13 6 12 35 37 25 17 27 28 19 37 18 13
25 29 41 21 31 14 39 20 8 17 25 41 25 26 33 28 22 26 13 16
7 6 8 6 5 1 4 4 2 1 12 11 5 7 6 9 5 8 7 6
45 57 62 44 32 30 60 34 15 17 66 57 62 40 62 60 49 41 44 26
28 33 44 29 22 24 41 29 15 11 45 33 30 20 34 18 20 37 26 10
16 25 28 20 19 17 29 23 9 7 23 32 24 18 28 17 15 26 14 10
8 6 13 1 1 1 11 2 1 1 9 7 6 7 2 9 11 3 3 1
46 42 57 34 32 27 56 31 21 19 50 62 51 52 56 47 32 37 35 39
24 45 59 40 20 25 59 30 36 8 48 49 57 30 53 35 38 40 48 23
20 22 46 22 25 8 37 14 10 9 36 37 22 13 25 18 15 37 23 13
52 41 58 9 13 20 57 22 26 13 52 35 45 38 44 45 38 20 21 17
19 23 35 7 13 8 21 2 7 1 23 31 24 15 18 12 13 22 16 10
38 18 56 6 16 9 53 13 17 8 39 32 35 26 37 38 23 38 16 20
30 23 28 22 23 27 39 31 19 11 40 36 29 14 41 16 23 45 22 17
29 52 60 43 28 23 56 35 25 4 56 58 65 32 62 43 46 48 41 24
39 29 57 33 27 17 54 17 18 17 46 45 46 42 42 43 28 42 26 29
33 36 48 31 37 18 51 20 20 19 49 57 41 19 41 22 23 39 40 12
22 20 43 23 21 2 41 10 11 10 35 33 30 24 22 25 28 29 27 12
19 29 37 15 18 6 24 9 2 5 22 34 29 25 17 25 24 24 15 11
4 2 7 1 1 1 7 1 6 1 8 6 1 3 1 4 1 5 9 3
9 10 18 11 7 9 10 14 1 1 14 7 5 5 11 11 4 17 4 4
31 37 51 24 30 27 53 32 28 15 49 38 44 25 48 48 32 46 24 22
44 44 60 21 17 21 61 33 36 24 52 47 51 40 56 51 44 41 44 34
17 33 42 35 33 8 36 9 8 6 33 50 40 34 39 26 26 40 29 22
29 35 51 34 19 31 43 36 21 8 48 28 30 21 37 35 29 48 25 20
17 27 33 12 16 4 21 9 3 9 28 30 20 10 24 26 21 17 16 6
15 17 25 18 14 1 21 6 10 6 24 26 23 22 11 16 19 16 26 8
9 5 19 12 16 1 16 1 1 6 13 14 5 5 6 8 4 19 6 1
8 17 22 9 10 1 9 2 4 2 10 20 11 11 6 9 6 11 9 4
36 44 49 33 24 8 47 16 29 5 46 49 54 33 34 29 47 31 51 22
23 11 31 10 10 8 28 13 15 8 28 22 10 11 15 14 6 22 18 14
19 22 31 9 9 5 29 6 17 6 25 33 25 19 20 15 23 18 30 9
11 14 22 7 3 9 19 15 7 1 22 19 9 6 18 10 7 14 13 7
55 33 60 34 40 20 65 21 35 24 67 69 64 37 61 50 44 39 52 33
16 15 22 14 11 12 19 17 10 1 27 14 9 8 17 13 12 24 13 10
1 7 8 4 2 1 3 1 2 1 6 8 4 2 2 3 4 3 8 1
2 10 12 7 7 1 8 2 1 2 11 10 5 5 4 10 7 7 6 1
23 18 21 10 11 2 34 3 22 9 30 36 32 17 30 18 19 27 36 16
8 3 5 3 2 3 9 7 1 1 8 3 3 6 1 4 4 7 5 1
23 43 50 43 19 23 48 34 18 5 48 35 46 26 44 34 42 39 35 14
14 14 28 11 9 3 17 5 1 1 10 26 18 22 16 16 11 22 5 10
31 29 37 21 24 10 35 13 14 11 33 47 37 25 30 25 23 27 30 13
19 12 15 8 5 8 28 14 7 5 15 20 19 22 18 20 16 8 11 5
6 1 2 1 1 1 9 2 1 1 2 6 1 4 1 1 1 6 3 1
50 51 54 58 57 27 74 43 36 32 57 82 68 56 69 43 54 53 55 36
17 18 29 11 13 6 27 12 7 8 23 23 16 15 14 18 15 20 18 4
48 44 66 44 36 36 61 40 26 27 64 67 52 49 64 53 38 58 37 45
40 48 49 22 24 21 48 17 12 2 50 49 49 30 46 40 33 31 21 13
36 50 55 47 36 27 51 34 22 11 56 63 53 35 58 38 42 45 33 34
4 9 11 8 7 1 6 6 4 1 7 7 3 4 3 4 5 12 6 1
27 33 35 26 17 23 35 27 13 8 39 28 23 13 32 23 27 34 23 10
19 23 28 19 18 3 34 8 16 17 22 45 30 28 29 21 24 8 33 11
18 28 45 22 14 14 37 17 16 12 40 23 30 16 28 40 29 25 21 12
53 35 65 27 37 26 54 17 17 17 53 50 41 43 43 48 20 51 22 40
11 23 21 33 17 4 21 17 3 1 28 25 22 14 23 12 17 24 21 5
16 20 21 13 17 7 19 6 6 4 27 30 20 9 23 16 9 23 18 12
12 7 11 4 1 7 16 11 6 1 10 11 6 9 11 5 8 12 7 4
35 48 62 47 47 27 52 21 22 29 41 66 53 51 55 48 32 41 27 36
31 27 49 20 8 27 42 30 25 6 49 33 34 21 44 32 25 37 32 26
42 17 44 28 35 8 43 9 21 31 44 55 39 38 36 38 29 21 37 32
21 48 54 40 25 19 51 27 20 10 36 41 50 36 41 40 37 32 30 11
22 18 32 15 19 7 29 12 13 9 32 24 16 9 18 19 13 31 20 12
29 36 50 20 15 17 44 13 19 6 37 37 47 35 34 44 24 28 26 20
31 32 41 27 40 19 41 19 17 14 36 55 39 31 37 27 18 43 21 26
39 31 50 26 28 8 48 14 21 15 47 39 33 21 31 31 27 42 35 14
37 13 27 18 26 6 42 12 18 22 30 39 33 33 26 29 25 17 23 14
10 12 18 13 13 1 14 2 10 2 10 19 13 13 3 4 1 22 16 8
22 44 49 31 19 21 41 26 20 10 41 37 45 21 38 38 41 24 35 9
60 26 61 17 21 20 71 33 42 28 57 44 47 45 49 49 42 31 29 30
28 19 46 11 11 19 41 23 21 2 42 25 21 9 32 18 15 28 24 13
29 30 43 35 41 15 45 19 5 23 40 46 29 21 33 22 17 48 19 12
6 7 19 8 9 1 13 2 4 3 7 13 3 7 3 6 4 13 5 2
54 44 62 30 45 33 73 32 46 23 55 66 63 46 59 46 49 55 44 42
38 21 52 29 25 12 51 18 17 17 42 38 36 34 31 34 24 39 28 21
39 39 42 22 29 16 38 11 7 12 47 50 42 24 39 38 29 32 29 15
33 21 36 20 24 14 37 15 10 13 45 37 29 18 34 29 22 36 27 20
1 6 8 3 1 1 3 3 1 1 5 11 2 5 2 5 3 4 5 1
29 24 43 35 18 13 49 29 23 13 44 46 39 34 44 31 21 23 33 26
43 39 51 34 35 17 50 20 15 21 50 48 41 30 38 40 35 46 32 20
36 44 50 45 32 8 50 18 13 19 48 56 57 49 46 52 42 29 34 22
7 8 10 8 5 1 11 5 8 1 14 11 7 7 5 7 1 11 16 2
32 25 36 21 18 6 50 15 26 18 31 45 43 36 35 27 32 16 43 18
20 37 32 28 18 11 39 26 16 9 31 51 40 29 42 23 36 12 36 12
6 16 13 13 8 5 4 10 1 1 12 10 8 5 3 7 5 14 4 1
48 45 41 31 42 22 56 21 27 17 51 65 63 54 53 42 42 41 34 30
50 45 65 30 33 13 58 14 19 15 61 63 57 42 52 50 53 35 40 27
20 10 27 17 23 2 28 7 5 13 17 25 13 15 13 11 3 27 10 7
30 11 33 31 24 4 37 20 21 15 35 45 33 36 34 23 20 23 34 29
15 30 36 18 20 4 25 6 9 11 18 41 28 28 24 25 20 17 20 14
8 11 17 8 8 1 5 5 1 3 11 12 9 9 6 12 7 10 6 5
35 48 60 34 21 10 59 23 28 11 50 53 54 51 46 36 46 25 38 17
13 28 26 28 19 5 26 16 11 8 27 38 30 27 26 22 22 19 30 14
40 35 59 38 41 27 47 25 16 32 42 45 40 40 45 47 33 46 24 31
33 21 44 13 13 1 40 4 29 15 32 39 36 32 29 31 27 32 34 28
42 55 62 33 32 9 58 14 34 13 47 59 64 49 50 43 52 26 48 19
15 4 7 5 3 3 16 8 8 5 7 14 10 15 3 5 5 10 13 3
52 54 65 52 34 27 66 28 35 15 68 62 70 62 64 58 47 44 40 44
13 20 24 10 13 1 19 4 3 9 19 29 17 14 16 18 19 9 19 4
7 11 13 4 1 1 5 4 1 1 12 8 9 4 5 8 11 7 7 1
7 3 8 5 4 1 10 5 1 2 9 8 4 6 1 7 2 7 7 1
34 16 49 1 11 10 38 10 15 6 39 25 23 10 26 30 20 32 16 19
43 42 71 33 29 25 56 32 22 8 62 59 46 34 57 40 30 47 31 35
34 35 56 35 32 17 48 26 25 21 40 50 41 37 43 36 27 34 33 28
34 34 57 30 40 12 49 9 19 23 36 51 38 39 34 40 24 42 23 28
17 11 17 14 13 1 22 6 9 6 13 32 21 24 20 17 8 15 14 14
9 8 14 5 3 1 14 6 3 1 13 10 6 10 11 16 10 4 5 3
39 39 56 20 29 14 42 1 11 4 36 48 46 38 33 33 21 31 26 23
20 16 18 13 17 17 26 23 14 5 21 27 17 15 22 9 7 24 12 10
11 12 24 6 7 1 15 4 5 2 17 16 8 8 8 15 12 15 8 6
8 3 11 7 3 3 10 8 1 1 10 7 1 5 4 7 1 11 5 2
1 8 14 5 5 1 1 1 1 1 3 8 2 3 2 2 2 11 1 1
7 17 22 14 10 7 11 9 3 1 16 21 14 12 16 20 7 14 4 11
43 37 58 40 38 15 60 21 20 27 59 53 52 34 53 52 35 49 41 22
44 62 58 56 36 26 51 34 12 13 62 57 65 42 60 56 54 48 36 27
42 51 68 43 33 13 58 25 25 6 62 58 61 47 48 42 41 53 44 33
44 23 41 22 26 12 45 11 22 16 41 41 43 46 38 45 25 16 28 31
27 45 64 32 37 24 50 26 19 18 51 49 42 28 44 34 27 52 31 26
1 6 11 1 2 1 1 1 1 1 7 9 1 1 5 4 1 7 1 3
43 49 76 37 42 27 62 24 16 14 68 58 58 39 53 46 27 61 36 31
19 15 28 3 3 7 25 9 10 1 26 18 13 8 15 7 19 18 15 7
55 37 64 27 30 27 59 23 22 18 59 46 45 37 44 50 28 37 28 30
3 2 13 6 1 1 14 1 5 1 13 12 14 14 10 13 10 4 13 6
43 41 45 50 46 14 55 22 11 31 47 64 52 43 43 43 43 47 43 21
7 4 9 5 3 2 6 5 3 3 10 3 7 8 6 12 5 2 6 2
8 5 8 2 1 1 16 3 9 2 8 17 8 8 7 2 1 4 15 3
28 36 49 21 26 15 33 10 8 3 35 37 33 29 30 35 19 34 15 22
25 24 35 10 14 1 30 1 9 7 36 28 27 18 24 28 29 16 19 4
13 36 47 33 23 20 33 23 12 8 33 40 37 21 37 26 15 32 18 12
19 21 25 22 14 16 29 22 14 9 30 27 23 15 27 25 13 19 19 7
15 15 25 9 9 10 13 8 1 1 19 15 17 13 17 21 6 18 4 10
26 20 33 39 27 13 42 26 19 19 35 39 34 28 35 25 18 22 30 16
12 7 21 3 4 1 18 3 6 2 13 4 10 12 2 14 12 12 7 2
19 22 30 19 15 14 20 13 1 1 23 26 20 20 20 22 10 25 6 17
29 29 30 19 18 10 35 16 13 12 24 41 32 29 29 17 30 21 31 10
8 4 9 2 7 1 5 1 1 4 12 7 1 1 2 9 3 6 2 1
23 22 34 14 13 12 27 11 10 7 25 35 28 23 27 24 14 19 19 15
25 16 34 26 23 6 40 16 12 13 37 43 26 23 31 21 16 29 28 17
18 14 35 13 16 3 34 8 7 3 23 16 17 15 14 17 14 28 14 4
11 15 26 7 10 1 12 1 5 1 9 27 16 13 10 9 5 18 10 10
4 6 14 2 2 1 11 3 1 2 8 16 7 5 10 7 5 5 6 3
48 43 62 35 35 30 58 28 34 14 59 60 55 35 50 37 31 49 48 41
35 49 54 33 51 32 51 25 17 16 42 63 52 43 54 45 26 52 26 36
21 38 45 45 16 20 44 30 23 5 39 36 47 38 34 34 32 33 36 20
47 45 59 21 30 21 57 15 29 17 56 54 52 30 51 50 39 31 43 27
12 14 24 18 15 1 14 1 5 2 22 22 19 14 14 14 14 21 20 6
33 26 33 14 21 11 37 9 8 11 39 44 28 22 32 28 17 25 24 15
41 48 80 34 36 35 65 32 25 18 61 54 48 43 62 52 29 66 26 42
22 23 38 17 9 15 31 20 10 6 31 21 22 14 19 27 20 22 18 2
26 14 38 10 12 8 34 13 10 10 36 22 21 17 23 34 18 26 18 13
57 55 66 29 28 26 68 23 34 11 69 68 68 50 61 54 44 44 59 44
19 16 29 6 10 9 29 12 9 2 18 26 14 9 18 4 10 20 12 4
1 12 17 12 10 3 7 5 1 1 10 12 3 4 8 8 4 12 5 3
15 32 43 33 13 17 36 20 27 4 37 21 39 23 33 34 28 39 34 19
3 6 11 3 1 1 9 5 3 1 11 5 1 1 3 3 1 11 6 1
11 19 23 18 15 6 21 11 7 5 19 19 10 14 11 15 15 22 14 1
33 45 47 32 25 21 36 20 12 4 46 37 48 36 42 44 31 36 19 18
28 31 35 18 19 12 36 13 17 5 35 41 30 15 29 13 24 34 32 12
2 11 8 6 3 2 4 5 2 1 9 8 6 3 3 5 7 3 8 1
6 5 8 2 1 3 5 7 1 1 9 6 2 1 4 3 1 8 5 2
13 15 24 9 3 7 16 12 4 1 21 8 12 10 8 20 13 11 7 2
20 14 18 9 6 1 25 5 3 6 14 20 19 24 7 19 14 6 12 1
46 45 62 29 11 23 62 36 42 16 68 56 52 35 62 43 50 46 55 42
38 25 39 30 27 11 53 23 20 19 38 54 46 43 45 36 34 22 38 23
21 34 41 35 31 11 26 6 12 8 37 44 41 22 33 27 25 45 30 27
24 25 23 20 15 16 32 21 3 8 35 28 23 11 33 28 24 26 18 5
51 31 49 36 37 13 70 33 44 30 64 68 63 47 60 47 51 30 56 35
46 47 52 38 41 18 57 25 32 21 44 65 63 57 55 46 44 33 40 26
24 27 46 19 19 17 41 20 13 3 38 34 22 16 36 24 14 37 18 16
37 42 69 33 40 16 55 13 11 15 49 52 53 46 52 56 33 43 17 26
23 32 43 12 21 7 36 3 15 7 24 50 37 28 35 24 18 23 24 19
22 19 30 14 23 7 20 1 1 2 29 26 18 14 20 22 8 28 12 12
62 57 72 38 40 42 70 37 38 20 74 69 69 42 68 55 45 53 46 39
2 5 8 5 4 1 3 3 1 1 7 3 1 1 1 4 1 8 2 1
34 43 44 34 32 21 48 23 17 12 47 44 45 15 39 32 36 39 40 8
41 48 72 41 25 30 55 33 28 3 65 49 55 37 55 49 27 55 41 46
10 15 20 16 10 12 15 18 4 1 13 18 17 12 19 11 4 21 7 8
9 13 24 8 5 2 14 2 11 1 20 24 20 8 19 12 10 14 20 12
34 61 82 56 37 27 66 42 26 19 64 58 67 53 65 59 44 48 39 31
6 24 23 22 9 14 14 19 8 1 20 13 18 9 20 20 12 18 9 6
16 25 32 18 24 8 14 5 1 1 27 27 18 11 18 18 7 31 9 13
40 28 36 35 32 15 47 22 12 20 52 48 37 24 38 34 28 42 41 17
3 1 9 1 2 1 10 5 3 1 7 10 7 3 10 5 1 5 4 1
10 16 18 15 9 3 10 6 1 3 23 25 14 11 16 15 11 10 18 5
17 21 27 23 19 5 30 12 7 8 23 35 22 18 19 11 18 25 25 4
39 26 39 18 22 13 44 12 18 14 44 47 32 21 37 25 25 32 33 19
26 40 60 26 20 8 44 14 18 5 49 28 39 24 33 42 31 37 19 12
43 34 58 29 36 20 49 19 17 33 42 52 42 40 39 45 42 32 30 28
37 24 55 24 28 9 48 10 17 16 45 43 35 27 34 38 20 36 23 23
34 11 38 11 17 14 38 17 19 14 27 25 16 22 20 17 11 34 16 17
13 17 20 12 12 2 13 6 10 5 26 16 17 6 13 16 14 17 22 7
26 16 46 19 13 16 34 21 15 6 38 18 22 13 23 28 14 32 18 16
20 19 44 13 16 5 24 7 8 4 23 19 23 18 10 22 13 30 11 13
58 52 58 36 45 25 73 37 31 29 65 85 65 43 68 47 56 44 51 30
58 49 60 44 45 35 64 39 22 37 66 71 55 43 63 55 51 62 45 37
33 25 43 25 31 8 38 11 3 13 40 40 34 22 32 36 25 38 16 14
14 13 24 14 6 10 20 15 14 5 20 18 20 16 17 20 8 17 17 9
13 8 16 4 7 4 16 3 4 4 16 18 7 10 14 15 4 10 8 9
13 11 16 9 7 5 14 8 5 4 14 19 9 12 9 8 7 10 15 4
11 11 18 10 5 7 9 11 5 1 16 20 13 12 16 14 9 14 11 8
32 37 55 40 35 8 59 12 29 20 41 63 55 48 51 36 37 43 44 36
28 40 43 32 21 16 46 18 20 15 52 44 48 24 43 38 42 27 46 13
13 10 19 8 8 7 14 9 9 1 24 13 11 3 12 11 5 21 15 12
16 16 20 15 17 1 24 4 11 12 14 26 16 22 14 15 16 16 20 7
13 11 22 8 6 7 20 12 9 3 24 14 10 7 15 16 10 20 13 12
42 31 47 25 30 16 47 18 15 18 54 47 36 10 42 33 27 51 39 20
11 14 24 14 14 4 14 7 8 3 14 17 11 12 6 8 1 23 13 8
10 3 15 2 7 1 11 1 2 5 14 9 5 6 5 13 5 6 6 2
44 45 59 35 34 27 52 33 25 28 40 54 49 48 44 46 38 24 34 28
12 17 15 10 5 5 18 11 3 1 18 18 13 13 14 16 18 7 11 3
30 29 49 20 27 18 41 22 15 16 39 39 30 24 36 36 16 33 21 23
38 39 57 43 40 28 57 34 14 19 61 53 45 35 51 38 30 54 33 29
30 14 35 14 13 10 37 14 15 6 39 33 23 17 27 19 16 33 28 19
25 18 15 15 12 11 27 16 3 5 25 22 18 13 21 15 20 21 18 5
45 28 51 25 19 12 59 24 30 17 55 46 40 36 45 37 39 45 43 35
16 12 16 16 12 2 18 7 14 6 23 22 16 15 13 16 8 15 22 10
49 55 54 47 33 43 71 50 34 24 62 60 60 35 69 57 53 49 49 28
1 1 13 2 1 1 1 1 1 1 5 11 4 2 8 5 1 7 1 2
11 20 24 9 13 7 15 4 5 1 18 26 13 15 16 18 15 17 11 12
4 4 7 4 3 1 8 5 1 1 6 9 4 4 6 3 2 9 6 1
27 20 32 16 23 14 28 8 8 7 28 31 20 22 17 21 8 32 16 18
7 20 26 21 10 12 20 17 5 1 27 17 15 4 26 23 12 22 9 6
27 29 21 29 28 11 33 17 1 20 30 37 34 18 30 30 33 27 30 2
41 36 60 41 43 22 62 26 18 23 57 70 50 38 54 35 35 48 37 30
52 41 64 38 42 29 73 31 27 27 66 58 56 30 65 58 34 56 43 30
45 53 61 30 36 30 47 14 12 7 51 55 49 42 41 44 30 44 27 32
15 15 29 17 20 7 20 6 1 8 26 27 17 13 18 23 11 23 14 12
40 42 66 50 42 22 60 33 18 24 64 59 46 37 55 40 43 53 40 30
41 43 62 40 29 26 62 40 25 9 59 52 55 38 61 45 41 42 37 31
17 14 24 9 11 5 18 7 1 5 22 19 17 17 14 24 16 15 10 10
45 35 65 29 30 20 56 19 22 16 55 58 51 40 46 42 34 47 35 37
5 16 16 14 11 4 8 8 7 1 14 13 9 8 5 9 8 15 10 6
16 29 38 22 19 5 25 8 7 2 28 44 30 25 29 19 19 25 24 19
33 25 46 20 25 9 33 11 5 10 41 32 25 21 25 34 21 33 14 12
47 45 53 23 25 13 49 17 35 15 52 44 46 34 36 39 42 26 37 18
10 24 25 25 19 1 17 5 3 2 20 41 26 20 23 11 18 24 25 10
1 6 11 2 2 1 3 1 2 1 7 9 1 3 1 4 2 7 3 2
28 20 41 14 23 13 35 13 9 12 34 34 18 17 20 26 9 32 15 15
15 6 16 4 4 1 19 3 9 6 12 11 11 16 5 12 9 7 14 3
28 26 32 22 24 10 38 15 15 14 29 26 32 19 26 28 31 35 31 9
4 7 10 5 5 1 11 2 5 1 9 11 2 9 4 5 7 8 10 2
5 4 14 4 3 1 11 2 8 1 10 12 7 7 4 6 1 10 13 3
29 23 26 10 26 14 35 12 3 5 32 39 26 19 31 26 18 30 10 11
3 12 20 4 2 1 10 3 8 1 17 15 10 1 13 9 5 8 12 5
3 1 10 5 3 1 5 4 1 1 7 5 2 1 1 1 1 11 6 1
8 14 17 7 6 1 15 3 1 1 9 18 10 13 7 8 16 11 11 1
13 19 32 16 13 7 23 12 13 1 22 18 19 13 20 20 11 30 15 15
44 38 48 18 33 17 51 19 24 18 46 54 44 30 38 36 39 29 25 17
32 29 43 23 21 10 42 15 14 14 35 36 34 33 32 36 29 22 24 15
6 10 13 2 1 1 15 4 6 1 8 12 6 10 4 5 11 8 12 1
17 40 44 31 25 14 33 15 8 9 28 39 35 28 29 29 26 30 21 10
32 32 44 12 7 5 35 11 23 8 38 26 37 30 29 35 25 10 17 9
50 58 73 41 44 27 68 25 20 17 63 62 67 63 63 64 44 47 27 32
17 26 37 24 22 7 26 13 10 13 17 30 24 28 22 29 15 21 14 11
4 9 1 7 6 1 1 1 1 1 8 6 5 2 4 2 8 7 7 1
20 25 43 23 2 14 37 19 23 1 41 19 38 24 36 39 25 23 28 14
12 20 17 19 9 12 18 17 7 4 21 21 16 12 16 16 10 16 16 4
35 48 70 29 32 26 62 28 26 17 55 58 52 32 58 40 31 52 39 29
10 15 22 14 10 4 12 8 3 1 12 28 16 17 17 8 7 20 13 9
51 38 55 22 21 17 55 21 25 11 58 53 48 37 41 34 40 34 38 23
7 10 15 8 4 7 9 12 1 1 12 9 5 5 7 6 2 15 1 5
42 39 56 43 32 33 54 31 31 14 57 52 54 39 56 45 30 52 37 39
13 25 34 21 18 12 31 19 1 5 32 29 18 11 27 16 15 25 11 1
40 31 49 22 28 18 51 16 14 12 53 42 44 31 45 48 29 35 20 17
4 13 12 4 3 1 16 1 1 1 9 24 10 9 13 5 12 5 12 1
44 45 54 34 41 28 53 34 34 38 46 53 37 41 38 45 42 25 43 29
38 37 54 35 40 36 58 33 33 29 58 49 53 32 57 55 37 55 32 35
17 25 43 20 27 7 26 6 5 14 20 35 22 25 24 30 18 30 8 17
53 59 72 36 43 35 69 26 34 17 62 62 71 59 67 63 49 58 26 39
22 26 27 27 19 6 25 10 21 11 31 36 34 20 22 18 19 24 39 13
7 7 11 8 4 4 15 7 3 3 11 13 13 13 13 15 11 3 8 3
3 7 10 8 6 1 5 3 1 1 7 14 6 6 5 4 2 11 9 2
27 33 53 28 29 13 39 8 11 13 44 50 37 27 38 28 31 38 23 24
17 19 21 8 5 5 25 6 12 5 16 27 21 19 19 13 20 6 21 4
43 35 67 34 44 22 64 19 21 31 59 53 45 39 51 54 30 55 36 34
32 35 51 37 28 18 42 21 8 15 45 34 40 27 33 41 37 40 23 9
22 13 19 20 16 6 25 12 12 11 25 35 22 19 23 17 9 18 24 12
27 29 32 26 21 15 36 21 11 7 37 22 30 18 30 25 26 30 20 4
35 56 67 38 37 24 55 30 23 15 45 55 52 35 50 43 41 35 32 19
18 26 29 15 22 6 21 6 1 12 31 32 17 9 23 29 19 22 13 10
39 29 52 35 28 21 57 30 37 16 54 50 52 36 54 42 27 43 41 33
11 7 16 8 8 2 8 7 1 3 18 14 4 6 5 14 1 13 7 2
30 45 54 46 26 43 59 45 33 13 58 57 56 37 61 43 33 56 39 33
23 23 39 16 24 22 45 24 11 5 36 43 36 27 42 23 21 38 13 18
15 20 37 16 20 4 31 8 2 9 25 27 18 19 11 18 15 22 13 1
38 29 48 23 37 14 55 20 22 21 38 57 42 37 47 36 29 28 28 24
36 36 53 16 20 11 57 15 28 7 40 48 48 33 40 30 37 36 38 12
11 9 19 10 8 4 20 9 8 3 14 16 6 12 8 10 7 17 12 4
21 27 26 16 14 4 22 5 6 4 27 34 29 15 23 19 29 21 25 6
10 4 10 3 1 5 8 8 1 1 8 5 7 9 4 6 5 11 5 3
6 10 10 6 6 1 6 5 6 1 9 9 4 7 7 6 8 7 8 4
19 27 40 16 22 8 32 6 9 1 33 35 25 14 25 16 16 34 20 13
48 35 45 31 31 20 46 23 7 22 57 31 37 23 39 48 38 40 20 10
31 27 43 25 19 12 50 17 21 12 44 50 45 34 46 34 28 27 41 25
27 27 47 26 26 22 31 18 9 7 35 33 21 23 31 27 13 42 9 27
35 23 42 12 14 18 43 14 21 3 40 43 32 25 36 16 21 31 32 23
44 15 33 19 27 16 47 22 20 19 45 45 31 21 40 29 24 32 29 22
48 34 56 37 26 3 62 25 34 23 48 55 57 60 51 52 45 18 41 28
23 20 31 11 7 8 32 12 14 10 23 25 26 29 26 31 21 11 17 9
12 19 17 19 14 8 14 13 4 4 20 18 10 8 15 12 10 20 13 1
22 36 46 29 30 18 33 19 13 14 45 33 29 14 29 26 24 28 23 5
19 31 41 25 26 15 36 16 8 7 27 48 36 30 38 28 21 27 20 13
20 18 36 9 7 10 32 16 15 6 32 24 20 9 26 25 15 21 19 12
12 13 21 10 8 9 15 14 5 1 18 15 7 9 13 12 12 18 9 8
20 17 31 8 10 10 30 13 6 4 20 32 18 16 24 14 14 23 15 11
10 19 24 13 11 1 13 5 1 1 16 23 16 13 10 12 16 18 12 4
13 17 30 11 10 8 18 13 1 4 24 20 9 9 14 19 8 20 4 6
22 25 28 19 17 5 24 12 4 6 25 31 28 23 25 26 24 20 19 7
4 6 10 1 1 1 5 5 1 1 7 8 4 1 1 3 4 4 4 1
24 13 26 11 14 12 19 14 4 3 34 18 7 5 21 18 7 29 9 12
33 25 45 15 17 14 37 15 6 10 41 29 23 23 25 40 22 26 10 13
34 34 53 27 34 23 58 24 20 16 46 61 46 32 50 28 26 36 34 21
47 56 65 52 41 24 66 36 22 21 71 46 65 44 56 52 42 57 40 19
35 25 44 30 20 24 47 26 25 16 51 37 36 29 39 39 22 30 34 25
20 12 37 12 20 1 32 1 4 16 21 21 20 19 15 27 23 21 14 8
19 25 35 17 15 3 33 8 16 5 28 36 26 22 27 21 18 29 27 17
35 26 56 35 30 32 68 43 24 21 61 50 48 34 57 41 23 51 30 25
9 4 4 1 1 1 9 3 2 1 3 9 2 6 1 1 1 6 6 1
7 10 14 12 10 1 9 8 1 1 10 11 6 9 1 6 7 15 10 1
32 25 29 28 27 9 37 16 18 19 25 42 36 38 27 22 27 19 33 17
9 16 21 10 5 7 18 12 8 5 16 14 11 11 11 16 11 13 12 4
5 1 16 2 1 1 9 1 1 1 6 6 5 8 6 11 8 7 1 3
13 22 16 20 18 5 12 9 3 6 23 22 12 6 14 14 10 21 15 4
12 9 28 7 10 3 14 1 11 5 21 14 14 8 11 18 5 19 11 14
37 32 30 4 16 18 44 21 27 7 35 38 37 25 35 27 35 15 21 10
30 33 31 18 18 6 29 8 14 8 34 34 30 21 20 22 30 23 28 7
11 9 20 2 6 1 16 1 2 4 14 14 9 7 7 12 13 8 10 1
10 11 15 15 8 3 15 8 6 1 16 27 17 18 18 12 6 13 16 9
19 23 20 18 17 7 15 8 5 8 28 28 17 8 18 21 10 17 18 7
10 14 20 12 13 3 7 7 3 6 19 18 7 8 10 16 5 14 6 8
8 20 16 18 14 7 9 9 1 6 22 15 11 4 12 15 12 14 12 4
10 7 11 4 4 2 14 4 1 1 10 18 13 15 12 12 7 3 9 4
32 31 53 25 23 20 51 25 17 14 43 34 34 32 34 35 21 38 20 16
10 13 26 9 7 5 13 10 6 1 17 18 10 10 14 14 4 21 7 11
7 3 3 8 3 1 6 1 4 2 8 17 9 13 7 4 1 3 15 3
43 33 65 44 24 25 64 36 40 16 69 49 51 34 58 45 35 53 51 39
44 48 65 34 40 31 57 21 24 10 52 59 58 38 54 49 30 40 30 29
5 10 12 5 5 1 6 5 3 1 10 17 5 4 11 7 5 9 9 5
25 20 33 26 26 4 38 7 9 21 38 39 33 26 34 30 30 29 34 16
20 18 42 17 18 16 35 15 12 3 26 33 22 20 32 22 11 38 10 24
25 22 31 8 15 7 29 4 7 8 20 33 26 29 21 27 17 17 14 15
52 37 54 9 15 11 60 14 35 20 58 56 50 40 52 41 34 47 48 41
33 42 52 27 24 18 51 23 27 12 44 42 49 36 47 48 35 23 31 21
11 8 23 13 10 9 28 16 9 1 25 13 10 2 19 12 3 23 12 4
9 19 19 12 13 8 10 7 1 1 22 21 9 7 15 18 10 16 8 11
17 14 25 6 10 1 23 2 5 3 19 9 15 13 11 19 15 11 3 1
21 25 42 19 23 5 26 6 6 9 25 39 26 25 19 26 19 28 19 14
9 16 27 27 7 8 29 21 4 1 27 19 23 17 27 20 14 14 15 5
33 28 38 25 25 24 54 30 25 24 42 42 39 28 46 42 31 28 24 17
27 45 43 42 39 15 40 16 11 16 40 59 44 31 39 30 30 44 32 20
37 35 55 40 28 21 53 32 15 23 42 46 47 44 44 46 39 34 30 22
7 5 4 6 5 1 7 2 3 2 5 13 5 7 2 2 1 5 10 1
25 30 52 24 27 13 39 20 4 11 38 40 25 19 35 31 22 37 13 14
21 15 30 11 11 1 30 5 16 3 17 22 21 20 10 15 16 26 22 11
12 36 38 27 23 6 24 6 9 3 28 32 33 17 29 26 27 33 23 12
15 26 36 18 18 10 26 11 5 5 33 27 19 12 23 25 17 25 16 10
22 15 38 14 20 6 35 14 12 14 22 27 14 20 20 23 15 24 15 8
4 13 7 9 4 4 8 9 1 1 11 8 5 5 6 9 10 6 5 1
14 31 42 30 23 13 27 16 4 4 27 43 33 29 32 27 17 31 16 19
28 29 41 37 32 1 43 11 23 19 35 54 46 39 35 27 35 26 47 22
37 47 51 23 18 16 59 24 42 15 57 65 58 40 58 39 49 35 56 32
1 3 10 1 1 1 7 1 1 1 4 7 3 5 4 6 4 2 2 1
6 9 10 8 6 4 10 9 4 1 10 10 4 7 9 10 7 11 6 4
7 1 6 1 1 1 9 1 2 3 5 6 1 6 2 5 1 2 4 1
29 17 49 17 20 9 38 15 9 10 38 24 20 18 18 28 17 34 13 13
43 50 75 51 45 25 72 37 47 34 67 60 61 40 60 55 50 35 57 29
53 48 65 44 51 26 56 19 17 29 56 68 59 56 52 61 38 44 41 36
45 50 65 31 37 24 56 22 22 11 48 67 57 47 52 39 40 43 43 32
43 30 41 40 27 29 57 37 31 21 55 54 48 34 53 33 32 50 49 31
17 12 30 10 15 9 26 11 5 6 32 24 16 6 23 25 3 24 11 12
41 49 57 18 27 8 48 14 21 13 47 44 53 48 47 47 45 27 26 14
33 35 50 30 40 21 47 16 8 22 51 51 43 24 52 44 37 39 22 19
26 16 30 2 10 6 41 13 15 6 26 23 30 26 27 29 23 13 13 5
34 35 60 33 39 25 49 23 19 15 51 47 40 31 39 33 6 58 28 35
26 35 49 36 32 12 43 16 13 13 45 52 41 24 37 30 28 37 34 12
20 31 41 41 28 7 36 21 21 2 34 41 40 35 31 21 23 38 37 24
11 13 16 11 15 3 15 7 1 7 17 18 10 9 7 13 9 16 10 3
5 16 21 10 3 8 9 9 1 1 16 16 9 3 17 16 4 11 3 5
36 30 49 41 28 25 55 36 24 19 54 55 42 39 56 32 32 40 36 31
13 19 30 21 11 4 26 16 6 1 15 33 27 28 26 17 20 22 14 15
33 44 47 38 33 37 46 37 14 10 50 49 48 25 58 43 33 53 23 25
23 36 49 44 34 10 41 24 6 12 41 43 40 39 33 34 25 37 22 18
4 15 19 12 9 1 5 5 1 1 10 17 6 10 7 12 2 13 3 7
10 4 18 11 8 6 19 11 5 1 17 10 5 8 10 7 4 19 11 5
28 34 46 22 19 16 34 23 11 8 26 30 30 31 25 29 26 29 16 14
8 4 16 2 2 2 9 6 5 1 12 7 4 3 6 8 2 14 5 5
15 18 28 7 7 1 16 1 6 1 10 18 18 21 3 12 13 13 9 2
47 51 77 45 51 26 69 28 19 37 56 56 53 52 53 55 46 49 27 25
13 10 25 7 8 4 10 7 4 5 15 14 9 7 12 16 10 16 6 9
53 54 42 39 35 33 64 35 27 21 64 59 68 45 65 57 50 39 38 18
42 37 51 32 38 24 53 23 15 11 47 55 46 32 46 29 33 53 23 24
50 39 66 35 27 32 65 33 40 17 58 48 58 47 58 51 38 47 30 39
11 18 20 6 6 1 16 1 4 1 19 21 14 10 12 10 19 8 14 2
46 35 68 23 35 21 58 15 21 22 50 54 41 36 47 46 31 50 24 38
43 42 47 39 25 10 51 24 20 13 47 48 49 43 34 33 41 31 39 18
21 16 30 11 11 13 28 18 11 8 22 21 13 17 18 17 11 24 12 12
16 19 35 16 13 8 31 10 19 4 35 36 33 15 33 20 21 26 32 20
35 36 52 41 40 21 53 23 7 20 59 56 42 34 52 42 27 47 29 24
49 39 73 36 38 26 58 28 25 13 69 57 49 28 54 41 37 57 40 34
8 13 16 11 11 1 15 2 2 4 11 20 12 14 5 9 8 12 13 1
3 7 6 6 4 1 8 4 3 1 7 10 4 6 4 6 3 4 8 1
55 44 71 9 23 35 71 32 40 17 65 57 53 33 68 52 41 49 37 40
36 51 76 29 35 22 61 26 26 18 59 54 47 25 56 44 31 50 35 28
53 47 59 29 39 29 59 28 31 31 48 63 51 46 49 46 37 27 40 38
27 14 28 19 7 7 36 15 14 6 38 26 33 25 28 28 15 15 28 12
8 9 22 5 2 1 13 4 6 1 17 12 13 6 6 12 10 10 15 3
6 3 12 2 5 1 8 1 1 2 9 9 1 2 4 8 1 6 2 1
31 28 42 25 15 20 45 31 22 1 49 44 38 27 45 30 23 33 36 32
28 35 48 15 20 15 35 13 18 4 41 40 37 18 30 30 28 31 29 18
24 25 42 14 15 9 35 10 4 1 28 34 27 21 25 18 20 26 15 7
35 22 52 23 29 12 48 14 8 26 38 44 30 29 35 35 29 35 22 16
13 16 35 18 18 9 32 14 8 7 29 19 17 13 21 23 13 21 10 7
1 8 5 8 6 1 1 4 1 1 8 8 1 1 1 3 1 9 3 1
22 44 48 29 21 24 47 27 36 10 52 44 51 22 51 37 38 44 41 24
38 28 49 17 22 8 57 10 31 13 46 53 47 26 47 30 34 33 47 21
41 49 48 45 33 17 63 24 27 19 57 62 58 40 52 36 50 31 52 15
10 13 11 13 10 2 8 3 1 1 18 24 13 12 13 11 7 11 16 6
25 26 39 12 18 17 29 8 5 5 28 34 24 27 25 33 15 25 15 21
28 30 42 14 9 16 35 20 17 1 35 23 25 21 22 20 27 26 17 11
10 6 9 3 1 1 16 6 8 2 11 13 6 8 3 5 5 7 14 3
45 19 32 31 32 16 56 19 17 25 45 42 36 25 36 29 29 42 39 14
27 32 46 24 27 8 54 17 27 18 36 51 43 34 41 28 24 42 36 20
30 27 57 34 39 17 44 18 6 23 37 47 33 35 32 38 24 47 13 22
14 19 44 17 17 5 25 9 8 1 28 26 25 12 21 19 9 35 14 15
7 16 21 11 9 12 22 13 2 3 25 21 16 5 27 25 8 9 3 5
13 13 27 6 6 1 19 3 9 4 24 21 13 6 12 17 5 12 16 6
10 17 23 9 11 1 14 3 4 6 17 21 14 9 9 11 12 10 13 1
10 8 11 3 6 1 14 3 1 2 10 13 1 9 2 10 7 6 5 1
42 33 57 37 37 10 59 14 24 27 51 63 55 48 52 47 45 41 49 34
15 33 46 29 16 13 37 17 17 8 35 34 28 19 30 32 22 27 24 11
30 45 56 29 33 20 42 24 16 15 49 44 37 13 43 39 33 29 28 14
13 6 15 6 5 1 17 5 11 5 14 19 10 15 9 12 7 12 15 9
31 45 65 38 41 20 50 25 25 24 52 49 41 34 35 38 24 59 37 30
17 17 29 17 17 1 25 7 14 6 15 23 18 21 8 13 13 26 19 11
35 38 47 32 25 20 42 21 31 13 50 42 44 32 41 42 21 45 37 34
48 23 54 31 29 6 53 24 31 22 44 37 43 48 37 45 35 27 24 26
13 6 18 5 11 8 27 9 15 4 13 21 16 16 16 9 10 17 12 6
20 9 30 2 8 2 25 5 5 4 24 24 11 9 12 15 7 20 14 6
60 40 71 16 21 18 72 24 44 19 57 47 55 52 57 52 46 43 35 36
9 10 15 5 5 3 8 7 1 1 14 15 3 2 6 7 3 14 5 5
24 46 49 30 15 13 39 20 9 1 40 43 48 38 39 35 39 20 24 15
38 56 75 46 41 39 63 36 31 17 61 66 63 33 63 47 31 54 41 32
16 39 45 36 26 8 36 19 10 10 38 41 39 22 37 24 31 27 31 4
16 11 23 14 9 3 32 8 11 6 20 26 24 23 16 17 17 13 24 5
22 32 42 31 13 11 37 17 20 3 38 36 45 36 37 38 27 25 31 23
33 41 50 37 20 29 47 35 20 11 55 49 46 34 55 40 36 45 34 29
21 21 34 15 18 16 28 13 7 2 25 31 21 20 27 24 5 31 10 17
11 11 16 6 1 6 12 11 6 1 17 16 11 8 13 14 13 10 11 8
12 1 13 1 1 3 17 8 4 1 12 3 1 7 3 8 3 11 5 1
18 19 34 24 23 16 34 23 14 1 32 26 18 13 27 14 12 39 17 14
20 27 31 18 7 10 30 13 11 6 27 33 34 26 28 31 24 11 25 8
9 9 11 11 10 1 16 3 7 2 11 14 6 8 4 2 8 16 15 1
9 11 13 10 6 5 10 8 5 1 12 8 8 12 7 13 8 8 8 1
22 28 47 27 18 8 39 11 15 3 37 38 40 35 36 37 24 31 28 26
35 48 69 45 26 40 60 40 27 3 70 48 51 32 62 48 33 60 41 40
48 27 54 36 29 26 60 35 29 32 51 46 39 42 47 45 33 37 36 28
17 30 35 17 16 13 28 15 13 9 29 32 24 21 28 31 18 12 21 15
19 17 27 7 14 2 29 5 9 10 24 27 13 13 12 17 14 19 20 4
36 41 49 38 27 19 51 21 13 9 51 55 52 42 50 43 34 41 34 29
6 5 16 8 7 1 13 1 7 2 19 14 11 5 10 10 3 10 17 5
3 9 4 6 3 1 2 5 1 1 7 5 1 2 2 3 6 8 4 1
41 49 47 33 31 24 42 24 7 15 55 45 45 19 36 44 35 40 29 11
13 12 21 15 9 5 22 7 8 1 25 26 20 18 18 17 9 20 22 11
1 2 10 1 1 1 1 1 1 1 5 5 1 1 5 3 1 5 1 1
7 9 20 3 9 1 14 1 1 5 11 17 3 6 10 13 5 11 1 2
40 41 58 41 46 22 63 28 24 39 49 56 46 50 46 50 36 32 36 26
24 24 42 26 22 15 38 21 14 12 32 31 24 19 27 26 10 33 17 13
15 14 22 9 6 7 24 16 7 8 18 22 13 15 25 24 12 7 10 7
27 15 37 21 19 1 36 7 26 15 28 39 38 33 23 27 25 13 36 23
8 5 13 1 1 4 10 7 1 1 8 10 3 3 8 2 3 11 4 3
51 12 49 21 19 14 55 23 33 23 52 41 38 37 36 39 28 34 40 34
6 8 13 8 5 1 7 5 4 1 9 13 8 11 7 8 3 10 10 2
1 10 16 12 6 5 20 10 4 1 10 25 19 15 21 9 15 9 13 6
40 42 68 42 34 30 51 27 20 17 59 55 46 33 51 45 36 55 30 31
20 34 39 18 10 9 31 13 10 8 30 27 36 24 28 32 33 4 22 1
23 34 50 44 22 19 45 24 27 5 47 42 50 37 43 40 22 38 38 33
27 48 68 36 33 31 57 29 14 11 47 57 51 36 55 39 17 50 25 24
5 19 28 14 16 1 10 1 1 2 15 25 13 10 9 12 9 18 10 8
43 47 55 33 42 22 64 22 14 24 56 56 52 36 54 52 36 38 30 11
51 56 78 32 39 21 60 9 29 11 64 54 61 45 52 51 47 59 34 37
31 31 48 24 30 16 40 15 13 18 26 36 28 35 26 32 26 30 15 19
42 34 53 17 7 22 57 27 31 6 47 41 48 33 44 32 36 35 39 21
4 15 17 11 10 1 15 2 5 3 9 24 14 18 13 11 8 8 14 5
43 48 60 44 31 15 60 23 33 20 60 43 59 39 44 54 47 37 43 15
1 2 8 4 2 1 11 4 5 1 10 8 7 3 8 4 1 9 11 1
39 28 55 40 43 18 61 28 23 31 52 58 45 34 56 49 33 34 29 24
43 35 56 13 17 17 53 22 34 9 52 48 42 28 48 33 32 46 34 33
44 19 45 34 39 13 59 25 26 26 48 63 47 43 48 38 30 37 32 34
30 36 57 35 37 13 45 16 6 21 33 42 38 38 33 44 29 37 11 17
52 32 53 15 32 43 60 40 28 17 63 43 41 32 55 51 24 51 19 36
20 14 39 18 13 11 33 17 16 5 30 21 22 15 22 16 16 33 23 17
11 11 27 2 1 1 16 3 7 1 18 11 12 12 6 18 15 10 8 6
32 29 51 26 30 10 44 3 12 17 40 35 38 38 33 46 31 33 15 24
44 29 59 17 28 22 58 21 25 17 48 52 37 25 41 30 35 43 32 25
35 32 53 35 34 15 48 19 6 22 49 35 33 24 37 44 36 38 22 11
13 1 13 1 1 1 15 4 4 3 10 8 3 6 2 4 1 9 8 1
40 50 56 44 50 26 51 25 17 23 50 56 51 36 49 51 40 50 36 29
57 43 56 28 35 17 64 11 27 29 63 58 58 40 49 55 42 59 54 34
38 48 66 47 55 20 54 25 9 33 54 60 50 40 52 53 36 48 27 26
1 12 9 10 5 2 4 4 1 1 10 12 5 4 4 8 5 4 6 1
7 10 15 3 2 4 18 9 2 1 8 17 9 6 11 1 6 11 8 1
8 11 20 6 7 1 19 4 9 1 8 19 11 13 11 8 7 18 10 7
9 6 11 3 2 1 12 4 2 1 6 14 4 10 7 8 7 7 5 2
20 10 31 7 11 1 30 1 9 6 20 15 15 19 10 17 11 16 11 1
44 33 62 11 18 14 51 15 30 10 49 42 40 26 40 37 32 42 34 31
55 26 63 25 33 5 71 12 33 29 58 66 62 50 57 55 48 22 50 36
22 29 33 20 21 10 22 10 5 4 34 39 29 21 24 21 18 26 22 15
15 7 16 19 10 1 24 4 14 5 23 24 23 19 19 14 10 15 29 9
5 6 6 5 2 1 12 2 2 1 8 12 5 8 5 1 5 10 13 1
25 14 35 26 24 2 38 7 7 16 31 37 25 27 25 26 18 20 19 11
5 5 10 5 5 1 4 4 1 1 7 5 3 4 2 4 1 10 5 1
40 28 57 12 19 10 49 4 20 11 49 47 43 27 42 43 31 31 32 25
3 6 12 6 6 1 9 2 4 2 12 8 4 3 3 6 1 8 10 1
14 16 22 19 9 11 16 14 5 1 23 26 23 21 22 22 10 14 15 12
41 46 57 38 31 27 51 34 25 12 57 30 48 32 46 38 35 52 25 18
4 1 10 1 1 1 3 5 1 1 8 1 1 1 4 3 1 9 1 1
7 6 13 3 3 2 8 5 3 1 9 13 1 3 9 5 1 12 4 4
24 11 39 13 14 9 29 14 16 8 34 16 15 12 22 28 10 33 16 16
23 12 26 11 16 1 29 2 13 11 31 30 17 14 21 25 12 21 22 13
37 28 50 25 38 23 53 30 18 20 36 56 41 39 49 36 27 40 20 26
25 20 36 30 10 15 37 27 13 4 37 30 28 27 31 26 21 25 25 16
43 38 65 20 15 29 51 28 32 5 56 43 45 26 50 38 31 46 37 32
26 18 36 6 2 6 29 11 14 1 32 15 21 16 20 26 17 26 14 16
7 12 12 13 12 1 6 4 4 1 11 17 11 12 6 6 8 15 14 4
3 6 15 12 9 1 9 3 3 1 16 8 6 6 4 9 5 12 11 1
11 10 20 7 6 1 17 5 1 1 7 15 14 18 9 15 13 13 5 2
1 2 7 1 1 1 2 1 1 1 2 4 1 3 1 4 2 5 1 1
7 6 9 6 3 1 6 3 1 1 5 14 7 11 5 4 3 6 9 1
15 19 35 12 15 7 17 8 8 6 22 26 19 12 16 17 8 26 13 15
8 14 26 13 11 1 26 5 9 5 12 24 19 19 16 12 13 15 20 1
33 40 41 27 29 20 37 19 18 16 46 49 34 8 40 32 29 29 35 13
34 28 41 18 21 21 40 19 8 9 38 37 28 27 33 35 18 30 16 18
14 9 26 8 14 6 26 6 9 1 20 25 15 12 18 12 9 20 12 7
11 28 37 16 14 8 22 12 9 2 23 27 21 13 20 17 16 26 15 12
30 27 47 23 18 17 40 26 13 6 37 42 34 34 44 35 21 32 19 30
10 7 21 11 8 5 12 10 6 1 14 15 9 9 13 10 4 20 10 6
3 11 19 14 9 1 11 3 5 1 15 16 11 8 10 4 10 14 17 3
23 16 28 8 11 13 24 15 4 8 28 24 10 11 20 23 9 19 9 12
1 1 10 2 1 1 3 1 1 1 6 4 1 1 6 7 1 8 1 3
42 26 45 38 42 21 53 21 9 28 49 46 33 25 40 29 23 52 26 17
17 18 31 13 11 13 22 16 4 3 26 21 17 13 25 25 9 21 5 11
26 37 61 35 40 20 48 15 15 22 41 45 38 37 38 40 23 50 17 27
23 45 41 32 19 21 43 28 21 11 41 45 44 18 50 36 39 29 38 10
14 11 16 5 3 1 16 1 5 2 7 16 17 17 3 4 12 5 16 1
14 20 32 24 14 2 24 12 6 4 21 33 28 31 24 27 20 18 16 16
40 52 59 57 43 19 47 24 14 21 57 53 57 45 46 53 45 46 30 29
5 6 10 8 1 4 6 5 1 1 14 15 11 11 13 12 1 6 7 6
13 25 38 14 18 1 22 4 7 10 18 34 24 18 19 21 17 18 18 7
11 21 25 19 9 5 14 9 1 1 22 17 22 13 15 17 17 12 15 1
11 23 24 19 18 8 10 6 1 1 17 23 20 15 13 11 13 25 10 10
1 24 27 18 7 9 11 11 4 1 18 20 19 8 22 21 11 15 7 7
7 11 19 3 3 3 16 8 6 5 13 12 9 7 9 14 12 9 8 3
22 31 52 30 35 12 43 22 13 20 36 39 28 24 34 32 19 38 19 15
22 13 40 15 19 8 29 14 3 8 30 21 12 9 16 21 14 29 7 9
16 22 30 22 18 10 34 14 7 10 26 23 27 29 22 20 13 20 15 3
10 2 10 6 5 1 11 3 4 2 8 12 3 7 3 2 1 11 9 3
13 19 16 16 15 3 17 3 4 5 15 21 20 16 15 14 21 18 17 1
1 15 17 10 8 1 9 4 1 1 10 13 5 5 9 12 8 10 5 1
9 26 27 19 11 6 24 11 7 1 24 35 31 16 26 12 24 14 23 1
13 4 11 5 1 5 16 10 11 4 13 9 7 12 6 9 5 12 13 6
38 35 54 24 18 12 48 17 20 9 61 49 43 27 45 40 30 36 39 28
11 1 7 1 1 4 16 7 1 1 5 8 3 9 9 2 4 9 2 1
39 34 38 31 36 28 58 37 29 23 53 53 46 37 44 34 39 45 42 22
9 11 14 6 6 4 10 8 1 1 12 16 7 7 9 9 8 12 10 7
30 34 51 37 42 24 41 18 1 13 48 49 37 32 35 29 9 50 24 25
12 8 18 9 5 6 13 11 1 5 19 13 8 8 15 19 5 11 8 7
11 14 22 13 11 4 16 9 13 1 17 11 15 10 11 14 8 25 14 13
5 21 24 6 10 11 23 14 10 3 21 28 21 9 28 19 16 13 8 6
26 15 36 19 13 16 36 23 9 4 35 31 24 20 31 19 24 29 22 15
6 11 12 11 9 1 6 7 4 1 6 12 8 7 7 4 5 14 10 1
26 23 40 10 10 1 39 3 21 5 24 25 32 25 19 20 25 21 24 9
67 57 69 55 54 32 77 29 19 33 77 78 73 59 67 69 49 57 52 39
24 20 41 16 15 3 35 7 16 8 31 27 23 20 17 26 20 23 24 12
28 39 47 29 13 12 38 21 22 7 50 19 42 25 38 43 38 25 25 6
32 31 45 32 34 19 54 25 25 17 53 45 43 20 45 35 27 48 32 16
6 7 12 4 4 2 10 5 2 1 10 9 2 4 5 8 5 9 4 2
38 37 57 36 27 32 48 37 27 19 57 42 34 27 47 41 28 53 30 30
59 51 60 34 51 24 76 30 25 32 61 71 61 42 60 49 50 45 37 19
31 49 68 48 40 22 55 27 24 23 61 54 52 41 50 44 34 61 38 35
45 42 54 32 24 9 56 19 38 30 57 55 55 44 47 49 42 46 53 33
3 5 10 1 6 1 7 1 1 3 8 8 1 1 3 5 1 3 1 1
27 35 52 26 17 13 46 16 24 4 50 38 42 19 39 36 36 30 41 14
42 33 52 19 26 20 43 12 9 3 43 39 33 30 29 27 22 43 20 24
39 37 45 42 38 19 39 21 13 19 45 46 42 30 39 40 24 43 30 21
4 10 10 8 6 1 5 2 3 1 12 8 6 4 4 7 8 9 9 1
8 15 15 7 9 6 20 12 1 1 13 25 14 10 16 11 10 9 7 1
35 29 43 21 9 17 46 21 29 8 47 22 37 28 33 44 27 24 27 17
3 6 6 7 1 3 6 7 1 1 8 8 12 8 11 10 3 1 4 1
32 18 45 23 22 3 39 13 27 21 42 38 36 24 29 35 20 18 34 23
1 3 8 2 1 1 1 1 1 1 6 4 1 1 2 6 1 4 1 1
51 42 59 46 35 25 68 41 41 22 51 66 54 57 60 42 51 35 54 43
20 25 18 20 20 15 35 20 13 11 28 33 27 14 29 20 21 28 27 5
17 22 25 23 9 9 26 18 6 5 29 20 25 22 19 26 20 12 19 4
53 46 69 29 41 33 76 36 28 25 66 65 56 40 60 48 44 47 32 21
3 3 16 3 3 1 5 1 1 1 7 10 2 3 5 6 1 8 2 1
20 18 31 8 14 17 32 21 10 8 21 24 17 11 27 14 17 25 10 10
19 11 19 14 11 11 23 16 13 7 20 16 7 13 12 9 4 22 17 9
6 10 10 9 3 6 5 11 5 3 13 5 7 4 8 11 3 5 8 1
1 6 15 3 1 1 9 3 5 1 9 4 5 4 7 10 6 7 4 2
21 16 29 15 11 8 26 14 12 6 20 27 23 23 19 21 11 23 14 13
13 15 23 14 6 6 17 11 9 1 28 11 16 6 16 18 12 21 17 8
28 34 47 18 25 16 26 7 3 3 34 41 32 26 27 34 11 33 15 22
10 10 18 10 11 3 10 8 1 4 15 13 8 5 5 12 1 14 4 4
57 63 91 39 49 30 82 24 34 21 73 71 71 47 69 68 47 56 39 37
12 12 27 2 5 1 24 5 6 2 11 14 18 15 13 18 16 15 8 3
2 14 14 6 7 1 10 2 1 3 8 14 6 7 5 10 11 7 6 1
37 43 58 24 31 22 51 19 20 8 53 48 45 20 41 36 36 41 34 21
15 19 24 13 11 6 20 12 2 2 23 30 14 11 18 14 10 19 13 8
44 30 50 42 48 17 60 17 22 39 49 54 43 41 41 38 35 38 42 23
26 31 40 21 21 18 38 21 10 10 35 43 31 28 40 32 19 26 22 19
10 8 16 8 3 6 18 9 11 5 18 9 8 10 10 16 5 9 13 6
1 6 11 1 1 1 2 1 1 1 4 8 4 1 2 1 3 5 6 1
21 41 43 33 18 12 32 20 9 5 40 34 43 32 31 35 35 24 23 11
9 15 16 7 8 1 9 1 1 1 19 21 8 5 9 8 13 9 13 4
49 43 75 42 52 16 78 20 33 36 52 65 66 59 57 57 43 52 37 35
48 53 56 46 46 28 60 40 22 18 66 68 63 44 61 55 47 54 36 32
25 28 38 24 31 12 31 9 12 4 34 39 29 22 30 24 10 44 23 24
23 41 40 44 44 20 34 15 15 18 39 40 40 20 32 27 24 54 27 21
55 34 58 35 48 27 61 11 18 31 54 64 43 46 50 50 30 51 35 40
28 34 31 38 27 10 39 22 5 13 41 42 36 17 33 27 37 32 36 6
6 6 11 8 7 3 12 7 1 1 13 19 11 6 16 10 4 13 8 6
1 13 21 9 7 1 9 1 1 1 6 19 11 8 9 6 8 11 8 1
35 24 42 18 27 17 40 12 14 9 46 38 30 19 35 30 14 43 27 25
7 32 25 32 25 9 10 9 4 4 20 32 26 17 23 17 15 28 18 10
27 31 44 14 19 12 32 15 13 12 30 39 32 24 32 30 25 22 21 14
39 28 46 20 28 7 49 12 18 19 39 36 30 24 32 33 34 37 33 16
30 10 40 7 12 10 29 14 13 4 40 18 15 7 22 26 13 35 15 18
28 53 61 52 32 25 59 33 28 19 52 53 51 34 54 43 41 47 43 24
19 12 28 9 9 4 20 9 1 2 23 17 13 11 13 23 6 16 3 3
40 35 43 25 26 17 45 19 17 19 55 42 37 18 41 46 31 43 37 21
35 22 50 15 14 28 52 37 25 12 45 29 37 23 47 42 28 29 19 19
46 34 49 29 35 25 54 25 15 19 54 49 45 30 45 46 33 44 23 19
19 33 49 41 18 25 53 32 30 12 50 31 43 28 39 36 25 42 41 20
14 20 20 18 10 7 16 12 5 4 23 24 13 7 18 14 8 17 15 3
14 11 19 5 4 10 13 12 2 1 19 17 6 6 18 15 2 15 4 9
11 28 34 27 15 9 21 14 8 1 26 31 25 14 21 16 9 27 22 5
15 26 44 16 16 10 27 7 6 2 24 38 29 25 26 21 18 32 17 19
44 35 48 27 16 17 47 21 28 10 51 37 47 34 37 37 30 42 38 25
10 15 15 13 10 6 11 10 1 1 11 19 12 12 6 5 9 16 14 1
18 6 21 17 15 1 28 9 19 16 18 30 21 27 23 21 17 6 23 15
17 20 26 12 15 5 23 11 8 13 20 25 15 16 18 22 19 13 16 9
36 38 56 36 18 33 60 30 42 18 60 43 56 41 55 59 34 41 47 42
63 45 69 48 43 38 70 40 38 29 72 64 62 51 65 60 43 60 47 48
40 33 50 18 20 29 59 32 31 11 49 46 41 27 47 33 32 30 26 17
13 10 16 10 5 6 15 9 11 6 16 18 11 14 13 15 6 10 13 9
21 14 35 8 12 2 30 9 6 8 23 20 14 18 14 27 15 18 12 4
48 40 49 19 30 33 60 39 25 21 55 45 39 37 50 48 39 40 18 22
49 32 50 38 32 8 60 8 32 35 65 63 53 45 53 52 47 44 59 41
34 29 32 13 9 9 43 15 22 3 38 26 33 24 30 25 33 24 30 11
46 35 65 29 13 28 70 40 37 10 63 49 56 41 60 48 44 45 44 34
14 17 22 18 18 3 23 7 13 6 17 24 17 13 9 5 11 26 24 6
41 62 84 44 36 33 67 29 33 14 62 62 71 43 70 59 50 60 44 37
30 27 43 21 15 14 43 18 19 1 44 40 38 32 42 32 22 33 31 33
11 8 14 6 7 1 11 4 6 7 15 16 7 11 7 13 4 5 12 7
27 15 23 19 23 15 31 20 1 12 36 25 20 7 30 23 17 31 10 5
16 11 30 8 11 5 24 10 7 7 21 20 16 14 12 19 9 22 10 9
14 9 20 6 8 4 20 7 9 5 13 19 11 13 7 8 5 16 12 6
48 41 57 17 20 5 53 12 30 12 55 41 52 44 40 49 43 34 35 22
39 25 30 10 20 10 47 14 23 16 34 42 39 33 31 26 32 17 25 9
22 46 38 39 18 25 38 29 20 2 45 40 46 21 41 26 39 32 41 12
57 55 57 39 40 23 67 26 23 24 61 70 68 48 58 50 51 44 52 28
36 15 41 21 19 12 43 16 18 17 40 38 32 31 33 37 18 24 27 20
7 10 16 9 7 1 8 4 1 5 11 16 12 11 9 8 10 9 12 2
1 2 9 2 1 1 4 1 1 1 5 7 1 2 2 3 1 5 2 2
18 36 46 24 21 17 30 13 8 7 25 37 29 25 33 26 25 30 11 15
17 29 45 40 21 11 34 27 19 4 44 31 35 20 34 28 17 32 31 21
53 24 54 26 32 16 66 28 33 25 55 49 46 35 52 47 36 38 40 28
17 29 47 36 21 28 42 34 16 6 44 24 31 19 32 24 12 45 24 12
4 10 14 17 13 1 9 4 1 1 11 16 11 9 6 4 7 17 13 3
8 11 21 2 5 1 19 2 11 1 17 16 18 5 15 9 14 13 16 5
52 56 71 48 40 41 63 34 33 28 72 70 58 41 65 54 44 62 40 42
1 10 16 9 8 1 3 3 1 1 5 8 3 1 1 2 3 13 4 1
8 20 21 15 12 2 14 2 10 1 18 25 19 10 13 1 17 16 26 1
24 13 23 19 18 1 34 3 18 8 31 29 21 13 27 19 15 30 30 16
10 6 13 8 8 1 13 3 2 1 4 10 7 11 1 5 7 13 8 1
46 49 46 37 53 43 60 38 18 20 64 60 46 27 59 40 28 66 30 28
32 23 35 11 18 16 49 25 29 14 32 39 34 27 40 30 24 30 26 20
60 36 61 33 35 22 62 20 29 19 67 55 56 46 48 51 35 45 48 39
5 3 7 2 1 1 8 7 1 1 3 8 5 6 8 7 3 7 1 1
39 49 65 38 42 28 54 29 23 15 62 58 45 17 53 33 24 58 37 26
19 16 22 12 13 7 18 9 5 5 22 26 13 12 12 14 5 22 13 10
33 34 43 17 17 12 44 17 20 10 45 37 39 26 35 36 32 18 24 5
12 30 38 27 13 16 25 20 12 3 26 18 32 18 25 32 18 25 14 10
49 38 60 30 34 16 54 13 18 25 48 52 47 44 34 41 43 43 33 23
21 22 17 25 19 12 20 16 4 8 27 29 20 15 22 17 18 28 24 7
41 50 63 41 54 33 68 38 20 31 55 70 61 52 57 44 43 59 30 28
8 41 43 45 39 20 43 26 8 14 33 54 43 37 44 25 23 41 28 17
8 9 15 7 6 4 14 7 4 5 14 14 6 10 10 17 7 6 7 5
17 21 28 18 15 9 20 14 7 8 32 20 16 9 17 26 16 19 15 5
18 22 35 21 24 3 24 9 1 6 30 20 18 14 12 21 12 28 5 2
5 9 14 1 1 1 6 3 4 1 7 11 5 3 5 3 9 7 6 2
44 31 52 45 37 27 75 48 33 28 50 62 57 56 62 38 38 39 42 31
17 15 27 5 6 8 26 14 7 1 18 21 22 16 17 14 16 16 9 4
24 15 27 17 18 4 31 7 17 14 26 27 18 16 15 13 17 17 26 10
26 17 24 15 17 11 32 15 13 13 27 37 24 22 27 25 17 17 21 16
12 17 22 13 12 2 22 6 1 2 13 35 24 26 25 17 13 17 14 12
34 22 60 29 19 19 58 27 16 8 53 35 44 27 47 44 27 43 21 21
12 11 8 8 11 2 15 6 1 2 13 18 7 5 10 3 6 13 10 1
21 13 36 15 22 5 30 8 6 10 18 35 22 22 21 23 12 27 10 12
7 18 25 17 17 1 8 6 1 1 10 18 14 12 7 9 8 22 9 8
33 32 49 20 17 17 50 21 16 8 43 33 38 28 39 41 27 29 22 12
6 10 18 13 11 3 19 9 5 1 17 9 7 6 10 7 10 21 10 1
30 28 39 18 16 19 50 34 26 6 41 52 39 33 45 24 30 34 30 27
35 49 67 43 37 18 59 22 32 22 52 63 58 46 56 44 35 48 45 33
28 7 21 12 11 7 28 10 12 15 22 28 20 25 19 19 13 13 20 12
17 21 25 12 8 10 19 13 6 4 22 26 17 16 18 21 14 15 13 9
48 46 49 47 42 25 59 38 17 22 60 71 52 34 57 47 45 50 47 27
24 34 52 34 30 10 42 10 14 7 42 55 46 29 39 26 24 38 32 21
8 14 25 14 14 1 20 6 5 2 13 16 10 14 9 13 13 20 8 3
5 10 11 10 9 1 5 3 1 1 4 10 9 10 1 5 6 14 3 1
31 17 35 18 15 4 35 9 15 14 27 39 35 35 23 28 28 17 26 18
21 45 39 40 20 16 41 19 21 10 42 51 51 29 46 31 41 26 45 13
21 29 53 27 26 13 30 8 10 8 39 35 32 19 29 33 16 40 16 22
8 8 14 7 6 2 10 5 1 1 9 11 3 6 1 2 4 13 8 1
16 16 31 13 18 3 21 6 1 10 16 27 16 22 16 27 14 20 5 12
33 40 58 41 34 16 46 25 12 8 54 56 52 34 48 44 33 44 28 28
8 16 17 9 7 3 8 8 4 2 17 16 7 4 10 11 11 9 10 4
20 29 36 39 30 9 26 13 1 12 39 43 36 30 32 34 24 30 21 20
55 52 59 47 47 25 69 29 24 25 61 77 68 48 59 47 55 47 48 31
11 6 11 6 1 5 11 10 1 1 10 7 9 11 7 10 5 9 4 1
22 16 34 11 15 3 27 7 16 13 30 21 20 12 16 26 16 27 20 16
40 30 58 36 19 23 57 34 30 20 50 45 49 42 48 46 40 31 40 27
49 43 69 38 33 34 67 39 30 23 57 52 54 47 56 51 39 45 34 31
41 28 59 20 28 27 60 24 19 8 56 45 39 26 52 44 17 51 23 28
6 11 18 10 11 1 11 4 7 5 14 12 5 6 5 9 7 14 10 4
7 18 29 21 14 10 17 15 7 3 26 15 11 9 15 17 7 20 11 6
56 44 82 35 39 29 66 22 30 19 69 56 52 38 54 52 42 63 32 41
30 42 68 57 45 29 60 41 34 25 58 62 60 42 58 47 29 49 42 35
5 9 19 12 11 4 12 10 2 1 10 8 4 4 6 5 4 20 1 1
22 5 22 3 8 1 20 3 3 8 17 20 10 15 12 21 4 12 6 7
6 15 14 15 13 4 6 9 5 1 13 15 10 9 7 8 7 18 11 5
27 35 38 27 29 19 37 28 15 10 28 42 30 26 39 23 28 33 21 16
7 17 30 15 11 6 18 11 5 4 17 19 16 12 21 22 11 16 9 5
10 9 16 8 6 2 15 6 10 4 18 14 6 8 6 13 1 9 14 6
34 29 37 16 26 18 34 13 6 8 40 40 22 22 30 30 18 33 20 20
13 13 26 9 2 1 24 6 9 1 21 20 22 14 17 13 21 12 20 5
52 48 77 48 53 26 76 26 31 37 58 70 60 51 60 49 45 53 40 35
29 36 44 31 36 20 42 16 12 13 38 53 42 34 42 40 26 36 13 21
14 15 26 19 11 4 20 9 8 1 28 26 21 13 23 16 12 28 23 10
42 41 60 39 55 31 57 28 8 20 59 60 47 32 59 46 28 65 13 28
8 7 10 5 4 1 9 5 6 1 5 10 6 11 1 4 7 10 10 1
1 8 9 3 2 1 4 2 1 1 4 9 1 3 6 6 5 5 1 1
18 21 33 11 15 15 29 15 7 4 28 31 18 14 29 18 17 27 13 15
11 12 17 11 13 4 15 9 6 6 16 12 6 6 3 10 6 17 9 3
59 48 60 45 58 33 75 32 16 36 64 77 57 39 67 54 37 54 43 31
32 19 44 32 27 9 39 14 9 16 39 37 33 29 28 35 16 31 19 15
16 9 18 6 2 4 22 9 11 2 16 10 15 16 11 18 11 13 14 6
30 19 48 33 37 16 46 20 15 19 42 50 38 32 41 33 21 47 25 27
13 16 21 1 1 1 24 2 5 1 15 20 14 13 13 12 20 2 13 1
44 28 51 12 22 16 51 7 20 15 46 43 39 37 36 50 22 36 30 33
22 16 21 17 19 6 19 11 1 11 28 24 16 13 13 22 14 22 17 6
35 55 61 41 37 34 52 35 16 16 60 53 50 20 54 40 41 49 35 15
42 36 48 21 23 18 47 11 22 12 51 45 40 35 41 44 18 44 37 35
49 52 77 24 28 24 59 26 23 14 56 42 49 39 51 54 40 38 17 21
58 36 64 39 33 19 73 28 33 28 59 66 59 52 57 50 55 32 53 34
49 31 64 27 24 9 58 12 28 25 60 46 48 44 43 55 41 47 41 36
24 19 35 17 4 11 36 22 19 3 35 27 31 26 35 30 26 24 26 24
10 19 25 17 9 14 18 17 8 1 22 32 24 12 29 18 11 16 16 8
19 17 30 9 8 5 24 10 6 2 19 17 15 16 6 14 16 18 13 2
20 34 37 25 11 13 35 17 16 6 44 30 38 11 37 34 32 27 34 7
49 63 68 52 33 31 68 45 36 14 68 64 69 42 68 51 60 47 59 30
8 12 23 12 10 1 16 4 1 1 8 12 12 17 6 15 11 16 1 2
16 21 27 21 15 9 18 13 5 1 23 23 23 23 16 20 14 23 14 12
28 36 47 28 32 17 37 16 5 12 45 41 33 20 43 40 21 40 16 20
25 33 46 16 17 26 43 21 16 1 41 35 37 15 41 31 23 28 21 13
49 64 80 52 44 35 63 35 26 19 63 65 63 48 63 52 53 53 38 32
41 37 58 24 32 19 50 18 18 14 52 50 32 22 37 31 23 47 27 24
14 24 19 17 12 2 18 7 1 1 14 25 22 24 10 16 18 15 12 2
7 8 15 2 1 1 7 1 1 1 8 12 10 9 5 10 11 4 5 1
22 22 33 12 15 7 28 13 6 9 20 29 19 21 18 20 21 21 17 7
22 22 27 14 4 13 23 18 7 1 28 19 25 17 20 15 21 13 18 6
6 10 22 7 11 1 9 1 5 5 19 14 5 1 4 12 3 14 10 5
23 29 29 22 15 10 36 17 7 6 35 44 37 20 36 21 36 21 31 7
36 34 56 23 28 13 52 14 12 8 42 43 40 39 37 37 23 38 21 17
8 13 28 8 9 1 20 2 9 3 13 16 16 14 13 17 11 19 11 8
53 37 49 34 31 17 64 23 34 29 60 61 54 40 55 43 47 47 58 35
25 31 28 26 28 10 35 17 8 13 22 42 35 27 30 24 27 28 28 6
4 13 24 16 11 3 15 6 6 1 17 14 9 8 6 10 4 17 13 3
18 10 24 7 6 5 23 11 7 6 23 15 15 15 14 23 11 13 10 7
8 13 25 7 8 2 11 4 1 5 17 19 8 7 10 15 9 12 6 6
9 17 16 19 9 6 19 13 4 7 22 22 18 20 18 18 18 9 18 7
47 35 47 18 33 24 57 24 35 18 53 44 47 39 44 47 32 43 30 29
10 9 21 8 11 1 14 4 6 6 17 17 8 8 12 14 5 13 8 8
17 10 10 11 6 6 17 11 11 8 15 18 14 16 9 10 8 7 18 6
34 33 41 16 22 11 40 7 10 5 40 36 38 35 33 40 25 26 24 16
41 54 63 38 43 28 61 27 24 20 55 76 58 43 60 45 44 40 42 31
8 16 22 15 14 2 14 7 6 1 16 15 11 6 3 7 12 24 13 3
3 6 11 3 2 1 8 1 4 1 6 8 4 7 3 3 7 6 9 1
53 53 62 40 45 29 63 27 21 29 63 66 53 32 55 51 42 59 45 33
37 34 50 54 47 11 60 31 27 28 52 67 54 46 49 35 34 39 46 27
9 12 17 15 10 4 16 10 1 1 9 27 18 19 16 8 6 16 10 7
21 21 30 22 16 14 31 20 3 4 32 21 19 8 24 19 16 26 14 1
19 15 30 5 10 5 33 9 16 6 28 24 18 6 21 16 16 21 22 9
34 36 49 33 32 10 53 17 17 18 42 61 45 40 45 28 34 35 37 25
12 30 35 21 21 18 25 15 1 1 24 36 31 20 36 30 7 29 6 17
23 16 35 5 20 13 33 8 4 4 28 33 15 11 24 21 6 28 9 12
22 17 26 5 5 17 33 22 12 1 25 30 22 15 30 12 18 19 13 5
5 8 10 7 9 1 7 2 1 2 6 8 3 4 1 3 1 9 3 1
22 26 43 22 19 15 37 20 7 1 37 31 23 15 30 22 17 36 14 12
4 10 8 2 2 1 8 1 1 1 6 13 3 3 4 1 7 4 7 1
2 2 16 1 2 1 5 1 4 1 8 8 3 1 3 6 1 13 3 5
5 14 11 9 6 5 7 8 1 1 12 13 5 7 6 9 8 5 9 4
48 32 47 36 44 10 57 10 15 33 47 56 48 35 41 46 39 46 40 21
55 48 60 31 32 15 68 15 25 23 64 58 60 32 55 54 51 44 53 17
8 14 20 13 9 7 8 10 1 1 15 17 11 8 12 15 4 16 4 10
32 38 57 28 18 23 51 30 28 18 46 40 41 26 40 39 32 24 40 15
5 4 10 3 3 1 5 5 1 1 7 8 2 3 6 6 3 11 1 4
54 54 64 38 36 16 62 25 44 24 64 57 66 48 54 49 58 29 51 24
3 15 14 13 11 1 2 4 2 1 6 16 12 13 4 7 5 13 7 5
23 13 32 9 10 7 30 12 4 6 19 27 18 23 21 22 10 21 8 11
30 56 49 46 29 32 51 42 28 6 62 62 62 29 64 38 43 49 44 28
6 22 24 10 11 4 20 8 6 2 12 27 21 14 19 13 18 11 11 3
17 29 35 24 24 4 21 3 4 4 22 32 26 21 13 17 19 27 16 8
49 62 65 61 54 32 69 45 23 29 71 82 72 44 77 65 55 59 48 33
2 4 11 1 1 1 3 1 2 1 5 6 4 4 2 4 6 6 5 2
3 8 15 7 6 1 8 4 1 2 7 8 1 4 4 8 5 10 1 1
24 15 33 7 10 5 34 10 12 10 24 21 18 23 13 26 17 18 18 8
12 9 10 11 7 4 12 9 5 1 11 13 10 14 3 7 7 14 15 1
16 24 32 10 15 5 26 1 4 2 24 38 25 22 21 18 12 20 19 12
8 1 9 1 1 1 8 1 1 1 8 7 3 9 2 9 5 1 4 2
5 10 10 11 6 6 6 10 6 1 16 9 4 4 12 12 5 7 9 6
38 49 57 38 40 33 56 32 20 14 63 55 47 17 53 43 31 57 32 18
40 48 60 54 50 9 57 15 23 30 52 77 60 49 57 45 48 37 47 33
1 7 3 5 1 1 1 5 1 1 6 2 2 1 1 4 1 1 3 1
49 45 69 39 48 23 62 13 20 28 51 58 51 53 51 61 33 47 18 35
50 37 58 27 28 20 66 20 31 26 58 55 59 48 53 56 47 39 41 28
7 6 11 7 6 4 11 8 2 1 12 8 2 2 9 4 4 15 6 3
3 15 25 16 16 2 12 7 1 1 8 20 9 12 8 4 2 22 3 3
18 9 23 6 4 3 26 6 15 4 21 16 18 18 14 19 13 18 22 12
35 32 36 24 33 28 44 29 15 13 43 53 42 37 45 34 17 39 20 27
26 53 56 46 28 31 63 44 31 11 49 56 64 48 57 45 49 41 37 24
40 32 52 32 38 34 54 31 27 26 56 46 47 31 51 52 33 52 28 29
26 40 48 28 30 18 49 20 16 14 50 39 35 10 41 28 30 39 32 6
13 24 29 23 19 7 26 15 9 10 13 34 26 27 26 22 14 14 17 9
37 40 40 35 34 20 40 22 9 18 45 55 42 23 39 34 28 42 36 13
17 27 33 21 7 20 27 25 16 3 33 23 19 11 26 20 15 24 21 11
34 51 62 41 36 18 51 28 29 22 51 57 54 36 46 43 42 28 47 26
10 25 30 14 14 3 18 4 12 1 21 26 24 12 14 12 17 25 21 12
13 15 24 15 15 1 21 6 6 1 20 15 12 13 13 12 15 21 12 4
30 54 61 48 31 35 45 29 27 15 50 48 48 34 47 42 38 51 29 31
42 31 50 14 21 20 60 25 35 10 49 43 41 30 46 26 39 53 37 27
17 9 27 9 1 5 24 12 8 1 30 20 18 11 22 17 12 17 21 11
27 31 36 17 26 15 34 18 10 4 39 48 33 11 36 20 24 29 22 10
9 16 18 15 10 3 13 9 4 1 11 17 15 16 12 14 4 13 9 4
9 10 19 1 3 1 21 1 10 6 8 18 13 16 10 14 13 5 14 3
2 6 9 4 2 1 6 5 1 1 7 8 1 3 6 9 4 7 1 2
27 21 40 29 33 5 39 13 18 15 29 49 34 31 33 29 24 27 24 21
12 15 29 17 15 4 19 10 8 4 17 21 14 15 6 10 6 24 14 5
14 5 17 9 4 1 18 7 2 4 16 17 12 17 11 18 9 8 12 2
42 57 69 40 28 17 55 27 23 19 51 47 62 57 49 59 52 31 21 23
22 26 35 14 15 13 31 12 8 9 25 34 26 23 27 27 16 21 16 15
31 18 30 32 24 9 41 20 14 14 38 40 30 29 33 21 22 29 33 19
22 28 33 21 26 8 33 12 11 13 18 45 34 32 29 24 22 26 22 14
48 62 82 51 48 27 73 27 28 18 69 65 74 55 69 68 45 56 41 31
44 38 58 42 47 23 59 29 17 28 61 56 45 27 51 45 36 54 39 27
9 9 16 2 2 1 8 2 2 1 7 10 10 12 3 9 10 6 9 1
48 40 58 48 60 15 56 16 25 35 57 70 50 41 49 51 38 49 43 38
21 45 66 44 32 16 53 17 22 15 56 49 51 33 55 51 35 50 34 30
55 47 81 29 35 20 73 19 27 18 63 59 60 43 60 58 40 48 32 32
50 38 59 20 30 19 50 18 21 15 50 39 40 27 35 36 40 37 22 22
18 23 26 18 16 11 13 15 1 5 30 23 13 5 18 18 11 25 12 10
40 63 70 52 45 24 56 20 17 26 61 70 67 49 63 62 56 45 32 31
11 18 33 11 15 2 17 1 3 2 22 22 17 13 12 26 8 18 6 12
49 48 74 32 42 26 60 20 19 23 51 60 55 49 45 51 36 43 37 32
24 31 32 15 15 4 27 8 9 4 28 28 30 24 21 21 29 19 17 6
27 23 38 24 4 17 42 31 24 2 39 32 31 25 36 22 22 27 33 22
44 30 66 40 32 32 59 28 19 19 65 38 43 33 47 51 29 53 32 29
38 23 39 23 26 16 39 17 14 15 41 41 27 21 31 24 21 39 29 19
35 34 51 29 34 12 43 13 6 12 47 50 41 23 35 34 26 46 29 16
31 33 54 26 32 15 42 11 10 14 35 49 41 26 38 34 34 36 18 19
44 23 54 26 36 11 55 17 22 27 48 48 34 34 39 46 23 34 29 29
39 39 47 23 31 14 53 15 33 22 40 58 47 39 47 40 32 30 42 35
54 31 63 43 48 14 72 32 37 44 54 71 54 51 57 47 48 31 53 34
35 62 72 51 43 32 56 30 20 12 67 59 65 28 59 48 43 57 40 21
38 27 49 14 20 11 45 20 13 18 31 42 32 33 30 35 27 25 19 16
6 5 5 3 2 1 9 5 3 1 4 8 4 9 2 4 6 6 8 1
30 19 33 7 8 5 37 7 17 4 24 32 28 26 23 15 21 16 19 12
56 48 58 43 26 33 67 48 37 26 61 63 55 56 58 50 55 43 52 39
23 38 49 39 21 33 55 39 24 3 52 32 40 14 49 35 33 52 31 16
16 30 20 30 24 15 19 19 4 8 28 28 24 8 27 20 13 30 18 6
7 16 12 14 11 3 5 8 1 1 12 16 11 9 8 7 11 16 13 1
31 13 23 17 14 9 27 10 10 6 29 30 28 27 22 17 16 24 25 16
10 11 12 7 6 4 9 9 5 1 13 16 4 8 5 8 6 10 11 5
18 19 40 21 18 1 33 7 11 5 23 28 29 25 19 20 20 28 24 12
