1000 20 10 1599
4 9 18 10 1 8 11 3 1 1
10 10 16 4 2 9 25 1 6 11
11 11 7 12 2 15 5 1 10 7
10 11 20 0 1 25 11 11 6 1
11 3 10 9 8 16 9 8 15 2
1 23 8 16 0 1 9 3 10 5
12 6 10 14 11 10 6 18 11 12
9 10 3 4 4 11 3 0 9 8
6 12 5 2 9 15 9 2 12 1
2 4 9 2 9 5 6 3 6 2
7 10 10 10 6 0 2 3 8 1
12 12 7 21 4 6 7 2 21 6
5 14 18 13 3 1 2 6 12 11
4 10 6 4 11 9 13 23 4 9
2 6 4 1 11 9 1 9 16 0
8 6 2 6 8 9 7 2 0 6
15 12 5 2 9 6 14 4 2 3
9 4 13 10 7 9 26 6 14 6
1 6 9 4 6 19 4 2 3 3
2 11 10 5 2 4 2 6 5 3
3 4 8 2 2 6 5 1 2 4
18 15 1 2 5 22 1 8 11 4
12 4 3 13 2 11 23 4 16 3
5 4 1 13 6 11 9 11 4 2
3 11 0 9 8 7 5 12 1 11
2 5 1 2 0 8 6 3 3 0
3 0 4 7 1 2 9 11 12 9
4 9 1 1 10 8 10 14 3 3
20 4 11 0 5 18 12 7 2 5
6 1 3 14 13 2 0 3 9 17
8 6 4 2 15 7 21 3 6 4
20 14 5 11 6 15 8 5 9 20
1 15 25 1 2 17 11 5 5 16
1 4 5 4 3 4 2 22 3 10
4 3 3 5 12 9 4 1 1 7
1 10 2 4 5 8 0 2 1 0
9 9 10 5 12 1 5 11 2 1
13 13 8 16 0 4 4 7 8 5
1 11 2 5 1 13 14 5 12 4
7 16 22 4 2 15 12 2 3 1
2 1 0 5 6 2 4 1 2 13
6 5 5 3 1 10 3 10 0 8
14 6 2 25 17 3 3 12 9 3
18 1 5 7 12 5 7 4 7 20
5 1 1 10 7 19 17 7 18 1
10 15 2 7 3 6 6 11 5 9
2 4 2 12 1 0 9 1 3 3
3 11 0 1 7 1 8 3 6 5
7 5 3 10 7 1 7 11 10 6
14 0 4 8 12 10 0 2 6 10
13 12 12 6 22 5 20 6 5 4
20 24 8 3 4 3 14 2 5 14
1 8 2 4 0 6 8 6 8 5
4 9 5 1 9 7 1 8 13 6
3 3 4 1 3 3 1 7 2 3
3 5 0 11 4 1 0 9 6 3
0 1 4 1 4 3 24 10 4 5
9 2 23 4 13 16 3 4 5 7
12 14 5 1 18 1 4 9 6 2
5 20 5 20 3 15 8 7 0 10
6 13 4 5 6 3 2 1 2 14
5 5 10 19 19 0 8 3 7 13
8 8 4 7 7 5 2 17 0 10
4 2 11 7 5 25 12 6 5 10
29 16 5 2 6 3 11 1 5 6
1 18 6 15 6 5 8 5 6 4
2 1 8 2 8 7 21 1 2 3
4 2 15 8 7 6 1 1 2 5
3 4 4 3 4 5 4 5 6 0
4 3 6 1 5 2 8 0 9 4
4 23 6 11 10 15 18 1 3 6
11 13 6 3 7 8 5 7 9 7
5 5 6 10 1 5 9 8 8 8
2 5 5 3 1 7 8 10 4 10
7 9 8 5 5 3 3 5 2 31
13 16 3 15 7 13 3 16 8 8
1 0 10 15 2 3 5 5 2 1
3 4 1 7 3 1 3 7 7 7
14 10 2 14 5 13 6 9 14 4
10 3 2 2 5 1 6 0 4 3
0 3 0 4 5 4 3 5 3 0
1 1 9 6 0 2 0 3 5 3
10 1 8 7 22 6 4 24 4 11
9 20 4 10 3 6 11 8 6 2
9 1 7 7 6 2 7 1 3 6
7 7 3 1 10 7 1 2 1 3
11 1 1 16 14 1 8 4 12 5
7 13 5 6 3 16 14 1 3 3
27 3 9 2 5 5 20 2 6 9
4 1 1 11 12 12 10 20 10 0
16 4 12 4 25 2 0 12 2 10
16 4 11 18 2 6 5 1 14 9
12 9 5 12 4 9 8 0 3 2
5 5 2 3 2 5 1 4 0 7
0 4 10 6 0 1 2 2 0 9
1 11 2 18 3 2 6 14 0 11
2 4 0 0 2 3 10 2 2 7
0 0 16 12 8 17 8 3 22 1
1 3 16 4 3 10 4 11 2 6
2 17 3 18 7 10 21 2 5 7
3 3 7 9 3 4 10 13 17 11
6 10 3 4 6 0 10 12 9 3
8 4 1 7 3 1 16 7 17 6
4 4 15 3 3 11 3 2 8 2
13 12 1 28 10 9 9 14 1 4
6 10 5 26 11 2 7 10 2 17
10 10 5 9 2 3 11 14 2 28
7 2 2 4 10 5 6 21 10 12
9 1 10 20 13 8 13 19 12 1
2 4 11 6 2 5 6 10 9 28
3 1 22 2 23 10 15 9 4 4
2 4 9 5 1 4 1 6 4 0
7 11 0 5 13 3 0 2 5 2
2 18 4 8 8 1 1 15 0 24
17 8 10 4 20 12 6 13 8 9
0 6 18 12 13 16 11 10 15 12
16 6 1 1 5 5 7 3 2 12
3 4 10 11 2 12 9 8 21 0
1 17 2 0 4 2 8 5 8 7
0 5 0 5 1 3 4 5 7 1
9 0 1 0 4 4 2 4 8 12
12 7 10 6 13 2 13 1 17 10
4 10 3 12 8 2 2 1 3 4
21 10 14 9 6 4 16 15 7 4
3 1 17 1 23 10 12 5 10 1
3 2 2 7 5 1 4 2 4 7
5 10 1 16 7 23 8 10 8 11
3 13 18 7 5 7 8 3 2 4
18 16 2 7 11 5 13 1 4 15
2 0 6 3 7 3 4 2 1 5
15 15 6 7 11 11 17 1 6 4
12 11 10 15 5 6 2 9 3 6
1 3 4 1 2 5 4 7 1 3
2 3 1 9 3 6 1 7 4 3
19 0 7 23 12 4 3 5 9 1
4 1 5 9 3 2 1 5 11 3
5 4 6 17 7 2 1 3 15 7
11 6 16 14 0 4 4 16 6 8
12 3 4 1 21 4 3 2 3 0
6 10 6 5 1 14 12 4 3 13
7 11 7 26 4 17 8 12 3 9
3 15 0 6 1 0 12 3 4 11
11 4 2 8 3 14 10 1 14 5
11 6 4 6 1 14 13 17 5 8
1 27 4 3 1 11 15 4 2 8
3 0 2 6 4 0 3 3 2 8
25 15 13 1 3 2 1 14 9 4
4 3 7 11 1 2 5 0 2 0
1 2 3 7 5 3 0 1 4 0
12 12 1 4 2 2 1 11 4 3
0 3 10 1 1 14 1 4 30 0
6 5 7 14 20 17 2 3 9 13
18 6 9 4 13 5 16 1 16 16
4 5 1 1 12 7 1 7 1 6
0 1 24 5 16 2 7 0 23 7
4 1 5 1 2 2 3 1 4 5
1 8 2 6 14 6 1 4 5 2
0 1 15 21 5 1 11 16 12 17
12 2 2 10 2 5 7 24 3 19
2 1 3 3 2 8 3 2 8 1
7 3 0 16 21 12 19 5 10 2
3 4 11 3 9 1 5 6 23 8
7 3 7 10 7 2 2 1 3 6
0 2 8 1 0 11 2 2 5 7
2 5 10 2 12 1 5 16 10 30
5 3 6 4 5 5 2 3 2 1
3 11 1 5 1 3 7 6 11 12
1 22 18 4 0 4 6 11 6 10
7 12 15 14 4 11 1 11 2 10
5 1 1 11 6 9 2 7 12 12
3 2 2 5 2 16 12 2 22 19
5 1 3 8 2 7 2 1 1 1
1 7 2 4 5 1 2 3 2 4
1 6 0 9 3 12 5 1 1 1
5 11 11 12 1 1 6 1 3 9
3 2 4 2 9 6 3 2 5 4
10 8 4 4 11 13 6 5 11 1
4 10 6 12 16 6 7 11 12 11
4 5 4 4 5 8 7 1 2 0
8 2 17 2 21 10 1 21 11 8
1 23 9 8 7 14 13 1 4 2
3 6 4 2 3 1 2 6 4 4
6 15 13 7 0 16 2 11 18 5
6 4 0 28 10 2 13 6 7 19
1 12 11 2 4 0 11 2 11 13
6 12 11 4 13 14 0 10 8 8
2 0 5 1 7 11 14 0 3 2
4 6 8 3 7 2 13 4 3 9
2 9 13 3 2 6 4 4 7 6
3 0 6 7 2 20 9 21 16 8
5 5 7 2 13 7 9 13 18 4
10 1 15 7 14 2 10 8 16 23
3 0 0 4 8 16 1 1 0 8
2 0 6 23 25 6 0 6 7 2
8 16 3 12 4 10 8 4 14 3
10 7 3 2 13 7 11 8 1 4
3 3 1 2 2 8 4 6 0 6
3 4 7 23 19 11 4 0 4 8
2 6 4 9 3 2 4 8 1 6
0 1 1 0 0 8 2 7 3 1
28 4 11 3 0 21 6 11 3 2
10 15 10 4 20 0 13 1 16 7
24 16 9 5 10 3 12 9 14 9
2 7 6 0 2 4 2 4 1 16
15 2 6 16 10 5 18 14 6 4
15 3 4 2 5 9 15 0 8 12
4 6 10 12 14 2 1 2 6 5
6 13 1 1 7 7 0 2 8 5
1 1 7 8 5 9 9 1 14 5
0 8 4 9 8 5 7 10 4 1
5 2 2 2 3 6 2 2 3 6
7 1 8 12 8 3 11 12 5 2
5 0 4 7 1 15 8 3 4 2
3 3 1 5 4 2 4 4 0 4
16 11 0 4 20 8 2 14 0 4
16 4 2 2 3 13 6 7 2 2
3 1 24 14 18 12 12 7 0 2
2 3 2 4 7 3 3 4 1 0
6 0 4 4 2 3 1 2 6 9
10 13 13 6 2 23 3 5 15 1
20 1 1 7 8 24 7 4 4 2
4 7 4 5 1 10 9 9 2 7
2 3 7 11 1 6 6 15 6 7
18 13 4 14 26 3 1 0 2 0
2 10 5 8 3 12 10 7 1 1
17 8 18 2 9 2 1 2 2 9
6 1 9 4 1 3 9 0 13 11
7 1 2 5 0 5 1 4 4 6
1 6 5 2 3 8 1 1 22 2
2 7 2 4 1 6 5 2 3 4
10 9 12 15 19 15 2 10 4 6
6 3 3 0 2 2 5 13 15 1
9 13 9 1 13 14 3 9 26 11
6 7 11 2 10 7 4 7 0 1
4 6 2 6 5 1 0 2 7 2
4 8 5 6 9 12 7 4 8 13
5 1 13 4 8 9 9 5 10 1
3 8 11 4 5 6 2 2 0 10
1 10 12 10 12 3 12 12 3 14
11 7 6 1 2 8 8 4 5 5
5 10 4 5 12 6 2 18 3 18
9 6 1 7 7 11 10 4 5 2
17 8 6 1 7 7 4 2 2 1
18 1 2 21 1 15 9 6 13 10
3 11 7 4 8 7 7 8 2 7
9 2 3 8 10 8 8 5 4 10
23 15 3 14 4 1 9 1 9 1
4 12 1 1 22 1 5 1 19 1
2 6 1 18 14 4 16 8 10 6
5 2 5 11 13 0 4 24 6 9
2 5 9 5 5 2 6 0 6 2
1 3 11 4 13 10 1 6 12 6
1 11 4 16 4 9 9 5 8 16
4 6 3 0 1 5 0 11 2 4
8 25 3 7 6 4 14 19 5 10
8 4 0 2 1 5 1 9 4 12
3 10 11 5 2 6 5 10 1 3
9 5 9 3 10 14 0 4 6 5
1 2 0 2 6 5 7 7 5 8
2 7 7 4 9 2 4 0 3 5
13 2 2 12 3 2 8 3 6 18
3 0 4 0 2 8 5 1 1 1
1 6 0 11 2 12 11 4 13 7
7 17 2 1 11 1 20 5 8 10
7 6 10 11 7 3 7 4 1 9
1 3 6 5 2 8 6 5 5 3
6 4 1 11 0 4 8 14 17 16
11 5 0 17 4 3 16 17 4 8
2 15 11 13 11 11 5 17 12 4
6 2 2 2 5 5 2 4 2 4
6 1 3 6 12 14 3 1 4 4
7 6 2 3 8 3 0 1 6 9
4 1 3 5 1 13 6 1 12 15
3 14 11 0 11 12 2 4 5 9
8 14 11 5 6 20 7 18 7 6
11 2 1 1 1 7 3 10 4 1
5 6 1 23 1 1 8 6 12 11
13 5 8 10 12 2 5 6 7 10
1 16 9 3 0 13 3 2 2 25
0 3 10 1 4 2 5 6 3 4
7 9 12 9 11 7 2 10 2 16
4 1 13 6 14 8 1 4 3 22
5 6 8 2 3 2 2 5 13 6
6 13 12 0 1 1 17 9 13 1
6 20 7 6 10 10 5 11 26 1
2 4 6 6 4 0 4 3 6 0
17 10 8 16 5 8 4 14 1 16
16 9 7 6 4 6 1 18 4 3
12 3 19 9 8 3 19 8 2 2
4 3 1 7 20 4 0 6 0 6
5 12 5 1 9 4 3 2 2 0
5 17 4 17 23 4 1 4 2 3
1 6 2 20 12 7 2 1 3 0
7 1 9 2 4 15 7 2 0 4
0 1 11 0 3 1 7 8 7 1
9 2 1 2 5 5 16 7 7 10
14 8 8 9 7 8 13 2 6 7
1 5 7 2 14 9 9 10 5 4
5 6 2 5 4 0 5 1 1 2
7 7 16 0 3 6 13 2 8 9
4 6 0 1 2 7 1 6 5 0
5 15 6 6 9 4 1 11 5 7
8 1 8 2 1 5 6 4 8 12
5 5 1 3 7 9 0 5 3 6
6 3 0 10 3 11 8 6 5 23
8 3 5 3 11 12 5 5 10 5
0 8 4 2 2 3 0 4 3 3
1 1 12 3 4 4 9 1 9 8
1 12 9 12 5 17 7 5 5 0
2 3 3 2 0 2 4 5 4 5
8 5 21 3 9 14 9 7 9 4
1 1 6 1 3 0 1 10 0 8
4 10 2 5 8 9 8 8 1 12
2 3 6 6 1 4 3 2 5 7
8 1 9 10 18 19 19 8 0 8
6 0 6 11 3 1 11 6 4 4
9 16 5 12 22 4 14 15 3 1
3 6 4 3 2 0 10 13 13 25
3 9 7 12 8 9 1 3 7 10
3 9 1 1 12 4 9 9 5 4
3 15 1 3 14 13 4 0 3 8
4 10 2 9 8 1 4 9 7 7
3 12 6 10 6 7 23 13 0 12
7 2 3 7 17 10 6 18 18 2
1 1 6 8 5 17 8 13 1 10
6 16 4 4 5 9 0 27 3 11
7 1 22 20 6 0 1 15 1 6
6 13 0 10 0 8 12 12 1 7
8 9 0 7 6 7 8 4 1 6
0 5 5 8 2 4 4 1 4 11
2 6 3 1 8 1 4 0 3 3
4 8 5 4 1 1 19 10 11 2
14 4 15 11 2 12 4 4 9 7
17 4 9 16 19 11 4 12 2 0
1 6 5 8 6 4 5 23 1 8
9 8 16 4 3 6 14 9 15 17
13 4 5 13 5 11 9 0 18 9
14 4 11 25 3 7 0 1 9 10
3 4 4 6 17 10 10 3 6 6
12 1 0 0 8 1 1 5 3 2
5 1 0 1 7 2 1 6 7 0
7 11 3 6 12 2 9 6 7 7
6 6 3 1 4 2 1 5 1 5
20 8 5 13 18 12 9 18 5 3
6 5 7 10 1 0 7 8 5 7
8 1 13 13 3 4 1 1 7 5
1 13 1 5 5 1 16 25 10 5
2 2 1 7 7 0 5 3 2 3
8 7 4 5 10 6 3 5 5 3
8 16 0 11 7 7 4 15 17 0
6 8 1 1 6 1 5 5 9 10
5 5 3 5 1 1 1 2 0 4
19 14 0 20 1 5 13 2 2 8
3 8 3 8 3 4 16 9 2 11
5 5 0 1 2 2 3 4 12 4
8 11 12 10 6 1 20 16 6 3
1 1 5 6 19 11 20 1 11 12
0 9 3 5 1 2 3 5 1 7
4 0 2 3 4 3 0 5 5 4
0 23 12 3 5 5 3 10 19 6
6 15 1 2 1 1 0 7 8 6
0 4 1 12 4 2 1 1 7 4
1 2 0 2 5 1 2 1 1 8
1 4 4 1 3 7 10 8 10 5
24 20 5 6 11 14 12 6 3 7
8 12 13 3 2 14 17 20 1 6
2 4 1 6 7 1 1 0 2 4
1 3 5 17 17 20 5 17 12 2
1 1 5 12 6 1 9 2 10 0
2 6 4 8 7 9 11 0 9 4
7 4 1 15 0 3 5 0 2 4
8 2 2 13 19 3 26 8 14 8
7 3 1 1 1 4 2 3 4 5
7 10 4 3 10 1 7 2 0 3
11 3 1 16 2 0 8 11 7 15
0 4 9 8 8 0 12 2 5 4
2 2 9 5 6 7 8 1 2 9
11 1 16 6 5 9 7 2 4 1
5 12 2 0 0 13 7 5 11 14
2 1 14 11 7 23 16 6 15 5
11 2 19 0 13 24 8 4 16 5
6 6 8 3 9 10 4 4 7 1
13 5 1 7 2 3 16 14 7 5
13 1 4 8 15 7 3 1 8 2
11 3 22 2 3 4 14 6 19 1
1 10 8 9 19 5 7 16 11 16
11 6 1 4 4 6 2 7 5 6
2 2 4 6 3 3 6 3 1 1
1 8 0 0 1 0 6 16 1 4
17 16 14 2 9 20 4 10 5 1
5 2 20 11 12 11 1 11 5 16
2 4 4 1 6 1 0 1 2 5
7 1 7 8 14 2 3 12 9 0
0 11 1 9 1 4 4 4 6 1
9 4 16 7 1 6 15 3 7 10
17 3 5 3 0 2 11 1 0 0
12 1 11 25 5 7 5 4 7 4
3 7 3 5 5 3 10 1 0 4
11 1 5 7 3 5 7 17 4 15
11 0 8 10 5 6 2 5 2 2
9 7 22 7 4 7 5 1 10 12
7 3 8 15 3 3 18 19 21 6
7 1 5 15 10 7 3 1 11 0
16 3 18 2 3 5 8 13 16 0
3 12 21 1 1 18 1 6 8 2
16 18 4 1 7 10 7 8 3 12
1 11 2 0 23 3 4 24 16 2
1 6 6 3 4 2 2 2 2 1
8 13 11 4 4 3 5 4 4 1
13 5 5 1 9 3 12 7 3 10
5 4 1 2 3 2 1 2 1 8
3 3 0 1 8 3 6 6 0 3
5 12 8 3 3 7 0 8 7 5
4 2 14 3 14 6 2 10 5 5
4 3 7 1 1 2 1 5 1 5
0 12 2 8 13 0 5 7 5 17
11 1 2 3 9 3 5 10 13 5
4 0 3 4 5 2 10 2 1 5
8 6 4 15 1 17 8 11 5 16
2 5 4 6 6 5 1 10 6 15
0 12 0 1 6 0 6 2 3 5
1 4 2 4 1 3 5 6 3 4
9 6 9 11 21 19 2 11 7 6
1 6 0 2 3 7 1 5 2 3
5 10 5 6 12 15 16 4 16 2
7 6 3 11 9 4 1 1 3 7
1 11 0 6 5 3 8 22 7 3
0 5 10 12 15 9 21 4 0 21
3 5 2 0 15 8 1 10 2 0
9 11 7 2 9 7 11 0 6 4
2 2 1 4 9 5 1 4 9 7
7 10 3 16 10 10 16 6 15 8
5 1 8 1 0 0 2 1 0 2
1 0 4 0 7 4 2 7 11 5
0 7 0 2 6 1 6 0 3 0
8 16 9 2 15 12 24 3 3 12
9 11 9 0 6 0 2 4 4 15
6 5 8 2 10 20 8 14 4 21
5 1 2 9 7 3 1 1 0 3
1 1 5 3 3 4 7 3 2 4
4 4 1 5 7 2 1 1 2 1
7 4 12 3 4 2 6 13 12 0
5 6 4 6 8 0 19 0 3 1
6 0 4 0 9 8 2 2 4 4
4 13 3 14 2 9 3 5 14 1
16 10 3 22 11 12 6 7 7 5
6 2 8 4 10 2 0 5 1 2
1 10 1 11 1 13 4 10 9 9
5 7 8 1 20 2 8 2 12 1
20 6 22 1 10 7 8 5 7 2
3 4 3 3 2 1 2 0 4 7
0 14 12 3 10 8 3 3 6 6
3 2 1 2 8 4 9 4 19 2
8 4 3 1 2 2 2 3 3 1
5 1 1 1 4 3 8 9 3 12
0 6 6 2 9 5 15 14 0 16
25 0 11 14 8 1 6 3 18 15
7 6 9 0 20 1 6 13 0 1
8 4 7 2 3 2 3 14 5 3
11 3 3 6 4 0 10 2 3 4
10 9 1 1 8 4 8 9 6 11
1 2 2 5 3 3 2 4 2 12
5 4 4 12 9 16 7 20 0 20
2 5 5 4 3 1 3 2 3 3
2 2 3 20 7 12 2 14 6 1
4 18 19 12 7 3 4 11 6 4
3 10 1 1 3 6 0 0 16 8
1 12 4 3 11 9 9 6 2 1
2 2 4 7 0 7 0 2 4 8
3 0 1 4 1 1 5 2 7 2
7 12 8 10 7 6 0 13 3 4
20 13 16 3 11 5 15 13 10 4
6 26 5 3 20 8 10 3 13 4
5 10 2 9 1 1 0 6 3 0
11 15 8 7 21 16 7 14 1 7
1 0 10 6 6 4 2 1 6 6
17 1 14 4 17 0 7 3 3 5
9 11 8 10 9 2 5 2 13 12
8 25 5 5 8 3 16 7 5 12
4 2 3 7 0 6 3 3 4 1
7 8 3 18 16 11 14 5 8 3
2 12 6 5 4 0 6 1 3 8
5 3 13 5 6 0 6 6 4 8
2 6 10 0 8 7 4 6 0 4
7 23 3 14 15 16 7 9 6 11
6 2 2 4 3 2 2 3 5 1
2 7 2 0 3 3 7 3 3 0
5 4 8 2 9 1 7 19 1 1
9 16 3 4 15 4 6 5 8 10
17 2 4 14 8 1 4 4 10 1
4 2 5 5 8 3 0 2 5 3
4 1 5 4 2 0 7 5 2 6
6 2 5 1 0 0 3 0 6 3
4 1 18 19 4 10 11 16 11 4
3 4 2 7 7 9 0 5 2 10
2 1 1 0 2 4 19 4 10 2
3 4 4 17 3 10 2 0 14 2
14 12 10 13 7 0 2 10 9 4
11 2 13 20 8 2 0 14 4 5
4 4 4 5 9 5 5 2 1 3
4 23 1 11 25 1 5 8 4 6
3 7 6 6 11 5 4 24 9 11
0 9 7 24 11 3 4 21 5 2
2 17 1 26 14 16 11 2 6 1
6 2 13 13 0 2 3 19 4 4
6 13 5 5 7 5 0 1 29 16
1 0 2 1 2 4 0 4 11 3
4 2 5 14 4 3 16 10 30 5
5 4 12 10 18 3 7 17 10 8
8 7 6 12 0 13 11 18 7 24
3 3 2 4 6 7 0 6 2 4
3 5 7 5 5 1 3 4 5 0
2 4 3 2 0 3 4 1 8 2
6 7 12 15 1 4 2 9 9 2
8 3 11 12 4 12 13 11 14 2
5 5 3 24 12 2 1 12 11 6
5 5 4 8 1 3 1 1 6 7
8 1 2 6 3 3 3 2 4 1
2 6 11 13 5 7 6 5 6 0
9 3 4 0 2 7 4 4 6 6
5 5 9 9 1 3 0 3 4 6
6 7 13 0 2 26 1 8 9 19
3 3 6 1 18 3 5 8 14 2
17 9 7 6 12 16 20 3 5 6
3 2 3 2 5 15 2 10 17 10
9 6 7 5 6 1 2 0 5 2
11 4 16 10 12 3 10 14 4 19
3 6 2 14 11 9 2 7 0 1
7 0 22 12 8 3 9 10 1 8
1 1 1 1 20 2 5 4 7 2
3 0 0 5 2 2 2 9 4 4
1 7 3 7 9 11 3 1 6 1
8 21 4 17 4 7 2 2 4 12
22 1 1 6 18 20 9 3 1 7
4 6 0 6 5 4 6 0 7 0
7 0 18 3 22 0 7 13 5 8
1 4 7 10 0 3 2 6 5 7
6 22 6 5 5 14 4 14 8 1
11 5 1 8 13 0 13 7 16 13
1 12 4 6 9 13 17 10 2 4
2 12 11 3 3 11 23 8 16 7
11 7 11 4 3 2 1 9 5 5
20 19 12 12 5 5 6 22 3 3
3 1 2 6 2 6 6 3 12 5
3 2 1 1 2 2 23 5 1 1
6 1 7 1 2 0 13 1 4 9
8 6 0 0 5 8 1 0 4 0
8 4 3 0 8 3 15 6 4 7
5 1 0 3 5 3 4 1 4 3
0 1 3 5 16 2 6 7 1 7
14 10 8 23 13 1 16 8 9 6
11 8 1 13 3 9 15 3 2 4
8 5 1 2 10 0 1 11 5 0
0 0 10 3 8 13 8 2 1 4
1 4 11 8 5 21 2 4 2 23
16 4 9 6 29 10 2 11 5 4
1 3 4 2 8 1 4 4 0 7
10 4 18 2 19 24 6 6 4 2
4 3 1 17 3 3 1 2 1 3
5 11 7 3 10 11 28 1 6 8
14 15 10 3 8 0 8 6 1 19
11 1 7 24 3 15 3 10 3 16
1 5 4 4 11 8 9 7 7 5
6 9 0 3 2 1 8 2 3 9
18 1 5 15 2 7 6 4 0 2
2 1 5 2 3 8 1 3 2 2
10 6 8 11 4 2 17 16 11 3
2 1 7 2 6 2 5 9 2 7
2 6 14 6 4 17 3 14 7 0
19 9 11 8 8 12 8 10 2 9
2 7 4 17 13 3 5 13 8 4
12 1 5 9 3 7 2 3 5 12
2 1 1 11 4 7 4 4 6 2
20 11 7 8 7 8 11 18 11 0
5 5 6 1 10 2 10 2 6 10
3 8 7 4 0 5 2 3 4 5
4 4 13 0 2 10 7 8 8 4
5 8 6 2 2 6 12 11 7 16
6 5 9 4 0 2 10 5 1 3
15 5 1 13 6 21 9 3 14 2
5 1 3 9 0 1 3 5 2 1
13 8 2 10 2 4 2 2 9 6
12 3 0 7 7 2 9 5 7 3
6 3 0 2 6 5 4 2 8 2
8 14 4 6 19 23 2 13 2 2
23 15 5 11 5 9 6 6 11 12
4 1 11 12 1 19 2 1 6 11
11 7 8 1 2 3 2 4 8 9
4 10 10 14 11 8 12 15 1 16
1 4 6 9 5 5 6 2 10 7
1 22 6 7 11 0 3 4 7 14
1 1 6 0 2 6 4 3 3 2
22 3 0 4 14 16 12 9 12 15
2 5 3 16 3 2 7 1 5 5
5 1 1 3 1 7 6 8 3 2
6 16 5 7 5 7 3 2 3 4
16 13 1 2 0 19 3 6 19 7
8 19 10 6 1 0 20 22 3 8
8 4 9 7 2 11 10 4 14 14
1 4 16 9 12 12 9 13 1 7
12 4 15 13 17 7 1 1 9 3
1 4 9 1 3 0 3 3 1 1
5 11 5 4 3 2 1 1 11 7
2 2 4 1 0 0 6 5 3 3
7 8 2 1 11 6 9 3 0 1
3 5 12 7 5 24 14 11 14 2
4 6 8 5 1 2 4 10 8 0
1 4 6 12 9 5 16 2 0 0
9 1 7 4 2 1 0 4 6 2
9 8 15 14 10 9 2 13 20 16
18 14 6 10 16 1 5 16 2 9
1 5 4 10 3 0 9 4 1 6
13 13 2 3 12 3 18 8 4 3
2 6 4 7 5 9 1 13 2 5
7 9 14 13 14 6 7 4 5 4
6 7 1 1 6 2 2 2 4 3
10 4 3 7 10 6 6 6 19 0
5 32 9 0 6 10 14 5 7 2
10 1 8 6 15 10 0 8 3 7
9 4 14 6 9 12 2 11 6 9
8 2 11 21 17 8 6 8 7 21
2 20 10 13 20 2 4 1 9 2
0 5 4 2 4 3 5 3 2 5
4 5 0 1 1 4 7 1 2 0
25 18 2 3 9 16 9 3 5 6
10 1 1 9 7 8 5 16 19 11
5 4 2 4 22 10 2 7 4 8
2 3 5 0 13 2 3 13 2 4
2 8 17 2 6 3 2 3 9 3
23 2 8 16 5 3 9 5 7 22
0 2 4 2 20 15 4 6 4 8
0 16 1 7 9 0 5 5 4 8
4 8 6 3 4 3 4 10 8 4
8 6 8 1 3 7 1 0 8 1
3 0 3 6 2 3 1 1 5 3
6 1 2 8 2 2 6 5 13 6
6 8 6 2 10 1 1 3 2 5
22 11 5 3 10 25 3 6 6 7
7 6 2 2 8 8 9 6 5 11
5 14 9 5 3 15 4 10 3 5
0 6 2 1 2 6 4 3 10 1
16 3 1 2 12 6 8 6 0 8
2 1 7 12 3 17 3 12 9 14
11 10 14 6 14 18 6 9 10 6
4 3 5 7 2 9 5 8 3 10
5 5 15 6 1 2 0 10 3 1
15 6 4 3 18 17 6 14 10 11
21 4 5 7 14 19 1 16 8 10
2 13 14 12 8 3 5 5 0 0
24 7 13 15 3 1 18 8 5 11
4 2 5 14 4 3 2 0 7 4
9 4 1 2 11 0 13 7 8 9
3 3 4 5 6 1 2 4 5 3
2 2 3 5 2 2 2 3 4 7
5 2 2 1 5 1 11 2 2 7
6 5 3 2 18 8 3 25 16 11
3 7 10 6 1 4 8 3 2 17
4 15 10 9 8 5 2 4 2 4
9 1 1 14 4 6 24 5 6 5
0 1 8 5 11 12 3 4 4 19
4 7 1 3 1 1 1 13 3 2
11 6 8 9 3 6 2 4 8 3
0 1 1 8 1 1 0 4 7 2
4 0 12 6 3 20 4 3 14 8
1 4 19 11 2 1 0 17 4 2
1 23 3 14 7 19 4 8 12 9
7 2 2 1 2 9 10 9 4 13
4 2 0 4 8 8 4 6 0 17
3 4 5 2 1 7 0 2 6 1
1 11 10 11 6 10 1 2 5 3
10 9 11 6 11 6 7 12 6 5
7 8 10 2 0 4 8 3 10 6
12 6 7 0 6 0 1 14 13 0
4 2 2 6 9 3 2 5 3 3
2 14 7 13 10 22 7 7 1 1
3 5 7 8 15 8 6 23 14 5
5 1 14 22 6 3 11 14 12 15
3 12 12 3 1 10 12 4 18 2
12 3 7 1 3 5 6 6 9 3
2 7 2 9 6 6 6 20 23 14
0 6 7 5 6 10 0 7 2 3
6 1 2 4 0 1 11 3 9 1
1 10 4 4 5 0 6 3 4 4
11 5 10 3 4 2 17 13 18 0
13 1 0 1 8 4 3 1 2 5
3 4 9 2 3 1 6 9 1 3
11 1 2 6 3 6 2 1 8 3
4 8 1 13 7 0 11 5 9 4
3 4 0 1 7 9 8 3 2 6
2 9 4 19 2 12 1 1 14 9
2 7 10 12 8 9 3 1 4 13
9 8 12 14 8 8 4 4 19 9
3 4 5 5 3 3 2 1 1 2
9 11 7 12 5 3 12 7 2 4
14 13 4 10 1 16 15 5 7 5
5 10 6 0 1 5 7 9 1 7
4 4 6 1 4 3 2 3 0 1
5 13 0 9 5 16 20 8 3 10
22 2 1 6 6 6 14 10 4 5
3 15 7 1 1 20 6 6 13 25
4 2 0 7 11 0 11 9 10 6
6 15 4 2 12 24 6 3 6 15
2 3 5 3 1 21 16 13 7 3
5 4 4 2 2 1 4 3 3 4
8 5 6 10 3 7 13 5 12 7
7 4 6 0 5 10 2 3 7 5
10 6 2 3 0 7 1 5 5 3
8 5 2 7 2 0 13 17 13 2
6 4 10 8 15 1 4 0 16 17
23 1 2 6 3 5 9 21 14 4
4 4 8 0 4 6 9 6 6 5
0 3 3 4 4 29 4 10 19 8
0 2 0 11 1 2 5 5 1 12
10 7 5 5 5 2 0 16 2 8
6 0 2 6 6 2 1 4 9 4
12 4 18 18 3 2 0 13 6 1
6 4 6 4 7 2 2 7 1 7
4 6 7 9 0 7 2 2 1 1
2 6 2 5 1 3 3 6 1 12
0 7 1 0 0 2 9 8 2 2
2 6 8 0 1 1 10 4 0 1
11 1 9 6 13 0 3 1 15 3
1 1 5 2 4 4 1 2 5 6
20 5 4 7 10 1 7 23 6 8
8 11 3 0 8 15 2 6 1 15
12 8 9 1 30 7 6 1 4 8
4 6 2 2 3 2 3 5 3 5
1 7 9 9 5 3 20 4 0 10
2 11 6 4 10 14 5 7 1 5
5 4 1 2 5 1 1 3 2 4
3 1 3 3 6 6 4 1 2 3
10 2 23 1 10 17 19 2 13 4
0 6 0 3 2 3 6 3 8 6
1 17 9 4 1 27 14 2 3 16
9 4 1 6 3 17 1 7 0 15
10 2 5 14 7 5 10 3 0 5
13 2 0 0 2 1 6 3 2 4
9 2 5 8 13 21 19 8 13 14
1 10 1 4 4 4 8 13 0 2
6 1 4 4 5 6 3 1 4 1
4 12 14 5 4 12 3 10 5 5
2 7 2 3 17 6 8 7 6 5
1 7 5 1 1 2 3 1 0 1
4 2 2 6 3 3 10 2 0 5
4 11 8 7 3 4 8 9 6 4
7 6 7 8 18 4 15 12 1 17
0 4 2 4 7 2 6 4 11 12
10 23 6 2 11 14 5 10 0 13
9 7 0 3 2 4 2 1 6 5
5 2 6 8 3 2 9 6 2 2
0 2 2 13 9 25 1 8 16 13
8 7 3 8 10 9 23 6 0 13
5 2 1 6 3 19 12 3 5 2
9 4 14 28 1 5 2 5 3 5
4 2 10 0 8 3 1 6 1 2
5 3 2 1 1 4 10 15 13 1
16 10 1 3 4 12 13 12 13 0
6 6 5 1 14 2 4 4 5 11
1 2 11 14 16 19 5 6 8 1
5 13 6 2 9 1 4 8 11 8
3 7 11 2 2 12 11 19 17 7
13 3 8 4 3 2 7 2 3 1
2 2 10 10 2 2 4 1 4 1
14 2 15 16 12 2 1 6 5 19
0 6 4 1 5 1 1 0 8 1
3 5 7 11 1 1 9 9 0 1
10 18 0 4 5 1 0 4 9 7
7 9 20 4 2 11 13 3 1 4
5 3 4 5 14 0 4 6 2 2
2 3 10 10 13 3 3 11 4 6
1 9 2 3 2 1 3 0 5 4
3 7 1 0 8 4 6 1 2 6
15 1 4 10 11 1 9 17 14 14
4 8 8 1 5 5 5 1 2 16
26 9 5 7 3 8 1 13 2 9
5 1 4 2 6 1 2 1 4 4
3 8 5 5 5 10 23 6 8 0
2 11 6 1 18 17 4 3 8 1
4 4 6 6 7 0 3 8 8 5
20 18 2 3 9 2 4 7 20 10
2 8 10 5 5 14 0 4 6 2
7 2 0 5 10 4 1 5 4 7
25 15 11 4 5 4 9 4 17 10
15 1 5 6 4 21 4 11 11 6
4 6 2 7 9 5 11 12 3 5
1 7 1 7 20 8 3 5 9 11
1 13 5 2 0 2 9 8 1 0
2 5 8 2 3 4 3 2 0 7
8 6 6 2 7 5 0 0 4 1
2 2 1 8 3 9 13 3 3 9
2 6 0 6 2 1 3 3 6 2
2 4 18 4 5 0 6 8 4 7
9 13 5 5 9 2 5 7 12 0
1 8 3 7 7 0 3 0 8 16
1 7 2 8 4 0 0 7 9 16
1 6 10 23 11 7 22 6 4 8
3 2 5 11 5 10 4 5 3 5
9 3 8 10 16 1 0 14 5 15
8 14 5 14 20 8 3 4 2 10
8 9 6 2 15 11 8 2 2 7
18 2 4 15 7 9 9 12 9 15
13 4 4 1 7 3 11 16 19 0
11 13 4 11 3 11 4 9 5 2
2 11 15 14 5 11 10 15 8 13
5 3 1 8 4 17 15 1 3 8
13 1 3 7 1 8 9 0 1 10
4 3 2 7 1 4 4 5 4 1
0 1 1 1 5 0 16 8 6 6
5 0 3 4 5 5 6 0 3 3
3 1 3 2 4 2 6 4 7 1
11 5 5 4 2 6 1 3 1 0
2 3 5 2 6 2 1 2 6 1
10 7 24 7 15 7 11 9 12 12
13 2 1 3 3 9 1 9 22 1
5 2 0 10 13 3 0 3 2 4
13 0 4 3 20 1 7 22 9 0
3 1 9 6 5 9 10 1 4 3
12 4 3 2 6 8 5 3 4 6
3 7 10 8 3 8 5 23 7 8
3 4 20 14 3 11 12 5 8 7
6 7 5 8 7 5 11 5 8 4
1 15 2 7 8 20 16 11 18 9
3 19 7 3 6 5 8 8 1 6
7 3 12 2 8 4 11 2 8 2
20 7 12 1 1 9 10 13 11 7
21 3 2 5 14 9 10 4 17 18
13 5 4 9 3 16 0 10 3 9
6 2 23 3 1 3 0 27 15 1
0 4 1 9 2 1 1 1 7 3
10 5 9 13 5 7 12 5 3 16
1 3 10 8 18 5 17 3 3 2
11 2 10 3 0 8 2 14 2 2
3 7 1 2 3 4 5 4 5 10
5 1 2 1 1 6 3 3 0 5
6 1 8 21 3 1 1 8 8 7
3 0 15 3 14 18 10 1 5 9
13 11 12 3 18 7 3 2 8 4
11 5 1 11 3 19 9 19 1 6
11 7 3 6 11 6 11 13 6 6
4 23 5 6 4 10 0 5 1 0
5 6 7 11 14 4 7 6 8 3
0 14 10 1 9 11 1 11 2 4
9 9 2 2 9 2 9 1 5 6
10 5 7 9 2 7 1 10 3 4
12 7 12 16 16 2 16 4 9 10
7 6 2 14 6 4 7 1 17 2
2 1 2 1 21 14 3 2 10 5
1 7 2 3 2 6 11 1 9 11
5 7 0 2 6 20 8 6 3 26
7 3 8 0 8 9 7 14 7 7
21 6 1 2 7 2 13 15 4 24
15 15 5 1 3 13 9 9 12 4
6 1 0 10 2 5 2 10 1 8
1 2 2 1 2 2 2 6 6 4
11 7 7 11 3 9 5 7 11 2
10 1 11 9 0 3 6 2 1 7
2 1 1 2 7 6 4 1 2 1
18 19 0 2 13 7 4 15 7 8
12 5 13 10 0 6 6 2 19 18
9 6 11 20 8 3 12 6 11 1
2 2 9 2 0 1 2 4 2 0
7 8 6 3 4 6 8 8 5 2
4 4 7 1 2 8 4 5 11 6
4 7 2 3 26 5 10 9 1 7
1 1 25 9 9 2 1 8 1 4
3 4 2 0 1 1 0 5 6 1
1 0 3 7 2 6 2 2 5 1
5 7 12 9 10 1 26 4 11 17
2 1 4 4 3 4 1 2 6 2
1 0 4 10 7 1 9 5 0 0
1 4 0 4 2 9 2 1 1 10
6 13 13 2 9 3 5 1 4 7
6 11 13 2 4 2 0 12 20 4
13 6 4 1 7 9 3 9 4 4
20 2 6 13 7 1 15 4 7 14
11 9 3 15 1 1 12 9 0 13
13 0 19 10 4 13 17 6 10 5
8 13 17 14 9 15 2 2 8 4
1 3 7 4 2 4 4 10 3 9
10 2 1 13 14 5 4 1 0 2
20 7 6 1 9 13 3 17 6 14
3 12 20 2 10 9 6 8 1 0
1 1 9 22 0 20 3 11 6 12
7 2 3 3 3 7 2 1 0 1
3 4 2 9 3 6 5 1 1 1
12 0 9 2 3 15 22 3 7 7
6 7 4 0 7 4 5 0 3 5
13 15 2 8 6 11 13 13 16 9
11 15 6 2 5 5 14 4 2 9
10 2 2 8 1 0 1 2 1 6
4 2 4 1 4 11 0 4 1 6
12 12 6 13 7 15 3 3 1 11
1 1 10 9 4 0 1 10 0 5
6 26 12 7 6 1 11 16 9 0
11 10 9 2 11 7 4 6 13 6
14 6 0 7 2 7 12 5 6 15
20 11 6 18 6 9 4 5 9 5
9 2 1 5 5 11 12 4 5 4
2 3 0 4 7 5 7 5 7 3
0 1 3 9 5 2 2 1 10 11
3 8 1 26 2 0 17 1 1 3
8 6 4 3 8 13 8 10 8 1
9 5 13 1 3 9 3 6 2 11
0 5 10 2 19 14 19 2 8 14
2 4 1 5 2 5 7 1 4 2
22 13 12 3 7 6 14 14 6 5
4 5 5 5 2 12 3 0 6 0
10 9 9 1 13 2 1 15 1 17
5 2 4 4 4 5 6 2 6 7
6 4 2 2 5 3 6 2 0 11
17 15 7 3 10 6 7 20 8 5
0 4 2 0 2 8 3 2 3 3
7 4 2 11 3 13 4 3 7 3
1 0 2 3 1 6 4 6 11 2
3 1 3 7 13 2 13 3 14 15
0 1 12 4 12 1 5 8 3 10
6 1 8 0 7 1 4 3 11 3
7 6 3 12 0 4 7 0 6 6
7 7 9 2 10 1 0 3 15 3
5 8 9 2 1 3 3 5 4 5
3 2 15 9 7 3 1 1 6 0
21 10 10 19 19 3 6 12 0 5
4 3 3 1 7 15 4 13 16 2
9 2 4 13 3 3 17 23 4 16
1 6 4 1 8 13 9 15 6 3
10 27 8 1 5 10 2 5 12 9
0 8 6 6 0 1 6 15 10 0
9 6 5 2 3 9 2 0 9 8
1 3 3 0 8 2 3 2 1 2
4 3 4 2 3 4 1 6 0 2
6 14 7 4 13 12 1 11 4 1
3 4 4 2 1 2 2 8 1 1
2 7 4 2 2 3 6 4 1 8
0 8 6 10 1 7 13 3 12 4
1 7 1 8 4 21 12 3 8 18
7 13 4 9 14 6 8 9 2 7
3 2 3 13 8 4 4 11 5 4
12 9 2 17 1 1 1 5 4 20
1 3 1 2 1 5 5 1 5 5
11 18 13 9 6 11 14 2 4 2
2 9 13 6 6 5 4 6 1 6
3 12 4 6 2 5 1 2 3 7
21 4 3 5 12 3 12 17 5 1
1 7 3 6 3 4 6 3 4 1
5 4 11 4 0 2 3 3 5 1
6 4 4 2 4 2 0 4 5 7
0 3 2 9 2 13 1 7 9 7
5 13 11 6 6 1 13 3 9 17
10 4 2 4 5 3 6 7 6 6
8 6 7 14 6 10 3 10 29 0
4 5 8 7 1 6 6 2 5 4
7 6 1 20 13 14 2 0 1 12
8 9 10 8 17 10 2 8 9 11
0 9 1 4 1 3 1 2 11 4
7 4 6 1 10 5 4 9 16 10
2 1 1 2 2 5 1 7 2 3
7 14 12 2 2 10 3 9 21 1
15 1 4 10 6 5 1 13 8 13
6 12 7 4 5 10 2 7 13 2
8 2 10 1 1 5 3 3 4 0
10 2 1 5 4 9 4 3 7 6
4 6 4 3 7 4 8 8 3 2
12 11 2 10 6 4 7 7 11 14
7 11 19 6 11 21 3 6 5 2
13 6 23 2 22 3 2 6 8 5
2 6 6 1 2 1 1 0 1 4
5 8 6 5 8 0 0 6 4 1
1 6 2 7 2 4 6 3 2 2
10 8 6 6 4 1 2 12 10 12
3 3 5 5 7 1 2 1 7 3
5 2 4 1 4 1 2 4 1 7
6 5 13 16 6 6 7 4 6 12
7 4 2 5 4 4 3 8 8 4
1 5 3 10 2 6 6 2 7 4
1 6 2 22 3 8 18 1 4 0
1 0 3 5 3 7 1 4 4 3
11 3 8 8 9 6 6 0 11 9
4 7 6 5 2 8 4 3 4 7
7 0 14 0 1 8 14 10 11 0
14 6 13 15 8 5 7 12 18 15
8 2 5 8 3 0 5 4 11 5
7 24 13 2 2 4 12 12 4 4
10 2 11 2 0 3 2 1 4 0
1 10 0 5 6 17 12 5 3 3
9 1 14 1 10 12 20 22 7 1
1 0 4 3 8 2 4 2 1 0
10 3 3 2 3 6 4 10 4 1
12 9 3 6 23 2 7 13 0 9
4 6 4 3 1 1 4 4 2 2
14 3 3 10 5 12 1 8 11 4
1 5 8 9 13 13 4 2 9 8
7 7 6 1 10 0 8 6 5 11
1 3 1 0 5 0 6 0 9 4
2 31 2 11 9 1 5 7 10 4
6 19 9 4 7 8 7 2 12 5
10 4 0 15 23 7 7 4 1 18
5 15 15 10 6 16 16 14 9 10
7 3 3 9 0 12 0 4 16 8
10 5 2 0 5 9 9 14 6 5
7 6 16 7 9 1 11 4 8 2
1 14
1 71
2 22
2 23
3 39
3 56
4 96
5 51
5 52
6 54
6 94
8 45
8 99
9 56
9 58
10 85
11 20
11 48
11 51
12 62
12 80
12 82
12 91
12 106
13 44
13 63
14 47
15 21
15 33
16 49
17 47
18 47
18 77
19 27
19 31
19 37
19 118
20 45
20 89
21 111
22 27
22 48
22 66
22 74
22 122
23 108
24 35
25 49
27 49
27 95
28 33
29 127
31 55
32 47
32 91
32 99
33 72
33 87
33 93
34 98
34 115
35 44
35 59
35 78
36 91
37 42
37 61
37 120
37 134
38 61
39 49
40 86
40 138
42 58
42 79
42 86
42 123
42 131
43 59
44 81
44 107
45 86
46 95
46 120
47 88
47 115
48 100
49 129
50 84
51 70
51 140
52 91
53 113
53 138
53 145
53 146
55 76
55 100
56 76
56 112
56 150
57 78
57 123
57 139
58 67
58 118
59 66
60 71
60 108
62 105
62 135
63 72
63 86
63 131
64 78
64 95
65 114
66 83
66 99
66 158
67 112
67 118
67 144
67 163
68 95
68 133
69 78
69 98
70 75
71 81
71 103
71 123
72 73
72 85
72 99
73 95
73 114
74 163
75 99
75 107
75 137
75 170
76 115
76 157
76 173
76 174
77 117
77 159
79 106
79 169
80 88
81 171
82 119
83 111
83 155
84 144
85 89
85 93
85 143
85 159
86 153
86 160
87 96
87 152
87 156
88 94
89 129
90 107
90 176
91 149
91 165
92 130
93 116
93 173
93 176
93 193
94 108
94 128
94 146
94 148
95 150
97 173
98 115
98 165
98 174
98 183
99 135
99 162
99 179
100 124
101 158
101 161
101 163
102 133
102 147
102 169
103 117
104 112
104 129
104 203
105 109
105 121
105 139
105 167
106 125
106 189
107 167
108 122
108 169
108 180
109 115
109 190
110 152
110 210
113 139
113 157
113 169
114 170
114 198
115 119
115 160
117 142
117 209
118 135
119 184
119 199
120 174
121 154
122 161
123 201
124 171
124 188
125 133
125 208
125 209
126 134
127 147
127 227
128 142
128 194
128 196
128 220
128 227
129 162
131 134
131 183
132 137
133 187
135 232
136 211
137 226
138 192
138 211
139 196
139 222
139 234
140 199
140 216
142 159
142 193
144 179
145 185
145 200
145 216
145 236
146 178
146 226
147 158
147 208
147 238
148 203
149 193
149 194
151 216
152 233
152 238
153 188
153 199
154 228
154 241
157 249
158 165
158 183
159 188
159 209
159 232
159 252
160 226
161 189
162 196
163 187
163 221
163 239
164 226
165 172
165 240
166 207
167 192
167 203
168 178
168 198
168 214
168 261
169 196
169 231
170 193
174 215
174 223
174 237
175 274
176 208
176 233
176 243
177 262
178 216
178 278
179 198
179 257
180 228
180 239
181 187
181 198
181 238
181 274
182 280
183 186
183 199
183 250
183 263
184 202
184 216
184 262
184 264
184 275
185 230
185 249
186 206
186 249
186 272
187 222
187 226
187 262
188 215
189 240
189 287
190 224
190 248
191 239
191 257
192 274
193 222
193 293
196 202
196 270
197 220
197 222
198 215
198 222
198 245
198 275
199 284
200 204
200 214
201 234
201 262
202 223
202 263
202 277
203 228
203 281
203 291
204 213
204 227
205 239
205 269
206 219
206 279
207 261
209 243
209 279
209 288
210 232
210 256
210 276
211 285
212 249
212 299
213 232
213 268
213 313
214 250
214 274
214 295
215 216
215 285
215 286
216 299
217 266
218 227
218 286
218 312
219 232
219 234
219 316
220 265
220 317
221 223
221 252
221 288
221 302
222 313
222 317
223 298
224 271
226 272
228 254
229 291
229 309
231 302
233 258
234 296
235 294
236 269
236 321
236 331
237 293
238 269
239 318
240 262
240 330
241 272
241 325
242 281
243 321
244 255
245 337
246 253
246 256
246 308
247 255
247 296
247 318
249 263
249 275
249 279
249 311
249 348
251 311
251 318
251 322
252 273
253 322
254 262
254 285
256 292
256 314
256 348
257 268
257 336
257 339
257 341
258 286
258 341
259 285
259 336
259 344
261 290
264 300
265 290
266 317
268 325
268 361
269 340
270 278
270 352
271 338
272 329
273 340
273 342
274 306
276 356
276 376
277 329
278 297
280 340
280 380
283 292
284 314
284 350
285 303
285 306
285 308
285 330
285 369
286 356
286 369
288 337
288 352
288 359
288 367
289 348
289 384
290 293
291 299
291 328
292 344
292 376
293 377
294 314
294 326
295 314
295 361
296 371
296 387
297 365
298 358
298 360
299 320
299 357
300 312
301 355
302 315
302 359
302 363
302 379
303 316
303 321
303 382
304 358
304 370
305 348
306 314
307 369
308 404
309 374
309 405
311 328
311 341
311 391
311 411
312 333
312 347
312 407
313 325
313 350
314 320
314 368
314 414
315 371
316 350
316 365
317 319
318 386
318 397
318 409
319 383
320 418
322 357
322 362
323 347
323 407
324 330
324 348
324 373
325 333
325 364
325 382
327 410
328 392
328 400
329 428
330 344
330 364
330 422
331 335
331 384
332 404
335 428
336 349
336 373
336 409
337 381
337 407
338 353
338 370
338 388
339 345
339 433
340 381
341 389
342 365
343 404
343 415
344 379
345 376
347 406
347 408
347 429
347 432
348 364
349 372
349 387
349 392
349 411
350 432
351 374
353 425
353 433
353 447
354 365
355 439
355 454
356 399
356 442
357 401
357 428
357 455
358 389
358 447
359 458
360 390
360 411
360 417
360 420
361 367
363 394
363 435
363 454
364 394
364 434
364 460
365 374
365 394
365 442
367 385
367 396
368 407
370 376
371 452
371 462
372 388
373 376
374 383
374 394
375 408
375 415
375 433
375 467
376 438
377 404
377 459
378 399
379 428
380 417
381 417
382 414
382 432
382 464
383 387
383 413
383 416
383 433
384 395
384 420
385 414
385 444
386 389
386 483
387 388
387 470
388 425
389 416
389 473
390 398
390 463
391 404
392 393
392 395
393 488
394 399
394 408
394 446
394 467
396 439
398 472
398 475
398 483
398 489
399 496
400 404
400 413
400 462
401 432
402 447
403 443
404 430
404 451
404 504
405 459
406 441
406 481
407 412
407 448
408 418
408 461
408 496
409 444
409 461
409 490
410 424
410 437
410 463
410 503
411 435
411 447
411 456
411 481
413 496
414 440
414 475
415 469
415 474
415 513
416 507
418 492
420 443
420 489
421 470
422 428
422 474
424 483
424 499
426 469
427 522
427 526
428 476
428 518
429 486
429 513
430 458
430 503
431 470
431 529
433 489
433 503
434 533
435 477
435 520
436 439
436 492
438 451
438 511
439 476
439 509
440 465
441 465
441 485
441 502
443 466
444 498
445 477
445 536
446 488
446 507
446 528
447 497
447 522
449 460
449 539
450 472
450 490
450 492
452 547
453 550
454 486
454 492
455 463
455 515
455 528
455 552
455 555
456 461
457 535
458 526
458 555
458 556
459 476
459 479
462 468
462 488
462 495
462 549
463 475
463 486
464 541
464 563
465 502
465 541
466 522
467 524
469 474
469 475
469 549
470 495
470 505
472 534
472 543
473 488
473 494
473 536
473 542
474 513
475 490
475 529
476 517
476 555
477 508
477 563
477 574
478 493
478 577
479 503
479 539
479 544
480 485
480 497
480 551
481 526
482 488
482 513
482 533
484 558
485 488
485 518
485 534
486 500
487 499
487 501
487 526
487 542
488 510
488 513
488 519
488 565
490 571
491 576
492 536
492 544
492 584
493 532
495 540
496 511
496 518
496 571
497 584
498 515
499 533
499 557
499 558
500 564
500 596
502 503
502 575
503 512
503 539
503 560
506 561
507 510
507 535
507 598
508 526
509 540
509 547
509 562
510 565
511 589
511 594
511 596
512 524
512 558
512 571
513 534
514 593
517 588
517 594
518 524
519 595
520 539
520 577
520 614
522 559
523 525
523 598
524 552
524 572
524 585
524 617
525 571
525 598
525 619
526 559
526 591
526 597
527 613
527 622
528 576
528 580
528 589
528 601
528 620
529 547
529 567
530 575
532 571
532 614
533 542
533 565
533 585
534 596
534 600
536 607
538 617
538 632
539 567
539 607
540 615
541 546
541 576
541 596
541 638
542 619
543 544
543 546
544 546
545 616
546 606
547 548
547 563
547 578
547 622
547 644
548 581
548 615
549 608
549 610
549 625
550 572
550 573
552 633
553 568
553 571
553 596
553 628
554 633
555 635
556 603
557 619
560 571
560 579
560 610
560 637
560 658
561 635
561 649
564 594
564 609
565 617
565 619
566 589
566 649
567 592
567 658
568 571
568 584
568 590
569 649
569 661
570 591
570 600
571 583
571 594
572 616
572 641
572 647
573 586
573 660
574 663
575 576
576 605
577 594
577 597
577 618
578 635
578 660
579 626
579 629
579 636
579 668
580 641
580 678
581 677
582 604
582 663
583 646
584 645
585 606
586 594
586 608
587 597
587 598
587 641
588 668
590 655
590 668
590 670
590 676
590 677
592 632
593 627
593 643
595 651
595 655
595 677
596 608
597 623
597 636
598 603
598 625
599 696
600 681
602 667
602 672
603 623
603 669
603 684
603 687
604 644
605 629
605 658
605 693
605 700
606 613
606 685
607 608
607 655
608 609
608 673
608 675
609 612
609 630
609 646
609 690
611 646
611 696
612 614
612 707
614 643
614 672
615 639
615 669
615 703
615 707
615 713
616 658
619 658
619 685
619 716
620 707
621 629
621 656
621 697
622 634
622 656
623 629
624 666
624 711
625 634
625 693
626 697
627 653
627 700
627 707
628 682
628 702
630 639
630 685
632 653
632 659
632 661
632 711
632 720
633 665
636 685
637 675
638 685
638 704
639 681
639 722
640 688
641 656
643 649
643 661
644 664
645 660
645 674
645 739
646 701
646 730
647 735
648 702
649 733
650 687
651 666
651 685
652 668
652 744
653 660
653 722
654 663
654 677
654 678
654 736
655 693
655 703
655 750
657 688
658 750
658 751
660 685
660 710
660 733
661 746
662 701
663 719
663 723
664 744
665 711
665 719
666 684
668 723
669 760
670 721
671 699
671 743
672 760
673 677
673 751
673 765
674 736
674 762
674 768
675 678
675 695
675 752
675 767
676 687
676 698
676 748
677 750
678 694
678 702
678 735
678 737
679 725
679 753
680 689
680 734
680 759
681 691
681 755
681 762
681 764
682 735
683 753
683 755
684 721
684 730
686 712
686 724
686 746
686 765
687 701
687 707
689 722
689 732
690 694
691 731
691 766
691 779
692 760
692 771
693 747
694 713
696 779
697 700
697 770
697 778
698 707
698 718
698 758
700 708
700 715
700 747
700 788
701 739
701 755
701 757
701 797
702 738
702 777
703 714
703 766
703 777
705 764
706 771
706 773
706 777
706 787
706 788
708 793
709 718
709 741
709 794
710 745
710 773
711 786
712 768
714 783
716 743
717 791
717 792
719 730
719 802
720 754
723 770
723 790
725 771
725 779
726 732
726 776
727 761
729 781
729 823
730 762
731 735
731 777
731 780
731 826
733 748
733 790
734 833
737 756
737 790
737 810
737 813
738 794
739 796
739 833
740 823
742 757
742 775
742 791
742 796
742 837
743 786
746 783
748 817
749 753
749 757
749 759
749 824
750 811
751 766
751 779
751 817
751 834
751 849
753 786
753 798
753 816
753 848
755 781
756 758
757 758
757 842
758 791
758 810
760 796
760 804
760 834
762 801
763 787
763 818
763 834
764 769
764 774
764 843
765 802
765 809
765 819
765 864
766 840
767 816
768 778
768 779
768 814
769 797
770 785
770 846
770 849
772 787
772 808
772 835
772 837
772 844
773 774
774 864
775 794
775 806
776 832
778 787
779 780
779 823
779 842
780 880
781 821
781 873
782 807
783 790
783 795
783 880
784 804
784 815
784 827
785 815
785 822
785 877
786 868
787 884
788 850
788 858
789 839
789 865
791 820
791 826
791 850
792 823
793 818
793 843
793 858
794 822
794 884
795 847
795 855
796 828
798 835
798 873
799 859
799 869
800 833
801 841
802 852
803 893
804 903
805 864
805 883
805 904
807 829
808 855
808 857
809 815
810 853
810 887
810 910
811 850
811 855
812 850
812 896
813 888
813 889
813 900
814 823
814 826
814 842
815 849
816 870
817 841
817 881
818 879
819 822
819 889
820 848
820 893
821 890
823 862
823 917
826 870
826 899
827 829
827 868
828 837
828 852
829 842
829 858
831 857
831 897
832 931
833 865
834 897
834 903
835 847
835 888
836 837
836 921
837 924
837 932
838 886
838 905
838 909
839 844
839 911
841 846
842 848
842 895
842 940
844 876
844 907
845 926
845 941
846 890
846 897
846 934
847 940
848 881
848 912
850 889
850 906
851 869
851 935
852 862
852 876
852 912
853 935
854 894
854 914
854 940
856 938
858 891
858 901
858 936
859 879
859 915
860 954
861 882
861 891
862 910
863 891
863 907
864 870
864 876
864 942
865 883
866 884
866 907
867 887
867 934
868 880
869 936
870 945
871 894
872 885
872 967
874 921
876 885
876 907
876 968
876 972
877 884
878 924
879 933
879 946
881 943
881 974
882 949
884 891
884 961
884 982
885 900
885 913
885 969
885 976
886 970
887 958
889 899
889 935
889 942
889 952
890 894
890 910
890 933
891 936
892 934
893 909
893 959
893 974
894 940
894 967
894 975
895 908
895 910
895 967
895 993
897 951
897 955
897 978
898 951
898 998
899 920
899 999
900 945
900 989
901 970
903 975
904 945
905 985
906 949
906 960
906 965
907 943
907 979
908 952
908 973
908 985
909 985
910 953
912 960
912 964
914 953
915 988
916 919
916 933
917 997
918 956
920 936
922 942
922 969
926 938
927 940
927 942
927 948
927 965
928 977
929 954
929 1000
930 933
930 944
930 982
930 990
930 991
932 942
934 955
934 985
935 957
935 984
935 991
936 984
938 985
939 970
940 969
940 975
941 955
943 961
943 990
948 949
949 986
949 988
949 994
951 965
951 976
952 965
953 992
954 982
954 999
955 991
957 994
958 960
958 985
961 976
961 981
963 970
966 972
966 991
972 993
974 986
977 978
977 981
977 992
979 998
982 999
14 2 1 13 1 6 1 7 14 1
13 15 16 12 5 16 9 25 17 20
20 19 16 3 36 18 3 8 6 22
18 18 10 1 5 6 7 2 16 6
26 22 8 2 7 4 1 5 12 3
8 4 3 2 10 10 5 4 14 10
10 8 19 16 18 2 5 3 4 11
0 12 17 11 6 10 9 4 7 2
3 9 1 14 12 19 12 12 0 0
7 11 12 19 9 7 1 22 5 12
4 0 15 6 13 30 14 13 20 15
16 2 11 17 12 31 5 32 0 12
18 14 10 21 0 3 13 5 12 23
11 2 6 1 11 18 15 13 5 20
2 12 26 11 14 3 27 6 8 32
21 27 2 0 15 1 25 9 3 4
11 14 4 8 5 6 10 11 8 3
0 39 17 2 4 3 3 12 3 3
5 7 16 0 25 3 33 14 4 12
2 1 8 11 8 22 1 3 6 1
34 2 15 22 30 32 11 5 18 15 14 19 12 26 5 31 17 24 17 28
64 19 26 38 50 47 34 38 56 37 31 42 29 35 17 39 41 54 23 62
32 1 12 18 26 26 20 22 30 18 21 16 11 23 21 38 19 43 37 31
58 12 19 39 46 51 40 34 38 37 19 27 36 28 32 44 33 43 34 48
35 1 18 26 33 29 32 28 31 28 10 17 24 20 28 41 24 50 36 33
42 11 26 22 24 41 24 22 37 24 32 34 8 42 17 29 24 29 37 42
55 8 29 45 51 43 34 48 47 21 27 16 31 33 35 56 42 64 39 59
27 1 4 10 16 10 16 18 26 12 15 17 12 15 16 25 11 30 24 28
38 3 11 15 20 18 28 18 22 23 13 25 20 17 19 27 17 37 27 29
22 2 1 4 7 5 4 3 14 4 2 7 9 5 1 14 7 13 4 9
24 2 10 12 12 22 7 9 24 5 18 17 7 25 6 24 10 23 20 20
47 15 39 27 41 46 36 42 54 32 38 39 18 50 38 53 35 61 55 59
42 3 18 29 31 39 17 26 47 17 25 31 12 43 11 45 31 34 30 48
61 9 25 41 46 38 36 38 31 16 19 19 34 20 24 35 31 46 21 53
22 4 9 14 15 9 23 19 17 13 4 18 23 13 15 22 15 26 17 22
23 1 4 8 16 5 6 11 9 6 7 3 11 6 9 13 6 26 12 19
36 9 9 12 15 24 21 22 24 20 21 19 11 13 14 8 11 32 18 39
55 21 40 42 51 44 43 42 54 41 27 41 34 40 21 45 43 65 32 58
38 7 6 20 24 22 20 14 17 18 9 10 25 14 19 32 22 25 23 14
20 1 1 6 5 17 7 3 17 1 9 12 2 15 1 16 4 6 9 16
14 1 1 1 4 2 1 2 10 1 1 1 2 2 1 10 2 6 2 8
40 10 8 22 21 36 46 42 38 35 28 25 27 30 42 30 27 46 48 42
34 13 38 33 42 34 40 37 39 40 26 34 22 32 26 35 30 62 38 48
24 1 18 28 31 22 20 14 7 11 11 9 19 13 17 25 10 32 20 24
39 6 15 30 33 26 20 25 17 7 17 13 22 20 14 28 17 31 20 37
8 1 1 2 7 1 5 1 1 4 3 5 3 2 3 7 1 8 5 7
21 1 17 18 23 15 18 20 22 13 1 14 5 11 8 24 8 27 13 29
37 7 14 23 26 21 24 21 10 12 11 16 25 9 16 14 11 25 9 35
48 11 8 24 31 37 36 36 33 34 19 14 24 15 33 26 31 46 29 42
34 13 17 36 35 25 14 36 35 16 16 18 16 22 11 38 32 50 28 34
43 20 16 25 30 22 21 29 28 26 17 27 25 14 9 11 21 43 9 39
65 11 19 43 47 55 51 51 58 46 43 39 23 38 36 53 44 74 61 65
76 14 19 45 55 55 44 38 53 43 28 44 34 34 19 56 49 48 39 60
35 1 17 29 29 24 23 29 29 3 15 7 23 16 19 31 21 23 15 34
23 4 1 12 17 2 4 12 8 5 1 1 15 3 5 14 11 23 8 14
13 1 1 3 4 6 6 1 1 1 8 7 8 9 3 9 1 7 10 7
33 5 5 18 18 23 7 20 16 7 12 7 16 14 10 13 11 20 9 31
31 7 19 23 24 39 21 29 39 17 35 22 6 36 22 34 19 39 38 44
36 8 22 24 29 26 36 20 24 29 14 33 15 23 17 29 19 38 30 37
57 11 17 30 39 46 32 25 37 35 27 36 29 34 22 39 32 36 34 46
20 1 3 12 16 6 2 13 15 4 1 3 6 4 1 15 11 18 6 15
26 1 5 19 22 13 18 21 18 8 10 6 16 8 18 23 13 22 14 27
42 26 29 46 42 46 28 50 40 27 39 26 28 41 36 38 34 56 39 56
45 13 10 30 35 32 27 43 47 31 22 20 15 17 19 35 33 59 34 48
39 14 34 41 47 36 47 37 26 41 9 30 35 25 30 43 34 61 40 35
36 1 13 21 27 29 24 30 31 15 25 22 16 22 22 24 10 32 27 46
16 1 18 16 21 17 7 7 10 11 13 12 4 16 4 15 7 21 15 17
24 1 3 2 7 8 6 5 11 6 9 16 5 8 1 3 2 14 5 20
29 5 21 23 26 21 19 25 25 14 15 18 16 20 15 25 12 35 21 35
29 10 7 24 26 17 16 30 32 16 14 8 21 14 21 30 23 47 28 27
64 28 20 41 45 55 33 44 51 39 36 41 34 39 21 29 38 57 22 65
65 22 17 26 28 52 41 50 61 42 41 43 18 36 31 24 39 46 39 68
19 1 9 9 15 12 15 8 15 11 9 18 5 13 4 16 3 19 13 24
25 3 6 10 11 10 19 20 23 7 8 19 16 14 12 21 13 25 15 27
6 1 1 3 1 2 3 5 6 1 1 1 3 1 1 3 1 1 1 7
13 1 12 20 16 18 11 12 12 4 13 12 11 17 7 17 6 18 16 16
36 15 23 25 30 26 27 24 24 23 11 23 20 9 4 8 16 24 1 34
54 17 10 39 43 34 22 35 43 30 17 20 41 24 22 47 43 47 31 39
41 15 4 22 20 31 18 33 34 23 29 26 24 23 21 12 17 32 19 45
55 12 22 39 44 46 35 37 32 24 34 23 22 36 32 42 34 46 44 50
32 1 1 12 14 16 8 18 25 4 14 14 5 14 4 18 11 21 13 29
53 19 20 39 46 38 10 35 41 18 23 21 17 33 14 42 39 54 21 46
35 2 13 27 26 23 17 30 23 2 17 6 21 16 19 27 15 30 16 37
55 14 22 41 50 39 36 34 34 31 5 14 31 20 26 50 37 52 32 34
51 18 15 15 14 39 33 37 46 35 39 36 17 31 29 17 24 42 34 55
38 7 17 19 22 34 20 14 25 15 27 25 12 31 12 26 15 27 30 33
36 14 17 18 23 20 20 16 20 19 7 17 19 8 3 13 18 27 5 21
23 1 4 13 16 17 3 7 21 2 3 5 14 15 4 26 14 17 10 13
8 1 1 2 2 1 4 1 6 1 1 5 3 2 1 9 1 7 4 6
17 1 5 1 5 3 5 5 16 8 1 10 2 2 1 9 1 14 3 14
68 24 29 42 46 51 43 39 37 40 34 39 38 36 27 33 41 51 41 50
33 1 4 11 14 18 20 22 32 14 19 19 13 16 16 22 10 31 24 37
24 1 15 19 25 20 16 16 23 11 10 15 6 15 7 27 9 31 16 29
28 1 8 17 24 14 16 17 19 8 6 11 11 6 9 21 10 21 8 28
47 8 8 29 30 32 21 34 41 18 25 25 10 21 2 37 29 36 25 44
51 8 24 41 42 47 41 46 42 24 39 24 32 38 41 46 32 55 50 56
14 1 12 15 17 19 1 4 11 2 7 1 1 16 2 23 11 14 13 10
13 1 6 13 14 9 8 12 15 5 6 10 6 11 3 15 5 17 11 18
30 2 22 26 32 32 33 33 30 26 27 22 20 32 33 36 22 51 45 45
12 1 2 1 4 2 1 10 14 7 8 5 4 1 7 2 1 14 6 16
5 1 1 4 2 1 2 1 1 1 1 2 4 2 1 5 1 2 3 4
10 1 3 6 5 10 1 2 16 1 1 5 1 8 1 16 5 7 7 3
61 20 24 53 55 48 32 58 54 24 31 17 47 33 40 51 45 61 28 59
37 9 18 23 25 38 31 25 30 24 31 32 17 30 22 22 11 33 34 44
20 1 6 5 12 10 1 11 19 6 5 3 4 5 5 13 5 21 9 16
17 3 1 4 4 1 3 10 8 1 8 4 12 3 7 6 4 15 5 13
28 14 25 28 31 25 14 33 30 24 20 18 15 26 19 27 24 52 31 39
45 8 17 25 32 33 31 23 23 27 19 26 20 19 22 27 18 38 30 35
53 25 24 26 28 40 37 45 55 40 32 33 23 27 27 27 37 56 28 55
42 11 34 47 49 37 41 35 22 25 16 18 39 26 30 43 30 55 35 39
56 26 8 42 41 45 25 54 52 28 31 21 37 33 34 37 44 49 18 59
33 10 26 22 34 33 23 38 51 23 29 18 9 39 31 49 35 55 43 48
28 1 17 18 25 27 16 16 21 17 26 16 13 22 20 26 12 36 30 30
13 1 1 7 8 4 6 12 12 1 8 5 6 7 7 12 6 14 7 16
19 1 2 7 12 10 1 6 17 1 3 1 1 10 1 18 11 9 5 13
42 9 27 37 41 38 20 30 23 8 27 14 15 30 18 34 24 33 25 46
21 4 10 7 16 8 9 11 12 12 7 12 5 5 1 8 7 16 1 21
50 11 32 41 51 43 38 27 40 40 11 32 40 40 31 63 46 54 46 34
34 1 5 22 28 22 16 12 23 10 4 8 22 14 12 31 19 14 11 26
55 19 30 35 43 42 33 29 32 26 33 34 22 35 16 30 31 49 33 46
35 1 27 26 35 27 28 30 33 19 4 21 15 20 16 40 21 39 21 41
29 1 13 15 16 19 19 16 16 11 10 20 11 13 9 12 1 21 11 34
24 4 25 18 27 19 25 29 29 25 8 27 10 18 13 20 15 40 20 41
25 1 1 11 16 13 12 5 24 11 3 13 15 15 9 30 15 17 14 16
58 24 40 52 55 56 44 49 37 30 47 29 35 43 45 44 37 63 50 66
62 22 31 52 55 50 29 49 41 22 36 28 23 35 25 46 41 57 37 62
58 11 27 47 52 52 38 49 45 30 34 33 17 26 17 44 32 53 34 66
43 8 24 36 39 25 32 44 39 14 16 14 31 19 27 38 29 48 24 49
53 19 43 51 55 51 41 48 42 26 25 23 31 37 37 53 42 66 41 56
51 11 20 39 46 40 36 39 50 28 20 31 18 27 10 53 36 45 32 51
68 32 21 52 57 49 34 40 45 43 21 38 50 31 22 42 48 50 17 55
13 1 5 11 8 14 8 7 15 1 7 9 6 12 4 19 8 10 9 10
20 6 1 10 7 11 3 12 12 2 12 13 11 13 3 7 6 19 10 19
55 8 12 39 36 44 33 41 37 17 29 26 21 27 13 34 30 34 30 50
65 22 14 41 47 47 37 53 52 37 31 27 40 34 40 45 44 62 33 64
70 14 32 57 67 53 41 43 47 41 17 35 44 41 27 66 55 64 40 60
27 3 4 7 16 14 12 26 27 15 18 8 7 9 16 13 14 32 14 36
32 2 27 27 37 31 34 21 28 27 8 25 21 30 23 46 26 43 35 32
32 2 7 5 11 17 18 13 24 16 17 26 7 18 5 9 7 15 14 33
9 1 7 10 9 8 9 4 11 8 8 13 4 12 1 14 1 11 11 13
14 1 1 7 9 2 7 19 25 5 4 7 4 2 7 15 8 23 8 21
52 14 26 26 38 34 25 43 49 35 17 33 20 31 21 37 36 58 28 57
22 4 10 15 14 17 3 10 12 2 17 12 9 20 4 15 9 20 16 17
56 13 25 35 36 56 38 38 47 30 31 31 24 36 26 31 30 49 30 62
51 20 12 35 40 33 26 25 36 36 11 32 35 26 17 38 37 43 13 40
14 1 5 7 12 5 1 8 12 3 3 4 5 6 1 11 4 15 7 11
52 11 25 46 51 41 35 38 26 24 19 17 30 29 30 49 33 58 41 42
43 2 11 17 26 32 13 7 27 15 17 23 17 29 6 29 16 20 19 33
57 18 16 29 36 43 33 46 45 35 33 33 17 29 24 25 32 57 36 62
18 2 1 4 6 4 1 6 11 3 1 1 7 2 1 10 6 9 3 7
50 13 15 24 30 37 32 31 35 32 27 28 21 23 21 21 23 50 32 46
30 1 11 19 23 34 13 23 28 4 26 10 10 26 18 28 15 30 27 36
10 1 1 5 6 4 7 5 7 3 3 2 6 1 3 7 1 4 3 11
5 1 6 13 11 10 8 6 7 1 6 5 8 9 4 15 1 13 12 8
33 23 22 32 27 38 24 39 40 24 31 17 15 35 30 36 33 54 42 39
8 1 11 11 7 10 9 10 19 6 4 11 3 14 5 21 5 19 16 11
27 10 26 23 25 22 15 28 35 13 19 20 13 31 19 40 27 42 31 30
40 3 21 36 40 43 19 33 42 13 26 16 19 32 24 46 29 38 26 49
29 19 1 19 19 19 10 30 27 22 22 16 25 15 21 15 20 33 12 30
43 2 10 25 33 25 23 23 24 18 11 18 11 11 14 30 21 38 20 36
65 18 35 53 60 56 43 47 39 27 37 27 33 38 43 58 42 59 49 57
33 2 11 15 22 22 13 17 20 14 14 23 1 17 3 13 10 24 13 35
29 4 23 21 32 21 31 29 31 32 16 24 19 21 29 36 19 51 38 36
45 5 23 37 44 36 37 39 31 24 18 18 25 14 32 36 23 49 28 48
52 16 18 26 30 34 37 27 32 32 26 35 22 25 21 17 26 25 29 46
15 1 5 10 13 6 1 11 13 4 1 4 6 7 3 12 7 14 8 12
47 11 13 21 14 47 37 41 54 26 36 32 22 38 34 27 28 33 33 58
12 1 11 11 14 14 1 5 10 5 9 4 2 13 3 18 7 16 12 9
4 1 2 4 3 3 1 1 4 1 1 2 3 4 1 9 1 6 5 1
15 1 2 10 6 19 12 18 17 4 18 12 6 12 13 6 1 13 14 29
33 12 23 23 29 26 38 26 38 31 12 30 29 29 32 48 35 37 37 28
56 21 17 50 52 40 27 46 42 30 25 24 37 33 31 58 49 67 38 42
61 21 25 31 43 43 40 56 61 46 24 39 23 32 27 41 48 71 36 68
19 6 1 12 12 5 8 16 7 2 4 3 17 3 6 8 10 18 4 18
61 27 33 39 51 43 28 40 59 45 18 44 43 47 19 54 52 52 34 55
11 1 1 1 4 2 1 7 14 2 1 4 2 1 2 7 3 7 1 8
20 8 2 15 12 11 5 8 9 4 8 12 16 13 2 12 8 19 10 14
62 12 41 55 62 57 39 45 55 28 22 32 22 40 25 64 49 56 37 63
40 1 24 41 47 40 33 46 41 17 26 9 20 18 27 41 29 51 33 53
5 1 1 2 5 1 8 1 9 4 1 6 5 3 3 14 1 11 10 2
46 27 30 49 51 39 32 40 31 37 26 31 33 32 25 37 38 67 30 47
37 7 16 17 24 17 19 27 38 19 4 22 19 24 13 33 28 33 19 36
17 1 5 9 10 10 1 10 17 1 8 2 5 9 3 16 8 19 10 11
21 1 1 8 14 8 12 8 21 7 4 7 10 4 10 24 15 16 12 10
63 15 20 44 47 40 36 49 51 28 21 29 28 25 10 48 45 48 26 58
9 1 1 2 2 3 1 3 8 1 2 1 5 2 3 10 1 8 4 4
23 1 8 11 16 13 14 16 22 9 8 19 1 16 1 20 9 24 13 33
57 11 14 30 32 45 29 29 48 25 27 36 25 38 18 36 31 20 26 55
45 1 13 35 38 39 20 25 32 7 22 15 22 31 20 44 28 33 28 42
20 1 14 25 26 14 20 23 26 10 7 12 14 17 14 36 20 40 25 25
47 6 25 36 50 31 45 42 40 42 6 34 23 19 26 52 40 61 41 45
2 1 2 5 7 3 2 2 3 1 1 1 3 4 4 12 1 12 9 1
15 1 2 5 5 6 1 4 8 2 8 8 6 9 1 5 2 6 5 11
15 1 7 13 18 10 9 2 1 8 8 4 11 11 8 19 6 18 17 8
33 1 13 16 25 27 5 14 27 6 19 14 3 26 5 27 18 25 17 31
18 6 1 7 9 3 7 10 14 4 4 7 14 3 6 13 7 16 8 10
30 5 8 18 19 14 20 22 21 21 13 17 20 14 20 25 15 39 26 29
46 9 20 34 39 33 22 34 32 18 17 24 23 29 15 38 27 48 24 48
20 1 7 7 14 8 10 6 8 9 7 9 12 8 9 15 4 18 11 14
63 19 21 51 52 44 38 52 60 29 26 28 53 38 40 58 53 56 29 61
54 12 17 26 28 41 33 19 27 29 23 31 25 29 20 27 25 30 33 34
13 1 1 5 3 5 3 7 11 1 6 8 4 5 1 5 1 5 2 13
46 1 17 28 35 41 41 34 42 26 16 31 27 37 33 49 30 39 41 46
59 28 39 58 61 48 37 53 47 34 35 38 21 34 24 51 47 71 42 63
47 4 15 15 25 27 21 20 39 20 14 30 7 24 5 30 23 29 17 43
52 10 7 32 33 33 29 32 35 17 16 21 32 25 21 38 30 40 27 41
31 9 13 16 22 14 20 11 13 19 1 14 18 1 10 16 14 26 11 16
40 9 13 18 22 19 12 19 24 15 9 18 10 11 5 18 18 27 6 31
31 1 5 10 17 19 12 9 28 9 12 19 11 21 6 28 15 17 14 26
49 2 33 41 52 39 50 43 37 30 7 18 37 25 39 57 37 56 41 42
44 10 24 26 33 26 34 35 33 26 7 27 32 21 25 33 26 42 21 46
63 15 24 48 57 49 36 55 64 44 19 40 28 34 20 55 50 67 37 69
23 2 1 17 19 7 13 16 7 8 1 1 20 2 13 22 17 26 16 7
38 29 19 44 40 39 22 33 34 20 27 24 29 36 24 44 35 49 27 32
31 1 21 17 24 24 29 20 30 24 25 30 14 33 23 32 15 40 40 39
37 13 11 23 26 21 19 28 18 20 16 16 23 11 17 12 14 35 14 40
11 1 1 6 10 1 8 8 5 3 2 1 7 1 5 10 4 11 6 13
53 27 23 45 50 37 19 37 36 23 29 21 31 35 28 49 44 56 33 39
19 1 8 15 17 15 6 11 11 4 10 6 7 13 3 15 5 14 10 19
3 1 1 7 7 3 10 3 4 2 1 3 7 1 6 7 2 5 5 5
48 17 14 34 31 45 43 43 39 37 25 15 32 26 46 38 36 47 41 43
64 22 24 28 40 45 32 48 57 44 31 48 28 43 28 36 40 58 32 67
63 21 25 31 31 50 47 55 60 44 37 44 25 44 36 34 40 60 44 74
25 1 1 10 12 10 6 14 20 3 6 8 1 3 1 17 13 14 3 21
43 18 32 41 43 45 32 43 35 25 26 17 24 22 26 30 29 56 28 50
40 11 17 21 31 23 30 35 41 30 18 22 16 12 22 28 24 51 25 45
31 10 10 21 22 24 3 17 24 7 14 13 15 24 4 26 22 30 15 21
20 1 1 1 3 7 12 10 18 3 13 17 9 12 7 11 3 18 14 20
24 1 18 11 22 13 20 10 24 18 2 17 12 16 11 32 13 32 23 19
28 6 15 22 23 23 15 11 11 9 14 15 18 17 9 20 7 21 15 23
6 1 1 1 3 1 1 6 9 1 1 1 3 1 3 6 1 8 2 7
30 5 21 28 28 29 17 20 18 10 10 11 15 13 12 25 13 31 15 26
22 1 11 19 25 16 18 12 13 17 4 9 15 8 17 26 11 30 21 13
9 1 2 5 6 2 1 4 3 2 2 1 3 4 1 5 1 7 4 9
42 17 6 31 29 36 27 41 28 21 30 16 33 26 32 20 25 41 23 50
21 4 4 14 17 16 23 23 19 21 17 6 16 9 26 15 13 30 24 28
59 26 28 56 60 53 26 33 31 37 23 26 43 38 18 50 47 54 31 46
9 1 1 6 3 1 1 2 1 1 2 1 6 3 1 5 1 6 3 4
15 1 4 9 11 6 6 16 24 4 5 9 5 7 7 19 9 20 10 15
47 10 20 31 36 43 42 36 46 37 22 31 31 41 39 54 36 49 51 42
41 21 17 34 35 36 38 39 31 39 21 13 34 24 42 34 33 58 46 31
28 1 9 18 25 16 18 14 13 11 7 11 12 9 12 19 8 24 12 28
24 1 16 22 28 23 17 16 20 4 8 6 12 13 10 31 12 25 15 23
45 29 12 35 32 49 23 43 39 31 49 30 27 47 33 30 35 53 35 50
27 1 10 19 23 22 19 6 5 12 10 12 12 13 8 20 5 22 18 20
41 9 1 15 17 27 6 27 41 15 23 15 16 24 14 23 29 28 16 40
26 1 14 10 20 13 14 21 35 16 3 17 2 14 9 30 18 32 14 30
4 1 1 4 5 1 2 9 13 1 2 2 1 2 5 10 1 14 7 9
22 6 17 10 15 13 25 17 29 19 9 27 19 23 20 32 18 26 26 23
11 1 1 1 7 3 2 2 6 2 5 6 2 6 1 7 1 8 5 11
55 16 13 46 48 48 21 41 35 21 29 18 37 34 32 46 40 53 33 47
14 1 15 10 14 9 20 22 21 13 4 15 12 10 17 17 8 20 11 28
67 19 23 40 47 43 47 56 58 40 26 40 44 39 42 53 49 62 46 65
28 5 1 13 14 14 9 13 14 4 9 5 17 11 9 17 13 17 7 22
10 1 4 5 4 6 3 4 11 2 6 11 5 11 2 10 1 13 9 9
42 4 9 24 30 17 19 21 26 15 8 17 18 14 11 34 21 41 21 31
27 1 8 14 18 14 16 8 22 13 1 13 14 12 8 27 14 27 13 19
28 1 1 6 13 12 2 9 18 1 6 4 7 12 2 22 12 14 6 19
60 11 21 42 47 45 23 31 30 17 15 22 22 25 7 36 32 38 16 51
23 1 4 4 12 11 11 13 22 11 13 12 6 4 13 14 5 24 12 26
52 8 13 40 40 35 29 42 34 11 20 18 29 19 19 36 30 41 22 50
22 1 8 15 18 11 13 9 10 12 9 11 12 7 12 16 4 31 17 20
25 7 2 4 7 17 13 19 23 14 22 10 12 13 20 12 12 26 19 26
40 15 32 40 48 41 43 50 47 38 31 24 16 36 44 52 42 73 56 54
39 6 8 17 22 22 18 17 20 9 14 16 18 16 10 21 14 24 15 31
29 5 10 22 27 11 11 22 22 11 9 7 15 7 12 23 14 39 17 28
36 12 23 20 20 42 29 31 38 32 42 33 10 42 28 23 20 47 45 49
37 16 12 17 23 22 20 29 31 29 18 36 26 32 18 21 25 37 18 41
42 21 31 40 43 36 25 34 25 24 20 27 20 29 11 29 29 51 24 46
45 9 26 44 44 35 24 40 35 11 20 8 33 25 22 38 32 46 24 42
21 1 5 4 9 11 3 2 16 6 5 10 5 11 1 16 5 12 7 11
35 11 10 23 24 18 22 22 32 17 6 17 25 21 14 36 29 34 22 27
44 4 21 33 40 33 25 22 31 17 22 25 10 27 11 43 24 45 34 42
10 1 1 6 5 6 8 10 6 1 3 3 6 1 6 4 1 4 1 15
63 15 31 41 41 49 44 48 46 27 35 36 32 34 32 28 30 42 34 67
14 1 1 13 13 6 9 22 20 1 7 5 6 2 10 14 8 19 6 25
26 1 4 11 15 21 11 8 13 2 8 7 9 15 6 18 5 9 9 24
31 4 1 16 16 12 14 19 24 10 9 8 20 8 17 26 19 31 19 18
19 2 5 10 15 6 11 11 14 7 3 8 11 2 4 13 7 17 6 19
24 2 1 5 7 7 1 6 12 1 5 6 7 7 1 9 7 10 2 12
24 1 11 22 29 23 12 27 32 17 17 12 1 11 9 27 18 43 25 34
8 1 1 1 6 1 4 1 3 3 1 1 5 1 4 7 1 8 3 3
25 1 21 21 30 17 24 14 18 21 9 21 10 20 12 33 17 39 27 27
57 22 22 29 33 33 33 41 42 33 29 41 24 26 13 15 29 46 20 59
36 5 15 20 26 23 7 18 26 9 17 10 10 21 8 29 20 32 16 30
16 1 5 9 12 8 10 3 13 6 3 7 7 5 5 18 4 14 11 11
35 1 31 35 44 32 35 41 39 24 14 27 16 26 23 46 29 51 31 52
43 13 37 43 48 44 29 44 33 20 30 19 20 25 27 33 27 51 27 56
52 4 24 36 39 42 35 30 34 18 23 22 30 38 25 46 32 42 37 46
10 1 1 4 4 1 5 9 11 2 5 3 8 2 7 7 2 11 6 11
27 8 4 21 23 11 13 19 14 13 4 5 24 7 16 22 17 32 19 14
17 1 1 5 5 1 1 13 17 1 6 7 5 4 2 10 6 18 4 15
28 1 11 20 29 12 24 25 30 21 1 16 11 11 16 38 23 41 26 27
44 3 1 15 19 18 15 16 26 8 11 14 18 14 9 24 22 24 14 27
65 7 21 38 46 49 46 40 42 27 25 23 39 32 39 50 34 49 41 51
7 1 3 10 11 10 14 18 14 7 10 5 11 1 18 10 2 17 12 20
29 9 29 30 35 27 19 31 32 16 22 23 2 31 17 37 25 46 29 44
36 9 12 26 27 25 11 31 36 17 20 12 15 21 13 29 24 44 23 38
54 5 2 27 34 36 32 30 41 25 25 28 13 23 13 42 35 33 34 41
17 1 1 1 5 6 1 1 13 1 1 1 2 2 1 7 4 1 1 11
50 8 10 37 39 36 20 34 35 9 18 16 24 23 15 40 31 40 23 45
45 8 1 34 36 27 15 29 37 14 6 14 19 14 4 39 36 39 18 32
22 1 10 7 8 11 14 19 31 12 10 20 7 18 11 24 15 21 14 26
39 7 21 18 24 34 31 25 36 25 17 36 11 26 12 19 19 29 15 48
55 17 27 33 35 41 48 42 45 36 26 42 41 43 40 43 34 46 47 55
13 1 4 6 7 7 2 2 11 4 4 8 4 8 1 13 2 10 8 6
55 11 23 42 46 53 34 49 46 21 38 17 22 35 36 49 39 56 43 61
34 6 16 24 22 38 29 34 35 12 29 14 23 26 32 29 18 33 29 42
43 13 22 35 37 42 19 27 35 27 20 22 23 24 9 25 26 38 16 44
26 16 5 26 23 18 8 25 16 12 12 10 23 17 10 18 19 30 9 25
21 1 1 1 1 7 3 5 8 1 10 9 7 7 1 4 2 8 4 14
49 28 17 39 34 45 21 37 35 23 42 31 30 46 27 33 33 43 31 46
28 18 20 30 30 25 12 19 13 8 23 13 19 27 16 29 23 34 27 22
29 1 4 10 19 13 15 14 16 14 4 2 16 4 17 23 15 24 16 15
17 1 3 5 10 12 8 2 16 6 1 7 5 5 1 11 5 6 1 13
31 10 17 22 28 18 24 30 30 22 12 21 15 7 13 19 16 39 14 40
42 10 19 22 30 33 23 27 35 24 24 23 15 23 20 31 22 49 29 40
39 9 8 23 26 19 19 17 17 15 6 14 25 8 10 18 16 26 9 28
16 1 7 7 10 8 1 8 9 7 10 8 7 11 6 8 1 13 8 16
45 7 15 18 31 27 19 22 40 22 14 29 15 21 11 32 24 34 12 44
5 1 1 4 3 3 8 5 5 1 5 8 6 3 5 8 1 9 5 9
33 1 3 16 13 22 15 20 22 1 13 15 14 15 9 17 8 18 13 29
26 1 8 12 18 11 13 22 35 12 8 12 6 9 11 28 16 30 14 28
19 4 1 12 11 5 11 13 13 4 8 8 15 7 11 15 10 20 11 16
34 1 10 33 40 24 25 27 28 19 14 17 9 10 9 38 24 46 28 35
26 3 3 14 16 4 15 19 21 14 4 8 17 5 14 22 14 33 18 22
15 1 1 6 1 8 5 4 12 1 11 12 5 10 1 9 1 1 6 13
29 1 9 8 18 14 11 9 28 12 1 14 7 12 2 26 14 20 9 22
41 3 15 27 32 36 26 12 18 19 20 19 21 26 17 39 22 34 34 23
10 1 1 4 5 1 2 6 11 3 3 5 1 2 1 6 2 6 2 11
48 7 12 30 35 29 25 24 36 27 13 24 31 22 17 39 29 40 25 40
16 1 1 9 9 8 6 12 12 1 1 1 7 1 3 9 6 5 1 13
35 1 4 20 25 15 15 17 13 6 7 9 14 9 7 18 12 28 11 31
13 1 2 5 9 6 2 6 16 1 2 5 1 5 1 17 5 12 7 9
62 24 22 53 59 47 34 47 32 38 17 18 41 22 26 40 45 65 27 45
17 1 13 15 18 17 6 9 13 7 4 7 1 7 1 13 4 22 9 17
60 23 27 48 48 57 35 46 36 33 38 36 36 38 30 31 32 52 27 62
47 6 22 35 41 33 38 42 42 30 16 35 13 19 13 40 29 44 25 56
30 1 8 20 21 17 9 12 21 2 13 12 12 19 6 33 18 32 21 18
32 8 8 17 19 17 15 17 10 12 10 17 18 9 6 7 9 22 6 31
43 9 1 20 25 19 18 23 19 18 16 18 25 18 14 19 22 30 21 31
30 6 12 22 22 21 14 19 20 8 16 18 15 21 8 19 11 27 18 30
62 17 34 46 52 50 40 38 34 25 27 30 30 29 14 34 32 49 21 57
46 16 32 43 48 34 41 46 40 32 18 27 46 33 40 46 36 59 37 51
41 1 14 33 40 27 27 24 16 16 2 3 26 6 20 37 21 34 21 25
57 6 23 39 40 42 42 45 45 15 35 20 38 34 38 42 32 41 36 56
45 14 29 44 44 47 18 35 40 10 26 14 27 36 22 47 37 37 28 44
34 2 19 26 33 31 26 22 14 13 18 18 11 19 15 22 10 31 21 41
25 1 9 11 18 13 10 12 12 8 14 11 10 13 10 15 5 27 16 27
20 1 5 11 16 9 1 8 18 2 6 6 2 9 1 21 8 16 8 16
21 6 4 6 7 5 1 8 11 6 9 10 11 7 1 5 6 10 4 13
35 13 27 26 28 31 31 27 28 27 16 34 15 22 12 19 16 33 15 43
31 1 11 23 30 28 19 22 40 21 18 14 15 27 21 43 27 42 33 34
48 23 19 45 45 48 27 45 34 28 34 13 35 35 40 41 40 56 37 48
39 1 21 30 32 28 21 25 23 4 17 4 24 20 17 31 18 27 17 35
57 7 24 36 48 44 38 44 57 36 18 42 22 31 22 50 39 53 30 68
36 3 29 25 39 28 31 35 42 32 21 25 20 30 32 47 30 61 44 45
37 15 26 31 37 38 24 39 52 18 34 20 13 39 32 53 37 55 44 45
36 10 7 22 29 14 12 16 17 18 5 15 21 11 8 21 16 37 12 24
7 2 1 5 1 4 3 14 13 4 8 2 7 1 9 1 3 15 6 12
7 3 2 7 2 3 7 9 10 3 3 8 9 3 4 7 3 13 5 8
38 9 12 21 24 21 15 22 24 15 16 22 15 19 7 17 13 35 17 39
11 1 1 1 1 1 1 8 9 1 6 3 2 2 2 2 1 6 1 13
61 22 27 52 52 58 41 52 42 36 42 26 43 40 46 42 42 69 44 63
19 1 8 13 18 16 5 12 18 3 8 7 1 10 3 17 6 21 9 22
17 1 10 14 17 20 4 12 28 3 11 8 6 20 8 31 15 25 19 17
52 7 36 36 40 44 44 36 36 25 27 32 28 33 22 29 24 40 28 57
11 1 5 8 8 4 1 3 4 3 2 1 6 5 1 6 1 11 6 6
20 4 1 11 9 7 6 13 15 3 10 9 12 8 8 13 4 21 11 19
37 5 29 29 32 37 40 36 34 23 29 33 30 40 34 39 23 44 43 49
27 4 8 11 14 8 10 20 25 11 13 18 9 13 8 16 12 26 11 32
8 1 2 4 4 4 1 7 8 1 6 3 1 7 3 6 1 9 5 10
44 19 28 29 37 48 31 41 39 29 44 29 5 40 31 29 29 55 44 59
40 10 22 31 36 30 22 27 22 18 15 22 14 17 8 22 17 34 13 42
7 1 4 1 1 1 7 10 16 7 4 13 1 8 5 9 3 13 7 17
52 9 29 36 39 48 30 29 36 18 25 28 23 30 13 27 23 39 18 51
60 28 28 46 54 36 36 43 45 42 16 36 37 27 19 42 45 65 24 49
14 1 1 5 6 6 1 3 7 1 6 5 1 8 1 7 1 4 4 15
9 1 1 7 4 4 6 9 13 1 1 7 6 4 4 9 3 10 6 9
53 12 21 22 26 42 42 35 52 30 25 43 32 45 30 38 33 25 38 55
19 1 3 7 6 15 16 18 24 8 18 22 5 18 9 10 5 15 16 30
9 1 11 12 12 11 4 4 12 3 11 10 5 16 2 18 6 16 16 9
14 1 1 5 8 1 1 9 11 3 4 3 7 3 1 8 7 9 4 11
20 1 9 8 15 8 19 10 16 12 2 15 8 5 6 15 3 19 9 23
66 24 16 36 33 51 47 50 45 45 39 35 34 35 40 27 39 58 48 63
65 8 26 41 50 51 45 40 40 26 26 25 35 28 31 40 36 45 28 60
9 1 1 5 3 2 1 3 4 1 2 2 5 5 1 4 1 8 4 4
57 24 36 60 60 50 44 49 35 35 25 21 49 39 44 61 49 65 48 45
17 1 19 14 18 16 10 5 14 13 7 14 6 16 3 22 8 26 18 13
31 6 18 18 24 17 20 11 18 18 10 21 15 17 9 26 10 34 21 23
11 3 14 14 18 13 1 13 11 4 16 4 1 16 9 17 8 23 17 19
52 32 41 53 58 45 38 57 49 45 31 42 37 40 21 35 46 73 26 65
4 1 1 1 1 1 1 8 11 1 4 3 1 1 4 4 1 9 2 10
29 6 5 8 11 11 5 13 12 8 14 11 11 11 6 6 6 19 9 25
30 4 22 34 39 32 19 36 32 16 20 14 8 18 19 33 20 46 28 46
34 9 17 18 23 22 11 10 20 14 9 17 11 15 1 20 14 25 12 21
31 3 9 12 22 14 10 11 21 9 4 7 12 9 6 25 15 24 11 19
28 1 7 14 23 22 10 11 28 16 9 11 17 15 15 29 15 27 18 23
35 1 7 16 24 16 27 23 29 19 11 23 8 14 14 28 19 36 22 38
56 16 35 46 55 47 46 36 41 43 8 29 38 34 27 58 47 61 42 38
61 19 24 38 50 41 39 46 53 50 13 28 47 32 38 54 51 63 42 50
29 7 5 15 15 11 15 12 21 11 11 14 19 13 14 25 15 27 17 18
31 8 25 28 32 33 30 34 29 24 19 22 15 16 20 20 14 40 19 47
24 13 10 21 22 20 15 26 29 20 17 14 22 19 19 24 16 42 27 26
39 10 27 24 32 35 30 32 48 38 14 37 22 29 18 38 30 41 27 51
65 16 25 48 52 49 35 46 48 28 25 34 34 37 22 52 42 56 29 61
10 1 1 5 7 7 7 15 16 2 10 6 6 4 10 10 1 18 11 21
8 1 4 4 7 4 1 1 3 3 1 1 1 3 1 8 1 7 4 4
24 1 12 15 18 18 15 16 10 6 12 9 13 10 11 8 7 10 4 29
61 16 8 34 35 51 44 43 44 36 32 26 40 34 43 39 39 45 44 50
56 13 17 53 54 44 26 38 44 21 16 20 38 27 18 57 46 50 30 45
14 1 1 1 2 1 1 5 10 1 4 4 6 2 1 4 3 6 1 7
28 11 14 28 24 24 16 27 23 13 9 13 23 17 14 25 16 31 17 27
15 1 10 13 13 17 11 1 12 7 17 18 5 21 4 18 4 15 19 17
37 3 14 22 33 26 14 20 38 19 9 21 9 17 7 33 21 37 14 39
18 6 8 6 11 18 13 19 18 20 16 8 1 9 15 7 8 26 15 27
33 12 24 27 33 34 19 27 40 16 27 14 13 31 27 43 26 46 38 35
23 1 9 7 13 11 6 6 6 9 7 10 5 9 1 8 1 15 5 19
36 1 17 30 36 30 24 37 36 13 13 9 17 10 22 34 19 40 21 43
13 1 7 12 11 17 7 12 19 5 11 2 8 11 12 21 6 23 19 13
47 8 18 27 37 32 17 29 51 23 22 28 22 34 15 50 32 43 29 48
56 19 56 50 59 56 50 56 55 36 29 38 34 45 38 56 46 66 42 67
17 7 16 19 20 14 11 18 19 8 12 10 13 19 15 31 16 37 27 17
40 8 25 24 33 40 37 38 50 36 21 30 28 33 34 42 32 41 32 56
42 6 6 26 27 35 28 17 32 23 17 27 27 27 15 41 28 26 29 30
51 10 6 20 26 33 34 39 42 27 32 23 23 23 31 22 26 41 32 55
54 17 26 39 41 41 41 46 43 29 31 35 45 42 34 37 38 45 25 59
11 1 1 1 1 4 1 1 6 1 4 4 2 4 1 6 1 1 1 4
26 1 1 4 7 17 5 7 22 5 15 13 3 17 5 14 5 11 11 24
32 4 6 15 19 15 12 27 24 14 11 10 8 2 9 9 13 31 6 37
8 1 1 1 2 1 1 8 8 1 2 1 1 1 1 4 2 7 1 10
16 4 4 8 8 4 6 9 4 6 4 3 10 2 2 4 4 11 2 14
22 1 1 6 6 15 14 9 21 1 10 14 7 13 6 17 4 13 12 21
32 7 1 21 22 20 10 19 24 6 1 8 24 11 7 22 19 20 5 25
14 1 1 6 5 8 5 11 16 1 6 5 4 5 5 11 8 9 4 13
45 10 9 33 34 29 17 27 29 16 18 23 17 21 3 25 24 35 21 42
21 5 12 15 16 11 19 30 28 17 9 14 16 11 19 18 12 32 19 33
19 1 8 6 13 7 5 8 9 9 1 6 5 3 2 7 2 16 4 15
49 7 23 48 55 42 35 43 33 25 23 19 24 21 32 52 34 58 40 48
27 1 4 22 21 16 15 20 23 3 4 11 12 8 5 26 12 24 12 24
23 1 2 1 6 8 4 2 10 5 11 13 5 9 1 1 2 6 5 19
13 1 6 10 11 7 7 8 11 7 7 8 5 8 1 9 4 9 7 16
54 18 12 47 48 44 30 43 35 28 23 19 42 29 34 49 39 57 33 40
8 1 1 4 2 2 6 2 4 1 5 5 6 4 3 7 1 4 5 8
51 15 27 33 40 33 40 33 30 38 14 36 32 27 24 37 32 56 34 44
19 3 7 14 14 10 1 14 15 1 13 6 9 13 5 17 10 25 13 16
37 1 23 26 28 32 29 20 22 9 20 19 22 25 16 25 11 25 21 39
70 24 28 56 64 51 35 42 43 38 27 32 30 30 9 46 53 64 28 56
25 12 4 22 19 14 15 20 8 9 9 10 27 9 13 10 14 21 7 21
39 8 10 12 18 20 18 18 26 15 18 23 15 14 13 18 12 32 18 33
12 2 2 8 7 1 7 10 14 2 1 7 9 5 1 15 7 19 9 10
52 19 38 42 50 37 38 42 39 32 28 37 27 37 27 45 38 67 42 58
6 1 1 1 1 2 1 2 8 1 1 1 1 1 1 4 1 2 1 2
14 2 5 7 5 4 13 12 19 7 1 11 10 6 5 14 7 15 8 14
13 1 1 1 3 2 1 1 1 3 5 7 4 4 1 1 1 3 1 9
75 25 20 40 48 45 37 47 49 39 31 38 36 30 19 27 45 57 22 62
34 1 1 9 11 16 5 19 32 3 13 13 3 9 4 16 15 21 8 31
69 12 15 50 55 42 44 51 40 32 16 21 38 12 31 52 46 57 31 50
12 5 9 13 10 10 4 10 9 1 8 1 10 11 6 14 6 18 12 8
15 1 4 3 8 5 4 3 10 6 1 4 4 2 1 9 2 8 4 9
8 2 2 6 3 3 1 5 4 1 4 4 7 6 2 6 2 10 5 5
30 1 17 18 21 23 22 24 31 15 10 19 17 20 19 30 17 24 16 36
34 15 21 22 25 23 16 19 18 20 14 23 16 15 5 10 14 31 8 28
20 7 1 9 11 4 9 14 17 5 5 7 17 1 12 13 10 21 9 12
22 4 21 21 23 24 26 18 24 17 23 27 12 35 20 36 17 35 38 31
45 18 22 37 40 40 31 39 35 25 37 20 22 35 34 38 32 60 47 50
20 8 4 14 8 11 5 14 16 4 7 4 13 8 7 14 12 17 8 13
32 1 17 31 35 27 28 22 22 16 18 20 19 25 18 38 20 36 32 33
41 18 14 19 23 24 16 27 33 28 18 31 23 26 16 25 26 38 12 37
46 15 9 21 24 34 23 27 44 30 26 26 25 28 19 28 30 41 26 47
10 1 1 1 4 1 1 6 11 1 2 4 1 2 1 6 2 7 1 9
38 2 1 9 14 17 11 7 25 5 11 16 14 18 4 22 15 15 14 23
18 2 16 8 13 6 19 14 18 19 1 20 13 12 10 18 11 27 15 22
5 1 1 1 1 1 1 7 10 1 7 4 1 1 5 2 1 7 3 9
23 1 6 14 20 10 11 20 17 7 2 6 8 1 6 11 9 19 1 27
53 10 18 35 39 31 29 33 26 18 9 18 22 6 10 27 27 34 8 46
54 20 33 38 41 49 36 56 67 41 31 33 24 47 38 55 54 73 53 62
41 14 7 25 26 27 12 29 21 15 15 12 27 15 17 15 21 26 1 37
24 1 9 16 14 17 15 22 24 6 12 10 15 8 17 18 9 15 9 27
19 2 11 9 15 13 7 15 18 14 11 10 5 7 10 8 2 24 13 24
31 1 4 14 18 14 12 24 22 9 13 14 11 6 10 12 9 29 9 37
13 1 1 10 11 3 1 9 13 1 1 1 1 2 1 13 7 11 3 12
62 5 26 58 63 46 43 50 34 24 24 13 38 21 32 57 45 63 40 51
16 1 4 6 7 8 1 6 13 5 8 9 6 9 1 10 4 7 7 11
26 7 20 36 33 27 24 21 14 5 14 6 22 18 23 37 20 34 28 19
51 9 17 32 32 48 22 24 39 19 29 31 27 42 15 37 27 25 29 46
17 1 8 1 9 6 16 16 23 9 8 22 8 17 10 21 11 22 17 25
31 3 3 14 16 14 15 5 6 10 9 13 15 9 3 10 6 18 11 22
12 1 5 10 14 7 6 9 16 1 4 5 5 7 5 21 7 18 12 9
7 1 6 5 8 4 5 5 11 8 1 9 3 7 3 10 1 13 9 9
31 1 11 21 18 29 17 18 21 1 18 12 17 20 14 24 10 22 19 28
68 22 24 38 40 58 47 49 57 43 34 43 34 40 33 35 40 54 35 75
63 29 23 33 35 42 42 45 51 46 37 52 40 45 36 30 38 48 39 62
9 1 6 12 8 15 5 7 7 1 14 11 2 16 3 9 1 12 12 15
72 19 17 48 53 56 41 53 43 38 35 28 47 35 43 45 41 59 37 62
20 1 3 6 10 11 4 5 21 2 1 6 7 10 1 22 10 14 9 8
45 19 8 23 29 34 12 34 43 29 21 17 24 26 21 22 33 41 19 43
41 6 18 21 26 25 15 30 42 16 22 24 12 30 14 37 26 45 29 42
59 19 20 33 32 41 34 42 45 29 30 38 23 27 19 19 29 38 26 59
2 1 2 5 7 3 2 2 6 1 1 2 1 4 3 12 1 11 8 3
49 23 29 44 46 38 27 34 28 28 27 29 26 32 23 36 31 60 34 47
28 1 3 4 11 13 3 6 17 4 10 12 2 12 1 11 5 11 8 21
29 1 4 13 18 15 3 12 25 5 3 7 9 11 2 20 14 18 4 24
30 6 4 11 14 14 11 11 16 6 9 7 16 11 7 17 14 15 7 19
69 23 23 53 54 53 42 53 43 37 39 35 44 42 39 43 46 61 50 62
7 1 4 7 6 5 4 9 13 4 7 8 6 6 7 10 1 13 9 9
14 1 4 1 6 5 3 2 4 6 7 10 3 5 1 2 1 6 1 12
37 6 17 24 24 24 20 25 20 8 13 7 25 13 18 20 18 23 9 31
45 12 7 21 23 23 18 33 37 22 24 27 19 25 14 20 20 39 23 48
17 9 16 18 16 22 14 25 28 18 23 11 8 24 20 23 17 41 32 27
16 6 5 10 7 8 5 10 16 1 5 8 11 7 5 15 7 16 9 8
17 1 6 7 12 8 5 10 14 7 2 5 3 4 3 10 5 14 5 16
8 1 1 1 2 2 2 7 16 3 4 6 1 1 4 7 1 9 4 9
52 11 39 48 55 50 37 33 42 25 20 26 30 39 30 59 39 50 37 51
19 1 2 16 15 4 7 11 11 1 3 2 11 6 5 19 10 22 11 13
21 11 21 15 19 15 24 16 20 24 7 25 10 10 4 11 12 27 8 25
16 4 21 19 23 15 18 15 21 12 14 15 11 26 19 38 18 35 33 19
35 7 18 25 23 41 23 30 39 16 32 22 15 36 22 31 21 38 35 44
34 8 20 34 32 38 13 32 34 3 21 6 17 24 23 36 26 35 23 36
18 3 3 7 9 3 2 7 7 3 3 2 10 5 3 10 3 15 6 11
57 30 16 43 40 49 29 44 40 34 42 40 39 47 28 26 37 42 29 57
52 8 25 40 41 34 31 41 39 13 20 16 34 27 24 44 32 45 25 49
54 20 37 50 47 51 31 37 34 12 37 21 32 41 30 47 37 43 36 48
59 25 29 46 51 51 39 36 27 36 36 36 33 42 31 42 39 58 49 45
30 2 22 33 34 37 17 26 31 4 18 7 18 26 20 37 24 27 20 34
51 14 25 29 34 35 38 44 56 30 25 44 26 39 28 50 37 53 43 54
7 1 8 5 1 1 13 9 18 9 1 14 6 9 7 15 6 13 12 11
44 20 48 42 50 45 43 44 42 38 20 39 28 37 29 46 35 56 38 54
56 16 27 44 49 43 26 42 45 23 21 24 35 36 23 47 39 51 22 54
62 7 31 57 64 54 49 51 48 32 32 31 25 28 30 62 43 68 45 63
14 4 4 12 10 7 11 10 10 1 6 6 14 7 8 13 6 15 11 12
15 1 2 6 5 8 2 3 11 2 5 8 5 8 1 12 3 9 6 8
5 1 1 1 1 1 2 1 9 3 1 7 1 3 1 7 1 5 3 6
22 3 16 23 22 30 13 17 26 5 18 15 8 29 13 34 16 26 22 29
35 2 28 31 39 33 34 27 30 25 11 21 20 24 25 43 24 46 32 39
35 17 28 38 35 31 22 38 29 12 22 19 20 31 23 37 28 44 29 41
12 1 5 8 10 8 3 10 18 1 8 9 1 11 3 18 4 18 10 13
2 1 1 2 3 1 1 5 8 1 2 1 1 2 3 6 1 10 6 5
23 1 12 16 21 22 9 4 15 5 12 10 9 21 5 30 12 23 18 16
14 1 1 3 9 2 8 13 21 6 8 7 6 2 11 13 4 20 10 18
15 1 5 8 10 13 1 8 19 1 8 6 1 13 2 20 8 15 8 12
60 13 14 45 49 45 45 48 53 34 16 26 34 27 33 60 49 54 39 48
27 11 8 17 18 13 14 24 25 20 6 19 21 15 11 19 19 28 9 29
64 25 23 39 46 48 41 47 42 44 31 31 35 28 31 33 42 67 37 54
33 1 15 25 31 16 35 34 31 23 4 19 29 15 28 40 27 39 29 32
18 2 3 6 5 11 2 10 20 4 12 10 7 10 8 13 5 17 11 15
60 6 18 48 53 48 24 43 46 25 19 21 25 21 15 45 38 51 21 60
19 7 10 26 23 17 10 13 1 4 13 3 18 16 10 21 14 27 19 16
48 11 25 40 45 41 17 29 36 20 18 18 27 29 12 41 32 39 22 44
27 18 6 20 20 13 9 18 20 20 11 18 23 14 9 14 18 26 7 22
9 1 5 13 11 10 8 12 10 3 1 6 8 6 6 9 3 10 7 13
23 5 5 16 17 10 12 6 10 8 9 12 18 13 9 22 10 23 18 10
45 14 19 29 31 38 23 36 42 15 39 26 18 38 28 37 29 40 41 47
54 27 14 41 44 41 35 50 35 46 25 18 40 26 42 33 43 68 41 45
13 1 7 5 9 7 6 4 8 7 6 12 6 11 3 13 1 17 10 13
54 16 8 37 42 36 14 36 42 22 12 21 35 22 17 33 35 36 5 49
16 1 8 15 15 15 6 9 19 2 9 8 2 13 1 23 10 16 12 14
47 7 14 28 25 38 41 31 32 24 25 28 33 28 33 32 21 29 36 41
39 10 23 31 38 27 25 43 37 30 12 27 17 21 16 28 27 57 25 54
51 13 20 35 38 35 35 24 18 24 16 25 29 18 15 22 20 36 22 39
61 17 33 34 47 45 51 38 50 41 24 47 32 39 21 41 40 51 31 60
21 1 1 9 9 19 6 17 26 2 12 8 6 11 10 15 7 15 9 26
57 8 23 33 34 62 41 44 51 23 47 23 30 49 41 36 34 43 46 64
13 1 14 8 15 7 15 13 20 14 3 15 7 14 10 23 8 26 19 18
24 15 21 20 23 20 21 19 14 23 12 20 13 9 2 3 14 24 2 27
25 2 8 7 16 10 6 15 21 10 1 10 1 1 2 10 10 21 1 22
11 1 1 3 5 3 7 9 10 3 11 9 11 5 12 9 3 16 9 12
34 12 15 19 23 15 17 26 24 18 12 19 14 5 9 10 15 32 6 35
8 1 1 1 3 1 1 5 8 2 1 3 4 1 2 5 1 8 2 7
27 10 4 20 22 12 4 17 13 11 3 5 17 8 2 10 14 21 4 22
61 30 39 48 51 59 37 53 51 37 42 38 24 45 30 40 43 69 43 69
29 8 23 25 32 29 19 22 18 21 24 19 12 19 18 22 15 42 27 36
15 4 2 14 8 7 8 18 9 1 8 7 15 3 10 5 4 15 5 19
30 1 2 10 18 11 11 4 11 10 1 1 15 3 7 20 14 18 10 9
57 11 12 45 50 41 35 36 40 29 17 18 27 23 21 59 45 49 40 33
55 30 9 45 44 47 37 51 50 36 35 27 45 36 44 43 42 58 32 54
23 6 4 10 11 4 4 11 13 6 6 4 11 5 1 10 10 13 5 15
59 22 9 43 46 41 25 38 40 39 17 19 47 27 32 44 44 49 28 41
6 2 11 13 12 12 1 8 5 1 11 1 1 14 5 16 6 16 14 9
60 21 22 32 40 33 34 32 37 30 23 35 30 23 9 25 33 50 14 46
57 7 8 26 31 42 28 41 49 28 32 27 13 25 18 29 32 43 30 59
50 14 25 52 55 48 36 51 45 25 29 16 25 26 40 58 43 60 48 48
27 3 5 15 19 9 14 9 12 10 2 11 15 5 3 15 7 24 9 21
22 1 4 5 13 8 3 12 14 6 10 12 1 8 3 7 5 17 5 26
21 11 18 20 24 29 18 25 25 19 27 6 9 24 27 27 19 41 35 30
11 1 1 6 6 4 8 4 10 3 3 4 10 3 7 14 5 9 9 3
42 9 36 35 37 43 33 36 38 26 24 28 20 28 22 34 23 46 26 50
21 1 1 8 10 7 4 10 13 2 1 1 8 1 1 9 6 8 1 14
43 4 13 35 37 37 32 22 25 19 10 17 34 23 25 46 27 29 26 28
55 11 14 32 38 43 32 38 39 26 28 17 26 29 32 36 32 51 35 52
36 12 22 34 33 30 15 26 19 10 17 13 20 25 12 29 19 34 20 35
17 1 4 14 18 13 7 20 28 4 10 3 5 7 12 26 11 32 19 20
8 1 9 13 15 9 8 2 8 4 6 6 8 11 4 20 4 19 17 5
52 13 30 35 35 51 49 43 44 32 36 32 29 39 40 39 29 58 45 60
38 9 10 15 22 12 10 21 26 14 9 17 13 7 6 18 17 31 6 30
17 1 1 4 6 10 3 6 15 1 8 10 2 10 3 15 5 10 7 13
27 1 4 11 19 14 17 9 23 11 2 12 13 10 9 23 12 19 9 24
42 3 13 25 32 27 27 29 30 17 10 24 11 9 11 29 17 34 13 45
19 1 5 6 9 12 4 6 12 6 4 6 1 6 1 9 2 12 2 19
31 7 25 29 36 32 36 33 28 37 21 19 24 29 37 42 29 61 49 34
3 1 5 10 8 7 1 5 6 1 4 1 1 7 2 9 1 11 8 6
13 1 9 8 11 16 9 18 25 10 20 14 2 20 12 20 7 30 24 26
16 1 10 12 12 13 10 14 18 14 11 11 6 9 9 11 2 29 16 24
10 1 3 2 4 1 7 7 13 6 5 9 8 5 6 11 1 16 9 12
58 21 13 47 44 46 38 45 29 31 24 21 47 30 40 38 33 48 36 43
48 9 18 27 28 41 38 41 52 32 38 31 17 40 32 39 31 58 49 58
32 1 8 28 35 26 17 21 26 12 5 4 16 16 17 47 30 39 28 15
21 1 1 4 6 10 6 18 31 7 13 12 1 9 8 18 9 21 10 26
61 8 24 46 53 47 29 37 28 15 18 17 23 24 16 44 36 50 24 54
24 1 15 11 19 13 12 11 24 12 9 15 9 17 6 29 11 27 19 20
52 15 10 28 24 33 23 30 41 21 25 31 21 30 12 27 29 30 29 43
11 1 2 2 6 4 5 2 11 4 2 4 6 1 4 10 3 6 4 5
60 22 20 48 49 44 52 63 49 51 23 32 36 26 41 41 49 78 46 66
19 3 16 14 21 16 2 9 13 5 14 9 2 17 4 20 9 23 16 18
10 1 5 11 14 8 13 11 9 7 4 6 10 4 11 11 3 15 9 16
26 1 2 5 9 17 11 10 19 5 17 15 9 18 10 14 3 15 19 22
39 8 14 22 29 33 46 45 43 39 25 30 24 32 42 39 33 52 50 50
65 13 32 39 45 57 43 48 51 26 36 33 28 38 27 29 35 42 27 69
35 1 16 21 32 18 25 26 38 22 6 20 9 17 17 42 24 47 27 38
56 9 19 43 50 39 26 25 26 22 10 14 37 23 18 43 34 38 20 41
37 15 15 32 33 36 14 30 42 22 25 22 28 36 22 42 33 48 31 38
12 1 1 1 1 4 1 1 8 1 2 1 1 3 1 6 3 1 1 4
21 1 6 4 6 11 10 14 26 6 12 20 3 18 6 19 8 19 15 24
11 1 4 4 6 4 4 5 10 6 3 5 1 1 1 4 1 6 2 11
25 6 6 9 14 9 8 12 6 10 11 10 14 6 8 6 6 23 7 23
56 15 34 44 52 47 51 38 36 41 8 29 39 32 35 55 38 54 40 43
14 1 4 9 8 13 8 8 13 3 3 9 3 10 3 15 1 10 6 16
33 14 25 27 31 27 17 15 12 18 15 16 17 17 6 23 19 34 17 23
7 1 1 4 1 6 2 8 19 2 5 5 1 4 6 11 2 13 9 8
60 9 29 50 56 49 37 51 56 27 21 33 36 42 34 67 51 63 44 65
56 15 16 36 37 48 26 48 43 24 37 19 26 35 29 26 32 49 31 61
18 1 10 10 16 11 2 2 7 5 6 5 1 9 1 11 2 15 7 15
44 17 16 27 27 35 28 35 29 29 27 29 21 20 15 7 18 39 18 52
21 1 6 17 17 14 14 11 8 1 4 3 16 7 10 19 4 14 10 16
44 12 16 29 35 35 11 21 30 15 22 21 23 32 12 34 27 40 23 39
15 3 1 3 3 5 1 9 12 3 11 11 8 7 6 5 3 11 4 15
24 8 21 19 24 16 24 29 29 24 12 23 22 23 23 30 17 44 31 35
58 20 22 26 27 41 43 28 41 36 30 43 29 32 27 22 29 26 32 49
32 10 3 26 25 20 13 28 27 12 9 6 25 11 18 24 22 36 18 26
44 6 8 33 35 27 22 30 36 13 11 13 30 18 23 41 28 38 23 36
65 25 25 59 65 53 33 55 58 31 34 29 29 37 29 63 55 73 44 63
47 18 12 26 26 41 16 25 36 24 31 32 23 44 14 30 30 33 28 39
16 1 1 1 5 1 1 2 9 3 4 4 3 3 1 6 1 3 1 11
12 1 7 1 9 6 7 7 6 9 8 10 5 6 6 7 1 12 5 15
57 17 9 24 24 40 42 42 41 40 37 32 31 30 40 24 33 53 46 52
38 6 31 36 43 29 36 46 43 24 15 21 32 27 36 48 31 57 38 50
37 18 2 32 32 18 17 31 26 18 15 17 32 17 20 26 27 39 12 33
30 10 7 21 19 16 12 22 14 8 5 6 23 5 9 10 14 15 1 24
27 1 1 7 7 15 3 2 25 7 7 18 10 19 1 22 12 7 6 19
54 18 25 43 43 53 36 51 60 38 40 30 12 35 28 50 45 69 49 61
44 18 4 34 36 21 21 30 26 25 12 15 36 13 21 31 32 38 17 29
36 8 9 18 19 21 13 17 22 12 20 21 14 23 7 15 14 21 19 32
23 1 5 10 10 14 12 13 18 6 8 14 9 11 6 15 3 12 8 24
17 1 5 4 6 10 12 12 24 7 13 15 10 12 13 21 8 20 15 16
3 1 1 3 2 2 1 2 8 1 1 3 1 3 1 9 1 7 5 1
9 1 12 7 12 5 9 14 20 10 2 11 1 12 6 18 5 25 15 20
25 6 1 8 6 8 1 14 16 2 11 9 11 8 5 8 10 15 5 18
60 26 12 38 35 44 46 51 47 40 32 24 40 33 45 40 43 61 51 49
31 2 5 16 21 8 13 19 20 8 8 12 13 4 9 17 12 31 9 30
44 1 8 24 28 33 29 24 26 17 18 18 23 22 24 31 19 26 27 34
10 1 6 2 6 3 11 4 13 9 7 15 6 10 6 14 3 12 11 13
30 12 7 17 22 17 18 32 23 21 17 6 18 10 19 13 19 39 18 39
36 1 13 37 40 30 29 29 26 15 4 8 21 13 19 49 28 40 30 25
60 13 13 39 45 44 34 41 42 34 20 26 39 31 31 46 38 55 38 52
24 1 7 20 25 12 13 17 19 7 5 5 12 8 11 25 12 25 14 23
17 1 2 15 13 20 4 8 17 1 3 7 8 14 4 18 8 6 3 18
60 18 15 45 49 40 40 58 46 39 25 23 43 25 43 45 43 66 35 60
57 20 16 49 45 45 45 59 46 34 26 17 44 28 45 46 45 68 45 52
35 3 11 21 21 31 8 7 17 8 19 14 12 30 2 26 17 18 18 25
61 25 33 47 48 62 35 52 58 37 42 35 22 44 30 40 47 64 37 71
11 1 11 12 13 13 3 8 15 2 9 6 3 14 4 22 7 20 16 10
33 11 13 22 25 14 17 30 25 20 10 19 14 7 9 13 16 38 11 40
14 3 4 9 6 6 4 6 13 3 5 8 8 7 3 11 3 12 8 9
7 1 1 3 5 1 1 4 10 1 1 1 1 1 1 8 1 7 2 5
18 1 5 2 11 3 3 9 9 7 1 5 2 1 1 1 2 15 1 17
56 13 27 44 49 33 40 57 51 26 24 25 47 34 40 49 45 59 31 62
36 1 7 17 26 23 10 17 27 11 8 14 1 13 1 29 19 26 11 31
35 5 8 15 15 27 13 13 24 7 20 17 13 27 9 23 14 20 21 25
31 17 32 33 39 33 27 31 29 26 24 25 18 23 13 23 22 50 23 39
41 4 1 29 31 18 17 22 28 14 3 9 18 4 7 36 30 34 19 22
12 1 5 13 9 13 10 13 7 1 7 8 9 7 9 7 2 6 3 19
18 1 10 12 12 19 12 15 28 10 18 14 8 19 14 27 7 28 24 22
1 1 6 9 6 6 4 1 9 2 3 7 1 9 1 12 1 10 11 3
40 7 17 27 37 26 31 30 38 28 1 18 27 25 28 53 36 45 36 27
33 4 21 35 33 39 15 17 30 8 18 15 24 30 12 38 25 19 18 30
52 12 20 39 37 41 42 38 34 31 28 30 32 39 33 44 37 45 51 44
29 2 9 21 29 14 21 25 23 13 6 11 13 1 15 20 14 32 11 34
27 2 1 22 24 10 14 22 17 8 3 4 13 2 6 23 18 29 13 24
10 1 1 5 6 5 10 6 14 4 7 11 8 7 8 17 5 13 11 7
29 1 8 15 17 23 12 2 19 3 16 14 13 23 7 30 14 21 23 14
41 5 10 21 27 29 17 25 27 11 14 14 21 17 16 26 15 32 17 40
25 1 7 1 10 12 9 12 27 10 9 17 1 14 6 20 9 21 10 28
21 1 12 12 9 19 21 27 29 12 14 16 15 14 22 19 12 25 15 32
14 6 5 14 9 7 5 11 10 3 4 5 11 7 4 10 6 15 8 11
52 15 21 41 43 45 35 28 19 28 24 18 34 32 27 42 32 45 42 30
52 12 33 42 47 38 39 43 41 24 21 23 42 36 32 48 37 54 34 51
56 11 37 49 55 50 34 44 50 23 17 27 18 35 24 59 43 56 31 59
43 6 23 19 30 31 36 19 36 30 14 38 18 33 20 39 26 37 31 43
18 1 8 6 9 13 16 19 29 16 13 13 8 9 15 18 7 25 17 27
53 9 40 44 53 42 46 48 48 27 22 33 37 40 34 57 39 58 41 60
21 1 2 14 11 12 12 4 11 3 6 6 15 9 8 19 8 12 12 11
11 2 12 8 12 8 11 10 14 14 3 15 1 7 5 10 2 22 10 17
25 1 6 6 10 12 5 5 14 7 12 15 7 13 1 9 3 11 9 19
44 12 34 28 36 40 40 42 44 36 18 36 25 27 29 34 28 45 26 56
14 4 1 4 6 6 6 19 18 9 11 3 10 3 13 6 8 21 11 18
21 1 4 8 10 12 7 9 12 5 4 4 7 6 4 9 5 6 2 18
3 1 2 2 4 4 6 10 17 5 5 5 3 5 9 13 1 20 16 11
28 8 24 24 25 25 16 17 17 17 18 24 10 25 8 22 13 36 22 32
22 1 4 6 14 2 9 7 7 8 3 6 12 1 6 10 7 19 6 15
29 5 22 25 31 23 22 24 29 12 20 21 11 32 21 46 27 43 38 30
37 2 8 23 29 22 8 15 25 4 12 9 13 19 6 37 25 32 18 22
40 4 22 25 34 28 19 30 42 17 18 23 19 36 23 49 33 50 36 43
12 1 4 6 6 7 3 5 9 3 6 5 5 8 3 12 3 8 7 8
31 1 16 19 22 30 13 16 18 11 20 16 5 19 7 17 8 28 18 34
42 7 20 30 36 41 38 31 33 34 28 28 16 25 26 32 22 53 41 45
26 1 4 7 14 15 12 14 15 5 10 10 6 7 7 10 5 14 4 29
14 1 1 4 4 6 4 7 10 4 7 5 7 5 5 10 5 7 4 9
51 8 20 38 45 38 36 32 24 27 20 26 25 21 16 27 25 47 25 45
33 15 18 25 26 33 32 36 30 28 20 19 19 16 27 15 18 45 26 45
60 7 13 35 43 41 50 45 49 41 23 38 21 27 24 54 43 53 46 52
30 11 20 26 29 20 21 26 20 20 6 19 18 14 10 19 15 37 16 34
63 14 8 35 41 33 35 41 37 32 16 22 33 21 27 40 37 52 36 42
46 15 25 40 44 37 46 33 24 34 8 22 33 12 28 37 27 42 27 33
11 1 1 1 3 1 1 6 11 2 4 4 1 2 2 3 1 6 1 11
31 6 25 22 29 23 25 25 32 22 15 25 9 21 16 34 18 45 27 38
23 1 4 8 12 6 14 13 24 9 10 12 15 7 15 21 11 24 15 17
11 1 1 9 7 9 11 15 19 6 15 12 7 9 15 14 4 20 16 20
28 4 30 27 30 27 31 31 27 21 14 24 15 21 22 25 14 38 22 44
45 9 15 27 36 26 17 38 47 24 11 25 18 27 12 41 37 50 25 44
37 10 33 31 32 40 48 49 48 33 28 25 28 34 44 35 29 56 43 58
26 1 8 8 15 13 15 11 21 11 6 14 10 7 7 17 8 20 7 22
44 12 25 36 44 29 46 40 36 36 1 17 39 26 38 51 36 47 42 36
13 1 8 17 20 10 1 9 11 2 5 1 1 8 1 18 10 18 9 16
26 1 7 17 16 19 10 25 22 1 13 4 13 9 15 17 8 20 9 31
9 1 6 8 5 4 6 10 17 4 2 9 6 9 5 13 3 19 12 11
30 6 20 34 32 42 14 27 36 10 25 14 17 31 22 40 25 31 27 38
18 1 1 9 7 6 2 13 14 1 4 1 7 3 3 10 6 13 3 16
9 1 3 6 8 10 2 1 6 1 6 2 1 10 3 17 2 12 10 5
21 1 5 17 18 12 8 17 17 5 9 8 5 11 1 18 12 17 8 24
18 1 9 11 14 14 12 7 7 11 10 14 6 8 5 4 1 9 1 23
19 1 6 4 8 11 5 2 7 8 5 8 1 5 1 5 3 8 1 14
28 11 15 16 19 20 15 30 38 23 11 19 19 23 19 28 23 39 26 31
10 1 1 1 1 1 1 3 13 1 1 3 3 1 1 10 2 5 2 3
51 13 24 37 38 41 35 50 46 23 33 16 31 30 36 31 32 55 34 58
41 2 1 24 25 18 22 29 24 12 14 12 20 8 17 25 23 35 21 33
57 26 4 29 38 36 21 43 48 32 34 30 35 30 31 35 38 52 19 53
16 1 1 7 7 6 5 11 13 5 9 10 6 8 5 7 5 9 5 18
42 8 20 24 31 28 14 17 23 16 13 17 9 18 1 21 20 30 6 33
42 8 6 24 26 22 22 19 16 15 14 13 26 15 15 25 20 28 22 27
6 1 1 1 1 1 1 4 5 1 2 1 2 1 1 1 1 4 1 6
15 4 4 6 9 4 7 7 10 6 4 5 12 5 7 12 4 13 9 9
65 25 32 43 53 45 44 47 55 53 23 41 46 31 29 50 52 65 38 56
14 1 4 2 8 3 5 4 13 7 5 12 1 8 1 11 2 11 6 16
69 15 18 38 49 50 45 39 42 40 15 28 26 27 26 46 43 48 39 47
31 3 5 32 33 22 25 34 23 17 11 7 21 9 24 35 25 41 29 30
24 5 18 19 24 21 8 18 16 12 16 5 9 13 13 22 11 36 21 25
8 1 2 1 5 5 3 14 15 10 10 2 1 1 10 1 2 16 7 19
60 20 28 53 59 42 47 56 44 45 11 27 38 21 29 48 46 76 38 53
26 1 12 16 18 21 18 11 5 8 11 12 14 12 9 12 3 11 9 28
8 1 1 2 5 2 3 5 10 1 2 3 7 2 6 11 1 12 7 5
39 1 2 20 24 28 20 13 25 8 10 16 20 20 13 30 16 18 18 30
33 12 5 20 24 17 13 19 17 16 11 19 22 14 7 14 14 29 8 30
9 1 1 1 1 3 1 1 3 1 5 3 1 3 1 3 1 1 1 6
17 2 11 9 16 10 7 9 8 10 3 6 4 6 3 10 3 18 7 17
28 1 8 12 15 23 14 9 18 6 10 16 6 16 4 17 3 17 12 26
60 17 19 47 50 43 25 46 35 26 17 24 26 17 14 33 34 52 14 57
26 3 10 14 17 6 11 16 25 12 5 15 8 12 4 22 15 26 12 26
66 17 11 38 37 41 39 50 42 32 32 25 39 25 37 32 38 43 38 59
12 1 1 3 5 6 5 13 18 5 13 12 4 9 9 11 3 17 11 19
16 1 11 13 15 15 7 7 11 8 5 6 4 7 3 13 2 17 8 16
42 13 26 47 50 34 41 43 35 29 8 16 37 29 33 58 45 60 47 33
54 20 26 43 48 33 31 40 32 28 23 25 28 21 13 27 32 57 19 52
25 4 11 22 28 18 23 15 7 21 1 10 17 4 17 24 13 34 21 14
33 14 23 32 34 37 15 28 39 12 29 17 12 35 24 43 30 37 32 38
16 2 1 6 3 8 3 7 12 1 1 1 8 3 1 9 8 7 1 8
20 2 22 17 21 17 29 24 21 18 7 20 14 12 19 21 10 27 13 34
36 7 21 24 29 33 44 36 28 34 22 29 21 23 34 27 20 46 35 51
35 10 2 17 19 10 3 24 26 9 10 12 15 8 5 15 19 28 4 30
44 17 17 43 45 38 25 27 24 27 14 13 35 28 22 48 38 49 35 25
32 1 3 10 10 13 14 20 27 8 11 19 9 15 6 15 11 21 12 33
56 5 33 34 47 40 48 40 44 30 16 31 34 32 35 52 38 48 32 56
16 1 5 3 8 14 5 13 21 12 12 6 3 8 11 11 6 19 12 19
10 1 5 6 10 12 1 1 11 1 3 1 1 10 1 17 5 9 7 3
47 13 14 45 44 46 17 45 52 21 27 17 19 29 18 48 46 55 34 51
12 1 3 1 1 4 5 2 13 4 7 13 6 8 1 9 1 7 6 8
16 1 12 16 18 20 7 5 4 5 7 4 2 11 1 13 3 15 8 16
24 1 2 4 4 16 14 21 30 12 22 23 7 21 13 11 7 21 23 33
46 7 14 24 33 32 18 16 28 23 16 24 19 23 12 31 24 30 19 39
24 12 6 20 17 13 6 18 14 11 8 8 18 11 6 10 12 22 8 21
36 11 13 29 30 28 12 23 23 9 10 9 22 19 8 28 22 26 13 27
11 1 1 1 1 3 1 1 7 1 6 9 1 6 1 2 1 2 3 10
22 3 3 3 9 4 3 9 8 5 7 8 9 5 2 5 6 14 1 17
46 9 31 41 46 39 37 53 49 30 21 21 26 27 31 42 36 64 36 60
36 1 2 10 18 15 8 18 26 8 9 12 7 8 4 23 17 22 8 28
44 16 18 33 26 42 36 45 42 23 35 22 27 31 39 34 29 46 38 53
14 3 1 4 4 3 1 9 15 3 4 6 8 3 5 7 4 11 4 9
39 13 23 27 31 28 32 19 22 27 16 31 22 20 7 21 17 38 16 34
43 12 1 23 25 23 20 20 20 23 14 21 30 17 16 27 24 34 21 23
22 4 7 15 13 13 11 15 21 7 6 12 12 12 6 18 8 20 12 20
48 16 14 20 22 35 39 52 56 37 33 39 24 41 36 26 35 50 44 65
25 1 1 11 12 15 12 3 14 5 5 9 13 12 8 26 11 17 16 8
18 8 5 16 13 7 7 20 18 4 8 7 14 7 9 15 12 25 11 19
59 13 24 21 26 46 43 47 66 43 37 44 21 48 37 41 39 57 47 70
37 9 17 31 35 33 41 43 37 33 14 13 30 20 41 43 28 51 43 36
32 6 16 24 27 21 18 20 10 10 7 13 18 10 10 15 8 26 9 31
36 13 5 29 30 18 13 25 26 16 13 20 23 22 10 30 24 39 15 33
22 1 4 7 9 17 12 4 7 8 11 14 1 10 1 4 1 5 6 23
19 1 1 1 5 5 1 6 13 1 4 2 3 5 1 13 7 6 2 11
18 5 1 6 4 8 6 12 18 4 13 11 12 8 11 14 7 17 10 14
26 5 16 21 30 15 16 14 14 15 5 12 10 8 7 22 13 31 15 22
7 1 2 5 5 5 1 1 7 2 5 9 1 9 1 8 1 8 7 7
32 1 3 15 21 19 3 9 25 8 4 11 13 14 1 21 15 11 3 26
26 3 9 12 10 17 16 20 25 14 17 22 10 21 12 17 8 27 22 33
33 4 8 20 22 17 11 19 28 11 12 20 9 17 1 27 17 29 18 28
21 1 5 19 18 15 11 17 23 5 7 15 3 13 1 23 11 23 14 25
65 33 42 53 60 53 35 42 43 30 34 34 30 40 19 45 48 61 30 56
19 1 9 17 20 12 10 7 12 6 7 3 12 10 8 24 10 23 18 11
44 11 13 41 38 35 16 42 39 12 16 13 25 18 17 35 32 45 18 42
46 14 8 33 35 31 12 32 31 15 30 19 22 31 19 32 28 45 26 43
41 7 2 15 23 14 10 20 19 15 12 12 20 9 12 16 18 33 12 31
47 12 27 42 47 43 39 48 45 30 27 20 22 27 35 47 35 66 44 57
37 8 31 25 30 31 40 42 38 32 18 29 27 23 34 30 23 46 28 52
30 1 13 25 26 31 25 21 25 16 28 19 18 24 24 28 11 34 35 34
61 2 26 45 54 50 34 29 39 19 20 26 27 35 19 56 35 47 31 54
37 8 18 29 39 24 26 25 17 25 8 15 21 9 18 29 22 43 23 27
19 1 8 12 22 12 11 19 21 13 9 3 4 6 14 19 9 34 18 26
8 1 8 12 11 9 7 8 10 6 7 8 5 10 6 14 1 15 11 12
28 10 16 18 24 18 21 18 19 19 6 20 14 5 5 9 12 23 6 28
13 1 4 3 8 3 4 6 10 5 1 4 7 3 5 9 1 13 6 10
13 1 7 6 8 4 8 6 13 10 4 11 7 6 4 11 1 13 8 11
9 1 2 5 5 9 6 12 14 5 13 5 6 7 13 13 2 17 14 14
12 3 1 4 1 4 4 4 13 3 5 9 8 5 1 11 4 9 6 4
67 21 28 49 56 50 32 49 58 39 26 40 38 41 21 53 46 64 33 71
15 5 17 18 20 19 34 33 33 25 13 22 23 21 34 30 19 39 35 34
15 8 7 18 15 11 1 14 9 4 7 3 13 11 3 12 11 23 10 12
40 12 18 34 34 34 28 44 37 24 22 16 34 23 31 26 26 47 21 48
23 1 7 8 16 12 9 2 12 8 1 6 8 5 4 19 5 19 9 10
18 1 1 3 9 2 6 14 19 8 10 4 9 2 13 11 5 23 12 20
44 1 22 31 38 34 28 27 34 7 18 11 25 27 22 44 24 35 24 40
48 11 28 39 48 40 25 22 36 28 19 28 23 34 14 52 35 46 32 42
31 7 18 19 21 21 18 16 22 16 14 22 12 18 9 23 8 34 18 30
69 18 37 49 58 51 61 51 42 48 21 45 44 38 38 51 43 64 49 60
38 2 2 8 12 24 19 15 20 12 16 18 13 17 9 11 9 13 14 33
31 6 11 11 16 16 13 13 26 14 7 17 12 12 7 21 13 26 10 25
45 7 16 21 29 37 38 38 46 29 22 25 18 25 33 33 28 45 28 57
52 16 19 35 42 34 42 54 54 46 22 34 26 28 32 39 44 74 44 63
30 1 9 30 31 27 25 33 26 16 18 7 22 14 29 33 20 40 31 31
40 6 32 37 38 42 37 40 53 23 23 24 36 40 29 53 39 37 32 50
6 1 8 9 8 8 4 2 11 3 8 10 3 13 1 14 2 12 13 7
41 3 18 30 38 33 18 29 33 17 18 16 8 17 13 37 25 47 25 42
43 20 18 30 35 32 14 20 24 24 12 21 23 20 5 22 25 36 9 30
22 1 8 18 19 23 20 23 25 8 12 4 16 9 24 25 13 21 16 27
23 1 5 10 14 6 7 14 18 7 10 13 7 9 5 16 10 18 7 24
7 1 1 1 6 1 4 8 8 2 2 1 4 1 6 7 2 10 4 9
22 7 18 25 24 26 12 24 30 3 16 10 4 23 14 33 19 32 24 25
56 12 7 34 44 30 22 27 30 28 1 16 34 14 16 40 38 44 19 31
46 16 5 21 25 33 18 31 44 23 28 27 27 32 22 30 28 41 26 45
40 1 23 39 46 38 35 36 19 21 20 5 30 17 35 38 24 49 35 39
41 11 19 29 34 29 26 34 26 20 17 20 25 14 22 24 15 43 20 46
33 9 8 18 12 27 26 17 21 16 24 23 21 27 21 19 15 16 30 27
31 9 14 23 23 23 11 17 21 14 13 16 16 21 4 24 15 34 16 27
43 6 5 20 20 27 25 17 22 9 16 16 25 18 17 23 18 16 18 29
28 3 5 6 12 9 5 15 17 9 13 15 8 7 6 6 6 24 8 28
18 1 9 18 17 21 13 19 21 4 15 7 12 13 17 22 7 23 19 23
59 23 30 44 50 48 20 45 50 32 31 31 22 38 19 41 43 65 29 62
18 1 23 12 20 16 14 17 21 15 14 20 9 26 15 28 13 37 27 28
35 16 4 24 28 15 21 27 25 26 9 19 32 15 20 28 28 39 18 23
29 4 13 13 23 13 17 16 23 16 9 22 7 13 6 23 12 29 13 31
53 8 8 38 44 31 36 38 29 31 16 22 24 11 17 40 35 49 30 41
40 6 14 22 28 20 26 27 30 13 10 13 26 9 22 29 20 34 14 34
59 17 19 42 42 47 43 58 49 37 33 32 20 20 27 29 39 58 30 70
42 4 15 18 24 34 43 35 40 35 28 31 20 26 35 27 20 43 39 52
11 1 8 18 19 13 9 17 11 1 6 1 8 8 9 18 6 20 12 18
5 1 1 3 2 1 4 4 10 1 1 5 2 1 1 4 1 4 2 7
19 1 13 16 18 20 17 16 25 14 17 14 9 20 17 30 10 34 28 27
18 1 6 7 16 15 1 12 22 5 7 1 1 10 5 20 9 21 11 19
10 3 2 4 6 1 5 4 4 4 2 3 11 2 4 8 3 10 6 4
55 20 12 29 30 42 42 52 47 31 38 30 35 34 39 25 33 47 38 65
42 2 23 27 42 37 29 40 58 31 20 31 13 34 24 56 38 57 41 54
36 11 28 29 31 35 19 26 31 17 22 22 7 31 16 36 24 45 28 40
10 1 1 4 3 7 2 3 11 2 3 3 1 5 1 10 6 3 3 5
20 1 2 6 10 12 10 8 13 4 8 11 7 5 7 11 1 15 7 22
16 1 3 2 7 2 12 10 21 7 1 10 4 6 7 20 8 18 10 17
45 19 5 31 35 27 19 32 21 23 17 22 29 19 16 18 22 37 3 44
37 14 16 34 31 34 12 19 30 14 15 16 28 28 3 34 28 23 19 27
2 1 1 2 1 1 3 3 7 1 3 7 1 2 1 2 1 5 1 5
1 1 1 3 5 2 2 1 5 1 1 2 2 3 1 12 1 8 8 1
63 19 31 44 50 44 32 42 52 34 22 40 22 33 3 38 44 60 18 59
4 1 1 1 1 1 2 1 9 1 1 4 2 2 1 10 1 6 5 1
14 1 10 13 13 11 3 1 1 5 1 1 4 6 1 9 1 15 7 7
13 1 1 7 12 1 4 6 8 1 1 1 5 2 3 15 7 13 7 10
41 4 2 9 15 19 6 15 30 7 15 17 12 19 5 19 17 18 9 32
40 5 20 20 23 33 30 31 43 18 15 33 24 34 24 36 25 26 25 47
20 1 1 9 9 10 13 18 18 7 12 5 14 3 17 9 5 21 12 24
43 15 22 33 35 39 26 40 45 30 25 22 10 22 19 30 33 60 32 49
37 7 23 34 39 37 18 35 25 17 26 16 6 22 17 26 20 44 25 51
51 14 31 42 50 49 38 37 51 43 23 33 31 34 26 50 40 59 40 52
48 6 13 32 35 39 21 22 36 19 26 24 27 37 21 47 32 42 39 36
23 1 5 15 17 13 10 15 19 4 4 5 9 6 6 19 10 12 6 21
18 11 12 22 23 18 4 21 12 12 17 3 17 16 13 18 15 35 21 22
58 13 11 38 38 40 42 53 49 26 29 19 35 21 41 40 41 56 35 56
45 7 5 23 26 28 16 12 21 15 15 19 27 23 7 26 22 19 15 34
50 16 26 52 56 47 37 41 37 21 19 13 26 29 35 63 44 52 43 35
9 1 1 6 8 4 8 10 10 4 8 1 10 5 12 13 4 15 12 10
12 1 11 11 16 10 7 6 6 7 10 6 9 13 7 17 4 18 15 11
43 10 17 24 34 29 32 32 38 33 13 21 21 11 19 27 28 48 21 36
22 2 2 2 6 4 2 10 14 4 9 8 8 5 5 6 4 14 2 18
54 7 32 35 45 44 51 48 46 39 28 39 29 35 39 42 30 61 46 67
42 4 10 12 19 25 20 25 31 20 21 23 8 13 13 14 12 30 17 44
4 1 3 5 7 6 1 12 13 1 8 1 1 5 6 8 1 17 11 12
17 1 1 8 11 3 11 10 12 5 3 2 13 1 11 16 9 16 10 10
39 1 7 26 29 29 16 26 26 13 24 8 16 20 21 35 24 43 34 32
18 1 7 15 15 19 6 9 13 1 3 1 8 11 3 18 8 9 8 12
57 12 28 33 32 52 40 34 42 27 30 38 29 41 27 28 26 29 32 57
34 5 7 11 15 17 19 27 35 16 16 20 16 19 17 26 19 35 23 39
34 7 16 27 34 29 27 34 35 25 20 23 9 17 19 30 21 50 28 47
43 17 22 29 29 42 32 36 45 25 42 26 17 42 35 40 31 56 51 50
26 6 14 19 25 15 21 18 18 20 10 15 16 7 18 20 11 36 21 26
18 5 9 11 12 8 13 8 13 11 6 13 12 9 5 15 5 20 12 16
15 1 8 11 14 6 4 10 21 4 2 8 3 11 1 23 9 21 13 13
35 19 34 32 37 37 19 24 18 20 28 25 8 30 13 23 22 38 24 38
28 1 6 18 20 13 22 17 14 14 7 12 20 6 17 20 7 30 17 24
31 1 1 14 20 14 9 19 30 6 9 6 12 9 12 26 19 22 10 30
68 23 17 42 52 38 33 39 44 39 15 33 35 22 15 41 47 57 18 49
10 1 6 4 10 5 5 2 6 6 4 8 4 6 2 10 1 12 7 10
58 14 17 27 29 50 41 40 47 29 30 31 24 30 30 26 28 45 29 62
13 1 1 7 10 5 9 3 8 5 2 6 8 5 8 19 4 16 13 5
54 11 10 35 34 37 22 46 40 15 22 17 26 17 20 31 34 39 17 53
17 1 4 4 12 4 6 10 18 6 3 7 6 4 5 16 4 19 8 15
24 1 5 8 15 4 4 17 17 7 8 5 7 5 6 13 10 20 5 24
56 11 20 27 31 45 43 46 49 26 37 26 31 34 37 32 28 48 38 62
11 1 1 3 7 1 7 2 8 4 5 6 8 3 6 8 3 6 6 8
15 1 8 16 19 10 12 9 13 9 10 7 11 12 13 25 8 29 24 12
4 1 5 5 6 2 13 6 13 8 1 10 4 7 5 15 2 13 12 11
43 15 25 33 40 24 25 37 36 31 5 29 18 20 10 34 32 53 23 43
37 8 4 23 26 18 6 19 25 8 2 5 18 11 3 21 23 20 5 27
17 1 5 2 2 4 6 11 23 8 2 10 6 7 6 13 8 17 7 13
19 1 15 13 21 16 8 14 20 9 17 14 3 18 9 23 9 30 19 24
22 2 6 4 4 7 8 17 27 8 7 17 10 16 9 18 14 22 12 22
22 1 1 6 7 13 5 11 21 4 11 12 3 12 5 15 9 10 5 21
18 1 4 13 12 17 1 2 18 2 3 8 10 16 1 25 12 14 9 7
59 26 21 42 42 58 25 50 42 26 43 20 26 45 35 34 41 55 35 64
31 3 17 23 27 17 36 29 23 23 4 18 32 13 30 34 22 35 26 29
55 12 42 56 61 53 41 55 48 26 31 23 28 27 29 47 40 62 33 64
36 1 10 22 25 18 26 15 12 12 5 11 25 4 16 21 11 24 11 24
46 9 11 16 15 28 34 35 50 27 30 34 22 31 31 27 28 30 38 48
22 1 15 16 17 21 17 12 16 8 8 15 8 16 9 21 6 15 12 26
20 1 2 5 10 4 11 16 26 8 10 12 8 8 13 22 9 25 16 22
11 1 1 1 1 1 1 1 3 1 1 1 6 1 1 1 1 3 1 3
9 1 1 7 3 5 7 8 8 1 5 3 7 4 5 9 1 7 5 10
41 9 5 27 23 29 25 25 21 13 17 18 29 19 21 24 18 28 22 31
9 1 1 9 6 7 7 9 7 3 6 5 6 5 5 7 1 5 4 12
20 1 2 4 9 4 2 7 11 4 6 6 1 5 1 9 4 9 1 18
29 6 25 19 26 25 23 13 24 21 14 28 7 24 10 31 15 34 25 30
50 7 18 39 48 34 36 31 27 33 11 25 21 17 17 46 31 53 35 35
40 7 10 24 29 27 16 24 20 12 18 16 19 20 10 17 12 34 18 40
18 3 13 23 21 17 10 15 10 2 8 4 14 11 8 20 8 22 14 17
34 8 17 36 35 38 18 40 40 16 36 22 4 27 19 37 30 48 37 48
10 1 3 2 8 1 5 5 11 5 4 7 4 3 3 10 3 10 6 11
50 7 15 22 30 42 27 21 35 27 26 29 20 29 21 29 22 38 32 43
33 2 5 14 18 22 8 9 20 5 10 11 13 20 3 24 14 15 11 25
23 1 6 9 12 16 10 11 19 4 15 16 7 18 6 18 7 16 16 21
46 21 24 37 34 41 37 46 34 31 28 22 30 24 33 21 28 51 28 54
15 1 7 7 10 9 4 2 8 6 8 11 5 11 2 12 1 11 8 12
15 1 2 6 8 11 2 6 19 3 6 8 2 11 4 17 8 10 6 12
12 1 1 2 2 1 1 9 16 1 4 5 2 1 2 8 2 10 2 12
13 1 6 18 19 10 17 10 14 7 3 7 11 10 9 27 10 24 21 12
52 3 14 23 31 34 22 25 41 21 14 31 5 23 3 32 24 39 20 47
16 1 3 7 11 7 7 16 19 8 9 8 6 5 8 10 2 21 10 24
43 18 39 42 45 42 43 42 43 33 30 36 38 45 44 58 38 58 52 49
19 1 8 7 14 13 7 7 18 6 7 10 5 12 6 21 6 19 12 15
43 16 17 41 44 29 17 37 24 13 23 9 24 25 25 41 37 54 33 36
50 14 10 36 38 32 21 36 41 19 21 23 29 30 21 42 33 50 27 46
13 1 9 6 6 10 12 9 18 9 12 21 4 19 6 17 7 14 16 19
35 8 15 19 25 13 24 36 38 18 10 21 23 16 21 31 25 39 20 41
5 1 1 8 5 5 9 8 7 1 3 4 8 3 5 8 1 6 6 8
42 7 19 22 28 34 40 31 45 27 21 37 27 38 33 42 28 35 38 48
25 1 12 26 25 26 22 34 35 10 14 7 14 14 20 32 17 41 25 35
23 1 5 9 9 14 22 12 24 10 11 20 12 19 14 25 9 23 23 25
14 1 1 4 8 10 6 11 21 6 9 7 6 7 11 17 9 14 9 14
16 1 6 10 16 7 12 16 22 12 10 9 12 8 16 21 8 29 21 20
19 1 2 8 8 8 7 6 6 4 3 7 8 3 2 5 1 11 1 17
34 1 16 23 27 28 23 31 37 19 23 24 9 25 15 31 18 46 31 48
53 12 7 37 37 39 24 25 31 23 16 20 37 28 21 43 34 38 32 33
49 21 6 32 31 38 16 38 52 31 29 31 33 35 16 35 37 41 18 52
13 1 1 1 1 5 1 4 10 1 6 5 2 4 1 5 3 3 1 8
19 4 3 12 6 13 4 10 13 1 10 11 10 11 4 11 6 14 7 14
13 1 8 8 11 9 4 2 6 6 8 8 4 11 2 11 1 11 9 12
30 1 10 20 20 22 15 30 33 8 13 15 10 15 15 27 13 29 17 39
16 4 5 8 6 7 5 7 16 5 5 10 9 9 3 14 5 15 10 9
10 1 1 1 2 1 1 7 10 1 1 1 1 1 1 3 1 6 1 9
43 8 20 30 39 32 13 24 38 11 20 16 15 29 15 46 30 44 25 39
15 1 7 13 12 10 14 17 20 8 10 13 11 12 11 16 4 20 15 23
15 1 12 10 17 11 9 4 14 8 10 12 6 15 4 21 4 21 17 14
33 17 32 32 39 33 23 19 17 19 24 24 12 26 14 28 22 40 25 31
6 1 1 6 5 2 5 1 8 1 1 3 6 3 3 12 1 8 8 2
31 6 15 16 23 17 15 27 37 17 14 15 14 18 17 34 19 44 26 32
25 1 6 11 17 12 9 12 20 7 10 12 10 12 10 23 11 21 13 20
29 3 16 19 26 24 27 20 28 20 1 21 14 12 15 26 17 29 12 34
55 9 33 42 52 51 37 53 58 31 26 30 27 42 35 60 46 65 44 68
13 1 11 8 11 7 7 14 24 10 7 10 2 12 8 19 5 25 17 20
54 12 18 25 26 45 34 32 39 25 27 35 23 30 24 20 23 19 22 56
8 1 1 1 1 7 1 7 18 1 5 1 1 3 5 11 4 8 4 10
38 6 12 25 28 25 27 14 8 22 11 19 21 13 15 22 15 30 23 25
65 19 35 51 56 50 50 47 48 34 24 28 50 27 35 44 45 58 28 57
14 4 2 6 6 3 1 4 5 4 1 2 9 3 1 7 4 8 4 4
12 1 4 10 11 9 12 17 15 7 10 6 12 3 16 11 1 16 11 21
53 20 14 39 42 39 22 47 34 27 29 22 33 27 28 27 29 48 17 59
10 1 1 3 3 3 1 3 7 2 5 5 1 5 1 4 1 5 2 11
15 1 10 19 18 18 24 24 26 16 15 10 15 17 24 28 13 39 33 25
37 6 8 23 28 17 14 17 23 15 6 11 21 17 9 35 24 37 22 20
34 3 3 13 17 10 5 20 23 6 8 11 9 3 3 12 13 26 2 31
13 1 6 1 6 1 6 5 13 9 3 11 5 5 1 6 2 12 5 13
42 17 23 29 24 36 30 29 34 26 33 36 25 41 19 19 24 23 38 43
43 6 11 8 15 25 27 22 38 22 21 31 17 30 20 28 20 31 30 39
50 21 16 47 53 38 20 47 38 29 32 22 27 28 25 43 41 65 30 54
74 9 30 51 59 59 49 42 48 36 24 38 38 38 29 56 43 57 37 63
16 1 14 16 22 9 21 22 28 14 7 15 11 18 20 36 18 39 30 23
32 1 14 19 26 19 26 25 23 16 14 15 22 7 24 19 10 32 15 37
38 6 14 22 25 26 11 13 29 17 11 23 15 23 5 26 17 30 13 33
