1000 20 15 1474
13 11 2 10 14 2 7 2 8 4 2 1 8 5 25
3 5 2 3 2 5 1 2 0 0 1 4 1 1 5
7 4 2 0 3 2 0 6 3 5 1 3 3 4 2
10 1 2 2 3 9 14 4 18 2 5 7 22 3 15
9 6 10 3 5 10 1 7 6 10 11 2 0 6 1
18 4 4 6 15 2 7 4 3 8 5 7 2 5 14
8 2 1 6 2 2 14 9 5 8 3 4 1 4 5
8 1 1 4 3 11 18 4 1 3 8 11 1 7 9
0 1 8 2 5 1 18 7 3 9 8 2 3 2 0
2 1 3 3 8 14 3 5 10 13 9 5 9 3 4
3 2 7 0 1 2 6 11 7 2 1 12 6 17 5
17 0 6 3 3 8 4 6 12 3 6 5 2 11 2
1 9 7 1 7 3 5 0 9 5 3 9 11 7 15
8 11 2 4 9 4 6 2 18 0 1 1 7 3 9
15 10 1 2 2 1 7 6 12 5 6 12 5 5 5
2 5 3 1 4 0 6 3 11 4 5 3 3 6 2
4 6 0 4 5 1 0 1 0 1 0 2 3 3 1
9 2 2 2 10 8 3 0 5 2 22 2 4 8 3
7 4 7 6 5 7 0 5 7 10 0 6 1 5 1
2 1 1 2 1 4 4 0 0 1 3 2 4 4 8
3 3 7 6 8 13 6 1 1 9 2 2 5 1 11
2 8 6 4 5 9 10 10 4 0 5 7 8 2 2
2 2 22 6 4 5 3 12 12 0 12 0 6 3 15
5 5 8 2 13 2 6 4 4 8 6 1 10 6 6
7 1 7 3 6 3 1 2 2 4 5 6 1 5 1
6 1 1 2 3 8 2 0 5 2 1 4 3 3 2
7 0 2 6 7 0 9 0 4 5 2 6 1 9 1
3 10 3 18 5 3 0 0 2 6 1 5 4 5 8
4 5 1 1 3 4 7 6 7 9 0 3 3 1 6
7 4 1 2 5 3 4 8 2 3 8 1 1 7 10
6 4 3 0 2 1 0 4 4 2 1 2 3 4 2
2 1 10 3 2 1 2 2 0 0 0 2 2 2 5
3 0 9 12 14 6 8 8 7 0 8 2 6 13 16
8 2 11 15 3 2 1 10 1 6 3 0 4 3 6
4 7 8 8 4 5 1 3 16 4 5 2 8 12 11
2 9 1 1 5 2 0 6 4 2 5 9 2 4 3
10 0 1 6 1 4 2 9 6 3 3 3 9 1 5
5 5 5 7 1 3 1 4 8 1 2 4 0 2 7
4 10 4 4 10 3 4 11 7 7 1 1 3 4 3
9 3 2 9 13 3 5 3 4 1 6 8 0 1 4
6 2 3 8 0 4 4 5 13 8 1 1 10 4 15
1 3 10 4 9 7 5 2 3 11 10 4 2 14 14
4 2 6 8 1 3 2 7 4 0 4 13 7 18 10
6 5 5 1 0 11 23 7 4 17 13 3 15 8 5
4 2 6 3 3 2 9 1 1 3 1 4 1 6 0
1 9 9 0 3 0 4 0 10 8 7 2 1 2 6
1 0 3 2 5 2 8 9 6 4 7 1 10 3 6
2 11 11 10 7 1 0 2 7 11 2 1 18 1 21
2 2 0 3 4 15 3 1 2 2 8 0 9 1 1
1 4 14 5 7 7 3 10 10 3 3 4 8 1 12
4 9 1 6 16 5 3 5 1 4 1 1 9 7 2
5 9 11 27 15 10 7 1 1 1 2 14 2 9 2
4 7 4 2 1 21 3 3 16 2 4 12 14 2 8
3 1 6 4 3 4 2 4 1 2 1 6 2 2 2
8 2 12 9 4 9 3 5 2 8 1 0 2 3 4
22 12 11 1 4 14 15 4 1 5 9 7 9 10 2
6 2 7 1 5 3 7 3 1 8 1 2 1 12 2
8 20 8 1 17 14 2 3 4 1 6 4 6 8 0
9 1 5 11 4 2 4 1 1 12 6 3 9 17 18
0 7 3 1 1 6 1 0 15 10 1 5 3 6 5
7 0 9 0 13 4 2 15 3 4 4 15 1 6 9
18 4 5 3 4 2 0 4 8 2 9 12 0 9 9
2 5 1 2 4 0 4 1 1 3 2 1 1 2 6
7 3 1 5 5 13 4 3 7 10 15 4 9 13 4
10 3 1 2 6 3 0 5 3 3 7 6 7 2 4
7 9 12 0 5 1 0 7 7 4 8 21 6 4 4
6 22 2 11 3 16 6 2 3 4 13 10 11 1 1
1 7 7 1 5 21 15 12 4 5 17 7 6 4 0
5 5 10 1 3 4 14 15 4 14 5 10 9 7 8
6 4 5 4 3 4 13 8 9 4 5 3 9 0 7
2 4 7 7 6 5 15 10 7 4 9 8 14 3 7
1 5 4 9 15 1 7 8 11 10 6 8 22 8 11
7 5 12 3 6 1 2 4 3 11 1 4 11 3 11
8 7 11 5 15 8 3 9 12 8 3 3 1 4 2
4 8 3 3 8 4 6 6 6 6 1 0 3 2 8
24 3 2 11 15 1 9 8 0 3 3 7 16 3 2
1 0 6 0 4 2 5 3 1 2 2 2 0 4 1
0 0 5 2 1 3 4 0 6 5 2 2 0 0 5
1 0 0 6 1 2 3 1 0 2 3 3 6 1 1
1 1 5 1 6 4 0 5 3 2 5 2 0 1 4
8 13 5 6 9 19 1 2 14 4 1 3 1 6 16
10 13 8 5 1 9 8 5 9 14 6 9 7 1 12
3 6 0 1 0 3 1 1 2 3 6 4 2 1 0
6 9 8 7 4 4 5 11 16 1 2 3 3 8 7
1 2 3 6 4 4 3 1 0 9 1 0 4 6 9
0 5 12 10 11 18 7 0 4 9 4 4 7 13 5
3 1 3 6 7 11 7 6 2 1 1 8 0 8 1
2 7 7 3 15 0 2 7 4 9 14 0 7 2 8
1 2 6 14 9 3 16 20 15 3 1 15 9 1 6
1 2 1 3 3 6 4 5 3 4 0 0 3 3 0
10 0 6 6 12 7 3 12 23 1 6 5 4 7 7
2 3 4 2 6 1 1 3 5 1 3 9 10 1 1
10 17 5 8 3 6 8 11 2 1 2 7 4 8 5
5 7 3 2 1 4 0 1 3 4 2 6 3 4 6
15 2 12 5 9 11 9 13 0 3 5 5 3 12 7
2 6 4 2 2 0 0 9 8 1 1 1 2 6 2
1 0 1 1 2 4 19 9 9 7 3 3 3 10 0
0 3 0 5 5 1 4 1 7 4 5 0 3 7 0
5 4 11 5 6 12 1 3 5 0 3 2 8 10 4
2 4 20 2 10 19 5 2 8 10 16 5 2 12 3
4 14 7 6 3 3 1 2 1 4 4 7 17 7 14
9 5 2 2 4 6 6 5 0 2 5 7 5 0 4
2 6 0 4 15 13 4 1 2 9 10 10 5 5 5
8 0 2 1 15 14 6 10 2 5 12 25 10 1 2
6 0 3 3 1 5 3 1 2 1 0 2 3 2 2
3 2 5 5 0 0 2 3 2 0 1 4 1 0 6
11 0 10 2 5 3 18 5 7 9 3 7 5 2 10
0 1 6 1 3 4 4 4 2 2 2 3 1 4 0
4 6 5 3 3 12 7 10 15 9 3 5 1 17 19
5 1 5 2 7 2 9 5 10 15 1 4 1 1 4
4 5 3 1 0 5 5 3 4 2 0 6 4 3 2
3 1 4 0 3 1 1 3 9 1 5 3 0 2 3
3 4 9 6 5 4 11 7 1 10 6 1 9 2 0
10 5 4 5 2 7 3 2 7 5 5 8 3 10 12
1 9 7 19 3 11 7 15 4 9 5 7 10 2 3
1 1 4 2 4 1 5 1 0 0 6 1 5 3 6
12 15 10 6 5 4 7 0 2 2 5 12 4 7 10
16 7 6 0 3 3 5 6 14 9 11 8 7 4 2
2 16 5 7 10 10 3 6 1 6 6 2 5 4 8
6 7 8 0 5 3 11 5 1 11 9 1 3 2 1
2 0 1 0 0 2 10 3 10 3 2 0 2 3 0
0 4 5 1 5 1 4 3 13 3 4 8 22 8 3
1 2 0 3 5 5 3 2 3 3 0 12 4 3 1
0 1 3 2 2 5 1 6 3 3 2 4 1 3 6
4 4 4 9 4 0 2 1 2 3 6 2 3 2 2
6 4 15 8 11 3 7 13 6 1 6 1 3 4 7
9 11 7 5 8 1 13 1 1 3 0 1 6 0 14
4 16 19 4 10 10 11 6 2 1 1 15 1 8 11
10 4 5 4 12 8 2 2 10 4 6 2 3 10 6
5 1 5 9 5 4 6 0 8 2 5 7 6 4 5
13 1 21 10 15 17 4 5 5 5 2 3 10 7 7
0 1 6 0 4 5 2 4 1 2 9 10 2 5 0
8 17 17 8 14 4 4 7 0 0 8 7 2 0 1
4 1 4 2 9 6 3 6 9 2 0 1 1 4 6
0 0 2 4 0 5 3 2 1 1 2 4 4 3 2
4 4 14 1 6 4 12 14 4 10 1 10 11 9 2
11 4 12 8 1 2 6 5 1 1 16 10 4 7 2
5 14 3 1 0 4 6 10 5 8 0 3 2 1 1
1 4 11 3 4 2 3 11 2 0 9 2 2 2 2
0 1 9 2 3 0 8 11 4 0 4 6 3 8 3
0 5 0 2 6 3 4 1 1 6 4 4 5 2 4
2 3 2 1 12 1 8 4 0 4 5 0 5 0 1
7 3 4 13 2 2 6 2 4 13 1 6 7 9 12
1 10 1 11 4 2 5 7 4 8 10 9 9 6 3
3 3 17 6 2 6 12 8 5 1 25 8 5 7 5
2 8 10 6 5 9 12 1 9 4 6 17 3 17 2
0 7 2 5 5 6 4 7 4 11 5 8 14 11 8
1 1 2 3 6 15 4 1 2 2 7 1 5 11 4
6 4 10 8 15 15 2 6 6 1 20 4 4 5 4
1 5 1 2 1 7 5 4 3 0 4 2 3 2 1
0 5 5 8 14 14 2 5 3 4 0 2 10 3 2
7 2 5 2 5 2 3 9 1 1 8 1 4 3 3
7 1 5 19 16 5 15 8 13 1 4 4 3 11 9
2 13 3 2 6 9 11 4 15 0 1 2 5 6 11
2 2 5 6 4 8 17 2 3 2 1 1 1 7 12
14 5 4 10 13 2 9 7 2 5 9 16 4 3 8
9 9 8 12 3 2 19 4 1 15 4 11 11 6 1
10 4 6 3 9 5 10 1 5 22 6 10 4 8 15
13 10 1 2 8 6 6 3 2 1 4 18 0 8 3
8 6 9 7 0 4 0 10 3 5 5 2 4 1 3
10 8 1 4 9 4 5 3 7 1 3 18 1 26 0
2 0 1 5 3 3 2 0 2 6 7 2 3 1 5
2 6 8 13 12 3 9 13 7 3 11 6 4 9 0
12 1 3 1 8 6 20 9 9 2 13 6 1 0 1
1 2 3 6 3 1 3 4 7 3 2 10 6 5 5
6 2 3 2 4 5 2 4 2 4 1 13 4 3 4
5 13 4 6 3 9 12 2 7 4 7 4 9 1 6
1 3 6 6 2 3 4 4 0 0 0 2 7 7 9
6 2 6 3 6 1 4 0 6 8 2 1 0 4 3
1 9 12 0 4 4 2 2 4 5 4 2 6 7 1
4 3 3 4 2 4 4 0 1 1 0 2 2 3 3
2 2 3 4 1 10 7 2 4 6 1 7 1 0 3
9 10 2 13 8 4 3 16 3 18 3 5 5 3 3
3 6 2 9 7 14 13 5 15 4 1 5 4 4 13
1 4 4 2 1 1 4 4 6 4 2 3 3 2 3
1 6 5 1 15 0 16 4 8 7 0 8 1 13 21
10 12 13 0 0 17 6 2 10 12 13 2 0 18 2
0 1 5 8 5 5 5 4 0 1 5 1 1 2 6
3 1 5 5 1 5 3 1 1 5 3 8 2 6 1
2 4 3 2 4 5 5 4 1 6 1 2 2 0 2
15 5 3 8 8 2 2 9 7 3 0 4 4 17 9
6 2 11 15 11 7 2 1 4 8 2 3 2 10 3
0 7 3 0 3 1 1 1 2 0 1 2 3 0 4
14 3 4 2 10 9 7 8 10 13 20 5 3 7 7
0 3 0 3 2 1 2 2 1 4 4 3 1 4 12
4 4 4 2 8 9 11 11 12 15 4 4 16 7 0
2 0 0 6 8 1 0 3 7 3 6 9 0 0 3
1 0 5 1 3 3 3 2 4 3 3 1 3 2 2
4 3 17 2 1 1 1 3 1 7 9 1 3 5 9
10 1 8 16 8 15 1 8 3 5 8 10 9 7 3
15 5 15 16 10 12 10 3 4 1 8 7 2 4 12
0 2 6 5 6 3 4 2 9 1 0 1 1 4 1
8 13 5 14 6 10 5 10 4 3 6 3 12 0 4
7 9 2 0 7 1 17 5 2 4 5 2 4 1 4
13 10 5 9 19 8 10 2 6 4 5 7 1 7 3
1 2 2 3 0 3 2 3 5 2 0 1 1 4 4
1 10 3 8 13 1 7 1 5 2 4 0 1 2 0
2 5 0 6 8 1 1 8 9 11 6 5 8 3 1
2 12 2 9 3 6 5 5 5 3 0 0 3 8 3
6 4 3 2 9 3 5 4 10 1 20 2 2 4 5
2 3 8 1 1 2 1 5 4 0 0 3 1 5 4
1 4 3 3 6 1 1 1 2 11 7 3 2 5 5
8 8 7 4 5 5 5 8 15 15 6 1 2 6 1
12 3 2 0 4 10 9 10 3 7 7 5 8 4 7
6 7 11 4 1 0 13 6 5 2 1 5 4 0 1
8 4 4 4 16 11 3 3 1 5 11 2 10 11 5
3 5 3 1 3 2 2 3 4 3 2 2 3 3 2
2 3 3 7 16 1 2 6 14 3 2 3 1 11 8
5 3 11 6 5 3 8 11 2 1 1 6 3 4 10
1 8 4 2 0 3 0 8 5 3 2 3 2 2 6
9 1 12 8 1 3 14 6 2 2 10 1 3 10 10
6 7 4 2 5 6 3 0 4 2 6 1 4 2 4
7 0 8 2 1 5 6 1 6 1 3 4 6 7 6
5 5 2 0 2 14 4 7 10 8 1 4 11 14 1
8 0 5 5 10 4 5 2 2 4 6 11 3 10 3
6 5 4 8 6 2 2 1 3 2 2 8 7 11 11
2 6 0 6 1 6 1 1 1 1 1 0 7 5 2
6 6 8 9 10 7 10 3 1 4 10 5 17 2 6
3 0 5 6 1 8 10 7 3 2 8 1 0 7 12
1 3 1 6 3 5 1 3 3 3 2 2 1 1 0
1 6 1 2 4 1 3 0 2 1 2 2 1 2 6
10 5 8 2 2 9 6 7 4 6 12 7 7 23 16
8 1 4 6 7 7 4 3 3 10 4 3 5 9 2
3 5 3 7 20 13 4 1 10 15 11 6 15 10 10
5 1 0 0 7 0 4 3 1 8 2 2 1 3 7
7 5 3 2 4 1 2 2 1 5 6 3 3 6 0
6 3 2 7 0 7 1 4 6 7 8 3 6 7 5
3 1 2 1 4 2 0 0 5 5 1 10 2 8 3
12 1 14 6 15 4 12 12 15 7 6 3 13 1 0
1 2 1 12 10 9 16 9 10 2 6 14 4 15 3
1 1 3 11 3 2 2 12 5 6 0 0 3 10 1
8 2 3 10 3 3 13 0 0 3 6 0 7 6 7
11 4 5 0 1 2 17 14 1 14 14 3 4 16 11
8 5 1 4 5 1 4 9 0 5 6 14 0 4 1
4 4 7 5 1 5 2 1 6 3 2 1 3 1 7
1 0 4 2 9 10 11 4 16 13 2 9 0 12 5
7 8 2 0 1 2 3 1 0 1 1 6 2 1 2
8 5 4 2 3 19 8 8 2 1 8 2 6 9 1
15 1 15 1 4 1 14 10 1 4 3 13 0 15 6
3 7 1 1 7 6 7 1 2 2 1 4 3 7 10
1 3 6 4 7 2 0 0 1 1 1 2 1 1 7
5 7 1 18 3 6 1 5 10 1 1 1 1 13 8
1 1 5 7 2 4 4 4 3 2 6 1 1 5 1
2 3 1 3 5 3 4 2 3 4 0 1 0 1 2
2 2 0 2 0 3 1 5 5 1 1 1 6 0 4
7 4 2 7 4 17 7 9 15 1 4 3 7 2 2
1 3 15 1 12 8 13 10 3 1 13 3 19 2 5
0 1 8 2 8 2 5 0 1 2 0 0 2 1 6
2 3 7 21 11 11 3 3 9 8 13 7 3 11 3
2 4 3 15 9 11 6 8 6 18 1 2 13 1 1
4 7 7 15 4 1 1 9 4 7 6 5 25 4 10
5 3 0 1 1 6 1 0 2 1 5 2 13 0 3
4 2 2 4 1 1 1 6 6 1 4 7 2 2 2
3 7 10 2 8 8 4 1 2 0 8 3 11 12 6
2 0 7 0 16 13 14 2 5 9 2 7 6 5 8
5 2 12 12 21 8 18 2 5 11 13 0 7 4 1
4 4 2 0 3 2 2 7 0 4 1 2 0 2 0
1 2 1 6 3 1 5 1 1 1 6 5 1 0 4
3 1 3 1 0 4 10 1 1 3 0 1 2 2 5
7 9 9 8 8 8 1 2 1 4 8 6 2 6 1
5 10 2 14 3 6 5 5 7 1 0 2 5 6 6
5 0 6 9 8 9 14 2 20 11 1 5 10 16 5
5 9 1 5 3 4 3 5 3 5 8 10 0 2 6
6 5 3 7 0 13 0 0 15 1 7 7 11 3 12
9 5 4 20 17 0 5 11 1 2 1 1 18 9 2
1 6 5 2 2 10 6 1 0 9 2 4 4 9 4
8 2 2 4 3 2 5 4 2 2 2 2 1 6 6
4 3 4 10 8 3 1 5 1 4 4 7 4 5 0
13 0 6 8 4 3 13 13 0 3 1 5 21 11 1
2 5 1 14 5 9 8 2 14 3 9 11 1 2 7
14 1 11 2 10 4 2 8 7 13 8 5 1 2 2
3 3 3 20 1 1 11 18 1 15 3 5 6 5 3
2 2 1 2 2 4 4 1 4 3 3 0 4 1 4
8 7 5 5 7 1 6 1 3 0 5 1 6 1 7
5 2 1 5 5 10 6 2 1 1 7 6 2 4 1
12 7 7 3 8 0 6 19 6 9 4 7 2 2 12
5 1 1 1 0 3 0 0 1 2 4 5 5 0 0
4 7 9 1 12 6 0 6 1 9 4 3 10 9 11
3 1 0 8 7 2 1 9 2 1 1 3 1 5 7
7 3 5 11 5 5 3 1 7 9 4 0 4 5 14
4 3 3 4 6 0 4 1 1 2 3 2 0 7 2
4 7 0 5 7 5 2 7 16 10 3 3 12 1 1
4 4 18 18 15 10 6 6 3 2 2 7 1 1 11
0 1 2 2 0 2 3 6 10 1 7 6 1 5 2
1 1 17 4 5 3 12 3 7 13 11 9 1 4 15
14 2 3 12 10 6 0 20 14 2 13 2 2 2 8
8 8 5 11 16 3 1 10 6 9 0 18 0 15 9
11 3 13 5 3 5 0 3 10 9 2 6 1 6 17
13 4 7 11 1 4 14 20 10 1 12 6 5 4 5
1 1 5 4 2 7 1 1 7 0 3 4 2 5 2
2 6 2 5 5 2 2 8 2 3 4 6 0 2 0
11 8 4 4 7 4 2 2 10 7 4 10 21 4 15
8 4 2 5 1 2 2 4 3 3 5 4 3 3 5
5 17 5 2 3 2 6 4 8 8 7 3 1 2 2
5 2 0 10 2 2 6 1 3 2 5 11 1 6 3
3 10 3 1 8 21 7 13 14 10 5 5 4 4 12
2 1 6 12 7 1 3 13 7 4 6 5 1 1 4
3 5 3 0 5 2 5 4 24 1 15 8 4 1 7
4 2 4 7 4 0 5 7 3 5 3 0 4 1 3
4 1 7 2 9 6 8 6 13 8 3 0 8 7 10
3 13 1 1 2 16 6 1 13 2 6 20 3 4 1
1 19 5 9 9 8 5 17 3 9 10 1 17 0 10
3 2 0 1 4 3 5 6 2 3 5 0 2 2 5
1 3 5 0 2 3 3 2 8 5 2 0 1 2 7
1 1 2 5 5 2 6 7 1 0 1 3 5 3 3
6 2 4 16 1 3 12 2 7 15 2 14 8 0 22
2 4 4 4 8 10 2 4 16 3 4 4 7 4 5
3 0 2 3 0 8 6 1 0 0 3 11 6 0 11
8 0 5 1 5 9 1 1 9 2 4 9 10 2 4
7 10 1 10 5 6 1 1 11 5 3 10 9 6 6
2 5 2 3 2 1 1 0 3 5 5 2 3 4 2
1 1 1 0 3 2 6 0 0 0 1 6 5 2 2
8 12 0 15 2 2 4 11 3 5 11 9 14 7 0
1 3 2 1 2 8 5 9 10 3 1 28 2 5 7
22 6 13 4 4 5 1 10 9 7 7 8 1 16 12
5 3 2 5 3 5 4 2 3 1 7 1 1 6 5
7 2 2 2 3 5 16 12 3 7 14 8 1 8 13
8 11 2 4 17 4 9 4 3 1 14 11 6 1 10
0 1 0 1 3 2 2 8 3 6 2 3 6 8 2
3 13 2 2 4 6 14 1 8 4 13 6 3 11 8
1 13 5 17 12 8 0 7 16 6 16 1 2 6 8
8 8 12 6 1 5 10 15 10 1 4 10 3 4 1
5 12 4 9 2 1 3 1 13 11 1 17 10 10 8
9 3 3 7 1 1 2 8 1 5 0 10 2 0 2
4 3 8 9 1 8 9 10 4 18 18 7 1 7 1
0 2 8 1 6 5 7 5 5 8 9 1 7 6 8
5 3 3 3 1 1 4 6 0 0 1 0 1 2 0
6 1 4 0 8 7 14 3 8 4 0 2 11 5 6
6 12 5 11 0 5 2 2 9 2 7 9 5 2 3
3 0 13 3 2 1 6 0 1 4 0 1 1 8 4
5 3 0 2 1 4 5 2 2 7 1 5 7 14 0
2 1 6 3 6 3 0 2 1 4 3 4 1 9 3
0 2 4 8 1 2 1 12 9 5 3 2 4 0 4
2 5 4 0 7 7 4 2 8 6 9 7 3 6 2
0 5 4 6 9 30 2 1 5 12 3 8 5 8 4
6 4 10 12 14 8 19 0 8 9 2 3 14 8 2
6 2 23 6 0 2 2 7 5 7 11 2 15 11 6
1 1 7 3 8 5 6 3 3 3 3 0 4 5 2
1 5 7 9 2 9 11 5 1 4 1 5 1 18 6
4 2 1 2 1 3 4 2 0 2 3 4 4 4 0
3 1 8 6 14 2 15 7 6 0 2 0 15 9 7
6 5 26 5 5 6 8 0 2 17 10 5 8 0 1
7 4 16 0 6 3 8 6 8 1 3 4 15 8 5
3 9 3 1 20 8 8 11 6 3 4 15 5 2 23
2 4 2 2 4 4 2 1 5 2 0 4 0 1 0
5 9 8 4 3 1 6 12 7 8 1 0 3 10 3
0 2 1 1 14 12 9 11 3 0 2 5 5 7 6
6 3 8 1 1 2 0 4 9 5 4 4 2 1 9
3 0 0 4 4 4 0 1 1 5 4 4 3 0 1
16 7 8 8 5 20 2 3 4 0 13 8 9 1 11
5 2 3 5 11 10 8 3 12 7 14 6 9 8 9
4 3 7 1 7 4 0 4 4 4 1 9 3 3 2
3 2 3 1 6 5 5 0 5 0 1 3 2 4 3
1 4 4 4 3 1 3 0 4 1 4 2 1 3 2
4 5 11 5 10 3 3 8 0 1 3 1 8 12 5
8 6 6 13 17 20 0 9 6 2 5 2 7 10 7
5 1 3 2 8 3 3 1 0 5 3 2 1 2 0
10 0 1 6 9 3 17 2 4 4 12 10 4 12 5
11 7 2 5 3 13 18 3 2 5 0 7 1 9 5
1 1 4 3 2 0 3 3 1 7 1 3 0 6 0
2 8 13 7 14 4 10 3 1 5 3 8 6 14 15
2 2 10 2 7 13 11 7 8 1 23 2 4 7 6
9 7 0 16 18 9 2 6 1 6 3 13 10 9 14
7 13 0 4 16 11 1 3 17 12 1 3 4 7 9
9 11 11 1 12 4 1 13 7 6 13 12 9 8 1
4 2 11 2 14 1 5 3 3 16 7 5 1 8 18
6 8 1 1 5 5 9 9 13 8 10 3 6 6 11
0 7 3 1 16 1 8 9 13 3 4 2 9 20 1
5 1 7 3 15 1 0 11 1 4 21 7 15 15 9
5 10 3 23 12 10 6 14 8 8 12 9 2 0 3
0 0 3 2 1 3 3 6 6 4 3 4 2 2 7
12 5 3 8 4 2 1 5 5 4 5 1 4 10 10
3 8 3 3 13 1 0 6 6 1 4 5 2 1 4
0 9 6 4 3 1 11 6 0 6 1 4 3 5 1
2 4 14 16 18 8 3 6 9 11 2 14 7 9 7
6 5 11 9 3 4 3 4 18 1 4 11 8 9 6
4 1 3 6 1 4 3 1 4 3 1 1 1 3 3
2 7 6 8 0 3 1 3 5 2 1 4 1 2 2
1 12 1 1 7 4 14 9 1 11 10 0 11 2 3
8 0 2 0 8 6 1 3 6 4 7 2 9 8 13
4 1 4 2 3 4 0 3 3 0 5 0 0 1 5
1 3 6 5 9 1 1 2 1 1 7 6 1 2 6
11 3 5 5 10 1 4 7 1 3 6 6 4 8 1
0 6 2 3 5 6 1 13 14 9 3 3 7 7 3
21 5 1 1 15 3 13 1 7 8 4 3 0 5 13
1 13 1 0 0 15 5 4 4 18 2 9 9 4 2
1 3 4 3 9 4 6 2 5 3 1 2 1 5 3
15 13 6 2 9 13 11 2 3 20 2 6 3 5 15
12 11 8 5 1 1 1 5 8 6 13 7 12 4 6
2 3 1 10 3 11 9 1 6 2 12 1 9 14 7
8 4 6 11 10 17 4 11 7 9 20 1 12 0 10
14 8 5 2 7 8 4 8 2 1 5 5 8 9 5
5 5 5 5 2 1 0 9 6 1 1 3 3 0 11
1 2 0 3 2 4 2 10 2 5 7 6 2 3 3
6 10 10 16 6 10 4 1 2 3 7 12 5 11 12
2 7 1 2 1 2 7 1 6 2 3 7 2 9 2
6 3 9 0 11 0 11 1 1 1 4 3 2 9 5
2 4 1 6 5 1 2 2 0 1 11 5 5 2 3
0 1 8 1 11 3 1 1 2 0 7 4 4 2 4
4 1 3 12 6 6 1 3 3 6 7 2 8 2 0
3 10 3 8 6 0 20 2 15 2 17 5 2 5 5
0 7 3 15 1 9 5 3 1 6 2 10 16 13 8
12 5 4 0 14 6 4 7 3 7 2 13 11 4 3
3 4 4 6 6 27 1 1 6 11 4 11 4 13 1
3 5 3 1 2 1 2 3 0 3 1 0 5 3 2
9 27 10 1 13 6 1 9 7 0 5 12 7 4 7
4 1 5 5 5 6 6 7 3 7 5 7 7 3 6
3 4 3 1 3 2 7 2 3 1 3 3 2 2 2
7 3 8 6 2 5 1 2 1 4 10 8 1 6 0
3 21 1 2 1 4 14 2 9 17 13 10 5 14 6
3 4 0 10 0 3 5 2 1 4 5 2 3 8 7
3 10 1 0 7 1 4 5 4 5 1 6 1 0 2
0 6 8 0 6 1 2 8 6 6 3 6 1 4 3
0 0 2 1 8 1 7 1 2 3 1 2 3 1 4
2 0 0 10 2 1 2 3 7 0 8 2 3 1 2
8 3 1 4 1 3 6 1 18 19 6 1 4 11 7
3 2 5 3 1 2 1 2 3 3 0 4 1 6 1
3 5 6 8 4 6 2 8 8 10 0 2 3 6 0
4 5 4 7 7 1 6 3 3 2 4 2 13 5 7
7 1 3 4 3 7 9 1 1 3 1 2 3 1 9
3 2 0 6 6 2 2 1 5 2 2 0 9 6 4
1 5 10 1 11 3 1 13 14 5 2 15 25 6 2
1 9 5 0 5 2 1 2 5 2 0 12 1 11 2
0 4 11 0 4 8 1 1 6 2 2 0 7 0 11
7 8 1 2 3 7 7 3 4 9 3 3 7 2 1
4 1 3 0 0 4 4 1 3 0 0 2 5 3 1
5 6 2 1 1 2 8 3 10 7 2 0 1 2 1
2 0 6 6 5 7 3 3 8 4 2 6 0 1 2
7 5 4 13 11 2 6 8 6 11 11 0 7 0 5
1 4 2 3 0 2 4 0 1 1 1 3 2 7 1
1 0 1 4 3 4 3 5 7 0 0 1 3 7 4
5 7 3 8 4 6 7 0 4 2 5 3 1 2 7
4 10 11 9 1 4 1 1 4 5 3 5 8 1 6
2 8 7 1 1 3 4 8 3 12 3 0 5 5 2
3 0 2 1 3 1 6 3 1 0 1 4 2 4 1
1 2 11 4 5 2 2 3 13 7 2 4 2 5 0
4 4 6 9 0 3 5 13 1 4 1 9 7 13 3
4 7 6 8 3 1 4 1 3 0 1 2 6 10 3
2 3 2 2 6 1 6 5 3 0 1 2 3 3 2
2 0 3 6 1 2 4 11 9 2 11 1 1 0 4
9 6 6 3 2 7 5 5 5 7 1 4 5 8 0
4 5 12 3 2 2 9 2 4 2 3 0 7 2 11
7 17 13 12 10 2 5 8 5 2 1 1 4 10 2
3 15 3 9 3 5 1 7 3 14 3 19 10 3 11
7 7 12 3 3 3 5 9 8 8 11 5 9 3 6
1 11 5 6 2 6 8 3 8 4 3 11 2 6 4
4 16 5 7 11 19 0 5 4 2 9 2 6 8 6
2 2 3 7 1 8 10 1 3 5 6 1 6 2 1
1 2 4 6 4 0 2 1 3 0 5 1 0 0 4
12 2 3 5 0 8 1 5 2 6 2 1 2 6 0
7 4 8 16 6 12 4 4 18 1 10 1 8 12 6
0 3 1 1 2 0 2 6 0 1 2 4 6 5 3
1 0 3 4 3 9 7 16 12 3 2 9 3 16 15
12 2 2 2 9 11 20 1 1 2 4 8 12 0 10
9 1 5 4 8 9 3 8 8 2 2 1 4 5 2
8 3 2 2 3 4 1 4 1 3 1 5 6 3 5
7 7 2 10 13 6 13 11 10 10 9 2 1 21 7
4 5 2 9 5 2 3 2 3 4 13 3 1 7 6
4 3 1 3 16 5 1 3 8 8 7 14 6 11 0
10 4 1 5 2 15 4 8 6 3 10 10 1 18 5
5 0 7 3 11 13 16 11 17 15 6 2 3 0 2
9 4 15 11 2 4 4 4 0 1 0 9 22 7 12
7 2 4 0 2 1 4 3 2 2 3 11 0 1 0
2 15 18 13 3 2 12 12 1 6 1 9 11 12 2
3 5 16 2 6 16 7 1 2 1 5 1 1 2 1
0 1 5 0 2 3 3 2 5 0 0 2 6 3 0
2 2 7 6 7 14 20 21 14 0 3 0 5 7 1
7 5 3 6 3 1 1 0 4 3 2 5 9 6 1
2 3 6 5 1 1 1 1 0 2 2 4 3 2 0
1 2 1 3 6 1 1 4 4 2 1 2 0 2 4
4 4 3 2 1 3 7 3 9 1 2 2 1 2 8
1 3 2 4 11 3 4 7 3 9 1 2 2 4 7
4 7 0 7 8 6 1 2 11 1 1 8 3 1 5
4 2 5 2 1 1 1 10 9 0 2 17 6 1 4
1 10 6 2 10 4 11 8 2 2 10 23 10 1 19
8 1 5 0 5 0 1 8 3 4 2 1 7 1 1
1 5 3 0 1 4 5 11 2 1 2 1 2 0 2
2 5 11 3 0 9 12 1 9 5 6 6 16 2 1
1 3 5 2 1 1 0 2 3 3 6 3 9 0 1
10 1 0 5 0 7 3 7 0 2 3 5 5 1 1
6 9 4 5 5 12 9 12 18 16 2 16 5 11 3
0 7 3 9 6 4 13 4 3 12 15 1 13 2 5
12 6 6 2 5 9 8 3 5 4 6 13 5 5 4
12 7 3 8 3 1 0 8 0 4 3 2 7 7 8
1 3 4 0 0 2 7 6 1 4 4 2 2 3 6
1 1 6 6 0 6 13 8 13 17 7 14 8 13 0
10 4 0 4 6 0 6 2 1 3 2 9 5 6 5
5 4 7 17 11 18 1 3 5 9 6 1 0 15 3
3 3 1 3 1 6 0 0 8 2 3 1 3 3 2
13 17 7 7 10 8 13 0 8 14 6 12 7 10 4
2 2 0 4 3 2 1 3 1 2 2 6 5 2 8
1 3 1 17 15 1 2 3 1 5 20 0 3 3 9
1 4 3 5 5 0 3 10 2 2 6 1 5 4 9
5 2 3 8 4 6 7 0 1 2 9 1 2 11 5
4 6 2 1 3 8 4 1 2 3 7 8 4 3 2
5 4 2 2 15 11 5 7 10 8 3 3 15 0 6
10 4 6 0 4 0 13 0 5 8 7 3 2 2 6
9 7 7 3 4 4 2 0 3 2 3 1 2 5 1
4 7 9 25 2 15 2 7 10 3 1 6 9 12 2
3 8 7 3 8 0 1 7 0 3 3 3 0 8 4
3 11 2 10 12 24 6 2 0 5 10 7 3 3 15
0 1 5 4 1 8 1 2 0 3 1 3 4 2 2
8 13 4 2 4 7 7 15 3 1 3 2 4 29 9
6 4 0 1 1 6 5 3 5 6 2 3 2 11 3
4 16 11 5 4 11 5 5 1 12 0 4 8 8 7
3 1 4 6 5 3 7 0 9 4 4 0 7 7 0
2 0 4 5 3 1 2 6 2 1 2 4 2 3 1
1 0 3 4 1 5 0 1 6 4 2 6 4 6 1
4 6 4 9 9 12 12 0 7 6 10 18 11 7 1
3 3 5 9 4 10 12 1 4 1 8 2 2 0 3
10 7 8 2 0 2 3 13 6 14 2 1 7 3 0
15 15 2 1 8 0 5 8 7 7 2 2 2 7 5
10 6 0 6 8 10 1 0 2 1 6 10 13 3 7
5 14 9 2 14 1 1 20 6 5 3 9 14 8 11
8 0 1 4 7 7 5 2 6 4 2 3 5 5 3
4 2 4 7 5 5 5 6 11 8 7 1 5 8 9
0 3 4 0 0 2 7 1 5 2 2 3 1 5 0
2 5 6 2 1 4 0 1 0 3 3 2 1 1 1
4 14 5 5 12 8 2 14 10 6 14 8 3 2 7
6 4 7 8 8 6 3 1 5 7 3 1 9 15 4
5 3 2 8 2 2 6 6 11 3 24 5 3 5 12
4 9 5 3 4 0 9 6 2 1 0 3 7 9 4
3 1 2 11 12 1 4 2 5 6 7 0 4 1 1
2 1 1 5 8 4 8 5 4 5 2 3 4 3 6
2 5 15 5 11 9 3 6 1 3 3 3 4 5 18
1 8 23 2 4 15 8 8 14 5 9 4 6 5 9
1 0 2 4 1 0 1 7 0 1 2 7 1 1 1
1 3 4 14 0 14 6 17 5 1 18 6 7 2 16
5 2 5 5 6 1 11 2 1 1 2 2 3 2 1
11 2 7 3 12 4 6 4 18 3 1 18 16 3 5
13 5 4 16 5 4 10 4 10 8 9 8 5 2 14
5 8 8 4 0 17 9 10 12 9 3 4 16 3 1
2 1 1 2 1 1 2 3 5 4 1 3 3 1 5
0 7 6 4 9 3 3 2 1 5 1 2 5 1 15
13 7 3 2 6 11 12 8 3 1 13 5 3 2 2
0 11 3 9 4 2 3 1 10 7 3 13 8 9 3
6 0 1 9 5 3 2 1 6 3 2 4 5 6 1
2 4 1 6 2 1 3 1 3 12 2 1 2 5 1
3 4 10 22 6 7 3 4 3 2 3 3 4 4 7
2 3 2 5 8 4 2 1 2 1 7 1 1 5 6
7 2 3 2 6 18 10 1 7 6 6 8 2 6 1
1 0 1 7 5 5 9 13 2 1 7 4 5 2 12
1 5 17 6 5 3 5 8 15 1 10 9 4 6 12
5 7 0 9 3 2 14 5 17 11 12 0 7 11 4
3 4 4 4 2 4 4 5 5 4 10 3 5 5 11
0 3 1 3 12 8 3 2 16 1 3 11 9 12 9
15 10 4 13 4 1 3 8 8 2 9 4 12 7 7
4 1 3 4 6 2 2 2 3 0 6 3 3 4 3
1 3 3 0 2 2 2 5 3 3 4 2 3 4 2
4 5 4 2 9 1 3 7 9 4 5 8 15 8 6
10 11 4 3 8 12 5 15 3 15 6 9 10 0 0
7 3 2 8 1 10 0 10 11 1 5 0 2 6 10
5 1 4 3 1 6 4 4 1 1 1 3 0 3 1
6 11 11 5 0 4 3 2 4 2 0 7 9 3 1
7 5 3 1 10 11 6 9 2 0 4 0 6 5 3
5 2 4 1 6 6 3 13 4 1 5 9 2 12 19
1 7 12 1 0 4 7 8 14 10 0 15 14 10 2
9 2 3 8 7 2 3 4 23 2 1 2 8 15 15
10 1 4 4 0 0 2 3 3 2 0 9 3 6 0
24 7 0 12 0 2 3 14 17 0 5 15 5 4 6
4 1 5 3 4 7 1 3 5 4 3 6 1 3 8
5 2 7 2 26 8 14 8 3 4 9 10 7 6 2
3 6 6 4 2 3 2 1 4 3 3 4 2 0 6
2 6 2 3 2 1 5 1 5 9 6 3 7 7 5
4 5 8 5 5 5 4 1 8 5 3 4 4 4 3
16 4 6 0 17 2 7 9 5 9 4 10 5 1 7
8 7 9 3 10 16 10 1 3 10 5 1 4 5 3
1 17 5 3 11 10 6 5 4 5 11 6 10 9 21
5 2 2 7 5 2 10 6 13 5 11 11 0 12 1
6 4 5 2 8 6 5 3 2 8 0 5 0 1 6
1 1 4 3 1 1 1 2 5 6 3 1 1 2 3
8 1 8 1 2 8 5 5 16 19 13 7 8 19 4
9 3 4 0 13 16 13 7 7 7 12 16 11 10 2
16 5 1 5 2 1 4 7 2 4 1 0 4 11 2
6 0 5 8 0 2 0 2 4 11 4 7 1 0 8
7 0 0 6 7 7 2 2 8 6 13 4 12 0 15
4 3 5 7 0 10 5 2 6 3 1 1 0 8 1
6 4 6 3 0 1 2 8 5 6 1 2 0 3 2
0 3 6 9 4 1 0 3 7 1 1 4 4 2 3
0 21 12 6 2 8 3 7 10 8 7 3 8 5 7
3 5 3 4 8 1 5 3 5 5 6 9 2 7 2
10 3 6 10 1 14 6 3 5 3 5 22 1 19 12
11 13 8 7 5 3 10 4 2 8 12 6 7 3 13
3 5 4 6 0 3 0 4 4 4 1 2 8 1 2
2 6 5 4 2 2 1 13 13 3 6 17 4 2 10
15 12 7 0 3 11 3 9 3 3 12 5 6 5 11
2 5 1 11 1 0 5 11 8 8 5 3 4 2 3
2 2 1 4 6 2 2 9 2 4 4 1 2 1 1
2 1 7 2 9 7 5 4 7 10 2 9 1 5 3
1 2 3 1 1 3 8 0 3 5 1 4 4 3 3
1 1 1 9 2 8 0 5 6 7 8 5 6 1 3
9 8 6 9 1 4 1 3 1 16 7 9 20 3 10
0 6 8 6 0 0 13 7 11 6 4 2 6 10 2
2 6 1 2 0 9 3 3 5 4 8 2 3 2 7
8 14 12 14 7 2 18 5 5 10 2 4 2 7 7
4 3 3 7 5 7 2 2 2 2 6 4 6 4 6
2 3 3 7 5 3 2 5 5 1 5 5 0 0 3
6 15 5 9 3 2 9 4 1 15 4 3 5 9 4
8 3 5 4 1 13 4 7 6 1 14 14 5 21 0
12 13 3 1 11 6 3 4 5 1 4 8 16 13 2
2 6 3 8 1 13 5 3 8 12 11 5 6 11 6
0 14 6 1 18 3 0 1 4 3 2 8 1 10 1
1 1 1 0 2 5 2 0 1 1 2 7 0 4 0
0 11 6 0 2 1 0 5 11 4 10 1 12 6 2
3 1 12 4 9 3 1 5 8 5 10 3 3 8 1
6 11 9 5 8 1 8 2 14 3 2 1 8 9 3
17 16 14 1 5 6 2 2 9 8 2 2 6 1 5
5 7 9 0 21 20 3 6 11 2 17 5 2 4 8
4 2 8 4 6 1 12 2 6 1 4 6 0 1 4
3 2 7 15 10 4 8 1 4 5 7 11 2 4 7
11 14 6 2 8 4 5 10 2 15 4 7 5 12 5
1 9 5 10 0 8 3 1 1 1 5 1 3 5 10
11 4 7 7 2 0 3 18 4 22 2 2 2 3 8
7 2 13 4 14 14 22 3 2 14 3 1 2 10 1
4 0 8 1 2 1 5 4 3 23 17 3 10 10 3
3 8 2 3 5 9 5 0 2 5 9 11 5 6 7
2 3 2 2 6 15 5 12 17 6 5 6 8 26 5
1 2 0 3 2 2 5 1 10 1 7 1 1 1 0
8 7 0 2 4 2 1 5 3 7 7 6 5 6 4
2 2 4 3 1 2 1 5 1 3 0 5 2 1 2
1 2 1 6 2 1 7 4 2 7 9 11 0 2 5
4 3 3 1 8 5 2 3 7 1 3 8 4 8 5
0 6 11 1 11 9 6 0 6 1 2 7 1 5 2
0 9 6 1 15 0 9 3 7 11 6 5 13 3 2
6 8 9 9 1 1 7 4 5 4 3 10 9 1 2
3 2 9 19 3 3 3 6 3 19 4 18 7 9 4
2 1 3 1 2 2 2 1 7 2 0 2 4 2 0
6 1 0 2 1 1 5 1 4 4 7 1 1 2 1
6 3 0 3 3 4 1 1 1 2 3 2 1 3 3
6 2 11 1 8 14 24 4 0 11 9 0 7 0 16
2 3 8 2 2 7 6 3 15 11 2 11 6 3 8
3 3 5 6 15 3 8 4 11 3 8 7 3 8 9
11 1 13 4 2 5 9 6 0 5 6 3 2 4 2
15 9 23 7 9 4 7 2 4 8 11 1 0 4 0
3 19 6 4 2 4 1 10 3 12 2 8 6 4 17
0 2 4 11 0 7 4 8 3 4 7 2 0 2 3
0 1 2 5 6 1 1 0 3 0 6 2 0 2 4
2 4 4 12 3 14 5 6 3 2 5 1 1 4 3
7 2 2 1 2 1 0 5 0 2 2 6 4 1 9
2 3 2 4 5 6 7 2 2 0 9 1 5 0 3
0 5 12 8 8 3 11 5 1 5 6 13 19 2 9
8 4 18 15 7 12 1 8 15 3 0 1 11 6 8
11 3 4 9 6 6 5 3 3 3 9 2 14 11 2
8 1 14 4 10 12 3 1 10 6 0 1 7 10 10
11 17 23 2 4 8 1 8 18 3 9 10 2 2 6
7 7 12 5 1 7 4 6 1 9 2 13 4 3 6
5 5 4 8 9 5 15 1 17 15 13 6 2 7 11
1 5 4 3 3 10 6 1 7 18 2 1 4 2 4
6 2 8 1 2 1 9 4 5 4 2 3 1 6 2
5 4 1 5 1 2 5 4 0 2 3 1 2 4 1
5 0 5 0 9 7 9 1 4 3 10 1 0 9 5
0 3 5 1 5 1 3 4 2 1 4 1 0 0 1
3 6 2 0 5 4 2 4 1 0 1 2 3 0 5
10 8 12 1 4 0 4 0 10 7 12 9 7 20 8
2 8 9 10 7 2 7 2 14 3 15 12 15 19 6
2 3 5 2 5 1 5 11 2 2 6 0 2 6 7
3 1 4 2 2 1 5 6 0 1 1 1 7 3 1
12 2 4 0 10 4 4 6 1 4 1 5 4 9 2
2 1 4 0 1 1 5 1 3 0 1 6 0 1 4
4 6 16 13 2 9 14 4 5 9 2 0 10 5 17
1 6 3 0 5 2 3 7 2 3 9 8 4 3 1
5 5 1 10 2 4 3 4 11 3 2 7 9 8 4
4 3 9 7 5 1 1 1 1 2 11 7 6 3 2
7 4 6 7 2 2 3 2 0 2 3 1 2 13 5
5 16 11 2 8 18 4 2 10 5 7 9 7 6 1
10 4 2 9 2 3 1 8 3 4 4 6 9 5 4
1 4 10 14 9 3 2 3 7 14 0 5 3 6 8
5 3 4 8 8 2 3 6 1 1 1 9 9 0 2
2 8 3 7 1 3 2 2 5 13 7 1 4 8 5
2 8 27 4 0 10 3 0 6 1 4 4 8 3 2
2 3 2 2 7 4 3 1 4 2 2 1 0 3 1
4 2 5 0 1 7 3 5 16 5 2 3 7 2 1
7 7 10 7 6 7 18 10 6 20 10 4 4 8 3
18 10 0 6 9 7 11 5 7 10 1 1 15 19 7
2 0 6 4 2 1 1 2 2 7 1 12 1 8 4
0 0 1 0 0 5 0 2 2 1 1 2 1 3 7
3 7 7 3 5 4 9 6 1 0 1 5 3 1 2
7 9 2 3 2 1 7 3 11 2 3 4 11 6 10
6 6 3 2 3 3 4 5 8 2 2 5 3 4 1
1 2 5 4 4 9 5 0 4 1 5 1 1 2 5
2 2 2 14 10 9 8 24 17 9 2 5 9 3 4
7 1 0 8 9 9 14 10 15 7 0 2 1 2 2
4 2 19 5 3 16 6 12 4 9 3 2 4 20 10
6 6 8 7 1 2 5 9 16 2 6 3 4 5 11
2 1 13 5 5 13 0 12 6 0 0 2 4 1 2
12 8 9 5 1 17 1 10 0 0 13 0 0 9 11
1 1 8 8 9 1 4 10 13 4 12 8 0 4 1
7 4 1 3 12 12 2 5 9 1 3 9 4 9 1
5 7 5 1 9 5 0 10 5 4 1 1 8 1 6
20 8 2 10 4 3 0 11 9 4 8 11 2 2 5
11 8 9 21 2 14 6 19 3 10 3 6 3 3 3
5 1 1 4 1 2 0 1 0 5 1 3 2 3 4
17 4 5 8 3 8 5 4 7 6 6 2 4 18 0
4 1 0 3 5 2 0 5 5 7 1 0 3 1 4
4 14 10 4 2 6 18 4 9 4 9 15 1 5 9
6 0 2 9 11 4 9 3 1 3 1 4 0 4 1
3 12 5 2 12 2 3 1 14 4 9 13 6 4 4
1 9 8 0 1 11 15 1 6 14 2 4 4 3 3
8 5 1 3 3 3 1 2 1 4 2 2 3 2 6
3 5 0 1 3 2 14 4 3 3 2 7 8 6 7
2 8 1 17 7 4 16 3 5 3 8 5 4 2 3
10 5 11 10 3 5 5 9 8 5 8 6 7 9 2
4 4 10 3 7 1 4 15 6 22 6 7 6 2 9
4 5 1 3 2 4 4 0 5 10 6 3 6 1 8
3 0 3 1 3 7 5 2 1 3 0 0 4 1 3
3 9 5 11 1 3 2 7 8 9 7 5 2 4 2
0 4 5 1 1 0 6 3 3 3 3 6 1 1 0
1 2 12 2 13 17 6 12 8 9 6 3 8 2 22
5 15 8 1 8 13 3 10 21 7 11 16 7 5 1
6 18 7 7 7 2 6 19 9 5 0 17 14 6 8
4 7 5 16 9 7 4 16 1 3 5 7 7 11 6
7 4 8 11 8 10 16 10 14 18 7 4 2 8 10
8 2 4 8 3 8 1 3 7 9 4 2 5 2 5
11 4 0 1 6 3 5 18 10 6 6 4 0 16 15
0 5 10 4 2 0 7 12 9 7 9 15 10 11 11
0 5 4 6 13 4 7 4 6 2 0 12 14 7 2
10 3 2 8 11 3 3 9 12 6 3 7 7 10 1
10 8 1 4 1 4 7 3 4 2 3 4 7 19 5
2 7 3 10 2 16 8 10 2 1 1 15 9 0 10
3 4 7 0 6 3 3 9 5 2 9 12 8 12 1
5 12 0 12 0 15 1 6 0 10 2 4 14 6 8
1 10 3 2 7 2 1 4 13 10 14 6 8 2 7
3 6 6 3 8 0 1 4 5 8 4 6 4 5 0
5 10 9 6 3 4 0 9 11 14 6 6 9 4 17
11 1 0 12 1 7 3 14 12 1 4 5 2 2 8
4 2 2 13 2 9 7 3 12 20 4 4 7 2 25
2 15 17 2 9 4 18 3 5 4 12 1 1 4 9
13 2 5 7 2 3 3 7 0 10 4 6 3 1 9
2 0 2 8 1 22 12 1 18 2 7 2 13 2 12
1 2 6 6 17 0 10 15 2 19 12 6 1 2 2
5 1 8 0 6 2 2 3 1 3 5 6 4 1 5
1 1 6 9 0 3 1 4 2 3 10 3 1 1 3
5 3 0 3 4 5 6 8 4 3 0 10 4 2 1
0 4 5 5 4 6 1 2 1 0 5 2 7 6 1
1 6 5 20 16 2 2 8 2 9 15 20 9 2 1
10 2 0 3 3 0 2 1 1 0 8 7 0 2 5
6 6 4 5 1 3 4 8 6 4 6 1 4 6 5
4 8 1 5 3 4 1 1 2 3 3 0 1 2 2
3 13 11 2 6 6 4 2 9 12 6 8 2 8 0
1 9 7 4 2 0 8 10 0 6 5 7 7 4 2
8 4 1 12 20 4 1 20 4 11 4 4 1 2 6
2 2 2 1 3 1 6 0 3 1 2 2 1 3 5
3 6 4 4 3 3 4 18 3 10 1 2 11 5 6
1 8 4 6 2 5 12 6 15 1 0 0 3 4 14
0 8 0 3 9 4 3 10 1 8 1 2 6 4 1
4 2 5 2 3 8 6 0 3 0 2 5 6 8 8
2 1 2 3 0 10 1 4 1 3 1 7 3 4 10
15 3 0 5 1 11 12 2 10 12 0 6 3 6 5
0 1 1 6 1 3 2 3 0 4 3 3 4 5 0
13 3 10 4 8 2 17 8 6 5 11 5 5 5 6
4 0 0 1 2 2 5 0 3 3 1 2 6 7 4
6 7 2 11 3 11 8 9 11 1 5 4 2 2 6
5 2 1 6 4 7 8 13 10 1 4 7 3 11 1
6 0 13 7 2 6 5 14 17 1 11 15 11 6 4
1 6 7 3 7 0 6 1 7 8 6 2 5 1 7
1 0 4 12 2 21 7 4 4 9 1 1 5 11 4
3 2 1 10 24 4 1 3 9 6 17 8 7 8 10
3 1 4 15 3 2 2 10 0 6 1 7 3 4 1
2 4 2 0 0 2 4 3 5 6 0 4 2 7 3
8 10 1 8 2 3 7 8 25 9 11 8 17 5 6
9 1 14 7 4 4 9 7 15 4 5 4 7 4 10
5 2 6 0 4 5 4 1 0 1 0 6 1 2 7
9 7 1 5 3 4 4 2 3 4 2 3 1 3 1
1 8 0 0 8 13 5 7 7 3 2 7 3 9 1
2 5 7 2 0 1 3 0 1 9 2 1 2 4 0
5 5 0 16 19 6 17 3 6 4 13 2 9 4 10
4 1 11 1 1 3 6 2 4 10 11 2 3 4 9
4 15 9 5 2 13 3 3 2 3 6 15 1 11 7
4 13 2 14 12 4 4 3 1 1 6 6 8 2 5
1 10 1 2 0 5 6 2 2 2 7 3 3 6 11
10 13 12 2 4 3 13 12 9 7 3 2 3 5 2
9 0 17 8 4 10 8 7 9 4 14 11 10 1 6
7 0 7 6 8 4 19 3 3 5 14 1 0 0 3
7 2 6 1 4 15 4 1 3 1 19 11 2 4 16
6 3 5 4 3 2 2 2 3 4 3 7 2 0 8
3 4 2 11 1 7 1 4 4 2 2 0 5 7 2
7 5 8 20 7 5 1 1 3 14 14 10 1 2 10
1 2 1 2 6 1 2 4 1 2 3 1 4 4 5
4 5 1 3 3 10 15 1 15 8 0 3 8 5 12
1 3 1 2 3 3 6 3 2 2 3 0 0 1 5
5 2 3 14 2 1 7 8 1 3 0 2 4 3 2
10 18 8 9 1 13 9 2 10 3 8 3 0 1 12
2 4 15 0 2 10 9 2 0 12 4 3 7 3 12
2 2 5 3 1 3 1 11 4 4 6 2 1 2 1
1 2 7 1 1 10 20 9 3 21 2 13 5 5 9
3 6 2 2 1 0 0 4 1 2 2 1 1 5 2
11 2 1 8 6 3 22 6 9 9 2 2 6 11 1
11 6 4 4 4 6 16 9 15 3 5 2 1 12 12
6 4 11 13 4 6 6 4 6 3 5 5 8 2 2
4 2 1 2 1 4 7 8 6 2 1 4 7 0 9
8 13 1 3 13 1 16 8 4 4 3 10 10 6 0
2 5 2 2 5 4 1 1 3 1 3 4 5 4 5
10 4 22 4 2 9 4 11 11 1 6 3 2 2 5
11 3 6 20 5 1 13 10 10 1 1 9 2 11 5
17 3 0 15 10 6 8 7 7 8 1 12 13 4 14
1 13 9 8 10 9 13 1 6 7 5 7 20 12 15
4 16 2 2 10 6 7 19 9 3 3 10 3 4 7
3 2 2 12 3 4 0 11 2 0 8 3 4 5 1
4 7 5 1 18 14 14 2 3 1 7 1 1 3 5
1 3 8 13 3 5 10 5 1 0 2 5 4 3 5
4 8 5 3 8 7 1 3 0 0 1 6 5 7 3
9 3 9 3 3 10 1 13 2 3 5 2 2 7 2
11 23 9 3 8 0 0 2 4 5 7 2 5 4 5
11 7 3 7 19 12 8 10 1 3 3 0 12 9 6
4 2 5 4 2 1 4 1 4 0 3 3 1 2 1
3 7 5 2 3 12 2 10 13 5 3 0 1 7 7
0 3 9 2 2 1 8 1 0 2 1 5 5 8 1
9 0 1 7 1 6 8 9 5 1 23 11 2 6 0
7 1 10 5 0 5 1 2 4 0 1 1 5 0 0
7 0 4 4 1 1 6 3 6 10 0 4 6 12 1
8 3 5 9 2 11 5 1 2 12 0 2 4 2 9
1 7 4 7 3 3 0 1 0 2 4 4 2 2 2
1 13 18 4 6 3 6 0 13 1 3 2 2 15 6
7 5 1 4 12 3 6 4 2 11 13 3 5 5 1
2 1 1 2 1 0 1 4 1 3 0 8 0 3 1
5 7 6 6 6 9 6 2 9 3 5 3 2 4 6
11 10 14 2 5 14 14 6 4 14 15 0 10 11 2
6 5 1 2 2 0 6 1 2 3 1 2 1 1 4
4 1 12 1 7 0 0 4 2 2 1 17 14 6 3
1 2 10 2 3 2 7 2 9 3 10 1 9 7 1
7 8 6 6 7 4 4 3 11 6 15 1 6 7 10
4 3 4 18 0 15 2 5 5 2 5 15 2 10 3
15 2 3 6 2 10 4 2 11 8 18 1 3 3 6
7 4 10 2 4 3 0 2 12 4 2 10 8 3 3
17 2 6 4 3 4 5 3 9 1 3 4 6 11 6
0 2 0 7 2 2 3 4 0 2 1 0 2 2 5
20 4 0 2 19 6 3 18 0 8 3 1 5 2 7
1 2 3 4 0 6 1 3 1 2 4 2 0 0 3
7 4 1 2 5 2 9 9 3 9 3 5 8 0 6
5 2 4 3 1 2 2 3 2 2 2 3 5 4 1
9 7 21 2 5 9 1 2 1 1 11 6 4 12 2
3 2 5 2 1 2 3 1 1 4 0 4 7 7 0
6 4 5 4 2 24 9 15 4 7 3 17 7 2 1
1 2 0 6 2 1 5 5 6 7 2 4 3 0 4
9 10 2 1 5 7 6 11 5 6 7 7 5 4 9
3 6 3 10 1 8 9 4 1 1 4 2 6 2 2
3 6 7 15 11 2 8 12 8 6 0 6 1 3 1
2 6 20 1 8 11 7 17 1 5 1 1 4 3 0
9 2 3 10 5 1 3 6 2 2 7 3 5 1 1
0 3 2 7 3 5 2 3 0 3 3 5 1 5 2
11 2 2 2 3 7 6 9 7 3 1 0 6 6 2
4 0 5 0 4 8 3 1 2 2 0 3 2 2 9
10 21 3 1 7 1 1 5 4 4 6 13 0 6 4
3 11 2 5 1 9 3 3 12 3 11 4 9 24 13
8 5 1 8 10 6 0 4 0 4 4 5 2 3 4
1 2 4 5 11 2 0 5 2 2 4 7 6 7 4
13 5 8 9 15 8 5 3 5 6 12 8 1 9 1
7 2 3 0 4 3 8 2 3 1 4 1 1 2 7
1 4 6 2 2 2 0 1 4 0 4 2 1 3 3
12 8 3 1 12 3 7 9 1 5 11 9 4 4 10
10 1 9 2 14 9 1 11 5 7 2 5 9 1 2
7 3 3 1 1 8 7 2 4 2 1 2 1 1 2
3 12 4 0 5 11 1 0 7 4 7 5 0 4 1
7 2 17 5 3 4 1 6 9 1 1 2 9 1 4
4 1 4 1 0 1 3 3 9 2 4 2 2 2 5
3 7 2 0 1 7 0 1 4 2 1 2 3 3 6
0 11 1 3 5 10 7 2 5 0 4 0 1 3 0
5 1 4 0 2 20 8 3 5 7 1 13 1 11 7
0 10 12 1 1 6 0 3 17 0 10 6 3 3 4
5 3 3 5 1 3 2 3 1 4 1 3 4 9 2
1 7 9 4 16 6 7 4 17 10 2 22 4 11 6
2 5 15 7 5 11 4 9 9 7 1 3 9 14 13
3 2 1 7 5 0 2 4 4 4 3 3 6 1 0
0 9 5 8 7 1 9 1 0 7 7 5 10 2 4
6 2 2 9 3 2 4 0 14 2 5 4 11 3 5
18 1 2 8 3 19 5 7 3 0 2 7 2 2 10
3 5 3 5 4 5 2 1 4 4 2 0 3 6 6
2 0 7 5 1 2 12 3 9 7 5 8 6 3 9
1 7 16 18 1 9 11 15 11 7 9 1 5 2 10
0 3 1 6 8 3 14 5 3 4 3 12 2 0 5
5 7 2 0 17 11 2 6 8 11 2 6 12 18 10
5 11 5 9 1 7 2 14 13 8 16 21 8 1 6
4 5 2 7 7 10 1 1 3 6 1 3 4 0 14
0 3 4 1 2 0 3 2 1 7 2 3 2 8 1
1 4 5 0 4 8 3 2 0 3 2 1 7 8 5
1 3 11 4 1 2 1 5 6 2 4 1 2 3 5
1 14 5 6 9 1 3 2 7 2 20 11 6 2 6
7 1 16 9 1 12 18 1 0 7 3 3 6 1 10
4 2 2 5 2 2 6 2 5 7 6 7 3 0 9
1 1 4 2 4 2 1 2 4 2 12 3 6 7 9
6 6 4 2 2 3 1 2 2 1 1 1 5 0 2
2 0 2 9 6 1 2 18 5 5 3 12 1 9 8
10 5 2 5 5 5 11 12 7 5 7 4 9 5 3
2 7 7 1 5 3 0 1 14 1 2 5 4 4 4
13 8 3 2 12 0 2 1 2 7 17 5 12 5 8
8 4 6 0 12 11 6 4 4 2 15 5 0 5 1
2 2 7 0 15 4 18 5 6 5 1 4 9 0 1
1 20 4 12 2 2 4 6 5 2 3 7 8 10 2
9 10 6 12 4 12 7 0 8 1 11 0 0 7 9
10 3 12 4 4 1 4 9 8 2 7 3 5 1 3
10 8 5 7 1 3 1 9 5 9 3 19 4 3 8
2 1 4 2 3 12 13 10 7 8 9 11 7 16 1
8 4 3 0 1 2 9 6 5 1 8 5 4 2 4
15 11 10 17 11 1 10 19 10 7 3 2 8 2 6
9 3 1 0 1 4 14 7 2 2 2 1 1 0 3
11 0 2 5 7 2 10 9 12 3 0 1 3 0 3
5 7 6 3 13 7 2 14 4 2 8 21 4 5 4
6 5 2 8 4 4 1 6 1 2 3 4 1 1 0
3 3 2 1 8 8 4 9 3 1 9 3 9 5 1
3 5 4 10 4 8 2 5 1 4 6 2 16 8 5
1 1 12 5 7 7 1 11 1 25 6 3 1 7 10
13 5 2 2 3 6 9 9 1 0 5 2 9 6 15
6 16 7 6 8 6 22 13 4 5 5 16 9 2 3
12 6 14 12 1 1 4 4 0 2 3 5 8 4 6
12 15 13 22 11 8 4 1 6 9 7 10 5 5 3
5 6 5 1 2 13 10 9 5 14 3 2 1 17 21
10 8 2 2 7 2 10 0 3 7 0 10 6 9 0
2 3 3 4 4 1 8 4 3 6 5 3 3 2 3
5 2 7 5 7 1 1 4 6 1 0 7 5 18 20
1 0 5 1 8 2 2 1 1 1 3 2 8 2 2
10 4 9 0 1 2 17 3 11 3 1 2 3 12 11
10 0 8 6 2 2 4 15 15 2 16 9 8 12 4
3 3 5 9 0 3 1 7 4 2 8 12 6 1 6
0 8 11 3 0 5 3 2 0 3 2 2 4 2 1
2 0 1 1 3 1 7 10 5 10 3 2 0 2 7
4 8 0 11 1 5 7 8 1 11 24 3 6 13 10
2 0 2 7 8 2 17 5 6 10 13 7 1 0 0
6 0 1 12 25 10 1 17 4 9 8 1 11 6 1
1 6 7 9 3 0 5 5 4 1 10 11 5 4 2
1 2 7 7 3 6 7 8 5 9 3 6 3 4 3
2 0 4 1 6 2 2 1 9 1 5 2 0 2 4
1 2 1 3 3 6 4 5 4 1 7 0 1 2 5
5 5 9 2 6 14 4 2 3 2 12 16 12 17 3
19 13 7 12 5 9 1 2 5 10 17 3 2 9 4
6 7 6 6 2 7 13 0 1 6 6 5 10 5 6
12 1 3 4 11 15 3 5 4 3 1 5 5 2 2
2 21 7 11 3 2 17 13 7 1 7 3 3 1 4
2 1 3 4 2 10 8 2 8 13 1 12 4 7 4
5 13 5 7 1 4 11 18 8 8 8 5 2 3 7
10 0 2 11 2 1 3 5 2 1 3 6 4 6 1
5 4 6 3 10 9 7 3 7 5 7 7 5 8 16
12 1 4 7 3 10 10 9 11 5 17 12 9 10 7
4 3 2 1 4 1 0 1 7 3 2 3 3 3 1
7 4 12 3 5 2 2 11 7 2 2 2 5 6 6
1 1 1 4 1 4 5 3 1 2 1 4 4 3 3
2 1 1 2 6 1 2 3 6 3 8 4 6 7 3
2 1 13 1 19 6 3 22 5 2 1 15 5 3 11
6 5 3 8 9 5 8 4 2 5 3 11 2 6 7
10 17 6 0 15 12 9 10 6 15 6 1 9 8 8
3 1 10 8 6 9 12 14 9 2 2 4 1 12 8
6 7 3 11 18 4 13 2 12 5 7 2 11 5 4
5 4 2 5 6 5 15 14 10 3 5 17 1 6 4
8 3 10 6 12 3 0 15 1 1 7 1 10 1 2
8 5 7 7 0 8 3 4 2 7 0 8 5 1 0
1 8 7 1 0 9 1 2 6 6 1 1 10 14 0
4 11 9 4 17 6 0 11 4 5 8 7 5 0 10
1 6 1 7 5 0 3 11 6 3 22 10 2 9 10
3 5 1 4 0 5 5 10 5 3 3 3 1 1 0
7 1 1 5 5 2 3 1 2 2 2 4 1 13 1
8 8 4 1 21 13 7 7 5 8 19 7 3 6 8
7 5 1 5 11 20 3 1 12 10 0 6 9 14 15
2 0 1 6 16 6 5 9 9 3 17 8 11 9 10
6 6 9 6 5 14 2 2 16 7 10 1 6 2 15
1 6 1 4 6 3 3 1 8 0 4 14 13 7 14
2 6 2 21 3 5 3 4 5 2 4 7 4 2 2
0 1 2 9 10 16 3 0 6 3 10 9 7 7 0
11 0 4 10 4 3 18 5 4 14 4 19 9 17 9
1 1 2 3 1 2 3 3 9 2 2 4 8 2 6
5 0 5 5 9 3 1 5 4 4 2 2 5 3 4
0 2 5 12 7 3 4 7 1 10 1 1 6 1 11
11 1 1 7 7 4 12 12 6 11 6 10 7 0 7
3 3 1 2 1 2 3 0 1 3 1 0 4 5 5
5 6 1 9 12 3 4 6 2 12 10 5 4 4 11
5 1 5 4 1 3 2 10 7 4 1 4 4 3 11
4 0 1 5 6 8 9 5 3 3 1 0 0 4 8
3 3 3 10 6 3 3 4 7 0 0 7 3 6 3
5 7 12 3 1 16 5 6 11 17 11 3 0 3 12
7 11 10 2 8 3 9 1 4 3 6 6 1 6 3
4 6 2 0 2 1 7 15 4 10 3 8 2 6 8
5 2 1 4 4 2 0 0 4 7 1 3 10 4 2
4 7 11 11 1 8 14 22 5 7 3 4 6 5 6
3 6 10 1 3 8 4 5 6 5 5 3 10 12 0
2 4 12 3 0 4 7 3 1 1 11 4 8 11 6
15 8 11 6 4 15 15 2 3 5 4 1 2 18 4
12 7 11 2 9 5 2 9 9 10 9 0 4 7 9
1 1 5 1 6 5 3 4 26 15 4 1 13 5 9
0 1 2 5 7 1 8 5 3 3 10 1 1 0 2
3 4 3 1 1 1 2 5 8 2 4 0 6 4 4
14 2 1 1 5 3 10 7 8 0 4 2 0 6 3
3 2 4 2 1 3 1 4 12 7 3 3 5 13 8
10 9 6 7 15 1 5 3 8 1 1 4 5 2 1
4 0 7 5 4 1 2 2 6 2 2 6 5 1 2
3 1 4 1 5 3 0 2 1 1 6 0 1 3 2
5 9 1 3 8 1 8 5 9 0 2 0 10 7 7
2 2 7 6 6 5 12 5 0 1 1 5 7 4 5
10 2 2 1 4 7 0 6 8 2 2 8 17 2 1
0 1 1 2 2 5 3 1 7 1 11 3 6 4 2
5 14 11 3 5 0 19 19 3 8 16 1 7 10 4
5 18 4 9 12 5 1 12 21 2 12 5 1 12 3
9 6 6 6 3 9 2 0 2 6 5 2 6 1 4
1 0 6 11 0 0 2 4 11 3 13 1 1 5 8
9 12 1 1 5 4 1 13 4 3 14 7 13 3 11
5 4 6 8 4 12 4 21 3 1 4 1 4 3 3
1 7 8 6 13 2 20 13 12 2 3 10 1 4 11
7 1 11 3 4 2 8 13 14 17 10 12 2 11 9
8 0 3 5 5 8 2 4 7 1 0 2 3 3 3
7 18 6 2 9 6 3 0 0 12 2 1 10 17 5
6 1 6 0 5 1 1 3 1 1 0 2 4 1 10
1 3 5 7 1 1 2 9 6 11 5 3 4 6 12
24 1 7 4 4 12 1 1 12 10 4 8 1 10 2
3 64
3 83
4 22
4 36
4 55
6 7
6 11
6 18
6 68
6 96
7 32
8 9
8 20
8 21
8 87
8 91
11 27
11 53
12 20
12 32
12 60
13 21
14 73
15 47
16 104
17 19
17 105
18 27
18 35
18 38
18 39
19 88
20 83
20 100
20 106
21 49
21 102
23 55
24 108
25 39
25 82
25 109
26 69
26 79
26 119
26 122
27 57
27 59
27 94
27 99
27 116
29 97
29 108
29 109
29 126
30 67
30 93
31 121
33 96
33 98
34 74
35 54
35 107
35 130
35 135
36 58
36 103
36 117
37 81
37 134
38 104
38 130
39 40
39 79
40 136
41 134
42 48
42 94
43 113
44 70
44 105
45 60
45 120
46 96
47 138
48 80
48 131
49 66
50 102
52 60
52 84
54 108
54 121
54 132
56 59
56 71
57 78
58 119
59 69
59 101
60 136
61 148
62 149
63 82
63 124
64 131
64 137
64 156
67 112
68 75
68 164
69 72
69 98
69 147
70 170
71 88
71 116
72 113
73 154
73 156
73 167
74 76
74 124
76 137
77 105
77 153
78 168
79 82
81 176
82 181
83 89
83 102
83 163
84 122
84 181
84 184
85 124
85 155
85 162
86 157
88 98
88 171
88 173
89 128
90 120
90 161
91 122
92 93
93 137
95 129
95 169
95 195
96 107
96 167
98 99
98 117
98 127
98 153
99 125
99 149
100 146
100 166
101 110
101 188
103 148
104 112
105 113
105 117
106 165
106 188
106 193
107 110
109 142
110 121
111 165
111 178
111 179
114 205
115 122
115 215
116 174
116 195
117 175
117 178
119 146
119 216
120 141
120 177
123 222
124 144
124 145
124 177
126 148
126 201
126 213
127 183
127 221
128 226
129 134
130 144
131 197
132 203
133 199
133 210
134 203
135 175
137 203
138 163
139 140
139 147
140 182
140 198
140 220
141 159
142 242
143 160
143 188
143 221
143 223
144 165
144 198
145 161
145 206
145 215
146 185
146 230
147 148
147 232
148 186
148 188
149 196
149 222
149 241
151 162
151 207
152 215
153 211
153 222
153 231
153 232
154 184
154 212
156 169
156 235
156 256
159 189
159 212
160 164
160 177
160 207
160 228
161 210
161 259
162 260
163 181
163 261
164 231
165 190
165 234
165 258
166 237
166 238
167 176
167 217
168 208
170 186
170 199
170 206
171 189
171 263
173 192
174 215
174 234
175 176
175 193
175 195
176 183
176 207
176 252
177 240
177 267
179 198
179 217
179 240
179 246
180 228
181 248
182 223
184 197
185 233
185 278
186 259
186 282
187 244
187 270
187 282
188 227
190 195
190 238
190 279
191 221
191 235
192 217
193 275
193 278
195 236
197 247
198 220
198 259
199 205
199 223
199 263
200 208
200 257
201 248
202 290
203 223
203 226
203 258
203 265
204 209
204 210
204 235
204 261
204 289
204 297
205 214
207 267
208 246
208 282
210 213
210 243
211 272
211 308
212 222
212 272
212 289
213 222
213 238
213 253
213 293
213 304
213 311
214 223
214 231
214 256
215 249
215 267
215 269
216 239
216 259
217 249
217 256
218 292
218 312
220 313
222 224
222 238
223 251
223 308
223 312
224 252
224 288
225 240
225 249
227 255
227 257
227 273
230 275
230 282
231 326
232 255
232 326
233 252
234 313
234 319
235 254
235 302
235 321
236 289
237 294
237 315
238 291
239 279
239 288
239 332
240 295
240 303
240 310
241 248
241 268
241 318
241 337
242 308
244 281
244 315
244 344
245 334
245 342
247 256
247 312
247 326
247 347
248 298
249 278
250 260
250 331
250 340
251 305
251 350
255 329
256 272
256 353
257 272
258 319
259 280
260 285
261 268
261 289
261 293
261 303
262 270
262 304
264 307
265 270
265 274
266 284
266 285
266 293
266 300
266 361
268 346
269 277
270 292
271 280
272 352
273 302
274 298
274 304
275 294
276 278
276 294
276 326
277 317
277 327
277 337
278 316
279 313
280 296
281 357
284 358
285 369
286 298
286 314
286 317
286 344
286 372
286 380
287 347
288 295
288 302
289 294
289 344
291 337
291 343
292 359
293 325
293 368
293 387
294 327
294 371
295 299
295 308
295 327
295 377
296 317
296 357
297 315
298 380
299 310
299 388
300 390
301 304
301 312
301 349
302 312
302 391
303 395
308 374
310 313
310 388
311 312
311 318
311 351
311 378
311 408
312 344
313 355
314 322
314 347
315 347
316 361
316 364
317 320
317 321
317 414
319 336
319 353
320 405
321 358
321 393
322 398
322 407
323 336
323 351
323 382
324 339
324 356
324 364
326 418
327 355
328 373
328 389
328 427
329 389
329 409
329 416
330 397
332 400
332 406
333 336
333 340
333 360
335 388
335 423
336 376
340 424
341 354
342 397
343 344
343 416
344 403
344 410
345 399
345 420
345 434
345 440
346 361
346 381
347 368
347 445
348 405
348 435
350 363
350 382
350 420
351 379
353 422
353 435
353 439
354 388
354 397
354 440
356 456
357 362
357 449
358 428
359 396
359 443
360 430
360 453
361 387
361 454
361 460
362 397
362 448
362 452
363 380
364 441
367 411
367 436
368 379
368 432
369 370
369 450
371 373
371 394
371 430
371 441
372 471
373 393
373 449
373 466
374 396
374 404
374 467
375 378
375 381
375 463
376 396
376 420
378 447
379 421
381 407
381 474
382 408
382 481
385 405
386 460
387 397
388 400
388 422
388 478
389 453
389 477
390 482
391 431
391 458
393 411
394 417
394 436
394 443
394 484
395 406
396 448
396 488
397 481
397 487
398 460
399 438
399 481
400 424
400 456
401 402
401 457
401 463
401 493
402 435
403 498
404 463
404 476
405 414
405 493
407 423
408 417
408 489
409 444
410 424
410 442
410 456
410 487
411 422
411 510
412 456
412 462
413 490
414 504
414 507
415 458
415 493
416 429
417 438
417 457
418 436
419 422
419 460
419 510
421 481
422 517
424 524
425 442
425 452
425 458
426 496
427 496
428 440
428 461
428 526
429 430
431 506
431 517
432 474
432 481
432 523
433 446
433 509
434 453
435 516
436 515
437 476
437 489
438 455
438 535
439 442
439 478
439 481
439 488
440 475
443 473
444 469
444 542
445 499
446 450
446 467
446 497
446 536
446 539
447 510
447 531
448 470
450 478
451 497
452 466
453 511
454 540
456 473
456 519
456 538
456 550
458 516
459 467
460 504
461 529
462 465
462 514
462 539
462 556
463 503
465 477
465 498
465 520
465 541
466 497
466 551
472 551
474 480
474 521
474 531
474 554
474 568
475 499
476 517
477 478
477 555
478 522
479 547
479 553
479 564
479 568
480 505
480 544
482 484
482 510
482 541
483 546
484 542
484 582
485 490
485 534
485 560
486 502
486 537
486 585
487 533
488 512
488 564
489 491
489 534
490 534
491 494
491 518
491 558
491 574
492 531
492 568
494 531
495 513
495 556
495 567
495 571
496 550
497 587
498 516
498 588
499 561
499 567
500 554
500 573
502 591
502 593
503 518
503 576
504 541
504 585
504 598
505 527
506 570
508 509
509 543
510 528
511 532
511 564
513 514
513 611
514 534
514 603
515 538
515 613
516 560
516 598
516 609
516 610
517 571
517 601
518 551
518 615
519 531
519 595
520 556
520 615
521 579
521 613
522 619
523 616
524 548
524 567
526 534
526 607
526 623
528 535
528 606
528 618
529 542
529 555
530 621
533 566
533 620
534 634
535 603
535 614
536 554
538 540
538 580
539 608
540 574
541 588
542 578
543 569
543 572
543 575
544 559
544 623
545 621
547 565
547 634
548 642
549 559
550 571
550 614
550 616
550 647
551 576
552 588
552 590
553 566
553 596
556 600
556 638
557 574
557 598
558 561
559 561
559 615
562 591
564 614
565 569
566 644
567 642
568 583
568 657
569 640
570 575
570 577
570 590
571 623
572 576
572 623
572 656
572 664
573 642
574 596
575 624
576 634
576 659
577 633
578 597
579 676
580 585
580 647
581 606
581 639
581 679
582 612
582 643
582 663
582 670
584 651
584 667
586 642
587 599
587 677
588 622
588 678
590 608
590 631
591 595
593 633
593 657
595 639
596 686
596 687
597 633
598 609
598 653
598 662
598 670
598 672
598 675
598 681
599 627
599 657
600 634
600 673
600 676
601 606
602 648
603 638
603 695
604 607
605 640
606 659
608 617
608 698
609 668
609 690
611 638
611 690
611 706
612 695
618 651
618 673
618 713
619 654
621 640
621 695
622 633
623 624
623 655
623 685
624 665
624 670
625 661
625 682
626 668
627 641
627 656
627 712
627 716
628 671
628 707
629 638
629 693
630 632
630 674
632 657
633 715
634 671
634 708
635 699
635 719
636 694
636 695
636 731
636 734
637 711
639 688
640 641
640 713
641 664
641 679
642 664
642 665
642 685
642 740
643 701
643 708
644 670
644 733
645 646
645 648
646 732
647 654
647 669
647 712
649 735
650 658
650 685
650 706
651 679
652 688
653 668
653 672
653 691
653 741
654 706
655 665
656 709
656 749
658 665
658 694
658 756
659 690
659 744
661 665
661 711
661 732
661 758
661 761
663 740
665 749
666 667
667 756
668 755
668 759
669 696
670 704
670 743
671 692
671 729
671 762
673 703
673 743
673 756
673 760
675 728
675 739
675 774
676 677
676 724
676 733
676 762
677 690
677 751
677 752
678 701
679 705
679 713
679 731
680 693
680 718
680 719
680 736
682 686
682 749
683 718
684 751
685 713
685 721
685 734
686 717
686 757
688 762
690 722
690 729
692 760
692 782
693 787
694 716
695 727
695 750
695 752
696 742
698 737
698 795
699 723
701 732
702 789
702 790
704 796
706 717
706 778
706 792
707 735
708 773
708 808
711 759
713 775
713 778
713 787
713 789
713 790
714 720
714 806
715 756
715 759
715 779
715 806
716 741
717 732
717 738
717 801
718 808
718 817
723 747
723 786
723 798
724 729
724 753
724 804
725 787
725 816
726 754
726 775
727 786
728 761
729 786
732 740
732 744
732 755
732 762
733 815
733 816
734 743
734 766
735 754
735 788
735 833
736 747
737 789
737 800
738 784
740 831
741 768
741 803
741 814
743 778
743 830
743 839
744 782
744 814
744 843
745 751
745 800
746 828
747 748
748 762
748 774
748 796
748 822
750 772
750 800
750 834
751 799
751 810
753 755
753 787
754 787
754 803
755 796
757 767
757 777
757 793
757 799
759 797
759 828
760 795
761 813
761 826
764 853
764 855
765 834
766 820
766 826
767 786
767 807
767 844
768 839
768 864
768 867
770 785
770 863
771 801
771 849
773 845
773 872
775 794
777 847
777 850
777 856
778 818
779 804
779 843
781 865
782 865
783 814
783 830
784 786
784 821
785 800
785 804
786 832
786 871
786 881
787 839
787 840
787 842
789 793
789 818
789 876
790 874
791 834
791 857
792 804
792 877
794 891
796 822
796 837
796 870
797 815
797 834
797 890
798 830
798 863
798 870
798 882
800 834
800 877
801 804
801 833
801 838
801 866
801 878
801 890
802 832
803 816
803 851
804 859
804 889
806 810
808 906
809 836
809 852
809 891
809 908
810 873
811 884
811 901
813 841
813 881
813 900
816 837
818 822
819 914
820 851
820 865
822 854
822 876
823 834
824 864
825 907
826 883
826 919
828 908
828 909
829 907
830 854
830 912
831 849
831 921
832 923
832 932
833 849
834 867
835 863
835 909
836 887
836 906
836 914
838 870
838 873
838 913
840 898
841 890
841 908
841 925
841 928
842 931
843 941
844 871
845 884
846 851
846 901
847 855
847 867
847 887
849 900
849 944
849 945
850 891
851 866
851 884
851 885
851 893
853 910
853 933
854 902
855 863
855 883
855 893
856 869
856 904
856 917
857 858
857 890
857 917
858 891
859 907
859 936
862 884
862 893
863 933
864 875
865 959
866 867
866 885
868 871
869 893
869 900
869 912
871 915
871 964
871 967
872 888
872 906
872 961
873 938
873 961
874 950
876 939
876 954
877 918
878 921
878 934
879 942
879 955
879 971
880 907
880 935
881 938
881 947
881 948
881 969
882 945
883 897
884 891
885 910
886 887
886 972
887 923
887 967
888 906
888 921
889 919
889 946
889 962
890 907
890 984
891 937
891 956
891 979
892 894
892 920
892 985
893 914
893 940
893 979
894 948
894 953
894 956
894 963
894 967
894 975
896 936
897 959
897 972
898 967
900 902
900 946
900 986
900 990
901 919
901 948
901 962
902 950
904 907
904 987
906 927
907 961
908 923
908 974
908 975
909 914
909 962
910 921
910 964
910 985
911 980
912 920
912 939
912 946
912 966
912 968
912 999
913 946
914 937
914 939
914 982
914 987
915 992
917 918
917 925
917 933
919 930
920 933
920 977
920 990
921 940
923 931
923 984
924 932
925 998
927 980
931 940
931 973
932 984
933 968
934 937
934 982
939 990
940 971
941 998
944 993
953 979
958 979
958 992
959 998
961 970
961 978
962 963
962 972
963 968
963 997
966 992
967 988
967 994
970 991
971 988
971 997
973 976
977 992
984 1000
990 993
992 999
995 998
11 1 10 4 2 15 11 18 5 3 2 1 1 10 3
9 3 14 7 6 14 9 5 11 13 21 10 17 5 4
3 15 15 8 0 9 9 9 12 1 12 9 2 4 3
1 5 14 15 6 0 11 5 30 18 6 8 8 15 7
4 0 3 8 9 7 1 10 16 17 2 24 2 14 7
5 1 10 11 19 15 8 7 1 1 9 39 0 15 6
0 3 6 15 10 26 2 7 6 3 7 6 7 1 14
3 6 18 25 4 9 6 13 10 8 5 3 4 1 5
7 13 9 2 10 31 19 19 16 24 10 22 7 1 6
1 2 1 1 5 15 1 7 7 8 8 17 3 6 7
6 7 13 7 15 11 14 12 11 29 21 22 22 0 2
3 1 8 2 6 4 12 6 3 0 6 7 13 17 3
3 4 7 8 1 1 5 10 0 6 16 5 3 8 0
14 4 11 4 7 2 20 20 2 12 13 12 14 20 13
6 20 9 2 28 16 2 24 7 15 10 13 10 14 0
3 1 8 4 2 0 12 8 5 1 14 8 8 1 6
10 9 11 14 5 9 13 3 11 2 12 24 4 4 27
14 4 0 27 2 10 14 15 1 16 17 15 7 10 3
12 5 12 3 34 10 7 24 3 8 11 5 4 28 1
2 1 2 1 6 11 5 0 4 10 18 3 13 14 5
60 41 55 43 54 52 46 51 39 67 39 64 70 35 43 66 18 48 44 63
6 1 1 4 2 2 2 1 1 5 1 5 8 1 3 6 1 2 1 7
9 1 11 8 7 13 12 6 2 8 4 11 11 1 2 16 5 4 1 13
60 30 55 44 56 61 54 58 32 63 28 53 81 34 55 59 28 48 57 60
24 4 21 24 28 23 30 19 8 26 7 37 33 12 5 39 13 18 4 29
53 31 51 37 43 37 41 46 34 52 31 52 55 18 37 56 28 36 26 56
20 13 24 19 23 27 33 20 11 30 12 30 31 8 26 26 16 10 19 35
30 17 32 32 34 19 36 40 12 30 20 35 46 9 29 37 12 13 27 38
23 9 21 10 28 21 24 16 1 24 4 16 22 1 14 17 14 15 10 25
44 5 36 24 27 33 26 30 8 28 11 40 50 25 12 43 29 28 27 27
29 22 27 17 20 21 36 28 17 32 21 20 35 6 13 30 24 23 18 35
27 19 29 28 27 30 38 32 24 39 26 34 43 22 24 45 22 25 18 40
48 18 33 18 33 38 28 33 17 36 20 32 47 13 19 41 13 39 33 33
39 20 28 19 26 37 31 29 7 43 20 38 52 24 25 41 13 36 30 40
40 15 24 22 31 36 42 31 9 33 18 39 44 14 21 38 12 18 26 45
17 1 7 1 11 17 16 3 2 12 3 13 15 7 7 17 1 13 6 13
9 1 5 3 5 6 7 2 2 8 1 7 6 1 1 10 1 3 1 9
33 8 33 36 33 27 32 36 21 34 13 35 37 21 19 39 19 19 15 18
24 3 21 15 13 23 23 16 10 23 8 30 29 14 8 36 13 18 12 31
9 3 7 5 7 5 6 5 4 6 9 5 11 1 9 8 1 5 6 3
27 7 29 19 23 18 12 14 7 27 10 32 35 12 17 34 13 22 16 23
24 9 11 16 29 21 19 14 2 30 1 17 32 11 10 20 9 15 13 31
53 29 32 37 49 49 40 29 32 56 28 55 56 30 42 48 25 49 41 58
37 13 36 16 33 25 30 25 12 36 11 26 38 10 11 34 24 30 13 28
14 1 15 10 12 8 14 14 6 16 7 10 16 2 4 19 5 13 2 18
3 1 5 10 3 6 5 3 1 4 1 8 16 6 1 12 1 3 1 4
11 2 17 4 8 8 21 18 9 22 7 12 18 1 10 20 7 7 4 15
42 23 29 15 24 29 21 15 23 32 26 37 34 22 25 41 11 19 28 34
17 2 13 5 9 18 15 1 1 10 2 18 22 5 8 17 7 9 7 15
16 9 18 14 16 11 15 16 7 14 13 18 19 1 10 22 6 9 6 19
5 1 6 5 6 10 9 5 2 8 3 8 9 1 1 10 1 5 1 11
2 1 2 1 7 1 5 1 1 11 3 3 7 1 5 2 1 10 2 10
53 39 47 33 44 27 36 43 39 60 35 45 61 30 35 54 28 46 34 55
22 13 24 12 22 19 19 6 16 33 15 33 25 9 21 30 10 13 15 39
48 27 37 17 28 40 36 32 26 49 30 42 51 27 29 51 22 42 37 45
23 7 6 9 12 14 14 13 3 8 7 13 21 7 3 18 3 12 11 20
13 3 16 15 12 20 11 9 6 20 5 19 24 5 10 15 9 7 12 21
16 4 6 6 7 11 9 5 6 17 6 20 19 10 12 16 1 16 14 26
27 19 22 23 19 30 27 16 7 31 10 34 32 17 9 37 21 26 14 36
33 12 24 21 24 12 20 24 15 33 11 29 35 17 20 30 11 20 16 35
37 12 29 17 21 38 25 23 19 36 18 38 41 17 27 39 14 28 33 35
46 24 42 23 31 27 34 38 26 43 28 40 47 11 22 51 25 36 19 31
41 26 33 20 21 19 29 37 28 36 28 25 40 9 21 36 22 25 27 41
62 29 58 47 62 61 67 60 25 65 23 58 67 24 39 62 50 33 47 48
3 1 6 3 11 3 14 8 4 16 4 4 7 1 6 10 1 5 1 13
30 10 15 7 25 27 24 9 3 23 10 30 29 15 13 25 8 29 18 24
23 7 20 10 21 21 16 15 6 20 8 15 28 5 13 15 15 18 16 18
69 32 55 35 53 62 44 43 38 65 29 62 69 32 41 64 29 60 56 58
18 2 19 20 26 13 7 15 4 12 6 18 27 14 4 21 12 11 11 9
41 18 28 21 32 38 22 18 18 42 15 42 49 20 27 40 20 41 29 47
36 21 33 26 28 23 29 30 21 38 13 31 37 22 10 43 26 25 16 33
62 46 50 48 55 30 57 42 43 69 34 64 71 49 38 76 32 32 41 72
56 24 41 39 41 46 35 45 12 43 25 52 68 38 29 55 29 47 52 51
6 1 3 5 4 2 3 3 2 10 1 3 8 1 3 6 1 6 2 14
18 3 19 17 21 17 23 8 14 29 10 32 31 14 18 36 10 17 10 31
51 32 50 49 72 48 64 60 27 65 34 53 69 27 32 65 36 35 36 60
13 8 24 9 15 11 29 17 12 24 13 13 21 2 8 29 15 13 2 16
44 29 38 45 51 29 39 46 20 48 26 45 56 38 1 58 32 44 20 47
57 33 62 27 42 41 45 48 44 60 43 45 56 15 38 60 31 34 37 42
30 9 17 7 7 31 24 14 4 16 12 31 31 19 12 35 13 21 19 19
33 27 39 35 22 18 35 35 10 32 16 38 47 11 11 44 23 27 17 49
39 21 34 28 29 27 37 40 23 32 28 40 44 10 23 41 14 24 26 45
7 2 7 1 6 5 5 1 1 6 4 8 9 1 6 7 1 5 3 5
43 8 42 29 35 34 39 39 22 36 18 42 46 19 15 48 29 19 23 20
26 4 24 16 22 21 14 21 7 19 11 17 29 5 11 22 10 11 10 22
51 22 32 31 34 30 43 37 9 34 12 45 51 23 19 44 12 36 32 54
61 25 37 50 61 43 44 48 25 55 25 59 59 40 20 56 30 33 45 50
46 23 38 44 59 44 39 43 9 47 14 48 48 27 24 46 32 27 31 46
47 27 48 28 45 48 57 42 14 54 19 45 59 10 24 49 36 25 34 56
28 11 24 15 30 31 25 17 5 35 5 25 38 9 22 21 12 20 24 36
49 16 33 25 42 38 36 35 16 46 10 34 48 12 30 35 23 30 36 46
75 31 57 31 47 51 50 52 39 62 19 58 66 31 39 64 45 51 47 60
38 8 36 13 30 35 28 24 14 38 12 31 41 2 16 36 18 30 19 32
33 15 24 27 26 28 36 19 11 42 4 47 46 25 12 51 20 35 11 48
21 9 17 11 12 19 14 8 1 19 6 22 27 8 10 24 7 20 10 23
55 29 53 42 53 39 47 51 40 65 23 47 57 25 40 54 40 32 35 60
3 1 5 2 7 1 7 3 3 9 4 2 6 1 4 8 1 8 1 7
6 1 7 3 5 9 4 1 1 8 3 10 13 5 7 8 3 12 7 6
10 1 6 2 7 7 2 2 4 10 1 6 5 2 6 5 2 1 5 6
10 1 9 5 7 4 2 3 1 6 4 4 16 4 5 10 4 13 4 9
48 32 42 44 38 44 32 45 18 49 37 65 68 43 30 70 23 54 44 58
53 18 33 30 45 49 43 37 10 53 19 56 63 24 25 51 19 32 39 58
15 5 4 8 12 12 8 4 1 8 3 10 8 5 1 12 3 5 3 10
34 25 24 21 24 34 40 23 15 46 22 41 41 26 26 44 19 36 29 51
18 4 20 4 6 14 11 8 10 11 11 18 17 2 12 23 7 9 10 10
48 25 48 25 44 29 34 36 26 52 28 49 60 32 25 63 37 40 26 40
15 6 14 16 12 2 18 19 12 20 9 15 25 12 11 26 12 11 8 22
45 16 32 20 33 28 23 26 10 34 5 37 33 11 10 27 23 28 14 29
57 40 51 31 40 47 45 42 12 61 23 57 71 26 39 54 31 36 49 73
5 1 7 6 6 9 6 2 3 5 3 8 10 5 3 13 4 4 1 8
43 29 40 27 27 35 39 37 21 49 26 49 55 31 30 53 29 40 27 56
23 1 13 4 12 15 7 13 2 13 1 6 21 2 1 9 6 14 11 14
30 24 20 31 33 28 40 29 18 47 24 37 39 19 19 42 18 20 22 50
15 4 8 8 7 12 11 8 1 10 6 13 16 4 4 16 1 9 6 14
27 24 39 33 38 23 42 34 23 50 24 41 50 11 26 52 28 24 11 49
8 7 3 5 6 15 13 4 4 11 5 13 12 7 2 13 7 12 6 20
19 17 23 14 18 28 34 20 7 24 13 21 28 7 17 29 21 12 16 26
12 1 10 1 8 12 8 5 7 7 5 11 9 4 3 16 3 7 4 8
16 3 21 13 22 13 18 17 12 27 10 19 35 11 6 31 11 20 10 21
53 20 43 37 49 39 46 41 25 50 25 56 56 35 24 64 41 43 28 39
51 22 35 30 41 40 33 40 28 47 25 36 45 16 24 45 22 38 39 43
21 3 16 15 22 15 17 12 3 21 6 16 25 6 12 20 4 7 7 23
44 10 31 27 29 17 26 30 8 23 7 40 42 18 6 42 20 18 13 24
60 31 56 62 43 26 51 58 16 47 11 59 66 35 24 59 34 35 34 53
1 1 2 7 2 2 5 1 1 8 1 3 8 1 1 6 1 1 1 5
5 1 1 1 2 1 1 1 1 8 1 4 5 1 6 1 1 6 4 11
33 14 37 20 35 36 37 30 7 40 16 33 51 3 29 34 13 27 25 45
1 1 2 2 5 1 3 1 1 6 2 1 5 1 1 7 1 6 1 6
47 36 45 32 32 43 48 40 27 51 36 53 61 28 33 65 31 44 31 52
25 2 23 6 11 24 27 15 1 28 2 25 35 10 13 27 16 19 18 28
14 4 6 10 13 14 13 8 4 15 5 11 16 8 7 15 1 9 5 15
8 1 1 1 3 6 5 1 1 5 1 5 12 5 3 5 1 11 6 9
24 2 20 6 28 21 23 12 4 32 1 16 23 1 10 21 14 11 11 26
32 18 31 23 25 30 29 30 23 32 26 38 41 14 22 42 11 22 22 37
51 31 41 34 53 48 39 23 24 56 23 54 57 34 28 56 35 23 36 55
10 1 7 1 10 2 3 2 1 7 4 1 8 1 6 2 1 6 3 2
42 23 28 30 42 29 43 38 20 47 27 41 50 13 24 47 9 30 27 51
50 16 32 27 41 48 47 37 14 45 18 46 47 19 24 44 23 26 26 46
45 24 27 30 34 29 24 27 15 37 21 43 43 28 16 48 23 32 25 39
24 4 19 11 30 21 30 16 1 29 1 21 24 2 8 24 9 12 7 26
6 1 3 3 9 15 16 6 2 13 3 10 16 8 11 11 1 10 10 14
47 14 35 18 34 42 37 37 25 39 14 29 45 22 26 41 28 38 36 35
21 5 15 12 9 12 13 15 6 8 6 14 23 7 6 20 4 8 10 17
6 3 7 6 1 5 2 4 2 3 7 7 14 4 6 9 4 8 5 10
16 2 8 2 11 8 5 2 7 16 3 13 8 4 8 13 1 6 6 15
33 20 24 23 35 25 32 18 18 47 14 40 42 18 25 40 21 34 18 52
38 27 38 29 46 38 32 36 16 55 22 39 49 13 34 38 11 34 32 49
56 42 39 47 52 36 57 51 29 61 34 58 74 36 36 66 30 50 45 73
27 13 30 21 20 21 25 24 14 31 16 34 41 17 13 43 13 25 11 30
26 2 14 7 16 13 14 11 9 24 8 17 28 12 16 20 1 16 18 22
52 32 61 48 58 41 47 47 42 65 37 65 76 43 38 73 46 53 39 63
18 1 6 9 11 2 9 14 3 6 4 8 12 2 1 13 1 7 4 14
52 28 23 38 49 28 41 33 23 57 17 47 47 32 19 50 27 42 24 63
15 7 15 14 5 11 12 11 4 16 9 18 30 14 10 23 8 23 12 21
6 1 2 5 4 4 3 3 4 7 3 4 8 3 5 7 1 2 2 6
39 18 40 23 40 42 54 35 18 51 13 33 52 8 19 47 36 26 24 46
35 6 19 24 41 22 41 32 25 45 13 35 24 8 26 31 11 12 16 42
20 15 9 21 19 28 27 9 1 25 7 28 23 14 4 27 17 16 10 28
17 9 8 13 24 13 17 7 6 23 4 17 15 1 8 16 10 16 3 27
12 11 12 8 20 12 22 14 9 24 11 9 18 4 11 14 14 15 7 27
22 3 16 4 14 15 9 6 2 11 5 12 16 3 7 18 7 7 5 8
21 7 19 9 20 11 12 12 3 20 1 13 18 6 8 17 12 13 3 16
43 20 44 15 29 36 31 32 27 46 28 42 43 14 30 45 21 18 33 39
48 15 24 16 33 30 30 26 17 31 15 35 33 16 16 35 19 15 26 33
48 16 28 34 54 39 51 38 33 56 18 44 47 27 42 36 28 31 37 51
45 25 31 23 34 25 50 38 19 43 16 36 56 23 24 53 13 32 28 48
47 16 39 17 26 35 33 33 22 33 17 31 46 10 17 44 30 24 28 27
17 9 26 18 22 9 15 23 13 16 19 18 32 15 9 32 17 16 11 9
48 15 38 46 50 26 35 42 28 49 14 55 51 38 23 53 30 39 27 48
11 4 4 9 14 11 9 3 3 10 4 9 13 9 6 14 3 6 1 11
32 12 31 25 29 20 13 24 16 32 8 33 40 26 9 42 25 28 17 31
11 2 9 12 15 7 11 8 1 14 3 9 12 1 3 11 4 6 1 17
57 46 54 36 45 38 50 45 38 69 37 56 71 40 48 64 34 41 44 70
37 22 22 20 30 37 33 29 8 38 23 35 54 27 26 43 11 36 33 39
21 19 26 21 27 21 24 25 17 33 21 26 38 10 32 32 8 22 25 31
56 29 44 36 40 25 42 45 22 47 20 53 53 17 34 50 19 23 29 61
60 26 51 29 53 50 61 50 22 67 22 51 59 17 33 58 30 24 46 64
59 31 59 33 43 50 52 57 22 58 27 56 68 22 37 63 30 37 40 58
39 27 34 38 29 21 46 43 16 35 22 38 50 20 22 51 14 20 24 45
19 10 14 19 23 23 21 7 8 31 6 27 21 10 12 26 12 15 9 36
49 37 46 39 30 29 55 53 29 46 30 43 59 24 25 61 25 36 20 53
15 1 11 5 7 9 5 2 3 6 4 12 11 2 8 10 4 5 6 4
42 26 29 23 40 27 34 27 21 51 15 40 37 21 18 43 22 25 17 51
36 20 30 39 39 35 41 38 9 44 12 39 47 12 30 35 19 23 22 45
23 2 14 4 9 16 12 14 9 13 9 18 23 8 11 16 6 13 19 22
22 5 19 17 9 12 18 17 4 12 7 18 27 6 6 23 5 9 13 23
37 14 20 23 39 33 28 23 5 39 10 34 46 22 19 31 10 24 29 35
17 7 16 5 16 12 9 13 13 21 14 12 16 3 15 16 7 12 14 19
11 1 16 6 10 14 16 8 4 16 5 16 19 4 6 20 7 15 5 13
25 11 18 11 28 26 24 14 12 26 12 21 27 13 7 31 12 25 10 23
4 1 3 7 6 4 8 3 4 12 4 6 9 2 7 9 1 3 3 8
13 1 10 14 14 13 14 9 5 15 4 19 23 13 13 19 8 9 9 16
49 32 47 31 34 49 44 33 16 56 21 57 54 26 22 62 35 20 29 57
45 23 35 26 34 38 30 33 17 44 24 50 59 32 39 53 15 37 41 52
10 2 6 2 10 15 7 2 2 10 4 11 10 5 6 10 4 10 6 13
59 45 56 30 44 43 51 55 33 56 35 50 66 25 37 59 29 51 39 58
51 27 42 44 59 49 67 51 28 63 34 64 67 34 26 74 39 46 30 52
12 2 7 4 9 1 3 2 6 14 6 10 13 6 14 12 1 10 9 14
13 2 8 8 7 7 14 11 9 13 7 11 10 5 6 16 6 6 6 15
9 1 8 5 7 9 8 1 1 9 1 9 9 2 4 14 4 4 1 8
37 30 41 24 22 31 34 35 31 44 32 38 45 10 25 50 26 28 18 45
31 19 35 18 23 20 27 20 26 41 20 38 42 23 19 51 20 24 16 35
14 7 8 6 11 13 7 4 1 10 5 10 14 6 7 11 1 12 8 11
58 19 51 45 44 50 55 50 26 53 22 64 60 28 35 62 38 30 31 48
19 11 17 9 14 15 7 13 13 12 17 19 17 1 16 18 5 12 14 16
51 19 47 31 37 54 54 41 18 55 11 46 60 26 23 60 43 33 35 47
24 4 12 7 6 10 8 13 6 11 3 17 23 10 9 16 6 14 15 21
6 1 8 5 8 10 5 3 3 8 4 6 12 5 5 9 3 11 4 7
27 7 17 11 26 20 24 12 14 23 15 27 21 5 16 25 11 22 12 26
41 16 42 33 39 24 27 36 23 40 23 44 52 25 19 51 25 21 28 48
57 33 45 41 64 39 42 44 39 67 37 64 74 35 51 66 21 41 40 71
9 1 5 2 7 9 7 4 5 14 3 10 16 8 7 15 1 17 7 15
45 23 33 35 47 39 30 25 19 53 18 45 52 30 24 50 23 28 32 45
28 15 25 18 33 27 29 21 1 33 9 23 34 5 20 26 10 17 17 31
42 27 35 36 43 26 43 41 26 54 22 48 56 31 23 57 21 31 20 55
1 1 1 1 1 4 1 1 1 1 3 4 8 1 2 5 1 4 2 4
27 16 15 14 23 16 18 16 11 32 7 27 26 20 12 28 10 25 13 29
41 9 26 9 17 33 21 18 9 25 5 31 30 13 9 31 23 18 18 29
16 11 8 11 15 17 18 10 11 23 13 22 21 17 10 29 7 12 14 22
35 3 20 23 26 24 28 24 11 31 5 31 30 16 19 28 11 22 18 22
2 1 1 1 5 3 5 1 1 6 4 1 7 1 1 5 1 9 1 10
27 4 21 4 11 18 16 13 7 12 10 20 19 1 8 24 13 12 9 10
38 16 30 19 25 42 45 27 9 43 14 45 43 24 17 50 25 29 24 46
26 8 28 24 30 27 27 23 7 26 12 30 38 6 17 32 16 8 9 27
16 9 11 10 31 22 26 13 4 36 1 19 25 6 16 14 3 18 11 39
38 15 41 32 36 19 32 38 20 40 14 36 43 15 8 46 26 22 9 24
5 1 3 1 4 9 4 1 1 5 1 5 7 1 1 8 1 5 1 6
34 22 30 12 10 18 24 27 21 33 19 34 38 22 18 41 23 34 20 36
23 13 18 17 25 16 24 17 14 35 13 25 30 4 23 26 9 23 15 42
11 8 3 7 7 14 6 2 1 9 5 15 15 6 4 11 4 13 8 18
24 16 25 20 38 20 37 31 22 46 20 29 34 4 32 31 9 18 19 42
20 7 15 16 21 18 15 10 4 20 7 18 27 12 8 23 1 17 9 16
16 7 18 14 21 16 22 17 9 26 15 15 28 10 14 19 8 19 13 21
31 13 35 23 25 31 35 28 17 30 17 32 44 21 7 48 32 24 18 24
29 13 30 21 19 13 29 32 16 31 16 23 33 9 14 36 16 17 13 30
36 18 32 13 20 22 22 31 23 35 23 26 36 8 19 35 13 22 23 31
11 1 5 6 9 10 7 5 6 12 3 10 12 6 4 15 2 1 6 9
51 13 37 31 48 30 35 36 19 55 9 38 49 19 29 42 21 32 29 43
14 10 12 16 20 8 15 17 13 23 14 19 24 6 21 20 4 13 14 25
8 1 7 7 5 9 3 1 6 8 3 12 11 8 6 14 3 6 5 12
14 8 10 5 11 10 9 5 4 10 9 12 16 5 10 12 1 12 9 10
55 35 51 43 56 45 51 54 37 59 41 49 60 16 35 57 30 38 22 51
22 5 29 15 14 19 25 19 13 27 11 23 29 8 10 36 16 11 7 17
76 28 63 43 49 48 53 60 36 62 24 67 75 39 25 76 48 48 41 49
17 6 22 7 7 11 16 11 5 11 10 17 20 1 11 19 10 11 8 11
19 6 18 10 17 16 19 13 8 16 10 16 12 4 4 23 8 9 1 16
24 2 17 13 14 19 16 13 10 16 9 26 23 11 9 27 10 8 12 17
17 6 16 9 4 13 19 17 10 8 12 13 20 6 6 20 10 11 12 12
56 29 53 40 57 56 62 44 28 76 15 56 71 31 39 62 45 50 34 69
50 32 38 26 29 24 41 40 22 44 21 41 60 26 30 55 23 23 34 52
12 15 20 8 7 16 17 8 17 21 13 22 15 9 9 27 18 7 9 23
25 12 28 13 30 20 25 24 16 35 17 23 31 8 29 26 7 9 23 28
48 36 56 37 50 50 64 53 25 63 32 51 51 1 34 54 39 19 26 50
27 11 20 19 17 14 28 22 7 19 7 27 21 4 9 28 10 6 11 34
12 5 10 9 11 15 7 4 5 17 7 19 19 9 11 15 2 17 12 20
40 18 38 14 14 30 44 39 11 38 20 39 59 25 23 52 30 30 30 37
12 4 4 10 12 10 12 8 1 14 2 11 11 3 3 12 1 5 4 15
21 14 27 31 39 19 26 30 9 32 19 29 36 18 12 37 22 16 12 32
39 35 46 32 42 30 64 48 31 56 33 41 57 9 37 51 33 29 29 60
23 13 19 14 17 15 18 17 10 19 15 18 28 7 15 28 5 17 11 17
12 4 11 3 6 4 1 5 3 11 6 10 15 1 9 10 2 15 7 12
32 25 27 14 17 23 26 16 28 35 28 37 43 27 25 46 13 20 29 38
6 1 3 3 9 3 6 4 8 12 4 6 7 5 7 11 1 6 3 12
6 1 8 4 6 7 5 1 1 7 1 7 11 2 5 11 2 6 1 6
8 1 6 5 7 12 3 3 1 6 3 6 15 5 5 5 5 6 8 9
31 13 25 28 31 31 26 23 7 38 14 42 47 32 23 42 22 26 28 43
51 18 36 39 58 39 44 38 23 57 6 39 57 20 33 41 33 40 29 44
12 6 14 6 12 5 7 7 1 17 7 9 18 3 11 11 5 19 7 12
57 25 42 30 40 34 36 31 33 48 26 54 52 37 28 60 29 26 31 44
52 22 48 25 34 45 31 28 21 51 11 51 57 34 26 57 39 26 37 42
65 33 51 33 51 53 39 37 41 58 26 53 54 30 41 55 36 43 48 58
19 1 15 16 19 17 12 12 7 16 2 8 23 5 7 16 10 8 12 6
10 1 1 4 3 7 5 5 2 6 1 7 10 3 3 4 2 6 6 17
38 18 31 22 36 21 32 30 19 40 19 22 43 13 13 39 21 32 17 23
40 20 44 29 36 27 33 39 13 37 15 38 58 24 21 44 27 34 25 37
62 29 52 41 62 41 55 48 30 71 19 62 66 32 33 61 35 39 30 57
4 1 5 5 3 4 5 1 1 5 1 7 2 1 1 9 4 1 1 10
15 1 6 3 12 4 6 5 6 11 4 9 9 4 13 7 1 5 8 11
5 4 7 8 12 8 14 7 3 15 7 7 16 4 15 9 3 7 9 10
28 7 14 19 22 12 20 19 8 28 7 28 25 13 5 36 4 17 7 31
30 17 19 15 24 23 21 13 17 32 20 33 36 25 21 35 6 18 26 34
60 32 58 23 36 48 59 52 31 68 32 50 74 33 41 68 42 44 45 51
31 9 14 17 19 15 21 18 5 18 9 27 27 10 11 24 6 13 17 29
45 12 26 25 30 34 22 32 15 35 17 42 51 26 24 42 13 32 37 37
52 37 59 40 52 40 49 41 46 71 27 51 55 31 34 63 45 31 32 59
15 4 16 8 15 14 19 8 5 16 8 18 19 7 5 28 10 5 2 9
7 4 15 10 11 8 17 12 9 16 13 14 17 1 14 16 4 8 7 16
25 4 16 7 9 8 9 12 11 19 7 16 15 7 7 24 7 9 8 25
38 30 53 41 49 45 57 49 39 68 23 38 51 15 39 53 41 26 32 56
50 19 24 19 30 27 29 25 17 35 20 49 52 33 35 45 7 25 38 45
37 15 36 29 30 33 36 31 13 39 13 42 46 14 15 44 28 28 15 45
43 33 46 24 41 48 47 28 25 58 28 50 45 22 33 50 40 9 35 57
8 1 9 7 10 12 6 1 1 8 5 8 15 6 8 9 3 7 6 5
25 9 21 12 26 19 17 14 6 31 9 20 29 6 17 20 5 20 13 25
16 1 8 15 16 3 12 12 6 13 4 14 19 9 8 20 1 4 3 14
42 34 47 37 43 49 44 36 16 53 28 55 55 11 26 51 31 37 22 61
12 1 8 9 9 8 7 7 1 8 1 6 9 3 1 8 3 3 3 7
41 20 40 22 28 27 28 29 16 36 16 31 43 10 9 45 26 31 17 31
17 11 14 11 3 7 11 11 13 15 13 17 18 6 15 19 11 12 13 22
33 11 31 15 21 27 16 16 18 29 19 37 37 13 22 40 5 22 23 30
9 3 12 4 8 4 13 10 9 15 8 8 10 1 7 15 5 8 3 10
41 9 28 14 16 39 27 18 5 32 3 33 41 18 12 39 24 25 24 29
55 36 42 37 50 30 33 26 38 61 29 58 65 41 43 60 28 44 36 67
18 4 4 7 11 13 12 12 7 10 8 12 17 11 9 14 7 14 12 19
55 20 37 24 46 44 47 40 26 49 24 50 59 18 39 45 20 41 41 53
52 39 48 49 42 49 45 43 27 60 35 70 64 30 39 62 33 37 34 65
61 45 57 38 25 27 52 51 31 52 28 62 65 29 24 72 34 40 34 66
36 15 34 24 29 39 35 28 26 40 25 48 50 17 31 50 11 36 27 49
42 29 34 39 55 46 51 38 20 64 25 53 52 16 37 45 21 22 29 66
8 1 4 8 5 9 7 6 7 8 6 10 17 11 5 14 2 12 7 12
15 5 6 6 8 8 6 4 3 11 1 12 9 2 2 13 5 7 3 19
65 24 54 42 47 59 47 51 33 55 24 56 71 24 37 63 26 49 48 56
15 3 12 10 14 14 12 9 7 16 9 17 15 3 11 16 3 7 7 19
34 16 16 21 32 33 33 18 7 32 14 34 33 21 9 34 17 28 20 34
19 4 10 8 12 4 18 14 12 17 9 16 18 6 14 19 1 1 14 22
57 36 47 44 44 54 40 40 10 49 32 66 70 39 30 69 38 49 41 58
24 13 18 10 16 16 10 5 9 26 8 26 23 12 14 23 13 17 15 33
51 16 24 11 30 36 34 30 12 34 17 38 39 23 30 28 15 32 32 35
14 4 13 7 12 13 11 3 7 19 4 15 13 6 13 13 9 10 8 20
37 16 36 18 24 33 32 28 13 38 19 33 49 19 24 41 24 36 26 36
46 24 23 38 32 29 41 38 3 28 17 49 55 42 18 52 13 33 39 46
65 37 50 51 58 58 47 44 25 65 25 65 66 30 25 66 46 46 41 56
7 1 6 4 7 4 5 1 1 4 3 4 10 1 6 7 2 3 2 6
13 5 12 5 9 17 9 5 4 10 9 18 20 9 11 16 5 18 13 15
10 2 8 4 9 5 7 4 5 12 4 4 12 1 10 8 5 5 5 12
64 33 56 28 42 52 44 45 28 58 26 60 69 29 44 54 16 27 60 64
30 6 19 10 13 24 13 15 2 23 9 28 38 20 13 32 11 24 18 24
21 5 11 14 12 8 9 13 3 14 6 14 25 3 13 13 1 7 15 16
28 1 21 20 19 23 19 20 6 21 7 22 42 15 9 27 7 21 20 22
49 15 30 22 25 36 34 30 17 35 19 44 51 27 21 48 13 27 37 41
9 1 4 1 6 10 6 1 1 4 1 7 4 1 1 9 1 2 1 3
10 1 6 2 9 5 6 5 1 7 2 1 9 1 6 4 1 2 3 4
56 27 37 36 50 46 47 41 30 55 24 49 43 22 24 51 30 19 35 51
36 22 25 29 9 15 33 28 8 19 13 41 45 27 25 40 9 25 33 41
55 39 50 38 45 49 58 47 41 59 41 59 66 21 37 68 37 47 32 67
9 1 7 8 10 3 10 7 6 11 7 10 14 3 8 14 1 5 4 9
37 23 36 34 37 34 43 40 15 39 19 39 40 2 29 36 20 14 24 40
57 24 35 40 48 29 40 48 16 50 15 46 55 19 23 39 17 31 27 49
12 7 17 6 7 15 12 10 8 8 9 9 12 2 3 16 16 4 4 9
43 23 24 25 37 35 42 37 13 38 21 35 44 17 22 38 13 24 28 32
66 35 38 34 40 46 39 37 27 53 30 69 57 47 35 65 30 41 44 56
26 13 12 24 35 31 43 20 8 46 7 38 41 15 18 37 10 22 18 58
61 28 42 23 25 44 52 45 20 47 24 55 58 28 25 58 25 33 50 51
18 4 13 15 10 14 17 14 8 20 4 24 15 4 11 19 9 4 11 32
46 16 32 30 37 38 51 39 23 53 11 51 37 26 28 47 34 16 30 46
30 7 27 11 28 23 21 20 9 22 14 22 33 8 15 26 16 23 14 20
5 4 6 9 10 6 11 6 5 15 5 8 5 1 6 9 6 6 1 17
29 11 34 22 28 30 31 29 10 35 11 24 49 14 22 33 16 26 26 27
41 15 12 21 30 28 24 21 12 36 14 37 38 27 16 35 6 23 30 43
6 4 11 4 16 8 23 8 13 24 11 12 14 3 14 17 9 15 5 16
23 12 27 11 16 19 28 23 16 25 17 14 21 5 6 30 21 8 6 13
7 2 12 2 3 2 9 9 7 10 8 3 10 1 2 16 6 8 1 7
14 5 8 6 5 19 7 1 3 15 1 22 14 8 9 16 9 10 11 24
27 1 12 9 14 16 16 13 2 11 3 19 22 9 2 26 5 14 5 14
52 26 51 35 36 41 26 45 13 41 31 55 60 38 24 63 42 39 38 44
55 27 55 35 53 45 54 44 29 69 18 52 68 27 35 67 36 41 38 53
50 21 42 32 49 44 51 38 39 55 27 45 49 20 32 48 41 41 34 44
8 1 11 5 11 6 8 6 3 15 3 5 16 3 5 15 3 13 1 11
23 19 23 10 24 12 29 23 22 37 22 22 32 11 24 36 16 17 13 33
5 1 2 3 5 3 6 2 1 5 1 1 1 1 1 6 1 1 1 4
39 25 44 27 40 30 40 42 27 54 17 27 53 16 31 38 33 40 33 45
59 20 43 29 53 49 54 36 23 62 15 53 56 28 31 53 36 35 32 50
33 5 27 16 38 30 38 24 19 43 12 22 45 10 22 36 21 34 22 35
67 50 53 57 50 42 48 53 28 55 30 65 76 41 31 65 25 51 41 70
7 1 4 4 4 7 2 1 1 5 1 6 10 4 1 9 1 7 1 6
21 21 25 19 26 32 40 17 14 38 16 33 30 13 12 37 24 23 14 39
25 19 29 27 25 14 22 27 11 25 13 26 41 19 14 35 25 21 11 29
22 7 16 11 16 22 15 10 5 19 10 24 25 9 13 20 6 24 16 28
11 1 9 6 3 7 5 1 2 5 1 7 8 2 3 10 3 2 1 6
56 24 44 48 59 42 31 49 24 54 29 57 63 28 33 51 22 38 41 55
54 15 40 31 37 36 39 43 21 45 17 48 54 25 28 48 25 32 30 36
20 3 14 11 10 13 13 14 4 14 5 13 22 6 4 20 7 17 8 22
6 1 4 5 4 5 7 3 1 7 3 2 15 4 4 11 1 9 2 2
7 1 3 1 9 7 5 2 4 10 3 7 8 2 5 7 1 8 3 8
26 17 27 13 23 14 25 22 17 39 15 20 31 6 11 31 22 25 10 31
52 41 57 46 50 34 32 46 32 58 37 63 69 46 27 70 41 45 36 63
9 1 13 8 4 4 8 6 1 11 1 8 10 1 1 15 5 8 1 7
45 23 43 32 37 30 49 51 23 48 25 38 51 10 33 43 21 21 27 40
26 21 36 33 38 29 43 38 16 41 24 40 49 16 30 48 19 17 25 42
9 4 13 1 7 9 14 8 9 10 9 11 6 1 5 14 10 7 1 10
59 37 48 27 48 34 47 49 38 65 31 46 62 23 35 60 29 48 33 58
38 12 33 35 49 30 40 38 21 42 16 41 50 28 31 40 25 35 30 37
72 45 67 49 50 40 45 56 45 61 38 68 75 37 33 79 35 35 44 67
56 31 47 35 30 46 47 44 16 47 26 65 69 40 20 71 34 44 34 50
59 30 45 47 51 48 58 51 21 56 19 57 58 22 12 60 36 39 27 60
48 25 46 21 32 29 37 40 22 45 21 42 46 14 21 49 24 37 22 42
46 19 30 25 34 42 40 30 10 36 18 44 48 18 24 44 18 28 27 39
47 33 40 21 34 34 44 40 25 51 21 33 51 21 17 50 39 42 16 42
62 28 59 42 46 35 51 60 40 60 20 42 51 15 25 51 49 41 29 42
67 40 44 51 53 49 50 31 27 62 24 75 67 46 33 69 37 28 39 68
10 3 7 3 2 10 2 3 1 4 6 10 14 4 7 8 4 11 8 12
23 15 29 14 19 24 22 21 22 29 23 30 30 6 20 35 10 15 14 31
27 13 14 14 14 14 11 13 4 20 4 20 26 14 5 20 11 24 9 28
19 11 14 8 25 21 24 15 8 27 9 18 16 7 14 21 10 14 11 30
68 32 53 27 38 36 46 39 34 56 25 65 72 39 28 72 36 40 40 65
44 16 27 10 26 29 38 30 18 45 20 38 48 22 25 42 15 32 34 50
5 1 7 10 6 9 10 6 9 15 7 12 14 9 11 14 4 9 9 12
10 2 1 3 7 9 4 1 4 15 1 13 9 8 5 12 1 10 7 19
43 17 29 24 40 39 38 31 3 38 6 30 41 8 14 35 26 16 24 29
30 12 35 21 20 25 16 29 15 23 19 25 40 7 13 34 12 23 18 19
6 1 6 7 5 2 4 1 1 7 4 3 14 3 5 6 1 9 4 8
25 7 14 7 13 5 4 14 6 16 8 15 18 5 11 14 6 18 10 21
25 13 28 19 24 16 22 27 16 32 15 23 23 6 13 31 17 15 5 34
35 19 30 18 18 42 32 18 10 29 15 38 41 21 14 45 29 23 21 33
53 39 58 43 51 48 52 51 33 54 34 57 68 25 42 62 31 41 34 55
45 18 32 27 35 43 39 39 7 33 16 46 53 32 10 51 34 24 36 36
13 6 15 10 12 12 12 12 8 18 9 14 23 10 11 22 9 18 7 16
58 38 59 47 54 57 55 61 20 64 34 67 79 33 37 75 35 43 44 65
49 13 29 29 45 45 42 38 19 46 18 43 42 14 21 36 19 30 30 44
35 14 28 18 33 21 28 31 25 36 21 31 42 18 23 36 16 17 24 19
67 27 64 58 63 56 43 51 32 66 23 76 70 40 39 70 47 45 49 57
28 16 28 25 30 23 28 27 13 35 18 25 38 7 12 36 17 15 10 31
15 10 10 10 10 16 6 5 5 18 6 21 18 3 11 12 3 16 12 28
17 8 10 13 11 14 11 10 6 9 7 15 13 5 7 16 13 4 6 19
57 34 44 33 48 31 38 41 33 55 35 54 62 28 31 64 16 33 39 55
16 9 8 6 15 15 21 15 9 17 10 12 18 8 8 19 6 10 9 17
19 13 24 11 26 9 28 24 10 34 13 15 29 5 15 24 12 21 9 26
27 3 10 9 19 12 10 13 8 16 5 15 11 4 10 12 3 6 8 14
23 7 16 11 17 7 6 13 4 16 6 9 22 7 6 15 8 21 5 15
29 6 23 11 17 17 10 11 13 23 8 21 24 14 11 26 10 11 14 18
58 24 29 27 44 46 51 43 18 56 22 50 47 27 44 43 19 35 45 48
55 27 45 25 38 36 38 38 39 49 30 44 53 26 33 58 29 26 41 40
40 15 39 32 28 27 35 36 13 34 8 34 48 11 9 45 24 20 14 38
49 24 48 33 30 35 31 44 17 37 30 49 56 32 17 63 38 34 33 40
6 1 5 1 7 9 5 1 1 8 1 5 4 1 1 7 1 2 1 7
60 37 40 48 48 43 49 50 21 53 29 56 71 35 15 59 32 51 39 68
26 4 20 11 16 15 15 12 5 20 7 17 27 6 13 19 12 13 12 22
8 1 3 4 11 7 10 2 1 12 2 4 10 1 7 7 1 6 1 9
22 3 13 17 21 11 22 21 11 23 9 22 16 7 7 23 6 10 8 27
71 37 45 33 47 58 72 61 23 60 31 57 67 30 25 60 39 33 50 52
19 9 13 4 13 9 14 8 15 18 15 18 11 6 17 22 5 3 12 16
20 7 10 8 12 16 13 9 1 14 2 15 18 7 3 18 7 14 7 18
22 9 14 8 16 20 15 11 6 17 8 19 21 9 6 22 13 22 10 27
13 5 15 6 10 9 8 8 1 13 6 9 18 4 12 12 7 13 6 8
14 1 2 1 7 6 1 1 5 8 1 11 9 8 7 6 1 3 9 12
44 23 44 12 23 46 51 38 17 45 26 48 51 25 31 53 32 27 34 39
5 2 6 5 5 7 9 7 7 9 7 6 6 2 3 11 4 8 1 11
20 4 13 8 7 21 17 4 8 19 4 26 18 12 4 30 12 13 9 25
32 7 26 11 25 22 21 20 17 33 11 18 30 6 20 26 13 23 20 22
12 7 18 17 17 13 16 13 7 23 11 20 28 7 21 19 3 12 13 20
17 2 18 6 11 16 11 13 12 16 9 11 22 6 9 17 9 12 14 10
62 32 52 40 40 52 56 49 25 53 13 54 67 32 27 65 45 51 43 64
23 14 16 10 11 14 23 23 10 16 13 17 27 8 2 28 7 18 14 23
20 7 17 11 21 21 5 8 6 19 8 22 34 9 12 22 2 25 15 20
23 5 20 16 23 27 24 12 1 24 4 24 30 11 7 28 10 9 8 18
6 1 5 8 8 8 9 5 3 11 4 2 11 4 4 8 2 6 2 5
15 4 10 8 15 22 24 6 2 20 3 22 21 11 11 22 6 14 10 21
15 1 9 9 6 11 7 5 5 15 2 17 22 14 9 19 3 17 11 20
47 16 36 20 34 32 26 22 12 45 9 46 41 17 21 38 22 20 22 39
9 6 6 5 10 8 13 9 10 12 10 8 6 1 7 14 6 5 1 8
6 2 8 4 3 9 9 6 8 6 9 7 16 7 7 13 5 9 8 11
21 8 11 12 17 12 15 7 8 24 8 23 26 13 18 23 1 15 14 21
30 9 14 10 24 23 17 10 8 32 8 27 28 13 13 24 6 22 19 30
18 5 13 7 16 23 21 8 1 20 3 18 16 3 1 22 14 10 6 19
5 1 3 3 5 2 10 4 3 8 4 1 5 1 5 5 1 3 1 6
18 1 10 1 8 19 18 6 5 17 4 20 20 8 7 24 5 23 8 23
26 19 23 15 20 19 30 22 19 39 17 24 24 6 13 33 24 9 15 36
18 11 15 7 18 15 20 14 16 31 13 14 18 9 12 23 9 13 12 21
9 1 7 2 9 7 8 4 2 10 3 2 11 1 6 9 3 8 1 9
19 9 8 17 16 19 18 9 8 23 5 26 18 12 16 15 11 15 15 25
16 6 21 16 21 24 26 15 10 27 11 24 23 10 7 31 12 12 4 25
19 7 15 7 30 21 18 12 8 33 9 19 30 2 20 16 2 22 14 28
36 29 27 25 39 30 39 28 25 57 24 43 45 27 18 51 24 36 23 54
66 32 42 35 28 43 43 44 18 43 21 56 60 28 23 57 27 31 51 56
39 8 22 19 37 35 35 19 7 38 6 37 36 9 14 30 16 26 15 37
29 10 10 15 21 22 28 20 9 26 12 30 34 19 15 32 6 20 24 36
47 28 35 41 43 29 27 42 16 43 29 50 54 38 14 55 31 41 32 45
16 2 11 10 21 16 14 9 7 22 3 16 20 11 15 18 6 6 10 15
9 1 5 1 7 3 1 1 4 9 2 6 10 3 8 5 1 9 6 9
5 2 14 17 9 14 18 12 11 15 10 21 16 5 7 27 8 2 1 19
54 28 46 25 46 38 42 40 30 60 36 54 64 40 36 61 28 39 41 51
9 1 6 1 7 7 3 6 3 4 5 2 6 1 2 5 5 1 3 8
36 34 37 30 25 35 40 37 26 43 34 43 57 19 29 52 27 34 28 48
43 21 47 39 46 35 35 46 13 46 18 36 63 9 34 43 21 26 32 39
13 6 19 23 15 18 18 15 9 24 9 25 33 15 10 30 10 19 8 28
14 1 16 11 11 13 10 11 3 13 8 12 19 2 7 16 4 5 6 15
58 41 53 36 41 41 60 47 30 64 28 59 67 26 35 70 39 38 28 59
32 11 20 15 22 17 23 20 19 26 16 29 20 10 20 27 9 14 16 20
49 21 41 26 20 23 36 39 18 27 13 37 46 21 4 49 27 24 17 35
34 22 36 38 35 23 40 44 25 35 31 44 50 20 20 50 28 23 21 42
42 23 43 30 32 42 45 35 1 51 7 52 61 30 24 54 37 34 31 54
53 21 43 33 52 40 45 43 44 62 26 46 56 21 44 54 26 39 44 59
13 2 10 11 11 6 15 13 1 13 3 12 14 1 4 11 1 6 7 20
55 38 38 28 56 48 61 38 36 72 30 48 57 26 32 59 40 35 42 66
21 9 17 23 39 16 24 14 11 32 13 28 38 23 16 36 16 31 13 31
3 1 3 1 6 7 1 1 1 6 1 1 8 1 1 2 1 6 1 3
37 36 46 44 50 48 52 44 16 60 31 53 65 30 33 61 42 44 35 64
16 1 15 5 12 17 13 13 8 19 4 13 15 2 3 17 5 7 6 14
10 1 5 4 9 8 5 4 6 13 4 9 1 3 5 8 1 8 4 14
9 1 10 3 4 7 4 5 4 5 6 8 15 4 7 10 4 11 6 9
11 3 5 5 9 12 12 4 1 15 6 14 20 6 13 12 1 14 11 18
23 10 23 10 8 15 13 13 7 15 9 23 25 6 11 26 17 17 8 19
29 4 9 10 5 16 12 9 2 18 1 25 32 17 11 25 1 18 18 27
28 13 17 19 9 19 22 18 1 17 4 24 30 13 11 19 10 17 24 37
72 44 51 49 52 39 46 60 17 57 22 53 70 28 38 52 17 48 51 66
10 3 18 10 12 16 10 9 1 16 3 11 17 1 3 11 10 10 3 17
5 8 3 10 10 11 10 1 1 13 1 10 9 3 5 11 8 5 1 16
35 4 20 18 43 36 33 22 12 41 1 26 43 16 21 32 14 28 23 33
17 1 11 3 17 16 4 7 3 13 1 6 11 2 2 7 7 10 6 9
7 1 8 15 10 8 8 7 3 14 2 13 13 3 6 13 2 1 1 18
58 35 52 36 32 52 69 53 15 58 22 68 76 40 28 77 41 33 47 68
51 9 36 20 42 41 37 32 17 47 5 35 42 11 29 36 22 18 33 27
33 11 28 28 35 26 35 30 11 32 15 34 47 15 18 40 8 18 18 39
23 14 25 15 19 23 21 19 16 29 17 29 23 4 17 29 12 9 14 32
10 3 6 3 12 7 9 4 2 10 7 9 10 1 11 9 5 7 5 13
52 23 39 16 25 40 53 46 15 48 13 42 54 22 22 49 33 21 39 50
20 3 21 9 17 14 22 20 9 21 12 18 24 1 14 21 4 5 9 22
44 31 51 30 37 25 31 35 31 48 34 51 57 37 22 68 37 34 28 45
5 1 1 5 2 10 4 1 1 3 1 9 12 7 1 11 1 5 3 6
64 31 51 39 50 53 64 59 21 68 26 62 77 30 25 72 34 33 44 64
13 1 9 1 3 6 1 5 2 4 5 7 12 1 7 5 1 3 7 10
58 26 45 30 42 31 27 34 37 44 22 53 39 30 36 46 26 25 33 38
22 12 17 8 16 17 10 11 10 18 12 19 18 2 14 17 9 14 12 23
18 8 16 13 16 4 22 17 16 25 15 18 21 8 16 26 7 8 9 14
22 4 9 14 18 13 14 11 3 13 4 16 21 9 5 20 2 7 6 14
49 17 45 36 36 37 34 30 16 40 7 45 59 29 20 51 36 39 27 35
20 5 22 9 27 23 25 15 1 25 7 22 28 1 18 18 3 12 10 22
9 3 11 13 17 14 17 10 6 21 7 14 18 5 4 22 1 13 1 19
49 34 45 35 48 42 40 29 38 58 36 55 63 47 30 65 37 32 45 61
20 15 18 12 16 12 19 16 11 24 14 18 18 8 8 25 15 21 9 27
65 38 46 50 55 36 26 49 21 52 36 65 61 42 35 65 27 45 43 56
6 1 6 9 7 7 2 2 4 9 3 10 11 7 5 12 2 6 3 9
47 52 51 51 52 49 62 50 35 65 50 51 67 27 34 67 44 45 20 60
12 9 18 13 12 17 25 15 12 18 14 18 21 9 8 29 13 7 6 13
45 22 36 28 41 39 45 34 20 49 25 48 52 25 18 55 32 34 31 43
18 2 16 5 15 18 18 11 10 23 7 14 21 10 11 21 8 15 12 15
6 1 3 3 2 3 4 3 5 9 3 4 5 1 4 5 3 6 2 13
12 3 10 7 4 14 9 10 9 8 8 12 15 9 5 16 6 10 7 12
60 23 45 39 43 34 48 50 19 47 12 51 61 32 26 58 23 30 40 48
15 2 6 12 23 8 11 7 4 23 1 16 24 12 17 16 1 7 11 19
25 15 30 22 29 43 37 20 6 41 9 38 34 10 6 37 26 17 15 41
37 29 34 32 33 42 45 34 19 40 30 46 46 21 20 49 30 31 24 43
40 7 30 27 28 23 23 31 14 29 10 30 47 11 16 38 11 17 22 27
57 41 52 45 50 51 52 53 22 61 29 54 66 18 12 62 45 53 33 64
11 1 17 13 9 14 14 11 5 16 6 16 26 7 8 23 4 9 5 12
32 8 25 11 16 25 23 16 14 25 14 30 32 14 20 35 13 22 20 27
3 1 1 1 9 7 8 4 3 9 4 5 7 2 4 8 1 7 1 7
5 1 2 4 8 6 3 1 1 9 1 6 4 2 1 9 1 6 1 9
54 26 27 40 35 40 38 32 9 44 13 58 50 28 14 48 26 35 27 52
35 17 39 17 24 26 32 29 25 43 21 29 41 15 15 46 27 28 18 27
47 11 27 28 35 36 33 33 28 41 17 46 34 22 38 36 15 26 35 39
16 8 13 5 21 14 22 15 6 28 10 9 21 2 9 16 8 11 9 22
25 7 19 7 14 10 7 7 8 21 2 21 18 12 9 20 8 13 7 17
18 5 18 8 11 12 13 10 6 17 8 15 25 7 16 18 9 14 10 16
43 26 34 31 40 30 26 27 29 45 26 45 50 25 31 51 18 43 25 48
55 27 36 36 57 48 47 35 22 51 31 61 67 42 37 60 33 54 42 60
8 4 3 4 1 3 4 6 4 6 3 6 5 1 5 1 6 4 5 16
51 30 42 46 58 44 28 39 30 54 30 62 54 32 39 49 27 27 42 52
6 1 8 2 13 4 12 7 1 20 1 4 12 1 10 7 1 6 3 16
60 26 55 40 39 44 55 55 22 57 20 52 74 33 39 60 31 50 46 62
57 23 42 24 46 45 35 32 26 52 27 55 59 21 43 51 10 25 38 58
38 11 30 34 44 45 42 30 10 49 8 46 53 28 19 50 32 36 32 48
6 1 6 1 2 9 2 1 1 2 3 7 9 2 4 3 1 6 5 4
33 19 29 17 24 25 9 18 12 30 15 29 32 9 19 30 9 29 19 29
27 11 20 33 40 25 32 29 7 35 6 30 37 10 19 29 9 10 9 33
43 14 23 10 18 30 30 24 13 29 13 34 37 18 11 40 13 19 30 33
16 3 16 8 7 13 11 11 12 16 8 16 19 10 8 22 4 9 10 16
17 3 16 4 8 20 19 10 10 16 7 21 13 5 8 23 13 5 9 13
37 21 29 18 32 24 21 9 27 40 26 36 41 26 31 41 12 22 27 41
17 4 12 8 9 4 6 11 7 11 9 12 18 4 9 17 4 12 7 10
26 7 28 25 30 22 27 31 6 23 15 31 43 22 13 40 17 22 19 30
30 19 24 22 27 22 18 19 15 30 16 27 34 9 27 26 14 17 21 34
56 23 25 21 40 39 40 31 25 47 26 49 51 25 37 45 19 46 37 58
56 26 42 20 41 51 58 44 23 59 24 52 54 26 38 53 31 25 42 48
25 7 16 13 22 20 13 15 10 20 13 22 21 4 14 18 5 15 13 20
52 26 41 22 21 31 33 44 21 37 26 39 61 27 22 51 27 38 34 38
51 26 38 29 45 42 38 36 30 51 29 47 49 21 30 47 21 28 36 50
12 1 8 5 7 5 7 7 5 10 5 3 13 1 5 10 1 9 3 8
5 1 3 1 5 7 2 1 1 2 2 3 5 1 1 7 1 3 1 6
45 14 35 18 26 32 30 32 17 34 14 27 42 13 16 36 27 33 27 34
46 20 43 39 41 46 44 38 4 49 9 51 57 19 5 56 36 21 22 48
25 15 18 26 17 25 22 18 17 27 18 40 36 23 23 39 12 21 24 38
5 1 6 13 9 1 12 7 6 15 6 9 12 7 7 13 4 7 1 14
23 5 8 13 27 22 22 16 6 33 4 19 27 9 4 22 4 20 13 30
16 7 18 22 21 12 16 15 1 23 4 19 30 10 5 29 13 11 2 21
35 30 36 31 24 25 31 35 24 34 30 32 46 12 20 43 19 29 23 39
49 18 33 20 32 43 55 37 17 45 11 40 54 19 21 52 31 33 34 47
51 33 52 17 29 43 41 48 37 57 42 46 61 25 40 58 28 46 41 49
10 2 11 10 10 11 18 18 10 16 10 13 14 1 6 14 2 6 5 22
61 44 45 41 42 52 57 45 29 58 37 68 66 37 45 63 30 30 51 77
13 3 12 10 4 9 6 8 4 9 8 15 23 7 8 16 1 15 9 16
52 30 45 44 51 28 48 52 22 52 18 42 58 27 15 48 35 34 17 55
16 8 10 9 14 15 9 5 5 18 7 17 18 8 11 13 4 17 11 19
26 7 21 4 20 25 21 12 8 19 11 20 21 6 10 21 14 11 12 10
21 3 13 9 17 20 18 7 7 23 6 20 24 12 10 25 4 20 10 23
46 24 44 32 36 32 39 36 15 43 16 46 52 13 20 43 30 29 17 51
26 9 33 27 39 25 32 27 4 38 11 37 48 19 12 47 19 26 13 34
65 37 46 45 57 47 41 55 30 56 35 54 64 32 24 61 28 48 37 48
35 9 20 12 18 18 39 32 14 32 11 29 33 11 18 34 13 16 20 35
19 3 19 11 10 10 13 8 1 17 3 19 23 3 7 23 7 13 3 17
6 1 8 3 5 12 7 3 4 7 5 11 10 5 6 9 6 10 6 9
58 22 49 24 36 49 62 53 20 58 25 48 62 24 27 57 41 34 32 44
57 26 58 52 53 38 56 65 20 49 18 55 72 29 22 64 37 32 36 54
16 18 28 19 23 24 32 24 23 32 22 26 24 5 18 33 20 7 8 30
25 5 18 8 7 17 15 13 8 20 7 26 23 6 14 21 9 13 18 24
49 11 38 32 32 38 23 33 20 36 13 41 47 14 25 38 14 28 31 27
9 6 11 16 15 12 17 12 15 23 11 23 20 18 12 29 9 13 10 20
6 3 7 8 9 13 12 4 2 15 2 16 9 2 2 13 8 9 2 21
19 4 9 3 11 14 4 4 10 17 7 16 17 12 12 15 1 16 14 23
53 24 27 28 45 48 40 28 22 46 25 54 55 35 20 52 29 44 37 51
28 9 18 9 16 17 22 20 11 21 10 20 22 8 10 25 12 17 11 24
52 40 56 48 41 26 50 58 37 54 41 60 70 33 44 71 23 41 43 64
55 23 37 34 56 46 44 44 21 58 26 50 52 14 34 46 16 32 33 54
14 1 8 4 11 17 6 3 4 17 1 12 13 5 5 11 6 8 8 15
45 28 28 26 22 35 32 26 9 30 15 46 45 20 24 38 15 30 35 54
43 26 32 46 51 41 37 41 19 45 28 50 49 19 23 47 20 28 24 46
26 11 14 6 17 25 18 1 9 23 6 30 18 13 15 24 13 8 14 28
9 4 9 7 5 9 5 2 2 8 1 10 9 1 3 11 9 6 1 13
22 1 17 10 7 14 19 15 2 16 4 20 30 10 4 28 12 18 10 20
10 1 8 4 12 12 12 6 3 11 5 7 13 3 10 11 4 6 4 7
24 1 12 9 12 16 5 6 6 10 3 22 21 14 9 19 8 5 12 16
62 17 46 30 41 48 43 45 26 53 15 51 54 19 29 54 28 28 44 51
24 12 17 3 27 29 31 17 11 37 8 23 27 11 19 26 14 18 19 36
19 6 8 13 17 16 9 6 2 8 7 22 22 12 8 19 2 11 9 12
54 35 45 28 52 49 56 41 26 67 34 59 64 26 42 63 28 41 43 67
21 1 12 8 10 8 5 8 6 14 6 14 20 6 9 18 1 8 9 13
16 1 6 5 8 7 3 4 6 12 2 11 15 8 9 12 3 11 9 18
43 22 32 19 35 37 47 33 19 52 23 42 41 21 20 49 28 20 31 44
46 25 40 45 43 29 48 53 30 44 28 45 50 22 21 50 31 27 23 46
47 24 41 36 39 37 45 50 25 50 23 33 59 20 13 54 32 35 24 39
43 12 30 20 29 31 33 29 17 34 18 45 40 23 17 46 23 19 25 27
34 26 24 22 24 17 28 34 16 32 18 28 37 22 1 41 23 33 11 33
9 1 5 8 5 1 8 10 6 4 7 5 11 6 1 11 1 4 5 7
35 8 16 14 31 35 26 23 9 28 9 25 29 15 7 28 15 27 22 25
26 6 18 12 19 17 23 17 12 25 8 23 24 10 7 28 14 26 6 26
32 16 25 13 31 33 39 29 11 50 16 32 44 20 18 40 17 35 25 41
48 25 36 36 48 55 49 30 21 52 28 56 64 32 26 58 28 45 33 52
59 28 43 52 55 34 40 50 21 52 23 64 64 46 22 61 33 54 31 56
14 2 10 4 19 9 15 11 1 24 2 8 24 3 15 7 1 17 12 25
43 17 28 15 27 16 21 24 18 35 18 34 40 19 27 36 10 23 27 40
48 31 45 31 34 43 53 44 17 54 28 45 53 17 14 59 39 28 24 49
28 17 13 17 25 17 14 14 18 27 20 30 27 19 21 32 3 19 22 28
29 26 42 25 28 45 43 29 10 49 17 53 42 12 23 46 33 21 23 53
37 24 52 36 46 33 55 47 19 58 19 51 63 22 25 65 40 35 24 52
49 18 47 25 41 45 54 46 22 52 14 38 39 19 24 41 42 23 32 28
39 12 22 22 26 20 27 25 9 20 14 31 35 13 13 34 8 16 18 22
52 34 53 32 37 45 48 45 25 47 37 48 65 32 28 65 50 44 26 45
14 1 5 6 14 14 11 5 4 12 4 14 15 11 10 11 1 12 10 13
25 3 19 10 17 20 19 15 4 13 8 18 21 2 4 24 8 6 5 19
9 1 6 6 6 8 5 5 4 9 4 8 7 1 6 8 6 7 4 15
25 1 11 6 14 7 17 13 4 11 4 20 16 1 13 13 5 3 12 19
24 7 18 11 8 13 15 18 8 14 12 15 29 10 6 24 8 18 12 19
19 5 9 12 20 9 15 12 4 22 2 19 32 14 5 28 4 24 4 23
49 13 34 16 39 36 33 32 11 41 3 30 45 16 10 38 26 34 21 32
31 7 16 12 31 24 26 18 9 39 4 27 30 12 14 23 8 19 22 40
61 33 54 23 32 38 49 39 27 51 25 52 57 32 33 59 35 21 48 59
9 1 8 6 7 14 7 4 4 8 5 9 13 8 1 9 1 12 7 8
8 1 9 9 14 10 13 8 3 12 4 11 10 4 6 10 4 5 3 8
4 1 6 8 5 4 7 4 2 7 3 7 11 1 3 12 1 1 1 8
55 29 59 46 63 46 45 51 17 58 27 58 71 20 40 59 32 44 42 54
39 8 25 11 17 33 31 22 3 29 12 36 45 17 19 35 14 26 29 35
41 15 26 16 25 18 26 30 17 35 13 32 39 18 21 36 14 32 20 40
14 5 16 18 32 18 32 17 15 35 11 23 27 7 22 27 11 15 7 35
49 24 36 39 55 43 55 35 31 62 25 57 52 27 34 59 27 39 23 55
56 37 39 38 39 54 42 42 25 50 34 54 54 25 22 52 32 40 43 58
17 9 8 13 16 9 7 5 12 19 9 22 17 15 16 21 9 8 12 23
13 1 9 3 7 4 3 6 6 8 6 6 14 4 9 9 3 11 7 6
16 8 14 17 24 9 10 9 14 22 14 26 26 22 17 31 9 12 16 26
13 3 13 7 7 9 5 9 1 8 7 11 14 1 8 8 1 6 7 16
14 1 6 8 17 6 7 5 1 13 1 7 16 2 8 9 1 4 2 7
60 19 43 25 49 37 41 42 27 54 12 41 57 16 38 47 26 39 42 56
50 24 44 29 43 46 38 29 32 58 30 60 69 39 39 66 30 46 44 61
34 11 37 26 36 27 34 35 29 45 19 27 39 11 22 44 21 19 18 26
34 16 42 27 33 33 34 32 22 45 23 46 59 25 24 55 25 41 25 39
61 34 31 44 51 54 59 42 22 58 35 69 73 44 33 64 31 55 45 74
35 12 24 23 26 24 36 21 10 33 10 40 39 13 17 39 13 20 20 44
65 26 45 24 34 49 52 50 18 59 21 60 60 25 40 59 26 34 44 54
23 4 21 7 14 28 21 9 1 21 1 31 34 17 9 32 14 12 14 18
2 1 8 4 15 9 19 9 3 18 4 8 14 1 7 11 3 10 3 18
9 4 7 9 13 9 15 8 9 17 7 13 7 4 10 15 4 4 5 17
14 5 17 15 16 4 20 20 5 22 9 15 27 6 9 23 7 14 4 11
4 1 2 1 6 1 1 1 1 4 1 1 4 1 1 3 1 6 1 6
11 2 6 5 6 6 4 1 1 6 1 5 13 2 3 10 1 7 3 8
57 23 41 23 46 44 56 45 27 53 29 46 56 11 26 51 23 40 23 44
80 33 53 34 56 50 66 62 42 74 33 55 70 28 44 65 38 54 51 58
13 9 13 7 13 10 13 8 5 14 10 12 13 1 9 15 9 12 5 18
4 1 5 2 9 5 6 3 1 12 1 1 4 1 2 1 4 2 1 8
19 13 30 21 18 16 24 26 14 27 16 19 27 6 11 34 18 13 2 26
8 1 4 4 8 4 7 5 1 10 5 3 10 3 9 3 1 9 6 8
49 26 42 27 54 49 42 29 33 62 26 54 64 27 44 56 18 36 44 56
25 5 9 8 17 12 11 12 2 10 3 13 14 2 2 14 5 9 4 18
29 6 18 7 15 23 21 17 15 28 11 24 30 16 15 30 9 13 23 29
25 1 8 6 19 8 11 13 5 21 1 13 12 1 5 11 1 9 6 19
10 7 15 5 10 5 18 13 14 25 14 13 13 1 9 22 6 8 5 17
53 22 33 39 51 41 41 43 12 47 24 53 63 39 12 61 29 48 35 53
25 7 22 16 20 23 19 19 16 27 13 24 25 7 15 26 13 7 15 30
44 17 36 7 20 30 23 21 20 36 19 43 42 20 21 47 18 28 28 42
25 1 14 8 11 8 8 14 5 23 1 12 20 2 6 15 8 9 12 25
32 11 23 10 18 29 26 18 14 26 14 32 26 14 12 34 17 15 20 22
34 15 16 24 42 34 29 16 20 40 15 35 43 29 20 36 18 34 24 35
8 2 9 7 6 7 6 6 3 9 4 7 15 5 3 15 3 11 2 6
24 7 17 12 13 29 20 13 3 24 9 25 30 21 13 27 15 22 18 25
49 25 42 30 44 47 58 41 10 61 11 54 55 20 28 58 32 27 31 58
62 39 68 44 53 61 69 63 43 72 40 57 83 26 43 78 50 45 42 57
14 3 14 4 1 6 17 14 7 9 8 13 13 1 4 16 7 6 9 16
2 1 1 2 1 1 1 1 1 1 5 3 10 1 4 5 1 3 3 1
17 7 8 11 22 12 17 9 3 25 3 9 19 7 12 15 5 15 7 28
36 14 26 18 32 37 33 28 15 38 18 31 42 15 23 33 10 29 29 34
17 5 10 11 14 19 18 10 5 18 6 17 20 11 6 21 4 15 8 24
6 1 4 7 11 3 3 1 1 9 3 10 18 7 8 11 1 10 4 5
57 37 53 35 41 55 47 37 23 62 31 65 71 40 33 68 45 39 36 61
26 15 25 23 16 29 33 20 4 38 5 40 44 23 26 42 18 18 22 42
42 36 52 40 47 41 52 35 37 56 40 55 64 26 34 67 48 47 27 54
33 16 17 13 24 30 27 17 11 39 16 36 32 16 25 32 9 30 25 45
12 7 14 21 21 17 14 5 7 23 3 26 33 18 9 27 15 24 10 31
29 26 32 46 46 27 36 40 23 45 30 51 42 19 23 49 22 27 23 49
39 13 16 17 21 23 28 25 13 36 9 36 28 19 19 30 17 29 21 42
26 8 23 22 16 14 21 26 8 21 8 28 39 19 2 39 14 18 9 30
26 16 26 21 18 26 16 15 3 27 7 27 35 13 8 27 19 25 15 29
46 25 30 34 31 37 38 29 20 39 21 53 47 22 27 47 18 22 32 56
43 38 51 50 60 52 53 31 28 66 37 71 65 37 34 72 40 26 33 72
9 1 11 9 5 9 12 7 7 10 8 13 10 1 9 13 6 5 7 10
35 23 38 27 34 33 42 32 33 46 30 38 41 18 24 54 26 23 14 39
13 1 17 8 5 16 11 5 4 8 6 15 19 6 8 15 10 11 8 13
51 29 27 36 46 37 53 44 10 48 22 52 60 23 31 48 13 37 44 63
20 10 20 17 16 7 20 20 14 31 9 21 26 14 18 29 10 14 11 28
59 24 29 28 33 36 39 40 8 40 17 45 52 29 15 46 20 40 34 46
31 14 25 20 35 38 36 24 3 36 8 36 45 21 17 39 17 21 25 33
9 1 12 7 7 10 9 4 1 9 5 14 14 1 6 14 1 3 2 12
24 10 21 6 23 22 23 22 6 22 10 12 29 1 18 16 8 8 18 23
45 25 29 20 42 33 27 23 18 43 18 36 44 24 34 38 11 18 32 43
35 15 27 21 37 31 36 25 22 46 17 39 37 17 21 43 18 21 18 47
52 29 48 24 37 49 43 35 9 51 15 51 54 17 23 48 39 35 32 56
25 4 19 6 15 23 13 7 1 15 5 21 24 4 9 18 8 9 11 10
2 1 5 7 4 4 4 1 1 7 1 4 11 3 4 8 1 2 1 2
32 10 10 10 18 23 18 9 10 24 8 31 21 17 10 30 9 15 17 33
10 2 4 1 13 9 6 4 1 12 2 7 6 2 5 6 2 8 2 14
59 37 59 48 59 51 39 43 26 56 30 66 76 39 33 67 39 59 40 61
71 36 44 48 49 53 61 57 13 54 26 71 72 47 21 72 40 50 46 68
63 39 51 48 48 55 63 53 21 63 27 63 71 26 24 68 39 49 49 73
41 32 39 24 31 26 28 25 21 49 25 40 45 19 19 50 27 17 22 47
61 36 54 32 42 52 57 48 20 68 26 69 71 34 44 73 37 38 47 71
20 1 18 12 10 20 13 5 5 17 5 28 28 12 10 27 5 10 12 19
37 35 49 32 34 41 46 39 25 46 37 45 53 8 25 59 30 31 18 46
51 27 40 23 39 38 47 39 21 45 20 46 50 11 23 44 27 31 33 52
42 13 32 21 28 24 29 35 20 37 7 26 44 15 15 39 22 28 24 36
36 15 32 19 17 30 31 30 17 39 14 36 38 17 15 45 24 20 17 41
30 23 33 22 33 29 40 34 25 43 29 25 42 10 23 39 20 21 14 31
39 22 29 32 32 21 23 29 11 34 13 43 49 23 23 39 16 19 37 48
31 11 21 13 20 15 25 27 9 24 9 15 26 1 1 24 16 15 10 25
46 20 39 33 37 36 32 34 23 38 25 49 50 28 21 57 31 24 39 39
58 14 30 17 29 45 32 32 8 33 13 43 44 19 18 36 21 32 32 31
23 2 15 2 10 17 12 8 2 14 2 15 15 3 1 19 8 15 1 19
61 26 40 29 39 55 42 38 21 54 23 56 59 26 26 55 25 43 45 60
30 24 26 30 24 32 29 20 20 39 24 47 45 26 32 42 16 19 28 50
65 33 52 30 41 57 42 39 29 59 30 67 70 44 49 64 20 37 56 57
53 33 30 37 59 46 51 41 19 59 28 51 60 25 36 50 24 50 38 55
30 13 30 21 22 26 23 21 16 30 17 35 29 6 24 31 17 13 18 37
49 24 41 32 46 45 28 43 18 50 28 48 65 37 45 49 26 43 54 44
50 29 43 29 40 35 47 42 15 55 8 51 45 20 21 45 42 26 21 54
14 1 11 3 10 3 4 4 1 11 1 4 14 1 2 7 1 11 2 12
14 1 2 6 12 4 3 4 6 14 3 13 7 5 9 9 1 6 7 15
16 3 11 14 11 12 15 10 2 14 2 15 21 5 6 16 6 5 6 23
18 4 13 8 16 12 8 10 10 16 8 10 16 7 6 19 7 9 7 14
84 42 60 46 51 42 50 49 35 60 19 69 60 40 34 63 40 32 46 65
13 1 9 8 12 3 10 12 2 9 6 10 14 1 7 7 1 1 3 13
18 9 14 13 19 20 19 10 9 22 10 23 20 9 11 22 10 14 11 26
7 2 3 7 6 8 7 1 1 10 1 11 11 4 2 14 1 4 3 11
41 12 20 15 27 33 40 25 8 35 13 35 40 19 5 46 18 31 20 36
28 13 15 11 30 25 26 17 7 32 8 22 19 7 12 20 16 14 14 35
48 38 54 41 36 36 42 35 24 52 27 62 57 26 19 62 42 31 19 58
2 1 2 1 4 1 5 1 1 4 3 1 8 1 6 2 1 4 1 1
27 18 34 22 27 38 34 19 10 36 15 32 35 4 11 35 31 19 16 30
35 25 22 19 30 38 30 27 17 42 23 38 47 25 38 37 9 35 38 49
22 10 18 12 11 20 14 9 1 17 2 20 19 5 1 27 16 8 2 19
15 6 16 11 14 10 14 14 8 18 13 10 24 6 11 19 5 12 8 12
12 3 8 11 5 6 3 10 5 4 9 14 19 5 8 16 1 6 8 12
34 14 37 29 33 42 46 35 19 40 21 48 54 22 33 50 22 16 30 42
12 1 10 6 8 10 8 7 11 10 8 11 6 6 7 15 6 4 6 11
41 21 39 32 49 38 45 41 16 52 21 43 49 7 34 38 22 29 23 53
7 2 13 5 8 10 13 9 6 11 9 5 13 1 7 11 6 3 5 2
31 15 15 23 27 22 25 13 11 35 11 41 42 29 26 37 9 21 26 42
20 13 17 18 15 18 31 17 13 29 11 24 32 14 13 33 16 12 12 34
54 23 35 37 41 42 58 43 22 57 18 54 60 29 32 52 30 36 41 62
30 7 21 2 22 24 15 7 2 21 6 23 27 7 12 20 9 24 12 20
24 16 35 19 26 21 20 23 18 32 26 36 41 27 22 45 26 18 24 27
69 28 50 36 40 36 40 50 38 48 26 56 53 34 25 54 33 36 32 45
23 13 17 9 11 15 13 7 16 23 12 23 13 11 14 24 12 5 14 31
9 2 7 2 6 13 13 6 5 7 7 10 8 2 4 15 6 5 3 7
76 29 49 34 55 66 68 57 33 67 31 68 69 39 47 64 43 46 56 65
40 13 29 18 37 38 38 27 20 51 21 42 53 22 39 42 17 38 33 54
10 1 8 7 7 1 6 6 1 10 5 7 15 1 7 10 1 10 5 12
11 4 12 14 15 16 18 9 7 20 6 19 18 7 9 23 2 7 4 19
20 10 17 17 16 15 16 19 5 13 9 23 31 18 1 35 14 16 9 22
12 3 9 3 12 15 16 5 4 15 5 14 6 2 2 17 8 9 2 11
70 40 57 43 63 45 46 51 37 68 30 63 70 35 44 60 30 37 44 59
28 7 20 15 28 23 29 18 11 27 13 28 27 5 18 24 10 22 13 20
37 25 25 32 32 18 38 38 15 34 25 42 48 25 12 49 17 28 30 45
47 21 24 18 32 20 17 22 13 40 15 31 39 23 16 35 12 21 25 36
29 18 15 18 28 22 20 20 13 21 21 24 27 12 18 28 6 19 18 22
29 21 25 28 43 45 52 24 9 50 14 42 47 17 21 46 19 30 20 55
55 12 34 39 52 40 48 36 26 56 16 56 62 29 38 46 24 36 40 56
29 11 27 27 36 23 33 29 7 43 6 29 33 6 28 26 13 19 19 33
47 17 39 49 48 30 34 49 25 37 26 50 52 26 31 46 16 33 37 38
14 1 11 5 7 9 5 7 1 12 3 13 16 1 7 10 1 10 7 18
11 4 8 6 7 9 7 4 12 15 8 15 14 11 8 21 2 2 8 15
62 21 44 28 38 38 37 33 25 50 22 58 52 22 31 52 20 21 38 50
9 1 9 1 4 4 2 3 1 2 5 3 10 1 3 8 1 5 2 4
42 20 37 22 33 46 38 31 12 40 20 44 57 22 34 46 18 28 35 37
8 3 8 5 11 6 7 1 1 9 6 8 14 3 11 9 1 7 6 9
18 13 17 11 20 14 16 8 17 30 13 23 18 13 22 21 9 6 15 31
47 29 30 45 58 43 42 39 24 59 33 64 64 41 36 58 17 46 45 63
37 11 29 18 40 34 31 21 15 39 16 38 45 13 26 40 19 25 24 32
7 6 6 10 9 12 8 2 2 11 2 12 8 3 2 11 10 8 1 17
51 32 48 34 38 46 52 48 9 45 19 52 62 20 34 53 36 27 44 56
5 3 3 3 6 7 10 4 4 8 5 7 5 2 2 10 2 4 2 11
40 26 49 28 37 46 53 42 26 53 28 43 54 17 37 55 33 25 32 48
36 34 40 30 36 43 49 40 22 55 32 47 59 18 40 54 22 34 33 56
28 5 18 9 31 20 16 8 13 37 6 26 32 15 17 28 4 17 16 35
16 7 13 11 14 17 9 9 2 16 6 14 24 5 13 10 7 11 13 20
45 25 36 32 42 37 46 46 10 48 13 36 50 14 14 42 27 26 26 50
14 1 7 2 6 8 4 3 1 5 4 4 15 1 2 11 1 7 2 4
33 20 23 35 42 39 42 17 22 49 21 50 51 30 33 46 22 37 26 55
37 28 36 21 34 33 44 29 29 55 29 42 51 21 39 46 18 18 35 61
69 35 64 45 50 53 45 53 41 61 36 65 79 28 48 71 33 35 52 67
74 41 59 44 64 58 56 62 40 75 33 59 82 36 43 75 39 59 55 63
41 31 27 37 31 38 41 33 4 41 22 48 56 23 11 50 26 35 25 54
19 9 10 12 13 9 10 5 12 17 8 16 12 8 9 19 7 2 7 22
29 19 28 32 40 12 27 30 7 35 9 32 48 24 14 38 16 29 14 34
24 11 16 8 27 13 16 11 16 33 15 19 27 15 27 22 5 14 20 35
20 7 13 13 11 10 13 15 5 19 7 12 22 8 2 25 5 13 5 20
11 13 22 29 26 20 27 16 12 29 14 29 29 11 9 36 18 14 4 34
39 22 30 28 41 37 36 32 15 43 25 40 44 19 11 41 19 36 21 41
40 29 50 45 46 28 45 45 30 58 22 49 59 27 23 61 38 32 21 49
2 1 1 2 6 3 5 1 1 11 1 3 5 1 3 2 1 6 1 8
20 14 17 19 14 25 23 13 5 21 13 35 34 22 11 38 16 25 18 31
11 4 11 2 20 9 17 13 8 22 9 6 10 1 8 13 6 10 3 17
32 5 19 35 30 23 40 36 22 35 8 37 29 17 24 30 16 8 22 36
7 1 9 13 16 12 13 7 6 23 3 13 19 8 7 14 3 15 6 21
16 5 24 5 11 20 27 18 11 26 11 17 21 2 6 24 16 9 6 15
24 5 27 18 20 22 19 14 10 29 11 37 33 12 19 36 10 11 17 24
18 6 6 7 12 11 8 5 8 16 4 15 11 9 9 17 1 10 9 18
43 28 24 15 35 34 48 27 25 52 32 38 54 28 28 51 25 51 30 43
41 10 33 24 32 28 35 30 13 36 8 36 31 9 13 37 22 15 9 26
10 1 6 4 4 5 9 10 5 5 6 7 8 1 4 7 5 4 6 13
28 9 16 18 24 21 22 12 10 30 11 32 37 22 19 35 5 27 19 30
56 25 57 47 72 60 73 61 30 73 26 62 74 30 32 71 45 37 39 56
8 4 10 7 14 11 14 5 1 16 5 13 14 3 10 11 3 6 5 13
35 8 30 18 21 17 32 32 14 26 6 18 39 5 13 30 15 26 23 31
21 1 14 6 29 20 23 16 8 26 6 15 23 6 8 18 8 20 10 18
51 17 36 29 40 43 39 36 22 48 20 49 44 22 29 47 17 35 32 40
37 25 33 31 29 19 28 31 28 32 29 45 48 36 24 52 21 16 37 48
41 10 34 38 38 42 42 32 24 40 18 56 45 27 35 46 20 20 28 32
29 2 18 11 20 27 26 19 4 28 6 25 37 11 10 28 7 24 20 34
26 17 32 21 28 28 34 29 23 39 27 28 41 13 25 35 17 23 20 34
9 3 7 4 6 6 4 3 8 10 7 12 9 5 13 10 3 4 10 13
41 39 57 49 42 40 46 39 22 49 29 57 57 20 20 60 44 28 13 53
7 1 4 9 7 5 4 1 5 8 4 10 12 7 8 11 1 6 6 11
30 10 29 15 25 29 27 19 4 28 8 25 33 4 17 24 20 13 15 28
10 1 10 9 11 11 11 9 7 15 7 9 11 1 5 12 4 8 4 14
41 20 29 33 45 29 45 33 28 46 25 38 46 22 20 50 20 31 15 40
9 1 10 2 9 9 9 8 4 12 5 3 4 1 1 10 6 3 1 6
38 27 44 47 43 37 37 40 2 42 17 54 57 28 21 52 34 23 32 58
16 1 12 3 9 17 10 3 6 11 4 18 14 8 13 13 9 8 11 16
38 20 29 31 33 36 33 27 10 32 19 40 44 16 18 41 16 23 20 39
18 5 6 10 22 11 13 5 8 27 4 17 20 13 16 19 2 4 12 23
37 24 27 18 29 28 27 15 17 46 12 41 36 24 22 42 21 26 21 53
27 24 30 34 43 34 39 16 14 45 16 43 44 22 17 50 32 32 11 45
21 4 17 11 19 12 10 10 10 23 7 18 17 6 13 18 4 7 8 24
11 1 6 5 5 5 4 6 9 9 5 11 8 6 7 17 2 3 5 13
12 10 22 24 21 26 26 18 12 25 14 25 32 13 14 30 15 12 10 27
10 4 11 12 6 6 5 5 3 10 8 12 21 5 9 15 1 13 7 9
41 22 28 30 29 29 39 39 14 30 24 38 44 18 7 44 18 27 26 43
65 40 43 41 50 53 50 53 39 59 43 55 65 32 36 63 32 49 37 48
26 8 20 18 13 13 14 16 10 23 9 27 25 13 13 33 9 12 9 28
27 9 22 9 13 11 11 21 12 19 11 14 24 7 9 22 15 17 11 23
45 22 37 36 42 26 44 42 29 52 19 50 45 24 21 54 23 27 14 48
7 1 10 7 12 5 12 7 1 13 6 8 20 1 12 10 1 9 5 12
6 1 2 2 9 7 4 2 2 8 4 4 9 2 3 7 1 9 3 9
50 27 37 39 42 33 41 43 18 44 22 47 47 13 25 45 21 27 19 49
30 17 38 35 30 30 29 26 11 39 7 37 47 19 8 41 29 29 10 40
2 1 5 13 12 8 11 4 1 14 1 12 18 7 7 14 1 5 1 11
24 7 8 19 20 18 15 14 1 13 7 25 28 20 1 31 5 20 10 17
23 3 16 14 25 26 22 8 12 33 7 24 37 15 17 24 13 28 20 35
12 3 6 6 8 13 11 4 3 12 7 13 17 9 10 10 1 16 12 14
12 6 6 11 8 13 9 4 2 8 7 15 19 10 6 16 1 11 8 9
13 6 4 14 20 13 13 8 1 15 5 17 25 16 4 23 1 13 6 15
25 17 35 28 22 16 31 36 10 23 24 36 48 21 16 43 22 22 26 32
40 14 9 16 30 32 30 22 7 32 15 35 39 27 18 34 9 36 24 39
7 2 11 5 5 7 12 8 9 14 7 9 7 1 3 17 5 1 1 11
65 38 53 30 27 33 61 51 17 54 20 61 73 39 30 70 31 51 39 63
44 22 37 21 34 38 36 26 30 48 24 46 55 21 25 57 29 41 28 42
18 1 14 4 10 15 6 5 7 14 3 13 13 7 7 12 7 9 9 14
39 7 21 8 31 24 20 19 9 34 6 23 26 8 16 26 12 18 19 25
33 5 20 9 19 26 21 16 12 31 10 25 33 16 21 26 9 21 27 23
29 22 34 40 33 24 22 34 21 35 30 43 49 25 33 43 21 24 30 46
11 3 11 5 5 11 9 4 6 10 8 14 16 5 7 18 2 10 6 10
31 8 20 6 24 27 24 19 8 29 10 23 33 8 24 18 7 21 26 33
56 37 38 34 62 57 49 22 30 67 29 71 67 40 48 63 29 38 45 72
32 13 24 15 20 18 22 24 7 25 6 24 36 8 24 25 11 14 24 35
64 36 63 40 39 43 49 55 34 52 29 51 75 29 18 73 49 49 30 44
74 36 44 51 42 53 59 47 16 58 17 77 64 42 35 62 31 36 54 68
31 13 27 21 17 23 9 14 13 23 12 34 35 14 19 36 7 21 17 23
6 1 9 1 3 7 9 4 4 5 5 6 1 1 1 12 6 1 1 3
14 6 18 9 15 13 11 11 8 15 12 13 20 7 7 23 9 10 8 9
6 1 1 1 10 8 5 1 3 11 3 11 13 1 6 8 1 15 5 18
59 16 26 29 39 36 32 39 15 41 12 46 43 25 20 35 18 33 37 39
34 16 33 27 45 31 34 23 15 49 17 44 49 17 38 42 17 26 31 44
23 4 15 6 13 16 12 9 5 14 6 19 20 3 15 13 4 11 13 18
26 8 19 11 19 17 13 20 12 15 15 16 21 3 12 15 6 16 13 10
8 2 7 8 11 11 8 3 1 14 1 8 13 2 1 10 1 6 2 13
25 22 30 17 9 19 26 24 14 24 20 33 32 5 12 35 21 15 19 36
25 9 26 20 32 33 32 22 9 35 7 28 37 7 16 32 15 11 14 35
26 7 10 6 13 23 18 11 3 20 9 19 28 16 11 24 3 27 16 24
60 21 51 39 49 46 45 51 28 50 21 48 48 15 26 48 31 30 27 34
33 10 27 36 39 19 30 34 15 36 10 36 35 21 15 38 17 23 9 29
37 20 37 24 38 31 30 31 9 42 6 26 45 16 19 32 27 33 21 38
43 30 26 20 37 35 33 33 29 46 30 35 40 29 16 41 26 27 35 45
37 19 26 32 44 26 33 30 22 45 26 50 49 30 29 49 7 29 29 42
21 6 16 16 30 25 23 11 9 33 7 27 29 8 16 22 9 22 10 37
42 22 32 30 19 31 37 30 11 31 13 49 43 17 22 43 12 21 30 52
38 20 36 26 32 28 43 39 14 34 16 31 48 14 13 42 30 18 20 34
20 5 12 15 27 18 21 17 5 23 9 17 23 6 16 14 6 11 10 26
55 43 55 39 62 60 57 37 24 80 33 71 74 30 39 67 38 41 39 80
7 9 15 19 23 17 23 16 4 24 6 15 25 4 20 17 7 4 11 27
16 10 20 18 18 27 28 18 8 34 8 28 36 12 25 27 12 19 17 37
49 33 39 46 30 23 41 40 10 39 11 49 54 27 15 52 22 32 24 56
11 1 5 7 5 4 5 1 3 13 1 12 8 4 3 15 1 2 2 19
25 6 16 20 21 15 15 17 6 19 5 15 24 8 3 22 15 12 5 14
37 11 31 20 30 25 24 22 26 35 16 27 34 17 21 40 22 20 25 26
43 27 43 24 26 35 39 32 17 42 15 48 48 20 26 54 37 33 28 46
30 21 33 30 39 32 31 32 21 40 25 30 43 6 28 36 15 17 21 38
59 39 44 49 53 49 58 49 10 63 18 55 68 24 27 58 34 36 45 71
34 14 25 14 40 27 30 20 25 48 21 36 34 14 30 34 11 21 22 46
71 36 48 45 62 54 56 41 37 70 36 74 77 46 36 79 34 39 43 72
41 36 51 36 40 42 50 46 29 52 36 51 63 24 30 63 33 37 33 49
28 10 29 15 25 26 37 31 9 32 12 23 34 3 10 35 12 11 11 27
11 1 7 1 11 9 9 1 1 11 1 7 9 1 8 8 2 4 1 10
40 27 40 19 24 25 27 39 31 40 33 26 45 9 24 39 15 39 24 40
17 4 16 6 12 10 5 11 4 15 4 5 18 3 4 11 9 14 7 8
26 22 33 19 35 35 43 34 17 47 26 33 46 7 32 40 11 30 26 44
42 20 36 30 37 41 53 44 23 57 23 45 45 16 26 41 30 24 29 49
30 6 10 11 14 10 8 13 5 16 5 21 21 6 11 13 4 9 19 29
13 6 5 9 21 15 13 4 5 22 4 16 15 8 6 19 2 16 4 21
12 6 15 5 5 15 16 4 1 10 5 18 18 1 10 13 13 8 8 13
64 32 50 38 49 46 55 48 42 61 32 59 49 28 41 59 40 24 41 44
42 12 28 20 29 30 33 31 10 36 5 34 34 10 25 28 20 18 25 33
55 39 62 53 49 42 49 47 36 57 28 63 65 38 14 71 53 35 20 53
30 3 6 5 23 11 16 14 7 23 3 19 16 6 9 14 1 10 13 28
22 6 15 12 17 20 20 11 11 23 8 24 24 13 16 25 15 15 13 29
12 1 6 2 4 7 5 2 1 7 3 7 18 6 5 10 1 16 8 7
12 4 8 10 13 8 7 6 5 8 8 12 19 9 11 12 5 10 8 11
51 20 44 38 45 24 48 53 23 44 21 34 58 18 15 54 27 33 26 36
60 32 48 49 56 53 58 49 40 63 38 70 59 39 37 71 34 32 40 51
32 9 25 17 35 26 30 24 10 38 8 25 34 9 20 29 10 14 21 29
17 8 30 30 23 16 14 25 8 25 11 30 40 18 10 35 17 19 8 29
45 37 25 33 52 43 42 27 16 57 24 47 48 28 28 41 25 34 40 62
25 1 21 12 10 20 29 20 5 18 6 29 37 12 10 32 12 8 19 22
36 26 23 29 38 41 43 26 6 45 18 48 43 18 20 42 23 26 25 54
18 8 18 12 16 12 18 17 19 25 16 19 18 9 17 22 6 5 11 28
43 20 36 27 34 28 24 34 18 37 22 38 48 18 22 45 13 33 22 39
49 16 41 39 42 41 54 50 27 52 19 54 57 22 35 50 26 19 37 48
8 1 6 2 2 11 5 1 1 3 1 8 10 3 1 10 1 8 2 6
16 8 18 12 19 21 22 10 7 26 9 24 28 4 9 25 10 22 8 33
4 1 2 2 5 3 4 1 2 6 2 2 6 1 6 5 1 1 1 5
20 3 16 5 13 14 10 15 7 9 9 9 18 5 4 15 8 11 8 8
53 45 53 51 45 36 48 48 26 53 29 59 72 29 21 60 39 52 27 68
34 12 25 17 16 14 27 26 13 29 13 31 35 11 20 37 11 17 19 37
61 40 60 51 59 57 62 60 25 68 31 69 80 40 21 77 52 48 40 64
25 26 30 24 28 25 40 26 22 48 23 36 50 20 29 45 22 31 25 48
56 24 42 28 46 37 44 39 24 59 14 46 60 32 29 54 24 37 34 50
36 23 31 30 25 28 45 32 7 35 10 40 50 16 26 44 16 18 31 53
26 14 29 27 33 21 23 21 9 42 4 28 34 6 7 31 23 21 8 40
25 5 17 18 22 22 21 14 9 29 6 29 24 13 11 29 10 12 11 33
23 13 22 13 21 26 25 20 15 26 14 20 30 14 1 36 19 22 11 15
53 34 37 40 41 33 33 35 16 47 17 50 53 26 15 47 29 44 23 56
51 22 34 30 34 37 38 40 31 38 20 49 37 20 30 41 26 25 35 42
6 6 2 11 9 13 10 1 1 14 1 15 9 6 4 12 7 5 2 18
8 6 17 6 4 3 18 16 13 17 12 7 15 1 4 21 7 6 1 9
58 24 49 51 53 35 49 52 25 47 20 62 60 35 21 60 36 38 22 47
62 34 64 40 40 49 40 57 28 55 38 63 78 36 29 77 41 50 43 49
61 26 46 40 40 37 42 51 35 50 20 49 54 28 29 49 37 36 36 41
49 18 38 31 41 42 30 32 13 44 22 58 58 31 27 54 16 44 36 47
48 17 34 20 26 31 25 35 20 27 17 28 48 10 20 38 11 29 36 31
35 18 20 14 26 25 15 6 21 30 17 30 32 26 23 31 9 10 25 35
35 8 26 23 25 14 11 31 11 22 12 33 37 24 6 37 17 19 20 23
68 42 73 37 42 47 70 68 34 67 37 56 79 19 48 70 39 33 53 66
16 1 10 1 8 16 6 6 2 11 5 11 20 6 9 7 3 13 14 11
15 3 18 10 6 11 8 10 5 18 5 14 22 6 7 18 9 16 7 18
33 14 31 9 18 21 8 12 14 28 14 30 30 8 22 30 15 17 22 28
43 18 43 27 32 40 40 35 12 43 12 43 55 11 29 40 26 17 31 49
8 2 9 5 8 9 9 5 5 8 9 8 9 1 7 11 3 4 5 5
49 16 33 20 25 24 24 27 14 34 12 41 35 10 17 41 17 19 18 35
16 11 16 15 10 20 11 10 8 19 11 23 22 5 12 18 8 18 14 28
8 2 12 10 8 5 12 10 6 15 8 14 26 6 16 19 2 10 9 16
24 6 13 7 10 13 13 13 15 19 12 16 23 14 14 24 6 15 17 26
47 17 33 31 42 41 41 33 11 46 16 62 57 30 24 56 24 39 34 51
26 12 17 18 34 20 32 26 7 37 13 23 36 12 13 33 9 27 13 35
24 16 23 14 17 27 32 17 5 23 13 30 28 2 11 28 20 10 12 30
19 1 21 9 12 21 16 12 9 15 5 14 21 3 5 19 12 10 10 8
38 33 38 34 50 45 49 28 19 60 24 54 55 22 30 52 29 29 27 62
24 9 22 12 27 23 27 16 14 30 11 18 30 11 2 33 18 22 9 20
26 7 14 8 32 13 27 21 14 33 13 15 23 1 14 19 10 15 7 20
36 33 49 41 57 38 59 48 33 63 37 49 66 23 38 67 32 37 27 56
43 22 39 31 36 41 42 32 17 44 21 51 52 16 20 54 24 36 19 48
57 22 52 12 30 55 44 42 23 45 27 45 63 30 32 56 40 46 47 38
16 3 11 8 18 8 11 12 5 18 1 13 16 4 13 11 7 11 6 15
15 2 8 4 12 18 10 6 4 12 7 12 16 7 6 12 5 12 11 15
11 7 17 16 21 17 27 19 10 21 13 16 31 5 18 24 8 9 10 27
24 10 21 3 5 22 22 15 11 18 17 19 27 8 10 28 14 20 14 17
36 18 27 25 33 27 29 26 16 46 10 37 39 24 16 38 13 33 16 45
15 1 11 6 10 13 7 7 5 18 3 11 17 7 7 9 3 16 10 20
9 1 7 7 8 3 7 6 4 7 5 3 11 3 4 10 1 9 3 7
28 10 22 10 22 24 26 22 8 30 11 20 37 10 13 27 11 24 20 27
18 2 14 5 20 10 14 14 5 26 5 7 23 3 17 13 4 11 13 23
31 4 29 28 25 33 27 28 16 27 8 25 44 16 15 33 18 23 23 30
19 1 7 11 17 15 10 12 5 10 5 12 18 9 5 11 3 8 8 6
55 43 53 48 72 63 76 56 22 77 34 61 61 17 33 60 49 39 35 63
62 45 37 39 39 45 56 51 30 65 34 63 60 44 24 69 41 48 38 65
19 1 17 16 22 19 13 6 4 24 4 25 25 9 9 26 4 9 7 19
30 9 13 9 20 20 17 17 19 27 16 33 23 17 25 22 5 22 26 29
51 23 37 43 46 48 39 42 18 43 20 43 50 12 20 42 24 28 31 40
14 15 20 29 28 20 21 12 7 33 12 32 31 13 8 35 18 15 6 36
51 36 36 32 41 40 45 40 14 57 19 52 61 19 36 50 24 45 40 71
53 28 46 26 32 44 65 47 16 56 23 58 62 17 28 58 35 34 36 62
11 1 13 17 9 14 13 10 8 16 8 19 28 14 10 23 3 14 10 20
48 28 47 29 34 39 48 44 21 53 29 37 55 17 7 60 39 36 24 32
14 6 17 9 11 9 6 9 4 14 9 11 19 1 10 11 1 16 9 16
28 10 21 7 13 26 13 12 13 20 13 30 21 4 14 26 14 16 18 27
36 19 41 33 30 38 47 40 26 41 28 49 56 28 25 58 30 30 28 43
