1000 20 13 1441
5 3 8 1 5 4 2 3 3 3 5 4 1
13 4 7 7 3 3 1 8 13 8 10 1 1
12 5 2 6 11 11 0 11 16 2 11 0 7
23 2 1 6 2 2 11 13 11 0 3 1 8
6 5 9 2 12 12 26 15 12 2 5 4 4
2 2 5 4 6 0 7 10 4 1 0 1 8
8 1 10 6 3 1 6 3 1 7 2 3 1
8 3 2 5 8 4 6 8 8 7 9 4 9
5 3 4 2 16 14 5 5 3 12 10 5 10
10 1 10 7 2 16 6 4 6 2 1 13 4
2 9 9 16 3 4 1 10 3 2 3 0 6
1 6 3 16 2 5 2 5 7 8 6 0 2
5 3 2 7 7 5 2 2 5 1 5 3 2
11 11 1 0 3 4 1 4 1 2 2 0 8
1 8 2 7 4 4 6 0 6 1 4 10 7
3 2 2 4 6 0 2 11 3 0 1 3 4
10 9 5 10 5 0 14 9 4 9 7 8 3
5 1 6 16 7 5 1 13 6 5 16 0 9
1 3 3 1 5 5 3 1 1 1 5 0 1
6 6 8 1 0 4 17 3 5 10 1 9 18
4 2 5 9 8 8 11 13 10 6 1 2 18
7 9 5 4 0 5 1 2 3 13 17 1 4
1 3 1 4 2 8 6 4 1 2 2 1 0
12 8 7 2 0 30 3 7 15 1 10 3 3
6 2 5 4 3 0 8 1 0 4 6 1 3
1 6 11 15 4 5 1 2 16 5 18 4 1
1 6 4 11 12 9 21 15 16 2 0 6 2
3 8 1 0 5 0 4 11 1 7 4 2 1
4 6 5 0 4 2 3 12 15 19 13 9 7
14 1 6 1 1 5 10 13 0 8 3 12 0
4 5 8 6 2 4 6 3 11 4 6 2 3
4 6 5 0 12 2 4 7 1 4 1 3 1
4 2 5 2 0 5 1 1 3 4 0 2 5
2 11 4 7 5 8 1 1 0 10 9 23 1
7 4 17 5 8 0 10 6 9 1 8 3 1
8 11 12 5 19 0 6 1 7 2 14 12 11
1 4 1 9 2 5 2 3 2 4 2 4 1
2 1 4 1 3 2 3 2 5 0 6 2 6
1 5 11 8 3 8 3 11 3 3 2 4 17
1 8 9 8 9 18 7 15 12 12 8 2 5
2 8 9 1 4 8 10 14 5 23 16 3 5
5 0 11 1 16 5 6 3 18 12 1 1 3
4 17 4 16 6 18 2 7 6 7 11 11 14
2 0 1 1 3 2 7 4 4 5 1 4 5
7 2 11 6 12 10 3 7 6 0 3 8 2
2 4 13 1 2 9 17 17 11 7 10 7 3
12 13 4 3 3 15 2 1 7 12 9 4 6
1 12 7 5 5 2 6 3 1 1 6 4 3
7 3 9 6 0 5 1 2 1 1 5 2 5
2 4 17 2 4 17 13 13 1 1 4 5 2
2 11 3 0 2 2 3 5 2 3 0 5 4
2 5 3 4 2 6 6 0 3 3 1 0 2
5 6 1 2 10 9 7 6 7 7 5 1 12
6 0 2 0 2 2 2 6 3 5 2 1 0
10 1 19 0 0 2 0 1 4 8 5 1 6
1 4 3 3 3 6 1 4 4 6 1 5 1
4 3 3 3 1 5 0 5 3 4 2 4 1
10 2 7 19 6 3 11 11 19 1 11 9 12
3 7 5 2 2 4 1 3 7 0 2 2 2
5 7 8 11 2 2 8 6 1 4 14 6 7
14 4 20 0 5 7 1 0 21 9 5 1 15
1 8 5 1 3 2 3 0 11 6 3 6 4
4 6 7 2 7 2 8 1 4 15 7 2 7
6 6 1 4 3 0 4 19 7 5 8 6 7
3 15 12 8 16 1 6 8 10 11 2 7 9
6 3 1 5 11 10 3 14 9 2 3 0 8
15 15 9 3 11 5 5 9 3 5 1 16 7
9 28 3 3 9 7 5 11 3 0 0 4 17
10 3 4 10 13 9 3 3 5 5 4 5 3
6 16 4 20 4 11 3 1 9 13 8 6 14
9 4 2 10 3 7 2 3 3 4 4 7 16
1 7 0 0 2 2 6 4 2 3 0 1 3
8 1 3 4 5 11 0 1 2 1 12 1 1
9 11 13 14 1 1 16 18 11 1 1 1 5
2 4 1 1 1 2 2 4 2 7 9 2 2
8 1 6 3 14 15 0 15 8 2 13 10 7
1 19 2 12 6 0 1 11 3 11 1 4 1
1 2 3 2 7 1 3 2 5 2 3 3 1
8 2 2 3 1 2 2 10 10 4 2 6 7
2 1 1 3 4 4 8 6 8 4 9 6 5
2 12 6 26 4 10 9 1 0 10 5 6 2
6 4 15 2 2 11 13 15 6 8 2 12 3
2 3 0 2 1 8 4 0 6 2 1 1 2
8 3 7 5 1 12 4 7 5 5 4 0 2
9 7 10 6 8 1 2 11 2 10 3 4 5
2 0 1 2 7 7 10 9 5 12 13 6 1
4 11 3 2 14 11 7 3 1 6 4 8 11
1 3 2 7 0 0 6 5 2 1 2 7 6
8 3 7 4 9 6 2 7 2 6 2 7 5
4 5 6 2 6 3 5 5 3 0 3 3 3
9 4 2 1 2 1 1 1 0 1 0 5 2
3 5 17 4 13 6 9 22 11 7 2 2 8
1 0 4 6 0 3 3 8 4 1 1 3 4
0 4 8 2 5 6 7 9 0 5 1 9 2
7 2 4 4 2 3 2 6 13 6 0 14 2
11 9 3 10 1 3 10 12 1 23 10 10 0
0 3 9 10 5 3 8 10 6 5 2 7 7
3 9 2 4 14 9 10 3 6 7 10 5 5
4 5 3 2 1 0 5 3 2 7 2 4 1
1 1 1 9 8 8 1 3 3 6 3 4 0
2 9 12 6 0 3 7 9 3 7 7 5 1
6 2 3 1 2 3 1 0 4 1 5 2 4
7 7 3 1 2 4 18 2 17 3 4 10 20
4 4 2 6 4 5 9 1 1 2 2 3 1
2 1 15 6 4 2 3 5 17 2 2 7 6
6 11 5 10 2 1 9 11 5 17 7 6 21
3 7 11 13 5 9 16 6 5 9 21 7 0
6 1 10 1 12 3 8 0 8 0 11 10 5
6 1 5 7 6 0 15 3 3 3 4 17 6
1 8 10 3 2 9 3 3 7 8 1 9 8
1 3 0 8 5 2 3 1 0 1 2 5 1
6 1 6 3 6 11 13 9 5 3 4 3 5
5 3 12 7 11 9 3 3 7 10 0 10 1
2 12 4 0 4 3 6 4 2 8 9 4 3
3 11 23 5 6 7 4 3 12 5 1 18 5
5 8 7 4 8 1 0 2 7 7 1 4 4
10 8 15 2 5 8 3 12 3 9 3 4 7
1 1 2 7 1 6 1 2 2 6 1 3 1
3 2 0 5 1 5 3 3 2 3 5 3 1
2 5 3 4 0 7 7 0 7 3 2 0 10
2 6 0 2 2 4 4 2 6 6 4 1 6
3 9 8 0 2 9 2 3 18 9 4 9 10
10 3 6 5 11 8 4 4 3 1 2 5 3
15 14 1 0 2 1 2 3 2 5 8 2 5
5 5 3 1 2 1 3 4 3 4 1 10 3
2 16 9 1 7 8 22 16 1 10 4 15 4
6 4 24 11 6 0 9 15 3 9 2 0 3
5 0 10 4 13 2 7 1 4 7 6 9 9
1 3 5 1 2 1 4 3 0 5 2 2 2
5 3 0 1 1 7 7 10 5 0 3 3 16
2 0 2 4 1 1 1 2 1 1 5 8 4
1 1 0 2 4 3 1 6 1 4 4 4 2
1 8 5 3 4 5 7 4 8 8 3 5 0
1 7 2 2 2 5 14 2 1 6 3 1 9
3 2 6 5 7 10 6 9 5 5 1 1 9
3 7 16 2 10 7 4 5 8 2 4 18 3
0 9 3 0 4 3 5 3 10 11 3 11 8
5 12 12 10 2 9 18 7 10 12 0 2 20
7 8 2 2 2 6 7 3 3 5 1 6 2
9 7 4 5 4 0 0 6 1 3 6 4 7
14 12 2 0 8 15 11 2 22 3 2 12 9
0 6 0 0 4 5 3 14 7 6 2 1 5
7 11 16 6 5 4 8 6 4 8 3 13 7
5 8 16 16 9 3 14 20 0 11 8 5 9
2 12 9 6 1 12 15 9 22 14 1 8 10
4 5 2 0 3 1 2 5 2 4 2 0 1
8 4 3 9 10 5 7 11 4 7 2 6 6
8 12 7 0 9 4 5 8 1 8 2 4 5
22 7 5 13 13 2 12 12 9 8 3 5 4
7 4 0 3 4 5 7 11 7 6 1 7 8
4 2 20 13 7 10 9 12 6 5 11 15 1
4 1 3 2 22 10 16 9 2 21 5 3 2
1 3 8 8 2 4 2 2 6 6 5 8 3
8 8 15 8 14 1 14 13 10 12 2 2 11
2 1 2 1 6 1 0 0 3 0 0 7 7
7 10 2 5 14 0 1 11 16 4 10 9 2
2 3 7 2 1 7 2 2 1 5 1 22 5
5 3 4 3 6 4 2 4 1 4 3 2 4
17 7 3 8 8 13 5 3 0 7 3 8 7
6 8 6 3 12 4 5 6 6 0 6 5 0
7 8 15 9 3 14 14 6 12 1 5 8 1
8 9 13 2 11 7 8 6 9 6 11 5 13
0 6 6 4 6 0 8 7 22 1 10 7 4
12 0 2 7 1 14 9 8 10 1 11 16 6
7 1 18 6 0 11 5 8 1 20 0 1 10
10 2 3 2 1 10 7 6 8 2 6 2 7
4 9 2 5 2 0 9 6 0 7 10 12 5
9 6 1 15 8 10 9 10 6 13 4 0 1
3 15 9 17 8 23 3 6 8 7 11 5 0
4 2 11 2 12 24 11 2 16 7 2 1 14
2 5 6 14 5 1 3 2 11 11 2 6 1
8 11 12 2 4 8 13 9 5 0 6 2 13
8 5 8 5 13 2 3 24 1 1 19 11 7
0 11 1 9 12 8 7 11 7 17 4 2 0
9 3 9 2 5 2 7 3 2 2 3 2 13
11 7 19 16 8 0 1 10 5 17 11 7 8
2 5 12 1 2 3 14 4 4 2 9 2 3
0 1 3 3 11 1 6 3 4 2 6 6 3
14 11 7 8 13 7 7 11 4 2 3 7 12
2 5 7 1 6 12 7 4 7 5 4 2 2
7 7 6 1 7 3 1 6 6 4 2 3 7
4 0 9 8 2 0 0 2 1 4 1 2 3
0 6 9 0 2 6 6 1 1 5 5 5 6
2 7 15 2 4 2 1 3 9 6 2 11 4
6 4 27 6 1 4 1 13 5 8 2 16 5
4 4 3 2 0 1 0 2 6 1 8 3 7
8 7 14 11 6 0 7 2 3 7 5 0 12
4 5 3 2 3 5 2 1 7 6 4 1 2
3 1 8 2 4 2 3 0 4 3 6 7 5
5 6 1 3 1 1 1 2 7 1 3 1 6
7 1 0 6 12 3 0 0 4 0 4 6 6
5 3 5 3 1 10 29 11 15 8 7 8 1
3 7 10 4 9 1 1 7 3 3 5 9 10
4 7 8 8 13 5 16 10 9 6 7 16 13
15 0 12 3 3 18 17 1 8 1 2 5 4
3 7 7 6 17 13 7 4 2 11 19 9 11
4 15 1 4 8 10 6 1 9 16 0 1 3
8 0 26 0 2 11 18 8 11 12 7 4 0
6 2 5 2 0 3 3 1 3 1 1 4 3
16 7 3 10 7 3 2 23 7 4 5 19 6
11 15 1 5 10 19 19 4 4 3 6 5 7
4 1 8 19 4 4 26 1 3 1 3 16 11
4 8 5 6 2 6 4 3 6 3 1 5 8
15 8 16 3 5 6 7 16 3 8 3 11 7
9 3 3 5 3 4 14 7 11 16 11 11 5
5 7 10 4 19 2 1 10 2 6 12 3 11
5 2 6 0 4 14 1 11 7 6 3 7 5
6 0 9 16 5 15 2 14 0 8 3 10 0
3 2 17 9 10 3 4 15 10 7 11 3 14
2 11 2 3 8 9 6 1 1 14 4 2 0
5 0 1 8 5 0 1 2 1 3 0 3 5
12 10 11 4 3 8 1 16 12 14 16 6 7
1 6 4 2 4 3 9 6 5 6 5 1 2
14 4 16 0 6 1 4 6 9 6 6 4 21
5 0 10 3 18 11 14 4 8 7 5 14 9
1 8 7 9 0 13 9 1 22 10 10 9 15
6 5 10 13 7 6 10 5 11 6 3 11 11
14 14 3 1 11 9 4 10 12 19 1 16 9
1 5 4 1 1 2 2 2 5 1 2 2 5
2 3 7 10 5 20 15 6 6 10 6 3 8
6 6 1 1 3 3 2 2 5 2 0 1 2
0 6 4 1 6 3 4 7 5 3 2 0 2
18 12 1 15 10 10 3 1 4 18 1 9 4
2 2 11 1 10 2 2 2 5 5 2 3 2
3 8 0 3 12 4 13 3 21 11 8 10 3
1 3 2 4 0 6 1 1 7 11 2 1 1
1 9 27 9 4 13 3 7 10 5 5 3 5
12 7 4 10 1 1 5 12 11 11 8 8 5
2 4 3 1 13 9 12 0 8 7 7 11 4
4 5 5 7 3 4 5 9 1 1 2 3 5
3 1 16 1 10 13 7 12 5 15 6 6 11
9 8 1 4 2 3 11 2 11 3 1 4 7
5 0 1 3 2 3 5 3 0 5 1 4 1
1 2 0 6 1 4 10 5 10 0 2 1 4
5 2 8 1 7 3 6 2 8 2 11 8 3
4 3 1 0 3 3 1 2 6 2 1 5 2
5 2 3 14 2 12 3 5 8 1 8 9 10
3 1 5 5 4 5 2 3 1 5 1 1 0
2 2 8 7 1 4 2 2 4 6 2 3 2
1 9 5 1 1 0 3 3 2 0 1 12 6
6 3 5 1 7 0 3 2 1 4 6 0 0
6 10 5 12 4 1 21 6 3 2 5 6 1
9 8 3 5 4 0 11 1 1 3 2 1 3
18 5 3 4 2 3 2 10 5 10 7 5 1
6 1 2 4 1 0 8 3 1 2 5 2 1
2 2 1 3 2 4 3 5 4 4 0 4 2
2 6 1 4 0 5 2 4 5 1 8 2 1
3 8 7 11 7 2 6 2 4 2 8 1 1
9 4 11 11 3 12 19 0 4 7 3 2 4
11 7 5 2 5 8 14 6 12 17 8 7 18
3 5 1 2 4 2 6 0 2 2 2 4 2
8 3 5 4 5 1 3 1 4 1 2 0 1
16 8 9 4 4 0 9 1 5 2 6 2 9
2 2 4 2 0 9 0 0 3 1 5 2 0
4 3 12 4 1 4 0 8 1 7 1 0 1
9 6 0 4 14 1 9 1 4 10 15 2 6
12 3 2 14 1 7 10 5 13 16 3 24 1
4 7 5 1 3 0 2 1 3 5 11 2 8
4 1 6 5 3 7 6 12 6 0 10 8 1
6 2 2 6 4 2 11 10 4 2 2 20 3
27 10 1 3 3 9 2 3 11 7 4 1 21
3 9 3 9 1 19 17 2 9 12 10 0 6
11 7 5 10 8 1 1 7 1 1 6 1 5
13 12 0 6 17 3 11 4 10 10 7 2 8
4 0 5 5 5 7 2 5 12 1 25 8 12
4 3 14 20 4 10 3 13 0 7 8 9 12
1 7 0 1 3 1 6 5 7 0 2 4 2
4 1 2 1 1 1 4 1 2 9 3 3 8
1 4 11 2 7 19 2 5 9 1 13 6 18
4 4 1 20 8 2 4 3 9 23 6 7 4
6 4 14 4 6 4 6 3 3 3 19 11 1
11 1 5 0 0 10 5 9 6 3 11 1 15
24 7 2 5 5 0 14 3 5 2 16 7 5
11 10 9 1 8 14 7 12 10 7 7 0 1
4 13 5 0 2 5 15 9 10 0 12 6 9
13 1 1 6 5 10 9 22 7 7 2 5 2
2 8 4 1 15 6 8 3 0 11 6 3 8
16 8 11 2 0 10 10 4 9 1 17 7 15
7 4 8 14 4 12 1 1 1 2 14 2 7
7 8 10 9 5 1 12 12 2 6 12 7 8
3 1 7 0 7 6 0 3 9 4 1 2 4
4 3 2 9 2 7 1 1 5 2 2 2 8
3 6 3 19 10 13 12 3 4 5 5 7 7
16 2 1 6 4 5 11 4 7 4 5 2 14
4 2 5 1 16 6 15 0 8 0 15 4 2
3 6 24 3 13 2 20 10 3 8 3 1 14
4 11 21 8 3 7 4 4 7 14 14 0 4
5 1 7 5 6 5 4 12 9 4 1 0 3
10 2 9 1 4 8 8 2 2 0 2 0 4
7 2 8 5 0 1 4 10 9 3 6 9 2
1 1 2 10 1 9 14 1 10 0 2 1 13
8 14 8 14 2 3 0 3 3 2 6 3 9
5 9 2 5 0 6 7 1 4 7 4 7 3
2 5 1 4 1 3 2 0 0 4 2 1 5
5 3 6 5 9 4 9 6 8 2 9 3 6
3 0 3 1 7 4 2 1 1 2 2 3 2
2 7 22 8 5 0 5 11 4 1 3 2 1
4 4 2 2 3 4 1 2 0 4 3 1 4
4 0 9 1 7 2 7 3 9 1 6 5 4
9 4 12 11 16 3 1 0 1 1 2 12 11
0 1 1 4 5 6 0 2 4 7 5 3 0
11 3 4 1 8 3 7 0 10 3 7 3 9
16 1 7 0 11 10 24 6 3 3 17 7 2
13 8 13 7 15 15 1 11 13 6 5 7 3
9 2 1 2 1 1 2 6 1 2 4 5 1
3 7 2 5 3 2 6 2 5 4 11 7 2
2 7 5 3 8 1 8 0 10 2 6 2 9
3 0 7 3 3 0 2 1 0 0 3 2 6
1 12 1 2 2 8 0 5 6 7 8 1 2
6 1 14 6 17 4 2 10 7 10 9 3 3
3 4 3 1 4 1 1 4 1 7 2 1 4
2 5 2 1 5 2 6 3 2 1 8 1 2
6 0 3 1 1 1 7 12 2 3 15 7 0
3 8 3 3 10 2 1 7 2 8 2 9 4
16 6 7 1 2 10 9 9 9 8 16 20 2
0 3 4 2 9 7 3 10 4 14 12 1 0
1 3 1 5 5 3 6 1 4 3 4 4 3
2 5 1 1 4 2 0 0 1 1 6 5 1
0 10 2 13 9 1 16 10 5 4 4 9 10
13 1 5 1 3 3 3 7 3 12 14 6 9
1 14 0 5 10 2 4 10 5 10 3 6 1
10 9 4 5 8 15 22 6 0 14 6 15 3
3 0 5 6 3 11 0 3 5 1 2 3 1
24 11 2 4 16 7 3 11 12 7 0 9 5
13 8 11 1 13 9 19 1 13 12 7 6 4
2 13 3 2 1 7 7 0 15 5 9 3 1
7 8 3 1 2 5 9 5 1 16 3 9 1
2 2 13 5 5 10 9 3 4 7 3 1 4
9 9 0 9 21 7 19 1 8 7 19 3 2
6 4 0 2 2 3 5 4 1 7 4 1 7
11 9 8 2 3 8 9 1 10 13 10 4 3
10 3 1 7 6 9 10 2 3 13 2 9 23
2 2 6 3 3 1 2 8 4 11 7 13 1
12 1 1 5 5 8 3 2 1 1 2 2 4
10 3 4 9 9 2 9 9 8 8 2 6 11
7 4 2 8 9 2 7 5 2 9 1 2 3
6 0 14 10 9 3 2 22 3 4 17 11 4
1 3 4 4 2 3 4 4 0 4 1 0 0
16 11 3 14 12 6 5 2 0 6 3 3 11
6 9 8 2 0 7 6 1 7 3 1 5 13
2 3 2 4 1 6 1 0 3 1 8 3 3
1 1 5 1 2 1 4 3 4 3 6 4 1
0 4 3 2 0 2 7 4 2 6 4 1 3
4 5 8 6 9 5 6 7 4 8 2 3 3
14 3 22 1 26 8 2 1 3 4 1 6 7
3 0 0 8 0 5 3 9 2 7 2 3 2
6 7 1 10 3 5 6 5 4 3 4 2 5
10 12 2 6 2 17 16 6 6 8 1 5 18
13 9 9 17 15 8 2 1 6 4 5 4 6
17 2 4 8 6 4 2 10 4 4 8 3 2
7 1 4 5 0 2 2 0 5 2 5 2 3
5 1 4 2 5 7 3 1 4 7 4 2 5
9 2 0 10 3 10 1 4 1 1 3 1 2
5 6 14 4 7 2 6 3 5 8 5 6 9
0 2 2 12 4 6 4 1 10 6 6 16 1
16 19 2 4 6 0 0 8 8 12 1 3 3
3 5 9 11 15 15 13 4 0 12 12 13 1
15 13 10 11 15 3 7 17 7 2 7 5 13
1 0 1 1 2 5 3 5 2 3 5 7 5
0 7 0 15 3 2 5 19 3 13 2 4 3
5 1 0 0 2 0 3 3 6 1 4 2 4
8 0 1 7 1 1 0 2 3 1 1 3 0
2 4 2 11 6 4 8 8 5 4 2 0 8
0 15 9 8 3 11 11 3 15 3 2 14 16
2 1 7 2 3 2 16 15 15 16 7 9 8
1 0 0 4 1 0 2 1 0 5 1 6 5
7 4 7 2 13 4 26 7 12 14 6 7 7
6 1 0 5 14 2 16 14 1 5 3 0 5
5 4 3 5 0 2 5 5 8 7 3 1 3
2 1 12 5 5 16 4 17 3 6 4 10 10
6 0 2 1 9 7 5 4 3 8 15 4 2
8 8 5 8 9 5 6 9 2 3 1 4 2
16 11 12 8 5 13 1 4 9 18 6 1 6
4 2 0 4 1 0 4 9 0 4 7 1 3
11 1 9 20 17 1 4 10 7 4 8 18 5
5 4 1 2 2 2 9 1 2 2 1 1 3
4 5 12 6 8 0 6 1 7 0 5 3 0
4 3 2 11 3 3 14 2 1 12 2 20 22
21 1 8 3 5 15 14 2 1 12 3 6 4
4 4 3 3 2 3 4 8 5 5 3 1 8
2 0 15 9 4 11 11 7 4 9 3 1 11
1 2 12 1 18 11 16 9 1 12 1 10 2
3 5 6 1 0 4 5 11 9 2 8 3 9
5 3 6 17 9 1 10 1 2 5 3 7 10
5 0 1 4 3 2 4 6 2 2 5 0 4
11 7 7 14 12 5 11 11 2 3 4 3 3
7 4 2 4 5 2 8 3 2 2 3 2 5
3 5 2 5 0 5 0 5 2 1 2 4 3
5 0 1 4 2 1 3 2 5 4 4 4 3
11 10 6 5 6 2 5 7 17 3 7 6 2
5 1 2 3 4 2 4 3 5 2 1 0 5
1 6 7 4 5 12 13 8 1 2 11 10 3
8 7 4 12 24 12 3 19 6 1 13 3 3
8 3 3 4 4 4 3 10 5 2 3 2 13
8 5 9 1 13 5 6 6 5 6 6 1 10
3 1 2 0 6 6 3 4 2 8 7 11 0
0 4 1 8 3 2 4 4 0 0 2 3 5
3 3 18 14 3 16 1 7 10 6 4 16 5
5 2 10 23 5 19 10 6 12 4 1 14 2
1 13 18 1 2 12 5 2 22 4 5 4 5
13 1 10 6 1 7 5 8 6 3 6 10 28
5 16 0 6 3 8 1 4 3 6 1 9 4
10 21 6 3 1 5 3 6 0 13 9 9 23
11 0 9 3 6 6 2 6 6 4 11 5 14
0 0 17 9 3 6 4 4 4 10 8 9 8
5 17 17 5 6 0 9 16 13 12 0 9 5
1 4 5 4 1 3 2 1 5 0 3 1 1
8 4 1 4 2 2 2 3 13 11 7 9 1
5 11 4 12 8 10 8 3 12 3 6 7 3
20 8 2 8 6 7 20 4 18 4 3 9 2
12 1 11 3 4 3 1 5 1 2 5 5 3
8 11 3 2 7 9 6 11 3 17 8 1 16
3 5 4 6 2 9 3 3 7 3 2 3 2
10 1 2 4 9 0 9 8 8 5 2 0 1
2 2 1 0 3 2 12 2 0 0 13 4 4
0 17 6 8 5 8 11 12 17 3 4 7 16
2 7 1 12 8 5 5 11 1 5 1 1 4
11 7 13 1 1 3 8 1 5 2 3 4 1
4 14 10 8 1 7 11 3 11 6 7 6 7
11 2 3 4 0 8 3 7 12 2 1 5 12
13 5 12 8 12 1 1 12 9 4 8 10 22
19 5 5 5 1 1 2 0 7 1 5 10 5
5 8 9 8 5 8 4 11 4 11 0 15 3
5 6 5 1 10 8 6 3 7 20 2 3 5
6 3 3 11 1 3 9 8 3 13 18 7 0
7 3 4 8 4 4 7 2 7 0 2 1 2
6 12 5 0 2 6 22 7 4 3 2 4 21
11 20 8 11 8 4 1 8 0 1 3 3 4
3 1 18 11 3 5 13 10 1 5 10 24 6
2 3 0 4 15 2 7 6 16 11 0 7 10
12 4 2 0 1 1 2 7 2 8 2 10 13
4 4 11 8 9 5 1 3 1 1 8 3 15
8 5 5 1 5 6 5 5 6 5 3 1 9
6 14 2 3 7 3 16 1 22 6 18 7 5
9 0 2 2 12 13 2 28 13 0 6 1 9
7 2 1 9 1 14 4 4 0 8 13 1 5
3 7 4 6 12 1 4 2 0 0 8 15 8
0 5 6 8 4 0 9 14 20 2 10 3 3
1 5 1 4 5 0 3 0 9 4 3 2 7
11 2 5 4 4 0 4 16 5 1 9 2 17
2 2 6 7 5 11 3 3 8 7 6 6 21
1 0 15 9 17 8 4 11 9 7 8 5 19
1 1 5 1 1 4 3 4 4 1 2 3 0
12 1 7 8 5 14 7 6 13 2 14 1 6
4 4 9 5 2 3 9 5 8 5 6 8 3
1 4 4 10 4 16 1 3 4 1 12 1 7
4 6 12 2 3 5 12 4 5 1 3 19 11
0 21 12 1 7 18 6 3 0 2 0 5 10
2 3 9 1 19 3 2 3 6 7 1 7 1
1 6 2 1 1 1 7 3 1 0 6 2 5
0 5 6 1 6 4 4 9 9 9 0 5 4
1 0 4 4 7 6 3 6 4 9 4 6 0
8 0 1 0 3 2 4 1 0 1 7 2 4
2 2 4 3 5 5 3 6 3 0 4 8 3
8 11 0 1 4 12 15 7 2 11 1 6 5
1 7 1 5 7 12 11 10 6 16 7 14 0
5 5 4 16 7 7 7 3 5 5 4 6 14
3 20 14 19 6 2 4 1 2 8 11 4 15
0 4 2 5 3 9 3 5 7 6 1 3 3
3 5 3 9 12 3 10 0 3 1 16 6 25
1 2 5 1 3 7 5 2 13 6 7 8 7
6 1 4 9 1 6 0 1 5 9 5 4 6
12 23 2 7 0 0 8 4 12 4 9 12 3
1 2 13 1 7 7 2 3 8 19 11 0 10
11 1 3 9 7 0 18 7 19 6 6 3 3
5 1 16 15 2 7 10 10 7 13 16 5 3
15 26 8 7 6 2 11 11 4 5 6 0 9
4 3 1 5 8 4 4 0 0 1 4 4 0
2 8 5 3 2 4 20 5 1 12 2 1 4
3 1 1 4 3 1 7 0 4 3 4 0 2
1 3 7 0 5 7 3 1 7 2 0 5 0
6 2 11 9 8 2 12 2 1 7 3 4 8
17 18 7 7 3 9 16 16 3 7 3 5 3
9 15 4 12 5 13 17 8 5 17 7 4 9
1 7 0 6 3 3 7 6 2 12 1 1 3
1 13 2 20 5 8 6 21 9 7 8 2 2
3 5 0 4 0 8 4 6 7 4 13 10 1
0 1 6 17 18 10 15 3 3 5 0 2 7
9 7 1 2 8 4 3 3 8 10 5 4 2
4 0 4 1 3 2 7 8 1 1 4 1 1
6 5 16 11 0 1 2 9 1 8 7 7 7
3 15 16 3 6 5 3 14 7 1 4 2 13
10 10 3 2 3 8 9 2 7 0 9 3 8
4 10 3 5 3 1 3 3 3 6 1 1 10
6 2 7 10 7 4 1 6 19 13 14 7 7
6 2 3 7 11 2 8 5 3 8 9 5 4
6 14 21 3 10 3 4 2 1 4 4 10 6
9 4 5 9 1 6 18 1 19 10 12 11 14
1 0 4 2 3 1 2 1 6 2 1 2 7
3 13 0 6 6 9 8 9 7 5 11 4 8
2 1 4 9 5 2 0 1 1 1 0 0 2
5 9 13 7 5 1 5 3 1 1 5 1 2
16 6 6 9 1 0 14 6 2 1 4 1 1
4 6 4 2 1 1 4 5 2 1 4 12 6
1 0 13 0 6 2 1 6 8 3 2 5 1
5 9 9 10 5 8 3 4 3 2 4 0 7
3 5 1 1 5 1 8 3 5 0 1 4 7
11 6 4 2 5 7 2 5 6 0 4 6 1
3 2 7 1 8 11 5 4 4 11 6 5 12
4 0 6 4 8 8 4 0 4 4 3 2 8
5 9 17 4 1 14 8 4 3 1 8 3 2
7 11 3 5 9 11 3 5 8 6 3 7 10
4 16 1 7 5 3 0 2 4 12 12 5 4
1 17 1 3 12 6 5 3 3 3 7 15 10
1 1 3 1 1 1 4 7 2 3 0 2 0
12 8 5 6 7 14 18 3 3 2 4 8 5
5 13 11 10 21 4 3 7 12 9 4 6 5
4 3 0 15 4 6 3 10 6 10 3 7 22
2 15 1 9 4 6 2 1 10 2 11 3 4
0 5 14 12 0 5 1 2 7 3 5 6 3
3 9 6 3 13 4 2 0 4 4 4 0 1
1 7 18 1 9 6 0 3 4 4 2 11 4
6 7 0 5 6 18 10 3 18 6 5 4 6
15 0 6 11 3 6 11 19 4 12 5 14 8
6 7 10 5 4 1 3 6 4 10 3 7 12
11 8 3 10 6 18 10 5 12 7 2 6 1
2 6 15 11 10 10 13 1 7 8 15 6 1
6 6 0 10 11 2 7 5 5 1 5 4 2
1 0 3 3 0 1 5 0 3 2 1 8 1
10 2 3 5 5 1 2 7 4 2 7 4 4
5 8 5 22 13 2 12 1 0 13 7 9 7
1 13 20 5 3 6 10 14 1 1 3 12 4
1 4 1 2 6 5 3 2 4 2 4 2 4
2 2 7 1 16 17 7 2 15 4 3 11 2
14 19 10 3 5 5 0 15 10 5 13 2 1
4 21 8 4 5 8 7 3 13 4 15 10 12
9 15 7 1 5 4 10 0 10 0 15 0 3
3 14 9 7 4 1 7 11 7 15 1 8 7
5 1 3 0 6 0 5 1 3 1 7 7 4
9 6 4 7 1 1 10 6 6 2 2 0 2
2 1 3 18 4 12 19 5 11 8 12 0 9
3 6 3 9 8 2 3 7 3 2 2 7 7
7 11 9 4 1 1 17 3 10 14 11 10 16
6 1 1 2 8 1 5 6 1 5 4 3 0
5 10 8 1 1 11 2 10 2 4 8 3 5
4 0 3 11 17 7 4 7 4 7 3 13 4
2 3 2 5 5 9 4 10 0 3 2 4 2
0 8 5 8 14 4 9 5 0 2 2 14 5
0 2 0 6 3 3 2 15 4 1 4 7 5
6 1 1 4 3 1 2 4 2 10 2 1 0
5 4 5 4 4 11 8 14 17 0 11 10 11
2 5 4 0 4 2 0 3 2 4 1 4 0
5 19 9 1 8 7 15 9 2 13 6 9 13
2 4 9 5 3 3 0 2 14 1 11 4 6
5 20 18 1 9 3 2 1 6 9 9 12 0
2 2 7 8 9 2 9 2 2 0 1 0 7
1 1 5 6 17 5 2 2 13 3 6 1 3
2 4 6 9 3 9 2 10 10 2 6 16 12
1 11 3 2 7 10 3 3 2 5 1 7 2
3 5 11 6 3 2 5 2 3 14 1 5 8
11 4 7 13 7 4 2 11 7 11 3 7 11
12 3 3 18 1 7 0 4 3 1 3 4 4
19 15 3 4 1 9 8 1 10 2 5 2 6
3 1 1 13 0 2 20 1 13 9 3 4 11
0 3 4 2 0 5 1 0 1 8 0 2 1
5 2 13 8 4 4 2 3 10 1 7 3 8
3 3 1 2 1 0 1 1 7 1 5 4 0
4 4 3 2 4 2 4 0 0 3 1 3 3
10 11 6 12 10 6 8 3 2 5 6 1 14
0 2 2 1 8 1 1 3 2 5 0 1 8
0 2 11 7 4 10 10 13 5 13 6 7 8
1 17 2 7 3 7 12 12 2 11 4 8 6
6 3 11 3 1 8 4 6 2 5 2 13 10
11 10 3 7 11 4 5 2 1 7 1 1 5
5 12 11 1 9 10 0 8 5 4 0 15 11
6 5 7 3 5 2 3 8 6 2 1 2 4
10 22 0 4 3 9 8 18 4 6 10 4 5
6 0 2 12 15 7 2 5 9 11 2 6 4
12 3 13 5 2 7 3 3 0 7 10 22 5
13 3 12 6 4 1 8 8 20 3 9 13 11
0 10 2 14 8 2 10 22 19 3 10 5 6
6 8 8 9 1 2 0 13 4 0 2 7 12
2 1 5 6 4 7 3 0 0 11 5 8 5
4 4 1 2 4 3 4 1 1 3 0 1 6
1 1 16 12 2 1 1 15 13 3 0 11 3
7 5 2 4 10 7 10 10 9 4 19 2 3
4 3 1 2 0 0 0 3 2 2 7 7 8
10 18 5 2 0 2 1 4 0 6 13 3 2
0 5 5 6 1 9 3 12 8 7 3 3 5
4 7 8 6 0 4 1 1 4 2 9 17 13
10 13 13 4 2 6 7 3 17 2 3 24 4
3 2 1 3 6 33 4 5 7 4 3 1 7
4 0 2 2 0 2 5 3 2 4 7 2 4
2 1 3 7 2 2 1 1 2 3 4 7 0
4 7 5 5 5 1 1 0 5 0 3 1 4
5 5 10 0 1 1 5 9 3 5 3 6 7
4 4 16 2 1 16 12 15 2 6 0 3 16
7 2 7 2 3 2 1 2 4 7 3 1 6
3 7 1 9 2 12 14 2 1 2 6 4 3
3 11 6 5 5 15 4 2 6 5 1 0 21
1 7 3 4 0 3 4 1 1 3 1 1 3
1 1 6 6 2 7 1 3 3 2 1 2 3
1 3 7 1 1 1 2 2 1 6 2 3 5
8 4 2 4 2 3 3 7 6 4 2 6 3
0 8 6 3 1 3 3 2 0 1 4 4 2
1 5 4 2 5 2 9 5 15 20 8 2 1
3 15 14 11 7 20 16 3 1 2 1 0 0
10 8 2 9 1 1 9 7 2 3 8 6 1
9 7 6 14 1 5 15 3 5 3 4 2 9
2 3 1 4 4 4 4 2 2 1 10 14 1
6 7 11 1 0 7 7 3 21 2 11 2 10
15 5 6 3 4 14 8 4 7 6 2 3 3
2 6 3 6 8 2 0 4 0 8 3 7 4
16 4 0 2 3 4 13 10 4 7 18 13 1
4 5 6 14 1 5 1 22 4 5 11 1 0
2 14 5 2 19 4 14 2 2 4 3 6 20
7 1 1 7 5 4 4 9 9 4 2 8 14
1 19 17 5 0 8 3 6 10 7 5 11 13
3 1 5 3 1 4 11 7 1 4 1 10 13
7 5 2 5 1 2 4 2 1 3 7 17 3
1 5 18 3 1 7 5 2 5 8 16 1 16
4 1 0 3 13 4 5 6 2 3 2 6 3
10 9 6 5 12 3 1 3 4 21 3 4 17
1 2 4 2 6 4 6 9 4 1 12 3 12
5 11 1 1 0 3 0 7 1 1 1 5 1
3 16 10 8 11 15 7 6 8 5 6 21 11
1 3 4 1 0 3 8 4 8 0 2 2 6
13 3 14 10 2 3 1 2 0 30 2 5 6
7 0 4 9 1 11 4 1 11 1 3 11 5
3 4 1 2 11 5 12 6 3 2 5 6 4
1 14 4 2 5 5 5 8 5 7 4 2 11
8 15 6 14 4 4 2 16 10 15 10 3 8
8 9 2 14 11 13 7 6 6 8 0 19 5
9 4 2 2 6 2 3 1 4 2 2 2 0
1 2 1 3 7 9 8 5 10 1 0 4 2
2 6 11 6 4 8 1 5 2 18 11 10 15
6 0 12 1 3 10 1 2 2 8 12 15 3
2 12 3 5 10 1 7 5 7 2 4 14 3
15 4 10 11 6 21 2 7 2 16 7 8 5
5 17 2 2 1 18 1 16 3 5 9 19 1
8 7 1 12 1 19 9 2 1 4 2 4 4
6 5 11 1 2 3 4 16 7 1 0 2 8
5 5 1 1 8 7 7 12 8 4 3 0 10
21 8 6 6 5 14 0 13 9 4 2 10 11
7 3 0 9 12 1 4 16 7 4 14 2 8
1 8 3 0 12 5 3 7 8 8 16 0 13
2 4 5 4 3 1 3 2 2 3 7 6 0
2 4 2 10 9 17 5 4 11 9 9 6 23
12 0 16 9 7 7 0 3 17 8 4 3 3
22 2 11 14 3 7 9 12 16 6 3 4 14
12 1 2 2 2 7 9 0 5 4 2 4 4
0 5 18 11 0 5 8 6 7 18 2 7 7
4 18 11 14 2 3 13 11 3 1 13 5 6
3 3 9 1 1 4 6 15 4 11 4 2 5
3 0 2 2 1 1 0 2 5 6 4 3 2
4 4 1 3 1 3 3 5 1 1 0 3 3
10 5 8 6 4 6 3 4 2 2 2 9 1
23 2 4 5 7 7 8 11 18 5 0 1 1
4 4 15 4 2 13 13 2 6 15 1 7 15
19 7 7 0 4 8 12 15 7 6 8 1 0
4 3 8 13 9 6 3 9 2 9 9 6 3
6 4 5 5 8 8 12 7 14 5 3 14 13
6 11 0 7 7 6 12 4 1 1 7 5 2
2 6 2 2 5 1 7 10 3 6 5 3 1
7 5 2 5 18 1 6 2 8 1 1 2 12
16 3 8 1 15 3 13 2 15 2 13 0 15
3 1 1 1 3 5 13 7 15 2 1 1 2
18 2 3 2 3 5 7 5 11 5 6 22 6
0 5 3 6 3 5 1 4 10 3 7 6 0
14 8 10 3 1 12 5 5 18 0 7 16 9
1 2 1 2 12 9 15 8 2 4 4 7 4
0 3 1 3 5 3 4 6 2 6 3 3 9
7 3 8 9 6 8 0 3 9 3 9 4 3
10 7 3 10 2 1 0 1 7 8 6 2 3
2 3 5 0 1 18 19 1 3 7 7 17 8
2 6 2 3 4 2 1 6 2 4 0 3 1
1 0 1 2 4 0 6 7 0 4 3 4 5
3 1 6 2 0 4 8 3 2 1 1 2 3
4 0 3 1 4 7 2 4 5 3 6 2 2
2 10 2 4 13 10 1 8 10 8 2 8 6
1 1 2 4 8 4 1 1 3 1 3 2 5
1 8 5 3 3 2 1 2 2 3 1 5 2
1 18 1 1 8 1 4 4 7 5 3 13 2
5 4 2 0 0 3 10 3 1 4 2 6 5
1 14 2 2 8 11 9 21 8 10 5 0 9
0 0 14 7 8 12 23 3 10 9 11 1 2
6 14 2 11 1 4 1 1 0 2 3 1 6
6 2 1 2 8 5 3 2 6 7 0 5 2
2 2 3 7 1 3 2 5 2 0 1 1 9
5 8 2 4 4 1 0 0 3 6 0 1 4
0 2 4 0 6 1 2 2 1 5 8 2 2
7 3 9 4 13 8 12 2 7 5 13 2 5
1 4 12 2 5 9 7 2 8 24 8 18 1
10 2 5 3 19 5 1 8 4 2 4 1 2
0 8 0 2 2 0 4 1 1 2 2 7 0
3 0 2 10 8 3 4 6 4 13 3 14 1
13 10 4 13 5 9 4 16 10 21 1 5 3
4 1 5 23 12 4 13 11 9 7 2 3 1
9 1 18 5 4 6 20 5 4 1 12 13 11
4 1 0 2 1 3 12 2 0 7 3 1 0
7 2 2 10 3 5 11 4 15 5 4 14 4
1 7 11 0 15 7 2 7 13 10 10 1 22
2 1 3 2 20 8 4 2 3 11 8 1 6
0 4 4 1 3 4 7 5 7 3 3 1 1
3 2 3 4 5 4 8 7 5 7 1 3 5
10 3 19 5 4 5 4 1 0 8 7 7 4
2 6 1 15 7 5 2 9 3 12 5 1 4
11 13 1 15 14 3 3 11 5 10 14 0 6
7 3 14 6 1 8 8 6 2 1 1 5 13
19 17 1 8 15 4 8 4 10 3 19 1 4
3 3 12 7 2 18 5 7 1 9 5 5 2
1 5 2 8 3 4 7 10 4 1 11 0 2
3 9 6 4 9 3 27 6 8 4 9 11 0
4 5 1 4 9 9 5 1 6 1 0 8 2
1 11 1 3 7 5 18 13 13 5 1 6 2
0 6 6 3 10 2 2 1 7 17 2 6 6
3 2 9 3 6 1 3 2 0 5 3 5 3
1 3 14 1 9 5 3 2 5 1 13 2 1
5 6 4 21 9 8 10 6 2 6 1 4 24
0 17 15 0 7 1 15 12 7 12 2 15 11
0 7 2 21 4 4 8 14 15 5 15 6 16
3 8 5 1 1 4 4 7 3 4 5 1 8
6 5 16 5 11 1 0 2 5 16 8 4 6
3 19 6 11 9 3 23 3 1 1 3 3 10
1 2 9 2 7 3 2 11 6 2 3 17 5
3 2 6 0 5 4 8 1 11 1 2 5 8
5 8 11 2 8 10 3 6 4 10 6 12 8
0 11 8 2 6 11 8 13 5 10 0 10 3
7 6 12 4 9 0 10 14 2 2 12 16 4
18 7 3 3 9 9 10 4 3 2 9 2 11
11 5 6 8 3 3 2 2 5 0 1 4 2
8 11 5 4 23 8 12 11 14 3 5 6 0
7 11 9 0 15 8 8 2 1 5 1 2 2
7 5 2 4 1 4 18 1 9 15 12 3 7
6 2 4 5 6 1 4 1 1 6 6 0 2
16 6 6 8 10 11 15 3 6 3 2 6 9
12 2 7 7 20 8 8 6 6 5 6 1 15
0 1 0 3 0 1 7 2 1 1 3 2 5
8 0 6 4 4 1 1 8 3 3 1 7 2
16 5 2 1 13 4 2 12 8 9 5 12 14
4 1 1 3 2 1 10 4 2 12 9 1 9
5 7 2 9 2 7 5 2 2 2 11 1 10
9 7 13 7 10 10 15 20 8 8 2 15 2
6 2 3 2 2 0 3 0 6 4 9 4 5
8 8 7 6 6 11 2 4 4 6 11 6 6
7 2 0 5 5 1 1 5 1 5 7 8 1
21 9 6 8 7 9 4 3 0 1 3 4 1
3 9 4 1 2 9 3 4 14 9 2 8 6
7 8 6 4 12 5 17 8 7 16 12 8 2
3 3 4 1 5 4 6 4 1 9 4 5 4
7 0 7 4 9 19 12 5 9 9 7 8 25
3 0 3 4 1 2 3 0 5 1 1 3 4
2 15 9 1 4 3 1 0 6 7 3 0 5
1 4 5 1 6 0 3 7 1 3 5 0 9
7 7 8 1 9 3 3 7 5 4 13 4 0
9 5 7 0 14 11 2 9 2 1 5 0 1
6 1 0 4 2 5 6 4 1 2 5 3 4
1 4 6 5 4 10 5 4 10 4 3 1 9
7 6 11 2 2 9 9 5 4 4 5 3 7
5 5 1 8 3 4 1 2 1 0 1 4 9
11 2 9 13 2 7 9 2 1 1 4 4 10
7 3 2 1 3 6 1 4 1 1 2 4 4
3 4 2 7 1 3 6 1 4 1 5 5 0
6 8 2 3 3 3 7 7 7 0 2 7 4
3 0 0 6 3 5 7 0 4 4 3 0 7
19 9 14 1 1 4 0 3 9 6 3 21 11
1 0 8 5 11 2 6 9 14 0 0 5 2
0 2 1 0 1 2 2 5 3 0 9 0 5
5 0 5 6 8 11 5 15 2 4 10 6 1
7 9 6 8 1 0 16 6 7 2 5 12 17
8 8 13 4 6 6 3 2 18 3 13 0 2
6 2 2 9 1 0 4 5 0 5 4 0 2
10 5 2 4 3 4 8 2 5 11 6 15 4
2 4 2 2 5 4 0 4 4 5 1 4 4
3 4 7 3 4 2 3 0 6 1 0 4 1
6 6 23 13 12 4 12 5 13 3 7 2 3
0 3 3 3 2 10 15 2 3 12 19 12 4
10 3 0 3 1 3 0 1 7 1 1 15 4
6 4 0 0 5 4 1 2 8 6 4 4 3
4 11 13 0 3 1 5 4 6 2 1 7 1
2 6 3 3 2 2 7 8 0 14 7 1 6
3 1 4 12 1 1 6 17 5 5 8 10 4
2 11 13 2 6 4 3 11 7 18 6 8 11
6 3 3 1 0 5 0 3 1 3 13 8 6
4 17 11 9 2 14 4 11 20 11 12 8 3
16 8 8 6 9 14 7 15 12 15 10 7 6
4 7 2 4 2 4 6 4 7 14 7 2 4
2 3 3 1 10 4 7 15 13 9 22 1 18
0 1 3 0 6 1 1 7 6 3 1 1 2
4 23 10 7 2 5 9 10 3 12 4 7 1
4 1 17 1 6 1 18 13 7 5 8 11 2
0 3 4 2 1 5 0 10 1 4 2 3 1
6 3 0 1 3 6 3 4 6 1 7 4 5
2 1 4 3 4 3 3 14 11 3 8 3 3
5 4 18 7 3 7 7 3 24 3 3 14 0
8 11 4 18 6 7 5 10 13 13 18 4 14
6 18 1 5 3 15 8 4 3 17 23 2 8
2 9 7 6 2 5 5 10 5 5 10 2 7
3 6 5 4 5 6 1 6 6 7 2 4 4
6 5 16 1 1 4 12 11 8 1 11 14 16
5 1 3 3 3 3 0 0 0 7 5 0 1
13 9 11 2 3 5 0 4 2 0 3 2 11
2 5 5 3 7 9 4 4 5 2 4 1 3
2 3 0 4 9 2 5 0 1 1 4 5 5
8 4 0 3 5 8 25 4 8 15 8 1 5
2 3 2 0 2 6 2 0 2 4 3 1 6
2 0 10 14 8 16 4 0 6 8 9 8 1
4 1 3 5 0 4 12 3 2 3 10 4 2
1 10 1 4 0 2 10 5 3 3 12 2 2
10 5 2 0 2 6 9 14 1 8 10 4 4
1 13 3 5 1 10 6 12 21 6 11 4 5
1 8 0 14 6 5 6 20 13 2 4 9 1
9 1 22 6 5 7 8 9 8 0 7 3 6
1 1 3 2 1 6 0 13 2 3 1 3 3
4 18 0 6 8 6 4 14 2 11 3 2 2
10 11 19 1 5 11 6 3 12 3 16 3 8
11 2 4 0 12 27 1 13 1 3 5 9 1
9 15 3 2 8 9 0 1 10 6 11 12 1
1 1 4 10 3 1 1 20 2 5 8 1 3
0 2 7 3 3 4 0 3 2 2 4 6 4
4 5 13 2 2 3 3 15 9 8 11 7 4
4 0 5 1 1 0 2 3 1 5 2 0 5
2 5 7 19 5 9 16 3 7 2 10 4 6
8 7 6 4 4 5 2 10 6 7 10 4 2
7 21 6 6 5 10 5 10 2 5 11 6 4
2 17 4 4 0 3 2 5 14 8 3 3 3
9 6 5 15 6 4 7 2 0 5 20 6 3
0 8 4 6 11 11 4 5 3 13 3 9 3
1 0 6 12 4 6 7 1 1 2 1 5 11
2 1 3 7 17 4 6 4 10 16 6 16 10
2 6 13 1 0 2 11 6 12 12 5 9 18
1 5 0 1 5 1 0 3 7 2 2 1 1
4 2 11 3 4 11 1 0 3 6 3 0 7
9 5 4 4 6 3 1 3 1 6 12 1 6
2 8 3 5 18 5 1 12 2 6 2 1 5
5 15 5 3 2 10 17 5 3 6 3 17 16
1 10 6 4 5 8 12 5 1 6 4 8 9
14 23 8 6 12 18 9 12 2 4 3 5 4
1 0 2 6 6 13 2 11 2 1 13 1 5
13 6 16 2 10 3 3 13 3 9 7 6 1
1 3 0 5 3 4 1 1 4 3 2 3 3
8 6 11 4 8 2 3 4 5 3 8 4 9
2 4 1 0 8 0 1 2 6 8 2 7 3
8 1 4 2 8 13 7 2 6 6 8 2 4
7 1 4 2 2 2 4 1 3 2 3 2 5
7 5 11 0 3 7 4 4 6 5 2 0 2
1 6 7 2 3 2 4 1 3 2 3 2 2
11 6 2 11 10 8 0 3 2 13 6 3 2
11 4 4 18 3 14 5 0 16 14 2 12 6
2 0 7 20 11 20 10 5 2 9 8 4 5
1 5 10 2 3 1 5 20 4 3 5 4 4
4 9 5 8 0 2 4 10 7 1 8 2 11
2 3 11 4 6 4 1 7 2 0 2 5 2
2 4 1 3 4 2 2 1 5 3 1 3 0
1 11 18 7 4 14 8 5 4 23 8 11 5
9 2 7 13 14 2 6 5 1 12 2 6 16
1 8 12 12 6 1 3 2 10 1 0 3 1
12 2 7 5 9 7 12 12 17 2 1 10 7
6 11 6 1 12 12 1 17 4 17 2 8 16
1 5 3 4 5 3 4 2 1 1 4 4 0
0 2 1 1 1 8 8 5 11 4 12 2 4
8 14 0 15 0 10 5 12 2 1 9 0 9
2 4 5 2 1 5 6 4 3 3 1 2 6
6 0 16 2 3 2 5 0 3 7 0 11 3
4 7 9 2 13 12 3 3 3 8 7 9 8
2 3 2 11 12 10 6 11 1 4 16 1 0
0 1 1 0 0 5 9 1 1 11 5 0 3
9 1 6 11 1 10 8 4 6 21 3 20 0
10 5 4 21 6 1 3 6 0 0 7 8 3
3 1 6 0 6 13 0 5 6 6 0 5 6
8 12 3 7 1 17 6 8 3 8 7 9 3
5 0 0 4 2 6 5 0 0 4 2 10 10
8 10 5 10 11 5 7 13 5 7 2 15 15
1 0 1 0 7 1 8 3 5 1 3 3 2
2 1 0 6 4 4 5 13 13 10 1 1 0
13 7 1 3 1 2 7 12 1 2 9 1 7
9 3 9 4 10 6 7 12 10 0 3 1 4
15 10 10 4 6 8 5 11 9 2 14 8 9
4 5 16 6 5 9 18 5 5 6 1 11 7
1 2 11 17 9 8 4 4 5 3 14 2 20
11 6 4 4 4 6 13 0 15 13 11 13 7
7 14 9 15 17 6 1 14 1 1 5 19 6
0 9 7 13 2 4 1 4 2 3 1 9 1
7 11 23 2 16 11 12 4 5 3 4 8 3
6 0 2 12 6 4 11 3 2 0 1 4 1
0 0 3 4 9 3 2 3 4 0 5 1 4
5 1 6 2 1 2 5 7 0 3 1 1 0
1 6 12 8 8 7 18 7 4 0 8 11 0
4 9 0 1 0 5 27 9 11 17 7 3 2
2 3 6 4 10 2 0 5 8 3 13 2 13
2 8 16 7 1 20 5 5 2 15 0 18 10
4 3 3 9 6 15 3 0 4 0 9 21 4
2 10 4 7 4 6 12 11 1 8 5 6 6
3 6 4 8 19 7 10 9 7 13 2 8 4
3 2 2 2 4 2 7 5 2 1 1 2 7
2 4 5 2 0 2 2 3 2 5 1 3 2
4 0 6 1 4 4 9 3 8 1 2 9 5
1 16 0 3 11 16 12 0 3 8 4 25 2
1 1 4 0 6 1 3 5 9 2 10 1 3
4 1 13 13 5 9 8 3 9 2 0 0 3
1 0 5 5 4 11 2 4 4 8 6 5 2
2 11 4 11 4 3 6 1 9 5 3 11 19
2 5 7 1 0 2 4 2 5 0 0 2 4
3 17 5 0 16 11 19 7 0 14 3 7 5
2 1 2 1 1 8 2 1 3 0 2 2 2
4 0 12 5 5 25 1 2 15 18 0 13 6
7 10 14 12 10 20 12 7 2 5 6 4 6
9 1 3 2 5 2 1 4 8 2 7 1 3
1 3 3 1 9 1 4 2 7 2 7 12 6
6 9 3 1 13 2 1 2 5 3 26 14 7
1 1 2 7 1 1 1 3 1 11 3 3 1
8 5 6 7 7 4 12 10 19 3 14 5 1
1 1 7 2 0 2 6 6 4 2 6 1 6
4 4 1 6 8 8 4 20 12 6 3 2 1
5 0 0 2 0 0 3 9 4 3 6 1 9
5 3 0 2 2 5 4 0 7 2 1 5 3
8 16 8 10 14 17 3 7 11 8 7 10 5
2 4 10 4 7 0 11 1 0 11 2 1 1
2 11 0 4 0 6 6 8 1 3 6 0 1
3 4 2 0 1 0 4 3 4 2 5 1 2
0 4 6 1 11 1 10 5 3 15 1 3 9
7 1 6 9 9 4 9 1 4 20 0 14 4
3 3 4 17 1 1 21 1 11 2 2 1 0
7 2 18 9 10 7 14 1 3 18 3 6 12
4 3 5 6 4 0 0 5 3 8 1 1 3
8 4 11 15 16 8 5 20 4 14 2 8 1
10 8 15 2 5 5 15 4 2 1 2 8 2
5 4 6 5 0 0 10 3 7 2 4 6 0
7 3 18 10 2 10 5 3 6 2 2 7 12
1 1 3 2 2 4 4 3 3 3 7 4 0
2 1 6 8 1 0 13 6 6 4 3 3 6
26 7 3 8 12 2 4 10 5 17 1 6 5
4 3 1 1 1 3 2 1 5 7 12 20 14
18 2 4 1 3 8 1 13 1 8 2 11 4
4 1 8 1 3 2 0 1 3 3 2 1 5
7 3 17 2 11 6 2 18 2 4 2 1 2
6 21 18 0 12 2 8 9 0 2 12 16 3
12 4 3 4 1 12 6 2 2 0 5 10 3
4 9 24 2 18 2 4 5 13 4 9 7 3
18 14 15 0 3 10 20 8 5 4 4 9 10
2 1 2 11 5 5 23 6 7 0 11 10 12
4 1 4 1 2 4 1 0 1 8 5 7 2
5 4 4 4 15 4 19 2 6 0 2 12 16
2 7 3 1 4 8 9 0 5 4 1 7 7
4 4 2 1 1 2 1 4 0 4 1 4 4
6 1 5 3 3 5 2 5 2 2 1 3 5
0 6 1 8 2 8 22 14 5 0 1 2 5
16 12 6 20 7 5 7 10 2 12 0 11 2
11 4 6 1 11 2 2 3 4 9 18 11 1
6 6 9 11 18 9 4 14 5 11 18 13 1
2 2 5 1 1 4 2 2 0 2 2 6 5
6 7 1 5 3 7 1 4 11 1 5 4 14
13 5 0 3 2 9 8 3 14 18 5 0 2
2 0 0 1 4 5 3 3 1 4 2 6 2
3 20 16 11 7 5 5 21 8 1 2 6 4
0 7 8 11 4 5 5 4 3 0 3 7 4
7 7 21 7 8 8 2 2 7 3 2 7 0
8 8 3 4 4 1 8 2 11 22 9 11 16
1 3 12 8 7 3 2 8 10 5 1 3 5
8 6 19 4 18 20 11 4 1 0 8 13 3
3 5 6 5 9 0 8 2 7 10 4 8 6
8 5 4 0 1 10 3 4 5 6 3 4 7
4 2 14 0 9 11 2 3 0 2 3 6 7
4 1 7 5 8 7 5 3 8 2 0 12 11
1 14 1 2 9 4 4 2 1 11 2 4 3
1 4 5 1 2 0 5 1 5 0 4 3 2
6 8 17 11 1 7 4 2 6 5 1 12 1
10 6 1 3 4 13 6 4 2 1 2 3 12
13 10 7 8 2 3 5 17 4 3 3 2 8
10 2 3 10 3 3 15 2 3 3 0 17 1
2 2 6 7 6 3 3 3 3 9 0 8 3
5 2 4 0 4 5 1 4 2 2 2 2 4
14 2 19 4 1 2 3 16 4 16 6 8 3
16 2 4 11 0 1 22 4 8 5 4 12 19
5 1 7 6 20 5 14 6 10 9 1 5 7
5 4 4 15 7 1 3 10 18 5 3 6 2
3 5 12 9 16 4 13 8 2 0 18 8 2
3 0 6 11 6 0 6 5 2 5 1 10 7
3 7 1 4 1 1 4 25 5 9 2 4 11
8 3 8 5 4 2 5 3 3 2 5 8 3
4 12 1 7 2 6 1 1 5 7 2 8 6
2 4 4 10 12 0 1 15 2 3 3 6 1
14 0 9 1 1 4 3 3 2 2 4 6 3
8 7 7 22 6 10 7 0 11 1 12 5 2
12 8 0 12 4 0 8 5 9 6 7 7 4
2 1 2 9 15 14 6 6 4 6 3 5 16
4 10 17 4 12 0 3 8 12 16 4 4 5
3 4 8 2 0 1 5 1 7 2 0 1 3
4 3 6 2 4 22 2 1 7 10 4 4 0
8 11 2 1 7 3 3 2 0 3 3 7 1
3 3 9 11 31 2 3 1 1 7 14 3 6
16 1 13 4 14 3 5 14 8 7 8 6 7
2 3 1 3 14 9 0 2 5 5 6 17 16
3 2 4 3 3 2 3 3 2 1 2 6 0
7 13 7 6 5 2 13 9 8 9 2 3 6
11 5 14 4 6 8 8 1 2 11 7 4 17
0 3 2 7 1 1 2 0 5 2 8 8 3
11 6 2 1 8 8 4 13 5 17 7 9 2
4 1 1 3 2 1 2 0 1 7 4 2 8
1 2 3 3 11 4 7 7 1 4 3 9 3
3 2 6 3 2 3 5 6 2 3 4 1 2
3 12 3 14 3 4 4 3 4 7 4 6 4
2 1 3 0 0 7 2 3 9 1 4 8 4
1 1 2 2 3 2 1 9 7 1 2 2 6
1 2 6 7 0 6 4 1 5 1 1 6 3
2 7 3 3 5 1 6 9 0 3 4 1 4
8 2 3 3 16 1 2 19 5 8 8 10 7
11 9 6 15 9 7 4 14 12 4 4 4 8
1 3 1 3 8 1 3 1 0 4 3 2 3
4 12 9 2 12 4 7 2 23 3 4 16 10
1 3
4 84
5 45
5 50
5 84
6 25
6 40
6 73
6 80
7 34
8 107
9 61
9 92
10 66
11 44
12 41
12 83
12 94
14 38
14 110
15 30
16 40
18 84
19 104
22 39
22 72
23 89
24 103
24 123
25 67
25 105
26 55
26 95
27 75
28 69
29 93
30 42
30 104
30 107
30 108
31 60
31 118
32 125
33 37
33 64
33 130
34 49
36 52
36 91
37 70
37 136
38 131
38 137
40 63
40 64
40 89
40 108
41 60
41 75
41 125
46 53
46 76
47 72
48 90
50 57
50 64
50 111
52 124
54 143
55 60
55 121
56 57
56 110
56 141
59 69
59 141
60 63
60 74
60 97
60 109
60 127
61 156
63 78
64 103
65 162
66 75
67 72
67 77
67 99
67 153
69 110
70 127
70 151
70 168
72 86
72 91
73 119
74 94
74 113
74 144
74 146
75 80
75 117
75 137
75 142
77 120
78 133
80 171
81 84
81 112
81 134
81 143
83 116
83 160
84 100
86 103
86 153
86 164
86 182
87 161
89 151
90 134
93 100
95 154
95 157
96 141
96 188
97 104
98 151
98 167
99 198
100 102
100 165
101 185
102 135
102 161
103 141
103 168
104 167
104 182
105 133
105 205
106 137
106 182
107 162
107 163
107 184
107 186
109 121
109 198
110 139
110 160
111 189
111 191
112 119
113 122
113 123
113 130
114 121
114 194
116 123
116 145
117 125
118 132
118 140
118 204
119 215
120 211
121 130
121 169
121 203
121 210
121 216
122 171
122 187
122 192
123 188
123 220
124 129
124 168
124 192
125 199
126 160
127 144
128 155
129 154
129 229
130 184
130 192
130 220
131 140
132 140
132 196
133 153
133 168
133 215
134 183
134 228
135 144
135 179
137 176
137 197
139 211
140 191
142 160
142 189
144 187
144 227
145 181
146 170
148 216
150 155
151 162
151 233
152 166
152 225
152 248
153 158
153 164
153 168
153 186
154 202
154 253
157 164
157 204
158 214
159 188
159 203
159 243
159 249
160 168
160 199
160 226
163 202
163 225
163 236
165 195
166 178
166 225
169 177
169 192
169 230
170 229
170 237
171 188
171 217
171 251
173 180
173 221
173 261
174 207
174 221
176 246
177 237
177 248
178 222
178 228
178 259
179 215
181 269
183 272
184 203
184 211
184 249
184 267
184 281
185 228
185 241
185 251
187 223
188 207
188 231
190 253
191 196
191 257
191 263
192 261
193 197
193 233
193 234
194 206
194 213
194 283
195 282
196 236
196 247
199 226
200 213
200 250
200 262
200 266
201 215
201 247
201 255
201 274
202 204
202 237
204 284
205 214
205 250
205 252
205 254
205 282
205 293
206 287
207 270
209 258
209 275
209 276
209 284
209 305
210 306
210 309
211 222
211 228
211 299
212 251
212 265
212 283
212 305
213 260
214 247
215 236
215 290
215 298
217 237
217 265
217 271
217 291
218 227
218 306
219 240
220 237
220 248
221 248
221 269
221 286
221 303
222 292
223 288
223 303
223 319
224 229
224 237
225 282
226 252
226 258
228 297
229 271
229 308
230 261
230 318
230 322
231 248
231 250
231 267
232 297
233 245
233 264
233 320
234 290
234 319
235 285
236 245
237 255
238 273
239 248
239 277
239 336
240 244
240 253
240 295
241 314
242 294
243 292
244 255
244 285
245 307
247 258
247 298
247 345
248 268
248 289
248 291
248 297
248 334
250 337
251 306
254 313
254 322
255 303
257 355
258 300
259 325
261 333
261 360
262 362
263 334
266 297
266 320
266 322
268 343
268 361
268 367
269 329
270 314
270 335
270 369
271 319
271 353
271 364
272 323
273 295
273 309
274 369
275 294
279 290
279 323
280 329
280 339
281 284
281 331
281 353
281 356
282 299
282 308
282 328
282 341
282 358
283 357
284 299
285 306
285 335
285 359
285 376
286 300
288 303
288 337
288 367
289 381
290 297
290 358
291 371
292 306
292 360
293 361
293 386
294 343
295 332
298 319
298 345
300 347
301 366
301 388
301 397
302 330
302 382
303 389
304 312
305 312
306 308
306 396
307 311
307 400
308 334
308 349
308 405
309 361
310 355
310 356
311 410
312 329
313 348
313 356
313 413
315 341
315 414
316 361
316 384
316 404
317 347
318 388
319 331
319 395
320 358
320 418
321 342
321 385
321 412
322 329
322 346
322 384
324 328
324 344
324 391
324 416
325 385
327 333
327 352
327 384
329 419
330 358
330 400
331 414
332 385
332 388
334 357
334 365
334 376
334 391
334 431
335 349
335 374
336 398
336 408
336 413
338 343
339 387
339 390
339 437
340 375
341 366
342 372
342 382
343 396
343 437
345 355
346 417
346 441
347 412
348 377
349 380
350 389
350 394
350 402
350 415
351 357
351 360
351 369
352 385
352 393
352 425
353 386
354 367
354 377
356 434
356 451
357 415
358 375
358 379
359 377
359 446
361 368
361 401
361 446
362 386
362 406
362 451
363 396
364 365
364 399
365 390
365 436
366 370
366 382
366 412
367 408
367 448
368 375
368 457
369 440
369 443
370 420
371 461
372 419
373 385
373 411
374 394
374 441
374 467
375 404
376 390
376 455
377 454
378 400
378 403
378 461
378 466
379 383
380 384
380 445
381 476
382 394
382 427
382 465
383 411
383 475
384 458
385 473
386 410
386 457
386 470
386 478
387 409
387 411
390 462
391 422
392 403
392 471
394 447
394 486
396 451
396 455
397 467
397 475
398 459
399 429
399 432
400 456
401 414
401 480
402 403
402 483
403 492
405 418
405 434
405 493
406 481
408 478
409 477
409 501
410 424
410 445
412 454
413 420
414 487
415 439
415 503
416 424
417 428
417 470
418 434
419 427
419 513
420 424
420 427
420 445
420 448
420 479
420 497
422 427
422 439
423 510
424 448
424 481
424 486
425 492
427 477
428 476
428 481
428 499
430 437
430 471
430 523
431 526
432 473
432 484
432 508
433 456
434 437
434 524
435 513
435 525
436 440
437 491
437 523
437 536
438 467
438 533
438 536
439 470
439 481
440 463
440 535
441 480
442 470
442 496
443 444
443 508
444 448
445 535
446 499
447 522
448 548
450 498
453 470
453 511
453 519
454 491
454 547
455 467
458 461
459 503
459 518
460 534
461 495
463 512
463 553
463 563
464 510
464 534
464 549
464 558
464 561
465 503
465 525
465 554
466 500
466 530
467 509
468 514
469 477
469 503
471 526
471 531
472 540
473 494
475 513
476 499
477 490
477 565
479 547
480 544
480 577
481 518
482 495
484 500
485 503
486 564
487 587
488 531
489 502
489 580
491 562
491 586
494 581
495 518
495 555
495 558
495 582
496 553
497 519
497 535
497 575
498 504
499 504
499 517
500 525
500 534
501 508
501 526
501 600
502 511
502 526
502 542
502 577
503 579
504 564
505 508
507 537
508 554
509 513
509 588
510 523
512 559
514 515
514 535
519 535
519 576
523 595
523 599
523 607
523 623
524 571
525 585
526 532
529 534
529 535
529 601
530 598
530 616
531 588
532 548
534 541
534 544
534 634
535 561
535 612
536 546
538 549
538 555
538 556
539 547
539 551
539 582
541 583
541 617
542 593
542 601
542 623
543 562
543 565
545 553
547 576
548 591
548 599
549 603
550 624
551 648
552 570
552 599
552 643
553 637
553 646
555 641
555 644
556 631
556 648
557 587
557 638
558 567
558 583
558 596
559 645
560 650
561 574
561 622
563 588
563 619
563 638
563 649
563 650
563 657
564 607
564 616
564 651
565 603
565 635
566 582
566 585
566 635
567 574
567 598
567 613
567 666
568 649
569 588
569 654
569 658
571 625
572 586
572 604
572 655
575 650
575 671
576 578
576 589
576 622
576 670
577 586
577 606
578 609
578 615
578 638
578 653
579 594
579 640
580 649
582 584
582 635
582 653
582 658
583 598
583 621
583 680
584 590
584 599
584 617
585 615
585 628
586 595
587 588
587 681
588 597
589 592
589 687
590 609
590 618
590 624
591 594
591 601
591 605
591 638
592 606
592 661
593 682
594 612
594 632
594 662
594 668
595 604
595 611
595 632
595 662
595 691
599 604
600 692
602 604
602 626
603 666
604 627
604 647
604 673
604 698
605 688
606 608
606 667
607 667
607 691
607 703
608 613
608 615
608 630
608 667
611 641
611 687
612 692
613 691
614 619
614 625
614 650
614 685
615 707
616 618
617 641
617 647
618 620
618 633
618 656
621 634
621 692
621 717
622 714
623 630
623 697
626 698
626 709
626 713
628 652
628 702
629 709
630 636
631 673
631 709
632 691
632 717
632 718
633 672
634 717
634 719
635 654
635 655
635 656
635 687
635 691
637 651
637 667
637 682
638 640
638 700
638 706
638 718
639 733
641 679
641 684
641 735
642 655
642 675
643 685
643 697
645 658
645 713
646 652
646 661
646 728
647 663
648 653
648 692
650 685
650 707
651 668
651 687
651 707
652 703
655 673
658 758
659 706
662 670
662 706
662 751
663 681
666 704
666 765
667 696
668 708
668 717
669 672
669 682
669 726
669 745
670 710
670 729
670 758
671 692
672 676
672 689
672 757
674 680
674 765
675 762
676 766
677 747
678 695
678 696
679 774
680 721
680 746
681 735
681 761
682 689
682 700
682 729
682 774
683 694
684 756
685 687
685 721
685 733
685 737
685 753
685 762
686 746
687 739
688 777
689 702
689 740
689 777
690 704
690 711
690 770
692 759
695 770
695 790
696 750
697 712
697 753
698 724
698 743
698 763
698 781
699 739
699 753
700 756
700 796
703 775
703 777
704 776
704 778
705 711
705 726
705 731
706 734
707 779
708 755
708 769
709 735
709 806
710 784
710 801
710 808
713 739
713 746
713 781
713 785
714 742
714 795
716 806
716 808
717 739
717 762
717 798
718 732
718 767
719 743
719 753
719 789
720 729
720 737
720 762
721 736
721 800
722 790
723 752
723 753
723 774
724 745
725 791
726 727
726 822
729 744
729 754
730 747
732 776
733 769
734 741
734 749
734 804
735 756
736 802
737 740
739 796
740 762
741 768
741 832
742 749
742 753
742 811
744 783
745 806
749 770
750 773
750 802
750 806
751 805
752 798
752 800
752 806
753 829
754 814
754 841
755 778
755 794
758 791
758 845
759 785
759 837
760 769
761 829
763 829
763 847
764 852
765 836
766 807
767 787
768 814
768 817
769 816
769 847
769 859
770 798
771 861
772 862
773 791
773 865
774 859
777 839
780 827
780 833
780 837
781 853
782 791
782 793
783 786
783 868
784 878
785 809
787 845
788 802
789 809
790 801
790 844
790 849
790 856
792 809
792 811
793 816
794 797
794 802
794 881
795 872
796 819
796 854
797 821
797 834
798 827
798 855
799 876
800 812
801 851
801 883
802 819
802 854
802 871
804 805
806 820
806 821
807 842
807 882
807 893
808 809
808 855
808 890
810 859
810 890
810 903
811 838
812 832
812 897
813 910
815 832
817 866
817 870
818 854
818 869
819 852
819 880
820 855
821 858
822 904
823 830
824 839
824 857
824 885
824 901
825 871
825 886
826 868
827 842
827 854
828 905
828 906
830 832
831 897
832 848
832 851
832 898
833 845
833 917
834 866
836 842
836 906
837 889
838 907
841 884
841 907
842 881
842 900
842 930
842 936
843 896
843 930
844 898
845 850
845 920
845 939
846 877
847 909
848 882
848 903
852 889
854 898
854 922
854 935
855 865
856 875
856 905
856 915
857 896
857 908
857 911
857 918
858 904
859 940
860 918
860 944
861 928
861 938
861 956
863 919
864 930
864 932
864 962
864 964
865 948
866 883
866 884
866 901
866 953
866 954
868 924
868 929
868 934
869 926
870 887
870 891
870 895
871 916
872 945
872 962
872 970
874 880
875 941
876 878
876 942
876 968
878 902
879 972
880 905
880 953
880 969
881 901
881 912
881 913
881 958
882 893
883 963
884 908
884 933
885 914
886 974
887 908
889 924
889 930
890 892
891 984
892 951
893 957
893 966
894 903
895 956
895 983
896 969
897 937
897 953
897 977
898 914
898 972
898 996
900 921
901 936
901 957
901 985
902 913
903 940
903 942
904 991
905 910
905 980
906 962
906 976
907 925
907 983
908 940
909 935
911 929
911 952
911 979
913 930
913 950
914 962
914 997
915 920
915 934
915 945
915 971
916 922
916 923
916 964
917 919
917 923
917 981
918 944
918 970
918 979
920 953
922 960
922 972
923 934
924 925
925 929
927 997
928 947
928 950
929 932
932 990
932 998
933 985
933 987
936 938
936 963
936 991
938 955
939 990
942 948
942 971
942 976
942 980
944 951
944 962
946 965
947 995
947 998
951 956
951 959
952 988
952 990
953 957
954 955
956 974
956 984
958 997
959 994
962 995
963 981
966 973
969 974
970 990
972 984
973 974
988 990
995 999
14 7 2 1 12 7 8 5 8 12 5 6 7
4 4 10 10 2 7 21 9 2 14 3 23 7
2 3 12 12 18 20 30 25 11 24 10 12 4
3 3 4 11 14 8 4 5 6 15 1 10 10
4 1 7 16 15 4 1 6 1 5 1 3 12
3 11 4 19 12 5 0 4 0 6 2 6 16
1 13 7 6 4 3 7 3 4 12 8 8 3
3 13 11 0 1 5 3 5 11 5 4 1 2
11 0 14 11 2 0 0 14 22 3 6 10 7
13 24 1 5 2 5 6 9 14 16 18 12 28
4 10 9 4 16 1 3 5 8 3 3 5 10
14 2 11 4 3 11 0 8 6 2 2 24 3
0 5 7 5 2 8 1 10 4 6 3 4 9
13 8 17 14 21 13 7 17 12 6 13 17 8
17 9 12 35 15 13 10 8 12 10 5 13 15
7 2 7 13 10 2 9 3 5 6 1 8 9
0 19 12 3 10 25 11 5 30 9 17 7 15
3 2 4 2 22 5 1 13 10 3 1 1 7
7 4 11 10 1 14 5 16 3 14 2 10 29
1 6 11 15 11 0 10 1 7 1 5 2 13
9 10 6 13 15 17 10 14 15 13 9 12 15 1 1 11 8 18 10 17
27 31 17 36 41 44 32 36 23 12 37 30 37 6 9 36 23 40 29 43
31 48 23 42 51 49 55 56 33 23 44 41 48 6 15 49 24 40 40 50
30 34 26 43 50 53 49 50 29 21 42 39 45 15 13 37 35 39 33 42
43 39 5 54 64 65 62 61 52 49 50 54 60 17 21 55 31 52 43 54
11 7 3 8 13 17 14 23 13 9 8 16 11 1 1 6 7 9 7 9
12 4 5 13 14 18 9 19 12 10 13 12 18 1 1 5 10 26 3 16
13 24 11 20 31 31 28 40 28 7 24 33 30 2 4 21 13 31 21 31
20 31 7 18 36 36 36 53 50 24 30 45 42 7 7 35 12 39 21 44
28 17 7 24 39 41 33 41 24 21 34 13 37 1 1 25 18 44 11 38
29 14 12 23 18 16 24 27 20 21 20 26 20 3 2 23 20 28 14 19
19 18 9 16 23 18 19 24 25 15 26 31 24 6 3 23 16 31 19 20
9 14 6 9 16 15 14 21 18 11 13 16 19 1 1 11 12 18 14 14
7 18 23 19 20 12 19 18 20 3 13 17 20 5 4 19 13 21 15 25
8 8 5 7 24 15 7 24 17 2 12 19 19 1 1 11 5 25 10 11
11 9 3 8 11 14 15 21 10 9 8 11 11 1 5 10 12 7 7 15
25 17 11 31 45 38 24 48 30 17 37 39 43 8 4 27 22 52 24 37
43 38 21 35 32 37 48 54 34 28 43 48 42 9 19 35 29 40 32 40
1 4 1 3 8 6 2 5 13 4 5 8 7 1 1 7 1 6 6 4
27 16 19 29 43 36 32 45 43 16 36 42 41 22 8 27 16 51 14 37
35 29 15 28 37 36 49 53 40 25 40 48 41 13 8 31 20 36 19 36
20 22 17 26 37 30 18 30 35 3 30 34 31 11 14 32 11 39 19 38
5 2 1 4 13 11 7 12 18 4 11 8 7 1 1 10 3 13 3 13
45 56 30 60 68 67 56 52 47 33 54 46 58 21 26 63 20 62 46 64
8 7 5 14 16 17 7 18 13 8 12 15 18 2 2 6 8 20 10 10
43 38 18 40 42 39 36 39 31 23 41 45 44 9 16 40 13 51 38 33
45 35 8 41 57 52 57 64 47 46 52 58 58 18 22 48 31 50 43 49
4 7 3 11 17 12 8 11 16 2 9 19 12 1 1 15 6 14 7 17
33 33 13 35 57 53 38 49 34 11 43 51 48 14 22 47 21 47 31 55
21 15 13 32 42 42 33 42 27 15 42 23 37 7 6 30 28 41 16 48
16 14 5 20 26 27 13 16 17 9 16 23 22 1 2 18 8 26 16 18
8 15 8 10 12 13 18 20 26 17 8 22 21 1 1 13 11 15 16 19
4 1 3 2 4 6 7 7 9 4 5 5 4 1 1 3 4 4 1 11
37 20 22 32 50 35 27 49 49 25 45 33 45 16 19 45 26 57 34 51
29 31 14 38 43 47 34 39 28 29 29 36 45 6 11 30 18 43 33 26
46 52 28 47 58 53 50 64 50 30 36 56 67 9 17 47 26 60 48 43
8 1 1 2 8 4 5 13 12 4 10 11 6 1 1 6 7 15 1 12
3 7 2 5 11 12 5 10 7 4 4 10 9 1 1 5 2 8 8 5
34 18 16 24 29 25 34 38 28 20 27 29 21 10 6 31 15 36 4 27
45 45 9 48 65 62 48 61 54 40 55 63 58 13 19 58 21 59 35 55
40 35 10 46 65 62 42 56 56 27 54 58 51 21 28 56 23 59 35 56
23 32 10 25 36 43 36 36 34 28 29 41 48 12 9 32 14 31 31 38
59 54 32 48 60 47 58 73 64 32 61 65 66 24 20 59 24 76 42 62
1 6 4 6 13 14 7 16 15 5 10 15 12 1 1 4 5 14 8 15
24 24 8 20 32 34 34 38 28 29 24 18 35 1 1 24 18 34 18 32
46 32 5 53 69 67 49 52 44 38 57 51 53 14 25 56 24 58 35 58
25 40 25 38 57 46 33 46 47 17 43 41 47 16 15 48 18 55 31 53
17 16 11 21 24 17 3 20 25 11 12 25 21 6 6 17 5 31 19 15
10 3 4 11 10 12 10 13 7 7 9 7 10 1 1 8 8 17 1 10
39 24 6 43 50 50 41 45 39 41 43 35 40 10 17 44 17 46 22 42
2 4 5 5 12 3 1 4 13 1 1 11 8 1 1 8 1 12 5 14
3 1 1 3 12 9 3 8 16 2 7 9 6 1 1 6 2 10 2 8
9 25 14 17 29 26 31 35 39 13 22 36 30 5 1 24 6 29 20 24
1 1 2 3 4 8 6 3 4 1 4 3 5 1 1 2 5 5 1 14
16 18 16 25 27 30 23 22 12 17 23 19 25 3 6 20 16 30 14 25
6 6 4 4 14 9 7 14 18 7 11 10 6 1 1 10 4 14 6 20
5 3 4 4 9 7 9 9 11 4 7 5 6 1 1 9 6 10 1 19
56 50 31 55 58 58 63 77 37 35 61 62 69 19 16 47 33 68 47 51
7 11 8 10 16 12 9 7 15 7 6 10 11 1 1 13 6 11 11 12
28 18 16 30 33 31 26 42 28 17 30 40 36 4 11 24 16 48 22 30
40 53 43 53 61 58 61 55 39 33 54 52 59 24 18 57 23 61 42 54
4 11 2 10 22 13 5 8 14 2 5 17 13 1 1 11 1 17 12 14
12 15 9 18 32 31 15 34 35 14 23 39 31 11 8 20 11 35 19 22
19 24 9 27 38 34 27 37 19 10 24 32 29 1 13 28 20 31 16 33
34 34 15 29 44 39 37 48 43 25 27 53 51 10 5 37 16 46 32 40
20 29 10 21 32 33 42 40 28 21 24 30 30 1 8 29 20 20 19 33
31 31 31 39 49 43 44 52 45 22 38 34 51 8 9 40 28 51 34 53
40 49 45 45 52 41 54 60 57 17 44 54 52 29 24 49 26 52 34 53
12 21 6 9 22 20 27 36 26 21 21 23 30 1 1 15 18 29 17 27
44 47 33 40 56 38 45 62 58 24 53 63 61 25 11 51 25 70 35 51
19 17 20 16 25 16 29 40 24 9 27 27 27 8 1 19 17 38 6 28
1 6 7 9 15 11 4 8 18 1 7 15 11 1 1 9 4 13 8 11
16 21 9 20 24 24 21 28 22 12 24 13 24 1 8 22 10 25 16 26
53 38 20 57 59 57 56 52 36 41 50 55 61 14 20 47 40 58 37 44
5 7 2 10 16 13 4 10 16 1 12 17 11 2 5 13 3 17 8 17
36 44 10 36 48 51 54 62 34 31 41 37 50 1 15 45 23 39 29 55
32 27 19 26 35 27 25 41 36 17 34 44 35 19 17 33 21 41 25 38
3 9 1 3 10 10 5 11 12 8 1 9 10 1 1 3 2 7 10 5
8 12 8 14 22 22 23 22 6 1 13 13 16 1 1 13 12 13 7 27
7 14 1 15 25 25 13 25 19 4 17 22 23 1 4 16 3 22 18 22
35 28 20 34 44 28 27 48 52 33 46 50 47 19 1 36 23 62 31 38
36 18 5 37 56 55 42 48 34 30 47 29 43 5 10 40 23 50 15 51
3 6 1 1 15 14 9 7 16 4 9 6 8 1 1 9 3 8 4 11
16 13 6 17 25 29 21 20 21 13 22 12 17 1 1 19 12 27 5 29
16 13 9 21 26 25 22 33 20 15 18 25 24 1 1 21 16 31 10 28
18 21 6 25 44 42 26 45 41 14 40 39 38 12 14 33 12 40 27 42
16 26 15 17 30 19 27 41 46 19 21 39 36 4 1 25 7 37 22 33
10 1 5 6 16 13 9 23 12 6 11 16 14 1 1 7 8 21 4 12
14 14 10 14 20 20 24 33 24 17 19 18 22 1 1 14 14 26 12 32
7 8 6 10 14 15 9 15 19 11 6 14 14 1 1 10 6 16 9 13
1 5 8 7 10 7 8 12 6 1 5 3 10 1 1 4 9 12 3 12
39 40 10 41 51 52 55 53 45 42 41 55 50 6 17 45 27 42 35 45
10 2 1 3 7 11 6 13 6 4 7 6 4 1 1 6 7 8 1 11
17 6 4 15 24 23 15 26 25 15 22 18 18 1 4 17 9 26 9 28
21 16 11 18 31 31 26 28 16 7 25 15 29 3 4 20 18 28 17 39
42 32 16 45 65 57 42 66 47 22 62 57 62 22 23 51 43 71 32 63
25 11 6 18 28 29 24 38 22 22 25 29 25 4 5 16 15 33 13 24
19 33 11 25 43 34 30 46 51 24 29 46 43 8 8 33 11 42 37 36
1 1 1 2 10 6 1 7 11 1 3 10 6 1 1 2 1 13 1 10
7 6 1 1 8 6 10 21 17 11 13 14 9 1 1 6 5 16 6 15
26 15 9 30 37 32 15 27 27 16 26 31 27 5 6 29 12 42 16 30
1 4 2 5 8 9 4 7 4 1 4 3 6 1 1 3 4 6 3 6
40 38 34 49 63 52 53 57 45 20 49 57 60 31 21 47 25 61 36 50
9 5 6 11 16 14 10 21 23 10 15 17 18 5 1 9 10 21 10 13
28 22 11 23 31 33 27 29 9 20 20 24 31 5 8 23 8 31 21 27
43 34 28 41 58 45 42 64 49 14 50 64 55 28 19 45 32 67 21 50
49 33 17 47 62 57 46 62 58 38 59 58 61 20 22 49 23 74 42 52
19 27 7 26 37 39 29 40 28 22 24 31 45 2 7 22 12 36 29 25
25 6 9 23 33 33 26 45 25 22 28 25 38 6 7 16 22 40 22 27
14 9 6 10 29 22 15 22 23 10 15 18 17 1 1 18 1 30 6 24
6 2 1 1 6 2 2 15 10 5 4 9 9 1 1 1 5 13 3 4
21 16 7 26 33 38 32 38 31 24 29 24 29 8 6 24 14 31 19 32
24 21 5 14 35 34 30 40 33 28 29 27 39 6 1 24 16 40 17 35
14 19 12 22 32 21 6 21 34 8 21 33 27 9 10 25 5 34 22 29
47 36 30 43 60 51 46 48 47 36 44 42 56 12 20 49 29 59 43 55
9 16 8 11 17 13 12 20 19 12 5 18 18 1 1 9 6 20 15 16
23 23 19 32 42 39 36 39 29 23 32 31 31 3 7 37 20 40 16 44
4 1 1 1 2 2 2 9 9 2 9 6 1 1 1 2 3 9 1 11
4 2 1 4 9 8 4 8 10 1 7 8 7 1 1 7 5 11 3 12
5 7 6 5 18 14 13 16 20 3 8 17 10 1 1 10 1 15 5 8
1 5 3 4 15 10 5 7 15 1 6 15 7 1 1 8 1 11 6 9
25 26 19 25 44 35 30 31 28 14 28 36 33 11 5 35 4 43 22 41
7 15 6 8 18 17 20 29 22 15 13 12 21 1 1 11 11 22 11 21
9 24 23 28 31 23 15 20 23 1 20 24 28 6 6 25 13 33 23 30
3 1 3 2 14 10 5 12 8 1 5 6 11 1 1 4 6 15 1 17
52 28 17 56 73 64 51 65 66 43 62 60 64 28 30 63 34 71 43 69
45 30 19 42 48 51 45 55 36 44 48 50 51 14 21 37 38 53 25 42
19 20 9 17 27 29 24 42 27 22 19 33 35 3 2 14 12 36 20 23
6 1 1 5 9 8 1 7 13 7 6 11 7 1 1 5 4 12 4 10
13 13 14 17 25 22 28 29 25 3 21 23 18 7 2 21 10 23 4 23
6 3 1 5 10 8 3 15 3 2 6 6 9 1 1 5 5 14 4 10
1 2 1 3 3 5 2 8 7 1 4 5 3 1 1 6 1 6 4 12
7 13 6 14 29 20 8 18 28 8 14 24 20 3 1 18 2 26 16 22
10 6 10 17 24 17 16 23 32 10 19 31 17 9 5 16 5 26 15 17
19 15 8 12 21 25 27 32 29 17 21 23 18 3 3 16 11 21 11 26
26 23 14 28 45 40 36 36 35 30 27 24 43 1 8 36 17 41 31 36
11 16 10 14 37 26 14 27 29 4 20 32 28 6 1 23 6 32 17 30
56 37 31 53 67 59 60 64 64 35 61 69 66 36 21 60 32 75 33 58
4 10 12 14 25 17 11 19 25 5 17 18 20 1 1 12 9 26 9 26
6 11 12 14 15 11 13 23 7 3 8 14 14 1 1 13 10 20 10 17
40 56 39 55 75 63 63 67 53 33 57 55 72 24 18 56 21 69 52 65
6 11 1 11 21 17 15 13 16 4 13 18 9 1 3 18 6 8 6 20
31 21 21 34 47 40 30 45 36 22 35 37 44 6 6 32 21 55 24 43
56 42 21 56 59 55 58 78 57 52 61 76 69 18 24 53 42 75 42 54
51 33 23 46 70 62 50 61 50 30 56 61 58 29 20 57 16 70 34 63
1 2 4 4 7 6 5 3 10 2 1 7 6 1 1 6 4 7 3 11
17 18 11 18 30 26 31 46 30 19 30 34 32 3 5 18 22 32 15 34
13 19 16 22 26 21 20 27 33 13 19 29 28 6 3 21 11 31 17 33
34 43 23 44 54 51 55 67 48 39 48 57 62 14 9 41 41 56 45 49
12 15 12 17 31 28 26 35 24 7 24 25 24 1 5 17 15 25 11 33
58 38 17 50 63 65 58 70 48 48 64 49 65 7 22 50 39 69 41 58
39 35 9 40 55 60 55 68 68 45 55 61 61 28 28 55 40 48 45 62
13 4 1 6 17 15 4 17 10 8 13 12 12 1 1 7 5 24 5 14
43 41 21 45 56 57 58 66 49 41 45 66 64 16 14 48 34 56 38 47
3 7 5 1 8 6 9 19 8 7 4 9 11 1 1 1 4 8 7 9
28 41 14 33 44 38 36 44 25 14 27 41 46 3 10 38 18 36 37 44
20 1 9 13 23 22 19 26 24 16 23 6 19 3 7 18 15 28 10 31
4 5 3 4 6 6 9 13 14 7 5 10 10 1 1 6 5 9 6 14
19 28 22 26 41 31 36 53 41 23 38 34 42 5 1 29 23 50 21 44
9 23 9 17 25 22 19 26 27 15 11 24 29 1 1 19 9 25 22 21
41 31 13 46 60 56 45 48 37 35 47 40 55 7 7 44 20 62 30 45
30 44 25 43 52 46 48 52 49 27 37 53 54 9 9 43 13 55 38 42
32 36 17 39 50 47 31 44 25 22 33 43 43 14 18 37 6 45 40 34
38 34 20 46 63 63 53 63 38 22 57 34 57 6 13 48 31 59 34 58
36 21 14 27 39 45 42 48 38 25 43 36 38 14 13 37 27 49 10 47
9 20 13 22 33 35 29 29 21 10 25 19 27 1 3 24 13 26 16 29
21 14 11 26 38 29 18 38 30 6 28 34 34 6 7 26 14 45 22 34
25 28 14 29 45 42 41 53 46 26 48 45 47 11 6 35 31 50 26 40
53 53 21 50 58 49 50 57 61 43 52 61 63 20 21 56 17 70 47 56
46 50 22 47 56 56 64 61 59 47 50 60 63 27 17 49 7 56 41 47
22 19 6 15 28 23 19 31 25 19 24 34 32 7 3 18 17 36 19 23
33 29 24 43 49 44 41 43 41 24 36 40 42 15 8 41 15 50 27 34
47 45 18 47 53 54 54 69 43 32 45 52 57 11 28 48 36 54 38 55
23 28 7 22 45 36 31 45 49 20 37 50 41 13 11 40 21 42 28 39
17 17 19 22 22 24 24 31 24 15 16 24 27 8 1 14 12 30 12 16
50 47 29 49 59 56 57 75 44 37 58 62 65 15 22 52 44 73 42 56
23 14 5 31 36 36 18 24 28 22 25 28 29 10 11 26 8 36 23 20
4 14 1 7 16 14 7 24 17 11 7 18 19 1 1 6 1 16 16 9
30 38 29 36 44 38 46 60 45 27 36 44 48 9 6 38 29 51 31 44
8 14 1 14 25 24 14 16 28 16 16 18 18 1 1 17 1 23 12 18
5 15 12 12 15 15 18 19 17 10 7 16 16 1 1 11 8 15 12 19
11 1 1 3 1 4 4 9 1 8 2 3 6 1 1 1 6 11 1 4
9 6 7 16 22 18 10 16 22 11 14 21 13 1 1 16 1 27 9 15
21 18 8 21 33 27 19 23 18 17 18 20 27 1 4 22 10 31 18 27
51 29 28 45 56 56 50 57 36 38 52 37 48 15 26 48 44 56 27 61
5 9 6 9 15 13 9 14 7 2 5 12 11 1 3 10 4 12 9 9
26 23 19 27 30 28 29 40 26 23 27 41 38 4 1 20 17 47 17 17
5 11 7 10 19 15 11 9 19 6 11 15 13 1 1 14 7 14 12 16
6 4 1 6 12 13 2 13 5 6 3 8 11 1 1 3 1 14 5 9
3 9 9 9 15 12 11 10 9 1 2 11 10 1 1 9 6 10 8 7
7 18 9 9 14 12 19 32 16 13 11 18 23 1 1 8 14 18 16 16
44 29 5 49 68 66 50 57 46 33 59 51 55 25 25 53 28 59 39 64
16 13 8 13 19 16 19 28 16 13 6 20 20 1 1 15 5 25 11 16
46 32 19 44 56 52 56 69 55 36 48 59 61 14 13 48 31 61 43 49
30 28 10 43 53 55 46 48 37 35 42 26 49 14 9 38 18 52 29 41
44 46 23 39 56 52 48 74 69 34 50 66 62 16 19 52 21 66 40 58
19 29 14 21 44 35 25 34 50 11 31 41 42 17 12 35 12 39 27 39
49 40 23 61 76 80 60 61 54 46 68 56 67 29 29 64 38 72 46 70
5 4 5 5 9 11 6 10 9 5 5 4 9 1 1 2 7 10 1 11
42 40 26 48 61 56 58 69 40 35 54 42 61 10 20 51 52 59 40 60
39 46 27 54 67 56 54 68 64 38 53 60 65 28 25 53 24 68 51 59
56 21 20 44 46 45 53 70 51 47 53 51 60 27 19 38 44 68 40 41
11 10 12 8 20 14 14 21 20 7 9 19 15 1 1 12 8 22 9 19
33 31 24 45 59 54 46 57 37 28 48 39 50 3 11 46 33 57 24 57
34 28 12 38 63 61 42 60 44 14 55 49 58 20 19 46 30 60 36 59
32 33 15 32 29 32 39 47 38 25 22 44 36 1 11 35 18 33 29 35
15 14 1 16 27 27 25 27 19 15 22 13 17 1 1 21 8 21 5 35
44 25 9 32 37 38 44 55 31 38 48 34 43 7 9 36 32 51 13 50
49 45 18 42 47 49 54 59 38 35 45 59 54 8 19 45 25 49 32 43
11 17 9 15 33 22 14 28 44 12 25 35 30 12 7 28 8 35 18 29
5 2 2 1 1 2 7 17 2 4 3 8 9 1 1 1 8 8 2 6
46 49 29 57 75 68 57 63 46 23 59 55 61 15 26 68 31 67 38 73
5 9 3 13 22 19 6 14 23 8 14 21 15 2 1 12 2 19 14 13
29 42 32 42 47 45 48 46 33 18 35 41 48 12 9 40 23 51 25 40
35 30 9 34 50 53 52 61 50 40 39 44 56 8 7 39 22 50 37 47
49 43 25 46 66 55 46 64 47 27 58 64 59 21 13 52 8 74 33 51
36 26 16 30 43 40 46 52 38 29 39 46 49 8 1 28 22 55 27 35
38 49 33 44 73 63 63 70 63 24 59 55 69 21 19 62 39 65 47 76
3 5 4 4 11 8 4 6 10 4 2 8 4 1 1 5 2 7 4 4
37 24 4 32 47 49 41 57 49 38 48 50 45 19 13 38 15 56 27 42
1 8 7 6 12 10 6 6 12 1 4 6 10 1 1 5 6 8 6 10
1 6 1 3 11 9 4 6 14 4 2 9 6 1 1 7 1 5 6 8
36 45 29 34 56 44 48 68 60 31 56 53 65 23 13 45 42 69 39 58
6 9 1 5 8 11 9 9 13 15 2 9 13 1 1 2 1 10 8 6
31 41 19 39 62 52 39 57 48 27 47 61 64 23 19 47 15 57 50 52
5 7 1 4 19 16 8 13 20 4 15 14 11 7 3 15 6 15 6 18
42 37 19 41 50 47 42 41 39 37 40 43 43 8 12 48 21 52 31 43
26 28 15 33 52 46 33 48 24 11 42 42 46 5 8 37 29 49 22 47
16 24 2 20 43 37 30 44 43 24 32 38 42 7 5 29 11 38 31 33
11 1 3 8 10 11 11 19 13 5 10 12 9 1 1 10 10 15 1 14
34 33 11 32 51 52 47 59 46 34 46 49 49 11 13 44 19 51 22 49
13 21 18 26 36 31 26 30 25 8 21 30 32 7 4 20 13 31 24 26
3 2 4 4 7 8 5 12 11 1 8 9 10 1 1 2 6 13 2 16
12 11 1 14 23 24 16 18 19 8 17 20 20 6 1 14 7 17 15 14
14 20 4 20 30 31 15 27 21 12 17 21 32 1 6 15 6 28 21 22
1 3 1 1 7 6 3 5 6 1 1 1 6 1 1 1 2 4 3 9
25 21 8 15 29 27 32 41 22 15 28 26 32 1 1 22 15 38 13 28
6 1 1 1 1 3 3 7 11 5 6 6 5 1 1 2 4 6 2 12
14 4 1 7 10 12 6 12 13 11 11 11 8 1 1 6 8 18 3 14
8 2 5 6 17 9 4 13 11 1 4 10 12 1 1 8 3 18 4 12
1 7 1 6 8 9 5 9 9 6 3 11 13 1 1 3 3 10 7 7
34 18 14 37 43 36 31 46 38 31 35 44 47 19 15 30 29 54 33 34
10 12 13 20 24 19 13 24 22 10 15 21 25 5 2 12 12 27 16 14
17 25 20 30 42 39 27 39 27 10 34 26 31 11 7 34 27 40 22 45
3 4 4 11 13 15 6 14 9 3 9 11 15 1 1 4 7 17 6 8
5 5 1 1 10 11 7 10 13 1 7 8 7 1 1 7 5 10 5 17
8 12 5 12 20 15 7 11 17 1 11 14 12 1 5 17 5 17 12 14
19 17 6 17 22 19 10 24 23 17 16 29 27 1 3 13 11 30 19 11
32 12 5 32 42 42 36 44 37 34 42 33 40 10 6 28 22 53 18 32
38 45 30 49 72 62 56 70 61 21 61 65 67 30 19 59 28 72 40 64
4 6 6 8 15 11 5 14 18 5 7 13 13 1 1 7 6 15 8 10
6 9 6 7 12 13 8 13 10 7 4 6 13 1 1 3 9 12 6 8
19 28 26 35 40 38 28 38 28 18 23 30 37 8 3 24 19 44 28 21
7 7 1 7 14 12 9 10 13 9 12 5 7 1 1 13 4 11 5 12
16 2 2 12 11 15 14 11 11 11 13 7 10 1 1 14 8 16 1 21
17 34 18 29 41 39 31 51 45 16 31 49 47 9 11 29 16 43 36 32
43 27 27 43 69 65 58 69 52 29 69 44 70 22 19 52 48 75 42 66
10 14 11 16 19 16 11 18 18 5 10 24 16 1 6 15 4 22 14 14
24 17 4 23 35 37 22 35 21 13 29 21 27 1 11 26 16 31 16 34
28 8 13 27 39 39 29 46 28 19 34 17 36 8 11 23 28 38 21 37
38 57 50 52 63 50 58 55 57 20 51 54 57 31 18 58 34 61 39 60
41 34 12 45 66 57 44 57 61 34 57 64 59 26 23 54 21 65 39 53
17 21 16 22 21 20 26 34 17 17 20 25 29 1 3 20 22 29 20 21
25 47 26 41 54 48 43 57 54 23 39 61 62 14 10 44 26 51 50 47
38 40 26 34 44 44 44 51 36 16 38 43 45 16 20 41 15 46 36 45
53 33 20 39 43 39 51 64 38 39 53 49 49 11 10 45 33 61 22 49
1 6 1 5 16 11 2 6 12 1 1 9 9 1 1 7 1 11 7 5
1 1 6 3 10 11 8 15 13 1 7 17 10 3 1 5 4 15 1 13
43 47 19 43 53 47 51 53 49 30 41 46 49 17 18 51 5 53 29 43
33 35 11 27 45 37 38 57 45 28 44 56 56 23 14 35 35 55 36 42
33 26 15 34 44 43 28 42 31 17 34 31 44 5 15 31 14 49 26 38
26 32 23 33 40 41 42 41 31 11 37 30 35 9 9 37 17 38 18 40
32 42 33 50 62 55 42 62 47 23 47 48 59 21 22 42 29 63 49 47
29 42 17 47 58 54 43 42 43 28 42 42 50 5 9 48 19 47 32 51
30 27 18 41 52 43 34 37 40 12 34 46 42 13 16 41 11 44 36 41
25 32 10 35 49 49 43 53 36 24 46 32 43 7 13 36 32 44 23 51
8 21 9 15 27 21 21 37 44 19 21 44 33 6 2 25 9 30 25 27
41 50 38 58 70 61 57 60 53 23 53 49 63 18 13 56 17 71 40 52
31 23 13 27 26 27 32 42 28 23 33 29 32 1 7 25 16 41 17 26
38 24 17 42 48 44 37 55 35 26 40 49 46 6 14 33 22 56 26 40
8 14 3 8 12 15 16 12 15 14 9 12 15 1 1 10 5 8 14 17
12 7 9 5 13 12 19 23 15 10 14 15 12 1 1 10 13 17 6 14
30 29 14 28 39 28 40 57 49 38 42 50 47 10 2 28 20 52 31 32
15 26 22 27 34 32 34 42 31 9 31 31 37 11 1 24 17 38 23 26
27 35 10 34 43 46 40 47 49 31 32 46 51 13 19 36 17 37 46 35
49 36 26 50 54 53 59 65 61 49 47 67 58 28 24 51 32 58 43 46
41 35 23 40 58 51 36 45 49 26 46 53 53 16 24 52 23 62 35 50
17 15 3 15 19 26 22 21 15 13 16 17 19 1 4 16 14 12 11 25
5 6 5 14 19 22 15 18 17 12 15 7 18 1 1 9 7 20 6 15
21 15 6 22 32 35 21 26 8 9 19 16 25 1 4 19 17 28 11 29
24 15 8 18 28 27 32 35 29 17 29 33 29 11 3 21 10 31 15 15
32 27 27 31 28 22 26 35 25 19 26 35 33 10 9 24 22 45 23 26
4 6 6 11 26 15 4 18 23 1 15 19 17 1 1 12 4 29 7 21
4 2 4 4 7 3 4 8 12 1 4 10 4 1 1 6 4 9 2 8
12 18 3 18 24 28 21 31 24 13 16 27 28 1 2 15 6 24 22 18
1 3 1 1 1 1 4 7 9 5 1 4 7 1 1 1 1 2 4 6
30 19 11 28 32 32 24 29 20 26 22 28 27 2 10 27 20 33 17 20
4 4 6 7 8 6 8 10 14 5 7 10 8 1 1 9 7 9 6 14
8 14 1 16 22 25 13 19 13 13 8 18 25 1 1 10 3 20 17 12
36 28 17 23 26 28 44 55 30 33 27 34 46 5 3 25 30 43 23 29
1 5 1 2 9 7 2 12 12 2 9 8 4 1 1 7 1 11 6 12
9 28 15 22 31 31 27 33 23 11 20 30 34 2 3 18 12 26 26 22
41 43 22 56 64 67 59 70 61 42 60 51 68 25 27 53 32 67 54 64
42 53 20 50 60 58 60 61 43 40 49 46 60 4 8 57 30 57 41 62
1 4 5 8 10 11 9 11 3 1 5 2 10 1 1 6 8 12 2 16
10 14 5 15 28 20 5 22 21 1 15 22 22 1 5 14 4 29 16 19
13 25 12 21 30 26 21 28 27 15 13 35 29 5 4 18 5 25 27 11
6 1 2 4 2 5 4 9 2 6 1 5 4 1 1 1 2 7 2 1
8 16 7 14 27 16 7 10 24 1 16 19 14 3 4 25 1 22 16 25
28 30 3 27 32 41 34 43 29 27 28 36 40 1 7 34 21 32 27 38
4 5 5 5 9 6 7 11 15 7 7 13 9 4 1 8 6 10 6 15
1 6 1 8 14 11 1 9 15 1 6 14 12 1 1 7 1 12 9 5
22 20 12 30 36 37 24 35 20 9 30 28 32 5 17 26 16 32 18 37
10 13 7 9 20 12 15 28 25 11 13 22 22 3 1 15 8 22 14 27
40 36 30 57 76 73 54 63 54 24 64 38 62 12 18 59 32 71 45 70
15 17 1 14 32 31 20 32 35 11 29 32 24 6 11 30 8 25 17 34
3 5 1 4 13 11 1 15 14 2 6 12 9 1 1 4 2 14 7 6
1 4 1 5 9 3 1 8 7 1 2 6 6 1 1 6 1 10 6 5
36 26 16 31 43 34 39 57 42 29 35 54 45 15 11 29 24 51 34 32
17 25 21 27 38 39 29 45 30 6 35 32 36 9 12 31 19 43 21 46
18 24 13 20 36 25 17 33 37 11 22 37 30 12 9 27 11 34 24 34
44 30 18 50 73 63 53 76 69 39 66 56 71 27 22 60 38 79 43 72
15 11 4 8 15 15 14 19 15 15 15 5 12 1 1 13 9 17 7 19
34 53 32 43 60 53 58 62 52 30 45 51 61 15 13 54 39 50 48 68
32 43 19 52 72 66 54 63 60 39 55 59 72 20 15 57 28 69 52 58
17 26 12 28 41 31 15 17 30 4 26 35 31 6 9 32 1 34 28 30
12 11 12 19 40 31 19 33 37 7 32 32 35 14 8 26 18 43 14 41
18 10 1 17 27 28 17 25 27 22 23 20 21 2 1 16 4 30 11 20
47 54 28 57 70 65 62 75 74 42 60 76 78 23 32 60 39 67 66 62
1 1 5 5 11 9 7 12 13 1 8 15 9 1 1 5 3 13 1 14
18 28 14 35 54 48 26 38 40 13 38 38 44 9 7 38 14 51 29 42
29 28 26 27 49 40 42 66 51 13 50 47 51 24 10 34 27 60 12 47
17 6 1 13 28 28 10 28 17 6 22 15 21 4 2 20 12 29 10 31
8 15 13 13 18 19 21 27 19 9 19 10 20 1 1 15 17 22 12 23
22 26 18 23 36 34 40 54 33 20 32 41 42 10 4 21 23 41 23 34
6 9 5 7 16 16 14 29 25 11 17 25 25 2 1 6 11 24 9 19
54 40 12 46 51 55 52 65 32 37 52 48 58 8 27 45 35 57 32 55
8 1 1 1 8 7 4 9 14 6 7 10 7 1 1 6 5 10 4 12
26 39 33 30 33 22 44 55 49 27 36 50 49 11 4 31 31 52 34 36
18 21 22 22 31 25 26 28 31 12 17 28 27 9 1 22 9 34 13 23
4 4 1 5 11 9 2 10 10 1 8 6 5 1 1 10 1 11 4 9
5 6 1 7 13 14 1 9 7 5 5 10 8 1 2 6 2 13 7 9
1 1 1 4 11 8 1 5 13 1 6 12 4 1 1 3 1 11 1 7
14 11 5 13 20 21 16 27 29 16 17 24 21 3 1 15 10 26 12 23
36 49 34 42 49 52 60 62 50 50 43 44 57 12 22 46 41 45 44 55
12 1 2 6 11 12 13 17 13 4 17 14 10 2 2 12 13 16 1 23
10 10 10 13 21 17 16 23 20 7 17 23 21 1 1 14 14 26 10 18
37 36 28 43 58 45 49 60 58 21 50 52 53 26 13 47 19 65 26 55
28 40 23 31 34 31 45 51 40 35 31 41 48 3 1 34 31 48 37 33
21 26 16 27 30 33 29 39 22 16 32 23 31 5 6 27 28 32 23 37
8 10 7 10 14 16 9 14 7 5 9 8 13 1 1 6 11 15 7 11
4 8 5 6 15 15 12 17 19 9 13 15 13 2 1 10 6 15 8 18
15 12 10 13 17 17 23 26 17 14 23 11 20 1 1 16 19 24 8 24
17 19 13 21 32 28 21 34 26 18 18 32 30 3 2 17 8 39 17 22
23 14 3 15 33 28 22 34 23 14 32 24 32 1 3 21 17 36 21 28
19 36 29 33 45 38 31 40 36 7 32 33 43 19 11 39 22 42 33 47
48 33 7 39 58 55 49 73 65 46 58 60 68 15 15 51 28 72 39 57
46 55 30 52 56 53 58 69 48 37 45 61 68 10 13 52 38 62 42 48
3 4 3 6 14 12 8 14 10 1 10 11 10 1 1 11 3 14 6 18
26 17 4 21 32 27 23 42 31 18 35 40 30 7 11 28 27 39 10 32
1 6 3 5 11 13 7 6 4 1 2 6 10 1 1 4 5 8 6 6
3 2 3 2 3 5 5 11 1 1 4 1 7 1 1 1 9 9 1 7
17 12 8 12 20 20 24 33 25 16 22 30 23 4 1 13 16 24 14 18
53 38 30 47 63 49 48 57 51 26 49 51 57 22 12 50 13 68 35 48
38 24 5 38 58 60 40 56 33 21 49 53 50 19 21 43 23 50 29 52
6 1 4 1 7 5 5 15 7 1 6 10 7 1 1 1 5 13 1 11
33 30 8 41 59 60 51 64 54 35 49 62 63 25 19 46 30 56 44 56
25 21 7 28 29 35 39 48 35 29 30 42 39 11 14 26 28 28 27 35
6 8 5 9 20 19 11 13 16 3 10 17 15 2 1 11 8 18 7 18
39 24 3 28 41 42 40 49 30 30 38 32 33 2 9 36 16 44 7 44
7 19 6 15 26 25 19 30 30 7 24 27 28 1 7 19 3 28 18 31
14 14 10 16 21 18 21 30 25 13 18 23 25 1 1 15 16 25 13 25
38 45 25 46 63 56 49 54 49 31 52 48 59 19 12 57 31 65 36 58
12 7 5 14 16 18 12 17 11 1 13 15 14 1 6 15 12 16 8 19
54 46 27 49 53 57 64 77 44 48 52 50 71 10 15 49 54 62 51 56
4 3 6 10 15 15 8 14 17 5 10 13 15 4 1 4 7 14 7 9
12 13 1 15 21 22 12 18 14 15 7 18 23 1 1 11 4 24 14 2
47 19 30 36 52 44 48 73 57 26 58 53 61 32 22 41 40 70 24 51
30 29 20 42 55 55 43 61 53 37 53 40 54 24 13 42 28 63 30 56
9 6 9 9 16 17 16 17 16 4 10 17 10 1 1 12 9 14 6 19
31 14 7 23 32 36 33 42 32 28 35 34 31 7 1 27 10 43 12 28
33 19 1 28 45 49 41 55 51 40 43 40 49 12 9 40 21 44 26 49
18 19 10 23 30 31 24 24 20 9 19 28 20 3 8 26 11 22 15 25
27 19 15 19 21 19 31 49 33 29 26 42 38 9 1 10 20 43 22 17
2 2 1 5 7 11 6 11 5 1 4 6 9 1 1 5 5 9 3 10
27 27 15 34 33 33 40 50 36 32 36 41 44 4 4 28 30 43 30 31
2 5 6 10 15 14 9 20 16 5 8 14 16 1 1 3 7 17 7 10
4 1 3 3 8 3 6 9 10 1 5 4 3 1 1 9 5 10 1 13
4 6 4 6 12 13 6 12 6 1 4 8 10 1 1 4 7 14 6 12
22 34 20 35 44 38 27 34 20 10 25 32 41 5 6 32 13 41 32 38
1 3 1 1 5 8 4 9 6 1 1 4 8 1 1 1 2 3 2 6
29 16 2 30 42 39 24 43 37 21 35 27 33 4 7 33 8 45 21 35
53 61 20 51 60 60 66 74 58 50 56 61 67 6 29 60 46 52 47 61
13 14 13 13 17 18 24 27 16 3 13 16 15 3 1 15 12 17 5 19
13 25 14 20 26 28 31 33 33 19 18 34 31 2 1 21 12 29 21 25
9 10 3 9 24 20 13 24 23 8 22 19 24 4 4 18 9 26 13 31
5 1 1 1 5 2 3 14 9 2 4 10 5 1 1 2 3 12 1 4
53 32 15 41 53 52 55 56 38 43 54 37 52 5 13 48 32 60 31 54
57 39 17 48 58 58 61 65 51 50 61 47 67 18 7 47 33 68 40 56
41 44 28 49 61 53 40 36 35 32 42 47 48 16 20 53 7 56 39 47
44 39 37 45 56 55 55 62 38 14 51 39 53 22 16 48 37 63 15 54
18 16 16 15 29 17 15 27 29 5 23 22 23 8 7 22 10 34 14 37
42 42 42 46 59 45 42 58 55 2 52 57 57 32 24 55 24 70 24 64
26 33 23 31 34 36 39 44 28 16 29 30 37 9 9 32 15 41 24 37
28 14 7 18 34 33 21 40 22 20 33 32 30 2 6 25 12 45 13 32
51 45 27 54 72 66 49 61 46 32 54 63 67 20 26 55 30 66 40 62
9 6 4 7 13 12 4 7 12 7 5 8 6 1 1 8 5 11 6 6
16 22 12 22 41 36 20 32 20 1 29 28 35 9 7 26 16 38 20 39
29 35 15 31 47 35 33 44 39 26 36 44 50 7 6 32 17 49 35 37
36 37 27 49 67 58 53 61 46 32 55 51 65 23 16 49 33 66 50 59
12 14 11 21 19 23 18 22 9 13 15 6 22 1 1 17 13 26 12 23
28 35 23 34 51 39 39 53 53 11 44 53 46 19 13 47 20 50 21 50
9 8 3 5 18 14 11 13 17 8 10 10 10 1 1 13 6 16 6 16
5 17 6 16 22 26 23 26 17 9 15 18 27 1 1 10 12 18 18 19
11 10 2 19 24 22 11 24 23 6 19 23 23 4 9 14 2 25 19 15
53 47 34 52 65 52 53 62 50 27 53 65 56 28 21 56 15 63 41 53
14 10 1 9 13 10 19 26 23 12 19 27 19 1 1 13 14 18 9 18
12 17 15 28 34 32 19 20 19 15 19 17 28 2 2 19 13 35 16 20
27 20 13 33 46 36 25 31 33 16 31 42 39 7 5 31 6 49 26 33
19 26 21 21 31 32 39 35 21 8 25 21 28 7 1 27 17 29 16 36
49 54 33 51 58 54 64 72 39 29 49 54 64 16 16 53 39 61 33 53
16 23 20 24 37 33 25 34 16 10 23 17 31 6 2 23 24 37 20 27
31 13 11 23 43 39 29 45 36 22 37 28 36 5 6 34 26 47 14 47
15 26 10 18 40 36 31 41 48 22 31 41 39 17 13 30 19 38 25 37
31 20 13 29 46 44 29 52 38 12 48 45 46 15 17 32 23 55 22 46
12 13 8 12 21 21 15 22 19 12 17 17 24 1 1 9 15 21 12 14
37 26 29 44 50 39 44 47 53 20 40 50 45 31 20 43 24 53 26 46
34 32 28 36 33 29 36 42 33 21 32 35 41 14 13 34 25 45 31 38
58 18 20 50 57 59 53 67 43 43 62 42 59 13 26 49 40 68 39 56
21 32 13 17 35 36 36 50 38 18 26 48 44 13 7 28 13 34 31 38
13 15 21 17 27 23 28 35 20 2 24 21 26 8 1 21 18 34 6 34
25 19 12 19 16 14 26 34 25 18 18 29 27 5 1 20 7 31 12 14
3 12 11 9 19 18 19 18 21 6 11 18 15 1 1 11 6 18 8 19
47 54 37 61 75 63 50 63 55 26 57 72 73 32 36 56 14 71 64 62
35 53 14 43 51 54 63 58 38 35 45 47 52 10 19 50 31 37 36 53
21 18 7 20 30 28 26 36 30 11 35 29 30 1 7 25 11 38 9 36
23 22 15 19 31 22 25 45 33 20 21 34 38 1 8 24 19 37 28 25
40 35 13 43 50 51 35 46 22 26 40 47 42 12 21 40 16 43 35 35
3 10 4 6 15 12 9 13 11 2 1 17 10 1 1 8 1 10 11 4
33 37 24 37 40 40 41 50 25 15 34 36 39 11 16 35 27 38 18 35
27 28 15 21 34 27 31 43 35 14 30 35 32 12 5 28 10 41 11 32
48 46 17 38 47 48 57 65 45 37 44 59 53 11 14 50 26 50 31 47
1 1 1 1 4 6 1 1 6 2 1 1 1 1 1 2 1 4 1 6
32 38 16 40 47 53 44 49 32 20 44 36 48 1 9 39 16 47 31 44
17 11 5 21 32 32 15 25 20 13 19 23 27 4 3 17 9 35 16 24
30 25 9 23 32 29 28 40 32 24 33 32 28 6 13 30 11 35 19 28
29 9 16 29 41 37 33 39 34 22 28 23 37 7 5 28 14 45 21 28
36 36 22 36 44 35 36 42 51 27 32 42 41 18 15 39 1 50 27 38
12 18 1 7 17 19 17 24 26 22 8 21 25 1 1 12 8 14 18 22
2 6 5 12 17 13 3 12 15 3 8 18 12 1 2 10 2 17 9 5
7 10 1 9 22 21 13 19 21 7 13 20 14 1 1 16 2 16 10 23
3 5 1 1 14 12 6 18 17 6 11 13 11 1 1 10 1 16 6 20
5 12 9 14 16 17 11 17 11 4 13 13 19 1 5 10 11 18 11 14
5 3 1 2 12 10 5 14 11 4 7 5 10 1 1 7 2 11 4 15
16 16 13 28 45 35 28 42 46 16 37 35 39 14 6 33 14 46 19 47
28 21 3 28 58 50 32 55 50 17 48 40 45 11 9 44 19 54 26 49
22 22 17 17 24 16 31 45 36 20 29 40 34 6 1 17 16 42 17 21
59 51 41 52 52 38 48 63 58 33 52 72 64 28 21 51 24 76 44 44
3 5 1 1 14 12 8 12 17 3 9 8 4 1 1 10 1 13 3 16
42 45 32 40 48 38 48 69 58 22 45 65 59 25 23 40 23 59 33 35
15 19 8 18 35 31 20 28 22 10 26 28 26 4 6 22 5 29 20 30
7 4 3 4 14 12 12 22 10 5 17 15 13 1 1 8 9 21 2 18
34 41 29 47 63 52 35 47 36 3 45 45 59 14 16 44 23 62 43 51
30 33 11 28 45 46 37 43 43 25 37 46 42 18 19 41 15 44 30 39
34 33 18 43 50 53 47 55 28 29 47 49 56 19 17 37 27 52 44 44
50 34 19 48 60 63 51 65 47 35 63 57 60 17 23 51 33 70 37 54
43 45 40 56 59 56 48 59 50 23 49 57 56 24 21 47 31 63 45 51
2 5 1 2 7 5 6 15 15 4 4 11 12 1 1 4 4 12 7 7
16 2 3 21 32 27 16 28 39 16 27 35 28 17 10 26 12 35 18 30
4 5 2 7 13 14 3 11 11 3 6 11 12 1 1 4 5 12 8 6
5 8 1 4 15 15 8 10 16 11 6 7 10 1 1 8 1 12 8 11
21 9 7 19 22 24 25 38 26 25 22 32 31 5 1 9 12 37 14 17
43 35 27 55 65 58 47 60 53 31 57 49 54 21 20 53 34 67 35 64
50 41 26 50 71 62 56 76 68 35 67 70 68 31 24 58 37 80 43 66
5 3 3 7 19 16 2 20 26 2 17 23 16 5 1 14 7 23 6 19
46 47 18 47 57 45 43 53 52 34 55 62 54 16 20 54 34 57 41 51
18 18 7 17 37 32 21 28 26 4 26 22 26 1 9 29 9 34 17 35
37 28 9 26 27 32 45 58 51 48 39 51 45 12 9 27 27 40 35 31
1 20 9 14 28 22 15 22 25 4 15 24 27 2 1 18 8 25 18 25
3 1 1 8 9 13 6 9 8 3 7 7 10 1 1 6 5 8 4 10
34 17 16 30 35 34 32 43 19 24 34 36 34 5 10 29 25 48 15 36
37 36 24 38 42 36 39 34 33 22 27 41 38 10 14 43 14 37 25 32
13 27 20 29 42 34 26 34 33 10 26 31 34 5 6 28 11 38 27 28
10 10 14 7 13 6 9 16 20 2 3 22 12 3 1 8 5 19 7 14
36 34 18 32 45 47 41 56 29 20 45 50 51 14 18 38 17 51 33 51
12 19 5 16 26 25 19 40 30 16 23 34 34 4 5 14 12 33 21 26
29 29 23 31 39 31 28 37 34 25 25 37 44 7 11 29 15 46 28 35
53 40 30 53 73 66 60 76 51 28 69 69 72 30 24 56 29 80 44 62
6 8 6 1 9 11 9 13 7 7 1 9 8 1 1 4 4 5 8 5
22 27 14 28 42 33 26 38 40 9 30 41 33 4 9 34 8 40 28 36
7 1 1 1 1 1 2 10 3 7 3 4 6 1 1 1 5 4 1 1
18 13 9 21 22 19 11 17 17 16 11 21 25 1 1 16 9 30 13 11
20 14 16 31 33 34 27 33 24 19 29 26 34 9 3 23 25 41 21 23
8 2 6 8 20 15 11 18 12 2 8 12 16 1 1 12 8 21 5 17
14 15 3 15 18 22 17 14 9 18 8 11 18 1 3 15 5 16 14 17
21 14 14 18 24 20 23 26 25 21 17 26 24 3 1 21 14 32 13 21
1 6 5 5 15 12 8 17 16 4 4 16 13 1 1 2 2 12 9 6
6 20 15 17 30 24 22 24 21 11 18 13 24 1 1 22 14 26 18 28
15 20 9 14 28 27 24 38 37 18 25 32 28 9 2 23 5 35 12 30
8 9 5 4 11 14 16 22 19 13 8 16 12 1 1 7 4 15 8 13
30 26 14 38 45 41 27 32 36 27 32 30 37 3 9 37 11 49 20 34
18 31 20 20 37 25 33 39 39 16 21 34 34 6 3 27 10 39 22 38
19 23 14 22 35 23 10 33 34 2 26 37 33 11 13 29 8 41 24 35
25 30 22 25 41 28 28 45 46 13 27 41 42 10 11 34 10 43 33 36
6 1 1 5 8 12 7 8 9 5 6 8 7 1 1 7 6 7 1 12
25 23 13 35 49 41 35 52 43 28 39 34 46 9 6 32 20 53 27 41
37 39 16 35 45 41 42 45 43 32 32 53 55 6 8 43 23 44 38 46
33 25 21 22 34 27 41 54 38 12 40 44 38 17 7 32 27 46 10 39
22 27 11 24 34 24 17 24 28 5 23 33 31 5 10 30 6 32 28 25
21 12 2 16 23 19 16 20 10 18 18 18 19 1 1 17 9 30 11 13
10 20 8 12 16 12 13 16 28 17 6 24 21 2 1 16 7 16 21 15
21 20 10 20 31 24 23 29 26 25 21 21 28 1 6 24 11 32 20 28
25 36 15 37 52 45 40 47 40 23 40 46 45 12 9 37 6 49 33 42
38 25 16 40 58 59 50 72 38 29 62 45 56 11 12 43 44 64 25 59
16 11 13 15 24 21 17 30 22 8 13 25 22 5 1 17 7 36 5 23
29 37 16 37 55 46 45 52 45 29 47 44 54 10 6 39 19 57 32 50
40 35 10 39 56 50 42 57 51 39 49 54 57 9 15 41 14 64 40 38
12 21 10 16 25 22 22 34 27 18 18 31 33 1 1 14 17 31 22 16
7 3 1 3 13 12 1 14 8 4 7 7 11 1 1 1 4 14 1 10
11 17 10 17 21 23 17 28 11 7 15 13 20 1 4 15 16 22 15 23
36 32 21 33 45 34 40 69 55 38 47 66 63 20 7 35 34 64 40 40
42 22 15 42 52 44 32 43 35 27 40 36 41 8 15 43 22 51 25 42
1 5 1 2 10 7 3 8 14 2 3 9 6 1 1 6 1 6 6 5
30 36 3 28 44 46 40 45 41 33 33 37 48 6 7 35 11 38 33 43
43 53 32 60 63 58 49 45 41 20 49 45 56 13 26 60 25 53 45 61
48 49 35 49 64 55 45 56 54 14 47 59 60 20 23 53 10 67 46 55
24 36 21 42 48 43 25 29 38 10 31 39 46 9 13 34 6 42 39 31
29 18 13 24 45 38 22 41 34 13 30 42 39 13 11 31 18 45 18 39
1 7 1 6 14 13 4 17 8 3 6 11 17 1 1 3 2 15 7 8
10 10 9 16 24 23 16 20 16 8 15 16 22 2 1 11 13 24 11 14
45 34 12 41 51 49 52 61 53 36 57 61 56 18 15 45 24 59 42 46
11 8 6 5 14 9 16 28 16 11 9 20 18 1 1 8 10 19 8 15
47 36 27 51 71 58 45 62 55 20 51 65 67 30 21 52 24 76 36 55
5 12 7 11 12 16 15 20 18 9 11 18 20 1 1 9 10 17 12 19
20 16 10 27 30 27 21 22 25 13 21 21 19 1 5 31 9 30 11 34
25 18 3 11 26 28 35 49 33 26 29 32 38 1 2 24 27 33 22 39
10 5 1 6 15 13 14 21 18 8 14 10 8 1 1 15 8 14 3 22
23 17 9 17 28 22 26 44 38 25 23 33 37 3 2 22 17 36 26 27
13 7 1 10 18 17 11 24 6 5 14 12 9 1 4 13 10 13 2 19
6 6 7 7 13 14 9 17 15 4 12 13 15 7 1 9 11 17 5 21
39 36 15 39 56 54 47 57 31 19 45 42 47 6 14 45 15 48 26 49
5 6 5 5 9 5 4 9 13 8 5 9 7 1 1 6 5 10 7 13
44 34 31 49 65 56 49 66 66 28 55 66 63 34 23 56 22 72 39 60
26 24 10 27 32 31 22 27 16 12 20 26 26 5 11 27 7 30 25 23
38 41 25 42 57 48 33 44 46 23 40 46 57 15 20 45 16 59 42 49
15 9 5 10 12 16 16 29 22 21 13 25 22 4 1 1 9 19 14 6
18 28 1 15 20 24 23 26 22 19 14 29 29 1 3 22 10 13 29 20
36 19 12 25 39 37 39 46 26 18 35 27 32 3 5 36 21 40 18 37
7 12 5 7 20 8 7 16 28 9 11 16 16 1 1 14 1 21 10 23
18 6 8 11 26 24 14 30 26 13 19 28 23 9 5 16 12 35 4 22
28 26 18 24 34 34 40 54 29 21 36 39 39 8 4 27 29 45 18 39
17 16 15 17 19 14 28 33 17 16 27 16 24 3 1 18 26 32 13 25
23 40 33 43 56 47 38 39 42 16 39 38 47 16 10 43 22 49 38 42
31 16 9 26 36 35 37 46 33 20 37 50 42 18 9 24 20 46 27 28
3 1 1 1 6 4 2 6 14 3 9 8 2 2 1 6 1 7 1 12
25 21 10 23 26 30 26 28 14 19 20 25 29 1 5 21 13 29 19 20
4 10 4 8 16 14 8 9 7 1 5 9 11 1 1 10 6 11 10 7
3 3 4 3 7 6 4 11 13 5 3 9 10 1 1 3 5 9 4 9
29 35 28 33 35 26 38 50 45 25 36 52 48 12 5 28 21 52 30 30
1 7 4 1 2 3 9 14 13 7 2 14 6 1 1 1 1 3 7 7
32 17 4 28 48 48 32 52 35 27 44 39 36 10 9 35 16 48 14 40
32 21 19 35 54 42 29 51 48 18 47 51 42 22 18 43 19 54 27 50
20 4 8 12 24 25 26 28 20 11 20 12 20 1 1 18 10 33 1 30
9 21 16 15 21 14 20 31 31 12 18 30 31 2 1 15 15 28 19 24
32 26 21 28 39 32 40 41 38 24 28 25 38 6 4 35 15 42 22 42
9 9 5 10 14 18 13 15 12 8 5 8 12 1 1 8 8 12 7 14
36 43 26 51 63 54 42 55 49 14 52 50 49 14 26 52 25 58 35 61
16 25 5 10 25 26 35 45 32 24 27 36 40 6 2 23 23 31 23 37
36 18 22 39 51 48 39 51 34 24 47 22 46 6 15 41 30 60 28 53
43 39 26 49 60 62 51 61 24 21 47 41 59 10 10 45 23 62 38 49
51 53 19 55 63 55 54 67 43 38 53 72 64 17 27 52 28 60 52 49
32 20 20 26 28 24 31 39 18 18 23 28 26 7 8 24 23 35 8 29
7 1 1 2 17 13 4 25 18 6 18 17 15 2 1 11 5 25 3 21
4 5 8 5 9 9 9 14 16 5 6 14 12 1 1 6 7 9 6 11
44 24 5 30 37 41 38 40 7 27 35 28 37 1 11 31 27 36 18 36
27 38 18 40 51 50 44 50 46 19 41 46 47 11 18 40 17 42 40 43
8 8 9 10 16 12 11 21 8 1 9 14 14 1 5 10 7 18 8 16
23 30 26 35 36 27 20 26 31 4 28 32 33 10 17 32 10 41 28 40
16 11 2 14 27 25 20 23 20 11 20 21 10 1 3 24 9 21 6 27
30 15 18 25 31 26 23 37 26 11 24 23 29 3 6 27 15 42 16 26
50 37 40 59 74 65 51 53 43 32 53 36 66 20 24 57 32 71 49 62
26 33 15 26 39 39 41 40 42 30 32 35 36 18 18 35 9 33 27 40
6 7 5 11 14 16 7 14 12 4 11 16 15 1 5 9 7 16 8 15
5 1 1 1 5 3 1 11 1 1 4 4 5 1 1 1 3 11 1 7
7 9 6 8 12 9 6 12 12 7 1 11 10 1 1 7 6 12 10 5
12 3 8 17 22 22 17 18 13 9 11 17 14 1 1 14 9 24 2 21
48 31 20 47 51 50 56 56 48 39 51 49 45 17 18 48 21 54 15 50
9 9 10 12 14 17 12 17 13 10 11 13 12 4 1 6 10 16 7 18
19 10 4 22 32 25 20 33 32 18 29 28 28 6 4 24 11 39 16 23
36 38 28 30 40 29 37 41 51 20 32 43 38 20 12 37 13 45 17 37
5 4 5 5 10 6 1 7 15 3 4 11 7 1 1 7 3 11 4 7
9 1 1 2 5 8 4 11 9 8 8 3 2 1 1 5 4 9 1 10
3 1 1 2 3 4 1 5 7 4 1 7 1 1 1 1 1 9 1 6
7 10 9 11 21 19 15 20 13 3 12 9 16 1 1 12 13 20 7 25
5 3 3 8 11 5 1 4 12 3 1 9 4 1 1 8 1 15 4 6
24 30 8 30 50 47 26 38 40 16 38 49 44 21 18 38 14 43 35 38
53 36 17 48 54 48 47 52 58 51 51 54 60 25 23 47 20 64 40 45
14 14 12 25 32 26 17 32 19 7 24 26 31 1 2 19 17 39 16 26
29 21 21 32 36 33 36 43 35 26 35 42 39 12 8 23 27 48 26 26
16 9 2 13 26 22 10 27 21 4 20 14 24 1 6 18 10 28 15 23
34 39 28 45 54 52 43 39 32 23 38 46 47 14 18 44 9 51 35 39
17 29 18 31 43 41 33 39 39 23 35 24 36 7 4 30 18 43 22 40
9 10 5 7 16 6 9 26 21 11 12 21 17 4 1 11 7 23 12 20
33 31 24 48 63 60 44 60 46 13 57 40 54 15 18 47 30 60 39 61
43 31 10 38 37 38 38 42 32 30 44 43 36 8 23 39 35 42 24 42
36 39 27 38 43 31 41 54 62 28 32 61 53 24 17 40 18 46 37 39
21 21 16 17 26 25 32 40 21 6 24 27 30 7 2 19 17 29 11 31
44 37 28 40 56 46 41 43 42 17 41 47 45 15 13 51 11 60 30 48
18 4 8 11 17 18 21 31 21 7 20 21 21 7 1 12 6 26 4 22
20 11 15 22 33 28 18 33 22 9 25 17 30 1 9 21 22 38 16 31
39 35 27 39 49 43 38 44 46 20 42 49 40 15 19 44 9 54 25 37
6 13 4 6 11 13 18 27 23 13 9 18 23 1 1 11 10 14 14 22
28 39 26 29 40 30 39 56 50 19 33 51 46 24 12 37 27 51 27 43
18 19 9 18 22 24 21 33 26 6 20 28 21 3 7 21 4 22 16 19
3 5 8 9 11 3 5 6 11 1 3 6 9 1 1 11 4 12 4 18
51 40 28 47 63 55 55 65 62 39 50 52 66 15 16 55 22 71 43 55
2 6 2 7 17 16 9 11 14 5 7 14 12 1 1 7 1 10 8 7
42 32 24 39 49 48 47 60 39 35 52 45 53 27 25 43 46 64 29 54
22 16 6 15 33 31 29 33 16 13 28 17 31 1 1 20 17 33 10 30
4 10 1 12 22 18 18 28 28 13 15 24 25 3 1 14 4 20 18 17
16 20 17 18 28 19 17 23 34 5 18 33 21 9 4 25 3 27 17 25
50 48 27 49 60 55 50 62 48 26 57 67 61 19 27 56 39 63 38 61
38 35 25 35 54 46 53 69 58 38 53 45 63 8 9 41 36 64 37 55
1 8 5 5 11 10 7 11 10 2 3 5 12 1 1 2 6 9 5 8
4 13 1 7 21 21 16 19 22 9 13 14 18 1 1 12 1 13 14 16
40 27 16 29 48 40 36 55 46 19 45 46 43 20 15 47 18 61 19 47
30 18 10 30 41 41 29 39 29 21 39 19 37 3 10 34 15 47 19 45
20 24 13 22 39 28 20 34 34 15 19 30 39 6 6 25 13 37 31 27
42 35 15 40 58 57 51 69 48 36 60 45 59 19 15 51 32 71 27 63
52 41 26 56 69 59 50 57 54 30 60 43 56 18 33 65 30 63 35 75
25 22 11 28 36 30 33 43 38 25 38 34 37 9 7 25 18 48 16 34
20 16 9 23 28 32 29 23 14 16 17 20 21 1 7 22 16 20 5 22
11 21 12 19 30 29 33 32 30 13 20 32 25 3 5 24 13 20 17 27
43 48 33 46 59 53 59 65 42 32 50 40 52 14 12 53 37 56 30 63
26 34 10 26 34 36 41 50 27 18 29 44 41 1 14 28 23 31 24 32
22 40 21 28 38 31 37 40 48 13 28 51 40 11 12 40 6 35 35 34
9 6 2 9 16 12 2 15 11 6 6 12 12 1 3 9 4 19 8 12
40 46 18 35 54 43 51 65 56 23 51 62 57 20 14 47 15 60 24 49
29 33 18 33 40 42 41 41 18 27 39 31 44 5 7 34 20 45 30 41
56 51 40 60 64 65 74 74 46 42 67 60 66 24 16 55 43 72 42 59
1 8 7 12 22 22 16 22 16 3 18 9 18 1 1 8 9 21 9 20
31 16 8 23 44 41 32 45 34 24 40 43 39 11 11 32 21 52 17 36
51 31 23 52 53 48 41 53 43 27 47 55 53 15 22 45 22 63 37 41
20 12 5 23 33 36 22 27 25 17 28 30 24 8 11 28 18 28 7 33
3 6 3 5 10 9 5 7 6 3 6 8 7 1 1 5 5 10 6 12
2 1 3 2 5 6 5 7 10 1 2 5 6 1 1 5 4 8 1 11
11 6 7 11 20 17 12 22 13 8 14 6 18 1 1 11 12 27 4 23
32 43 29 43 53 56 53 52 37 29 50 41 51 18 16 43 32 43 41 55
42 27 20 35 57 52 47 60 54 32 50 49 52 25 14 44 19 65 20 48
30 39 23 51 61 60 45 48 45 31 51 43 49 13 16 49 32 52 37 53
26 16 3 19 26 26 26 42 30 23 31 34 33 3 5 23 18 39 18 33
31 24 16 29 45 42 46 53 39 18 38 39 44 9 2 33 15 47 27 41
19 21 15 28 36 25 21 36 38 17 27 36 38 11 9 26 14 42 28 29
6 9 3 15 22 19 9 19 20 6 14 22 14 1 2 15 7 19 11 17
12 28 12 13 19 21 30 37 30 14 8 33 32 1 1 14 14 18 21 13
42 59 35 56 59 62 64 67 55 34 49 63 72 22 17 52 26 58 57 48
11 11 2 17 25 28 22 16 17 6 20 19 24 6 3 18 4 14 19 22
24 25 26 38 54 52 43 48 34 17 45 24 51 8 9 39 31 48 37 53
8 12 1 10 21 14 7 14 11 2 11 14 12 1 1 16 1 16 13 17
37 38 30 48 65 60 52 52 34 22 46 32 55 5 8 52 20 63 34 55
15 14 1 19 31 29 29 41 38 24 28 30 31 9 6 24 11 29 24 31
8 8 8 6 12 12 13 22 21 6 10 21 9 4 1 10 4 17 8 17
23 24 8 22 30 30 26 33 21 21 25 23 30 1 7 23 16 33 21 29
13 19 14 19 28 22 18 27 15 9 22 24 27 4 3 19 19 33 17 21
38 16 8 38 57 52 41 55 52 34 52 41 47 17 19 42 19 59 29 50
3 4 3 4 6 5 4 9 12 3 3 8 5 1 1 7 3 8 5 12
6 5 4 9 12 13 9 19 12 5 9 15 11 1 1 9 6 14 8 14
4 1 1 5 7 11 3 8 12 6 7 7 9 1 1 1 2 9 2 7
4 10 4 8 15 16 11 12 13 8 11 10 13 1 3 13 6 12 11 18
16 27 8 16 34 24 30 37 36 16 21 31 31 3 1 31 9 27 24 39
3 7 1 2 4 5 7 15 12 7 3 9 7 1 1 4 2 5 8 4
8 7 7 8 12 6 1 11 14 7 3 10 8 1 1 8 3 14 8 12
17 24 15 20 37 25 17 25 33 6 18 29 34 9 8 25 6 34 28 30
3 2 6 11 18 14 10 18 19 6 13 17 17 4 1 6 6 21 6 17
33 44 18 43 61 52 45 53 58 30 47 60 50 19 20 52 20 49 36 51
48 35 5 49 62 64 48 57 54 47 57 57 60 21 23 51 20 62 46 49
18 14 18 17 18 9 16 20 20 8 17 25 22 7 6 17 15 27 13 19
1 12 4 3 15 13 13 18 20 6 10 13 18 1 1 5 6 13 10 20
9 2 5 1 3 5 10 14 9 4 5 11 5 1 1 3 6 8 1 8
3 7 7 6 10 4 4 11 13 2 3 11 9 1 1 5 5 12 6 11
8 12 1 10 12 12 5 13 16 10 10 17 13 1 6 10 1 14 14 12
22 28 7 28 38 41 35 43 41 26 29 38 42 3 8 27 10 39 32 29
43 31 10 42 70 66 41 58 57 36 57 45 60 22 25 55 30 68 39 57
12 23 6 16 17 23 28 28 22 18 14 16 25 1 1 20 19 9 21 27
4 5 6 7 16 7 1 11 13 1 4 11 10 1 1 8 1 17 6 9
16 5 1 4 24 23 17 37 24 11 26 24 31 4 1 16 19 33 10 31
41 45 19 41 63 55 54 64 50 30 58 54 61 17 20 54 46 61 33 66
38 33 14 34 36 37 49 56 45 42 44 53 52 17 7 33 35 43 39 39
52 32 25 53 63 65 56 70 48 37 57 49 63 19 25 50 34 72 43 55
2 1 1 8 12 12 5 11 17 3 12 15 13 3 1 4 2 15 5 12
25 16 9 25 41 38 33 41 23 13 38 30 43 5 3 23 19 43 24 37
39 50 24 42 51 48 53 51 55 25 41 61 54 19 13 57 16 49 35 47
16 27 6 15 29 31 27 41 43 25 27 41 35 7 11 30 16 23 27 34
1 4 1 5 15 14 4 5 14 3 5 10 8 1 1 8 1 8 7 8
6 6 2 6 15 17 12 22 21 7 14 17 15 2 1 7 6 15 9 19
23 20 14 27 36 33 23 37 24 19 32 26 35 3 8 26 18 45 18 35
20 17 8 17 25 21 24 37 33 17 32 38 29 9 5 27 23 33 18 27
38 50 29 42 49 44 48 62 51 25 48 63 61 12 17 48 35 55 46 52
25 14 16 22 27 29 32 37 25 19 26 24 27 6 2 21 13 39 6 25
43 67 42 59 67 62 58 66 65 27 54 69 78 24 26 60 33 64 68 61
26 12 1 22 33 33 24 32 29 23 32 24 27 5 2 30 6 42 6 35
16 11 1 18 25 24 11 24 20 5 22 23 17 1 6 20 9 23 13 17
35 27 4 40 54 48 35 49 48 30 37 48 54 18 18 40 22 53 45 44
8 15 5 6 24 19 17 27 27 12 14 15 23 1 1 12 7 22 13 19
31 29 12 39 52 42 37 41 43 23 38 48 45 17 18 41 18 39 38 46
10 17 4 8 27 21 16 32 31 13 15 31 25 10 6 17 7 27 17 21
7 2 1 5 7 7 4 11 10 10 1 8 10 1 1 2 1 14 4 9
19 23 4 21 27 28 19 21 24 19 18 23 27 1 9 22 2 25 23 16
42 38 34 35 38 28 55 67 60 32 49 61 52 25 8 36 32 59 25 40
52 37 29 53 72 64 52 65 59 36 54 63 65 28 26 58 27 70 44 58
53 53 32 54 59 46 57 70 49 25 60 73 61 19 18 55 26 65 43 51
4 5 7 9 14 11 9 8 15 1 6 17 8 1 1 13 2 13 4 14
27 30 14 27 40 38 31 47 34 26 30 42 42 12 15 32 22 46 28 34
46 30 25 41 44 37 43 57 57 37 40 63 55 31 25 37 25 59 45 36
25 11 6 20 30 32 26 33 19 20 20 12 25 1 7 23 17 24 17 29
6 11 3 10 19 19 15 17 16 8 9 18 19 1 1 7 1 14 13 11
24 22 13 25 43 38 32 42 38 22 31 32 38 5 2 35 13 47 19 42
30 25 11 30 51 43 28 44 44 26 39 36 38 11 10 38 15 45 20 48
38 25 11 44 52 51 40 55 32 28 39 35 51 1 13 37 23 51 29 39
21 39 29 37 46 41 43 54 49 24 38 42 47 13 7 37 20 49 36 37
14 15 14 15 20 20 16 24 14 12 16 12 20 1 1 11 19 26 12 19
35 46 19 46 59 53 51 55 49 33 40 53 58 9 14 50 26 42 48 54
13 22 11 20 24 22 23 25 40 24 16 30 33 2 1 20 10 29 22 26
26 23 14 36 55 52 36 50 47 15 45 53 49 22 22 40 23 53 33 44
10 12 7 11 15 15 10 20 17 10 13 19 19 1 4 8 11 20 12 15
24 30 20 31 45 40 45 58 45 32 37 37 47 10 3 28 23 51 31 37
32 44 25 35 40 45 53 61 49 33 40 49 52 10 8 38 29 44 36 42
3 1 2 6 9 10 3 12 10 2 5 11 7 1 1 3 1 11 4 3
9 5 4 8 10 14 10 19 2 5 7 1 11 1 1 4 10 13 2 20
24 43 27 35 50 45 54 62 43 19 42 45 53 13 5 46 32 46 33 53
12 10 9 17 27 28 16 33 28 6 24 35 27 12 8 18 9 32 15 24
16 14 13 16 24 19 20 30 26 6 21 30 23 1 5 20 10 32 12 19
48 36 12 52 71 67 61 70 53 47 60 49 67 10 17 54 38 68 37 63
8 14 7 13 21 21 12 19 11 4 11 16 18 1 6 11 8 19 13 16
19 24 12 24 34 27 22 37 31 15 26 27 28 1 4 25 9 41 18 36
11 13 8 13 18 17 12 26 13 6 16 15 21 1 5 11 13 25 12 26
23 30 26 30 37 30 32 41 38 26 31 28 38 10 5 31 27 46 27 37
15 20 13 17 39 27 23 25 28 8 24 29 28 7 3 29 5 32 18 39
31 31 10 38 60 54 40 60 57 24 47 55 60 18 18 45 25 59 41 54
4 6 3 7 18 14 8 20 24 8 15 21 18 5 1 12 5 21 9 22
44 48 23 47 62 59 58 73 60 30 56 60 65 28 17 48 17 68 28 58
3 2 1 1 5 7 3 7 4 1 1 3 5 1 1 1 3 5 1 4
17 19 15 21 27 20 11 13 27 12 13 25 21 10 8 22 4 26 20 21
6 7 5 7 9 10 11 15 12 7 3 17 8 1 1 9 2 10 7 7
19 29 15 29 33 33 25 30 31 17 21 30 33 1 11 26 12 34 27 32
18 27 12 25 28 32 35 33 33 27 24 23 30 1 4 31 20 26 22 33
5 6 6 11 14 15 11 18 14 1 13 12 15 1 1 10 9 18 7 17
16 16 7 13 25 24 21 23 25 13 16 23 16 2 1 19 4 22 12 20
13 12 11 24 32 32 24 25 25 17 22 22 23 2 1 21 7 34 11 23
12 8 13 7 9 7 16 25 16 7 11 17 12 4 1 8 13 19 6 14
21 12 14 21 23 25 30 39 21 19 27 25 29 2 1 13 19 41 12 18
1 6 7 7 11 9 13 15 13 5 10 5 10 1 1 9 9 12 4 19
8 6 4 9 19 15 5 17 15 5 12 16 15 1 1 9 9 22 7 10
9 15 12 18 30 24 16 25 22 6 15 18 25 1 1 17 11 26 15 24
4 2 3 4 11 11 7 16 13 2 10 15 10 1 1 4 5 12 5 9
38 34 40 48 58 50 51 49 38 27 43 30 53 13 11 48 34 61 37 55
19 20 2 17 23 28 23 28 16 15 14 23 26 1 2 16 7 19 21 19
5 8 2 9 13 14 6 9 10 1 8 12 8 1 5 11 1 10 8 11
25 22 1 24 32 33 28 42 26 21 32 27 31 1 10 28 16 32 13 39
36 23 22 37 48 39 39 51 35 16 35 43 48 17 6 33 23 57 23 33
35 43 24 45 52 49 39 35 30 23 35 40 49 8 17 44 12 47 40 41
7 2 3 5 8 9 9 12 7 4 10 13 13 1 1 4 11 17 1 12
16 17 16 26 47 41 23 45 34 10 38 28 41 9 7 28 24 49 23 41
1 2 1 1 4 1 2 8 10 1 2 5 2 1 1 2 1 4 2 11
9 8 4 6 13 14 6 11 13 10 3 8 11 1 1 5 5 13 8 8
46 47 23 50 54 55 55 57 46 48 48 61 67 14 18 45 32 60 52 40
35 22 11 35 60 54 33 58 54 19 55 46 48 22 23 45 16 61 32 53
8 8 8 10 23 20 17 23 8 1 15 1 21 1 1 11 15 20 9 22
1 15 8 12 20 17 14 15 18 6 12 16 17 1 1 13 9 17 14 21
13 12 8 16 26 19 9 10 15 10 6 13 23 1 1 14 2 26 11 17
12 8 7 17 30 26 13 29 29 5 25 33 23 10 8 25 12 30 12 27
29 15 1 19 31 31 23 39 13 15 32 30 31 1 9 20 24 34 9 31
36 33 17 34 53 45 36 47 42 21 37 50 46 19 16 47 20 52 27 47
14 15 12 18 25 20 18 27 18 5 22 19 23 1 11 19 10 26 14 31
61 50 27 59 79 71 53 62 49 31 66 63 68 23 28 70 19 78 41 74
44 54 22 56 79 74 60 77 58 34 66 63 72 13 18 65 35 73 41 74
4 9 3 11 29 24 8 21 26 1 18 27 23 5 3 21 7 28 11 23
43 54 27 48 59 55 57 63 55 20 54 70 60 22 27 55 19 49 40 54
6 11 1 5 9 13 11 10 10 9 5 8 9 1 1 8 5 1 11 12
38 23 23 41 55 47 29 44 47 16 45 48 46 24 19 44 21 60 27 51
44 28 10 48 58 62 45 53 35 39 47 45 56 14 24 44 31 53 38 49
7 1 1 5 7 6 8 8 8 3 9 4 1 1 1 11 4 4 1 17
3 12 6 10 21 19 14 17 15 3 12 12 16 1 3 14 7 17 11 19
17 19 1 19 25 28 17 20 9 8 17 20 20 1 7 23 9 12 15 25
44 30 23 42 58 56 44 48 27 33 46 37 53 11 17 43 20 58 35 49
54 57 40 54 67 54 63 76 63 23 66 78 71 26 21 64 33 76 47 65
45 48 34 51 71 61 47 66 72 17 62 68 63 32 34 61 20 75 42 67
22 16 9 24 30 27 17 26 25 8 22 31 19 1 7 26 10 30 16 27
8 10 5 7 17 13 13 18 21 9 11 14 11 2 1 15 6 17 10 22
49 36 27 55 65 61 56 60 43 27 52 49 58 15 19 53 27 63 33 50
4 5 4 7 8 7 5 11 10 4 10 9 10 2 1 7 6 12 6 14
19 23 27 29 28 23 30 27 24 14 19 19 27 7 1 28 16 34 17 26
5 10 1 5 17 14 10 13 21 11 8 11 11 1 1 12 1 13 9 12
5 10 3 6 13 10 10 23 19 9 6 18 17 1 1 6 5 16 12 8
26 24 8 36 59 56 41 54 54 25 50 52 53 27 23 45 28 54 37 51
1 1 1 1 5 3 4 3 9 1 3 6 1 1 1 4 1 3 1 7
36 29 2 25 39 38 32 48 37 35 41 37 45 5 7 29 14 52 23 34
15 8 3 19 23 24 12 25 22 9 21 23 23 6 8 15 8 28 16 21
17 18 11 26 33 26 11 22 30 6 19 31 26 7 10 24 4 33 23 21
15 19 10 32 41 38 28 38 29 10 38 33 31 4 11 32 19 37 17 42
38 40 20 44 59 49 36 42 35 15 45 50 41 12 21 52 8 49 35 53
36 34 8 34 47 39 38 46 31 23 41 45 46 3 12 38 28 43 29 39
29 28 17 38 44 50 40 45 26 27 37 32 41 4 11 35 24 43 28 36
8 2 1 6 8 10 11 12 5 5 11 4 2 1 3 12 7 1 1 19
22 22 14 24 36 28 23 34 39 10 30 40 33 12 13 35 15 34 19 41
42 54 35 57 67 61 52 51 48 28 48 52 61 9 21 56 18 63 47 55
35 45 18 41 50 49 55 60 42 41 49 37 52 16 21 48 27 44 33 61
23 37 17 32 50 36 30 37 37 9 35 32 45 4 9 38 11 44 35 47
32 20 1 25 25 28 24 35 17 23 31 31 25 6 18 27 26 27 15 30
10 5 1 9 11 10 5 15 10 10 8 6 7 1 1 8 1 15 7 14
32 27 8 37 48 47 32 36 24 20 34 36 37 4 16 40 17 40 21 44
3 1 3 3 2 5 5 5 4 4 2 7 5 1 1 1 4 6 1 9
35 24 8 33 40 35 35 50 42 34 40 45 42 11 8 31 20 51 34 27
14 18 7 22 30 27 17 25 21 5 21 20 20 1 4 24 11 28 15 32
40 38 27 45 54 46 36 51 49 18 46 46 46 16 23 47 20 58 33 57
18 22 14 21 32 23 14 14 24 1 17 29 24 10 7 28 1 28 22 31
29 30 20 33 35 29 29 49 38 18 40 43 46 5 12 26 21 53 31 33
18 20 7 12 37 27 21 42 44 21 29 34 33 9 5 30 12 41 17 38
16 5 4 4 7 8 14 30 17 13 15 21 16 1 1 3 7 24 4 7
33 32 11 22 46 46 43 63 49 24 40 53 57 13 13 40 30 47 37 48
34 29 20 39 56 49 39 46 40 18 42 52 50 21 8 43 13 58 23 40
1 12 5 7 14 10 7 8 12 6 1 9 10 1 1 9 4 7 12 7
16 9 6 14 18 20 20 20 20 19 16 12 14 1 1 16 5 21 5 20
9 16 10 16 18 15 14 25 19 4 16 21 19 1 4 14 7 22 15 22
21 25 8 19 22 19 30 35 35 23 19 35 25 1 9 29 21 15 23 33
48 28 35 48 63 48 50 61 64 28 53 51 56 28 21 52 25 71 35 60
19 13 12 20 33 23 19 35 38 17 23 34 25 8 3 22 4 41 19 29
46 53 32 59 66 60 59 70 64 38 56 56 65 23 23 58 30 68 46 66
26 23 5 24 29 31 28 38 27 17 31 26 24 1 12 32 11 26 17 32
23 32 16 37 45 43 35 44 29 25 35 34 43 1 9 37 23 43 25 44
3 2 1 1 5 4 1 9 8 1 3 3 1 1 1 3 2 6 2 6
14 20 11 19 24 23 20 27 18 13 9 22 24 1 1 14 6 29 15 16
4 13 4 5 19 13 10 20 19 9 10 17 18 5 1 9 5 17 13 17
11 24 5 19 31 31 23 33 31 17 27 24 31 1 2 19 7 29 18 28
3 4 6 6 10 12 8 12 7 3 5 7 10 1 1 2 7 10 2 9
7 8 5 12 21 21 15 7 17 11 12 8 15 1 1 13 5 20 4 18
3 1 1 5 9 8 1 3 10 4 1 6 3 1 1 3 1 10 2 1
13 22 12 16 30 24 27 43 32 18 34 33 36 7 4 26 23 41 20 34
43 38 24 37 61 53 55 69 45 29 63 50 64 18 10 48 37 69 30 60
42 37 9 37 42 41 46 66 56 49 53 58 55 19 10 39 20 61 37 43
24 17 2 28 33 34 21 27 18 21 20 25 21 3 12 27 16 27 11 24
26 22 17 24 30 27 25 31 23 10 19 34 26 6 7 27 16 32 17 22
17 8 1 13 14 16 15 18 15 17 10 8 14 1 1 15 8 18 8 17
1 4 1 1 7 6 1 7 9 1 1 5 5 1 1 1 1 5 4 5
53 41 16 49 75 65 43 67 63 40 63 61 65 24 26 62 30 82 38 65
29 30 21 21 27 26 41 62 43 27 35 50 50 15 4 23 28 50 20 36
24 20 5 18 23 21 19 20 17 22 13 25 28 1 1 16 10 28 19 9
31 31 17 36 50 53 51 58 27 25 43 36 49 8 9 34 23 42 32 48
43 48 26 40 58 45 56 69 62 33 51 59 57 24 21 56 32 58 25 66
2 3 1 3 9 5 1 10 13 3 2 9 6 1 1 5 1 12 5 4
9 17 1 18 31 31 18 18 23 3 23 24 21 1 5 23 1 22 19 24
36 32 24 37 41 34 39 46 37 17 42 44 40 7 12 39 26 48 22 39
3 1 2 3 10 9 6 9 14 3 6 11 6 1 1 5 1 8 1 10
21 11 9 18 28 30 18 28 16 17 23 16 29 2 5 14 15 34 9 28
19 24 9 19 34 29 28 41 39 25 23 34 35 1 1 28 8 39 19 35
30 29 6 25 33 33 37 48 40 24 39 42 39 3 14 34 18 36 27 36
1 1 1 8 18 17 3 13 22 2 19 20 14 6 1 11 1 19 6 14
41 21 16 33 59 58 46 63 48 32 60 36 58 20 19 42 43 69 28 60
29 28 21 28 30 23 31 47 26 25 33 33 42 9 4 25 32 46 27 31
8 12 1 5 15 15 19 20 19 15 13 10 13 1 1 12 1 15 6 25
27 24 12 31 49 38 25 42 38 13 41 33 39 7 6 37 14 53 15 50
7 1 6 1 12 9 13 24 12 1 11 11 13 1 1 5 6 20 1 18
41 35 28 36 50 38 51 67 49 27 46 52 56 11 9 39 33 56 27 50
1 7 1 5 12 13 4 12 13 6 4 12 13 1 1 1 1 10 11 3
17 16 1 15 27 30 20 25 18 6 26 27 24 4 5 23 13 17 12 31
13 21 18 32 35 33 26 34 21 4 27 27 29 1 8 28 20 30 18 31
19 24 7 27 34 38 35 33 24 21 23 25 33 1 4 25 17 23 21 28
39 47 32 51 65 59 52 59 44 23 45 44 55 9 16 53 26 60 40 57
37 16 12 32 49 47 41 52 42 36 42 39 44 12 13 34 23 55 27 44
46 41 23 34 36 33 48 56 46 30 42 51 48 14 12 37 18 53 27 29
33 34 23 44 70 62 45 64 47 17 57 53 63 18 17 50 26 66 43 58
57 42 30 51 52 48 61 71 51 48 51 52 66 11 21 55 49 60 45 58
21 7 6 10 14 8 9 21 15 13 15 17 16 1 1 10 11 28 8 18
42 47 26 49 62 56 51 58 59 50 43 51 65 16 18 49 28 61 47 54
12 6 2 9 12 14 16 29 18 15 19 20 25 2 1 2 13 24 11 12
5 12 1 5 9 10 7 16 13 10 5 13 11 1 1 6 2 8 13 6
9 3 5 9 8 14 10 10 10 7 8 8 11 1 1 6 9 10 1 16
39 19 5 37 51 48 35 51 42 36 43 40 47 13 13 39 21 56 33 36
33 25 6 45 64 58 41 45 54 20 51 58 54 30 25 55 30 55 41 57
20 29 11 18 21 21 27 33 25 12 13 31 27 4 7 21 2 23 24 17
54 29 23 40 64 58 52 66 60 40 58 50 58 21 23 57 29 76 26 64
33 17 8 24 41 37 32 49 36 26 38 21 41 3 11 32 21 46 22 38
19 10 7 23 35 24 19 37 33 14 29 37 27 7 4 27 11 37 17 32
24 23 4 19 43 39 36 55 49 28 36 47 46 9 7 34 25 38 28 42
1 1 2 1 6 8 6 13 11 2 3 10 9 1 1 1 1 5 3 6
5 1 2 3 6 6 2 5 11 5 4 8 4 1 1 3 3 9 1 11
8 8 3 11 22 23 13 22 15 10 13 14 23 2 1 7 6 20 12 17
46 37 29 50 71 57 48 66 76 42 59 51 67 29 27 57 24 72 51 61
11 21 1 15 22 24 14 15 16 10 11 20 22 1 8 18 4 14 22 16
24 16 2 18 24 29 27 28 21 27 25 22 32 1 1 15 13 30 16 17
11 10 1 8 20 18 8 22 19 11 18 13 12 1 1 16 2 24 7 24
37 32 26 28 43 27 33 47 40 14 34 49 46 17 9 32 21 52 23 33
5 4 2 5 11 12 3 5 11 6 2 8 6 1 1 3 2 10 3 4
39 33 18 41 60 51 48 63 74 39 50 64 63 31 24 56 26 61 45 64
1 1 1 1 5 5 3 2 8 1 4 1 1 1 1 4 1 3 1 6
54 42 16 43 65 66 58 66 49 40 60 49 63 29 25 57 23 66 37 68
43 36 13 46 51 47 51 60 50 46 48 54 57 11 10 42 18 65 34 45
5 19 8 15 19 21 15 17 9 6 11 11 21 1 3 13 10 13 17 18
6 13 1 6 23 19 12 25 15 6 9 17 23 1 1 10 3 18 16 12
36 47 34 41 53 45 46 59 50 26 38 50 58 17 25 44 28 51 50 51
4 1 1 1 6 6 1 13 9 1 9 12 6 3 1 5 5 15 1 12
36 36 17 45 53 53 42 51 31 21 43 47 50 10 17 40 15 49 40 45
6 3 1 9 11 17 4 10 7 4 6 11 7 1 1 6 1 11 4 7
28 31 7 28 41 40 40 39 34 24 35 39 35 6 15 37 25 31 24 43
11 11 11 14 17 21 19 20 8 1 11 18 13 4 5 14 12 14 8 18
2 7 4 4 16 14 10 12 13 1 7 7 13 1 1 7 6 11 6 14
47 51 20 44 62 56 54 63 54 36 51 58 67 14 13 55 24 66 42 64
15 6 2 16 24 23 12 25 29 20 18 27 26 10 3 14 6 30 13 13
11 10 8 18 24 16 9 13 23 1 15 20 16 3 3 23 6 22 12 22
1 5 3 6 14 12 3 3 9 2 4 10 9 1 1 7 4 10 5 6
12 14 7 10 25 26 22 38 39 19 20 40 28 14 6 16 8 30 17 21
32 21 10 23 43 44 35 60 45 28 46 42 53 19 14 25 34 54 26 44
33 15 5 28 33 31 33 34 30 29 33 39 41 16 10 23 26 37 30 20
40 28 18 34 50 49 51 69 54 40 51 58 59 23 17 37 30 66 29 44
10 5 4 4 9 10 7 16 12 9 9 12 11 4 1 7 9 14 5 16
45 36 8 34 50 52 54 69 50 46 53 53 60 10 15 45 45 58 24 56
26 20 18 37 45 39 31 38 34 28 33 29 44 10 10 30 20 48 27 36
8 5 2 13 23 21 8 17 12 7 9 14 18 1 1 6 5 24 9 9
35 24 20 25 37 36 40 46 28 28 34 29 38 6 7 26 21 49 12 32
6 7 1 8 14 14 3 12 12 4 10 12 10 1 4 10 3 14 8 14
19 6 4 16 21 26 19 27 17 17 18 25 21 8 5 12 12 27 14 15
29 41 28 33 53 48 49 67 51 29 47 52 57 23 17 43 45 55 37 57
25 16 19 23 36 30 28 40 32 5 31 26 34 7 11 28 14 41 19 35
17 17 13 22 35 33 33 41 22 13 37 14 28 4 3 30 27 31 11 50
8 4 5 8 6 10 8 9 6 10 3 5 8 1 1 4 6 8 4 9
28 27 9 30 31 35 40 35 27 34 29 28 34 1 14 31 25 26 17 37
48 43 31 57 64 57 48 59 54 30 49 51 68 12 26 54 26 66 51 57
13 15 11 20 36 31 22 34 23 9 29 12 29 1 1 23 16 38 9 32
43 54 24 48 57 55 48 50 47 41 35 57 64 11 22 52 26 51 54 52
46 38 34 59 73 66 58 61 55 37 57 49 63 24 17 58 33 75 44 64
40 23 8 32 45 44 44 61 41 26 46 50 52 19 18 36 25 54 35 37
5 4 4 7 13 11 6 15 13 5 14 12 13 4 1 10 6 18 6 21
31 24 13 25 38 33 44 58 48 26 30 43 50 17 7 29 22 42 30 32
7 12 10 12 29 21 16 27 30 13 19 24 21 5 1 14 5 26 15 21
1 1 4 3 5 3 6 8 9 2 3 7 5 1 1 4 5 8 1 14
2 1 2 1 2 6 8 10 6 2 3 1 5 1 1 2 3 5 1 13
29 10 2 28 40 38 34 42 34 25 37 36 28 13 16 32 23 34 20 31
39 35 30 41 53 42 43 64 52 29 57 50 61 18 6 44 44 67 35 59
25 36 21 32 46 43 33 50 39 17 38 38 49 11 16 33 20 49 35 47
56 48 18 47 67 67 61 79 60 42 62 63 71 12 25 61 42 68 43 70
6 1 4 5 9 6 7 12 11 7 7 7 8 1 1 6 5 11 1 14
16 26 20 22 30 22 30 30 25 5 20 28 25 8 1 28 10 30 18 25
19 33 19 35 58 54 38 43 42 11 48 41 48 18 13 44 25 51 32 50
1 4 1 3 9 6 5 11 13 4 8 8 10 1 1 6 4 11 5 17
54 47 23 50 60 52 52 55 45 39 48 56 60 17 29 53 33 58 39 52
19 9 6 13 22 16 12 26 21 17 17 22 20 1 1 14 10 32 10 16
25 27 16 25 37 32 31 35 28 29 25 25 36 2 7 26 18 40 22 31
39 45 26 44 68 55 45 66 54 15 52 63 66 28 20 50 30 70 38 55
22 15 1 15 19 24 23 23 15 19 16 21 21 1 1 17 9 20 14 19
50 47 15 54 65 64 58 72 61 53 54 51 71 11 19 56 28 68 47 58
7 11 2 9 27 22 11 31 24 11 14 29 26 2 1 9 4 29 15 15
5 11 11 11 24 19 20 19 21 8 16 15 13 1 1 15 8 23 5 27
13 12 4 13 18 17 24 25 19 23 13 13 21 1 1 15 3 22 9 21
20 17 10 11 24 26 28 38 26 15 18 22 29 4 1 15 12 29 15 25
9 18 12 13 25 14 8 23 38 8 17 32 26 12 7 21 4 28 19 26
2 3 1 5 13 12 1 5 8 3 2 8 6 1 1 4 1 11 4 1
32 18 14 23 39 34 30 34 26 24 33 26 38 1 5 26 24 49 16 35
14 22 20 21 28 24 30 37 33 11 24 23 27 5 1 24 11 34 10 27
31 29 25 38 41 39 36 43 27 20 32 36 35 5 13 34 33 42 19 40
25 5 10 22 34 33 27 44 25 19 35 19 40 5 6 16 28 42 19 32
11 4 1 1 13 12 3 23 17 10 13 15 16 2 1 3 6 21 4 19
1 1 1 1 2 2 5 5 7 2 2 1 4 1 1 2 2 1 1 10
40 35 21 45 61 63 44 57 32 28 53 39 53 15 24 49 43 60 24 62
48 35 31 49 62 56 62 73 48 30 59 56 68 31 18 45 46 73 38 54
27 27 8 26 35 42 42 52 44 33 31 48 47 10 9 29 22 32 35 41
33 30 16 28 34 32 39 42 21 25 32 40 40 9 10 28 24 38 29 35
44 31 10 40 46 48 43 58 47 35 41 50 56 10 16 41 21 53 40 40
18 5 4 4 13 15 17 33 12 15 17 23 24 1 1 4 14 27 7 18
25 24 10 24 36 31 31 39 31 14 26 39 27 12 15 31 22 34 12 36
15 12 9 17 25 25 11 27 15 12 16 14 24 1 1 10 14 31 10 21
10 8 10 8 22 9 8 20 20 1 14 19 16 2 1 13 6 26 8 24
23 18 3 15 20 17 27 38 18 26 19 29 26 1 9 20 23 21 14 24
8 12 13 20 22 24 17 19 11 10 16 6 22 2 1 15 15 27 10 25
42 47 25 47 54 47 46 56 48 36 50 51 59 11 10 43 30 63 44 42
15 26 14 27 40 32 25 40 23 10 30 35 42 1 1 22 20 46 27 30
29 32 13 19 28 26 43 56 47 28 32 45 39 10 3 30 16 40 18 36
32 36 16 34 49 45 40 43 39 26 29 50 50 12 12 45 22 47 36 43
10 8 5 10 17 19 9 8 13 10 5 11 14 1 1 8 6 13 7 7
17 20 1 18 33 32 22 28 33 21 26 23 26 10 6 27 2 32 14 33
8 19 17 18 25 13 13 21 25 9 12 21 27 6 5 16 11 27 18 26
42 38 17 32 34 38 42 56 46 40 35 56 51 9 22 35 29 42 40 37
32 45 20 43 51 56 52 61 34 34 41 45 56 6 12 44 33 47 37 52
30 32 20 22 37 29 43 55 45 24 34 35 42 11 9 36 20 41 29 40
5 2 2 2 9 6 3 11 9 5 3 4 9 1 1 2 4 10 3 11
23 19 15 31 40 36 24 36 35 15 27 39 36 12 6 26 14 41 24 34
26 29 24 35 46 40 37 53 42 20 41 43 44 13 5 37 16 58 19 37
11 8 1 7 19 15 2 19 8 3 11 12 13 1 3 8 5 21 8 11
19 30 12 27 54 48 36 51 39 15 45 38 45 11 14 42 29 46 23 55
3 2 6 4 6 7 8 14 9 1 5 14 7 1 1 4 4 12 3 10
5 6 1 4 13 12 10 25 20 9 11 15 18 1 1 7 3 15 10 17
8 2 2 8 10 14 6 8 11 6 7 9 9 1 1 8 5 11 4 13
17 14 10 13 23 10 10 24 26 10 20 30 25 3 1 15 12 35 15 22
6 10 1 8 22 19 13 13 12 6 13 10 15 1 1 14 5 15 10 20
6 7 3 7 11 14 13 14 6 3 6 7 6 1 2 10 6 3 7 11
12 5 1 4 15 14 7 17 14 10 12 9 11 1 1 6 7 18 4 12
7 7 4 13 17 13 9 16 17 5 8 18 13 1 1 14 6 14 10 13
26 34 7 26 39 41 40 56 29 24 31 40 44 2 13 32 29 32 25 47
32 39 21 36 42 38 50 51 31 27 38 47 46 1 4 37 30 44 31 41
5 9 1 5 9 7 7 15 17 9 4 15 12 1 1 6 4 11 11 7
41 43 33 44 57 49 48 53 43 32 36 53 62 17 17 46 15 56 49 47
