1000 20 10 2596
5 2 3 2 4 1 5 4 10 1
2 0 3 15 3 4 8 5 12 4
2 5 2 1 2 0 2 6 4 3
6 12 4 2 2 2 9 2 8 16
22 16 6 0 14 14 5 6 1 1
2 9 0 3 9 11 6 4 0 6
3 14 13 3 2 23 8 15 5 3
3 0 9 4 3 2 4 4 5 7
5 10 5 15 3 3 9 6 3 5
3 3 7 8 5 4 19 5 8 2
2 2 4 10 1 7 5 4 3 0
6 11 12 5 15 17 16 2 6 6
2 2 6 4 11 2 10 15 9 9
3 5 3 21 2 6 7 3 16 5
1 5 5 9 4 1 3 3 2 0
2 12 2 2 9 3 9 10 10 4
3 9 1 2 7 1 2 14 4 3
8 1 2 18 2 2 8 9 2 8
4 2 8 6 2 2 5 2 6 0
1 0 2 9 2 0 7 4 4 6
10 0 8 9 0 1 11 15 4 9
3 4 11 4 8 2 3 3 3 7
7 1 5 6 2 3 4 6 3 2
3 1 4 4 3 7 5 2 5 5
13 2 10 5 11 1 12 9 16 3
6 4 5 9 4 2 6 5 1 8
1 8 8 3 6 2 5 11 5 7
3 2 12 14 12 1 7 14 13 6
14 3 4 4 13 18 0 6 7 11
3 4 4 12 2 9 9 6 6 21
6 3 4 4 8 1 5 22 17 4
1 5 2 6 4 0 1 6 9 6
6 1 1 2 2 7 3 12 2 2
2 2 2 1 4 5 3 1 3 7
17 11 20 6 4 2 5 5 0 19
4 12 8 2 7 3 12 0 8 3
2 1 3 2 11 11 3 13 5 1
3 4 4 8 1 18 12 11 7 20
10 1 4 3 8 0 15 5 11 15
2 1 7 4 1 13 3 4 5 3
20 20 11 11 9 14 9 8 1 11
4 1 5 3 1 5 2 6 13 6
5 3 14 2 1 25 18 2 9 2
3 14 3 2 3 6 2 9 7 18
0 27 1 5 1 1 5 2 11 9
4 13 5 5 18 4 5 11 7 7
10 7 8 6 4 5 3 2 0 20
1 0 1 2 6 7 6 4 5 1
4 7 3 9 4 0 2 1 7 5
6 7 2 3 0 7 6 5 9 4
3 2 3 4 5 2 4 8 0 6
12 8 8 3 0 6 1 0 6 5
4 11 0 0 3 5 4 7 4 3
7 3 3 1 0 5 1 8 3 9
3 5 1 6 8 2 10 6 5 2
0 4 11 6 0 3 7 2 15 23
21 11 1 1 5 7 2 6 12 5
0 5 1 12 6 15 1 10 9 5
8 4 2 11 5 6 9 6 5 10
7 13 4 12 7 1 20 3 5 7
9 12 15 11 21 11 14 4 12 3
7 4 7 5 9 3 10 1 9 0
18 17 5 5 1 9 11 21 9 6
15 11 5 12 14 9 9 1 5 2
5 1 8 6 1 3 1 1 7 2
6 8 15 19 0 6 15 14 21 0
1 0 1 9 3 2 4 2 2 1
1 4 7 8 1 1 8 6 5 8
1 6 1 2 4 5 2 4 4 5
3 17 10 6 5 8 14 2 9 14
7 13 14 13 10 15 2 17 13 6
2 7 1 5 5 0 4 19 5 3
8 9 15 6 9 4 1 3 12 27
5 6 11 2 17 10 8 12 20 8
5 4 1 1 1 4 5 1 0 0
10 5 21 20 7 18 2 0 8 12
3 15 15 10 11 0 6 14 15 6
14 13 2 5 18 12 4 10 8 9
11 3 13 8 6 1 1 6 2 15
6 28 10 18 3 6 8 8 6 6
1 0 9 4 3 6 2 2 8 5
12 9 7 18 3 12 21 12 4 0
2 4 3 2 1 12 5 4 4 11
7 10 9 7 2 6 4 7 3 1
6 4 7 8 1 15 7 10 7 7
6 1 16 11 6 7 8 5 4 8
3 2 6 5 11 8 9 4 6 1
10 14 8 15 9 1 7 8 6 11
3 13 10 10 13 3 12 2 25 5
0 10 17 2 7 5 16 0 14 2
20 7 18 16 3 6 4 16 0 11
5 1 4 1 2 6 1 3 3 0
11 11 0 5 7 8 1 1 3 0
15 6 6 5 20 3 13 5 1 4
7 3 1 6 1 4 0 2 1 4
4 12 9 8 7 14 9 5 9 1
1 1 1 3 6 2 6 1 0 4
10 11 12 7 3 12 5 21 7 12
3 12 6 9 11 20 4 15 6 6
7 1 4 2 1 7 2 3 6 5
11 6 10 16 6 13 21 5 2 9
20 23 13 12 8 1 3 1 1 1
5 6 10 4 23 19 8 1 14 10
6 3 1 5 2 4 12 9 13 4
6 4 13 5 5 6 3 0 1 5
1 6 4 4 5 1 9 6 3 4
1 17 21 10 9 2 8 9 4 7
13 13 17 3 3 5 12 12 12 17
1 14 4 1 2 2 7 6 1 6
5 14 4 1 13 4 4 8 21 8
0 7 7 5 16 9 13 2 3 5
3 1 3 3 6 3 4 1 2 7
5 9 6 10 15 7 3 1 0 5
1 6 7 5 0 1 2 0 4 4
9 10 11 10 7 17 5 15 7 1
9 8 1 1 18 14 4 5 16 4
19 5 4 3 0 13 7 1 1 9
3 4 6 3 1 5 1 0 6 0
8 7 4 4 8 9 12 6 3 5
2 11 2 9 0 1 10 6 1 8
5 7 6 2 2 4 8 1 5 2
10 5 5 2 1 2 7 3 1 4
3 7 8 3 11 0 13 1 1 7
5 5 15 8 17 24 7 4 4 0
19 2 18 1 7 17 4 5 11 10
10 17 5 5 1 7 3 8 4 3
4 4 7 9 9 1 7 0 2 8
9 12 0 1 0 5 10 12 4 13
6 16 2 2 10 6 2 23 8 4
12 7 4 2 2 5 5 11 4 30
0 4 5 4 4 8 3 8 5 4
1 2 7 0 9 0 3 8 4 8
0 1 8 8 23 6 1 8 2 8
6 3 1 0 0 2 6 0 13 3
5 3 3 9 11 10 13 5 5 0
4 2 3 1 4 6 12 9 3 8
0 1 1 4 1 5 0 2 11 0
8 12 3 4 1 11 0 2 4 4
2 2 3 2 5 7 1 4 1 2
7 4 5 13 9 2 6 10 14 4
4 6 4 7 2 2 0 3 3 11
1 6 1 1 1 2 8 4 5 4
5 0 5 8 2 1 7 6 2 1
14 0 11 3 13 10 15 17 16 4
1 7 7 3 7 7 10 2 4 4
5 1 7 8 5 3 10 15 4 8
5 6 0 1 2 13 8 5 5 4
3 3 12 0 2 18 7 2 12 3
7 7 1 2 4 2 8 0 14 5
11 1 9 0 17 12 4 8 5 9
11 4 6 5 1 8 1 7 7 3
6 15 3 5 12 8 16 13 3 15
3 13 11 18 0 2 4 4 17 16
5 2 4 17 18 13 16 3 3 0
2 0 4 5 7 5 2 3 5 1
9 1 5 0 8 0 9 2 1 5
11 5 2 10 5 3 11 6 13 8
12 9 8 0 10 4 5 4 5 8
29 10 0 5 8 5 9 7 4 5
3 4 17 5 15 6 10 2 5 8
13 13 7 2 2 10 4 4 8 1
2 13 8 14 3 1 4 6 5 3
7 2 2 3 3 3 2 1 4 0
4 11 3 3 2 6 9 1 2 1
2 13 6 2 6 8 5 2 12 8
19 5 2 14 2 9 0 0 6 4
20 16 5 5 3 4 19 4 7 3
1 25 24 5 12 7 9 4 1 1
9 2 2 15 2 15 3 14 4 8
7 2 6 5 3 11 8 7 6 11
2 18 1 2 20 1 7 10 13 2
13 8 5 13 6 2 3 2 6 3
2 9 2 7 1 3 14 7 3 7
12 14 3 7 6 1 9 1 1 18
10 3 2 5 9 22 5 4 9 15
18 3 17 3 20 9 18 1 5 10
10 8 2 0 15 4 10 0 5 3
2 14 4 6 4 26 12 7 1 11
10 4 5 3 7 8 5 10 7 0
11 16 15 4 4 13 3 6 9 21
2 5 8 1 5 2 4 3 3 0
1 10 6 3 2 0 4 2 1 1
13 2 5 2 9 9 6 1 6 6
1 20 3 8 8 4 21 16 1 11
4 11 4 7 16 3 1 1 2 5
8 4 2 6 9 3 8 8 9 17
9 0 2 1 8 13 6 12 22 3
1 2 7 1 4 3 4 8 1 6
7 5 4 3 4 15 7 1 8 10
3 5 3 0 1 3 15 5 4 3
3 2 18 14 10 11 8 6 6 5
1 1 5 3 0 5 1 0 6 4
2 2 6 3 10 2 4 2 9 1
13 11 3 5 18 4 20 19 11 7
4 0 3 2 4 2 9 3 7 1
13 18 5 3 24 3 2 1 2 1
3 2 8 3 8 1 1 4 1 4
2 5 1 3 2 11 5 0 5 2
5 1 9 3 2 6 5 2 3 0
8 11 9 10 5 23 9 8 6 7
5 4 7 3 2 3 1 6 10 1
13 12 4 4 10 4 11 4 3 9
3 9 6 1 13 10 6 11 7 8
5 3 18 6 10 14 7 5 5 7
3 3 19 12 7 3 15 4 18 0
3 6 6 1 4 10 9 10 18 4
8 5 8 17 14 1 2 7 2 5
7 5 9 11 0 7 9 4 12 8
11 4 2 7 7 6 12 6 7 7
13 5 0 6 3 21 0 11 2 19
8 16 2 5 6 2 11 16 7 13
11 7 3 13 5 7 7 11 1 1
15 2 12 4 4 9 11 4 8 10
7 17 10 2 1 10 2 2 1 4
14 2 13 9 22 11 16 9 1 13
11 13 5 3 15 5 8 1 5 4
5 0 0 6 0 6 5 2 7 3
1 10 3 19 4 4 4 3 1 7
4 0 4 10 1 1 7 8 4 4
0 3 0 3 15 8 6 2 2 3
4 2 10 1 1 4 1 4 5 1
7 18 2 0 14 4 14 0 1 12
1 3 4 13 4 4 3 13 7 4
5 4 2 0 9 3 2 2 2 9
5 4 2 0 1 3 10 14 2 13
12 8 7 11 8 2 7 17 1 14
1 4 6 1 0 6 2 14 7 7
13 10 12 5 3 3 7 6 1 6
15 3 2 27 2 7 4 1 22 2
7 1 6 6 1 3 5 11 14 0
5 2 12 8 8 2 6 2 6 13
5 10 0 5 12 14 6 8 2 3
10 6 14 10 7 6 17 4 8 4
7 3 0 6 1 5 0 3 1 7
7 1 13 4 1 13 2 4 5 1
5 11 6 11 2 12 2 3 3 2
2 4 5 4 6 5 1 5 0 0
12 13 2 9 17 5 2 4 11 10
13 6 13 4 2 1 13 3 11 17
4 3 5 7 8 2 14 2 0 3
2 0 1 6 3 1 0 8 5 1
8 9 5 24 17 6 6 5 12 9
4 4 4 6 1 0 5 1 0 1
3 5 0 1 3 7 8 0 8 6
2 0 5 9 1 8 4 2 1 8
10 12 2 1 8 2 3 2 4 2
3 4 10 4 6 1 2 1 2 3
1 1 22 4 11 8 6 7 1 2
10 4 4 3 9 2 7 1 5 0
10 13 3 2 6 7 4 5 4 8
4 5 14 10 9 11 5 2 0 5
12 4 1 10 9 9 5 7 2 11
5 5 1 5 3 6 0 10 3 5
3 1 8 7 0 2 8 3 2 1
2 3 4 1 1 2 7 3 2 2
1 1 1 5 1 1 9 3 4 3
11 14 9 9 5 7 2 3 11 6
2 3 6 2 6 10 5 2 9 7
17 25 9 3 5 11 8 5 1 3
0 4 1 5 0 5 4 9 4 9
6 1 2 1 6 1 8 1 3 0
11 11 1 5 14 8 7 11 11 2
10 23 14 25 4 3 1 0 7 6
7 8 10 8 1 2 1 5 8 3
3 1 2 10 3 2 19 20 7 18
1 2 2 16 13 10 6 5 5 1
6 0 4 5 2 3 8 2 2 2
10 0 3 8 7 3 2 10 1 12
11 0 8 19 16 11 1 7 9 2
5 5 0 9 5 4 3 6 6 10
2 0 3 2 2 1 16 5 2 1
11 5 4 2 1 7 1 0 1 7
6 6 1 3 3 3 5 2 3 1
7 10 1 12 9 12 3 6 9 1
1 4 5 6 3 12 3 3 15 1
5 20 0 5 1 2 2 5 10 17
2 2 1 3 10 2 15 7 7 7
13 2 3 1 4 3 9 2 3 7
1 2 5 1 1 4 0 0 7 2
5 5 6 6 4 7 6 10 5 2
4 13 6 14 1 6 15 8 4 5
7 2 3 2 4 4 4 5 1 2
3 10 10 6 6 5 14 4 4 9
3 6 7 8 19 12 2 11 4 2
1 7 6 14 10 4 12 3 13 16
6 1 7 4 8 3 8 8 2 6
3 0 2 1 1 3 8 3 0 7
3 9 3 10 4 9 5 8 1 1
9 1 5 1 0 5 7 25 12 8
7 15 1 9 13 8 8 16 7 17
15 5 2 7 11 4 9 18 8 5
17 19 10 7 2 7 6 6 21 5
2 3 14 3 4 3 1 7 8 3
6 3 18 10 0 2 2 5 29 12
6 13 5 0 9 6 6 3 7 4
6 5 7 13 1 6 3 6 0 3
5 11 2 17 4 9 7 25 5 12
1 4 8 2 3 10 4 6 6 2
2 2 4 5 16 4 5 13 10 4
6 4 20 8 6 2 1 18 7 1
4 8 1 15 7 4 12 10 12 4
4 5 12 6 2 1 7 9 4 0
12 2 5 6 7 13 6 3 13 7
3 4 2 17 6 9 10 8 5 14
5 0 13 3 11 13 3 2 11 1
5 1 3 7 0 2 11 9 1 11
7 2 6 1 3 1 2 3 0 3
11 2 4 6 5 9 1 20 5 2
5 2 4 4 1 4 5 1 3 1
4 7 12 3 12 8 19 4 3 12
8 5 2 0 7 2 2 1 4 2
7 7 13 2 5 3 3 8 1 4
17 3 3 4 14 18 7 13 20 4
19 7 2 5 13 0 0 11 24 10
15 11 11 12 2 6 3 8 14 24
4 1 4 11 1 24 6 0 4 4
12 18 12 4 8 1 11 6 6 1
7 5 10 2 2 15 11 1 11 8
2 1 9 2 6 0 1 3 1 4
3 4 6 5 6 5 3 5 1 5
10 9 15 8 0 5 9 5 2 7
1 5 19 6 12 4 6 5 4 12
3 10 14 6 8 2 14 2 0 6
10 0 2 5 7 1 9 4 5 4
5 19 17 13 10 19 9 0 4 11
2 6 31 2 11 3 19 2 2 7
25 1 20 2 12 2 12 7 6 2
4 2 13 5 8 7 7 8 7 9
13 3 7 9 20 4 9 13 8 9
2 2 4 1 6 8 0 1 3 5
6 5 1 8 7 16 6 6 7 0
14 3 8 4 1 8 4 6 2 0
3 4 11 16 6 12 6 9 10 9
1 1 4 2 4 3 3 2 12 0
2 4 4 9 3 2 1 5 1 0
1 4 15 10 3 10 14 0 1 12
1 5 7 1 7 3 1 3 1 4
21 16 17 3 5 4 5 14 11 4
5 3 10 5 9 8 11 7 5 9
3 4 2 1 1 2 6 6 2 1
3 0 17 16 19 8 14 1 9 7
8 7 1 3 2 3 2 11 10 2
9 23 5 2 0 0 8 15 6 20
1 7 4 8 4 5 9 3 12 3
2 11 23 7 15 14 0 1 13 8
4 4 2 2 10 7 2 1 4 12
2 9 13 7 20 14 2 12 9 10
11 3 1 6 14 8 1 12 8 24
10 9 5 4 2 10 1 6 8 8
4 4 8 4 11 5 4 7 5 5
7 3 8 5 4 1 2 3 7 1
2 3 7 10 5 7 14 0 1 7
0 1 5 6 6 8 5 6 3 5
5 0 6 4 3 9 0 5 6 2
12 7 6 1 19 6 15 2 13 11
1 2 8 12 0 6 12 2 2 13
10 8 2 2 7 7 1 9 22 10
0 2 6 8 7 5 2 2 2 2
6 5 22 12 2 1 3 1 25 4
12 12 4 13 5 3 2 20 4 4
8 0 0 14 17 4 15 10 23 1
2 13 1 2 5 7 9 2 5 13
1 15 6 6 23 7 13 1 8 4
5 2 4 11 2 1 1 3 5 3
4 6 4 7 13 2 5 7 7 6
2 2 7 1 2 7 5 3 5 1
4 4 16 14 23 17 0 2 15 2
2 1 12 18 5 25 1 1 6 15
5 5 12 11 6 11 2 4 12 8
0 2 2 6 0 3 2 3 9 1
2 18 13 13 22 5 2 9 7 10
11 6 2 3 1 2 7 3 9 1
0 9 7 8 2 7 2 25 2 26
0 20 16 13 6 3 3 16 7 2
9 6 6 8 0 8 9 2 2 3
0 0 2 6 1 6 1 5 1 5
13 2 3 5 1 2 10 5 9 10
4 2 0 14 11 6 1 5 3 0
5 2 6 6 12 2 13 9 2 10
5 22 19 3 4 7 5 10 5 1
10 1 6 12 3 2 9 0 2 30
4 5 0 0 3 8 0 3 1 1
9 13 1 3 11 7 5 4 5 3
22 7 6 6 22 8 8 2 8 3
1 3 3 6 8 0 9 10 4 3
7 1 7 3 1 2 3 11 1 1
19 6 6 15 11 2 27 3 0 6
2 15 7 16 1 4 7 8 13 6
22 2 10 8 6 1 6 21 2 15
3 11 1 7 0 5 14 4 5 9
13 9 18 9 1 3 0 19 5 4
9 3 1 7 5 2 2 5 2 9
1 5 2 8 11 1 8 0 8 8
1 4 0 4 2 0 1 2 2 10
6 9 1 10 13 12 9 1 6 15
12 2 10 8 1 13 1 12 13 1
3 4 0 5 9 7 0 1 5 0
4 5 3 2 24 2 7 2 14 5
6 1 7 8 11 3 1 10 0 6
9 3 4 7 9 14 7 2 8 8
13 9 13 7 1 5 15 3 14 10
10 20 6 13 3 2 6 11 6 1
7 11 24 9 11 4 17 6 5 3
8 11 6 17 14 22 6 5 5 17
10 11 3 30 6 3 14 2 1 4
4 0 3 2 3 4 13 11 5 1
5 13 3 4 3 10 21 3 15 9
1 8 2 5 9 14 7 4 17 14
14 6 7 11 10 3 14 7 7 4
5 4 2 1 5 6 2 2 6 8
11 8 3 8 2 5 6 1 10 2
3 10 0 23 3 10 12 15 4 6
14 11 24 14 14 1 7 10 5 9
6 1 3 6 7 5 11 2 4 7
4 3 2 11 4 6 4 4 9 3
0 22 10 7 9 10 11 3 2 18
2 2 5 1 8 2 6 1 15 3
1 0 12 2 9 21 15 2 13 5
1 3 2 8 5 2 2 5 2 9
15 9 10 5 16 13 4 1 22 13
8 1 1 6 5 4 3 0 2 6
3 5 8 6 18 6 1 1 12 19
25 7 1 7 16 16 3 3 6 6
1 8 4 2 5 4 2 2 1 15
0 2 5 7 1 6 2 1 3 1
2 11 2 2 7 8 5 1 7 1
13 12 2 6 0 13 4 19 18 9
8 14 1 10 0 10 2 7 3 13
13 4 4 2 1 6 4 3 1 20
6 4 3 3 5 3 5 11 3 23
5 0 1 5 7 1 2 19 3 7
0 7 6 5 3 4 2 1 1 6
13 3 1 4 22 10 3 9 9 18
2 2 4 3 16 2 5 11 4 3
6 11 4 4 9 10 4 12 7 8
5 7 0 0 4 3 3 2 12 2
13 4 10 16 3 4 13 22 5 8
5 9 4 26 6 3 5 4 17 1
7 14 3 4 2 0 4 11 1 1
17 2 7 11 6 2 11 11 18 3
3 5 3 3 2 3 4 3 3 2
5 5 3 9 22 26 2 2 14 8
6 14 4 4 1 2 6 7 7 5
1 7 9 1 3 1 1 1 4 1
4 5 6 12 15 10 11 11 1 12
4 6 1 9 0 1 5 0 3 1
13 5 4 4 12 11 6 12 4 3
2 2 2 4 9 3 6 0 4 12
6 20 8 6 4 5 16 11 11 5
5 10 6 1 4 4 3 8 3 5
1 11 8 5 1 10 18 7 5 11
5 1 11 4 3 2 7 3 1 5
14 5 9 4 13 9 3 3 3 5
1 6 1 3 2 0 4 5 6 2
4 5 6 1 4 7 5 10 3 10
6 7 2 8 1 4 0 4 5 1
17 6 2 8 8 1 15 7 18 22
10 8 8 6 8 2 1 17 11 9
2 2 25 1 4 6 11 4 7 4
0 1 5 6 3 1 2 0 2 5
7 7 8 6 3 1 5 5 1 4
0 7 3 2 3 0 0 3 6 7
9 2 3 5 0 7 4 2 4 5
2 14 2 2 8 8 12 1 9 8
4 0 5 6 6 5 15 8 9 11
4 4 2 12 8 4 4 14 3 6
3 2 9 4 21 4 4 1 0 1
1 4 5 3 1 9 9 3 19 15
5 1 22 5 0 5 13 18 9 10
4 6 6 0 5 1 11 5 1 14
2 1 3 4 4 3 5 3 0 5
13 6 28 8 6 7 12 8 3 14
0 7 4 19 2 4 9 1 0 18
6 10 9 22 13 15 10 6 0 18
14 8 3 12 21 4 11 7 2 1
5 3 10 6 3 15 1 15 14 5
0 2 3 1 19 9 5 14 0 5
5 11 9 10 6 19 7 1 1 13
3 2 2 9 15 2 5 12 9 8
2 2 5 8 5 0 5 7 1 11
11 3 9 2 8 9 9 0 3 2
19 4 18 3 1 6 10 19 4 4
1 6 4 13 3 6 2 6 9 10
15 2 3 4 4 9 10 9 15 1
1 13 9 12 7 6 0 2 11 1
3 4 3 8 4 13 6 8 0 14
10 7 22 17 3 3 9 2 11 7
15 10 4 8 14 8 4 9 2 14
1 17 4 6 14 5 6 7 19 17
8 5 19 4 14 16 5 12 0 12
4 10 4 5 8 2 6 9 3 3
2 1 10 10 8 13 18 10 11 22
5 3 4 0 13 9 5 3 9 8
0 10 6 12 22 4 4 8 2 26
9 7 2 3 15 15 20 1 8 17
16 4 0 13 9 3 1 0 0 0
0 4 2 15 3 11 2 1 10 4
11 2 0 7 2 1 1 10 0 1
7 3 1 0 4 7 3 4 1 3
6 10 15 5 10 3 3 1 12 25
1 2 6 3 11 10 6 3 7 0
3 6 6 10 11 3 7 4 5 5
2 3 1 0 9 1 5 4 0 2
5 3 6 7 9 6 15 2 0 1
13 6 6 0 3 6 8 2 9 15
14 14 7 5 3 17 12 10 8 9
3 14 8 3 3 4 6 6 13 0
8 16 10 9 9 4 1 1 6 27
4 0 4 2 3 4 4 9 5 3
10 4 1 1 1 6 6 2 6 3
12 2 6 8 7 0 0 3 3 1
0 2 6 3 2 5 12 4 1 1
2 7 13 13 11 8 15 8 16 9
9 17 3 17 1 8 2 16 17 0
9 2 10 1 17 2 5 7 13 14
10 7 4 23 15 3 8 11 16 6
7 14 8 4 11 17 6 1 7 17
4 0 16 24 20 2 14 4 2 5
15 2 0 2 2 10 14 5 9 5
3 5 4 4 3 2 2 7 6 3
6 19 7 0 4 4 3 2 1 13
2 7 0 7 11 2 4 5 3 2
14 12 4 6 7 3 2 14 5 20
21 5 8 5 6 10 3 1 14 7
6 8 2 4 3 7 5 2 3 4
9 13 5 5 4 1 10 10 9 17
4 7 0 13 1 4 5 2 7 3
7 7 13 3 21 5 11 8 7 18
19 13 1 1 2 8 6 2 0 6
13 2 19 5 4 6 22 16 3 10
13 4 1 9 14 6 0 5 0 15
14 0 3 12 10 26 11 6 9 7
2 1 2 1 5 6 2 4 2 10
14 9 2 2 1 14 12 5 9 14
9 0 5 13 17 9 8 6 3 4
5 2 5 3 8 9 3 2 2 3
4 5 3 6 4 5 1 6 5 3
5 3 10 16 0 1 6 12 5 4
11 2 6 2 9 3 8 5 2 6
10 14 1 15 15 10 1 9 24 6
9 12 14 3 8 3 1 6 7 11
1 5 2 2 10 23 7 1 17 6
1 3 2 7 5 4 3 1 3 1
1 3 2 9 5 2 1 8 12 2
8 8 6 7 0 2 1 0 6 1
3 0 6 7 1 3 1 1 16 11
5 2 9 1 1 2 10 3 1 4
14 4 6 10 1 20 0 2 13 14
12 4 4 5 12 7 1 2 0 2
8 13 4 2 13 7 8 19 2 6
3 2 7 10 7 8 1 0 4 3
11 14 2 7 8 10 2 18 14 7
5 10 2 9 10 10 12 7 0 17
4 3 3 3 2 3 0 7 6 1
4 9 5 15 15 14 15 8 14 15
8 0 7 9 11 10 17 26 1 11
1 1 9 0 7 12 7 1 0 11
5 2 4 3 7 6 3 6 4 3
5 7 1 0 5 2 5 4 4 1
8 2 0 3 8 6 6 2 4 9
7 1 8 3 9 9 14 8 3 7
9 3 0 2 7 4 5 10 1 5
2 6 4 21 8 6 4 13 12 3
9 1 6 5 4 7 6 3 22 12
7 2 7 7 2 6 4 5 4 3
6 14 3 3 3 21 11 7 5 1
21 3 1 21 6 7 3 12 15 1
14 11 3 3 8 7 6 7 0 9
7 2 9 6 13 2 2 6 7 2
3 1 9 7 7 3 1 3 1 3
14 5 8 6 2 2 0 3 2 1
5 5 8 5 1 2 7 10 7 8
4 8 2 2 2 5 10 1 2 2
9 2 2 1 3 3 7 19 1 13
10 8 12 5 3 5 4 1 7 2
9 2 1 7 3 1 17 0 1 6
9 26 9 7 7 9 0 1 1 7
2 6 5 1 20 21 3 10 2 11
1 4 1 9 0 10 6 1 5 9
12 23 0 5 15 12 6 5 15 6
6 7 6 10 5 7 7 1 10 14
2 3 1 1 5 0 7 2 0 5
13 8 1 12 6 5 17 12 18 19
11 6 5 2 10 9 7 3 7 4
12 1 7 10 1 13 3 19 7 14
9 6 8 4 9 11 6 4 1 4
7 15 11 0 11 1 3 9 6 7
13 7 3 5 3 1 9 2 5 10
1 9 4 5 2 3 0 3 4 1
6 6 0 2 3 6 3 1 4 2
18 8 11 13 14 13 15 5 6 1
2 7 3 5 5 4 1 6 3 10
10 7 0 2 1 14 14 9 1 5
2 3 7 2 1 6 1 3 10 4
6 5 16 18 6 3 3 4 1 12
0 11 1 13 7 8 18 7 11 6
11 1 0 7 1 1 2 34 0 3
8 8 5 18 14 13 21 5 7 6
8 8 3 7 2 2 8 0 4 20
2 0 0 3 0 4 10 4 12 0
4 1 19 2 14 7 6 12 19 16
3 3 4 3 1 1 4 1 9 4
4 5 1 2 18 12 5 8 12 7
3 3 0 3 7 4 1 3 2 3
6 4 22 4 26 10 2 11 13 5
4 5 5 4 8 3 1 6 3 2
14 3 7 10 5 7 6 7 7 8
13 6 4 10 7 1 1 20 8 0
4 1 6 3 7 4 8 4 8 3
2 8 4 3 9 2 5 7 6 2
3 6 1 1 2 7 3 3 7 2
2 8 8 8 1 5 13 3 21 3
0 19 12 11 0 9 2 15 2 12
0 5 4 6 3 4 0 1 0 3
14 5 17 5 10 21 6 13 9 6
7 3 4 5 5 8 2 3 1 1
6 18 11 1 2 1 8 2 15 1
7 1 2 13 3 2 9 8 2 9
1 4 2 1 12 12 11 15 4 2
5 3 5 10 8 1 6 3 2 8
3 11 1 2 0 2 0 1 1 4
3 6 2 13 5 3 4 2 1 8
0 5 2 6 2 2 1 0 8 2
7 3 0 3 8 4 0 4 1 1
9 8 14 0 1 9 3 1 6 4
3 4 10 6 6 10 20 14 3 11
19 0 9 4 6 7 5 11 11 0
2 9 9 8 10 11 1 2 4 0
3 11 5 16 2 7 7 6 6 10
1 12 2 7 4 3 10 5 14 9
8 11 3 8 7 24 14 8 9 11
4 0 1 2 1 4 1 1 1 8
5 20 9 9 19 1 5 1 6 1
2 12 2 0 2 6 5 9 6 9
14 8 13 0 16 3 7 11 13 1
1 2 4 9 0 2 2 1 5 3
2 9 14 3 1 0 5 2 6 11
4 8 9 7 2 5 12 4 0 2
4 2 7 1 1 6 4 3 1 2
1 6 5 4 9 1 9 7 1 12
27 3 8 6 1 0 14 11 16 11
8 1 1 1 3 3 4 7 6 3
6 2 3 1 3 10 6 0 1 0
0 8 4 6 2 0 8 7 5 5
1 6 13 7 14 14 8 2 15 7
14 13 6 10 10 0 0 2 5 16
4 0 5 12 1 0 2 1 0 18
1 1 10 5 9 3 0 5 4 3
11 8 4 18 0 13 17 2 4 4
1 1 3 1 1 6 1 1 7 4
4 21 4 3 0 6 2 3 6 4
6 7 7 8 17 3 13 8 2 10
10 0 4 3 9 9 11 16 4 8
4 20 11 3 8 5 8 9 6 8
5 4 22 8 22 4 6 19 4 2
13 17 8 3 13 5 3 7 24 3
3 7 4 1 4 0 5 6 3 4
11 4 2 2 10 9 3 0 5 2
3 11 15 2 12 5 1 5 7 7
1 9 3 2 9 5 7 16 1 7
11 5 4 2 11 3 2 12 4 2
7 5 4 1 7 5 3 6 5 4
6 0 1 1 1 2 30 6 9 11
0 10 9 4 0 16 19 2 4 4
3 19 15 4 21 8 3 11 1 17
2 7 0 3 6 3 6 4 7 6
3 23 10 20 4 1 16 14 2 4
2 24 7 5 9 10 6 12 0 21
1 19 4 9 23 8 2 9 7 9
5 6 3 3 5 4 6 7 6 2
11 3 9 10 4 8 2 12 1 2
21 4 15 6 2 17 6 12 4 5
1 7 27 15 17 0 5 3 8 7
8 3 3 10 6 3 6 0 1 8
5 1 9 2 5 11 2 5 3 10
7 7 13 1 5 3 8 6 0 8
2 2 3 13 1 7 0 1 10 3
11 8 5 10 20 9 14 14 4 11
3 0 5 6 5 9 10 1 3 1
4 3 1 4 3 1 11 15 11 2
1 21 1 11 7 10 15 10 3 13
3 2 3 1 1 7 0 5 5 5
0 7 3 5 1 8 1 8 6 2
11 9 11 9 8 1 24 3 2 4
1 3 0 2 6 2 1 3 8 3
5 8 25 10 11 1 10 9 8 0
14 4 11 6 4 8 7 3 10 11
15 8 9 7 13 7 4 6 7 14
0 0 16 19 10 4 2 5 10 25
5 9 9 4 6 5 12 6 0 2
17 0 12 4 3 0 4 5 2 12
8 8 0 7 1 9 3 20 10 6
9 0 2 10 7 11 5 2 7 5
9 12 10 18 16 6 7 19 2 6
20 5 5 5 8 13 4 6 13 17
6 5 1 1 3 1 8 1 5 7
0 3 6 4 4 22 2 15 13 12
4 5 3 2 8 1 3 2 5 0
3 0 12 1 6 7 4 4 4 3
14 19 4 7 12 12 15 3 3 3
2 1 5 4 4 7 4 3 7 0
4 7 5 8 1 7 4 2 9 5
7 26 1 7 19 5 8 5 1 3
3 2 13 1 3 1 1 1 17 2
11 4 18 17 10 15 4 13 3 1
3 1 7 0 7 5 5 1 3 2
3 5 3 5 14 0 10 0 1 4
1 7 1 2 6 6 0 6 7 4
7 15 3 7 17 6 7 7 8 10
2 0 2 8 24 1 14 7 2 18
0 7 3 1 0 0 3 7 4 9
7 0 5 1 7 14 8 0 7 4
6 8 4 2 26 4 3 12 0 9
10 6 8 16 5 17 20 1 11 7
6 13 14 5 22 12 12 6 3 13
14 7 4 5 9 2 6 2 12 5
9 7 5 8 1 4 4 4 9 6
4 2 6 5 8 10 15 1 5 7
2 1 5 11 7 4 10 8 7 0
5 7 5 5 7 2 6 1 14 20
8 2 3 5 1 13 1 5 11 11
3 12 8 4 6 5 6 0 2 3
2 9 7 13 2 0 27 13 8 7
4 10 2 0 0 6 2 0 1 1
13 2 8 14 7 3 1 4 9 16
21 20 10 10 3 7 2 2 1 9
7 4 3 5 5 12 6 7 3 1
7 5 6 0 2 10 1 8 3 8
6 7 8 0 0 4 7 1 2 2
7 15 4 5 0 6 6 17 15 9
10 2 14 3 12 0 3 3 6 7
12 6 3 3 4 7 7 5 10 1
1 5 7 2 8 7 5 1 1 2
2 1 7 2 12 7 10 5 3 5
7 10 4 2 13 5 11 4 3 1
9 3 11 10 6 21 2 4 10 6
7 2 3 1 8 3 2 4 3 3
4 7 4 17 3 16 4 2 3 7
6 3 5 9 8 8 5 6 15 8
11 2 4 8 1 16 18 10 20 1
18 5 6 6 8 10 14 15 22 6
5 13 5 11 2 10 12 5 26 9
5 2 1 8 4 1 1 6 3 0
8 4 3 4 4 2 8 2 2 3
1 8 12 2 11 7 1 2 10 3
3 3 7 2 10 12 8 0 5 5
13 8 15 11 4 2 10 14 1 5
4 5 2 1 2 3 13 2 4 12
0 4 1 4 1 0 16 13 1 6
1 1 1 9 0 6 1 10 5 14
4 6 2 1 1 1 2 2 3 4
26 7 8 7 13 14 1 2 15 8
7 8 3 8 1 3 6 7 4 5
3 0 4 2 8 0 3 6 1 5
1 4 2 3 2 3 5 2 5 4
7 17 0 5 12 3 9 15 10 19
10 1 3 5 11 2 5 2 0 1
3 3 5 5 1 5 1 2 0 4
6 7 7 3 7 2 10 5 4 2
6 5 8 2 13 1 3 2 4 2
3 4 0 1 4 0 2 6 6 2
9 4 10 0 2 0 4 5 4 9
7 0 2 1 21 6 8 8 2 14
14 4 6 11 19 14 19 4 8 4
8 2 3 6 1 2 2 0 1 6
9 6 10 6 14 7 10 13 6 14
0 6 1 6 2 2 1 3 2 1
6 2 2 21 6 3 6 7 2 1
1 7 7 6 5 12 6 5 4 5
4 9 4 9 1 8 2 11 2 3
2 3 1 1 1 1 1 11 2 3
3 6 7 11 9 11 1 5 7 1
7 5 4 9 19 2 3 22 8 6
4 9 4 3 3 3 1 0 1 5
13 1 9 6 12 13 9 2 1 2
4 2 0 0 1 3 6 4 6 1
4 18 12 6 10 13 2 0 21 18
1 2 1 3 4 6 7 2 2 2
15 3 1 6 12 4 6 8 7 1
6 2 5 5 9 10 12 1 0 1
18 9 9 0 9 15 17 15 3 9
7 1 1 22 0 18 15 4 7 9
3 3 3 1 7 4 1 5 6 1
6 4 4 15 1 10 2 27 12 5
0 2 5 3 4 4 2 7 2 1
1 5 7 6 8 6 4 8 0 5
4 14 1 14 11 6 3 7 11 1
7 3 6 2 0 9 7 6 0 2
8 13 15 1 2 8 5 2 7 22
5 3 11 12 8 4 23 18 0 11
17 16 5 3 15 1 16 6 4 17
18 4 15 4 3 6 4 6 9 3
5 3 5 1 7 6 10 3 8 4
7 9 3 2 2 1 0 12 3 4
1 5 1 3 11 12 9 27 6 4
6 20 11 7 9 8 5 0 2 12
19 9 12 7 7 16 0 6 4 5
3 8 11 6 2 9 11 1 2 4
7 14 17 5 5 2 1 2 7 4
10 3 15 12 12 7 23 1 7 13
2 10 8 15 3 3 9 7 7 10
4 4 10 4 15 5 18 2 5 12
5 2 4 3 26 2 10 4 4 3
5 9 8 3 1 23 21 9 4 6
5 4 1 2 3 3 3 3 4 3
9 11 10 5 5 8 1 9 8 19
8 3 1 4 1 1 2 3 8 9
5 8 14 28 6 8 4 2 7 7
7 5 4 8 0 7 1 14 7 8
10 17 8 11 10 4 7 6 3 9
9 4 7 8 1 1 10 1 4 8
21 3 2 6 20 2 3 19 4 9
2 0 5 4 4 2 2 4 3 3
0 11 0 6 12 1 6 1 7 8
9 3 19 2 8 9 6 16 17 1
11 4 2 1 3 8 7 21 17 7
0 0 3 5 8 1 2 9 4 3
1 3 3 1 1 9 17 9 19 9
4 4 16 3 1 11 5 16 6 12
11 4 11 2 4 8 12 15 10 0
4 1 2 27 6 5 3 4 2 22
0 4 9 12 14 7 18 18 1 11
13 3 6 13 7 5 11 1 3 3
17 12 5 12 7 11 3 7 14 11
1 1 3 6 6 4 1 2 6 8
3 6 3 4 18 4 6 15 3 20
7 0 1 1 2 8 3 1 9 3
19 15 11 0 5 11 4 6 8 6
4 5 2 3 5 2 3 1 1 5
5 9 1 6 4 11 16 22 8 6
7 4 6 3 2 4 0 9 6 1
1 0 3 13 2 1 3 1 6 3
12 5 12 0 15 11 18 8 18 6
16 14 5 14 3 5 15 11 7 1
3 8 4 7 4 14 14 3 3 6
10 15 5 8 11 19 9 4 13 2
8 0 7 9 10 11 5 1 8 4
14 5 4 6 15 2 13 20 7 2
1 11 2 3 1 4 1 4 2 1
1 1 6 0 1 3 2 11 5 3
16 2 7 7 3 18 2 1 0 7
0 0 6 3 2 7 3 7 1 4
2 8 5 2 9 3 1 0 3 6
9 11 2 1 3 13 0 5 1 0
12 4 7 8 10 4 26 2 10 4
3 9 15 2 7 4 1 2 7 4
2 1 8 4 8 4 0 11 0 2
5 9 3 1 2 10 10 6 7 6
5 13 0 4 4 19 12 9 3 17
1 10 4 1 2 0 9 9 5 8
5 3 4 2 6 4 6 6 2 14
15 2 5 1 9 12 4 17 6 2
6 4 6 7 3 7 5 9 8 6
1 12 9 5 6 12 5 8 19 0
1 3 22 10 9 13 11 14 13 8
4 8 8 12 11 10 10 5 17 10
1 8 5 4 1 2 2 1 4 6
6 0 2 11 8 8 5 1 4 17
4 8 4 13 12 5 6 1 7 5
4 4 9 6 1 1 2 3 9 2
2 8 5 1 5 8 3 6 0 2
9 19 10 2 12 7 3 4 3 23
1 1 21 21 3 4 11 4 5 2
8 0 9 12 5 2 0 1 7 2
3 11 9 2 18 23 17 4 10 7
5 5 14 4 6 15 4 9 7 6
4 2 5 7 2 9 5 2 20 3
6 4 4 2 3 4 1 1 3 0
4 6 26 14 1 16 10 3 10 7
3 14 12 7 19 11 13 4 6 17
5 0 9 7 9 13 0 12 6 11
9 5 2 6 2 3 4 11 1 5
10 1 2 5 9 11 10 12 10 16
7 1 1 3 4 3 1 4 0 2
3 5 3 2 6 5 8 2 4 1
16 6 7 1 0 1 9 20 1 3
5 0 2 1 1 1 8 1 3 2
0 2 22 8 16 24 4 5 2 5
8 14 9 18 7 0 20 5 11 3
18 7 20 21 11 1 11 2 6 3
20 8 8 3 5 1 5 14 4 15
8 7 22 4 4 3 1 0 3 11
5 4 3 8 1 11 4 20 30 0
21 1 5 1 0 11 11 4 4 4
19 3 4 5 15 5 17 0 5 12
0 2 4 3 2 11 10 1 2 1
1 18 13 18 1 4 15 18 12 1
10 8 4 16 16 2 4 6 3 6
0 0 3 6 8 1 9 11 3 4
2 2 2 0 5 2 15 3 2 4
2 0 5 4 0 10 4 3 1 0
10 19 10 4 12 18 4 12 4 1
9 1 1 1 1 3 2 2 9 3
6 1 6 5 0 2 1 10 4 1
3 2 5 1 1 0 6 5 4 8
7 3 9 12 10 17 25 0 7 11
1 2 13 0 4 3 2 5 3 6
2 2 11 0 3 1 5 4 7 1
8 16 16 3 0 7 0 4 1 1
4 1 0 7 4 0 5 3 6 5
8 6 0 4 5 1 1 3 5 1
0 8 4 3 2 1 2 5 2 7
2 2 5 13 12 10 11 0 3 3
2 9 12 4 10 4 3 5 7 4
2 12 11 10 7 4 18 10 7 19
6 12 0 1 13 6 21 11 13 18
10 8 0 15 4 13 1 16 3 10
10 1 5 2 0 6 1 5 3 2
0 0 11 19 7 0 8 16 11 7
5 9 0 0 7 14 6 10 1 6
8 4 3 1 6 12 3 17 0 6
11 3 4 2 2 0 9 6 2 6
15 1 14 1 2 4 8 20 2 0
1 4 8 6 3 1 2 6 3 4
2 2 2 2 3 4 2 3 7 4
3 4 7 20 1 3 10 1 11 23
4 9 2 5 5 3 11 10 5 2
3 7 0 5 2 8 3 11 1 2
2 3 16 6 1 8 5 4 2 5
7 10 3 4 5 1 0 2 1 5
3 3 2 7 5 7 3 1 6 1
11 17 4 13 1 5 3 2 21 16
3 5 21 22 12 3 2 7 18 0
2 25 13 13 5 0 4 2 3 12
11 18 10 12 10 14 15 2 14 3
6 5 4 5 17 6 5 3 12 10
8 22 3 20 11 4 5 12 0 4
24 14 7 1 15 2 9 11 4 5
8 7 9 8 8 7 9 4 6 6
1 3 2 10 6 1 3 4 1 2
4 13 7 8 7 9 4 8 0 7
4 4 7 3 7 0 6 1 0 3
4 3 1 5 5 0 1 1 5 1
10 7 4 21 12 0 3 15 5 13
10 1 2 1 0 11 11 13 13 25
1 0 2 1 5 1 0 10 4 2
5 5 2 6 2 0 3 1 2 1
5 6 5 4 7 13 2 6 7 1
14 18 14 2 10 2 2 25 10 7
2 1 16 14 3 9 3 6 15 14
7 1 9 1 2 4 7 2 0 6
5 5 2 6 1 3 8 10 4 2
6 3 6 7 3 7 2 6 6 8
2 6 1 8 0 2 7 3 3 5
7 8 24 15 7 5 15 7 4 4
1 15 11 6 5 7 10 10 6 4
4 12 9 1 1 3 14 1 7 5
3 6 2 13 6 6 2 10 5 14
14 11 4 6 24 13 3 3 1 12
4 10 2 11 2 9 10 0 2 11
20 11 3 18 1 1 9 3 5 3
8 2 1 8 2 7 2 11 8 6
0 5 2 4 12 4 3 3 3 5
2 1 0 9 3 1 7 2 7 0
3 1 8 13 1 2 15 1 2 14
2 1 4 8 11 7 8 4 13 6
13 11 18 3 19 11 11 3 1 2
12 5 14 0 4 2 11 18 6 2
4 5 9 5 12 5 1 6 9 4
4 6 10 2 15 7 21 1 3 20
13 6 8 3 28 16 14 6 5 2
6 6 1 1 15 18 6 10 1 10
14 1 1 12 1 3 3 12 2 3
5 3 1 7 2 6 6 2 5 1
9 1 0 10 10 3 3 1 2 1
13 9 4 2 4 1 6 5 4 4
3 8 8 1 2 5 15 26 13 3
15 3 3 6 1 1 11 5 1 13
3 2 5 14 13 15 5 10 1 8
1 8 2 6 7 5 3 5 1 3
9 5 5 4 11 6 7 2 0 4
6 1 13 2 14 0 3 11 2 7
6 5 24 6 14 18 3 3 13 11
1 2 9 10 1 1 2 9 3 8
6 0 11 10 9 9 6 17 5 7
3 2 1 9 11 9 3 1 1 1
7 6 19 4 6 2 1 4 8 8
7 3 10 10 11 6 10 4 3 6
6 2 1 2 5 3 11 0 8 7
24 13 9 4 2 5 3 11 4 2
26 7 0 7 5 8 1 6 9 14
2 10 25 3 6 3 3 13 1 11
16 1 8 9 5 0 8 8 13 7
11 10 20 2 6 6 1 1 8 13
1 6 10 12 13 0 4 4 9 2
2 7 4 7 1 3 23 6 9 2
0 12 1 2 1 3 1 2 1 0
8 3 8 2 5 2 9 9 7 6
0 3 18 4 5 11 10 4 3 2
1 12 10 0 3 5 14 4 7 4
1 1 5 5 5 6 3 5 5 1
9 5 11 29 2 4 3 19 9 5
12 3 4 10 7 1 2 7 1 3
13 7 1 3 6 3 13 24 12 1
4 1 0 8 7 1 1 7 0 8
8 6 9 4 6 4 3 8 3 7
10 5 2 3 4 9 5 2 5 4
10 5 25 2 8 1 20 9 7 5
8 2 7 4 18 0 13 5 6 1
9 9 2 7 14 2 4 14 20 2
1 36
1 63
1 66
1 83
2 32
2 70
3 96
4 6
4 34
4 40
4 71
5 21
5 97
5 104
6 53
6 73
7 24
7 68
9 51
9 64
9 89
10 41
10 47
10 56
10 77
11 31
11 76
11 110
12 19
12 30
12 72
12 83
12 101
12 107
13 53
13 63
13 94
13 96
14 52
14 67
15 37
15 56
16 24
16 81
16 84
18 84
18 91
19 43
19 100
21 87
22 28
22 76
22 112
22 122
23 37
23 101
25 41
25 42
25 106
26 104
27 28
27 65
28 35
28 86
28 93
28 113
28 116
28 126
29 36
30 84
31 121
32 39
32 41
32 65
32 79
32 107
32 116
32 123
33 57
33 133
34 103
34 120
35 40
35 51
35 62
35 66
35 67
35 94
36 78
36 105
38 55
39 74
40 54
40 57
40 72
41 42
41 62
41 83
41 110
42 62
43 50
43 89
43 119
44 50
44 90
45 65
45 66
45 75
45 115
46 112
46 141
47 147
48 96
48 133
49 140
49 145
50 72
50 99
50 106
50 113
50 148
51 75
51 108
52 134
53 70
53 76
53 100
53 120
53 137
53 149
54 64
54 92
54 104
54 119
55 125
55 143
55 153
56 70
56 73
56 78
56 87
56 95
56 139
56 148
57 68
57 129
58 99
58 109
58 122
58 132
58 146
59 106
59 147
60 89
60 99
60 153
61 62
61 90
61 132
62 82
62 112
62 115
62 149
62 161
64 86
64 156
66 87
66 88
66 117
66 118
67 141
68 89
68 102
69 92
69 110
69 124
69 154
70 107
70 128
70 162
70 167
71 132
71 147
71 164
72 169
73 100
74 89
74 107
75 78
75 98
76 162
76 165
77 96
77 103
77 151
77 157
78 124
78 126
79 130
79 145
79 150
79 178
81 82
81 175
81 179
82 105
82 112
82 119
83 95
83 126
83 133
83 137
83 166
84 134
84 139
84 146
85 91
85 136
85 150
86 151
86 180
87 131
87 165
87 182
88 103
88 111
88 131
89 133
89 141
89 163
89 181
89 186
90 174
91 123
91 133
91 152
92 158
93 101
93 156
94 109
94 123
94 127
94 153
94 174
95 108
95 113
95 150
95 159
95 165
95 176
97 116
97 145
98 108
98 144
98 149
98 193
99 105
99 113
99 118
99 179
100 104
100 109
100 142
100 143
100 200
101 152
101 156
101 196
102 126
102 155
102 182
102 190
103 156
103 179
103 184
103 190
104 147
104 164
104 184
105 108
105 124
105 190
106 109
106 136
106 171
106 173
106 203
107 146
107 170
107 198
108 109
108 142
108 166
109 158
109 171
109 175
110 122
110 124
110 148
111 113
112 195
113 127
113 142
113 147
113 188
113 198
114 144
114 184
115 200
115 205
115 210
115 213
116 127
117 125
117 128
117 136
117 167
118 156
118 195
118 212
119 138
119 154
120 169
120 184
120 191
120 211
121 208
121 218
121 221
122 145
122 169
122 180
122 185
123 133
123 146
123 155
123 156
123 159
123 199
123 209
124 173
125 151
125 203
126 188
126 193
126 202
126 217
126 226
127 159
127 176
127 202
128 169
129 140
129 161
129 195
129 207
130 181
130 214
130 215
130 227
131 152
131 170
131 213
131 221
132 183
133 189
133 202
134 137
134 155
134 166
134 172
134 203
134 233
135 140
135 146
136 137
136 147
136 202
136 216
137 141
137 180
137 216
138 200
139 186
139 203
139 223
139 233
140 161
140 180
140 223
141 144
141 147
141 211
142 167
142 189
143 196
144 192
145 167
145 169
145 233
146 202
146 211
147 197
147 217
147 234
148 241
148 242
149 152
149 249
150 208
151 154
151 198
151 205
151 221
151 241
152 202
152 213
153 202
154 155
154 165
154 183
154 200
154 219
154 235
154 236
156 240
157 162
158 167
158 191
158 204
158 223
158 242
159 167
159 180
159 184
159 188
159 223
160 188
160 200
160 207
160 249
161 186
161 190
161 198
161 213
161 246
161 247
162 195
162 197
162 220
162 239
163 169
163 235
164 220
164 238
165 186
165 214
165 216
165 224
165 231
165 238
166 177
168 193
168 223
168 251
168 265
169 192
169 235
170 175
170 198
170 207
170 222
170 260
171 249
171 264
173 193
173 230
173 252
174 201
174 217
174 225
174 271
175 207
176 214
176 231
176 236
179 194
179 212
179 219
179 257
179 272
180 245
180 264
180 270
181 187
181 197
181 224
181 237
181 260
181 262
181 271
182 220
182 221
182 243
182 264
182 270
183 189
183 200
183 282
184 238
184 247
184 271
184 280
185 257
186 224
187 219
187 277
189 198
189 236
189 276
191 208
192 201
192 281
193 196
193 237
193 255
194 256
194 281
195 196
195 226
195 235
195 280
196 197
196 241
196 243
196 287
197 234
197 263
198 264
198 297
199 222
200 223
200 244
201 205
201 217
202 261
202 267
202 279
202 295
203 207
203 210
203 216
203 254
203 280
204 232
204 234
204 241
204 245
204 267
204 271
204 288
205 207
205 210
205 216
205 248
205 260
205 268
205 288
205 303
206 245
206 248
206 261
206 295
207 237
207 282
207 284
208 245
208 256
210 211
210 221
210 248
210 292
211 227
211 280
212 222
212 277
212 306
212 310
213 253
213 274
213 276
213 282
213 285
213 286
214 245
214 260
215 254
215 260
215 266
215 310
217 220
217 239
217 310
218 296
219 227
219 268
219 302
220 228
220 252
220 257
220 272
220 275
220 276
221 257
222 240
222 261
222 296
223 239
223 275
224 229
224 233
224 309
224 317
225 227
225 237
225 272
225 289
225 297
226 276
226 307
226 326
227 248
227 253
228 258
228 325
229 264
229 273
230 248
230 271
230 291
230 318
230 327
231 260
232 280
233 247
233 327
234 238
234 254
234 274
234 279
234 291
234 311
235 259
235 264
235 267
235 296
236 241
236 243
236 261
236 304
236 321
236 323
238 304
239 255
239 261
239 267
239 303
239 314
240 302
240 329
240 332
241 293
241 335
242 298
243 256
243 288
244 257
244 283
244 306
244 341
246 253
247 286
247 302
247 318
247 329
248 284
248 287
250 300
250 304
250 312
251 261
251 331
251 339
251 344
251 350
252 253
252 265
252 288
252 300
252 314
252 319
252 324
252 346
253 290
254 352
255 310
255 329
255 336
257 273
257 306
257 337
257 338
258 274
258 324
259 269
259 290
259 332
260 261
260 272
260 284
260 288
260 298
260 329
260 348
260 357
261 342
262 281
262 299
262 350
263 275
263 356
263 358
264 305
264 324
264 358
265 292
265 298
267 342
267 343
268 324
268 361
269 313
269 321
270 272
270 273
270 281
270 283
270 326
270 340
271 284
271 361
272 368
273 276
273 328
273 339
273 359
274 294
274 314
274 327
274 338
274 347
275 279
275 353
275 372
275 373
276 352
277 302
277 339
278 291
278 335
279 303
279 340
279 362
280 321
281 289
281 317
282 294
282 300
283 287
283 302
283 303
283 326
283 334
283 363
284 359
285 302
285 337
285 347
285 353
286 294
286 315
286 336
286 376
287 314
287 326
287 328
287 346
288 345
288 369
289 324
289 341
289 347
289 357
289 388
290 343
291 338
292 353
293 299
293 326
293 348
294 298
294 343
294 376
295 310
295 315
296 303
296 312
296 382
297 308
297 328
297 371
298 334
298 340
298 398
299 327
299 348
299 367
300 310
301 321
301 341
301 348
301 387
301 391
301 397
302 319
302 400
303 323
303 327
303 351
303 368
303 401
304 367
304 386
306 321
307 334
307 341
307 370
307 378
307 402
308 372
309 360
309 387
309 402
310 328
310 335
311 396
311 408
312 322
313 400
313 410
314 333
314 339
314 409
314 410
315 320
316 338
316 352
316 353
316 369
316 400
316 415
317 348
318 321
318 337
318 356
318 407
319 363
319 382
320 346
320 369
320 402
320 405
322 356
322 397
324 326
324 349
325 326
325 371
325 387
326 351
326 408
326 409
327 392
328 332
328 409
328 425
329 331
329 347
329 411
329 417
330 375
330 396
330 410
331 396
331 413
332 392
333 379
333 389
333 403
333 428
334 355
334 376
334 396
334 433
335 348
335 352
335 379
335 383
335 428
336 338
336 363
336 411
337 339
337 384
337 387
337 399
337 437
338 341
338 342
338 361
338 371
338 389
338 412
338 438
339 405
339 407
340 348
340 398
340 433
341 367
341 377
341 396
341 417
342 355
342 372
342 415
343 361
343 376
343 388
343 392
345 350
345 354
345 435
346 360
346 387
347 357
348 381
348 400
348 428
348 439
348 442
349 387
349 391
351 407
351 426
351 450
351 451
352 385
352 407
352 440
352 447
353 368
353 374
353 429
353 437
354 377
354 379
354 384
354 396
354 401
354 434
354 437
355 397
355 416
356 379
356 455
357 377
357 380
357 396
357 448
358 362
358 423
358 431
359 454
360 383
360 397
361 364
361 434
361 456
362 415
362 432
362 453
365 370
365 397
365 406
365 422
365 434
365 439
365 453
365 455
366 370
366 396
366 435
367 369
367 405
367 408
368 373
368 427
368 453
369 370
369 376
369 402
369 409
369 411
369 432
369 445
370 391
370 469
371 463
372 375
372 380
372 426
372 462
373 457
373 465
374 392
374 393
375 386
376 390
376 447
377 437
378 396
378 405
378 423
378 433
378 437
378 439
379 414
379 446
379 447
379 449
379 454
380 466
381 424
381 462
381 467
381 470
382 392
382 476
383 461
384 432
384 473
385 402
385 419
385 448
385 476
385 485
386 423
387 395
387 439
388 418
389 464
389 485
391 407
391 435
393 447
394 448
395 414
395 444
396 488
397 411
397 456
397 479
397 489
397 490
398 419
398 439
398 473
398 476
399 408
399 437
399 460
400 420
400 446
400 447
400 461
400 478
401 492
402 432
402 457
402 483
403 407
403 408
403 455
404 433
404 458
404 475
405 472
406 468
406 495
407 456
407 463
407 470
408 409
408 436
408 463
408 489
409 422
409 478
409 501
411 426
412 435
412 450
412 460
412 471
414 447
414 453
414 480
415 459
416 448
416 459
416 468
416 513
416 515
417 429
417 482
417 503
418 503
419 440
419 463
419 484
419 503
420 432
420 447
420 472
422 445
422 485
422 504
422 511
423 467
423 495
423 509
423 516
423 519
424 456
424 465
424 518
425 435
425 516
425 521
426 490
426 512
427 440
427 457
427 472
428 445
429 432
429 451
429 520
429 524
430 482
430 493
430 515
431 455
433 439
433 481
433 484
433 499
433 501
434 441
434 460
434 485
434 489
434 522
435 467
435 470
435 532
436 470
436 497
436 514
436 522
437 448
437 470
437 477
437 522
437 525
438 492
438 517
438 520
439 463
439 495
440 487
440 492
440 515
440 516
441 456
441 492
441 529
441 533
442 490
442 520
442 533
443 485
443 525
445 473
445 497
445 498
445 520
445 525
446 464
446 485
446 489
446 532
447 452
447 505
447 530
448 502
448 512
449 494
449 500
450 467
450 482
450 545
452 476
452 484
452 492
452 501
452 550
453 461
453 482
453 531
453 539
453 553
454 465
454 504
454 527
454 533
454 552
455 457
455 520
456 461
456 525
457 468
457 491
457 536
457 541
458 471
458 483
459 478
459 525
459 527
459 530
459 539
460 480
460 533
461 474
461 478
461 479
461 541
462 470
462 504
462 561
463 513
464 503
464 544
465 501
465 532
465 547
465 557
466 489
466 563
467 486
468 530
468 540
468 545
469 500
469 502
469 534
470 485
470 547
470 549
471 519
472 516
472 518
472 532
472 564
473 525
473 535
473 563
473 571
474 484
474 490
474 546
475 525
475 536
475 549
476 558
476 575
477 505
478 545
479 511
479 536
479 567
479 573
480 511
480 516
481 484
481 495
481 519
481 530
481 560
481 561
482 509
482 533
482 572
483 496
483 497
483 539
484 497
485 538
486 510
486 561
486 564
487 505
487 524
487 528
487 539
487 555
488 525
488 526
488 583
489 511
489 542
490 493
490 518
490 521
490 536
490 543
490 545
491 501
491 510
491 517
491 570
492 562
492 565
493 521
493 558
493 562
494 547
494 560
494 580
494 592
495 532
495 533
495 563
495 570
495 582
496 508
496 565
496 590
497 572
498 572
498 580
498 595
498 598
499 508
499 522
499 568
499 589
499 599
500 501
500 505
500 581
500 590
501 600
501 601
502 526
502 563
503 506
503 547
503 554
503 577
504 545
504 580
505 525
505 559
505 572
506 550
506 555
507 603
508 527
508 531
508 558
508 590
509 543
509 587
509 606
510 515
510 533
510 538
510 558
510 577
510 595
510 602
512 543
512 549
512 571
512 601
513 546
513 577
513 579
513 596
514 520
514 521
514 545
514 566
514 583
515 526
515 570
515 573
515 594
515 610
516 545
516 564
516 604
517 556
517 562
517 614
518 553
518 560
519 532
519 540
519 555
519 570
519 601
519 612
520 522
520 617
521 526
522 536
522 560
523 537
523 623
524 538
524 565
524 574
524 577
524 594
526 549
526 551
526 556
526 567
526 585
527 545
527 555
527 591
527 601
528 557
528 616
529 538
529 587
529 613
530 556
530 603
531 537
531 613
531 629
532 549
533 543
534 570
534 617
536 603
536 636
537 548
537 569
537 600
537 630
538 581
538 623
538 633
538 638
539 589
539 599
539 621
539 634
541 559
542 586
542 617
543 569
543 593
543 597
543 599
544 568
544 625
545 551
545 570
545 597
545 615
545 625
545 632
546 569
547 598
548 563
550 620
551 574
551 584
551 622
552 560
552 584
552 628
553 555
553 631
554 578
554 579
554 617
554 620
554 629
554 649
554 651
555 564
555 624
556 562
557 568
557 584
557 590
557 600
558 619
558 639
559 599
559 618
559 632
560 606
560 621
561 569
561 651
562 564
562 572
562 594
562 596
562 609
562 640
563 600
563 615
563 636
564 590
564 619
565 570
565 623
566 607
566 627
566 653
566 657
568 614
569 669
570 591
570 598
570 622
571 583
571 598
571 611
571 613
571 617
571 621
572 640
572 662
573 672
574 582
574 607
574 642
574 672
575 584
575 615
575 651
576 618
576 634
576 638
576 653
576 667
577 604
577 629
577 630
577 677
578 598
579 616
580 604
580 666
581 583
581 592
581 599
581 614
582 592
582 599
582 617
583 616
583 624
583 643
583 647
583 648
583 650
583 661
583 678
584 588
584 599
584 601
584 670
585 600
585 635
586 590
586 615
586 635
586 636
586 639
586 648
586 655
587 596
588 660
589 594
589 628
589 655
589 685
590 623
590 637
590 656
591 647
591 651
591 666
592 618
593 602
593 615
593 646
593 656
593 687
594 604
594 650
595 624
595 630
595 644
595 695
596 683
597 662
597 689
598 617
598 646
599 629
599 636
599 657
599 671
600 649
600 665
600 673
601 619
601 646
601 656
601 700
602 634
602 638
602 644
602 659
602 669
602 696
603 639
603 662
603 675
604 645
604 648
604 657
604 659
604 690
604 699
605 643
606 649
606 672
608 618
608 641
608 646
608 647
608 681
609 622
609 652
610 691
610 699
611 695
613 622
613 646
614 624
614 684
614 694
614 697
614 701
614 711
615 677
616 651
617 618
617 633
617 652
618 636
618 643
618 694
619 633
620 638
621 648
621 695
622 656
622 662
622 678
623 719
624 693
625 701
625 719
626 635
627 689
627 691
628 677
629 641
629 645
630 676
630 688
630 701
630 715
630 723
630 730
631 636
631 681
632 679
632 724
633 685
633 695
633 712
634 639
634 643
634 685
634 691
634 694
634 721
634 733
635 650
635 701
636 648
636 659
637 649
637 673
637 732
638 674
638 675
638 693
639 645
639 695
639 715
640 649
640 658
640 688
640 689
640 726
641 695
642 652
642 656
642 729
642 740
643 676
643 703
643 737
644 646
644 693
644 697
644 725
645 662
646 666
646 701
646 703
646 731
647 668
647 734
648 677
648 683
648 687
648 703
649 691
650 656
650 680
651 662
651 725
651 738
652 684
652 727
653 694
653 721
654 717
654 719
654 731
655 665
655 727
655 732
655 746
656 718
656 756
657 707
657 738
657 749
658 675
658 756
659 672
660 718
660 719
661 670
661 699
663 673
663 700
663 751
664 739
665 682
665 709
665 722
665 755
666 676
666 687
666 692
667 683
668 678
668 742
669 681
669 764
670 682
670 684
670 713
670 724
670 743
670 758
670 768
671 745
672 701
672 743
672 772
673 685
673 693
673 743
673 766
674 693
674 703
674 709
674 717
675 712
675 716
675 731
675 733
675 735
675 736
675 766
676 723
677 732
677 773
678 710
678 765
678 773
678 775
679 701
679 739
679 773
680 696
680 736
680 778
680 780
681 780
684 719
684 727
684 729
684 740
684 783
685 698
685 742
685 760
685 777
686 702
686 736
687 720
687 761
687 767
688 726
688 760
688 777
688 783
689 732
689 751
689 763
689 768
689 781
690 707
690 709
690 717
690 743
691 693
691 735
692 728
692 730
693 771
693 772
694 762
694 779
695 699
695 770
695 784
697 749
697 770
697 777
697 789
698 727
698 735
698 739
698 763
698 768
701 739
701 748
701 784
702 790
702 797
704 756
705 741
705 777
706 738
706 748
706 775
706 789
707 727
707 745
707 748
707 762
707 794
707 803
708 760
708 768
708 776
708 802
709 716
709 742
709 774
709 778
710 713
710 716
710 719
710 754
711 728
712 766
712 772
712 789
713 716
713 760
714 773
714 774
714 806
715 753
715 759
716 753
716 767
716 769
717 753
717 755
717 759
717 798
718 755
718 773
719 724
719 748
719 779
719 794
720 731
720 733
720 798
720 816
721 763
722 812
723 750
723 780
723 789
723 819
724 732
724 753
724 759
725 754
726 742
726 767
726 768
726 778
728 765
728 774
728 802
730 735
730 798
730 803
730 823
731 739
731 757
731 777
731 796
731 804
732 748
732 809
734 796
735 757
735 768
735 769
735 808
736 752
736 755
736 778
736 803
736 820
736 821
736 834
737 777
737 822
737 828
738 751
738 778
739 743
740 764
741 758
741 806
741 807
741 836
743 753
743 766
743 791
743 794
743 840
744 770
744 837
745 763
745 765
745 774
745 839
745 842
745 843
746 748
746 780
746 784
746 807
746 834
747 832
748 805
748 843
749 769
749 807
749 815
749 828
749 839
750 829
750 837
751 778
751 787
751 805
752 836
753 817
753 836
754 817
755 805
755 844
756 813
756 817
757 777
757 811
757 815
757 823
757 832
758 765
758 809
758 814
758 850
759 763
759 840
759 846
760 784
760 843
760 846
761 813
763 765
763 806
764 795
764 801
764 810
765 784
765 809
765 813
766 804
767 846
768 801
768 816
768 847
768 849
769 820
769 823
769 837
770 814
770 831
770 859
771 791
771 813
772 861
773 798
773 803
773 840
774 812
774 817
774 831
774 854
774 856
775 810
775 831
775 858
776 868
777 787
777 792
777 798
777 799
777 844
777 867
778 801
778 843
778 847
779 814
779 844
780 843
780 862
781 794
781 840
781 846
782 788
782 793
782 808
783 811
783 866
784 850
786 827
786 864
786 867
787 846
788 809
788 813
788 877
788 878
789 796
789 816
790 822
790 857
790 863
791 875
792 829
792 848
793 795
793 848
793 853
793 874
794 863
794 880
794 894
795 814
795 841
795 864
795 892
796 839
796 858
796 868
796 895
797 821
798 833
798 852
798 884
798 886
799 847
799 872
800 813
800 849
801 817
801 834
802 817
802 867
802 868
802 874
802 887
803 844
804 838
804 875
805 816
805 849
805 867
805 893
806 872
806 889
807 808
807 858
807 886
808 837
808 839
808 848
808 864
808 883
810 830
810 853
810 862
810 880
811 830
811 840
811 841
812 819
812 820
812 834
812 837
812 852
812 870
813 818
813 820
813 839
814 818
814 834
814 859
815 910
816 848
817 859
817 863
817 883
817 911
818 825
818 906
818 912
819 826
819 905
820 846
820 911
821 825
821 859
821 861
821 880
822 823
822 877
822 885
822 911
823 883
823 885
825 854
825 891
826 908
828 844
828 855
828 919
829 837
829 852
829 857
829 876
830 870
830 889
830 890
831 922
832 867
832 913
833 844
833 912
834 847
834 851
834 863
834 906
834 924
834 931
835 888
835 900
835 916
835 935
836 848
836 873
836 895
837 846
837 877
837 896
838 844
838 856
838 876
838 884
838 903
839 920
840 868
840 906
840 937
841 846
841 883
841 906
841 909
842 927
842 928
843 852
843 885
843 889
843 913
843 937
844 853
844 903
846 855
846 870
846 874
846 884
846 929
847 852
847 866
847 889
847 928
848 858
849 906
849 917
849 926
850 885
850 908
850 913
850 940
851 912
851 920
851 948
853 863
853 931
853 950
854 895
854 900
854 922
854 930
855 859
855 862
856 871
856 884
857 912
857 914
858 878
858 932
859 891
860 880
860 927
860 933
861 880
861 929
861 944
861 947
863 876
863 941
864 910
865 868
865 895
865 959
866 876
866 908
866 936
867 924
868 872
868 915
869 887
869 894
869 918
869 966
870 874
870 886
870 891
870 929
871 925
871 932
871 969
872 910
872 911
872 951
872 958
873 899
873 925
873 953
874 889
874 899
874 934
874 936
876 948
877 930
877 945
877 956
878 972
879 961
880 900
880 918
880 953
880 958
881 916
881 928
881 956
882 884
882 903
882 909
882 939
882 968
883 896
883 916
884 912
884 945
884 956
884 961
885 903
885 976
886 921
886 935
886 981
887 945
887 946
888 907
888 942
888 951
888 966
889 955
889 968
889 989
891 895
891 900
891 915
891 916
891 983
892 893
892 923
892 935
892 989
894 936
894 951
895 920
895 928
896 916
896 928
896 958
896 966
896 985
897 901
897 933
898 905
898 922
898 930
898 938
898 955
898 978
898 988
898 991
899 953
899 996
900 945
901 919
901 967
901 972
901 995
902 914
902 939
902 944
902 947
902 961
902 964
903 916
903 948
903 987
904 910
904 935
904 994
905 927
905 934
905 942
905 960
905 967
905 976
906 963
906 999
907 909
907 965
907 982
908 945
908 984
910 990
911 930
913 996
913 999
914 920
914 944
914 960
914 980
915 958
916 929
916 937
916 960
917 923
917 934
917 938
917 949
918 944
919 922
919 942
919 993
920 958
920 970
921 924
921 987
921 995
922 925
922 940
922 953
922 977
924 969
924 996
925 946
925 974
926 933
926 972
927 930
927 939
927 942
927 958
927 969
927 975
927 994
928 939
928 954
928 988
928 989
930 944
930 951
930 963
930 967
931 937
931 941
931 976
931 981
932 933
932 934
932 945
932 990
932 999
933 950
933 994
935 945
935 962
935 986
936 955
937 950
938 981
938 991
939 977
939 987
941 970
941 984
943 955
944 960
945 957
945 971
945 993
946 971
946 989
947 983
948 950
948 955
948 996
949 961
951 953
951 959
953 970
953 979
954 957
954 958
955 966
956 984
956 993
960 986
961 993
962 966
962 984
962 995
964 976
964 991
964 999
966 994
966 1000
967 990
968 978
969 989
969 999
970 973
970 984
970 992
974 980
974 994
977 995
980 993
981 982
984 989
984 990
984 998
990 991
5 6 1 1 4 6 14 13 8 4
8 5 7 5 11 3 1 1 11 6
5 2 14 2 16 1 2 3 15 4
5 8 6 6 7 6 4 12 1 6
12 11 11 18 26 8 7 34 19 21
11 0 4 3 5 7 4 1 21 16
16 8 17 8 13 2 6 1 15 5
21 11 16 5 21 15 1 0 44 11
21 21 13 18 1 14 4 8 20 1
5 11 6 5 6 1 14 7 18 6
4 14 1 8 1 13 11 3 15 2
3 1 3 4 15 7 5 3 11 14
20 7 8 3 8 1 21 20 20 15
6 2 1 8 3 7 4 12 15 0
6 1 4 1 20 28 4 7 4 6
5 25 13 5 24 15 0 7 29 17
7 8 2 11 2 4 7 14 1 19
11 18 9 8 12 5 39 10 17 9
0 3 2 1 10 8 11 6 1 11
8 14 8 6 2 12 9 1 9 0
7 9 6 12 1 8 5 10 6 1 9 6 1 7 11 7 14 1 18 9
21 24 25 25 2 21 16 23 10 14 16 18 16 18 27 19 19 8 29 22
1 5 5 2 1 9 4 6 2 1 5 6 1 6 3 1 2 1 6 7
26 29 34 30 6 21 22 19 24 16 23 24 10 37 34 13 18 10 33 20
51 49 51 42 22 52 33 17 16 44 43 48 31 56 35 23 50 23 50 37
19 22 27 12 5 24 16 11 17 15 15 16 15 27 14 8 17 8 15 18
42 57 54 42 22 58 44 34 24 41 37 55 35 51 38 25 43 28 56 34
14 9 9 8 1 9 5 7 8 5 16 7 3 15 10 4 12 1 17 12
26 31 37 21 5 36 21 27 14 15 23 34 20 32 32 22 17 10 34 23
18 25 28 24 11 29 18 25 19 11 19 25 7 25 30 21 26 1 29 20
10 13 15 5 1 10 7 10 1 8 3 6 10 3 8 7 4 1 12 4
49 47 47 48 21 56 34 21 36 36 42 46 35 62 38 21 55 20 54 38
24 27 29 25 4 32 23 25 32 18 35 22 6 32 29 19 26 6 28 34
28 29 31 30 1 25 18 22 8 18 17 25 20 24 36 20 25 11 38 26
15 11 14 7 1 17 6 12 6 7 11 14 9 12 16 10 9 4 18 10
14 23 25 19 2 29 16 18 17 8 17 21 7 25 25 11 21 1 24 20
5 15 15 3 1 21 11 12 11 5 15 16 1 13 13 6 6 1 18 18
22 27 33 19 1 25 20 26 10 18 25 25 13 22 24 23 7 7 26 25
11 6 7 7 1 10 1 6 1 3 7 8 3 7 12 5 10 1 19 1
14 16 18 12 1 15 9 17 12 7 11 11 9 14 14 14 6 4 15 15
26 33 37 25 3 30 23 28 21 21 32 34 5 30 33 27 16 5 35 29
19 8 8 8 1 16 3 4 12 8 21 10 4 23 13 2 16 1 17 17
11 9 13 4 1 10 6 10 2 5 11 11 5 7 7 7 5 1 17 7
9 10 13 7 1 5 7 7 8 7 9 2 8 10 6 6 11 3 13 8
37 33 29 40 7 35 16 21 22 20 38 38 8 37 41 23 44 4 46 38
17 15 21 8 1 17 8 14 12 8 18 16 7 18 16 11 5 1 18 17
14 17 20 6 1 22 10 13 13 6 23 18 1 22 18 7 12 1 21 19
43 39 33 39 4 47 24 32 28 31 46 38 22 40 44 26 38 16 51 48
44 34 40 39 13 32 28 10 27 39 43 29 24 45 22 13 41 20 39 40
35 42 48 35 4 31 36 32 27 31 31 29 24 38 37 21 18 21 34 33
27 29 26 27 1 27 21 24 23 16 33 29 1 24 32 19 30 10 41 37
10 7 13 9 1 14 7 8 9 2 12 10 4 12 15 3 11 1 17 14
2 16 16 2 1 11 15 13 5 11 11 11 5 1 5 8 3 3 13 12
7 8 11 6 1 5 8 6 12 8 12 4 7 12 5 6 8 1 7 12
56 50 52 43 14 44 25 22 29 41 54 50 24 60 56 27 33 27 56 46
20 22 25 24 9 29 14 15 19 9 18 27 10 35 31 15 30 1 31 14
12 19 18 11 1 20 18 12 12 18 19 11 10 13 5 6 18 6 16 19
39 54 60 43 16 43 48 38 35 39 36 41 28 45 40 26 29 26 45 42
31 31 34 38 10 21 25 25 34 19 37 23 1 40 35 22 31 8 34 37
17 16 17 13 6 15 15 7 3 14 9 12 14 16 8 4 19 9 20 8
69 68 74 57 25 67 47 31 23 57 58 67 38 74 61 31 53 27 64 53
14 11 11 13 1 8 10 8 6 5 12 9 5 11 13 3 17 1 22 16
39 48 42 50 32 47 37 30 28 37 34 47 31 49 33 30 53 26 51 32
23 31 35 22 1 22 29 18 18 20 24 21 13 30 29 3 14 8 30 25
35 32 38 35 18 33 26 24 17 21 22 29 24 37 43 9 31 11 40 27
34 33 35 26 4 42 26 19 29 24 36 29 23 40 28 11 32 9 42 35
33 24 34 20 1 18 18 13 21 25 33 25 11 36 32 11 12 10 33 24
6 14 13 9 1 8 10 11 9 8 8 4 8 8 6 8 13 4 8 10
12 7 13 9 1 13 1 6 7 4 9 12 6 14 17 6 9 1 23 10
8 16 20 13 1 14 10 11 6 8 8 13 7 13 16 8 12 3 21 9
6 8 10 1 1 8 6 9 7 1 13 4 1 8 3 3 2 1 7 14
22 14 23 17 1 16 7 1 7 17 21 24 9 27 24 11 21 5 33 12
5 17 19 6 1 17 12 10 4 4 7 15 8 12 10 4 8 1 16 10
9 12 17 7 1 10 14 8 8 10 17 11 4 13 7 4 4 1 12 16
9 15 19 11 3 22 9 16 14 4 10 14 4 16 16 11 13 1 14 14
38 30 29 36 1 22 18 18 22 22 28 25 13 35 43 11 24 13 38 30
28 30 35 31 9 26 18 7 8 22 27 32 11 31 33 18 34 12 40 29
25 29 36 24 8 33 27 18 13 25 22 28 24 24 24 12 25 15 33 28
18 23 32 18 1 19 17 17 15 15 20 19 10 22 22 15 9 2 20 20
37 39 46 36 17 44 29 33 30 21 32 42 17 48 44 31 32 6 45 33
58 55 50 60 13 62 33 22 32 43 45 55 41 63 52 24 61 22 67 44
20 11 19 21 5 21 7 12 16 10 19 19 7 23 24 14 25 1 27 10
48 60 70 51 19 58 46 39 27 43 45 62 23 57 61 40 49 24 65 43
42 36 43 37 5 40 17 15 18 32 31 37 26 45 36 25 37 13 45 26
10 1 4 6 1 6 1 1 1 3 6 7 3 7 10 1 10 1 20 1
53 68 63 59 18 62 46 45 24 43 51 71 33 53 74 42 54 29 77 54
6 6 8 2 1 5 1 7 1 3 1 3 5 1 6 6 1 1 8 4
15 15 19 11 1 19 8 14 9 4 13 15 3 18 18 9 8 1 16 13
4 9 12 5 1 11 8 7 9 6 9 8 6 12 8 4 8 1 10 12
42 46 51 44 16 41 36 28 30 29 34 38 25 54 53 18 42 12 47 31
62 56 56 53 14 64 42 30 27 50 52 62 40 58 56 25 55 29 73 52
9 20 23 8 1 24 15 19 14 9 18 20 1 14 20 13 9 6 24 21
59 40 43 49 12 42 29 22 38 42 53 43 30 58 57 19 43 26 61 48
44 47 38 44 4 43 33 19 31 34 47 41 21 48 40 13 50 17 52 48
1 2 5 1 1 2 1 2 1 1 1 2 1 1 1 2 1 1 3 1
67 53 58 59 22 52 39 25 31 59 59 56 47 66 54 33 57 40 68 52
52 48 42 45 11 57 26 31 28 33 45 51 28 50 57 23 46 15 63 49
46 45 50 41 8 45 33 15 27 40 42 39 29 49 34 16 43 16 51 40
35 23 24 22 1 20 12 10 16 22 37 25 7 33 29 7 17 7 31 31
54 59 64 49 21 63 47 48 21 44 49 62 46 58 60 29 47 25 66 45
10 5 6 8 1 5 3 1 4 6 11 4 5 11 10 1 15 1 16 6
45 60 68 46 17 60 46 44 22 43 44 64 27 50 55 45 43 19 62 39
16 21 24 15 4 13 19 8 11 16 12 9 11 21 10 5 12 9 12 14
23 24 29 13 1 28 15 15 4 15 19 29 16 21 24 11 16 4 33 12
28 33 40 25 9 34 27 21 14 25 24 33 21 28 25 16 24 12 38 23
33 32 30 26 6 30 17 18 19 25 33 28 22 33 28 18 25 12 33 29
19 17 19 17 3 22 13 13 16 13 17 12 13 21 15 10 25 4 18 14
45 39 46 36 2 43 26 26 20 28 41 42 19 49 45 22 30 8 47 35
55 47 45 54 16 50 28 23 32 30 40 49 30 58 59 20 56 15 61 45
32 35 29 38 15 37 15 16 23 18 27 37 16 42 45 20 45 8 41 28
55 59 62 43 12 55 35 29 22 54 62 60 25 56 60 41 36 32 62 56
2 4 4 1 1 2 5 2 1 4 4 2 4 2 1 1 5 1 8 1
18 12 23 11 1 14 7 1 4 12 11 18 11 17 17 5 16 1 23 6
34 32 35 31 8 41 18 16 30 25 40 35 15 47 28 22 35 11 37 36
6 2 9 1 1 6 2 2 2 5 4 7 5 5 7 2 1 1 11 4
36 38 41 33 12 43 26 20 14 24 20 38 27 38 36 15 39 12 44 18
3 4 5 1 1 3 1 5 9 1 6 1 1 8 3 5 3 1 2 7
50 55 60 44 6 50 41 29 28 45 48 53 25 52 53 27 39 25 61 41
41 42 49 30 10 50 35 25 25 34 36 41 30 43 28 18 36 18 48 37
10 9 11 10 1 5 9 6 6 10 11 7 8 11 6 6 12 4 17 9
51 55 62 48 19 53 42 36 30 43 48 56 27 61 51 38 45 17 53 45
56 42 44 41 19 50 20 19 6 40 45 54 27 54 53 22 43 19 59 36
53 43 40 51 9 44 31 11 37 40 43 37 33 56 32 9 55 24 53 42
12 24 26 23 7 23 18 22 15 8 14 23 7 15 27 17 19 1 28 21
22 14 16 11 5 18 7 5 11 16 24 20 15 24 19 7 19 8 25 16
10 17 19 10 5 20 11 17 15 1 15 16 4 21 16 12 12 1 14 15
51 50 49 41 20 60 30 35 30 36 47 52 35 57 52 26 42 17 52 45
50 59 59 54 14 48 37 32 34 41 52 56 21 59 66 29 44 20 64 49
15 22 25 11 5 24 15 17 11 6 13 21 10 26 18 9 10 1 16 13
37 34 32 34 5 29 24 14 20 19 33 31 16 39 33 5 39 5 43 38
25 24 26 22 5 33 16 12 26 17 24 20 16 38 20 11 30 6 22 22
8 3 7 1 1 1 2 3 10 2 11 1 1 11 2 3 5 1 6 10
27 16 20 11 1 25 7 5 15 17 22 16 19 28 16 5 18 4 26 19
9 1 6 3 1 10 1 1 2 1 7 9 1 13 11 1 7 1 15 3
40 44 48 33 6 48 30 23 14 36 36 48 26 39 37 21 35 18 55 30
34 32 28 36 4 30 20 6 18 27 26 28 22 34 20 6 41 13 41 32
33 32 42 29 14 24 21 9 13 31 27 31 14 39 27 23 25 18 32 23
4 1 4 2 1 3 1 1 1 1 2 3 1 4 6 1 7 1 12 1
19 25 33 18 7 27 19 18 20 14 22 25 10 31 20 16 22 5 22 20
21 29 34 17 6 31 19 22 16 9 14 26 13 28 29 17 9 4 21 20
5 8 12 6 1 11 2 6 4 1 5 12 1 14 12 6 7 1 16 1
8 8 12 6 1 9 1 7 4 4 10 13 1 16 11 10 4 1 14 6
18 14 18 14 4 24 7 11 23 6 22 17 1 34 20 11 19 1 16 18
50 45 38 43 18 54 28 20 29 44 41 42 42 49 23 19 49 28 51 37
57 50 47 54 26 43 31 15 26 50 55 47 29 57 42 28 59 33 57 50
26 28 36 19 7 28 22 17 3 19 20 32 19 27 27 10 22 3 37 16
21 10 16 10 1 18 3 8 16 8 19 13 5 24 17 9 11 1 17 16
17 35 42 22 2 27 28 22 20 19 23 29 7 30 30 17 11 4 27 24
27 35 38 28 3 41 32 27 25 29 34 36 17 35 34 17 32 12 42 34
40 48 55 37 11 35 40 36 36 41 50 42 21 47 44 31 24 25 48 46
11 16 19 8 1 16 15 12 8 10 16 13 10 14 11 6 15 5 15 15
16 12 11 9 1 17 11 11 16 8 26 11 2 21 8 5 16 1 12 23
34 25 24 20 1 32 21 10 26 27 37 19 22 32 14 2 27 9 26 35
6 7 7 15 1 5 1 5 4 2 3 8 1 6 13 7 12 1 18 7
18 24 27 21 5 28 17 18 16 15 15 19 15 21 17 14 23 3 20 17
8 26 27 14 7 20 23 22 21 11 20 17 7 21 15 16 14 3 13 23
7 4 7 11 1 4 5 3 1 5 1 1 6 1 11 1 12 1 14 4
20 17 26 16 5 19 15 4 4 15 9 21 17 23 17 4 17 7 28 6
6 8 8 2 1 6 9 5 6 7 8 3 7 7 3 2 8 3 5 9
31 27 29 28 1 32 16 25 17 19 31 31 14 26 34 21 27 7 42 34
16 10 17 8 1 12 8 5 11 8 13 10 5 18 16 2 4 2 17 14
1 14 15 11 4 16 8 14 10 4 6 12 4 15 13 11 8 1 11 10
13 16 16 8 1 16 8 17 6 5 11 15 7 10 13 12 6 1 18 10
44 51 44 52 9 45 31 28 32 38 50 48 14 49 47 31 56 15 57 50
13 16 20 11 3 19 10 11 15 8 14 15 6 25 17 10 19 2 15 11
23 31 35 20 6 32 25 30 27 19 32 30 10 28 29 24 18 8 32 31
9 24 26 17 8 22 19 14 10 14 8 20 14 20 12 10 16 10 19 11
25 26 21 30 9 24 16 9 8 21 16 23 19 27 19 8 33 14 32 15
10 11 14 18 1 10 1 6 10 2 8 15 1 15 21 9 15 1 24 11
36 31 28 30 2 28 23 9 22 33 41 24 19 39 13 9 36 10 33 33
14 11 19 11 1 12 9 4 1 10 14 17 6 13 14 4 15 1 24 9
36 49 56 36 10 46 42 33 39 32 41 38 18 50 42 20 30 9 40 42
58 50 48 51 5 41 34 30 18 34 40 46 29 52 62 20 40 22 63 45
39 43 40 40 11 46 34 27 26 35 32 34 33 42 26 25 41 20 40 34
9 4 6 3 1 5 4 3 5 4 8 1 5 7 4 1 11 1 11 7
10 7 9 7 1 8 1 7 13 3 16 9 1 19 6 10 10 1 9 10
27 28 36 32 5 25 17 22 19 16 24 30 10 29 37 23 24 3 35 30
29 21 27 22 1 25 11 10 19 20 33 25 9 38 24 14 26 3 30 25
37 42 51 35 19 44 27 23 24 30 39 44 18 46 41 33 36 18 44 38
32 26 22 28 6 33 11 9 28 24 33 20 20 41 26 11 34 9 29 29
28 28 33 27 7 26 18 11 3 22 19 32 17 30 29 14 31 9 40 11
25 24 26 17 1 31 14 18 2 11 17 28 15 25 28 11 17 4 33 15
7 3 7 7 1 4 3 4 4 6 8 7 4 4 6 6 6 1 14 3
6 14 19 6 1 13 7 6 3 2 1 12 6 14 14 6 6 1 13 1
27 23 27 23 4 21 17 10 15 13 18 19 15 31 28 7 30 5 30 18
31 26 37 30 8 26 16 9 4 31 25 32 19 29 32 23 25 18 40 23
41 48 56 47 28 49 33 30 22 31 37 53 17 53 55 37 46 12 57 34
54 52 49 45 28 61 34 33 30 43 45 50 45 60 52 19 53 23 50 40
30 37 44 26 4 32 33 23 12 34 30 34 23 26 24 21 17 18 38 31
25 28 34 23 6 22 25 16 18 19 25 22 14 27 21 12 20 10 26 20
37 42 35 41 10 48 30 26 28 27 33 36 26 41 36 13 43 11 47 40
25 16 24 17 1 20 3 9 4 14 21 25 9 25 26 16 17 4 35 17
16 29 36 18 10 32 21 25 19 8 16 27 11 28 28 19 13 1 23 22
39 35 45 31 5 27 22 21 27 24 31 33 14 46 42 19 18 10 37 27
45 39 47 43 16 30 35 21 33 40 40 29 26 45 27 19 38 25 42 39
61 57 53 63 25 55 34 20 47 55 65 52 30 73 49 36 65 29 58 57
22 22 25 26 6 27 11 12 25 20 25 22 14 35 21 18 26 6 27 22
42 54 61 38 25 49 47 32 32 33 32 45 34 53 30 23 36 22 39 35
19 23 28 17 1 21 18 17 12 19 26 23 10 19 20 16 24 6 29 19
58 54 56 53 14 44 40 23 25 47 48 51 35 61 54 15 46 26 63 41
8 6 6 4 1 11 2 6 4 3 11 9 1 12 8 4 11 1 12 5
12 10 12 3 1 14 4 6 2 1 7 13 4 15 14 5 7 1 15 3
26 19 25 23 5 16 11 9 18 22 28 19 12 30 17 17 29 9 26 21
44 59 66 41 23 60 50 48 42 38 47 52 21 57 57 33 35 10 46 52
28 14 18 15 1 27 8 4 20 15 22 17 19 31 17 4 21 5 28 21
30 28 37 30 3 25 24 24 30 23 35 23 10 34 33 15 19 10 32 33
33 41 39 38 11 26 32 20 20 30 33 36 17 30 31 18 41 18 44 38
7 9 10 1 1 11 8 10 7 3 17 9 1 12 4 4 6 1 7 14
23 23 32 26 8 17 20 8 17 21 20 20 15 30 19 10 23 12 28 16
4 19 21 15 9 21 15 20 14 4 10 17 3 20 16 16 13 1 14 14
45 43 39 40 14 48 26 27 25 38 41 39 36 46 37 25 43 24 43 39
5 1 4 4 1 1 2 1 2 3 5 1 3 7 4 1 8 1 10 3
11 1 1 8 1 7 1 2 6 2 11 1 1 10 7 1 17 1 13 7
51 57 62 56 14 62 44 38 50 42 58 55 19 63 57 40 54 17 66 59
3 10 8 11 2 7 5 11 8 1 5 5 1 9 9 9 11 1 12 5
49 35 38 39 11 43 25 15 26 38 43 41 32 52 34 13 45 17 51 35
16 7 5 6 1 15 6 7 13 7 20 10 1 19 10 4 15 1 14 16
6 11 16 9 2 9 8 3 2 9 1 7 9 9 7 4 10 5 12 1
8 8 7 4 1 6 3 4 1 6 8 6 4 7 6 3 9 1 14 1
46 49 57 41 17 51 38 29 24 35 38 52 34 51 35 26 40 20 54 33
13 8 11 13 1 15 9 9 4 6 14 15 5 12 17 4 17 1 25 10
30 28 37 26 5 29 17 14 23 18 28 28 10 42 30 18 25 1 28 26
28 33 35 24 5 37 25 19 27 25 34 26 19 38 24 13 31 10 32 32
41 36 34 33 15 41 22 16 25 33 37 34 30 44 28 15 40 20 38 33
43 43 35 47 16 43 22 28 23 24 36 44 22 41 53 28 48 15 52 40
19 32 30 26 4 25 23 18 13 12 20 29 9 25 29 12 31 6 33 24
37 23 26 24 1 38 16 20 17 25 40 31 20 37 26 17 26 11 38 34
31 28 34 31 4 28 19 20 14 21 23 29 17 30 37 19 25 7 39 22
22 28 37 25 8 26 20 22 23 18 26 27 12 30 29 23 25 4 28 27
41 45 56 35 12 35 41 24 28 44 42 41 25 41 31 19 23 27 45 42
34 45 54 37 11 43 38 35 34 27 38 42 14 46 49 25 27 12 45 38
24 34 42 18 1 31 22 26 11 25 27 34 17 24 31 26 14 9 34 25
36 38 39 40 12 30 23 17 22 31 37 34 16 43 39 24 39 15 39 31
30 27 29 22 11 30 21 12 6 24 20 33 24 35 27 7 26 9 35 13
63 65 61 58 16 61 45 31 46 57 66 55 35 69 49 31 54 28 58 62
29 23 27 26 2 27 11 9 20 20 26 24 16 39 24 13 30 2 34 19
4 8 11 6 1 4 4 6 2 5 1 3 7 3 8 5 7 1 15 3
29 28 35 18 3 30 21 22 12 20 23 26 24 31 30 20 15 13 29 26
10 16 16 8 1 15 8 17 4 4 10 13 5 10 11 11 3 1 18 13
13 13 11 11 1 15 7 5 16 14 13 2 12 17 4 4 16 4 6 15
12 10 7 11 1 14 8 7 1 10 13 13 8 13 11 4 15 4 19 9
31 34 39 33 12 35 26 19 32 24 32 28 18 49 32 14 27 3 28 31
12 20 23 11 1 22 16 20 8 14 20 19 10 12 20 14 9 5 25 22
14 8 12 9 1 12 9 6 19 11 20 8 6 21 9 5 11 1 10 20
14 32 35 19 6 26 29 28 27 19 27 24 5 27 26 20 7 11 20 30
40 40 49 27 1 39 26 29 29 32 47 40 7 45 44 27 16 13 43 42
9 18 21 9 1 19 19 15 12 13 21 17 5 16 16 9 12 5 20 20
28 25 30 18 1 29 9 11 9 15 28 33 10 34 30 14 18 4 33 20
55 50 54 56 18 35 34 29 16 45 42 51 35 42 58 39 51 33 65 46
17 17 18 15 1 16 10 15 3 8 15 19 4 6 22 11 16 1 33 14
33 23 22 25 3 23 11 14 23 21 32 19 12 33 29 11 23 9 31 28
26 31 35 20 8 37 23 15 17 22 21 27 24 31 18 9 25 11 29 24
36 40 41 40 16 44 23 28 26 30 39 45 21 47 48 31 42 11 50 35
12 8 16 5 1 10 9 6 8 10 10 10 9 11 11 5 3 1 14 11
26 22 19 22 9 22 16 7 1 23 18 23 20 22 16 6 26 14 32 12
24 22 27 14 2 26 16 8 1 15 8 25 21 22 20 6 15 8 31 7
11 8 12 1 1 13 9 7 7 6 13 9 7 11 9 3 10 1 11 10
43 30 35 37 1 33 19 9 23 30 33 27 23 41 35 11 34 6 45 35
38 36 37 44 8 29 20 20 25 25 38 35 7 48 50 20 32 13 47 34
12 14 17 10 5 20 7 15 17 3 13 15 3 21 17 14 14 1 14 14
2 5 6 1 1 7 4 6 1 1 4 4 1 1 4 1 2 1 10 6
58 48 52 51 9 52 36 32 35 44 52 44 40 57 50 31 49 25 61 52
9 6 10 2 1 9 1 7 2 2 4 8 4 8 10 7 3 1 13 2
1 9 15 10 1 7 6 5 9 4 4 5 4 11 10 6 10 1 10 5
21 18 23 10 1 12 14 12 10 16 14 11 16 17 14 11 10 7 16 15
17 13 18 14 2 17 6 6 9 10 15 19 7 23 16 9 17 1 23 12
17 7 7 8 1 15 1 5 10 7 18 13 6 20 15 5 16 4 19 12
30 28 22 21 8 32 14 15 19 25 32 22 22 31 20 12 30 13 23 28
17 10 16 16 1 13 3 9 13 11 19 15 4 20 15 14 18 1 21 11
23 24 31 17 3 19 18 11 13 16 22 22 13 29 20 10 20 3 26 19
33 25 25 20 6 32 12 11 14 26 26 26 24 34 24 11 26 13 30 23
31 30 39 23 1 25 21 16 19 28 31 24 16 30 24 17 18 9 25 32
5 12 19 2 1 16 13 10 8 8 13 14 7 8 11 3 5 1 17 15
10 9 9 5 1 12 1 9 1 2 4 8 2 9 11 7 5 1 13 1
5 10 9 6 1 10 5 11 6 3 5 7 3 11 7 9 5 1 7 6
1 7 7 5 1 7 2 8 4 1 1 2 1 5 6 6 2 1 5 2
40 28 36 32 6 30 18 14 12 25 27 35 23 37 41 15 36 6 50 23
15 12 15 13 1 10 10 5 11 9 14 7 8 19 11 4 21 4 16 11
45 48 52 39 21 46 31 24 12 37 37 51 27 53 44 18 43 17 49 29
7 14 20 4 1 12 13 10 7 7 11 8 4 9 10 4 2 1 9 15
7 10 10 10 4 9 5 11 12 4 11 9 1 11 7 12 10 1 11 7
28 31 36 29 1 34 19 15 18 23 26 28 17 29 31 15 31 4 40 27
58 44 50 50 19 52 31 29 15 44 49 58 43 59 60 24 49 24 69 41
21 14 18 16 1 24 5 9 3 11 16 25 10 20 26 7 16 2 35 12
34 52 55 43 10 42 45 48 44 34 44 39 9 42 50 36 23 19 45 50
30 30 30 27 3 33 21 22 15 28 24 20 28 26 20 18 27 15 26 27
11 11 15 9 4 10 7 12 9 6 9 11 7 12 11 12 7 1 16 6
27 23 30 15 1 18 19 17 21 22 33 20 9 24 22 15 11 5 25 32
48 36 36 42 3 40 28 20 16 41 43 36 33 41 31 20 46 20 52 37
13 14 21 10 1 14 11 10 11 9 15 12 7 14 16 5 6 1 18 19
4 18 15 12 8 15 13 19 12 1 9 12 1 14 12 15 10 1 9 11
11 5 15 5 1 2 4 1 3 10 12 10 3 15 8 4 6 1 13 7
1 3 8 1 1 5 1 3 1 1 1 5 1 3 5 3 1 1 10 1
27 26 33 24 2 31 19 13 6 21 16 27 22 23 24 10 24 9 35 17
19 15 15 17 1 12 9 3 1 9 3 13 11 9 17 1 23 4 25 7
36 34 40 35 12 30 31 24 19 24 27 30 21 38 43 5 24 13 44 31
10 19 20 19 6 22 15 19 24 5 20 13 1 23 16 13 20 1 13 25
15 17 22 18 5 12 9 12 16 13 21 17 4 24 16 19 15 4 18 17
3 1 2 5 1 2 1 1 1 2 3 2 2 5 4 1 8 1 9 1
11 19 24 7 1 21 14 16 8 10 16 19 9 13 17 10 13 2 24 13
29 43 49 29 12 46 33 35 17 20 25 43 24 40 41 27 27 9 42 28
8 11 12 5 1 9 9 11 7 8 13 10 6 9 6 9 6 1 12 11
25 30 34 22 7 33 20 18 23 12 25 28 12 39 33 15 25 1 29 23
32 30 30 22 2 41 24 13 20 30 30 28 25 31 17 7 31 13 37 29
43 38 43 42 6 36 28 29 33 27 36 31 18 48 49 22 33 14 41 42
14 12 16 6 1 17 9 13 14 5 22 13 1 19 9 8 11 1 15 17
7 13 14 8 4 9 10 13 13 6 9 6 5 15 8 11 4 1 6 12
16 25 30 8 1 25 16 16 3 13 11 20 16 15 18 10 8 5 21 13
28 36 39 33 1 29 31 31 27 28 37 33 9 31 35 29 28 15 42 36
46 54 61 45 5 50 43 37 40 44 45 43 28 51 50 23 31 19 52 47
29 34 43 32 4 40 21 27 28 30 39 37 9 36 38 31 29 11 42 38
57 54 56 53 17 44 30 23 10 37 42 58 27 52 62 22 54 16 69 41
12 10 5 12 1 16 4 4 3 7 18 14 5 15 15 1 18 2 21 14
54 43 37 49 15 34 26 12 23 34 45 44 25 44 54 11 42 24 58 48
19 20 23 18 4 24 13 12 15 13 18 20 14 29 20 9 25 3 27 15
20 19 25 10 1 24 15 17 3 16 18 24 16 18 20 13 10 7 26 16
44 59 66 42 1 53 50 43 33 43 45 50 30 49 53 36 30 30 53 48
11 15 15 10 1 15 12 8 2 10 11 13 8 13 9 3 17 4 15 7
24 25 22 23 1 31 20 20 27 22 33 17 16 25 21 14 28 10 33 34
31 30 28 26 6 40 17 22 19 27 38 39 15 28 37 20 29 16 47 33
21 33 37 26 3 37 22 29 17 15 21 32 14 27 38 23 23 5 37 31
18 22 20 14 3 29 11 18 7 11 20 26 9 19 24 12 15 5 29 14
36 27 32 31 7 21 17 11 16 24 25 25 17 31 27 16 36 11 39 25
35 45 51 35 7 37 39 35 27 32 35 31 25 40 38 26 25 21 33 40
31 19 14 28 7 22 12 4 10 24 23 18 20 27 18 3 39 12 34 19
15 25 28 13 4 20 19 21 18 10 18 17 5 20 20 15 5 2 15 22
5 1 1 1 1 4 1 2 2 1 9 6 1 7 2 2 3 1 9 4
27 31 37 23 3 28 28 23 19 30 33 33 13 24 27 23 26 16 39 29
7 6 9 4 1 5 3 6 2 4 5 5 5 6 6 6 5 1 13 2
37 40 39 36 13 41 29 23 37 30 41 32 15 53 37 19 38 9 33 39
8 2 8 7 1 8 1 3 8 6 12 10 2 13 7 6 10 1 14 8
15 15 13 7 1 21 6 8 5 10 24 23 5 22 16 4 12 2 23 17
49 52 50 52 14 43 34 20 26 43 48 46 22 47 39 26 54 25 59 52
50 41 44 46 11 37 26 10 27 34 52 43 10 47 50 17 45 17 57 56
65 60 63 58 9 49 40 33 27 49 56 59 33 59 69 31 44 29 74 55
31 32 36 28 16 28 25 20 15 29 19 27 31 29 12 21 25 22 35 21
40 40 40 39 15 46 23 26 17 25 36 47 19 49 46 21 43 7 48 29
26 25 30 32 9 24 19 9 14 20 19 27 14 34 26 11 31 9 33 15
11 4 1 3 1 9 2 3 8 3 15 6 1 15 6 1 11 1 10 11
15 11 16 1 1 16 10 10 12 7 18 12 9 18 12 6 12 1 15 16
34 34 37 26 8 36 15 18 15 24 29 39 20 39 38 21 23 8 39 24
39 30 29 29 8 36 15 15 30 29 41 25 21 44 32 13 30 13 31 37
25 24 24 18 7 34 9 13 20 9 24 28 10 39 31 13 24 2 27 21
16 16 19 17 5 15 9 15 17 9 19 16 5 21 17 17 17 1 21 17
67 61 63 58 27 64 42 29 33 54 51 59 51 73 53 25 56 30 62 47
46 45 43 46 32 55 31 35 49 38 53 47 28 64 49 37 51 22 45 50
51 51 44 55 30 55 27 29 34 44 59 53 25 60 49 42 59 28 56 53
28 28 26 23 4 28 19 16 20 21 33 22 15 31 26 10 28 8 29 29
45 44 47 43 5 48 31 27 39 41 54 42 23 49 40 29 40 16 52 49
6 3 6 2 1 2 4 1 7 5 9 1 5 10 1 1 10 1 4 7
20 25 31 20 7 27 18 14 9 19 13 23 19 17 15 10 22 10 28 15
20 19 23 13 1 16 10 8 1 17 19 21 7 16 16 12 17 5 23 10
37 37 39 32 1 37 27 22 13 29 33 32 24 36 35 16 32 14 41 32
10 6 5 13 1 4 4 6 5 4 8 4 4 6 11 5 17 1 17 8
14 11 15 6 1 17 8 12 5 8 11 14 10 9 14 8 6 4 16 11
38 42 43 36 16 38 28 22 28 32 34 36 26 46 42 24 30 19 33 32
10 3 6 2 1 13 4 4 10 5 15 9 3 18 8 2 11 1 9 12
50 53 52 49 21 54 29 25 19 43 53 59 23 55 61 33 51 23 70 47
28 30 32 25 7 32 24 20 26 20 32 26 15 36 26 14 30 7 25 29
4 13 13 6 1 14 8 14 5 4 7 10 4 9 8 9 4 1 8 9
49 45 39 51 10 48 27 23 35 40 47 37 37 55 41 26 53 23 50 45
9 14 20 13 1 18 12 13 6 10 14 20 3 10 21 10 11 2 29 14
45 55 60 46 14 47 47 44 33 39 49 52 22 56 56 24 29 22 57 45
18 21 25 21 5 22 11 17 13 10 10 19 12 20 29 15 21 1 28 15
59 41 38 49 16 49 24 8 29 41 41 40 41 56 44 10 57 24 58 41
18 12 17 14 1 10 13 4 21 17 21 5 9 23 11 3 15 6 11 21
54 50 46 44 10 57 38 17 34 47 51 44 38 55 39 11 50 26 57 49
44 42 48 41 4 36 38 27 41 46 52 33 26 43 40 21 33 23 47 51
21 18 28 17 1 17 15 4 6 14 18 21 10 24 20 4 18 3 29 13
17 11 14 9 1 20 8 9 13 10 23 12 7 21 10 3 19 1 19 19
10 1 3 7 1 8 1 1 1 1 10 9 1 8 11 1 11 1 20 2
22 25 32 19 9 25 19 20 22 15 22 23 15 30 27 21 20 6 21 21
15 16 19 6 1 14 12 12 11 9 16 9 11 15 8 7 14 4 11 15
10 9 11 7 1 8 10 4 2 7 9 8 8 8 6 1 14 3 17 6
44 42 43 50 11 39 29 19 42 34 47 37 19 57 42 25 51 14 48 46
24 27 31 21 2 21 20 19 17 18 20 18 11 29 28 16 12 6 19 20
31 30 34 29 1 17 23 7 16 20 32 29 7 30 34 6 30 6 38 36
13 5 8 1 1 10 2 4 5 6 9 6 7 9 8 3 9 1 10 8
52 40 35 49 19 38 21 18 20 33 42 50 30 44 56 22 47 27 65 42
37 40 48 30 2 43 30 31 20 32 40 48 18 39 43 31 26 17 53 38
43 49 45 52 10 43 36 31 30 33 43 44 24 40 46 28 47 15 56 51
19 28 33 22 4 19 22 14 21 15 15 16 12 31 26 9 17 6 19 17
42 42 44 43 13 50 32 23 37 31 35 38 35 54 40 17 51 16 47 33
14 9 10 10 1 13 6 10 4 7 10 12 9 10 13 8 7 4 22 11
21 16 20 15 1 26 8 14 19 11 24 15 11 25 16 8 20 2 26 25
7 10 9 7 1 8 7 7 2 7 7 5 6 8 6 5 12 2 11 3
67 51 41 61 16 58 34 17 31 54 49 51 52 57 44 16 67 38 70 53
62 52 54 54 21 45 46 31 32 55 53 45 46 59 39 27 49 42 58 50
36 26 27 29 4 29 18 11 12 24 27 28 22 32 32 8 32 12 41 27
5 2 4 6 1 5 1 3 1 1 1 1 3 1 9 1 6 1 11 1
62 55 51 51 11 64 42 28 33 50 58 51 46 64 51 14 52 22 63 56
8 10 15 15 1 9 1 7 1 5 6 13 1 12 18 11 10 1 22 4
50 55 62 38 4 50 50 43 42 47 52 49 28 51 55 31 27 33 52 51
48 51 49 41 16 60 35 37 19 40 46 56 35 49 57 25 42 22 61 44
17 18 27 13 1 19 9 12 6 13 10 22 11 20 21 15 12 2 23 6
7 8 12 1 1 7 8 6 4 6 6 4 8 6 5 2 2 1 5 9
22 23 29 27 5 17 14 15 16 14 22 20 4 26 28 19 19 4 27 21
21 17 20 15 1 24 15 15 11 20 19 15 20 15 15 11 17 8 21 22
27 29 31 22 9 34 23 25 33 17 36 25 11 36 26 19 24 4 25 35
35 44 40 31 17 45 28 26 11 31 35 44 30 39 41 12 38 14 49 29
46 40 48 40 10 30 31 33 35 36 44 37 24 47 45 33 22 24 44 38
2 7 10 2 1 8 8 3 2 7 2 6 7 5 4 1 5 3 6 4
18 17 23 16 1 20 10 7 10 14 14 16 12 23 16 6 20 1 23 13
51 44 48 48 14 49 27 15 31 44 48 44 29 56 42 29 54 27 57 41
8 15 16 6 1 20 9 16 13 3 14 12 1 13 12 10 9 1 11 15
9 11 12 2 1 13 9 12 2 7 16 15 1 7 9 8 4 1 18 10
53 48 57 48 25 57 32 37 36 41 55 55 20 64 55 49 47 13 55 53
40 40 45 36 7 44 29 32 11 23 27 42 27 39 48 22 32 11 51 31
51 51 53 41 7 44 33 31 32 44 60 48 7 51 52 37 32 26 54 54
17 30 37 22 8 29 22 20 19 10 12 24 13 29 31 17 16 1 25 19
39 39 41 32 5 46 19 22 16 35 42 51 17 40 47 26 29 18 57 37
13 8 15 6 1 8 5 5 9 7 15 10 2 12 11 5 3 1 13 15
22 15 22 22 4 23 8 13 24 13 20 14 11 27 24 14 20 1 21 22
9 5 10 5 1 6 6 2 10 4 9 3 1 12 10 1 1 1 6 11
42 40 48 40 9 37 29 21 34 36 32 30 28 47 36 18 30 19 40 33
38 36 37 35 8 34 25 18 7 34 29 41 22 25 37 19 37 15 53 28
10 4 11 7 1 10 5 1 8 9 8 4 9 8 8 1 14 2 12 7
27 20 15 30 1 25 10 8 27 16 25 16 14 31 19 4 33 9 32 30
22 11 17 7 1 23 10 12 16 14 28 17 9 19 12 7 13 1 22 25
33 26 35 30 9 25 20 13 21 27 26 24 21 34 23 16 31 12 33 23
43 43 44 46 12 38 21 20 21 27 34 45 16 48 56 26 41 8 54 35
35 39 46 30 8 43 26 32 6 26 31 46 23 34 44 22 26 7 52 26
45 46 46 44 20 58 26 31 33 32 44 52 29 55 50 31 45 13 53 41
66 58 65 55 12 56 47 33 37 53 55 50 45 68 42 26 46 34 62 52
43 47 56 42 19 50 35 40 30 32 40 52 33 54 53 44 37 22 51 40
1 21 20 11 4 17 17 21 12 5 12 15 1 10 13 15 10 1 15 14
33 42 44 41 16 34 32 23 25 19 20 35 14 40 44 19 39 3 43 28
36 34 37 34 3 24 24 10 21 21 22 21 14 36 32 4 30 11 32 31
28 29 37 31 6 38 15 23 19 19 34 37 9 39 36 26 30 3 39 31
7 8 12 8 1 6 9 4 12 8 13 6 6 14 8 3 11 2 12 13
21 18 28 21 1 17 5 11 6 15 12 22 12 19 29 17 17 1 35 10
35 56 63 38 13 56 47 45 28 36 35 51 33 44 48 39 31 26 48 42
66 60 58 56 16 67 32 34 38 51 67 62 38 70 62 40 52 27 70 61
12 13 19 10 2 12 9 11 17 6 13 9 5 18 11 11 12 1 13 13
10 13 16 11 1 12 8 11 3 9 7 9 11 7 15 8 10 2 20 11
57 56 60 48 20 53 45 36 36 44 44 47 37 66 55 17 43 22 46 43
15 9 5 17 1 8 1 6 11 3 12 8 1 14 15 6 23 1 19 15
40 41 35 47 23 39 30 23 31 31 35 36 26 48 30 22 55 20 42 37
16 13 17 8 1 14 10 11 14 9 16 10 8 15 14 7 6 1 11 20
70 52 52 61 13 41 32 8 31 49 55 48 30 66 54 16 63 28 69 52
8 1 10 1 1 1 1 1 6 4 9 4 3 7 4 4 2 1 11 6
43 24 27 35 1 26 21 8 33 31 39 18 20 42 32 2 33 15 41 36
52 44 49 46 22 48 30 13 27 48 44 42 33 53 34 27 50 30 55 45
20 17 22 11 1 11 15 9 20 14 22 11 6 28 19 4 7 8 15 21
10 6 10 3 1 7 4 4 1 7 4 6 9 5 8 4 7 1 11 2
10 13 17 10 1 13 7 3 5 6 5 9 9 15 13 3 16 1 15 4
49 55 61 47 8 42 41 25 20 38 37 53 21 44 53 26 42 21 63 43
36 38 48 29 8 33 33 21 15 30 24 34 26 35 34 13 18 14 38 26
27 26 32 21 1 11 20 14 18 26 29 19 9 31 24 14 10 13 25 26
28 34 39 24 5 25 32 30 33 27 40 26 13 33 30 19 13 18 32 39
17 21 23 11 1 23 21 21 24 15 29 20 3 19 18 15 13 10 25 31
13 5 14 1 1 12 4 3 8 4 12 11 6 17 13 3 6 1 13 8
47 44 46 46 2 35 37 18 38 46 51 31 26 47 32 13 39 25 47 50
15 17 11 11 1 22 11 13 19 13 25 9 7 18 6 7 17 3 18 25
25 29 36 18 2 30 25 15 19 20 28 26 15 29 23 10 24 7 33 26
5 6 8 11 1 8 2 4 4 2 4 9 2 8 14 3 13 1 20 8
45 55 61 47 7 55 41 45 32 43 55 59 20 53 58 47 38 23 59 51
41 37 38 37 7 36 24 28 13 22 29 39 26 34 46 25 37 17 53 35
13 20 24 6 1 23 14 15 2 7 12 23 6 14 19 8 5 1 25 9
38 40 40 40 7 35 20 25 15 22 37 45 7 34 48 31 38 9 52 40
5 6 9 3 1 8 4 7 3 3 4 5 3 8 7 5 4 1 11 5
57 44 44 52 17 47 37 18 39 46 43 39 44 51 25 16 55 31 58 50
14 18 23 13 1 21 10 13 4 3 10 20 7 20 19 5 12 1 27 9
7 2 3 4 1 10 1 1 1 1 8 10 1 12 9 1 9 1 13 1
36 41 44 28 3 43 33 26 32 32 38 30 22 43 31 19 25 13 31 40
6 7 12 4 1 11 1 6 1 2 1 9 4 5 12 7 1 1 15 2
27 30 36 23 4 32 20 17 19 29 33 29 15 31 21 19 28 10 34 29
16 10 15 12 1 8 7 5 20 10 18 1 3 20 11 5 9 2 8 18
31 42 48 35 16 47 33 34 20 21 32 46 18 41 49 20 38 1 52 30
12 17 20 6 1 21 13 12 9 6 19 21 8 21 14 6 12 1 22 16
28 39 45 29 10 37 32 21 21 17 24 33 12 41 35 15 27 4 30 23
15 13 10 9 1 15 4 10 10 7 17 13 6 19 14 8 11 3 18 12
32 19 23 22 2 25 8 4 15 26 32 22 14 35 19 11 31 7 31 24
4 10 11 7 1 12 6 10 4 1 5 9 1 8 11 6 7 1 13 8
11 20 24 7 1 16 18 13 14 12 22 14 5 19 13 7 10 2 15 20
8 7 14 5 1 13 3 5 1 5 2 12 6 5 12 2 2 1 19 4
54 57 61 60 15 44 37 36 40 35 53 53 13 58 65 36 45 21 61 61
38 29 38 29 1 37 23 21 27 27 44 38 8 39 43 20 31 10 50 38
25 35 27 33 19 34 21 24 26 25 31 31 23 37 33 24 38 18 32 29
10 2 5 1 1 5 1 2 6 1 9 4 3 9 6 3 5 1 9 6
14 11 15 4 1 18 3 9 5 4 15 18 2 17 16 7 6 1 21 8
9 7 10 8 1 11 6 5 10 3 11 8 1 16 12 1 9 1 13 12
15 12 19 11 1 8 9 8 7 13 13 11 11 13 11 11 12 5 20 10
22 28 34 28 9 27 22 16 23 15 16 22 15 36 30 13 30 4 24 18
18 27 31 22 6 21 23 21 24 10 25 18 5 27 26 15 22 1 24 26
16 21 27 8 1 26 17 21 15 16 24 20 9 17 18 15 6 5 23 28
26 14 10 15 1 22 8 2 18 19 26 11 16 25 8 2 24 7 22 19
31 33 33 35 3 14 26 15 19 18 21 20 8 32 35 9 28 12 30 27
35 48 45 41 15 45 35 34 35 33 45 43 18 44 49 31 37 20 49 43
16 23 25 15 4 19 18 18 24 8 23 17 1 32 22 11 11 5 14 23
4 4 6 1 1 3 1 5 6 1 6 1 1 7 2 3 1 1 4 7
58 63 66 54 26 56 41 40 44 51 62 59 34 66 63 42 49 31 60 58
36 37 46 30 3 30 29 30 24 29 31 30 22 42 41 24 12 20 31 31
67 65 69 56 15 64 52 40 41 55 58 57 46 73 54 30 46 35 59 56
39 41 44 35 4 47 23 22 25 32 38 40 24 44 32 25 31 14 42 38
33 34 33 30 8 35 28 17 15 28 30 37 20 27 32 11 35 17 48 31
24 33 28 20 3 34 28 20 31 30 36 20 21 30 11 14 25 17 21 37
47 43 50 34 12 40 32 19 26 34 34 39 31 51 35 17 30 21 43 30
28 28 27 25 1 33 20 23 29 24 34 18 17 26 25 17 24 9 33 38
17 16 18 6 1 13 10 12 13 6 19 9 3 16 13 6 4 1 11 20
20 17 20 18 1 16 8 6 11 17 20 20 7 26 16 13 24 2 20 10
41 54 52 44 19 52 32 32 27 45 52 57 17 51 52 43 43 29 56 46
23 23 30 20 1 22 20 16 12 18 22 19 16 23 27 11 16 8 27 24
24 33 33 32 6 22 18 17 9 19 21 29 8 20 31 21 32 7 36 24
35 24 29 27 5 33 17 14 9 21 21 29 24 31 38 10 33 8 42 19
23 30 36 16 2 21 24 16 15 21 19 16 14 24 18 7 9 10 19 23
46 38 42 45 10 42 18 25 19 33 40 46 27 48 54 32 39 19 57 35
44 40 47 30 1 35 24 16 25 36 43 31 19 44 33 17 27 12 40 41
53 48 48 47 6 38 35 25 31 31 42 35 25 52 49 7 42 12 51 48
49 46 45 37 13 48 32 18 34 47 54 40 30 53 33 17 39 25 46 47
15 18 22 7 1 25 10 14 12 5 17 19 6 21 17 8 12 1 22 17
52 58 59 54 15 50 49 41 42 44 50 45 26 56 53 29 45 22 54 53
22 18 18 22 3 18 14 9 22 19 24 9 15 27 12 7 28 7 21 23
63 57 59 47 8 58 48 37 49 50 62 47 43 65 48 24 38 34 55 62
48 50 56 56 21 43 42 27 48 45 47 39 24 63 43 25 47 22 50 46
30 18 28 22 6 25 8 10 10 26 27 27 15 25 27 22 20 12 31 24
24 21 27 25 5 22 18 14 7 22 14 20 24 20 25 14 23 15 29 17
15 17 21 10 1 18 12 15 6 14 18 22 7 9 18 15 7 1 24 17
5 11 13 5 1 8 10 8 7 10 10 9 8 8 5 7 7 4 9 10
57 38 40 48 11 40 26 20 38 38 51 40 29 57 54 17 43 25 58 46
15 11 11 13 1 14 7 5 9 11 12 5 9 15 7 3 22 2 13 8
24 17 23 17 1 29 9 17 19 14 23 19 14 29 22 14 19 4 26 23
8 10 8 6 1 14 6 11 13 6 12 6 4 13 6 8 10 1 5 15
15 18 22 12 6 23 12 16 17 9 16 18 8 22 19 15 19 1 17 14
28 29 37 32 5 18 20 16 23 25 32 25 8 38 35 19 25 12 35 25
40 49 59 42 16 46 37 23 20 32 34 50 22 50 43 23 41 12 52 30
25 26 26 25 6 28 16 17 7 11 15 27 13 24 33 9 28 1 37 13
56 38 48 44 9 41 31 24 32 41 47 43 31 57 52 16 35 18 56 39
4 12 11 4 1 8 10 12 5 5 12 8 3 6 4 6 7 1 14 12
8 14 19 15 1 10 8 10 7 13 10 14 8 14 14 14 13 4 19 9
25 12 16 14 1 17 5 9 9 14 22 20 8 19 19 13 19 4 28 17
8 17 17 9 6 16 13 16 10 5 9 13 5 15 14 13 11 1 8 8
49 51 48 50 11 52 33 31 30 33 45 47 26 53 55 25 50 13 52 51
48 53 57 47 7 48 42 36 9 39 35 56 32 37 58 28 41 19 67 39
39 28 21 37 1 25 17 12 28 26 44 20 10 39 26 7 35 9 38 40
54 50 52 51 8 53 34 38 33 40 53 51 31 52 54 37 48 21 65 57
54 43 52 47 15 41 36 20 34 42 42 39 32 60 40 13 43 23 52 34
57 55 45 54 20 63 36 38 44 46 59 51 44 65 47 38 55 33 57 59
16 30 33 31 11 22 19 17 14 18 19 26 8 26 25 23 28 8 28 20
6 7 10 5 1 12 6 8 4 1 10 9 2 9 9 2 8 1 16 10
27 23 29 18 6 21 20 12 13 18 25 23 13 35 26 2 16 3 27 19
14 11 15 7 1 21 4 10 11 8 12 11 8 15 12 6 11 1 15 16
45 44 54 35 5 39 35 28 33 37 50 44 17 49 48 24 25 20 53 46
44 29 37 38 13 27 17 5 13 30 36 36 14 40 40 21 45 17 50 31
6 10 16 3 1 9 4 4 4 5 5 8 6 10 9 4 4 1 14 4
31 36 44 32 3 30 28 25 25 18 32 34 8 40 43 15 21 6 42 28
11 14 20 12 1 17 6 12 1 9 4 14 11 12 20 11 6 3 24 9
47 48 44 47 5 47 35 24 43 40 55 40 24 60 41 14 40 21 49 50
23 28 36 21 7 23 14 7 6 21 18 28 11 31 25 18 19 9 27 16
48 61 61 50 25 55 43 41 45 48 63 59 20 59 59 46 47 21 58 57
38 29 36 28 2 26 21 14 28 35 39 22 18 37 28 13 21 13 31 40
51 51 58 53 23 47 39 33 33 45 45 46 35 53 31 37 50 27 51 47
5 8 9 2 1 1 9 2 10 6 11 1 2 10 1 1 3 1 1 13
30 41 48 39 10 28 29 16 18 27 24 32 12 42 35 18 28 14 36 26
39 36 36 33 5 37 26 24 26 34 38 30 30 39 23 23 33 17 37 35
15 11 12 7 3 11 10 6 11 12 15 9 10 16 6 5 17 6 14 12
9 10 16 6 1 15 10 9 7 7 11 12 9 11 12 4 10 1 18 12
27 33 31 23 1 38 22 31 12 23 32 36 18 27 34 25 20 14 41 30
22 17 21 16 4 19 11 15 20 14 29 20 6 29 16 17 20 1 20 23
62 55 58 57 12 52 43 24 26 46 48 55 41 55 55 20 57 24 70 55
33 22 24 25 1 27 13 4 15 19 34 28 10 39 31 3 27 4 35 26
39 35 37 42 18 32 28 18 29 29 29 31 27 41 24 18 46 21 38 36
5 2 7 1 1 4 1 2 1 2 2 2 4 2 5 2 2 1 6 2
15 13 15 15 1 17 9 13 6 7 12 14 8 8 20 7 15 2 23 19
14 3 13 7 1 12 1 1 1 4 7 16 4 12 17 4 8 1 26 1
27 13 16 22 1 7 9 4 11 10 16 12 7 18 26 4 20 3 29 20
9 14 10 10 4 16 7 13 10 5 12 15 3 19 13 11 11 1 13 9
50 37 46 45 12 28 28 13 17 39 34 36 24 42 37 17 37 23 53 35
20 7 15 10 1 12 3 1 9 16 19 11 9 19 10 5 17 1 18 14
30 37 42 25 1 41 29 26 30 28 37 35 15 41 29 21 27 10 36 33
20 10 15 10 1 15 8 5 8 14 15 12 14 16 13 6 17 5 20 12
44 44 51 39 6 42 34 25 24 35 36 46 21 40 47 22 40 14 56 40
35 43 50 30 6 38 34 27 32 27 31 32 21 44 35 15 20 13 29 36
4 6 8 5 1 9 7 7 1 2 7 7 2 4 6 1 6 1 13 7
58 62 62 59 14 57 48 36 39 43 48 48 34 63 54 26 52 25 61 57
51 57 64 47 12 56 51 46 51 49 59 52 24 58 50 43 43 24 50 56
22 20 21 15 2 14 15 5 17 18 21 11 10 29 11 5 18 7 10 15
11 13 13 6 1 12 12 11 11 9 17 10 8 13 6 6 15 4 15 16
1 6 7 1 1 8 1 5 2 1 3 6 1 6 4 2 3 1 9 4
16 14 20 14 1 10 11 9 19 15 20 9 7 20 12 11 14 3 15 18
20 26 29 20 6 26 22 19 22 15 29 23 7 31 17 15 25 2 21 24
8 14 18 4 1 14 10 13 12 10 20 14 2 13 9 11 6 1 13 19
30 35 39 27 2 38 28 31 16 28 33 33 22 28 38 25 30 16 44 38
38 31 34 36 5 12 23 11 20 22 32 24 12 32 37 12 34 12 41 32
15 13 17 8 1 14 9 11 4 11 14 15 10 11 12 9 11 2 22 9
25 40 44 30 17 38 33 23 13 21 15 37 24 33 20 15 30 13 35 16
43 47 49 43 9 40 31 27 9 40 41 47 22 30 50 37 42 24 58 47
28 30 38 19 2 25 18 12 17 20 30 26 10 35 25 15 20 5 26 27
26 13 12 19 1 25 7 10 15 16 28 18 12 23 17 7 26 3 30 21
17 6 7 4 1 14 3 5 8 8 15 9 7 15 11 3 12 1 16 12
23 12 19 14 4 19 4 6 3 15 20 24 6 21 23 12 16 5 30 11
16 19 24 14 1 24 14 17 13 9 22 22 4 22 24 11 13 1 28 18
3 13 17 6 2 13 6 9 7 3 1 12 4 14 13 9 4 1 10 2
18 30 34 19 1 21 26 25 26 23 33 23 1 25 24 21 6 11 22 31
22 15 20 17 1 18 3 4 3 15 19 24 11 23 26 9 21 3 35 9
15 19 26 18 10 19 12 18 20 9 17 22 4 22 23 23 13 1 21 17
46 32 43 29 15 38 26 17 16 33 35 41 31 47 39 6 36 11 45 26
41 43 42 33 12 44 40 17 37 41 46 32 31 49 13 11 38 25 35 46
16 18 26 15 1 14 12 9 9 15 7 11 14 16 16 9 9 5 15 11
57 51 53 55 19 50 35 25 26 42 40 47 39 55 48 16 58 19 62 45
33 28 38 29 1 22 20 18 23 23 28 23 16 34 37 16 22 12 38 25
5 10 10 6 1 10 5 11 14 1 10 7 1 14 8 10 6 1 5 12
48 61 67 54 8 44 43 40 37 37 50 55 15 52 67 36 36 16 63 59
22 20 25 23 3 21 12 11 17 20 24 21 12 31 20 15 28 6 27 19
47 49 56 42 7 38 42 31 26 47 46 43 21 43 43 29 32 27 55 43
27 22 28 18 6 27 15 12 16 22 26 25 15 33 20 13 25 9 27 18
32 26 26 25 5 37 18 16 18 20 36 33 15 40 28 8 31 3 38 29
18 17 26 18 1 14 6 7 13 9 18 18 1 26 24 14 11 1 23 14
13 9 15 7 1 16 7 6 4 5 7 13 9 14 15 1 9 1 19 6
3 7 12 5 1 7 5 4 4 7 5 9 6 7 7 5 7 2 14 4
53 54 55 53 17 60 30 25 22 45 46 55 30 60 49 34 54 22 60 42
12 10 18 4 1 12 10 4 11 5 15 8 3 17 12 1 4 1 11 16
18 38 44 25 15 34 30 24 17 22 21 37 15 33 25 23 22 11 29 24
7 3 4 8 1 6 4 1 1 4 6 4 3 9 10 1 14 1 15 5
40 30 31 26 2 33 18 17 16 29 40 32 22 40 36 17 22 17 37 36
29 40 47 34 9 42 31 30 23 18 24 35 19 37 41 24 33 6 36 33
36 42 45 32 1 41 36 40 31 38 42 45 21 33 41 40 27 27 48 43
53 54 61 53 20 61 43 39 36 44 48 53 35 63 48 38 53 21 59 48
27 24 35 23 1 18 15 16 22 18 23 22 9 32 31 14 5 9 30 19
8 16 15 19 5 11 11 15 8 5 3 9 5 8 18 12 16 1 17 9
52 52 39 50 7 37 33 24 39 42 57 36 23 50 47 16 49 24 54 59
7 4 5 9 1 4 1 5 4 1 6 4 1 9 10 5 11 1 16 5
27 28 26 29 3 30 23 11 23 24 26 18 20 30 15 5 34 12 31 32
3 1 3 1 1 5 2 1 6 2 5 1 1 6 2 1 4 1 4 8
59 52 43 54 15 59 38 25 43 52 61 51 44 56 45 20 64 35 67 59
10 4 9 2 1 14 5 5 7 3 13 9 2 13 7 1 10 1 13 12
28 26 34 23 1 22 14 15 11 21 30 26 11 27 27 18 22 5 33 25
32 32 39 29 3 38 23 27 20 29 39 41 9 30 40 29 28 16 50 35
12 13 13 13 3 14 9 13 14 6 15 10 5 18 14 10 19 1 19 13
12 13 15 8 1 19 6 11 10 4 15 12 3 18 12 5 14 1 17 15
1 9 11 7 1 8 7 5 2 6 1 5 6 6 8 3 9 2 12 4
31 35 35 35 10 30 20 20 14 14 18 36 13 33 46 18 35 6 44 25
46 51 53 34 9 50 41 30 17 41 40 47 31 47 49 15 27 18 47 39
10 4 12 1 1 10 4 4 6 6 8 9 8 11 11 3 5 1 11 6
52 50 53 48 20 55 31 24 31 49 56 54 32 56 41 30 54 29 62 49
9 5 10 1 1 5 5 1 1 6 7 6 6 6 4 1 6 1 10 3
32 31 25 36 10 32 15 18 7 15 19 37 16 33 41 11 36 4 46 17
17 23 28 15 1 20 16 21 12 12 20 19 8 18 19 17 3 2 19 21
19 36 36 26 10 39 31 27 28 27 26 28 17 31 20 21 28 14 22 30
19 12 15 8 1 16 5 11 14 7 18 11 5 20 14 9 8 1 16 18
5 5 9 2 1 10 2 1 2 1 1 9 4 12 10 1 2 1 11 3
19 16 24 10 1 18 11 14 12 13 17 15 13 21 20 13 6 6 19 20
9 4 11 10 1 11 1 4 5 5 5 9 7 9 16 5 10 1 17 5
9 5 9 4 1 10 6 5 8 8 12 8 4 9 6 3 7 1 10 11
23 20 20 21 5 21 8 4 5 21 21 27 16 29 23 9 25 10 33 12
31 45 48 30 12 43 38 31 34 29 40 38 11 43 39 25 30 9 35 38
30 30 32 28 6 25 17 14 8 26 35 29 7 24 32 22 35 10 43 27
26 15 20 14 1 26 8 2 6 17 14 19 17 23 17 1 23 3 25 9
33 38 45 28 1 35 29 25 15 23 26 31 25 36 37 20 21 13 36 27
25 29 33 28 5 27 18 18 18 9 14 25 12 28 37 13 23 1 30 23
43 52 62 46 20 49 43 30 33 33 37 47 29 52 37 27 42 18 50 39
6 4 8 3 1 1 6 2 8 6 7 2 4 9 4 2 1 1 6 9
48 36 34 39 12 49 22 21 22 32 37 39 34 48 38 12 44 13 54 31
15 28 32 16 4 24 23 17 14 14 18 20 13 24 22 10 14 4 22 20
37 35 27 37 1 41 12 14 18 29 42 38 13 40 37 17 41 9 50 37
14 8 11 10 1 11 4 9 5 8 8 10 10 10 13 9 9 4 18 9
25 21 18 20 3 21 8 6 12 13 22 19 8 32 28 6 18 7 27 18
17 24 27 13 6 29 13 18 11 10 12 26 11 25 27 15 14 1 24 11
5 7 6 1 1 6 5 5 1 5 5 5 4 7 3 3 6 1 8 3
17 18 22 10 1 20 13 13 21 6 23 12 1 28 17 6 9 1 9 22
49 54 55 54 22 46 36 31 29 34 51 55 10 51 63 41 48 19 61 52
1 7 9 6 1 5 5 8 2 3 9 7 1 3 2 5 5 1 12 8
7 12 14 7 2 7 8 5 4 10 6 8 9 7 3 7 8 5 9 1
13 19 23 10 3 23 10 17 11 3 13 19 6 20 19 11 9 1 19 13
46 36 31 42 9 40 18 11 23 31 31 32 28 45 36 10 48 15 45 34
49 31 41 36 5 32 20 15 25 31 41 35 17 50 43 15 29 13 47 36
26 17 21 15 1 9 14 13 14 16 21 12 9 23 21 7 1 10 22 21
18 7 7 9 1 17 5 5 10 9 20 10 7 18 10 1 18 1 16 16
41 49 58 44 18 46 36 34 19 37 31 51 31 50 45 39 38 21 52 32
1 1 3 4 1 1 2 1 1 3 2 1 3 4 1 1 7 1 6 2
20 22 25 18 10 23 19 14 3 15 12 22 19 26 24 2 22 4 31 13
36 36 39 30 8 45 26 25 36 25 41 34 18 46 32 20 29 8 36 40
23 33 38 24 3 26 28 24 28 25 34 27 7 32 22 23 24 8 26 32
37 41 42 32 13 45 31 28 22 27 38 40 23 48 41 13 37 7 43 34
51 52 44 44 10 63 33 33 43 49 58 51 35 52 43 29 47 31 60 55
54 44 43 49 13 41 28 16 19 34 46 49 24 52 50 12 57 11 63 44
3 10 10 2 1 12 4 9 6 1 10 9 1 13 6 4 5 1 10 10
19 13 19 18 3 13 9 4 12 20 19 15 12 21 12 11 23 6 20 15
31 22 19 24 4 33 12 5 19 20 32 24 19 39 26 3 33 6 33 28
17 28 32 11 1 31 22 22 25 17 28 23 7 29 22 16 12 6 19 29
19 17 22 15 1 24 14 15 17 20 31 24 7 23 17 15 20 4 28 27
6 7 11 4 1 10 6 6 7 5 15 10 2 13 4 3 10 1 13 12
27 41 42 42 25 33 37 37 38 25 35 33 12 39 38 33 33 4 35 39
32 41 44 35 22 43 32 23 22 25 23 40 22 46 34 22 38 13 38 22
61 59 53 46 11 58 46 26 40 53 61 47 41 66 47 8 46 27 56 57
4 7 12 5 1 10 2 6 9 1 7 5 1 13 10 3 7 1 11 10
46 62 62 46 21 69 48 54 26 38 49 65 33 59 64 36 42 20 62 49
51 54 61 37 12 51 48 37 34 43 49 45 32 57 49 12 33 22 47 46
53 50 52 44 11 55 43 27 34 44 47 42 43 54 40 11 47 19 52 49
4 12 15 6 1 13 7 11 6 2 10 11 2 11 10 5 8 1 16 10
26 28 32 16 1 28 20 19 9 27 30 33 16 21 27 19 18 8 34 24
45 50 51 39 20 49 29 18 14 45 46 53 25 46 39 30 41 28 56 39
58 46 39 50 17 58 26 29 38 44 55 44 41 61 50 30 52 31 59 53
21 13 23 12 1 14 7 11 15 13 20 15 10 21 18 15 7 3 19 17
21 19 18 14 3 14 18 6 13 17 23 14 11 24 10 2 19 7 18 18
19 21 21 14 2 24 10 12 14 12 27 25 6 31 21 9 14 3 21 20
17 12 17 17 1 12 10 9 2 14 8 10 16 10 19 8 15 7 24 11
45 54 59 43 5 53 40 29 42 42 52 47 25 56 41 29 37 17 50 51
14 17 21 12 5 13 12 12 11 10 9 12 12 16 13 12 17 5 15 6
6 22 22 18 2 23 17 23 15 6 12 19 1 11 25 17 14 3 24 19
40 57 64 40 18 52 48 40 29 35 36 45 29 51 49 22 32 13 41 43
4 8 9 5 1 6 9 5 4 6 7 3 6 7 2 1 8 2 8 9
9 14 20 7 1 17 13 8 1 8 7 13 9 10 13 2 10 3 16 9
40 39 41 36 16 46 21 29 29 26 39 47 13 51 47 33 37 2 47 35
3 2 2 7 1 6 2 3 7 1 6 2 1 7 7 1 11 1 9 9
44 45 41 42 19 58 24 34 31 33 45 50 30 48 51 31 44 20 55 41
32 26 31 30 1 20 12 7 13 24 29 24 10 33 34 14 28 7 35 22
47 37 43 36 4 35 20 15 26 37 47 32 18 48 39 17 36 13 46 40
65 51 48 57 13 49 40 37 40 53 63 44 42 61 58 30 48 37 58 62
16 24 26 12 5 29 15 17 14 7 18 26 8 28 24 12 18 1 22 15
31 24 23 22 3 16 9 6 10 21 35 22 2 31 25 13 19 9 29 27
28 35 45 27 4 36 30 27 20 29 28 37 16 27 37 24 24 17 46 30
20 16 23 17 1 12 9 8 8 17 14 13 14 17 13 11 17 5 24 13
59 59 61 47 4 68 44 42 37 52 62 60 38 64 55 39 46 28 66 56
55 46 54 49 16 35 35 18 26 43 48 41 19 52 46 22 46 28 55 48
5 9 14 11 2 10 5 9 13 3 10 11 1 15 11 10 7 1 13 9
38 41 43 36 13 34 40 23 28 34 38 33 21 36 29 16 36 24 42 41
5 1 2 3 1 7 1 2 5 1 7 3 1 8 4 1 9 1 10 5
13 14 8 9 1 11 7 6 6 11 17 9 9 16 7 3 19 4 15 13
44 46 53 43 20 49 30 25 22 35 32 46 29 54 41 24 46 9 48 31
9 10 11 8 1 6 8 7 4 7 8 3 8 6 8 5 15 3 15 5
13 11 18 9 1 12 4 6 2 7 5 11 9 12 17 5 12 1 24 6
41 42 44 35 14 50 31 27 27 34 34 39 36 46 34 11 35 13 43 35
22 13 3 24 3 12 3 2 4 8 17 18 6 17 24 2 29 5 31 17
56 55 55 46 16 59 37 32 22 56 56 59 42 52 46 35 49 33 62 50
6 3 4 1 1 4 1 2 5 3 9 1 1 10 1 2 10 1 7 4
15 11 13 12 2 21 4 8 21 7 16 9 7 25 13 9 15 1 13 16
2 8 11 4 1 11 7 4 6 3 8 7 3 10 8 1 10 1 10 11
36 35 39 32 2 38 25 17 26 26 32 27 24 41 30 9 30 5 39 31
44 49 46 44 9 44 40 35 52 35 49 32 26 52 35 20 32 23 37 55
5 10 12 3 1 10 7 6 5 1 10 7 1 13 6 1 1 1 6 12
19 20 23 22 9 16 16 9 15 18 18 18 15 26 11 12 27 11 24 13
31 32 32 20 1 37 27 16 34 29 43 28 19 38 19 8 23 13 33 41
50 48 59 54 21 48 38 32 28 40 42 53 28 57 51 37 52 19 61 39
55 55 51 49 11 57 40 19 39 42 48 46 36 66 40 11 49 23 50 44
30 18 26 27 5 22 4 10 17 16 27 24 7 32 31 18 30 6 38 25
22 16 26 17 1 19 9 13 8 13 17 22 11 21 25 14 16 1 34 15
23 24 30 23 12 25 21 17 26 15 23 21 13 33 22 17 30 7 24 21
17 23 25 17 3 25 16 23 12 11 18 19 11 17 21 17 17 3 23 18
31 21 26 26 1 15 12 12 24 13 26 18 5 32 34 6 19 8 35 27
29 22 30 28 8 17 24 8 13 23 20 18 17 24 22 7 24 13 31 21
15 12 17 6 1 17 4 3 6 4 10 14 7 22 17 3 13 1 19 4
40 54 59 44 23 60 44 50 38 32 46 56 21 52 60 44 38 11 58 47
4 8 12 1 1 9 5 1 1 4 1 9 7 9 8 1 3 1 10 1
41 25 32 33 1 21 18 15 18 29 40 26 11 37 37 15 25 12 42 34
51 42 50 37 15 41 26 14 7 40 40 47 26 50 49 20 35 14 52 33
12 17 23 9 1 16 13 9 3 10 10 15 10 12 7 5 11 4 17 7
15 16 23 10 2 17 18 8 8 14 20 19 9 20 10 4 12 5 19 15
7 8 12 5 1 12 1 5 2 4 7 14 1 15 11 6 5 1 15 1
33 40 45 32 3 34 30 25 18 23 27 38 14 32 44 17 27 7 49 31
34 18 13 27 6 24 7 8 21 23 38 22 13 36 23 12 33 8 34 30
13 18 24 19 1 13 9 10 5 12 14 17 5 16 21 13 19 2 26 11
10 6 10 2 1 10 3 3 7 7 11 6 4 15 7 3 12 1 7 6
14 15 14 12 1 18 10 11 18 10 19 8 7 23 7 7 20 1 9 17
21 24 26 21 6 30 15 16 21 15 21 23 14 32 20 15 24 3 24 19
47 35 39 40 16 38 28 19 20 37 38 40 33 42 30 20 44 23 52 34
7 3 4 4 1 7 3 4 8 5 13 5 1 10 1 3 8 1 9 11
34 33 41 25 9 32 27 19 11 29 23 31 30 34 24 18 24 21 37 25
32 26 28 26 1 22 17 16 17 18 25 22 15 23 27 12 29 6 33 30
41 53 54 50 19 38 39 30 17 32 31 51 19 36 45 30 47 13 57 38
52 59 65 55 21 51 43 32 34 40 55 62 17 57 62 39 59 25 67 57
47 53 56 49 15 41 40 23 22 27 29 49 28 48 55 17 43 16 55 37
5 6 7 2 1 10 3 7 1 1 5 8 3 1 6 2 2 1 12 7
8 8 14 8 1 10 3 9 9 4 10 11 2 14 12 11 6 1 14 6
25 14 13 21 2 24 7 3 13 18 23 17 15 29 23 2 32 6 28 19
20 16 19 18 5 20 12 7 17 16 18 14 13 28 11 8 26 7 17 13
39 47 48 33 11 51 23 32 24 34 46 55 20 47 51 36 27 18 52 41
6 16 21 15 3 12 13 12 18 5 11 10 1 22 16 10 6 1 9 14
7 27 30 13 9 29 23 28 22 8 19 24 1 21 24 22 9 3 16 25
17 23 28 14 1 15 22 16 14 19 19 11 10 14 19 7 5 6 19 25
1 1 2 1 1 5 1 1 1 1 1 4 1 7 3 1 1 1 7 3
63 43 48 54 20 46 26 9 24 47 48 48 28 57 49 24 60 25 65 47
13 16 24 8 1 20 6 14 5 6 11 19 7 15 16 10 3 1 23 12
12 10 8 4 1 11 8 11 14 5 19 7 1 16 4 6 11 1 9 19
1 2 5 2 1 3 1 3 2 1 1 1 1 5 4 2 1 1 5 2
47 51 59 49 11 51 44 40 44 40 49 45 25 55 56 24 34 18 56 50
16 5 10 8 1 9 1 4 9 9 16 6 4 14 7 8 11 1 14 11
6 1 6 1 1 5 2 1 1 2 4 3 4 7 5 1 2 1 8 3
15 17 20 13 5 24 10 16 15 6 18 22 3 25 19 13 18 1 22 14
18 6 5 12 1 18 1 4 13 10 21 12 5 22 9 4 20 1 21 14
1 3 2 2 1 6 2 4 1 1 3 3 1 2 2 1 4 1 6 6
16 12 13 12 1 12 6 6 7 9 22 16 1 21 13 6 11 1 19 14
33 38 36 32 4 30 33 21 40 34 44 21 21 41 18 14 26 18 27 43
55 55 57 59 23 59 40 31 39 49 51 53 35 63 45 37 60 25 62 50
9 1 7 1 1 2 1 1 2 2 7 5 1 7 5 3 1 1 11 3
36 39 43 33 1 39 28 23 34 34 46 32 14 45 38 18 30 10 41 39
8 7 12 4 1 14 5 7 4 5 4 10 7 8 13 5 4 1 12 6
26 29 32 21 5 31 22 30 12 21 27 28 22 22 25 25 17 15 30 28
17 18 24 9 1 21 11 8 7 10 12 17 11 22 13 4 16 4 19 9
19 27 32 10 1 29 21 19 8 18 16 27 18 18 23 13 11 8 29 19
1 11 10 2 1 14 11 12 6 5 10 11 1 5 7 6 2 2 9 14
24 17 23 17 1 27 14 9 6 18 17 20 17 22 19 5 23 7 28 15
37 33 36 32 1 44 27 26 35 33 46 35 18 38 30 22 32 18 49 45
9 4 11 1 1 9 2 1 6 2 8 10 4 15 10 1 4 1 14 6
34 26 29 26 6 28 13 9 15 28 26 26 18 35 20 16 32 8 30 18
1 10 9 9 1 9 6 11 4 4 3 6 4 5 7 8 7 1 11 6
68 52 52 58 15 42 40 16 27 45 46 49 36 64 59 4 57 24 66 47
1 7 8 1 1 3 3 5 4 2 1 1 2 3 3 4 2 1 1 2
25 24 29 25 5 28 11 16 15 23 29 24 12 24 24 20 26 6 32 27
16 16 21 13 5 18 12 10 14 11 13 15 10 20 12 11 19 3 14 9
47 60 65 48 22 59 44 30 36 46 56 60 17 65 48 37 49 21 54 51
41 52 58 50 22 45 46 38 27 40 34 44 36 46 39 37 39 27 48 40
8 8 9 8 1 12 9 8 9 7 13 7 6 11 7 4 14 1 12 13
40 44 49 39 1 44 40 37 22 39 38 45 27 34 44 32 35 28 56 42
7 9 9 2 1 10 9 9 4 4 12 8 4 7 5 3 7 1 8 10
13 11 17 1 1 18 8 9 8 7 18 12 5 16 10 3 10 1 12 15
29 27 32 26 1 35 20 19 8 20 18 26 24 25 31 10 28 5 38 24
12 18 20 9 2 16 14 13 5 11 12 17 9 15 10 10 10 5 14 8
45 43 44 43 8 34 30 20 26 38 40 39 28 52 46 16 33 23 49 31
48 58 59 44 18 60 48 49 48 44 60 55 19 58 57 43 38 18 51 59
52 53 55 52 17 49 36 30 40 37 54 46 16 68 50 26 44 15 52 51
32 30 29 31 11 29 12 10 7 28 35 34 14 32 35 20 36 15 44 27
7 14 14 13 3 14 10 12 15 6 13 11 5 19 13 10 20 1 15 12
7 14 17 4 1 19 11 11 7 6 16 20 1 13 14 6 3 1 22 14
30 44 47 36 7 48 40 36 38 37 37 38 22 41 34 30 38 25 37 40
43 33 39 28 6 34 22 13 17 30 33 31 25 45 36 5 30 7 37 26
48 40 45 35 16 45 23 9 12 38 41 48 25 49 35 17 43 22 52 35
21 25 28 17 6 28 13 13 12 15 14 26 16 30 27 13 20 7 25 10
31 20 21 25 9 30 7 6 11 17 25 32 19 35 34 7 30 8 43 17
59 53 55 60 22 51 36 34 46 51 60 49 30 66 59 39 54 18 58 54
34 37 43 31 5 40 27 28 19 21 31 36 20 40 42 22 24 11 39 29
33 31 30 34 9 34 23 18 37 25 38 22 12 47 31 16 35 5 31 35
28 28 22 29 4 33 21 19 34 22 32 22 20 36 16 13 33 15 29 32
36 51 55 38 27 52 44 35 30 31 36 51 22 51 31 29 41 16 48 35
2 5 6 4 1 7 4 6 5 3 5 6 3 6 5 4 5 1 11 7
43 39 47 36 1 34 34 20 26 33 44 39 22 46 45 12 30 17 50 36
12 7 12 14 1 7 7 5 9 7 12 8 2 13 15 6 9 1 19 12
46 40 41 36 10 43 26 25 19 36 41 42 36 47 45 25 40 25 52 37
21 25 35 18 1 26 24 20 16 23 26 27 14 20 27 16 14 9 35 26
46 38 47 34 8 44 26 26 22 31 40 42 25 50 42 20 30 5 44 34
18 12 21 15 1 15 4 10 10 7 14 19 2 22 21 14 10 1 22 9
51 48 50 44 11 51 36 24 40 49 62 45 19 52 39 34 42 29 54 60
5 2 2 1 1 3 1 3 3 1 7 1 1 6 2 1 5 1 8 6
25 18 24 21 1 26 9 10 23 12 20 16 14 31 25 10 22 1 24 21
40 43 35 41 7 38 24 22 21 34 43 44 17 36 43 23 46 18 52 40
29 41 43 37 1 28 31 27 24 28 35 38 8 30 39 27 32 14 43 39
11 10 10 5 1 14 9 11 11 5 17 8 3 11 7 5 11 1 12 18
22 39 37 35 9 24 32 23 20 15 23 28 6 29 33 17 32 4 28 33
30 39 36 28 5 33 28 18 20 32 35 31 15 35 32 14 25 19 37 32
26 40 40 36 8 37 29 29 21 29 36 42 13 33 41 29 37 13 44 29
48 46 50 39 11 36 43 40 36 43 47 34 36 46 43 31 26 33 43 51
49 58 59 45 14 61 48 45 50 47 59 48 25 59 52 39 41 21 45 59
25 22 30 21 2 23 10 16 12 18 23 27 11 29 27 24 21 4 28 19
54 47 54 45 9 40 30 17 16 36 40 46 24 48 49 22 43 18 57 42
13 5 11 7 1 6 6 3 12 6 13 2 6 13 9 2 10 1 12 13
40 45 46 35 1 43 39 32 48 40 52 30 22 49 35 20 24 25 41 53
5 7 10 12 1 1 6 3 3 9 5 5 7 5 6 5 12 3 15 3
38 38 41 35 11 36 22 10 6 30 34 42 18 45 35 15 42 13 47 26
2 1 4 1 1 2 1 1 5 1 5 2 1 8 3 1 1 1 5 5
27 50 57 36 13 50 43 39 35 29 33 47 18 41 45 33 35 19 48 37
7 7 12 5 1 12 8 7 1 5 13 14 1 7 10 2 7 1 20 7
16 12 14 14 1 12 7 13 5 10 11 11 12 12 16 13 10 7 21 12
53 55 49 60 18 52 37 28 36 40 55 54 24 62 50 29 66 17 61 55
36 51 59 41 14 51 33 36 15 31 35 55 21 43 54 38 36 11 57 33
19 29 36 19 11 29 21 16 16 13 12 25 16 31 21 14 21 7 25 16
48 42 48 46 15 45 28 21 19 33 26 44 32 46 38 19 49 12 54 28
28 16 23 23 3 19 10 9 13 22 22 18 18 25 18 12 28 7 31 15
35 42 45 40 8 49 28 33 36 33 46 43 11 45 42 36 40 16 50 44
6 8 12 2 1 12 6 2 1 1 1 9 5 9 10 1 2 1 10 2
2 8 7 1 1 10 8 9 2 3 11 8 1 5 4 3 5 1 11 10
37 26 35 25 13 24 17 6 11 31 29 31 20 33 20 17 28 17 36 22
8 12 12 1 1 8 11 9 4 6 12 7 6 9 4 3 7 2 7 10
11 1 7 1 1 10 1 1 10 2 13 6 1 19 6 1 9 1 10 10
17 21 27 14 5 21 18 5 2 16 10 24 16 19 13 4 15 8 22 7
39 33 41 43 18 40 22 29 33 29 39 40 14 46 46 35 45 1 48 36
24 17 14 19 7 26 7 5 14 16 25 23 15 32 26 6 28 9 32 20
16 14 15 5 1 21 14 13 13 13 24 15 6 16 13 6 14 3 18 20
12 26 30 18 6 24 20 16 13 10 12 22 12 25 18 11 18 6 21 13
37 55 61 40 19 44 49 33 34 34 33 43 28 50 37 19 30 23 42 38
13 25 27 15 4 25 18 19 16 6 18 22 5 26 21 13 12 1 19 18
17 20 22 12 1 12 17 15 21 12 25 10 4 24 14 7 8 6 13 24
27 33 35 26 5 30 24 18 16 32 35 32 10 29 21 22 32 16 36 30
14 17 24 10 1 18 13 14 8 10 18 17 9 13 17 9 14 1 26 15
36 36 35 31 4 32 24 12 5 16 21 35 18 30 36 5 40 8 44 21
54 59 55 54 22 60 41 37 39 47 50 54 36 55 56 34 54 29 57 55
47 42 44 43 6 41 28 22 26 28 34 38 23 47 46 18 42 11 46 39
14 7 14 6 1 13 4 5 8 4 11 12 6 19 14 5 9 1 18 9
30 25 32 23 1 13 20 16 23 26 27 13 16 27 21 11 12 13 24 27
28 21 28 22 1 29 10 16 19 20 24 21 21 32 26 16 23 7 33 24
12 4 4 9 1 12 1 3 1 2 6 10 2 10 16 1 13 1 23 3
9 15 17 2 1 15 11 8 5 7 11 13 8 15 8 3 10 3 10 10
55 45 48 44 10 42 37 26 33 45 52 41 32 61 45 13 40 18 50 44
41 45 40 42 18 47 28 36 22 35 37 43 35 43 46 36 39 26 45 37
25 11 16 20 1 16 6 10 7 16 22 21 13 20 23 12 20 6 34 14
50 52 49 54 22 58 42 25 42 38 44 45 34 65 33 22 61 21 54 44
28 29 28 22 9 32 21 11 12 23 30 30 20 32 21 6 32 14 37 26
22 19 18 21 1 8 10 5 1 9 8 15 9 12 22 4 24 4 30 13
3 1 4 1 1 2 1 1 1 2 5 5 1 3 2 1 3 1 10 1
51 52 52 52 24 54 35 30 25 43 37 51 42 55 51 31 49 32 59 39
57 57 54 54 12 56 42 26 42 44 46 44 37 68 48 14 50 23 54 45
33 30 33 23 5 30 28 14 22 30 35 26 18 31 23 7 28 12 34 32
13 17 26 6 1 20 13 17 10 13 20 22 7 14 18 15 4 3 23 18
34 40 47 37 6 28 35 26 33 33 38 28 14 37 35 20 29 15 37 38
4 3 6 2 1 4 4 4 4 4 7 5 2 4 3 3 2 1 9 7
3 8 11 5 1 9 4 7 7 2 5 5 2 11 7 6 8 1 8 4
24 36 39 25 6 38 22 28 19 25 36 43 1 36 36 33 22 15 38 30
1 4 3 3 1 1 1 5 2 1 1 2 1 4 1 5 1 1 4 1
57 49 40 44 25 55 32 24 36 50 50 42 48 54 24 23 53 34 48 49
48 47 51 50 16 56 34 40 24 29 40 55 23 55 60 36 49 10 62 38
60 52 52 58 22 62 24 32 29 48 57 61 33 67 63 47 57 31 66 52
37 40 45 30 6 33 25 20 23 31 49 39 1 45 42 25 23 17 46 41
32 19 24 23 8 23 9 3 19 23 34 27 14 37 31 10 22 12 34 24
46 55 55 47 17 44 46 29 25 41 38 52 28 34 52 24 46 32 63 45
24 33 35 30 15 25 21 13 9 25 23 30 10 33 22 26 30 15 29 21
43 39 45 45 17 36 26 17 38 36 48 32 13 54 39 31 42 14 41 44
7 14 16 9 3 9 10 7 4 7 1 8 7 11 6 7 10 3 5 1
52 66 64 58 18 71 49 53 22 43 46 68 35 57 74 40 52 23 72 49
37 27 31 24 1 35 15 18 18 25 37 29 21 38 24 18 24 10 38 35
12 20 20 9 3 22 14 21 19 8 20 15 4 17 15 15 12 2 14 21
4 17 15 13 9 16 12 18 19 3 12 12 2 19 13 16 13 1 8 16
9 10 11 2 1 5 8 4 1 7 2 3 8 5 2 2 7 3 8 1
48 47 50 38 16 53 36 24 17 43 43 50 34 49 34 15 47 15 56 35
5 3 6 12 1 2 2 3 2 6 6 6 2 6 8 6 10 1 17 5
8 7 10 2 1 12 7 8 1 3 12 12 1 4 7 3 5 1 19 8
7 10 9 6 1 8 6 9 8 1 11 5 1 13 5 5 5 1 8 11
55 51 58 56 26 52 43 32 42 47 50 49 31 62 47 35 52 17 53 46
13 10 5 8 1 14 5 5 7 8 20 12 6 18 9 1 14 3 13 16
13 14 7 15 1 16 6 11 6 8 16 13 6 15 15 8 19 5 20 11
28 24 24 19 7 28 13 6 1 21 19 31 20 29 28 3 23 6 34 11
10 11 12 10 1 11 5 12 11 5 9 7 7 10 12 10 10 1 18 13
7 3 9 7 1 9 2 3 4 3 8 10 1 9 11 4 8 1 18 6
9 8 11 1 1 11 5 5 6 1 10 9 1 15 9 1 2 1 9 10
25 23 26 22 3 27 15 15 17 20 18 18 20 28 18 16 24 7 20 19
22 15 14 15 1 26 6 6 11 12 23 18 11 28 21 2 24 2 26 19
46 55 58 45 11 53 42 40 39 34 48 49 21 58 59 27 34 13 53 48
44 58 59 54 17 51 48 41 51 39 50 46 20 57 55 29 45 14 54 57
34 41 52 28 2 38 35 23 17 37 34 41 22 35 35 22 19 19 43 36
13 12 15 10 1 9 11 8 4 13 15 14 8 13 9 9 13 4 19 11
39 40 38 36 1 43 29 36 24 29 44 38 18 39 45 30 34 18 46 44
13 26 30 8 3 26 20 12 12 14 16 22 12 23 10 6 13 6 18 19
17 25 31 12 2 24 25 17 17 22 27 25 9 23 13 14 15 12 23 24
13 17 20 13 3 14 10 15 12 7 19 19 1 21 14 16 10 1 16 15
27 38 33 28 4 35 20 24 15 31 39 40 6 31 33 29 25 16 39 29
9 5 6 1 1 13 2 5 2 1 11 10 1 10 9 1 6 1 12 7
4 6 5 8 1 6 6 6 7 5 7 3 5 7 7 4 9 1 11 9
44 38 46 45 4 34 32 34 27 32 36 34 24 46 52 28 28 23 47 37
12 26 31 15 7 30 19 23 17 8 15 26 9 22 26 17 15 1 25 19
10 22 27 5 1 23 19 16 8 14 12 19 12 11 17 10 7 7 19 15
21 20 17 12 3 21 7 7 6 16 17 17 16 21 18 7 17 8 20 14
13 6 13 4 1 12 3 2 8 2 12 13 4 18 13 2 6 1 18 9
8 7 12 6 1 6 4 4 3 7 4 4 9 4 9 4 10 1 13 4
59 50 57 54 10 30 37 25 18 39 40 48 28 52 62 19 40 18 66 44
60 47 40 54 15 55 29 31 24 41 53 52 39 50 57 28 58 28 66 55
52 44 44 39 16 45 30 28 19 35 42 43 33 54 51 12 35 19 50 39
57 53 56 59 19 55 34 28 20 40 37 58 35 60 58 26 60 12 66 38
29 18 20 25 1 20 13 5 24 19 27 10 14 29 19 4 28 5 30 28
46 47 55 35 12 56 38 41 20 41 46 50 37 48 47 27 33 17 53 45
46 48 49 43 18 56 30 26 30 38 52 51 20 59 44 33 47 18 54 45
26 22 30 20 2 28 12 15 17 17 24 26 12 31 27 15 24 2 31 18
13 11 12 5 1 15 6 12 7 6 10 10 8 10 12 9 5 3 11 14
31 30 37 14 5 34 23 18 14 19 24 30 21 32 26 10 22 6 31 23
8 2 4 1 1 8 1 3 7 1 10 6 1 14 7 3 7 1 9 5
5 1 4 4 1 5 1 1 4 1 4 4 2 4 7 1 7 1 12 4
49 45 52 40 4 47 36 36 34 43 57 44 23 51 47 33 31 23 54 55
39 55 57 51 13 35 48 39 38 42 42 42 22 44 47 32 34 27 48 47
4 11 9 5 1 11 11 12 9 5 14 9 1 7 5 5 8 1 10 16
9 6 11 4 1 11 1 7 4 4 6 11 6 8 12 7 4 1 16 4
20 20 24 16 8 24 19 10 9 16 17 21 16 22 15 5 26 11 28 15
56 50 49 51 10 58 34 31 31 46 61 59 23 62 59 28 55 21 68 54
45 40 33 40 3 28 24 17 15 32 35 29 24 34 41 12 34 19 44 39
9 7 9 5 1 7 2 5 6 5 13 9 1 15 6 6 4 1 11 5
8 19 24 9 3 23 14 20 9 8 11 20 7 12 18 14 6 1 21 13
17 14 20 10 1 14 13 9 9 11 18 14 10 14 14 5 13 2 21 15
8 12 17 7 1 16 3 12 7 4 3 11 6 12 15 10 2 1 14 9
44 51 51 42 20 58 31 38 30 35 48 56 32 55 52 37 42 21 55 45
29 40 41 27 10 43 28 27 18 22 27 39 23 38 40 17 33 7 39 24
15 22 25 23 8 27 13 15 14 6 14 27 8 33 29 14 24 1 29 11
22 27 34 16 1 23 24 19 17 21 27 18 12 24 26 10 9 8 26 31
58 47 52 43 8 45 35 11 35 47 47 40 36 60 34 14 44 27 50 44
24 30 39 21 3 25 21 14 16 18 13 23 18 30 29 15 10 8 22 16
36 38 44 36 7 39 19 21 4 25 26 42 16 40 44 34 27 16 47 26
10 15 22 10 1 14 13 12 6 13 14 15 8 5 15 9 8 1 24 15
14 7 11 8 1 16 5 6 16 10 16 5 9 19 8 4 13 1 10 18
7 10 11 11 1 10 2 11 4 3 2 6 5 3 13 10 6 1 15 4
32 33 37 31 10 28 25 28 26 22 30 26 13 39 37 25 19 12 31 29
25 19 21 23 1 19 11 14 19 14 18 11 14 21 20 11 27 2 24 24
49 47 41 44 12 51 23 12 28 40 41 46 32 59 37 21 50 21 48 35
24 37 34 32 6 39 21 27 21 26 38 44 6 37 39 29 31 13 42 32
19 8 11 14 1 22 6 4 12 11 22 13 9 22 16 1 24 1 25 18
42 43 42 43 11 40 34 27 47 37 48 32 17 59 40 21 38 14 39 44
53 57 57 57 20 61 44 29 42 49 54 56 37 66 39 29 63 31 59 49
32 40 41 29 12 40 34 20 33 36 38 29 26 41 16 15 29 19 30 40
18 24 29 14 1 22 14 19 4 21 22 26 9 13 22 22 7 7 30 24
3 8 12 4 1 7 2 6 1 4 1 5 6 1 8 5 3 1 12 1
22 11 18 15 1 16 6 11 12 18 19 15 14 16 15 15 14 5 22 17
16 19 22 15 2 18 6 11 9 9 20 23 3 25 19 15 15 3 26 16
30 49 48 41 10 50 39 42 34 28 38 49 13 43 52 36 41 18 52 40
27 30 36 25 8 22 18 19 20 19 27 25 4 33 31 23 14 9 24 27
39 38 40 26 7 40 31 23 23 35 37 28 30 37 21 17 28 17 33 39
14 15 20 1 1 20 10 11 11 9 13 14 11 17 15 7 9 1 14 15
19 12 20 12 1 18 7 9 17 15 22 15 10 26 15 12 17 2 19 16
28 23 14 18 3 30 14 14 23 22 41 22 12 31 16 9 25 8 29 35
61 45 41 53 21 48 30 15 36 48 50 41 40 57 41 17 58 30 59 49
24 21 21 14 1 25 16 18 11 15 25 22 11 21 22 12 12 5 25 24
33 35 36 25 1 36 25 25 23 31 39 32 17 32 28 20 26 13 38 35
20 14 18 12 3 18 10 9 12 19 13 10 19 14 11 9 16 7 15 15
32 21 22 27 11 29 11 10 21 21 36 29 16 37 33 12 31 13 40 29
31 25 29 24 5 33 16 20 23 23 31 27 19 35 26 19 26 6 29 27
8 13 17 18 6 11 10 12 19 6 13 12 4 18 16 14 16 1 16 14
37 40 45 30 14 42 26 18 8 32 37 47 16 39 42 26 33 14 52 29
44 42 53 42 16 34 32 18 24 40 43 38 19 44 47 26 36 25 49 43
40 43 41 28 15 45 30 25 33 33 49 42 23 48 44 22 30 22 42 45
35 30 32 33 5 27 12 19 14 19 34 33 6 31 37 24 31 6 44 32
39 29 32 34 7 25 15 5 22 30 40 32 18 46 40 12 35 14 44 30
30 19 17 24 1 32 7 14 13 18 26 21 16 29 27 11 28 6 34 24
17 28 33 25 13 32 20 27 17 10 15 28 5 26 33 22 23 1 31 19
10 11 15 7 4 16 9 6 1 6 1 14 10 13 15 4 7 1 13 4
11 14 17 13 1 17 9 14 12 5 22 19 1 20 16 11 15 1 21 14
26 31 26 25 13 31 17 15 16 22 22 27 21 32 25 15 31 15 24 19
16 29 28 25 9 32 19 19 16 10 18 29 12 34 31 15 28 2 28 16
8 8 10 3 1 7 7 6 3 4 9 4 6 6 5 2 11 1 11 7
50 50 55 47 11 56 41 45 27 48 56 59 32 49 59 43 42 32 69 50
25 19 23 14 1 22 11 16 11 16 27 25 10 22 20 17 15 6 27 25
30 45 50 42 9 44 33 38 32 29 39 48 8 39 51 40 39 18 52 42
17 14 17 7 1 17 12 13 16 9 19 12 8 15 12 7 8 1 15 24
21 16 23 11 1 22 13 12 13 13 29 23 7 26 19 9 16 1 27 21
9 11 18 11 1 7 6 4 5 11 10 11 6 14 10 8 12 2 17 7
41 47 44 47 27 53 30 37 40 34 55 54 17 57 51 39 51 16 54 49
27 24 21 30 7 33 17 18 27 17 32 24 12 34 21 17 34 7 32 26
35 33 33 32 1 33 18 17 18 22 33 35 11 29 38 15 32 7 50 38
