1000 20 10 1785
11 8 6 26 14 6 2 8 2 14
4 3 2 4 5 2 3 1 12 5
7 19 2 7 14 0 5 5 6 1
1 6 10 1 2 2 3 6 6 1
2 0 7 10 2 1 8 1 4 20
8 19 11 6 13 6 12 10 10 15
5 14 1 11 5 14 0 14 26 2
2 8 6 4 5 0 0 5 6 5
12 2 5 2 7 0 5 6 5 7
5 3 7 15 13 11 5 8 2 6
19 1 3 15 2 13 2 16 7 1
2 6 3 11 1 4 0 3 1 2
16 1 4 8 4 8 3 1 1 12
2 1 6 1 3 2 3 0 2 7
7 0 17 4 6 9 9 5 17 3
5 1 6 2 6 1 8 12 3 2
10 6 8 11 0 8 2 9 1 13
3 2 6 12 10 3 3 8 16 2
1 7 10 1 14 2 4 13 6 10
0 6 2 9 1 1 2 1 2 5
7 6 8 1 1 8 5 0 4 8
5 9 3 1 1 2 13 15 0 9
11 4 12 11 6 2 10 2 5 4
16 1 16 11 17 22 4 1 8 1
6 2 2 2 2 11 1 6 6 8
0 1 16 0 8 7 6 11 10 8
2 12 5 10 13 10 3 14 0 14
10 1 1 12 9 8 11 4 4 3
4 8 9 17 18 19 3 6 1 20
6 10 1 12 6 2 6 6 7 5
0 0 7 4 5 4 1 8 7 3
10 4 9 10 8 7 4 15 3 1
11 2 16 13 5 6 5 5 10 1
7 6 5 2 4 3 3 3 1 8
13 8 13 18 7 11 16 8 11 4
17 4 5 13 7 4 13 6 1 3
3 15 3 4 7 1 7 3 11 8
6 8 9 8 2 9 15 12 2 6
14 12 1 1 7 1 1 5 8 1
8 6 3 1 3 1 13 0 8 9
17 6 4 1 10 4 6 11 2 8
7 5 4 2 3 13 26 11 1 7
10 6 6 16 0 13 7 0 5 1
0 2 6 5 5 2 11 7 4 12
8 9 13 1 10 5 6 2 16 15
1 4 6 1 0 5 4 6 4 6
12 10 2 17 4 6 7 4 7 14
5 7 4 1 0 8 7 10 1 18
3 8 12 3 7 2 7 6 2 8
5 2 4 2 3 1 3 9 2 3
13 4 6 22 0 6 4 14 6 8
1 7 7 14 11 15 5 11 0 3
16 1 5 8 12 12 5 9 18 9
0 1 4 1 8 2 6 2 1 1
11 4 4 6 6 5 5 10 7 12
1 1 7 3 1 5 1 0 3 2
2 4 4 0 3 1 5 3 3 1
1 6 2 4 3 2 2 3 1 3
6 5 4 5 1 2 3 5 4 2
2 2 6 10 2 5 2 11 8 9
13 6 7 8 10 12 11 5 21 13
6 12 0 7 11 4 10 5 5 0
5 8 24 16 7 1 14 11 5 8
2 13 7 8 8 14 3 6 9 23
3 2 8 4 8 4 10 1 2 0
9 1 2 6 6 1 6 9 10 3
5 4 4 3 2 7 4 8 2 13
0 3 7 10 2 2 7 2 2 1
11 3 7 5 6 8 7 4 9 1
3 2 18 27 2 6 10 1 10 7
7 1 0 1 4 8 6 3 3 2
6 2 6 1 3 8 8 0 7 5
15 8 15 7 16 12 1 2 8 4
4 0 2 4 2 1 1 11 2 0
2 7 0 11 4 1 2 2 0 4
10 10 13 6 1 10 15 8 3 12
2 3 3 8 3 1 2 4 2 4
10 1 5 3 3 5 5 18 4 4
31 10 2 6 3 7 7 14 0 13
2 10 9 9 2 15 5 1 16 13
7 2 3 0 3 6 13 11 13 0
4 1 3 13 3 0 0 6 2 3
3 10 2 2 14 11 4 5 14 5
3 6 24 2 1 2 18 3 13 12
14 2 9 6 1 3 3 11 2 5
3 1 0 1 1 1 2 3 11 3
7 2 3 1 10 1 3 0 7 2
2 4 2 0 0 4 3 1 9 1
3 1 2 2 6 11 3 5 4 2
0 19 7 6 13 15 3 18 4 20
1 8 1 1 0 14 16 5 15 1
2 13 14 3 6 12 4 8 2 6
1 8 7 13 6 3 6 11 17 4
10 15 6 4 17 4 9 3 19 2
5 1 13 5 4 4 8 0 9 3
5 7 1 4 11 10 10 15 10 8
6 19 12 10 7 13 9 7 3 4
12 22 12 10 6 11 1 8 11 5
0 13 1 2 4 11 2 4 1 1
8 16 9 0 11 4 11 2 4 12
3 7 3 4 2 14 3 13 7 2
1 2 1 3 7 6 5 5 6 0
5 5 10 0 2 17 1 11 2 12
3 6 6 13 8 5 7 6 7 7
5 5 0 11 3 2 5 2 2 2
6 1 6 9 2 6 8 8 7 4
15 0 7 10 2 7 17 2 9 5
1 2 1 5 7 2 5 7 6 8
6 6 4 2 2 8 6 1 11 9
11 3 1 7 2 3 4 3 5 0
8 26 3 2 5 8 14 6 20 0
18 11 7 2 9 0 1 27 6 11
9 1 1 5 3 14 9 8 13 0
4 0 9 3 3 1 12 4 6 7
1 7 1 17 11 7 3 2 2 13
8 9 3 3 11 2 10 0 12 21
13 2 6 6 0 1 2 8 0 1
9 11 9 5 5 1 3 5 8 8
2 3 2 11 20 1 5 4 6 4
20 6 2 1 17 7 14 8 9 0
2 4 1 1 5 1 5 5 1 4
3 6 2 6 2 4 2 4 3 1
6 3 1 3 3 2 16 4 16 6
2 2 0 4 3 5 9 5 3 4
13 12 7 4 14 13 7 9 15 7
6 3 3 6 6 12 6 4 7 2
24 4 0 3 11 9 11 14 11 5
6 7 0 2 9 4 9 9 4 0
20 13 1 13 15 20 12 10 2 4
9 0 2 3 3 0 0 13 7 3
4 6 16 12 3 7 6 1 2 10
3 3 1 3 13 17 5 11 7 14
16 7 2 1 2 9 3 1 8 7
3 4 6 4 0 3 1 5 8 3
4 8 3 3 6 14 5 4 2 4
3 4 23 25 8 3 1 8 1 9
26 1 15 4 6 11 0 17 3 2
6 3 5 1 6 2 5 4 2 3
20 12 9 10 2 13 0 1 8 9
12 4 2 6 13 2 10 1 14 4
8 5 4 0 2 1 25 1 3 3
11 13 7 1 6 0 6 2 0 1
7 4 10 0 1 7 4 1 4 1
5 6 1 2 1 2 4 0 8 1
17 0 9 9 1 8 22 4 1 12
5 0 8 6 1 12 19 7 7 7
17 1 10 17 6 1 5 5 19 18
2 8 1 5 2 1 4 11 3 24
15 5 12 14 0 13 3 10 5 3
14 6 16 13 16 7 8 7 5 12
1 9 7 0 4 7 5 4 12 5
1 0 1 8 5 15 2 3 3 1
6 14 18 12 9 5 6 16 6 3
2 2 2 2 3 5 4 6 1 7
15 1 7 13 3 9 0 6 14 0
2 5 3 1 1 11 10 8 4 4
3 2 4 1 2 6 4 0 6 1
6 4 0 5 2 14 23 2 4 7
8 2 4 3 3 0 6 4 9 1
14 13 2 12 6 14 3 4 10 1
4 6 2 3 2 3 3 5 5 6
1 16 4 8 6 5 1 5 8 4
5 1 2 5 8 2 4 1 2 3
2 7 6 4 14 0 10 8 15 12
10 9 9 3 6 23 1 1 9 1
2 6 5 1 4 2 7 11 11 4
4 9 5 0 9 0 6 6 9 4
3 3 2 11 3 5 1 1 7 26
5 1 0 3 4 6 3 2 1 6
2 6 8 17 20 14 6 3 4 11
14 5 1 1 6 0 4 2 12 17
7 2 5 4 7 14 0 1 1 1
0 3 12 5 7 15 4 4 7 11
4 15 12 15 3 4 13 18 18 2
8 22 3 5 9 28 8 9 1 2
5 20 10 21 5 10 8 9 3 3
3 2 5 0 7 5 14 2 2 19
7 12 10 14 4 2 1 9 2 8
9 3 7 16 10 13 0 13 13 4
12 4 9 9 14 1 6 8 8 4
0 1 1 7 7 0 2 4 0 3
29 11 2 5 9 0 11 9 11 4
6 11 2 3 3 11 9 1 0 5
7 6 13 14 11 7 6 4 1 10
2 2 4 1 19 27 9 2 16 6
12 9 7 7 6 9 4 7 11 7
2 6 8 12 10 20 5 20 4 11
10 11 1 13 1 31 2 13 8 1
0 10 3 7 5 9 15 14 2 8
2 11 20 8 1 6 22 9 16 3
4 4 1 3 5 5 3 1 3 1
2 2 8 7 9 18 6 8 3 4
16 10 7 0 3 2 19 1 7 21
5 4 11 6 2 2 7 21 14 17
6 2 9 3 0 4 5 1 8 6
0 5 3 6 1 0 2 5 2 1
12 4 1 3 3 2 16 22 5 4
5 3 9 5 5 1 8 14 15 4
0 8 7 12 3 1 6 13 2 2
7 4 1 1 8 0 3 14 8 10
10 7 1 13 15 16 6 8 10 13
7 1 6 6 2 2 0 1 13 7
2 15 4 1 3 0 6 4 14 6
7 9 9 4 10 4 7 1 3 1
8 4 4 7 7 8 4 1 2 12
8 5 12 6 4 19 19 5 8 4
6 3 0 6 9 4 11 12 6 20
8 18 8 12 2 10 3 9 5 21
2 12 30 13 7 7 6 12 8 4
3 6 4 4 4 2 8 2 3 1
5 11 3 8 5 0 19 2 0 1
3 1 16 7 9 4 2 1 5 12
3 1 5 25 5 3 13 2 4 14
4 3 5 1 3 0 4 7 4 9
7 7 3 7 0 13 15 10 18 6
5 8 6 5 0 8 3 8 7 4
0 12 1 9 3 4 12 1 10 4
9 9 1 7 5 7 12 4 3 6
8 7 5 3 2 2 3 1 7 4
5 4 1 0 3 7 0 7 6 3
23 9 3 12 0 1 5 6 0 9
2 1 3 2 5 7 1 0 5 3
4 5 8 6 2 5 1 2 2 12
4 2 2 1 2 6 1 2 3 10
5 18 19 6 12 5 2 2 5 14
9 1 1 5 1 0 6 0 1 1
1 10 5 6 4 1 16 3 22 4
0 3 3 8 1 2 1 1 5 4
13 10 8 10 1 17 8 3 7 9
5 12 7 10 4 3 3 11 22 10
22 14 4 3 3 2 7 6 5 5
4 5 0 2 5 3 6 2 8 7
2 16 10 6 13 10 5 13 12 12
2 3 4 8 16 4 5 1 5 6
5 1 4 0 10 1 3 1 8 4
12 11 3 10 3 0 0 9 4 8
4 1 12 9 4 8 4 5 2 1
1 2 8 12 10 7 4 6 19 15
7 0 2 1 5 2 4 2 5 9
15 1 10 6 3 0 5 7 1 5
15 11 21 0 22 8 10 7 2 1
4 3 3 7 1 3 4 14 1 9
23 5 3 9 1 10 1 5 8 17
1 7 8 13 7 6 11 10 14 14
4 8 1 2 0 5 3 16 5 3
5 5 10 9 15 1 0 5 25 15
17 4 1 5 25 2 6 4 17 4
1 4 4 4 5 3 1 7 3 5
8 6 6 6 6 4 4 0 2 0
5 1 0 4 6 1 13 6 4 10
3 4 2 2 3 5 1 14 1 8
9 14 12 9 8 2 9 18 20 12
1 5 3 1 5 1 5 2 10 7
0 2 4 1 1 4 7 1 1 5
6 2 3 18 1 8 5 2 34 5
5 6 1 0 3 4 1 0 2 4
0 5 2 13 4 6 17 1 11 11
4 17 7 8 0 5 8 8 6 2
4 11 19 12 12 0 24 6 1 8
12 13 20 6 14 11 6 1 14 5
4 1 1 11 15 12 19 15 12 13
8 0 5 10 8 18 7 14 28 1
0 1 7 11 25 12 9 1 7 11
5 4 4 5 4 4 5 1 1 9
11 14 11 4 6 3 14 11 14 1
11 2 8 2 5 1 5 9 9 4
3 6 2 1 2 6 2 4 0 2
1 9 6 5 6 2 3 4 3 13
3 2 3 0 2 9 3 10 2 2
7 5 2 6 2 6 0 7 5 3
4 3 0 5 1 5 1 1 4 4
6 5 20 1 3 3 21 5 5 3
1 7 6 24 2 8 11 7 4 17
24 10 15 14 1 15 3 1 15 1
10 1 8 14 16 4 13 4 2 13
2 1 7 12 2 14 7 0 5 9
4 3 2 19 17 4 14 21 10 1
10 14 3 7 13 9 1 25 2 17
9 12 15 0 18 3 9 2 2 27
7 7 6 6 22 7 13 6 1 2
2 2 4 3 2 1 1 7 4 1
1 6 11 5 7 3 3 8 2 0
22 8 1 4 8 3 12 3 6 9
6 9 4 16 20 0 19 7 3 8
16 6 0 3 15 10 7 3 8 17
22 6 7 1 10 2 5 15 2 14
4 11 11 0 7 12 7 24 9 18
3 9 6 15 14 3 8 7 3 2
21 0 18 15 4 7 0 1 1 14
1 7 17 8 7 1 1 9 1 10
1 15 13 13 2 14 1 6 1 4
3 2 19 2 2 4 14 2 0 12
13 22 8 12 10 9 12 12 10 11
0 4 4 6 2 0 6 2 9 7
5 4 3 0 16 13 12 4 8 12
19 14 8 1 4 4 1 6 9 3
8 5 4 14 9 8 1 5 9 2
4 20 15 3 8 4 13 9 6 1
4 7 1 6 5 7 0 0 16 1
4 14 7 11 10 4 10 5 7 24
10 2 5 6 6 2 1 7 1 6
2 2 11 2 19 8 20 13 16 4
12 23 11 4 0 6 5 14 4 15
7 11 7 8 10 7 4 1 15 1
3 2 10 5 8 4 2 13 3 10
7 14 4 4 2 4 1 2 7 2
3 3 4 9 1 5 3 2 3 1
0 20 14 2 12 17 8 7 2 2
1 17 5 1 12 2 16 3 21 15
11 10 5 3 20 1 9 3 9 4
6 7 7 16 6 2 8 8 22 4
2 1 0 3 1 5 3 0 9 9
0 3 9 1 9 4 8 3 2 4
1 14 6 11 11 5 11 4 9 10
8 2 18 2 11 20 3 7 14 17
10 16 22 1 1 3 6 5 22 5
1 12 1 14 9 9 13 7 13 8
1 11 14 10 2 7 6 6 6 3
2 6 6 1 7 4 6 5 8 6
0 2 5 4 8 4 0 1 6 2
10 0 0 4 13 4 13 1 3 2
13 8 4 13 12 2 6 1 12 5
0 1 0 4 6 1 7 1 6 1
4 5 4 1 1 6 5 5 0 0
8 7 3 1 2 2 4 13 6 12
8 2 4 13 11 9 22 14 8 1
3 0 2 5 9 2 5 1 2 8
1 1 3 9 6 1 2 9 7 2
15 4 12 3 11 16 10 7 13 6
3 3 1 15 6 12 14 5 12 1
3 4 0 7 7 2 6 5 4 11
8 1 10 4 5 4 5 14 1 4
12 6 1 7 8 10 6 0 2 0
16 10 2 19 6 5 18 9 11 15
5 2 1 8 9 4 14 3 5 4
2 0 3 4 13 3 11 7 4 9
7 21 6 4 1 11 10 27 6 3
3 3 4 4 1 3 8 1 1 0
3 2 5 1 2 11 12 10 17 7
2 16 16 19 5 6 4 0 12 8
18 6 14 2 3 17 2 1 4 15
12 2 9 2 15 10 27 8 10 6
2 7 23 16 3 15 11 7 8 7
17 1 2 18 6 21 0 8 12 10
9 3 0 1 3 4 0 0 11 7
11 7 2 0 1 5 4 5 9 2
6 8 11 1 4 3 6 8 9 13
2 0 2 4 3 2 8 8 4 8
10 14 5 2 6 12 1 4 5 12
6 7 4 1 8 4 1 3 7 3
1 6 0 3 2 4 2 0 6 1
2 12 4 8 6 5 0 9 13 6
6 5 3 5 6 5 4 3 5 6
14 4 11 1 2 11 7 10 16 3
4 8 8 22 6 1 26 11 5 8
2 7 10 7 22 10 6 0 6 7
7 0 5 12 10 0 6 19 1 9
7 9 5 4 15 3 12 11 19 23
9 10 3 18 19 1 16 9 5 9
1 0 6 5 14 23 10 9 10 3
4 4 2 11 10 6 10 2 8 5
6 11 2 0 5 2 5 5 6 1
1 2 4 4 3 10 2 2 6 6
16 18 5 9 4 2 2 0 1 5
2 3 6 2 5 6 2 6 4 6
1 6 2 0 3 3 2 6 7 3
12 0 4 3 2 6 3 15 1 17
5 3 15 1 9 15 5 4 4 6
19 2 2 16 0 11 8 9 3 10
3 4 2 2 6 0 1 2 9 4
3 1 3 3 0 4 7 2 5 3
12 2 15 17 1 9 1 7 16 6
17 15 3 3 3 0 8 11 7 7
11 0 10 14 19 2 21 10 14 4
16 10 0 5 7 3 8 6 7 9
2 3 7 1 4 9 2 4 13 6
12 5 5 4 3 3 4 1 1 3
5 3 3 6 0 4 2 1 7 2
18 13 0 1 10 26 8 1 1 1
12 14 8 13 10 17 5 6 20 4
2 11 2 1 4 8 0 8 4 4
23 2 9 8 15 8 2 1 10 3
22 9 15 16 7 1 4 7 3 9
1 2 6 3 10 3 3 10 5 3
11 6 11 11 2 3 17 11 11 4
1 2 5 6 21 14 10 1 20 3
19 16 18 9 11 3 4 3 12 4
0 4 1 4 1 1 4 7 9 7
9 8 7 6 5 2 2 7 5 3
0 1 4 1 3 2 5 4 3 7
1 3 2 3 1 4 0 10 6 2
16 3 13 9 9 13 20 1 13 5
0 6 1 2 0 0 2 5 6 1
4 2 12 12 9 21 5 9 7 1
5 5 7 20 9 1 8 5 6 8
1 3 2 9 1 1 2 2 6 2
8 6 6 0 13 7 0 14 2 8
2 16 6 1 10 2 8 6 4 2
4 2 7 7 10 2 1 1 2 7
4 4 8 2 4 1 7 22 10 1
4 7 7 1 5 1 1 10 7 7
5 6 12 2 7 1 1 1 4 14
2 10 2 3 3 2 0 4 3 7
3 12 2 15 13 0 12 5 2 3
10 10 10 3 12 16 2 9 13 9
7 4 10 14 3 1 2 1 2 10
6 7 3 15 0 7 7 3 15 10
4 1 12 0 4 0 2 2 3 9
17 4 2 9 7 1 7 4 4 1
13 4 3 4 15 3 2 4 3 11
16 17 1 10 4 3 9 9 8 6
0 7 7 14 4 9 3 13 3 1
5 8 1 2 7 1 2 2 2 1
1 2 5 0 10 2 13 3 13 1
2 2 5 8 4 9 16 1 2 15
2 4 8 2 2 1 2 2 2 0
7 11 13 5 7 0 8 3 8 3
2 7 0 0 3 1 2 3 4 5
6 10 14 19 13 1 14 7 17 0
10 3 2 19 3 3 23 1 0 4
12 1 14 11 2 11 1 2 11 3
10 14 9 1 7 17 23 5 6 2
8 4 15 7 1 10 5 12 8 6
2 1 8 8 6 3 2 4 2 5
2 14 17 8 5 9 5 18 3 4
18 1 13 14 8 2 1 3 18 4
6 13 4 28 1 7 2 16 11 1
2 0 3 2 7 2 6 1 2 2
7 4 12 11 7 14 14 3 3 9
5 8 2 1 4 5 2 5 2 0
5 2 8 4 9 7 2 1 1 6
7 1 7 2 3 10 1 1 2 3
8 16 4 24 1 2 21 10 0 2
8 9 12 10 7 17 11 6 2 3
4 9 4 30 3 1 3 10 8 11
10 9 5 6 18 2 6 5 11 4
18 11 5 8 19 7 7 5 13 7
3 11 5 0 11 10 8 10 3 5
3 4 1 9 8 8 9 1 0 14
9 1 5 2 10 12 6 9 6 8
9 8 13 6 12 3 6 6 11 8
3 1 9 8 9 5 4 15 5 27
4 4 11 13 14 20 1 4 5 19
15 7 15 4 2 0 12 13 2 6
2 4 2 7 9 3 3 7 2 2
9 4 20 11 7 14 0 0 15 4
1 4 3 5 2 1 4 7 8 1
0 3 5 9 10 11 7 3 6 14
2 6 3 0 12 1 6 6 4 3
6 2 9 2 1 5 4 2 19 9
0 17 3 14 5 9 6 5 5 8
5 7 2 5 0 5 0 3 7 2
5 13 18 1 7 1 2 3 1 9
2 12 1 5 0 6 8 1 11 6
0 5 5 3 2 7 2 0 4 6
3 26 12 12 2 5 20 5 2 10
2 10 5 1 4 10 7 5 15 14
9 10 17 3 15 19 3 15 14 0
8 9 13 3 0 4 1 7 13 7
7 5 4 5 5 1 7 1 4 8
0 3 2 1 3 6 2 3 3 3
5 17 2 1 5 3 3 12 18 10
4 15 2 12 2 5 11 20 10 13
4 1 6 12 2 9 7 2 4 7
11 3 13 3 3 22 2 11 2 11
3 4 7 0 12 9 11 12 28 12
2 12 7 6 1 5 3 5 4 2
8 6 6 2 6 4 7 11 1 6
5 3 12 5 8 12 2 17 3 2
6 3 1 3 7 6 10 2 3 5
25 1 3 1 9 5 7 8 7 0
4 0 0 3 5 2 1 2 0 6
11 8 1 6 3 6 10 3 5 1
0 5 0 1 4 3 4 2 9 5
6 2 1 4 7 2 17 16 9 6
8 3 3 2 1 0 11 4 0 2
7 7 9 1 9 1 15 14 4 20
2 2 2 3 2 6 3 13 7 3
0 10 10 13 2 8 6 1 12 0
5 7 3 1 1 10 4 1 1 9
0 10 0 4 13 13 12 13 1 8
9 5 0 2 3 14 2 5 12 5
1 14 3 14 4 5 7 8 2 7
15 5 8 10 7 6 9 10 7 1
13 5 4 9 19 12 3 1 5 1
9 1 3 5 6 2 1 3 6 6
0 1 13 7 0 3 1 3 2 0
9 9 1 0 6 6 3 4 6 10
5 7 9 5 5 1 1 6 9 2
5 10 19 6 8 9 7 11 6 13
8 4 0 24 15 5 5 9 4 0
5 17 1 8 5 4 2 11 2 5
2 2 4 7 6 2 0 4 2 2
2 3 19 13 6 11 1 7 11 6
17 10 3 4 3 4 8 7 12 18
10 2 10 5 15 6 3 3 23 14
9 5 0 1 6 1 0 11 9 1
9 7 0 7 7 2 4 4 6 3
9 8 9 10 6 4 1 5 6 11
3 0 1 1 5 2 4 4 5 5
1 4 0 3 7 5 2 7 4 5
5 6 11 11 2 9 2 4 0 3
8 4 7 3 13 2 5 8 8 3
2 8 3 4 14 15 8 3 16 5
2 7 8 14 7 22 0 9 6 5
5 10 20 9 6 23 2 17 2 11
5 6 1 2 5 8 3 1 2 8
10 4 10 4 9 2 2 1 4 5
6 6 5 1 6 10 1 8 7 5
2 7 2 3 1 3 0 3 5 2
3 1 1 3 1 7 1 7 3 1
5 13 5 2 8 23 4 10 2 10
11 1 23 8 9 1 1 4 2 13
25 8 8 2 3 4 5 6 11 1
8 18 1 1 11 14 1 15 9 8
6 3 9 0 2 10 9 4 3 12
2 1 3 10 14 8 8 25 6 7
0 3 3 1 5 1 6 2 2 5
11 3 1 5 7 2 11 19 4 7
0 2 2 10 0 7 2 2 5 2
11 3 15 3 8 17 1 7 8 0
3 7 3 4 4 1 5 1 0 5
4 7 1 3 5 7 9 5 1 2
3 3 4 4 0 3 1 9 6 2
0 3 7 5 1 4 4 15 3 0
7 7 8 3 5 7 1 12 0 9
1 2 5 1 3 6 10 5 6 2
3 13 13 12 1 10 0 14 14 22
12 1 5 4 8 5 0 6 12 4
5 11 8 9 10 10 1 1 6 8
5 18 4 1 16 0 12 10 8 3
6 0 2 1 1 3 0 9 10 6
7 13 14 8 5 5 4 4 1 1
2 2 3 0 0 2 15 15 5 4
4 5 9 0 1 20 18 14 6 9
4 3 3 0 8 2 3 1 8 3
3 3 18 0 14 23 2 1 13 2
16 4 7 7 26 6 5 2 6 4
10 10 13 7 3 5 1 27 12 0
17 5 1 7 15 10 13 21 2 1
3 14 8 14 7 13 10 11 0 15
1 16 8 7 10 14 6 1 5 16
7 8 3 4 5 5 1 4 3 8
2 2 3 1 0 7 3 6 6 7
9 13 3 14 1 10 3 3 5 9
6 3 3 4 4 2 0 4 5 1
3 6 1 3 1 6 5 6 2 4
4 14 9 7 7 5 0 1 2 5
4 6 1 2 2 5 5 1 11 2
13 1 0 15 7 9 1 8 8 11
4 6 13 9 10 6 8 5 9 3
6 7 4 11 6 1 5 4 13 16
2 12 4 16 8 21 0 18 2 12
12 12 7 2 6 5 8 4 6 10
0 2 4 4 5 10 1 13 8 5
8 7 14 7 5 0 4 12 7 2
6 10 8 4 5 1 6 2 5 6
11 5 1 9 17 3 10 15 2 4
10 1 1 8 2 4 5 2 9 15
4 5 5 3 12 3 4 5 3 7
6 9 0 6 7 6 10 19 11 16
6 4 4 0 21 3 7 11 5 11
10 7 8 12 12 9 14 7 8 2
5 12 11 3 1 1 1 7 2 0
9 11 13 10 8 3 12 1 2 3
21 3 19 9 6 1 9 7 10 6
5 6 17 16 20 10 9 3 9 10
6 3 14 3 8 4 1 3 2 6
12 1 19 13 5 2 8 6 1 2
2 12 12 8 0 9 9 18 7 9
5 3 24 19 2 2 16 9 8 2
9 10 11 4 4 4 5 2 6 5
2 4 2 3 7 4 2 7 12 7
7 10 12 13 12 3 9 7 2 1
3 2 1 1 11 9 14 2 0 1
4 13 5 5 2 30 5 1 2 11
8 1 19 2 10 10 11 21 7 8
14 0 20 16 0 11 3 6 2 8
3 11 14 20 3 3 6 5 1 6
6 0 0 1 16 4 12 12 2 17
15 21 1 2 16 8 0 6 0 9
0 8 12 1 23 4 4 21 7 14
7 5 11 10 1 5 6 7 10 2
4 7 0 2 3 4 2 4 4 0
9 3 0 1 11 4 9 4 14 12
3 3 1 6 5 1 4 3 2 1
5 3 1 8 5 3 2 9 7 3
23 3 21 8 3 0 2 2 13 11
5 7 20 7 4 7 3 3 5 9
2 2 7 5 10 13 7 21 16 6
5 1 0 0 2 5 6 8 14 21
9 0 0 3 2 1 2 8 1 2
4 10 4 8 1 7 8 1 2 16
4 7 3 1 0 2 3 4 0 5
2 1 3 2 2 4 5 6 2 1
19 3 7 12 12 7 7 5 3 6
2 3 1 11 1 14 8 5 5 5
19 12 3 18 2 22 4 4 13 6
8 21 1 3 8 9 10 3 13 21
29 1 9 4 6 4 7 17 0 1
11 12 11 4 7 0 0 6 4 9
11 8 3 12 3 2 11 7 0 2
7 3 2 5 4 7 2 5 3 4
7 8 12 10 1 26 17 11 4 9
9 12 2 2 8 1 3 7 10 5
4 8 2 11 17 1 8 4 6 8
3 7 3 3 1 5 8 10 4 6
2 4 1 4 2 5 18 3 0 13
2 5 14 8 15 16 7 0 20 4
4 3 2 1 2 7 0 8 2 2
7 9 5 1 11 3 5 1 3 3
15 4 4 3 6 12 3 19 9 5
7 1 15 2 7 8 3 5 2 11
10 11 11 12 11 7 11 9 6 12
4 11 9 0 22 5 6 20 6 17
2 1 7 21 2 2 4 6 7 4
9 4 6 5 6 1 8 18 1 3
11 8 3 6 3 5 8 8 5 0
1 7 0 2 0 2 5 5 2 7
3 2 7 2 8 2 3 8 2 2
4 3 1 1 5 4 5 5 13 5
1 14 3 19 7 18 4 1 24 9
8 10 3 10 14 10 17 24 6 2
9 3 3 3 0 5 3 3 3 11
7 6 4 10 1 0 0 4 7 1
1 2 1 9 4 9 3 3 1 2
1 8 7 15 11 1 15 13 10 4
6 8 10 10 7 15 10 11 2 6
0 8 1 5 1 5 7 0 2 0
2 2 9 1 4 10 4 0 6 0
5 4 7 4 5 9 17 2 4 1
4 12 1 20 12 1 11 5 12 20
2 3 10 10 8 6 13 4 3 5
1 2 7 23 10 14 0 5 3 6
11 3 13 0 4 15 6 2 7 1
4 3 4 0 4 1 7 3 1 4
1 10 15 22 5 4 9 12 4 1
2 5 15 1 4 19 9 15 11 5
5 14 25 1 4 5 9 0 7 0
4 12 5 12 3 12 0 15 9 11
6 2 6 9 7 2 28 1 0 14
7 1 14 13 19 1 13 7 4 17
10 12 1 3 8 5 6 1 3 9
16 12 15 10 14 5 9 12 12 3
12 4 2 4 1 6 10 0 0 1
1 1 15 3 9 9 7 19 17 3
1 0 3 2 3 4 0 6 1 5
6 2 9 9 6 3 3 9 5 6
3 0 5 2 0 1 7 3 1 2
0 5 5 2 2 5 8 1 1 1
2 1 3 1 1 7 4 5 2 6
4 5 17 2 16 5 3 4 0 6
1 15 13 13 7 8 26 0 2 9
30 9 9 1 15 3 14 3 2 4
8 4 5 1 1 10 28 5 7 5
0 7 4 3 1 1 5 4 12 9
5 14 5 19 9 9 21 13 8 1
10 11 4 7 18 4 5 9 12 9
1 2 7 18 2 3 6 10 11 23
10 2 6 9 7 6 20 8 11 18
5 3 4 2 5 0 15 6 6 1
6 3 2 1 6 4 4 3 3 7
14 9 7 1 4 0 4 1 2 7
9 10 3 0 0 4 9 2 4 2
4 3 8 7 6 8 0 9 0 3
5 7 7 3 8 6 9 1 2 6
8 9 3 6 11 2 13 5 9 8
11 2 1 26 11 13 7 2 4 6
4 2 2 2 7 2 7 3 8 3
0 7 4 4 2 2 4 1 0 3
8 7 9 1 14 3 1 1 2 7
7 5 12 10 0 1 1 3 2 1
12 2 5 1 1 7 0 1 1 10
4 16 12 0 1 3 3 3 4 8
12 5 15 18 3 5 16 7 4 2
6 2 12 9 6 7 5 16 15 1
5 2 4 4 4 3 1 4 3 9
14 4 0 21 15 2 7 15 18 8
4 2 7 1 3 5 4 2 3 0
5 16 3 2 4 6 1 3 3 1
8 2 7 4 3 1 3 5 14 9
12 10 12 12 7 5 12 1 12 3
4 1 2 2 2 2 4 6 8 1
1 0 2 3 11 6 5 14 3 7
7 16 6 4 5 26 4 0 6 5
6 2 8 6 5 5 19 7 3 0
2 11 7 4 2 14 2 19 4 8
4 18 2 11 2 15 9 1 1 3
0 13 7 3 17 2 2 11 11 8
3 1 18 4 14 5 6 3 2 2
7 6 0 6 5 0 1 5 3 3
6 0 1 10 8 8 4 13 8 0
9 7 24 2 2 14 5 5 7 1
9 3 4 8 11 6 5 2 4 3
0 4 4 1 1 9 10 6 4 3
3 2 8 3 3 0 1 7 13 4
2 3 14 12 3 11 11 9 1 18
2 1 5 7 2 4 5 15 7 2
20 15 1 10 5 16 7 3 5 1
4 6 3 8 6 7 6 1 2 7
6 7 5 1 10 14 1 5 11 25
14 11 0 8 4 1 0 6 22 16
3 0 3 11 8 7 4 5 1 5
5 4 6 3 1 4 4 2 0 1
13 4 11 16 8 6 21 8 5 4
6 5 5 4 0 2 1 5 1 1
3 2 3 3 11 4 6 0 2 5
0 2 6 4 7 4 0 0 4 5
3 0 11 1 7 0 3 4 2 5
1 3 3 3 8 2 2 2 0 6
3 11 3 4 0 17 3 4 12 24
11 11 11 13 20 16 13 5 8 4
10 3 2 6 0 2 3 7 1 1
3 11 7 4 11 11 1 16 4 11
7 2 11 8 5 7 12 6 2 0
1 10 13 7 5 2 10 10 7 3
12 8 3 3 3 3 2 12 5 1
6 5 8 4 16 6 1 4 11 5
9 0 2 9 8 5 2 6 1 6
3 14 13 11 3 2 2 5 14 5
4 3 8 10 8 9 4 5 9 0
8 7 14 9 13 0 7 4 17 23
2 14 4 28 16 5 5 13 3 3
0 3 4 2 5 16 4 4 1 4
2 5 5 6 1 1 3 2 3 1
32 2 8 2 10 2 6 6 1 4
6 2 14 16 2 4 23 10 8 18
4 5 8 4 13 7 0 3 0 1
12 4 6 6 18 0 3 7 1 5
0 21 27 8 12 7 0 1 10 2
8 15 6 13 2 14 8 8 14 20
15 21 3 19 5 5 10 10 14 8
6 11 6 6 2 14 3 10 3 9
8 6 11 10 1 3 3 18 7 0
4 9 16 11 6 20 0 19 17 3
20 1 7 2 2 18 28 2 5 0
1 10 3 0 4 4 1 7 7 7
20 4 1 14 8 14 14 7 4 17
10 4 8 8 7 5 2 6 3 2
3 14 7 12 22 1 1 11 2 9
1 3 7 0 12 6 24 10 15 9
7 2 5 4 3 31 3 16 1 10
2 6 10 11 4 4 3 19 11 17
16 16 7 7 13 2 4 5 7 1
2 6 5 3 3 2 4 0 3 0
12 0 2 4 1 9 15 17 7 8
6 9 0 2 4 20 12 3 18 13
13 7 1 0 1 8 20 7 23 2
9 20 12 11 5 0 4 1 5 0
1 14 9 22 2 4 7 7 4 5
20 15 1 3 11 5 17 10 1 2
19 8 8 3 11 15 14 13 2 11
25 0 9 2 6 5 0 15 8 4
16 14 1 4 8 8 5 6 3 7
4 5 6 0 7 2 3 3 3 5
13 11 2 16 16 1 1 7 7 18
1 1 4 7 5 2 0 24 1 12
3 2 1 3 6 1 5 7 1 3
2 9 4 6 0 4 1 2 9 3
3 3 5 10 6 2 4 2 8 3
2 0 9 4 1 11 2 2 5 4
7 16 7 10 8 4 1 1 1 0
9 11 11 4 16 3 2 13 1 0
1 4 12 2 2 2 4 2 7 10
2 4 8 5 7 7 9 12 14 2
11 1 10 30 12 3 10 13 7 1
7 5 6 10 0 18 7 10 9 5
4 9 1 3 2 10 5 0 11 14
6 3 4 0 14 4 0 9 4 4
1 1 1 5 2 8 2 1 2 1
3 4 7 4 10 0 5 0 4 1
12 21 9 11 5 7 9 3 3 15
3 0 2 13 3 12 15 5 11 2
12 3 6 1 8 4 5 22 10 10
5 3 22 10 13 13 9 11 7 2
5 4 7 1 6 1 10 1 9 5
6 8 9 9 4 1 3 23 12 8
9 6 1 1 4 9 8 0 5 9
14 4 2 7 8 8 3 6 10 4
11 4 2 8 2 4 2 8 3 7
5 3 11 11 16 2 19 6 5 5
2 0 3 4 6 1 3 4 5 4
13 11 4 4 2 7 15 16 11 9
2 2 1 5 1 2 0 2 8 4
2 18 13 2 23 1 6 21 9 0
16 1 1 5 5 3 5 2 0 8
12 4 18 4 5 5 19 10 2 8
2 13 21 1 8 8 19 18 2 2
7 5 0 5 1 8 11 10 7 1
9 3 11 7 1 1 0 1 3 1
8 7 4 7 8 6 3 3 0 8
14 29 5 4 6 6 6 3 6 8
7 2 5 4 9 9 14 9 0 6
2 2 0 4 1 1 1 9 5 0
12 17 3 4 6 13 6 21 13 4
1 2 2 6 8 1 11 1 3 4
4 1 9 9 6 7 13 4 4 3
3 6 4 24 8 3 2 0 7 5
2 6 3 1 2 6 1 1 1 5
15 17 9 0 25 4 5 5 12 8
2 10 10 3 13 5 8 20 1 11
7 1 8 7 19 20 1 1 21 2
6 5 6 3 2 2 12 1 4 4
11 4 11 13 10 4 6 0 3 4
0 5 0 9 3 3 5 1 1 5
0 1 6 24 3 9 14 5 2 9
2 6 9 2 3 7 4 0 19 5
0 2 0 2 3 5 3 4 7 9
8 5 7 11 1 1 9 13 1 6
3 5 1 9 4 0 10 3 6 1
3 4 5 2 3 11 3 6 10 6
0 2 2 2 3 1 5 0 10 8
1 2 4 3 9 14 19 15 6 9
8 3 1 2 6 2 13 1 5 3
11 6 5 3 7 9 2 18 5 5
7 20 1 9 8 14 5 12 12 6
11 0 4 8 5 3 4 4 0 3
3 5 1 7 13 8 16 2 13 11
4 26 14 7 2 6 0 17 4 11
3 8 10 5 4 1 4 4 6 2
1 0 2 8 4 0 1 3 5 1
2 15 7 11 10 14 15 7 2 7
3 11 8 0 10 14 10 3 6 1
6 7 0 14 12 16 1 14 2 18
4 25 7 8 4 18 4 2 20 9
1 17 11 3 17 2 0 8 3 17
5 2 8 2 10 0 4 3 4 12
1 4 3 0 7 9 0 13 5 12
16 4 4 9 6 1 13 14 5 10
18 7 0 8 3 9 1 9 10 5
5 6 17 16 6 7 3 8 13 4
5 1 0 2 0 2 2 1 10 2
7 9 12 1 5 25 12 6 6 13
2 8 10 12 4 5 8 13 8 2
11 6 2 7 9 7 4 9 7 31
7 14 7 7 8 19 14 4 3 2
4 5 2 8 5 7 7 2 5 1
1 3 8 1 5 5 14 2 12 4
3 5 0 1 5 3 2 7 7 10
25 7 13 6 3 14 1 11 5 10
4 18 10 25 6 8 2 16 7 6
12 11 3 1 9 13 1 9 17 7
6 3 2 0 3 1 3 6 2 1
7 2 5 0 7 1 1 2 0 9
7 30 7 3 7 20 1 2 6 7
5 5 8 0 0 2 5 8 6 1
17 7 1 2 11 4 1 3 6 10
10 8 6 9 1 4 15 9 13 1
7 16 11 6 0 5 13 3 22 4
8 1 5 6 4 6 3 10 1 5
0 10 6 5 15 2 9 3 5 14
9 4 6 17 11 8 10 5 0 18
2 4 2 3 10 1 0 2 8 12
2 8 14 3 7 5 5 8 8 2
1 13 7 14 8 17 0 9 13 5
3 8 7 0 14 2 15 9 7 6
5 7 4 8 6 10 5 15 8 8
3 3 4 4 8 1 3 1 3 5
5 21 4 0 7 10 17 16 5 12
4 1 0 13 4 2 2 5 3 2
1 11 1 2 4 0 1 9 7 1
7 8 7 21 22 7 5 1 3 7
0 4 3 1 4 2 8 3 3 12
15 2 11 7 2 13 3 12 1 2
11 1 9 28 7 8 7 7 2 2
8 4 2 10 6 5 4 3 3 5
14 2 2 4 1 1 7 5 8 2
5 2 5 7 1 6 14 4 9 1
9 2 9 4 5 8 1 0 9 8
4 2 10 9 7 7 13 9 12 2
7 2 2 4 0 1 0 13 12 1
11 11 12 6 5 1 5 4 7 2
12 2 10 2 10 8 2 2 0 2
11 24 15 12 9 9 1 2 2 15
3 17 11 14 4 11 12 8 2 11
2 4 5 12 8 5 4 10 4 3
4 15 2 3 5 11 0 18 3 6
6 1 5 3 4 2 5 1 1 3
2 4 6 0 13 8 0 1 2 3
7 1 0 13 1 4 11 8 5 1
2 2 9 2 2 6 1 3 4 3
7 10 9 4 12 18 4 11 15 14
1 7 2 0 2 5 8 1 5 5
14 2 2 6 2 30 1 2 2 12
5 7 10 3 8 0 9 8 12 2
0 13 5 4 21 15 0 0 1 9
3 7 4 12 16 9 3 4 6 5
11 7 7 2 11 3 8 7 6 15
1 2 3 5 7 0 2 2 3 1
6 2 12 1 9 8 2 6 1 4
2 7 4 7 6 4 5 0 1 1
4 4 10 16 17 25 2 12 0 1
1 1 5 3 2 2 2 5 3 4
2 9 2 1 3 10 8 13 2 12
0 9 6 0 7 11 6 2 7 5
2 7 5 1 2 8 4 9 3 4
0 2 8 0 3 11 6 7 6 3
2 10 1 8 2 2 3 5 10 7
16 5 0 13 11 16 6 14 11 20
9 6 6 8 6 12 18 5 1 3
2 3 6 10 1 2 8 1 4 9
1 1 3 8 5 4 1 2 6 2
6 16 18 1 0 17 6 11 7 2
0 4 4 6 1 0 2 5 5 0
1 27 3 15 7 11 17 1 5 10
4 13 4 4 6 2 5 5 7 1
0 10 1 4 9 14 0 11 7 18
9 3 0 12 5 2 4 2 3 7
0 2 10 1 6 6 7 6 8 0
0 2 11 17 0 7 13 1 6 4
11 26 2 8 4 10 7 0 1 10
14 14 8 13 12 11 1 20 2 5
11 8 3 10 2 1 5 15 1 2
6 3 11 11 8 15 5 11 17 12
2 4 3 1 5 6 0 4 2 0
0 10 1 5 15 6 9 3 8 5
12 2 10 10 2 8 2 9 8 14
8 6 4 7 1 0 2 2 4 1
8 1 3 6 3 2 4 3 2 6
11 3 8 2 8 11 8 12 7 27
2 1 4 16 7 4 3 15 11 17
4 28 11 2 13 4 1 6 8 6
2 12 1 6 6 5 3 5 0 2
7 3 2 0 0 1 5 2 1 7
7 5 2 2 13 7 10 7 18 7
6 19 7 2 4 16 7 7 25 6
3 5 5 5 4 6 4 3 3 5
9 4 7 21 6 3 16 10 7 1
2 15 0 2 12 15 3 12 18 7
4 5 3 2 7 6 2 9 6 1
10 7 12 2 8 1 8 7 0 5
12 8 9 10 6 5 11 7 11 3
5 1 1 9 23 11 1 14 0 5
1 2 11 1 5 15 0 13 2 3
1 1 8 13 5 17 15 5 10 26
1 5 28 0 3 8 8 5 3 16
6 16 15 7 5 7 3 5 21 6
2 2 6 7 3 3 4 4 2 7
3 2 21 4 9 3 13 3 11 5
16 21 3 2 9 21 6 0 5 5
1 4 3 3 2 6 3 4 2 3
1 7 6 1 5 0 1 0 6 5
8 13 3 9 2 3 7 6 5 6
1 6 2 6 9 2 2 2 4 2
10 9 8 7 7 1 0 23 10 3
5 4 12 12 5 3 5 0 1 3
3 2 2 2 7 5 6 1 10 3
11 14 3 8 5 5 2 4 4 4
9 12 13 6 2 17 10 6 20 17
11 12 5 12 3 11 11 2 12 7
8 3 5 3 7 7 14 11 5 8
18 5 5 11 1 1 10 7 3 4
8 9 13 2 12 2 4 10 1 7
1 2 15 0 1 11 4 10 6 5
9 6 2 2 3 6 10 0 6 6
3 13 12 1 0 2 10 2 17 17
3 9 9 9 4 10 19 4 0 19
5 1 2 9 12 10 21 7 21 6
28 5 0 8 3 2 3 7 10 16
4 10 3 5 11 8 6 6 5 2
10 8 7 3 2 12 9 16 4 6
8 3 8 2 1 4 0 7 9 1
3 12 1 9 14 14 3 10 6 2
4 2 1 6 1 1 6 1 5 3
6 14 5 4 11 11 5 3 17 2
7 4 7 15 6 0 18 2 9 3
8 3 1 17 2 8 9 3 4 14
3 7 4 11 3 11 2 5 16 11
6 4 14 10 14 2 3 6 11 2
20 9 3 0 10 4 22 9 8 11
14 9 0 0 4 19 15 8 11 6
4 10 5 2 8 11 4 3 3 3
2 1 3 5 5 2 4 2 0 5
4 12 13 1 10 2 1 2 22 8
1 1 9 15 9 6 8 2 16 9
12 3 4 5 2 10 10 17 6 4
7 1 7 0 1 2 3 8 2 10
9 0 10 1 1 3 4 10 2 5
7 9 5 6 11 22 3 3 5 5
12 6 6 5 14 4 3 19 7 19
12 7 5 15 22 6 7 2 3 19
9 7 7 2 1 3 2 19 5 2
0 8 4 2 3 2 2 1 5 4
2 3 0 6 1 9 11 7 9 6
7 2 3 1 9 2 0 0 4 8
6 4 2 4 4 0 1 1 2 4
5 3 2 4 17 18 14 19 7 5
7 1 15 13 7 3 4 10 0 1
5 9 4 3 3 4 2 1 11 2
6 19 12 8 0 14 5 13 14 7
11 9 7 19 9 1 7 3 10 4
6 7 11 4 5 5 28 4 8 3
2 14 10 5 1 12 3 4 8 4
0 6 0 1 8 1 1 3 4 5
13 5 6 5 1 8 2 6 2 1
8 11 3 15 7 19 7 11 10 11
2 9 9 6 6 7 8 14 4 18
1 3 0 3 2 2 12 17 7 5
25 10 5 7 13 3 23 2 3 2
13 4 8 5 11 2 18 2 2 2
1 82
3 66
4 84
5 43
5 95
6 34
6 98
7 93
8 47
8 62
8 82
8 86
8 88
9 28
9 30
11 38
11 65
12 83
15 72
16 20
16 33
16 55
16 99
16 101
16 112
17 68
18 104
20 58
20 67
20 102
21 69
22 31
22 61
22 89
22 97
23 65
23 66
23 85
24 102
25 72
26 28
26 33
26 46
26 58
26 90
26 107
27 116
28 50
28 79
28 107
28 112
29 66
29 85
31 48
31 55
32 119
33 80
33 116
33 131
35 67
35 128
36 65
36 113
36 121
36 133
37 43
37 62
37 72
38 44
38 57
38 83
38 106
38 117
39 108
40 53
40 75
40 103
40 135
41 70
41 105
42 112
42 128
43 46
43 107
43 116
44 86
45 86
45 143
46 74
46 98
46 136
46 146
47 51
47 112
47 120
47 141
48 95
49 101
49 124
49 143
50 84
50 118
51 61
52 122
53 56
54 100
54 146
55 78
55 91
56 69
56 91
57 117
58 73
58 140
59 96
59 108
60 105
60 127
60 160
61 71
61 106
61 147
61 153
62 121
62 137
63 89
64 122
64 143
65 95
65 101
65 105
65 154
66 68
66 101
66 107
66 148
67 79
67 158
67 164
68 155
68 162
69 159
70 79
70 133
70 137
70 170
71 97
71 146
71 170
72 169
73 83
73 109
73 126
74 75
74 97
74 101
74 111
74 135
74 152
75 171
76 80
76 93
76 115
77 122
78 144
79 114
79 130
79 159
79 171
80 81
81 84
81 133
82 149
82 165
83 125
84 124
84 162
85 110
86 98
86 161
87 135
87 186
88 134
88 187
89 97
90 111
91 145
92 97
93 97
95 168
95 172
95 191
96 134
96 140
96 150
96 168
97 118
98 155
99 126
99 166
99 186
100 126
100 163
100 164
100 176
100 184
100 186
101 159
102 120
102 134
102 141
103 187
104 120
106 125
106 204
106 206
107 144
107 154
109 144
109 170
109 189
110 207
111 168
112 151
113 119
113 136
113 185
113 203
115 210
116 124
116 206
117 128
118 144
118 191
118 216
119 158
119 189
120 139
121 142
121 176
122 144
123 126
123 172
123 216
123 223
124 212
125 156
125 169
125 184
126 220
128 140
128 169
131 184
132 180
132 185
134 183
134 226
135 207
137 170
137 217
138 209
138 235
139 193
139 227
140 163
140 222
142 193
143 145
143 226
144 145
144 213
145 167
145 208
145 216
145 239
147 222
148 174
148 212
149 183
150 170
150 175
151 188
151 192
151 220
152 160
152 177
153 175
153 182
153 223
154 188
155 183
155 208
156 235
157 248
158 187
159 211
159 249
160 203
160 233
160 246
161 181
161 217
161 227
162 196
163 240
163 253
164 177
164 235
164 242
164 246
166 176
166 201
166 207
167 227
167 248
168 185
168 224
169 199
169 242
169 254
170 238
171 244
173 216
173 227
173 268
175 247
176 271
178 232
178 248
178 272
179 181
179 250
180 279
181 267
182 238
182 259
185 204
185 210
185 251
185 281
186 192
186 240
187 198
187 247
187 272
187 278
188 245
188 250
188 252
188 263
189 263
190 205
190 213
190 246
190 288
191 221
191 275
193 205
194 195
194 196
194 225
194 277
194 282
195 230
195 271
196 232
196 239
197 239
197 260
197 271
197 285
198 238
199 209
199 224
199 251
199 281
199 284
200 211
200 228
204 234
204 303
205 284
207 240
207 255
207 264
208 242
208 269
210 284
213 308
214 224
214 274
215 268
215 285
215 308
215 314
216 281
217 243
217 276
217 301
218 242
218 261
219 301
220 266
220 320
221 236
221 292
222 238
222 266
222 319
223 245
224 229
224 315
225 232
225 265
225 317
226 290
226 321
228 265
228 321
229 275
229 313
231 243
231 253
231 314
231 324
232 255
232 258
233 244
233 246
233 328
234 295
234 297
235 251
235 286
235 312
236 254
236 281
237 285
237 307
238 260
238 273
238 325
239 268
239 292
240 271
240 279
241 267
241 282
241 327
242 296
244 276
244 297
244 339
245 256
245 272
245 300
245 322
246 261
247 262
247 274
247 286
249 256
252 342
253 298
254 278
254 286
254 301
255 284
255 311
255 329
255 341
256 267
256 281
256 283
256 284
257 313
258 292
259 261
260 306
260 324
260 331
260 354
261 267
261 268
261 272
262 349
263 352
264 314
264 352
265 323
265 331
266 317
267 352
267 353
267 360
268 290
268 345
269 313
269 350
270 286
271 303
271 328
271 352
272 303
273 292
274 299
275 312
275 350
276 279
276 299
276 359
276 371
277 281
277 375
278 337
279 302
279 329
280 318
280 325
281 298
281 332
281 346
281 360
282 298
282 369
283 345
283 346
284 293
284 317
284 328
285 287
285 308
285 316
288 323
288 376
290 321
290 351
290 376
291 350
294 364
295 320
296 320
296 375
296 383
297 307
297 327
298 300
298 330
298 344
300 303
300 361
301 358
301 383
301 398
302 336
302 358
302 391
304 357
305 317
305 361
306 309
306 372
307 398
309 315
309 325
310 370
310 393
311 333
311 335
311 362
311 395
312 410
312 411
312 412
313 320
313 412
314 335
315 363
316 358
316 363
317 358
317 375
319 350
319 416
320 368
320 372
320 397
320 418
322 328
322 376
322 397
322 412
324 329
324 415
325 401
326 404
327 329
327 342
329 342
329 364
329 417
330 408
331 364
332 336
332 395
332 430
333 376
333 384
334 425
334 434
336 337
336 391
338 378
339 406
340 344
341 363
341 381
342 350
342 391
343 406
344 361
344 395
344 420
344 426
346 355
346 360
346 362
346 437
347 380
347 385
347 394
347 438
348 352
348 411
349 369
349 380
349 409
349 426
349 444
350 385
350 441
351 354
351 362
352 363
352 425
353 409
353 431
354 355
354 407
354 438
356 386
356 436
358 369
358 446
362 376
362 394
362 414
363 438
364 463
365 457
366 376
366 386
366 429
367 428
368 396
368 399
368 411
368 424
368 431
369 424
370 415
370 441
373 411
373 430
374 384
374 471
375 471
376 383
377 387
377 396
377 453
377 465
378 413
378 429
378 466
379 472
379 473
380 406
380 467
381 401
381 411
381 446
382 418
382 434
383 421
383 423
384 480
385 421
385 473
386 451
386 457
386 467
387 390
387 456
388 435
389 423
389 478
390 436
391 393
392 438
393 404
393 484
394 430
397 488
397 496
398 409
398 418
398 457
398 468
398 477
398 485
401 420
401 484
402 437
402 473
404 502
405 463
406 444
406 481
407 473
409 435
410 446
410 451
411 424
412 500
413 444
414 428
414 447
414 453
414 473
414 493
414 500
415 490
416 470
417 419
418 508
419 517
420 519
421 449
421 463
421 468
421 481
421 482
421 511
422 468
423 466
423 514
423 516
424 461
424 502
425 482
425 487
426 430
427 437
427 473
427 477
427 517
428 527
429 469
429 527
430 515
430 520
430 523
431 465
431 529
434 461
435 487
435 490
436 458
436 533
439 507
440 497
440 502
442 506
442 540
444 445
444 479
444 507
445 542
446 507
447 458
447 475
447 501
448 507
448 546
449 471
450 492
450 521
451 474
451 485
453 514
453 529
454 498
455 462
455 468
455 532
455 544
456 460
456 481
456 551
457 512
457 535
459 510
460 521
461 516
463 472
463 505
463 509
463 512
464 525
464 554
465 474
465 550
466 539
467 519
468 477
468 514
468 518
469 499
469 505
469 534
469 557
471 555
471 563
472 506
473 499
474 510
474 523
474 527
474 560
475 547
476 483
476 503
477 563
477 572
478 540
479 570
479 576
481 532
481 577
482 549
482 572
483 496
483 539
483 567
484 520
484 523
484 536
485 536
485 569
486 489
486 512
487 520
487 525
487 571
488 491
488 499
488 539
488 560
488 577
489 511
489 547
489 584
490 498
491 514
491 544
491 562
491 590
493 512
494 557
494 574
495 503
495 535
496 571
496 594
497 501
497 515
497 580
498 514
498 553
498 583
498 598
499 506
499 515
499 551
499 582
501 550
501 572
501 585
502 572
502 586
502 591
503 517
503 535
503 600
505 567
505 598
506 511
506 571
508 533
508 558
508 580
509 511
509 513
509 566
509 569
509 578
509 581
510 512
510 534
510 597
511 566
512 569
512 587
512 612
513 523
513 611
514 554
515 553
515 557
516 532
517 580
518 607
519 520
519 618
520 526
520 543
521 523
521 568
521 602
521 618
522 607
524 538
524 597
524 619
525 599
526 537
526 539
526 569
526 588
526 596
529 626
531 565
531 615
531 619
532 580
532 612
532 625
533 559
533 596
534 615
535 544
535 552
535 619
537 589
537 590
537 603
538 577
538 595
538 617
538 624
538 627
541 565
541 639
542 635
543 552
543 576
543 578
543 632
543 641
544 590
544 637
545 568
545 569
547 621
547 640
548 555
548 581
549 628
551 590
552 621
552 644
553 576
553 630
554 612
554 634
554 648
556 586
556 587
557 596
558 597
559 563
559 569
559 629
559 655
560 584
560 632
560 639
561 629
561 634
561 643
562 607
562 650
563 578
563 623
563 641
563 663
564 604
564 647
564 659
565 577
565 613
565 651
566 583
566 592
566 599
566 657
568 578
568 623
569 579
569 615
569 628
569 631
569 660
570 594
570 628
571 573
571 592
571 611
571 653
572 608
572 630
572 668
573 584
573 595
573 669
574 622
574 631
574 662
575 579
576 589
576 652
577 603
577 616
579 585
579 669
580 649
581 655
582 607
582 667
583 656
583 675
584 622
584 637
585 662
586 640
587 619
587 634
587 644
589 599
589 607
589 662
591 601
591 604
591 607
591 660
591 666
592 604
592 644
592 666
593 692
594 606
594 608
594 619
594 663
594 671
595 604
595 635
595 648
596 626
596 631
596 642
596 671
597 635
597 643
597 660
597 687
598 605
598 617
600 670
600 699
601 603
602 616
602 650
603 622
604 628
604 693
605 639
605 657
605 660
605 666
606 612
606 658
606 670
608 620
608 705
609 626
609 667
610 647
611 631
611 636
611 678
613 649
613 700
614 639
614 675
614 702
615 619
615 662
615 714
616 629
616 693
617 640
618 684
618 686
618 707
618 710
618 718
620 693
620 711
621 656
621 683
621 692
622 635
622 636
622 655
623 656
623 662
623 682
623 711
624 678
624 690
625 626
625 642
625 672
625 685
625 698
626 656
626 659
626 703
627 700
627 707
627 708
628 674
628 688
629 723
630 676
631 663
631 674
631 677
631 686
632 641
632 663
633 692
634 698
635 645
635 727
635 730
636 641
636 721
637 669
638 655
638 709
639 725
639 730
640 658
641 662
642 659
642 689
643 670
643 695
644 677
644 744
647 693
648 721
650 737
651 730
652 751
653 656
653 745
654 661
654 662
654 737
654 746
654 749
655 742
656 740
656 744
657 692
657 719
658 676
658 684
658 717
659 713
660 730
661 703
662 711
663 734
663 750
663 761
664 722
665 748
665 758
666 680
666 711
666 725
667 687
668 673
668 730
669 671
670 707
670 738
673 685
673 712
673 746
674 701
674 759
675 700
675 719
675 752
677 694
678 773
679 706
680 730
681 764
683 719
683 746
684 689
684 750
684 755
685 711
685 785
686 701
686 735
686 757
686 784
687 736
687 739
687 787
689 709
689 722
689 760
689 782
690 707
690 764
690 780
691 699
691 725
691 758
691 775
692 764
694 783
695 700
695 738
696 715
697 699
698 702
698 731
698 780
698 785
699 718
699 731
699 743
700 710
700 772
701 712
701 748
702 744
702 757
702 774
702 787
702 801
704 776
704 802
706 723
706 733
706 745
706 755
706 757
706 804
707 746
708 787
709 729
709 751
709 776
709 796
709 805
710 763
710 804
711 745
711 747
711 763
712 724
712 726
712 771
712 811
713 789
713 791
713 793
714 754
714 784
715 783
715 799
715 802
716 782
716 784
717 737
718 756
718 770
719 760
719 768
719 785
719 798
720 727
721 728
721 732
721 746
721 820
722 724
722 777
722 819
723 741
723 757
723 803
723 816
724 813
725 746
726 746
726 750
726 784
727 817
728 734
729 777
730 738
730 753
730 802
730 817
730 826
732 832
733 740
733 760
733 761
733 779
733 827
736 755
736 809
736 811
737 772
737 788
738 765
738 790
738 800
739 785
739 795
740 758
740 840
741 760
743 803
744 751
744 827
745 760
746 786
747 828
747 830
748 750
748 770
748 807
748 837
749 780
750 798
750 799
750 805
750 844
751 769
752 762
752 767
752 795
752 813
753 810
754 801
754 843
754 853
757 822
757 851
758 785
759 765
759 786
759 788
759 794
761 770
761 804
761 826
762 766
762 797
762 842
763 801
763 835
764 812
764 817
765 792
765 850
767 813
768 777
768 832
769 773
769 774
769 775
769 794
769 806
769 842
770 793
771 780
771 818
772 815
772 840
773 801
773 802
773 816
773 854
774 781
774 807
774 872
775 836
776 778
776 856
777 818
777 833
777 840
778 868
779 783
780 820
780 824
780 871
781 829
782 856
783 796
783 800
783 865
785 803
785 866
785 879
786 854
786 863
786 872
787 881
788 877
790 821
790 843
791 849
795 803
795 882
795 883
795 895
796 818
797 800
797 863
797 883
798 892
799 840
799 893
800 840
800 841
800 898
802 851
804 843
804 872
805 876
806 831
807 904
808 832
808 864
808 906
809 818
809 821
809 835
810 814
810 890
810 892
811 819
812 824
812 844
813 869
813 871
814 842
814 850
814 901
815 822
815 865
815 881
815 897
816 903
816 905
817 885
817 900
818 847
818 848
818 854
818 872
819 835
820 852
820 864
820 871
820 888
820 911
821 834
821 882
822 844
822 901
822 902
822 910
822 917
822 921
823 870
824 909
824 919
824 924
825 839
825 869
825 916
826 830
826 865
826 890
828 837
828 840
828 906
829 860
830 831
830 835
831 870
831 925
832 874
833 846
833 855
834 842
835 901
835 908
836 883
837 925
838 862
838 875
839 934
839 936
841 851
841 875
841 893
843 897
844 917
846 870
846 920
846 946
847 861
847 882
847 885
848 874
849 869
849 887
849 922
849 927
850 878
850 893
850 946
851 888
851 947
852 909
852 944
853 896
853 899
853 934
854 901
854 922
855 867
856 881
856 884
856 892
856 904
856 951
857 898
858 876
858 958
859 919
860 928
860 930
860 956
861 904
862 902
862 949
862 957
863 877
863 938
863 941
864 915
866 876
866 886
866 960
867 906
867 954
868 922
868 966
869 876
869 905
870 911
871 897
871 940
871 963
872 876
872 950
872 969
872 972
873 891
873 966
874 876
874 901
874 944
874 969
875 894
875 904
876 961
876 975
877 881
877 918
877 974
879 966
880 971
881 974
882 893
882 898
882 919
883 902
883 906
884 935
885 928
885 935
885 956
887 929
887 951
888 903
888 904
888 945
888 948
889 913
889 947
890 921
890 936
890 978
890 989
891 914
891 931
891 944
891 968
892 933
892 951
892 992
893 902
893 916
893 957
893 976
894 975
895 901
896 925
896 971
896 985
897 917
897 924
897 944
897 982
897 990
898 987
899 903
899 944
899 953
899 958
900 929
900 970
900 974
900 977
900 988
900 994
902 964
904 919
904 964
905 961
906 932
906 975
908 968
909 917
909 921
910 941
912 926
914 949
915 933
916 927
916 934
916 944
916 964
916 968
916 986
917 930
917 951
918 958
918 982
920 945
920 993
921 939
922 943
923 994
924 930
926 961
926 999
927 949
928 934
928 1000
930 953
930 978
931 960
931 967
931 981
933 956
934 954
934 984
936 991
938 990
938 993
939 956
939 999
940 985
941 997
942 956
943 970
944 977
945 982
945 988
946 1000
948 951
948 960
949 983
951 959
951 981
952 985
953 964
953 969
954 963
954 991
954 994
956 969
956 971
957 958
957 994
959 982
962 968
965 972
965 988
966 991
969 981
970 997
972 997
973 994
974 980
977 1000
980 989
980 1000
981 999
985 989
987 1000
992 993
994 998
4 5 11 20 1 5 3 6 1 9
12 21 25 4 25 10 17 14 10 20
3 19 26 10 14 16 5 13 3 16
18 19 3 4 19 23 2 14 8 8
2 12 12 11 13 3 18 10 15 20
8 18 20 7 22 18 12 6 21 8
27 31 6 32 9 5 6 8 6 15
30 2 9 10 2 6 25 8 8 2
14 2 11 6 9 2 19 5 23 21
6 15 2 0 12 5 17 12 10 10
5 8 9 11 0 12 9 0 5 2
1 2 4 12 17 18 3 2 7 18
17 3 23 0 10 13 19 4 3 29
6 6 1 8 5 11 13 4 7 3
12 6 3 10 10 8 3 14 1 9
23 30 1 11 11 6 3 1 15 16
19 4 1 37 22 4 22 12 1 5
1 3 0 3 13 13 16 3 6 0
14 4 12 10 29 6 10 20 12 2
12 4 2 29 14 3 16 8 19 9
37 21 23 30 27 29 5 45 37 41 54 37 38 53 30 29 20 63 31 15
14 1 9 4 1 1 5 10 1 5 15 8 12 7 10 1 11 16 2 1
39 5 9 8 15 3 7 31 25 16 35 30 33 27 26 12 23 34 17 17
9 1 5 10 1 1 6 7 7 11 12 16 11 13 14 16 18 19 4 12
18 4 6 26 1 13 6 16 2 23 19 9 9 23 21 13 22 33 16 14
62 5 22 32 19 15 25 50 33 31 63 54 41 57 51 33 49 66 33 38
58 29 29 27 33 19 37 50 43 40 50 49 58 45 42 34 49 60 35 36
12 1 3 3 1 1 1 12 6 8 14 12 13 10 10 9 14 20 7 8
20 1 11 5 10 4 1 10 1 11 25 18 6 18 8 11 10 26 5 3
22 10 5 16 13 8 9 24 24 25 27 17 20 26 16 24 13 32 12 11
40 23 28 14 37 29 17 20 36 41 39 35 33 36 25 28 21 48 17 26
3 9 3 9 3 6 1 7 13 14 6 8 16 7 3 6 6 19 5 6
21 8 13 10 19 13 3 14 10 25 26 15 8 22 8 5 14 36 14 14
2 1 1 3 1 1 1 5 1 4 7 2 1 8 3 4 7 13 4 3
38 5 20 28 16 1 27 23 11 29 32 36 17 27 35 29 35 38 12 19
16 1 2 6 2 3 3 5 4 3 15 18 7 11 7 18 4 18 1 5
19 9 10 19 15 16 8 21 21 29 27 26 21 31 12 19 23 49 18 20
25 13 14 19 2 6 10 17 10 21 29 18 28 26 19 13 19 33 5 3
31 1 5 13 6 11 16 33 20 14 39 25 23 37 21 27 25 37 13 19
5 8 1 8 1 5 1 10 10 12 8 7 15 7 4 4 7 19 8 5
9 1 2 5 7 1 2 9 7 8 6 13 2 10 7 8 16 22 7 10
25 2 13 14 9 12 15 22 18 6 29 35 19 23 15 27 15 35 16 14
23 6 15 23 8 6 9 11 7 25 19 26 13 20 20 18 14 34 2 9
59 24 29 23 42 17 38 40 41 58 50 34 33 53 48 39 41 56 24 41
14 1 6 1 12 1 6 11 10 8 16 9 7 8 8 11 16 18 11 8
30 1 7 18 8 4 18 24 15 15 36 26 13 32 24 28 29 35 10 20
34 3 1 12 8 14 12 40 32 22 40 21 29 38 15 20 26 44 21 26
27 7 15 16 13 6 7 11 11 18 21 18 12 11 12 13 6 22 5 4
47 24 21 34 31 25 33 62 46 56 57 29 40 61 47 45 44 67 44 44
23 10 12 14 7 7 3 19 17 14 23 22 27 15 17 11 14 33 13 8
13 1 5 5 2 3 3 5 6 10 17 10 13 11 11 14 13 18 2 7
26 6 8 14 16 13 11 15 20 25 27 29 21 27 9 23 15 38 1 17
27 8 17 26 17 8 14 14 15 32 29 30 20 28 26 22 25 42 6 16
10 1 7 6 8 1 1 15 8 9 18 15 8 13 5 9 12 25 11 8
49 15 35 39 25 20 26 31 30 41 47 54 33 43 45 42 31 57 24 22
26 11 22 19 15 13 4 8 12 24 29 31 13 21 17 18 1 35 7 6
32 3 12 10 6 1 8 29 15 8 31 26 26 24 25 10 28 33 19 14
31 6 15 25 14 12 22 19 24 21 27 40 23 25 24 36 21 41 18 23
31 3 17 1 13 7 3 16 11 10 29 28 17 19 16 5 16 29 9 11
24 1 18 12 6 2 9 12 4 4 20 22 9 11 17 12 15 24 12 3
32 5 15 5 17 14 4 21 16 14 39 32 11 31 10 16 9 39 11 13
41 12 25 25 24 19 31 20 27 22 39 41 18 30 29 43 19 37 29 26
21 13 15 18 21 9 7 15 23 30 9 21 19 17 20 19 18 30 13 14
19 1 7 17 1 5 5 13 2 11 24 15 9 17 17 19 15 24 11 7
46 9 22 32 13 10 21 43 16 28 47 38 23 46 40 20 46 54 26 27
6 1 3 7 4 1 1 8 8 7 12 11 7 12 9 13 12 18 6 8
32 13 22 24 19 20 3 29 23 28 37 30 28 31 26 14 24 50 25 14
23 1 6 16 8 14 9 25 16 14 26 21 11 25 15 20 23 37 21 21
17 1 4 16 3 1 9 22 10 15 24 26 12 24 18 22 21 32 12 16
9 1 4 4 5 5 3 5 6 6 15 13 9 10 4 13 6 19 3 5
24 17 24 21 27 26 5 24 29 34 38 37 34 39 20 28 15 55 16 12
31 17 6 19 18 14 18 33 36 31 31 23 30 32 21 32 22 37 19 25
49 15 25 17 23 10 20 31 18 33 49 33 27 41 28 21 30 49 18 14
11 1 2 6 1 1 1 7 1 4 11 4 2 7 5 8 4 6 1 3
25 1 10 8 9 9 1 16 8 13 32 20 15 22 10 12 15 36 8 7
1 1 1 3 1 1 1 1 2 7 1 2 2 5 5 5 8 8 1 6
6 1 1 4 1 1 1 3 2 2 6 6 1 3 5 7 5 7 1 2
1 1 1 1 1 1 1 3 1 1 4 2 4 1 1 1 1 6 1 1
2 1 1 1 1 1 1 1 1 4 4 8 6 1 1 4 4 14 1 1
10 3 2 7 1 6 2 7 10 11 20 10 19 18 7 12 14 30 4 6
60 20 36 37 28 13 31 44 19 43 54 46 32 46 43 32 46 59 31 25
31 4 11 12 6 1 7 20 16 8 23 26 21 14 19 12 13 21 9 10
40 9 16 42 18 17 26 38 32 35 46 51 28 45 41 46 31 59 29 26
46 11 13 25 15 16 21 47 28 35 46 26 27 43 39 26 51 53 38 39
16 1 6 14 3 1 7 7 3 11 11 14 5 11 14 15 9 12 1 8
27 4 16 10 9 6 7 10 6 11 27 23 20 15 14 14 12 28 3 3
14 1 4 10 9 9 4 16 12 12 23 15 10 19 9 14 17 29 14 12
5 5 1 14 1 2 1 1 4 14 3 7 9 7 8 10 6 14 1 4
28 2 17 12 15 4 9 9 8 19 21 23 12 15 17 16 19 25 3 11
29 20 26 45 23 17 18 30 29 41 36 38 31 40 45 37 27 52 25 16
15 1 6 5 11 1 4 5 7 6 10 11 2 2 6 8 7 9 3 6
16 1 8 7 7 1 4 4 4 6 7 10 3 5 12 10 13 15 3 7
49 10 21 17 30 9 27 36 31 42 41 34 25 41 36 28 35 49 18 33
6 1 1 1 2 4 2 2 5 3 12 11 10 7 1 10 1 13 1 2
6 8 2 8 1 5 1 11 11 12 9 7 16 6 3 2 4 18 7 4
37 2 17 29 16 11 21 26 21 28 36 44 17 35 33 35 33 49 26 27
3 4 1 4 1 1 1 4 3 9 9 4 8 3 1 5 3 14 2 1
25 4 13 9 18 14 10 13 16 16 28 28 18 23 11 23 14 33 2 15
49 18 28 22 34 33 10 25 36 35 53 51 34 47 28 24 29 63 32 36
40 19 16 30 16 10 26 39 27 38 33 28 34 39 41 23 51 51 33 32
32 2 21 15 8 5 17 8 9 5 27 30 16 15 21 21 15 23 3 6
4 10 5 10 5 7 1 6 9 15 13 9 16 10 5 10 4 23 5 2
38 5 11 8 10 1 19 34 22 14 33 21 25 24 25 14 27 27 16 14
45 5 24 47 14 15 38 35 18 31 47 49 17 44 52 41 45 51 34 30
13 1 8 6 10 8 3 3 4 18 21 24 10 22 6 15 6 35 1 9
12 3 10 5 3 1 7 6 1 4 13 9 11 6 12 4 12 12 3 1
20 1 10 3 7 1 4 10 3 5 16 8 7 10 8 4 10 14 1 3
6 1 4 1 1 1 1 1 2 1 3 3 5 1 6 1 7 6 1 1
14 1 1 1 9 1 6 9 9 8 11 5 4 3 6 10 11 8 5 8
63 12 11 24 28 26 31 66 48 43 64 39 43 63 46 39 57 64 43 54
36 6 20 18 8 1 25 18 15 12 21 27 17 14 32 22 25 16 18 12
30 5 1 16 15 5 18 33 30 25 31 32 20 32 27 30 35 39 24 33
30 14 16 24 3 9 13 25 18 23 31 30 37 30 26 21 24 43 12 10
56 9 30 21 20 2 24 39 23 26 46 43 39 42 43 23 34 47 18 19
18 1 10 17 4 1 11 7 3 15 12 19 10 13 22 16 19 24 1 11
43 1 16 11 15 9 22 33 25 12 38 32 27 26 21 25 24 34 13 17
39 8 6 21 20 4 16 33 34 31 31 40 28 33 34 29 36 47 23 34
47 7 18 19 26 11 15 36 35 38 45 47 39 44 36 21 44 62 24 34
18 2 1 1 10 1 7 19 21 9 14 14 13 8 11 9 17 14 15 18
37 1 10 17 9 2 8 31 16 10 34 32 13 33 29 15 28 39 21 21
26 5 5 2 16 8 16 19 26 16 20 19 23 16 14 23 23 25 12 21
12 1 1 1 1 1 1 3 2 2 11 3 5 1 5 4 5 1 1 1
21 5 1 9 16 7 17 26 22 20 27 20 11 29 18 28 29 38 20 27
17 8 8 16 4 5 1 17 14 16 22 16 21 18 15 15 15 31 9 7
7 8 4 11 4 5 1 6 9 12 6 10 14 4 5 4 3 17 3 2
16 4 9 13 6 3 3 1 9 13 14 17 16 10 13 16 12 26 1 6
39 12 33 29 20 18 20 8 13 29 32 36 19 28 32 25 20 40 15 16
15 2 4 5 1 2 1 12 3 6 22 8 12 11 8 9 9 16 7 1
20 1 12 9 9 1 8 16 10 8 17 16 13 13 14 8 23 26 11 9
10 1 7 2 6 1 1 1 1 9 8 10 6 2 2 1 1 12 1 1
62 15 38 31 30 10 25 41 31 29 52 59 44 40 50 25 47 50 36 29
59 22 35 23 36 37 23 47 38 38 65 57 40 61 38 35 42 70 30 42
34 6 18 11 16 1 17 12 13 18 23 24 18 14 22 19 20 22 7 9
17 1 12 17 3 1 10 7 1 11 17 20 7 13 21 21 16 21 8 8
17 11 5 17 8 13 2 31 21 20 28 8 20 24 12 6 13 30 20 9
47 2 23 24 6 12 17 38 8 18 41 28 18 35 33 13 33 42 23 17
8 1 7 2 8 4 1 1 1 14 13 17 7 13 1 9 2 24 1 2
19 1 8 5 4 1 2 15 6 12 23 23 16 20 15 9 22 36 10 11
25 6 9 10 6 3 10 21 16 18 26 8 23 19 17 14 5 22 2 5
54 6 33 13 24 14 19 19 24 20 47 40 22 32 32 24 13 34 11 15
8 1 1 5 1 1 1 9 4 3 14 10 5 4 4 8 1 11 4 1
6 4 1 4 4 1 1 6 8 8 8 10 11 3 4 6 7 14 4 5
31 5 26 21 4 3 19 13 1 8 29 29 15 14 27 16 15 22 13 1
7 1 1 4 1 1 1 1 1 1 7 7 2 1 5 7 1 5 1 1
56 7 22 14 20 6 23 40 28 29 49 42 32 45 36 26 37 50 21 23
23 4 8 6 13 1 8 11 11 14 13 11 10 4 13 14 16 15 6 10
57 10 33 15 29 21 19 23 27 25 52 46 27 37 29 22 19 42 14 21
26 1 10 9 7 5 6 15 13 4 21 25 14 12 12 16 8 17 5 7
65 25 30 19 38 22 27 43 51 43 58 48 42 50 43 36 25 58 34 35
20 1 10 1 10 8 6 7 8 7 23 19 16 13 6 13 8 24 1 5
17 10 6 29 13 9 14 25 22 30 22 24 17 28 22 22 28 43 19 23
43 8 6 10 17 12 21 39 27 21 44 15 22 33 26 26 29 31 24 23
27 5 19 2 21 9 7 14 15 16 23 22 11 18 14 5 19 31 14 14
8 1 6 4 2 1 3 4 4 9 10 11 12 8 11 10 13 18 2 5
19 3 1 2 12 1 8 19 17 12 13 12 8 8 10 14 16 16 13 15
27 22 16 43 27 25 18 45 38 47 52 43 31 53 36 44 27 63 34 22
48 16 25 21 40 27 22 22 35 46 48 49 24 46 32 36 33 55 18 42
10 1 3 5 4 1 1 6 1 4 12 11 1 5 5 9 5 14 1 3
37 15 20 13 26 14 11 22 29 37 31 33 25 37 30 13 35 53 26 31
40 6 25 16 10 4 16 21 6 17 33 27 21 23 23 10 14 29 4 1
31 10 27 26 15 15 21 6 11 14 25 34 10 19 27 27 11 27 19 14
21 1 7 6 8 1 1 13 9 9 17 25 9 17 12 8 13 26 7 12
8 1 4 8 8 1 5 3 6 10 4 14 1 9 10 10 14 17 1 11
13 1 10 5 6 1 5 7 7 5 7 13 13 4 11 4 12 14 5 5
35 12 28 32 21 22 19 9 12 34 37 39 9 35 30 29 16 47 24 23
32 7 21 25 14 9 24 12 13 22 26 30 14 22 32 36 24 31 21 19
50 30 42 47 28 32 23 42 17 56 63 47 37 61 51 30 43 76 36 25
26 4 7 18 4 20 11 30 14 18 34 22 16 29 19 18 24 40 25 21
28 16 18 20 26 18 16 20 29 41 28 35 24 34 25 30 25 49 14 26
44 9 19 30 23 15 19 37 28 41 49 38 25 49 34 32 29 59 18 25
23 3 10 12 5 1 10 18 13 10 20 20 16 17 21 13 26 26 10 15
15 8 1 3 11 1 9 11 14 17 10 1 9 3 8 10 12 8 8 11
42 8 10 27 19 13 18 37 37 30 42 46 36 43 33 34 35 57 17 34
5 1 1 4 4 1 1 8 6 4 16 8 6 9 3 9 6 15 7 4
32 18 28 21 23 15 15 15 18 37 32 31 28 31 26 18 26 44 11 16
20 3 8 10 10 4 12 12 17 10 14 19 10 9 15 23 15 17 10 12
6 1 1 1 2 1 1 1 2 2 1 1 2 1 5 2 8 5 1 3
37 13 24 24 22 13 28 17 20 22 28 29 14 19 31 31 18 25 28 20
16 1 11 5 5 1 2 1 1 6 13 13 8 6 11 8 10 15 1 1
44 17 23 14 28 14 16 30 32 32 35 32 33 30 29 16 32 44 22 25
6 1 3 1 2 1 1 8 5 3 11 10 9 5 4 5 8 16 6 2
23 4 5 5 6 1 2 20 19 11 24 18 27 17 18 7 23 30 14 16
13 4 5 6 6 1 1 10 1 8 13 8 8 7 5 5 5 14 4 1
38 2 14 19 1 3 15 31 10 14 40 26 25 33 29 19 26 36 13 7
38 10 17 4 25 4 21 26 25 29 25 25 22 27 29 22 37 35 19 29
25 3 12 12 3 7 11 16 12 7 25 25 21 18 18 20 18 28 6 10
21 1 6 5 1 1 1 15 6 1 20 18 12 14 14 10 15 22 5 6
24 12 14 24 8 21 11 26 13 26 29 10 14 26 23 10 28 38 24 18
5 1 2 1 6 1 1 6 4 4 10 4 3 3 1 1 3 10 4 3
38 18 16 27 25 14 23 47 39 42 41 22 33 43 37 36 29 46 27 28
33 2 19 13 10 13 6 24 1 16 37 20 10 26 20 1 22 37 14 9
20 6 6 4 18 1 11 15 14 19 14 9 7 12 10 14 16 16 10 16
26 6 4 15 12 3 17 27 15 26 28 12 11 25 25 24 34 29 18 24
50 21 32 43 19 19 33 40 36 37 50 62 54 50 52 43 43 66 23 30
62 22 25 17 43 19 28 52 52 40 53 51 46 48 43 39 46 56 42 47
34 15 15 29 26 17 10 37 43 37 36 47 41 39 39 34 31 56 30 30
26 1 10 23 1 11 10 20 1 10 29 13 1 21 22 17 18 24 19 13
17 10 8 17 8 10 5 24 22 23 29 31 28 32 18 20 21 50 18 17
40 17 21 20 24 16 21 33 30 35 42 32 34 39 26 29 27 48 15 19
36 8 18 18 14 11 13 19 16 27 37 31 26 33 23 24 18 42 5 10
5 2 1 2 1 1 1 5 1 6 11 1 6 1 1 2 1 8 1 1
59 18 39 23 26 23 12 21 27 28 54 55 37 42 39 22 27 54 24 24
19 1 4 4 9 1 6 15 15 6 8 17 8 5 11 9 12 17 12 12
24 12 11 28 15 11 13 32 23 30 34 28 20 34 21 24 24 46 18 20
62 24 34 21 32 10 46 51 36 39 52 28 38 46 51 41 43 42 30 32
31 2 15 10 14 3 8 20 15 21 30 29 22 25 17 14 26 42 11 14
44 22 12 23 26 22 28 47 42 40 46 29 37 47 30 41 40 54 25 37
55 33 33 20 44 31 36 45 56 47 49 47 56 47 41 42 45 62 38 43
36 5 13 18 12 13 21 28 27 16 35 34 26 25 20 32 21 35 22 21
56 18 33 52 19 17 45 33 34 41 52 64 40 50 59 50 46 62 35 38
7 1 2 2 5 1 1 6 6 4 7 6 5 1 3 1 4 7 1 3
25 8 1 9 12 1 12 18 17 23 22 11 13 20 17 26 20 24 11 18
56 10 39 37 19 31 24 31 13 31 51 48 14 47 49 30 37 57 39 33
41 12 23 36 13 23 28 37 17 34 48 42 34 47 39 34 43 61 17 29
10 1 7 8 4 1 4 3 1 9 8 12 7 11 14 9 15 21 3 7
2 3 1 3 1 1 1 4 4 8 7 7 10 4 2 7 5 12 2 3
46 11 34 25 25 27 27 22 22 22 44 49 27 31 28 37 17 39 13 17
35 9 21 23 10 11 23 22 13 22 34 38 30 30 28 29 27 42 8 16
14 6 1 14 2 10 4 12 18 16 15 21 24 19 10 20 10 31 4 12
29 1 13 6 12 13 11 25 14 7 38 24 20 25 11 16 17 34 11 10
54 18 22 23 28 18 24 47 38 37 53 30 39 45 36 29 35 54 30 24
15 4 13 9 4 1 6 9 1 13 17 13 15 15 14 4 18 28 5 3
28 4 12 11 3 1 8 24 13 7 27 26 24 22 26 9 28 32 17 13
24 1 8 13 8 1 7 17 12 14 16 24 12 19 17 14 17 25 7 15
18 3 5 10 11 4 3 19 9 16 21 10 8 16 6 6 15 28 12 10
43 11 25 26 21 6 33 21 19 32 35 37 18 28 41 42 32 39 23 28
38 1 14 21 5 16 12 28 8 14 41 24 15 27 22 21 18 35 17 14
42 9 14 27 21 21 14 42 34 39 44 37 34 48 37 25 47 66 39 40
52 16 15 42 28 24 34 48 50 45 53 54 44 54 48 48 49 67 34 46
10 1 2 6 1 1 1 5 3 5 5 10 6 2 7 8 6 10 1 3
29 8 18 23 6 10 15 14 13 13 22 31 18 15 23 21 11 26 18 13
20 3 2 20 6 4 10 24 8 23 27 14 9 28 20 15 26 34 14 18
28 22 25 41 16 26 8 31 21 33 38 27 27 33 36 30 17 44 31 9
10 1 5 8 5 5 1 12 6 7 20 14 8 16 9 14 14 24 10 6
48 16 31 28 20 9 33 30 24 27 38 44 34 30 37 35 34 44 27 18
13 1 4 3 6 1 2 8 13 10 10 16 16 10 9 12 17 25 6 11
28 6 15 18 2 3 11 16 16 10 19 23 26 12 25 10 18 25 13 10
24 1 11 11 9 1 6 13 11 10 19 24 11 7 12 11 9 24 10 7
16 1 12 6 9 1 4 10 8 11 13 16 14 11 12 7 16 24 8 9
10 1 4 1 6 1 1 4 8 1 11 10 6 2 4 6 7 12 1 3
23 17 20 15 20 19 1 14 21 28 31 33 24 32 16 8 13 50 21 15
9 1 1 1 3 1 1 4 4 4 5 1 3 1 3 2 8 6 1 4
4 1 1 10 3 3 1 12 5 13 13 9 7 15 8 7 16 27 10 11
3 1 1 1 3 1 1 6 2 1 10 1 1 6 1 1 8 13 6 2
40 1 2 22 16 4 14 46 28 28 44 33 23 46 37 18 44 53 31 36
9 2 8 6 8 2 1 1 1 9 6 12 6 4 4 4 1 13 1 1
39 11 27 29 4 2 23 23 5 18 32 35 29 24 37 23 28 32 21 9
7 7 5 7 1 4 1 6 6 12 7 4 13 6 7 5 9 15 5 4
36 13 17 17 24 8 16 25 26 34 27 29 24 31 29 24 35 47 23 26
39 19 22 28 12 12 21 38 22 28 45 42 46 44 33 24 41 62 27 21
34 7 20 7 19 11 1 13 18 18 32 38 20 28 24 9 17 41 18 19
17 1 10 7 5 1 5 14 7 5 18 13 12 8 13 7 13 17 9 4
54 7 12 23 17 14 27 52 37 29 55 42 43 53 41 32 49 58 29 38
18 1 1 5 1 1 4 16 9 11 18 1 13 14 10 7 5 16 1 2
17 1 7 2 3 1 3 10 1 2 16 5 5 10 8 3 10 14 2 2
24 8 12 8 12 12 3 19 19 19 30 29 26 27 10 12 17 45 15 11
11 7 3 18 9 4 11 9 12 24 14 17 12 15 13 20 18 26 4 17
33 14 15 30 6 9 15 32 10 31 41 18 27 39 29 16 35 45 20 13
10 1 4 1 3 1 1 8 1 1 14 5 1 6 3 1 7 15 5 1
19 8 15 15 16 11 7 8 6 26 27 30 12 26 15 20 12 39 7 14
59 2 24 28 35 8 34 42 40 40 54 56 22 53 45 45 31 56 18 41
8 2 1 5 5 8 5 13 11 9 21 16 16 17 1 15 7 29 6 6
42 19 29 22 31 29 12 25 26 42 45 32 26 39 31 14 35 57 32 31
40 14 21 36 6 17 19 34 22 29 43 34 35 40 36 27 35 52 22 20
16 1 5 2 9 9 7 14 19 5 16 22 20 13 7 14 12 24 4 13
48 23 28 39 18 16 32 50 17 43 57 37 42 54 45 30 47 63 30 25
58 15 42 22 31 14 29 38 23 38 57 43 37 44 41 24 21 50 12 18
5 1 1 1 1 1 1 6 3 4 13 5 6 6 1 7 3 13 1 1
15 5 8 10 10 1 1 11 9 15 12 17 12 11 8 9 11 22 5 10
18 1 9 11 1 1 5 10 1 2 22 16 5 8 12 13 6 16 9 1
11 1 2 1 8 9 7 16 15 5 24 17 14 17 1 15 8 25 7 9
64 21 34 43 24 21 35 55 31 42 66 65 53 64 51 41 55 80 30 36
13 1 5 3 1 1 2 11 1 1 15 6 8 7 9 3 12 14 4 1
7 1 5 9 4 1 4 6 5 6 8 7 4 8 8 10 6 12 6 6
37 35 39 40 32 21 28 36 26 43 40 37 46 38 40 30 36 53 32 18
8 1 5 1 7 1 1 10 9 1 8 11 6 4 4 1 6 15 7 6
30 10 23 30 5 14 17 20 14 16 30 22 23 22 29 17 20 31 20 7
25 5 8 15 10 4 4 16 24 16 19 33 30 22 26 19 26 37 14 21
44 13 20 44 14 15 32 35 30 34 51 50 27 50 44 44 28 56 34 30
60 7 21 29 28 4 33 48 34 42 50 48 31 50 47 30 48 58 27 35
61 14 28 34 19 25 39 42 31 31 58 37 36 46 42 40 30 48 27 24
65 34 37 35 40 20 44 46 36 50 56 47 52 51 45 48 49 60 30 35
45 9 20 27 21 10 28 39 31 37 37 17 30 38 38 32 29 39 16 27
3 1 1 3 1 1 1 8 1 4 9 5 3 6 1 2 4 17 4 1
53 7 31 29 15 13 27 30 22 25 48 59 36 42 43 34 36 53 19 25
21 1 11 6 6 3 3 4 1 10 23 22 10 17 12 14 12 28 1 4
4 1 1 1 5 1 2 5 9 3 7 9 5 2 1 5 6 11 3 6
15 1 1 10 1 5 1 22 7 12 22 11 11 19 12 8 20 28 16 13
7 1 1 1 4 1 3 2 9 2 9 7 3 5 1 11 5 11 1 6
11 3 7 3 9 2 2 5 10 9 13 15 14 6 5 8 9 21 3 5
1 1 1 1 1 1 1 1 1 2 1 1 3 1 1 1 1 6 1 1
35 4 21 36 15 9 29 16 15 23 33 45 8 28 39 41 24 37 21 24
33 23 25 44 21 30 13 39 34 41 42 35 35 42 40 38 30 55 38 23
55 34 39 38 42 25 30 36 45 62 47 54 44 56 55 29 52 70 37 45
37 11 22 32 16 16 17 30 18 32 44 28 21 39 31 29 17 46 19 14
18 12 6 18 12 6 11 17 18 26 12 8 15 19 20 19 24 27 17 16
52 23 38 37 27 30 34 41 41 34 57 45 51 46 44 47 20 49 15 18
56 11 17 20 28 27 24 55 41 34 61 41 39 54 29 29 40 63 30 39
58 7 25 38 22 20 33 57 30 39 59 45 17 60 51 39 45 64 36 43
40 4 22 21 20 3 24 28 26 25 36 34 26 28 28 34 13 35 9 21
6 1 2 2 1 2 1 1 3 6 10 7 8 7 5 10 7 11 1 3
9 1 1 9 1 1 4 10 7 13 16 16 11 15 8 16 12 20 1 10
45 13 32 18 23 18 9 22 18 23 42 40 20 30 29 14 19 40 24 17
47 17 32 34 20 20 27 40 33 31 53 43 38 46 41 42 16 53 29 19
51 4 22 14 23 17 16 36 20 28 47 25 16 35 30 15 27 39 23 22
44 10 20 17 24 28 8 30 22 28 53 42 19 48 22 21 23 56 21 28
55 9 19 31 22 25 32 52 35 33 53 44 31 52 45 42 55 61 30 47
23 9 6 18 4 7 5 22 22 19 24 22 26 25 20 21 10 31 8 7
33 19 22 34 32 26 13 28 27 51 45 36 18 49 33 21 30 63 30 33
20 6 1 22 7 8 14 29 19 25 34 27 19 33 18 26 26 44 18 22
19 10 1 16 14 3 13 27 32 30 22 24 25 29 25 24 30 40 22 30
22 1 8 31 8 5 20 19 9 20 28 27 1 27 29 29 24 32 20 20
67 12 31 33 32 25 23 50 43 39 64 60 48 60 47 33 47 74 36 39
10 1 5 6 1 1 1 6 1 6 11 5 11 7 10 5 11 16 3 1
46 6 19 17 19 7 26 36 23 18 40 21 15 28 33 29 28 29 22 19
35 7 22 7 20 11 5 16 20 20 35 40 22 32 28 12 25 46 16 24
23 10 15 12 14 7 6 17 17 21 24 17 23 18 13 12 16 31 7 8
43 1 12 23 13 5 16 30 27 20 39 48 27 35 40 31 34 41 21 30
26 11 17 13 10 1 15 20 13 17 19 20 26 13 19 5 24 25 11 10
47 12 20 36 10 21 17 44 24 31 47 35 28 45 42 26 42 57 34 32
15 5 10 7 11 6 1 11 5 16 25 18 12 18 5 13 8 30 7 6
57 6 30 31 14 12 44 33 22 28 55 44 31 47 46 47 27 43 15 25
47 3 16 23 29 25 13 43 35 36 52 54 36 56 37 26 47 70 33 44
33 7 14 15 7 1 11 23 15 19 24 25 26 23 22 6 28 34 9 14
20 4 1 13 8 12 12 23 13 17 33 22 17 31 13 24 20 37 11 18
22 1 11 4 11 1 4 15 17 10 17 21 22 15 18 7 22 28 13 16
1 2 1 4 1 1 1 1 4 8 1 1 6 1 1 1 3 10 1 1
45 4 2 15 21 1 22 41 38 28 38 35 25 40 39 33 40 38 26 39
60 9 27 34 9 9 26 49 16 20 58 42 33 49 52 24 45 47 39 22
46 1 25 12 17 4 18 30 20 20 38 32 27 32 31 22 19 37 9 16
35 22 29 34 14 10 17 29 16 31 37 41 41 34 35 28 28 52 19 9
9 1 7 4 3 2 4 9 4 4 13 4 10 9 9 1 14 14 8 3
15 1 4 13 2 1 6 11 4 9 15 13 2 14 13 16 10 14 3 9
39 10 16 25 7 9 13 34 25 18 38 29 32 34 33 19 32 42 23 20
55 11 18 28 26 9 36 50 26 43 59 32 21 55 46 35 55 58 34 38
51 11 26 36 28 4 31 43 25 37 51 61 33 52 52 34 53 66 34 34
43 14 23 27 10 10 19 36 28 22 42 34 37 31 34 23 29 41 26 15
19 5 3 20 5 2 9 15 21 23 17 25 22 21 23 21 27 34 10 22
18 1 7 8 2 1 3 14 7 6 20 15 11 13 14 13 16 21 7 8
15 1 6 5 4 1 1 9 5 10 13 4 10 10 10 7 12 11 1 7
32 1 17 13 11 5 13 13 8 11 25 21 9 14 17 14 4 14 5 3
37 12 23 18 13 11 9 26 16 24 33 27 29 31 23 9 18 42 10 7
11 1 2 2 1 1 1 1 1 1 5 1 4 1 6 1 2 1 1 1
2 1 1 3 4 1 1 2 6 3 5 10 3 3 2 8 5 10 1 5
20 1 5 3 6 8 2 17 10 4 26 21 14 20 7 12 15 33 10 9
51 13 30 29 21 23 29 20 27 27 45 39 31 35 31 39 16 40 17 19
11 1 1 4 1 1 1 13 1 5 16 4 5 10 3 3 5 14 6 1
16 7 6 7 1 7 4 7 9 12 19 9 20 11 8 12 10 20 1 4
52 11 26 21 25 7 29 32 21 35 47 41 20 42 39 33 35 46 15 25
37 18 26 30 17 13 24 23 23 27 30 28 28 19 34 28 22 27 18 12
11 1 1 7 1 1 1 13 1 5 18 7 7 8 5 4 6 17 6 1
20 1 8 12 13 10 12 14 13 18 27 29 16 24 11 26 13 35 4 17
22 1 7 4 14 1 2 11 10 15 12 15 7 6 3 4 6 16 3 6
59 24 46 44 27 39 21 41 33 39 67 59 42 56 51 35 31 71 41 24
27 7 16 19 7 6 11 12 7 11 22 19 13 9 18 16 7 17 9 4
24 1 7 10 1 2 9 18 7 6 29 14 11 19 14 18 9 18 8 1
56 12 26 24 37 22 27 42 48 34 44 57 46 42 44 41 47 56 28 46
3 1 1 5 1 1 1 1 1 4 1 6 2 1 4 6 1 5 1 1
39 11 24 24 14 7 28 24 17 20 35 33 24 27 33 32 32 35 20 16
35 19 20 36 21 14 19 45 38 39 43 42 43 48 46 26 45 62 33 31
41 13 17 18 32 17 20 34 26 43 40 31 11 43 35 24 41 53 32 40
59 7 36 30 25 18 36 22 22 30 54 46 23 45 43 44 26 45 22 23
39 14 14 38 25 10 31 37 39 44 39 40 27 40 46 47 42 53 32 33
51 35 39 23 43 30 25 42 40 50 60 39 42 52 41 33 37 65 37 27
17 1 14 3 8 1 5 10 3 5 18 13 9 11 10 1 12 20 5 1
16 1 12 1 9 1 1 4 6 3 14 19 9 8 8 4 11 21 1 3
22 1 7 15 1 4 5 19 7 10 27 26 13 25 22 17 27 39 12 14
15 1 7 9 1 5 5 10 6 7 20 15 12 13 11 16 10 20 9 1
37 5 12 9 22 9 10 35 25 21 34 27 18 30 24 16 36 41 29 28
16 1 6 1 4 1 1 11 6 2 14 10 8 6 7 4 11 16 3 5
6 1 2 1 1 1 1 3 5 2 2 3 8 1 4 1 6 3 1 2
26 6 9 9 1 3 7 23 18 12 30 23 31 23 18 10 24 37 12 12
15 4 8 6 9 1 1 14 9 9 17 13 12 9 8 8 12 21 8 7
43 12 29 24 24 13 27 23 19 33 38 46 24 36 35 32 35 48 13 24
42 27 36 47 22 34 25 32 35 37 51 55 43 49 46 51 22 61 38 23
37 4 13 18 17 1 23 36 28 31 30 21 27 32 31 28 26 36 13 27
26 11 11 18 13 17 10 26 19 21 37 25 25 33 10 24 13 43 7 12
64 9 32 35 12 17 33 52 19 30 64 46 35 54 48 35 42 61 32 23
46 12 30 27 18 18 19 39 32 27 53 42 39 45 36 36 14 52 25 11
49 13 18 13 20 7 31 32 29 28 40 23 30 33 37 39 32 31 17 24
25 8 13 16 6 5 9 15 13 13 20 14 18 13 16 10 11 22 5 4
18 1 5 2 3 1 1 11 8 1 14 18 11 6 11 6 12 17 6 6
11 1 2 1 6 1 4 8 7 10 9 1 6 5 7 7 14 10 7 8
31 12 16 10 23 13 1 24 24 28 31 35 27 32 21 7 21 49 22 24
9 1 2 4 4 1 2 9 7 8 16 9 6 11 7 11 12 17 5 8
11 1 6 1 1 1 3 8 8 1 14 10 11 5 8 8 11 14 5 4
30 4 15 15 21 25 13 25 17 25 42 27 17 37 13 21 23 47 18 23
30 7 5 17 20 1 21 29 20 26 28 22 6 27 26 30 31 30 18 27
34 22 27 23 32 27 11 22 30 37 38 36 25 36 26 26 17 51 26 19
10 1 3 1 1 1 1 6 1 1 11 3 6 2 5 1 6 9 1 1
9 1 5 6 3 1 2 2 3 5 4 7 6 3 9 8 7 9 2 3
29 16 26 30 23 12 20 25 21 43 39 38 30 41 32 27 32 57 18 16
40 4 20 5 18 13 5 21 21 14 39 42 25 32 24 16 20 46 18 19
63 21 47 45 24 26 42 35 28 45 65 56 45 59 54 50 25 64 22 23
31 2 17 5 11 6 1 17 9 12 32 29 15 21 16 7 13 34 12 7
16 1 7 6 3 1 9 12 5 10 17 10 8 12 14 9 21 19 5 8
14 1 12 7 13 7 1 8 7 16 15 19 9 13 6 8 8 25 5 7
6 1 5 1 3 1 1 1 2 6 2 4 9 1 5 1 7 12 1 1
59 24 30 11 42 20 26 41 42 36 45 43 27 41 38 27 33 43 35 40
61 28 32 31 35 12 31 50 38 49 55 49 49 55 48 34 51 67 36 33
16 1 1 1 4 1 2 14 17 3 16 15 13 10 7 9 14 19 10 11
43 13 26 15 26 14 14 16 21 36 38 28 24 36 29 12 23 43 10 22
39 25 28 34 31 28 12 34 34 48 53 52 33 55 37 29 31 71 32 31
20 1 5 7 1 7 6 14 10 10 24 13 14 19 10 17 12 19 4 9
39 9 30 34 11 18 25 16 17 27 38 49 30 35 34 35 23 51 13 16
53 14 27 24 22 1 37 38 22 35 39 23 33 34 43 32 31 32 15 20
58 17 28 30 30 16 23 41 35 44 57 56 37 56 48 23 43 68 28 38
7 1 3 1 1 1 1 5 1 1 14 7 11 6 6 4 7 14 2 1
15 1 6 4 5 1 1 8 6 12 15 20 14 12 8 10 12 28 3 7
6 1 1 4 1 1 1 6 1 3 12 4 1 7 5 8 7 12 5 2
9 1 3 1 1 4 2 3 8 3 12 9 12 7 5 10 6 11 1 3
62 21 41 41 30 21 39 30 23 47 51 51 23 47 51 39 36 53 27 32
6 1 3 1 1 1 1 4 4 2 6 7 9 1 5 4 7 7 2 2
36 19 12 20 21 11 24 28 30 38 33 23 29 34 32 37 34 40 17 29
22 19 21 29 15 16 6 29 20 28 33 29 29 31 27 27 18 43 20 9
3 3 1 3 1 1 1 1 2 7 2 1 10 1 3 1 4 8 1 1
31 1 9 6 17 11 15 31 25 14 39 28 19 33 10 24 19 38 12 19
25 1 1 6 1 1 1 19 13 3 21 23 14 19 18 12 17 22 9 13
9 2 1 6 1 1 1 12 1 11 15 5 6 14 4 5 8 20 4 4
33 9 20 21 15 17 22 21 20 19 32 37 29 29 27 33 27 37 3 21
14 1 3 2 1 2 2 13 8 4 20 17 13 15 9 13 15 27 6 8
17 1 3 15 3 6 6 24 5 16 23 16 6 24 17 11 25 33 14 17
7 1 1 1 1 1 1 12 6 1 12 9 8 7 4 2 9 16 9 4
26 8 9 18 2 5 7 24 20 13 27 24 25 20 21 17 7 27 13 5
49 10 18 14 22 7 27 43 30 30 49 37 31 47 34 29 44 52 25 29
4 7 5 16 5 6 1 13 7 20 15 13 12 20 10 9 12 35 9 6
24 15 21 24 11 9 11 25 18 22 25 25 30 24 24 12 26 42 19 8
7 1 2 11 3 2 7 13 2 11 17 12 1 18 12 13 18 25 8 11
27 11 18 11 16 12 2 8 9 21 24 25 12 16 13 9 5 28 4 6
25 1 9 1 11 6 4 22 7 14 34 14 8 25 8 7 8 29 7 3
40 7 19 10 16 11 3 19 23 19 37 41 31 29 25 11 18 48 16 15
16 8 2 13 10 12 8 17 26 22 18 19 25 20 10 22 15 31 8 17
13 1 4 1 5 1 1 13 8 4 11 12 9 6 5 3 7 13 6 6
32 4 19 19 1 2 16 14 2 7 26 19 11 16 25 17 17 14 5 4
29 6 13 29 8 14 16 20 11 22 27 17 10 21 25 22 22 28 24 17
5 1 1 8 1 1 5 5 5 11 7 10 6 10 9 11 11 13 1 9
31 3 14 19 8 1 13 21 13 19 25 33 20 23 29 21 28 36 11 20
5 1 1 1 1 1 1 7 3 1 7 5 3 1 2 1 4 8 4 1
48 20 33 45 14 13 29 40 28 37 51 54 44 48 52 40 33 55 24 16
30 23 36 38 23 27 19 15 21 31 35 39 25 29 31 31 4 40 26 9
30 11 20 23 22 10 21 17 19 38 25 27 21 28 27 21 32 43 11 22
56 11 27 25 27 11 30 26 29 28 41 47 22 37 46 41 35 42 32 36
31 6 13 21 21 9 23 23 25 30 32 36 24 31 26 34 31 47 14 27
7 5 1 10 1 2 3 8 4 15 14 8 9 11 7 11 9 21 4 7
42 11 8 28 24 16 28 41 43 36 42 47 36 42 34 41 42 56 23 44
41 25 35 31 24 18 20 27 15 46 47 41 31 46 38 21 30 58 18 18
43 30 35 33 35 34 18 44 52 40 49 53 61 49 41 39 32 66 31 26
7 1 1 1 1 1 1 2 1 1 5 1 1 1 1 2 1 3 1 1
31 10 13 28 15 6 22 25 19 30 28 27 12 26 28 31 26 36 19 20
9 1 3 1 6 1 1 9 10 2 10 14 8 5 4 6 8 14 5 7
10 1 1 4 6 1 3 11 4 11 13 7 3 13 4 7 10 18 4 9
13 1 6 6 14 1 8 8 10 15 9 11 4 9 9 12 15 18 7 14
40 23 34 39 25 29 16 29 38 32 46 58 44 44 42 42 14 58 36 20
37 14 13 25 21 4 24 28 29 35 29 35 23 29 31 36 31 43 19 30
30 27 27 32 22 31 5 40 37 34 46 38 48 44 34 32 22 61 35 13
43 6 23 14 16 5 17 31 19 23 40 31 32 33 29 21 22 42 10 15
53 10 29 13 23 8 17 34 27 32 50 39 34 43 35 18 25 54 15 22
32 1 3 8 8 4 11 27 24 8 27 25 15 23 17 22 19 27 14 19
18 2 1 15 3 5 3 19 8 13 18 7 7 12 8 5 10 21 11 7
31 1 9 5 15 3 8 20 14 14 29 18 9 22 13 20 19 26 11 12
36 5 17 21 10 3 17 31 15 23 40 36 25 37 29 23 31 47 13 17
39 11 14 31 14 28 21 38 20 34 48 29 20 46 29 33 37 54 24 33
39 16 10 25 19 16 26 47 29 45 44 15 24 46 38 32 41 50 31 33
34 2 18 21 18 13 19 19 17 26 37 49 16 35 25 34 19 49 12 23
8 1 1 2 1 1 1 7 4 5 14 6 9 6 1 5 1 12 1 1
42 15 18 30 25 4 31 35 27 45 35 33 24 38 37 26 42 50 21 28
12 3 7 5 1 3 4 4 6 8 14 11 16 8 10 11 11 15 1 3
32 9 8 21 11 11 11 29 17 25 29 10 15 24 22 18 28 28 20 19
19 1 3 5 1 1 4 16 9 2 20 13 9 12 9 12 8 14 4 4
20 8 18 19 9 1 15 17 2 17 24 22 17 25 24 13 30 35 13 8
26 9 6 13 13 6 3 30 29 20 27 22 30 24 22 14 26 37 25 19
9 1 6 1 5 1 1 5 8 5 5 10 13 2 7 3 11 15 3 5
23 1 3 17 11 2 13 33 19 18 32 31 12 33 23 20 31 42 23 26
22 1 10 9 2 1 7 16 13 6 14 19 21 12 20 4 20 23 11 10
7 1 2 3 5 1 3 9 9 9 7 5 7 8 6 6 13 14 7 9
45 19 27 47 23 26 23 40 38 39 51 57 40 53 53 36 43 65 45 42
33 2 11 17 4 3 12 30 13 15 30 22 18 25 28 13 36 35 22 18
69 17 26 25 38 14 49 58 50 48 63 53 46 62 51 50 56 63 29 48
24 4 16 16 9 2 15 22 14 20 29 35 23 31 26 19 32 45 13 18
13 1 6 6 4 1 1 11 2 7 13 12 7 8 7 6 9 21 6 2
3 1 1 1 1 1 1 1 3 1 5 1 1 1 1 1 3 3 1 1
38 5 14 10 10 5 13 37 20 8 44 37 35 35 26 12 33 48 24 15
44 12 21 28 16 22 19 38 35 21 46 43 45 41 36 27 36 58 23 27
10 6 4 14 7 3 3 8 11 18 8 7 11 11 11 12 13 23 8 8
37 13 15 14 31 16 28 35 30 38 44 34 20 44 28 39 38 52 27 36
56 15 28 34 19 14 36 46 21 26 56 43 33 48 42 39 42 50 27 24
12 4 3 9 4 1 3 12 15 13 12 19 19 15 15 12 20 26 10 17
19 1 7 8 8 5 4 15 12 8 24 26 12 18 7 19 8 30 6 10
27 4 4 11 17 9 20 23 22 25 26 26 16 26 16 31 24 32 4 26
21 1 11 11 10 1 8 12 8 7 17 16 6 7 12 11 7 14 6 6
41 13 28 12 25 19 2 7 17 21 39 34 17 29 23 15 15 33 11 16
4 1 1 1 2 1 1 7 1 3 11 3 3 3 1 1 1 9 4 1
27 5 18 13 15 6 8 10 13 15 16 27 16 10 16 12 13 23 7 10
10 1 4 1 1 1 1 7 2 1 11 4 7 2 7 1 7 8 2 1
41 3 25 19 11 16 23 19 12 9 41 36 23 24 25 30 14 31 12 10
11 1 10 8 5 1 4 1 1 4 9 17 1 3 7 12 1 12 1 1
45 1 18 29 7 21 21 34 12 19 47 40 14 41 31 35 29 48 24 25
14 1 3 1 5 6 6 5 11 4 17 11 15 9 5 12 9 16 1 7
24 12 14 25 8 7 14 19 22 27 16 24 30 24 29 17 31 34 12 20
8 1 1 2 9 1 4 15 12 6 8 9 4 8 3 6 14 19 13 10
38 1 4 7 10 4 20 34 28 11 35 25 20 25 18 27 16 23 18 18
27 6 15 4 18 1 15 19 15 16 24 19 15 14 17 12 22 24 12 12
20 11 7 16 8 10 2 24 27 16 27 25 30 25 18 17 17 38 20 14
37 12 23 21 19 17 12 13 20 29 32 38 25 29 23 25 19 43 5 18
40 10 19 9 28 9 19 28 28 34 30 19 24 28 21 19 18 33 9 20
18 4 12 4 10 4 1 11 1 12 21 12 11 12 8 7 11 22 7 4
1 1 1 11 1 1 5 2 2 16 5 8 5 10 9 12 11 15 1 9
21 1 9 3 10 3 1 19 11 4 24 17 9 14 9 3 17 26 13 9
17 3 10 10 5 1 8 11 8 14 17 22 19 15 17 15 21 29 5 12
46 5 10 31 20 13 24 44 32 33 46 43 26 45 37 38 45 57 30 39
31 21 22 24 24 21 8 31 34 30 41 31 37 34 25 28 5 38 15 5
24 5 3 5 11 7 4 25 26 11 29 29 30 21 13 11 15 38 17 18
3 1 1 1 1 1 1 1 1 6 7 1 4 1 1 3 1 9 1 1
29 10 10 27 16 6 23 29 26 36 34 26 23 33 31 30 35 44 18 24
46 7 28 20 16 20 11 29 15 26 47 39 23 40 34 15 32 55 25 22
45 11 25 27 18 7 25 38 7 35 51 29 27 47 36 20 39 51 20 18
26 1 15 4 11 9 9 14 12 7 28 25 19 16 11 13 12 25 4 7
22 6 12 8 10 4 1 14 9 13 20 19 17 9 10 7 11 23 7 6
17 3 6 12 5 4 1 16 9 18 22 19 16 22 12 9 20 39 10 11
11 1 4 4 3 1 1 8 1 3 14 7 5 4 7 6 6 11 5 1
7 1 1 1 1 1 1 7 4 1 14 4 5 4 1 3 1 7 1 1
6 6 2 14 8 3 8 10 15 23 8 16 13 12 9 15 16 29 6 16
27 1 10 7 6 2 7 14 9 11 28 21 16 21 16 17 13 25 1 5
46 11 16 14 14 1 27 38 24 23 34 22 28 28 33 22 32 28 20 17
34 23 14 16 23 15 21 35 38 38 34 24 36 35 30 35 34 45 27 30
50 19 11 26 36 19 39 56 51 49 54 46 37 56 40 50 54 70 38 53
8 1 1 1 6 1 1 13 8 3 10 6 3 3 1 1 8 14 8 5
18 1 9 8 9 3 5 14 3 17 20 18 7 20 11 10 13 27 4 9
22 1 8 3 12 3 7 16 16 10 21 17 13 12 11 16 19 25 10 13
7 1 3 1 1 1 1 6 7 4 5 8 10 3 6 4 9 10 4 4
6 1 1 1 6 2 3 2 8 6 9 8 7 4 3 8 6 9 2 5
38 10 6 3 21 8 17 41 34 20 39 27 25 36 24 28 35 43 31 32
32 4 8 29 20 12 17 32 14 37 44 31 8 41 25 25 31 52 22 25
39 15 31 19 25 18 8 11 21 29 36 45 26 35 33 17 28 47 16 25
52 4 12 1 27 8 20 46 39 17 50 37 34 40 27 21 37 46 27 31
22 1 10 20 14 7 14 18 12 17 20 22 1 20 22 24 26 30 17 20
45 17 18 23 21 22 27 36 35 29 45 29 38 38 25 36 26 41 12 23
5 1 1 1 1 1 1 4 1 1 7 1 1 1 1 3 1 5 1 1
34 3 18 12 15 13 13 19 12 14 36 33 18 23 13 23 9 33 3 8
4 4 1 4 2 1 1 1 7 10 1 1 10 1 2 1 6 9 1 2
40 9 16 14 28 6 25 26 24 35 37 30 17 34 30 33 36 37 16 29
4 1 1 1 1 1 1 7 2 2 5 6 5 2 1 1 2 12 3 1
14 1 5 7 6 1 5 9 10 5 10 17 8 2 7 11 6 12 4 7
6 1 1 1 1 1 1 1 4 4 8 8 10 6 4 9 6 13 1 1
9 1 1 5 3 6 5 5 10 10 13 15 13 14 5 18 8 18 1 10
19 1 6 8 13 9 10 22 19 14 28 27 17 25 8 21 19 38 13 19
15 1 8 10 3 1 5 1 4 5 10 11 5 5 14 15 11 9 1 6
52 17 23 41 20 30 36 56 40 49 57 48 46 62 50 39 62 78 41 49
26 2 18 6 12 4 6 12 4 15 30 21 15 21 13 9 16 30 2 5
25 4 4 9 9 1 7 26 20 19 20 16 19 22 16 10 27 33 16 19
49 1 16 11 12 4 17 33 28 10 43 38 33 33 35 26 24 38 17 20
15 1 11 3 5 4 6 8 6 2 21 16 14 13 10 10 12 24 5 2
21 6 6 19 12 3 10 21 21 23 23 32 20 23 21 19 25 39 13 25
28 4 17 17 8 15 19 12 13 7 26 29 16 19 20 31 12 23 10 11
41 9 20 21 21 15 34 28 28 23 38 38 20 36 36 48 34 41 28 31
13 1 5 1 1 1 1 7 1 1 12 4 4 5 6 1 8 10 1 1
48 14 15 18 26 3 40 42 32 37 41 26 22 42 44 35 46 38 22 34
47 10 30 19 32 14 21 30 28 39 44 33 29 40 33 26 19 46 6 26
46 17 29 29 27 22 31 35 35 38 47 55 45 47 37 37 44 62 13 37
58 15 31 21 35 25 31 33 37 35 52 48 31 38 30 38 17 44 12 27
43 15 11 32 19 21 19 46 39 35 44 38 34 46 37 36 38 57 36 37
44 8 4 21 16 9 14 45 29 30 36 22 24 39 36 19 45 43 35 37
11 1 3 1 6 1 1 14 8 5 16 13 8 9 3 4 11 23 9 6
7 1 3 1 4 1 2 6 6 4 12 5 6 8 5 8 12 14 6 5
24 12 14 14 20 11 7 28 29 25 25 24 28 26 19 13 27 43 26 19
11 1 7 1 6 1 1 5 3 7 11 10 8 4 6 7 8 13 1 3
4 1 1 2 3 1 1 5 8 3 8 11 7 2 2 6 4 12 3 4
19 6 4 12 9 1 6 23 19 17 20 23 21 23 18 11 23 35 16 22
14 1 9 6 4 1 5 7 7 3 9 13 13 4 12 2 13 14 2 4
33 15 23 17 24 21 9 25 22 30 42 25 27 32 19 17 21 45 20 12
25 4 9 21 5 1 13 17 13 20 23 25 18 20 22 20 23 32 3 15
28 8 12 22 2 10 6 27 8 20 31 18 23 25 22 6 27 43 17 10
45 26 15 20 30 27 25 56 51 41 53 33 46 52 33 39 41 61 38 40
33 1 17 14 14 8 5 24 15 15 32 33 16 28 23 16 27 40 18 18
22 1 4 1 9 6 11 14 15 11 23 11 17 14 9 18 16 21 6 13
27 4 10 17 11 7 14 18 17 22 28 34 24 25 20 26 23 42 6 20
19 1 7 10 5 1 3 16 9 11 15 21 14 15 17 12 19 28 11 13
40 6 18 14 18 14 19 27 25 22 41 33 29 30 16 27 5 39 3 11
23 4 13 15 9 10 3 14 4 17 26 13 14 18 16 3 18 33 13 7
11 1 1 1 1 1 1 15 4 3 19 8 5 13 4 7 6 16 3 1
52 10 24 28 18 23 24 42 27 23 51 42 37 39 34 27 37 53 21 28
40 1 17 14 16 11 19 36 24 15 45 27 24 37 25 30 16 40 12 17
42 8 23 25 15 10 19 20 23 26 33 35 26 28 29 29 22 38 12 15
10 1 2 8 3 1 5 12 12 12 14 26 15 19 15 16 19 28 8 17
29 5 12 25 7 3 12 19 15 23 23 34 17 24 24 20 19 38 10 17
46 14 29 33 26 16 20 21 21 41 48 50 23 44 40 30 30 59 18 26
44 9 21 34 24 8 30 46 36 41 45 34 32 45 44 39 34 54 22 28
15 1 5 13 9 1 10 18 8 17 23 19 5 21 14 17 17 27 8 15
26 10 16 32 20 11 16 17 17 37 31 37 16 32 25 31 19 46 11 18
35 7 12 24 13 13 23 32 32 27 33 40 34 36 31 36 39 51 17 33
41 18 30 53 26 26 34 29 34 44 47 56 33 46 53 55 33 57 30 26
19 1 8 10 7 1 4 14 9 15 17 24 13 18 18 12 20 31 8 15
19 3 10 5 2 2 7 17 7 6 27 14 17 16 12 8 15 22 6 2
28 9 11 25 7 7 12 24 22 24 28 34 25 31 25 26 18 40 9 16
27 1 11 14 9 4 16 14 11 7 20 15 4 9 15 17 7 6 9 8
40 22 16 17 31 16 26 45 40 35 36 30 33 39 37 31 47 49 43 42
54 6 22 31 30 14 37 40 32 34 53 48 22 46 38 49 41 52 18 36
28 17 19 32 35 17 22 30 31 50 39 39 20 44 31 36 32 59 27 30
12 14 9 29 10 11 6 27 25 30 27 33 27 32 27 27 19 47 21 17
43 1 15 21 12 17 21 35 18 14 49 26 17 35 26 28 15 36 19 17
48 6 19 6 33 14 13 45 37 27 55 40 31 46 27 15 28 51 30 30
54 8 22 29 23 23 35 56 40 36 62 41 41 60 44 45 41 61 18 43
13 3 9 17 4 1 6 4 9 17 14 24 19 16 17 16 18 33 1 9
4 1 1 1 1 1 1 3 4 1 4 7 4 1 1 1 3 5 1 1
37 4 21 17 8 5 13 26 5 10 38 24 13 25 23 9 20 29 12 4
6 2 1 4 1 1 1 4 1 6 8 5 6 1 2 3 1 7 1 1
12 2 4 2 1 2 1 4 6 6 15 10 15 3 4 6 4 18 1 1
42 15 27 32 27 17 19 25 19 45 49 43 21 48 40 18 39 63 25 29
19 1 2 20 13 1 14 24 18 25 23 24 11 24 20 20 31 39 17 23
51 17 23 25 22 15 34 40 28 33 47 36 35 42 35 38 40 44 16 28
33 6 20 24 7 16 15 26 7 16 39 24 16 30 29 16 31 39 22 15
8 1 6 1 7 3 1 1 3 6 14 14 7 7 1 7 1 15 1 1
22 6 6 21 8 11 7 25 17 20 20 18 17 22 20 11 26 37 23 21
5 1 4 4 5 1 1 11 8 5 10 13 8 8 4 8 8 19 9 7
5 1 1 4 2 1 1 1 4 4 9 8 5 5 4 10 4 9 1 3
35 16 21 19 23 17 8 19 21 33 37 30 18 35 22 18 13 43 13 17
16 9 4 11 9 2 9 11 16 18 9 8 13 7 14 15 12 16 10 9
55 38 42 24 45 28 26 45 49 54 55 49 50 53 50 31 43 70 44 37
63 5 28 29 23 17 22 53 27 30 56 44 32 45 48 18 51 55 41 36
47 22 34 27 37 34 17 15 31 41 49 54 31 47 32 36 25 55 17 36
24 1 10 10 10 5 6 25 12 19 33 32 17 32 18 16 26 44 16 18
18 5 13 14 7 6 2 6 11 15 16 26 17 13 9 14 3 30 4 2
7 1 1 1 6 1 1 3 3 5 10 7 3 1 1 3 3 13 1 1
52 24 29 36 31 24 43 41 43 44 48 53 38 50 48 57 46 63 40 43
27 1 11 1 5 1 2 19 10 3 29 24 19 19 13 5 16 30 9 6
29 7 11 13 6 4 10 28 19 16 28 16 26 23 20 15 13 31 11 7
12 1 2 4 1 2 2 9 11 2 13 18 12 10 7 14 8 20 5 6
23 4 16 24 5 14 15 16 8 11 28 22 8 18 22 20 12 22 22 11
49 18 18 30 20 1 38 43 26 42 39 29 33 40 45 34 43 43 21 26
7 1 2 1 7 3 3 3 10 4 11 11 6 6 2 10 6 13 2 5
21 1 4 5 5 1 2 17 10 5 16 16 8 14 10 6 11 20 6 8
46 12 26 10 33 22 23 29 29 30 44 37 27 35 23 29 28 45 12 27
22 1 7 19 16 6 15 25 13 23 32 23 6 29 18 23 28 37 17 23
46 11 21 32 16 17 18 37 29 32 47 43 32 46 35 31 35 58 24 27
55 4 19 26 21 21 28 54 38 30 59 41 37 58 43 40 39 61 20 42
10 18 16 24 11 15 3 14 17 27 23 19 28 23 23 23 13 35 14 6
24 2 11 11 12 10 9 14 12 15 26 30 17 20 9 24 8 32 1 11
22 1 12 7 10 4 1 6 11 11 16 26 16 12 10 13 10 25 3 6
5 1 1 3 1 1 1 10 5 2 10 10 7 6 4 6 6 13 8 3
10 1 1 5 1 2 1 6 3 7 16 11 6 13 5 13 7 16 1 5
15 1 8 5 1 1 4 9 1 1 18 12 9 6 11 3 9 15 1 1
54 39 34 36 36 18 33 63 44 49 56 39 58 55 53 34 55 64 52 33
66 18 33 33 30 28 39 42 46 34 54 53 46 45 41 48 33 51 23 33
12 1 9 7 12 7 1 13 7 11 19 13 6 16 7 7 14 25 12 8
12 8 10 9 7 5 3 6 10 15 11 14 19 8 9 8 13 25 4 6
9 7 1 8 8 4 6 7 12 15 9 3 11 3 3 7 7 11 5 8
39 9 20 28 5 16 19 27 23 19 39 36 35 34 31 32 18 40 14 12
33 10 7 20 16 7 20 27 28 27 27 32 23 28 23 34 25 42 16 26
9 2 3 7 3 1 2 7 10 6 2 11 11 3 8 5 7 9 5 7
16 1 5 10 9 1 10 8 10 15 7 9 6 10 16 15 21 12 6 16
24 1 13 17 7 3 14 6 7 11 13 21 4 8 20 22 12 13 8 10
45 15 27 38 8 22 16 49 24 29 54 36 38 45 45 23 31 55 34 16
18 4 6 22 1 2 10 9 7 17 18 18 8 14 17 20 11 22 4 9
26 26 16 26 26 19 14 36 33 40 36 20 28 36 28 33 22 39 28 19
28 2 10 11 19 1 15 13 13 23 18 20 3 18 23 22 26 24 7 20
6 1 2 5 1 1 1 4 1 1 8 8 1 3 4 8 2 10 1 1
32 20 19 39 19 23 18 35 39 37 38 47 40 42 39 44 25 53 23 26
49 14 20 26 27 13 41 40 37 35 44 42 31 42 43 50 46 49 23 40
36 1 7 26 17 2 20 27 26 21 25 40 15 29 39 27 38 38 20 32
35 11 11 15 17 17 17 36 36 26 36 29 38 36 25 25 37 52 25 29
39 17 27 41 15 25 23 21 13 29 41 33 19 35 34 31 21 44 31 22
43 6 19 37 12 14 24 37 19 37 51 31 23 47 41 37 25 54 20 22
22 1 5 2 7 1 1 20 10 4 22 19 9 16 8 1 12 25 12 7
58 11 25 28 21 16 26 36 34 36 54 56 39 53 42 33 33 64 13 30
17 1 15 9 14 5 6 3 7 12 10 21 6 8 8 9 4 17 1 4
46 9 19 28 17 10 33 34 22 31 44 39 29 40 35 38 39 42 9 27
1 1 1 1 1 1 1 1 1 1 9 1 1 3 1 4 1 8 1 1
12 3 3 10 2 3 2 7 6 14 18 15 14 16 8 14 11 30 2 6
5 1 3 8 2 1 2 1 1 6 4 9 3 5 7 11 5 10 1 4
9 1 6 11 5 1 5 6 9 8 6 12 7 7 10 12 9 11 4 9
2 1 1 1 2 1 1 3 3 2 8 3 1 4 1 6 5 10 3 3
23 1 5 17 14 1 20 31 21 23 34 23 12 32 22 26 21 34 12 22
42 15 21 41 16 18 27 32 32 33 41 43 29 44 43 36 33 51 37 34
55 17 36 29 29 23 19 21 29 34 50 52 24 46 43 31 24 49 26 30
43 14 35 31 26 19 31 15 22 25 36 41 19 27 38 40 25 36 28 25
14 1 8 8 1 1 5 15 4 6 18 13 15 14 14 7 20 23 9 4
54 19 32 36 25 28 26 36 42 31 51 54 46 45 45 45 27 54 33 29
45 5 20 12 14 6 16 37 25 21 49 33 37 41 27 20 25 51 14 15
31 17 23 39 9 29 15 33 19 36 45 28 31 45 38 31 33 56 28 20
50 8 31 38 12 23 22 23 10 29 52 37 21 41 38 30 29 52 25 19
21 1 14 13 2 2 8 3 1 3 17 20 6 6 17 19 7 11 4 1
12 1 5 4 7 1 1 12 5 3 17 10 3 8 5 6 7 16 7 3
19 2 11 6 12 6 1 14 7 14 20 24 7 21 11 7 14 33 10 12
18 1 10 6 7 1 2 7 9 3 7 21 7 8 12 8 10 19 5 7
11 3 1 8 7 3 6 9 12 16 16 15 12 13 5 17 11 24 3 12
17 1 5 10 5 1 4 14 8 8 12 17 6 12 11 11 12 20 6 10
33 1 16 11 3 1 9 20 6 6 31 26 17 18 19 13 15 29 11 3
36 23 25 25 32 20 9 34 31 37 37 26 26 32 27 25 11 38 25 8
14 1 5 2 1 1 1 3 1 1 11 6 4 1 8 4 5 7 1 1
7 1 1 6 1 1 1 9 8 9 7 9 11 7 6 7 9 15 7 8
21 1 6 7 8 1 9 23 12 13 24 18 10 25 13 12 15 29 9 11
5 6 4 15 5 3 6 6 8 21 8 18 12 14 10 13 13 28 1 11
11 1 9 4 14 6 2 9 5 12 17 12 1 17 3 5 12 26 9 8
15 1 2 10 6 1 6 23 16 11 21 26 14 26 22 13 29 36 18 22
32 15 30 41 23 21 20 19 25 38 38 50 25 37 37 41 20 50 19 17
39 15 21 29 17 15 28 26 23 33 39 40 36 36 30 32 35 49 7 25
7 1 3 3 4 2 1 10 2 7 16 7 5 10 4 7 10 20 8 3
54 27 41 32 31 28 25 48 32 42 67 51 52 57 39 34 22 65 22 9
2 1 1 3 1 1 1 1 1 3 2 4 1 3 4 5 6 7 1 4
21 1 5 1 13 1 4 19 21 8 18 22 18 15 15 7 21 24 15 19
21 6 18 14 8 3 11 16 1 17 29 22 18 24 19 12 25 36 11 7
42 12 29 33 15 11 20 25 20 32 34 43 30 34 37 23 31 50 13 20
10 1 7 3 3 1 3 1 2 3 12 10 10 5 9 8 9 12 1 1
23 1 1 3 7 8 9 20 15 6 30 14 14 21 5 16 9 20 5 9
46 17 18 9 33 9 22 41 39 32 34 32 34 34 38 27 45 45 36 40
25 4 17 24 7 8 15 3 5 14 23 30 9 16 23 29 10 23 9 11
33 10 8 10 21 14 22 35 36 26 33 31 30 35 24 33 37 43 22 35
33 15 9 17 23 7 16 30 37 27 20 28 31 23 29 19 29 36 28 29
37 1 9 5 4 3 15 36 23 12 43 25 33 39 26 20 26 40 13 18
26 1 3 21 12 1 19 23 17 24 28 22 10 28 25 27 21 26 8 20
7 1 1 1 2 1 1 5 1 4 10 10 7 1 1 1 1 14 1 1
26 5 7 7 11 9 9 12 17 13 24 17 23 14 7 14 11 24 1 9
40 6 12 26 32 7 30 30 32 38 32 40 15 33 38 39 44 43 25 38
21 4 7 8 10 2 3 11 9 14 18 11 10 12 7 6 8 20 1 5
12 1 4 7 4 1 6 4 8 5 7 11 3 3 10 16 9 9 2 6
16 4 11 11 2 2 10 9 3 13 21 18 17 18 18 14 20 26 4 7
30 8 9 37 10 17 22 30 22 37 35 26 16 36 32 36 32 47 25 29
17 3 5 8 5 8 7 6 12 12 18 16 21 14 10 19 12 24 1 10
48 19 20 12 33 14 11 25 36 34 33 36 29 29 32 15 27 42 26 31
11 3 1 7 5 1 1 13 10 10 11 9 10 6 3 5 9 20 7 6
47 9 19 21 19 16 24 46 21 28 46 24 14 39 34 24 46 46 33 32
50 21 33 29 22 19 20 42 15 37 56 44 40 46 38 15 42 64 34 22
8 5 1 7 3 2 1 9 8 12 14 4 10 9 1 6 3 18 3 3
3 1 3 6 5 1 1 3 5 8 4 10 5 6 5 8 6 13 1 6
40 16 33 38 21 24 20 17 20 36 44 48 24 40 36 39 15 50 18 17
4 1 5 4 6 1 1 5 5 9 8 14 9 7 4 10 7 18 3 6
13 1 1 3 1 1 1 11 3 3 13 4 3 9 4 4 2 9 2 1
8 1 1 2 1 1 1 7 1 7 9 1 4 8 5 4 7 11 2 4
7 1 1 9 1 1 5 10 1 10 16 11 1 14 9 13 11 19 3 9
5 1 1 1 1 1 1 9 1 2 12 1 1 6 1 1 1 7 2 1
41 10 15 18 16 13 24 43 24 30 38 21 22 36 37 21 49 46 37 34
63 18 33 32 34 13 39 47 44 49 54 47 43 51 54 48 39 60 28 38
7 2 7 3 8 3 1 1 3 10 12 15 9 8 1 7 1 19 1 1
37 3 4 9 15 13 17 40 31 20 39 28 26 37 20 26 33 42 21 30
22 7 14 25 12 4 16 9 11 23 21 29 13 16 21 28 17 28 6 16
31 6 12 24 4 7 17 21 19 21 28 35 27 25 30 31 27 38 11 22
26 1 14 1 15 13 7 14 17 13 25 30 21 21 9 16 13 32 7 12
31 4 16 11 13 1 18 26 17 19 33 21 23 27 24 18 23 33 7 15
12 5 6 5 9 3 1 10 7 12 22 12 11 13 1 6 3 25 4 2
23 8 9 20 1 1 12 24 16 23 27 30 31 30 29 13 32 46 14 18
17 3 4 11 5 1 6 8 9 17 14 11 14 12 12 12 17 20 1 9
52 12 25 42 10 14 29 48 14 41 55 40 27 52 46 28 47 63 28 26
42 23 19 27 26 27 11 49 51 34 52 41 53 50 36 38 16 56 28 20
16 6 1 3 13 1 11 16 15 15 15 4 5 9 10 17 15 12 12 15
1 1 1 2 1 1 1 1 1 6 1 2 5 1 1 2 4 9 1 1
38 18 28 21 28 22 6 10 18 32 43 40 17 39 26 22 18 44 18 24
45 17 33 53 16 33 31 28 23 41 55 47 30 52 52 48 33 65 36 30
16 1 3 7 8 1 10 17 14 15 18 13 11 17 10 14 13 17 4 13
23 1 10 3 12 2 6 18 10 19 32 18 15 26 8 15 2 32 1 5
55 7 11 33 29 12 31 51 46 42 50 46 40 52 51 29 56 57 34 47
54 16 25 35 21 19 23 47 34 41 50 42 40 51 49 30 53 68 41 36
54 21 38 30 31 25 13 44 40 38 61 61 53 54 46 25 35 73 34 24
24 6 3 7 15 5 11 26 26 19 25 24 21 25 16 22 28 39 22 24
22 9 13 18 13 14 15 15 21 26 25 33 30 27 17 26 23 43 1 20
56 27 24 32 32 17 45 52 47 52 52 49 51 54 48 47 57 68 28 45
56 24 41 29 40 25 33 12 28 42 41 44 18 39 48 41 28 40 33 37
18 1 7 1 4 4 4 18 15 4 23 16 17 16 13 11 19 25 14 11
57 24 34 35 34 33 21 37 32 46 57 41 25 46 42 31 28 56 39 29
16 6 9 11 12 5 4 9 10 20 20 21 13 17 9 14 12 30 1 10
36 8 10 16 14 11 17 44 37 27 47 31 42 48 27 28 21 55 19 26
52 13 32 35 10 18 35 28 19 19 55 42 26 45 42 38 29 41 25 19
39 20 19 12 36 22 31 39 37 35 45 31 31 41 25 41 37 50 30 37
38 16 19 35 13 29 25 40 28 37 48 35 40 48 34 31 43 63 21 33
45 10 20 12 21 11 9 28 24 27 42 39 31 38 31 16 27 46 17 24
8 1 1 6 1 1 1 7 6 8 5 9 8 6 7 7 10 11 4 7
44 6 30 19 26 21 26 21 22 22 42 41 24 30 25 35 23 40 17 18
55 19 30 26 25 8 34 45 26 29 45 36 31 34 46 29 47 44 39 27
53 16 44 32 25 15 33 21 13 25 44 54 27 33 40 32 28 43 25 16
27 4 7 16 12 4 3 22 21 26 22 32 27 28 26 9 28 42 14 23
18 16 13 27 12 14 2 25 30 27 27 34 35 33 31 27 19 46 23 16
53 7 28 16 22 20 14 23 28 16 50 53 24 38 31 22 12 41 23 23
56 9 22 18 29 20 24 35 31 31 52 47 19 47 33 36 27 51 28 33
45 17 32 17 33 29 15 16 27 34 49 46 29 44 30 27 28 54 16 32
34 3 12 2 20 7 2 24 20 16 35 32 16 26 15 8 17 37 18 18
9 1 2 5 3 1 1 12 4 5 14 10 3 10 6 8 9 17 5 6
47 14 25 23 20 26 12 46 29 36 58 31 38 51 34 20 28 62 30 20
27 15 13 20 16 24 18 31 22 25 41 24 29 34 16 28 24 43 16 23
6 1 1 1 1 1 1 3 1 1 12 7 4 2 1 6 1 8 1 1
12 2 6 4 1 1 3 9 9 8 8 10 18 8 12 4 16 20 6 8
10 3 2 7 1 1 1 3 2 10 9 3 12 5 7 3 8 16 1 1
9 1 1 5 7 1 8 6 8 16 4 5 5 8 12 13 18 14 6 14
20 5 3 9 9 2 1 19 19 16 18 22 22 21 13 5 17 32 11 17
33 1 8 8 13 8 17 30 25 21 38 35 27 38 19 27 18 41 7 23
8 1 2 11 1 1 5 11 1 10 15 9 5 16 15 11 20 22 6 9
34 6 16 20 7 7 20 19 15 18 29 31 26 25 25 26 24 32 4 15
51 29 40 44 34 36 20 39 39 47 57 55 48 55 45 51 19 62 23 17
29 11 11 12 17 4 16 18 25 25 22 22 26 22 22 27 25 38 13 19
25 1 7 10 7 4 8 24 13 11 19 14 15 16 20 4 28 27 19 15
22 1 5 2 7 4 7 17 13 5 27 14 11 19 9 15 7 21 3 5
5 1 1 1 5 1 3 2 6 8 3 1 5 1 1 2 5 4 2 5
12 1 1 5 1 1 1 8 1 7 8 7 4 9 7 6 7 10 1 3
46 9 18 31 25 20 10 39 31 39 43 44 31 46 38 19 42 63 34 36
32 13 22 26 13 10 22 14 18 22 23 23 23 15 30 26 20 24 15 10
41 6 23 16 21 20 16 29 18 19 48 37 24 40 21 26 27 48 8 18
46 6 7 29 21 7 32 32 34 36 37 35 21 37 36 43 33 41 14 30
22 1 14 14 4 1 9 11 3 7 16 19 9 12 20 14 15 21 4 6
34 14 20 23 15 17 22 31 25 27 39 40 40 38 26 28 35 57 11 24
23 1 12 8 14 3 7 17 12 9 16 18 7 10 11 9 16 22 13 9
30 6 19 7 18 7 8 15 11 19 31 23 18 19 12 9 15 32 5 8
11 3 7 3 9 5 1 6 8 12 20 17 12 13 1 7 4 29 4 1
36 9 21 32 7 11 25 21 14 26 37 32 21 34 35 36 14 37 13 14
8 1 1 1 1 1 1 5 1 4 11 2 5 3 3 4 5 9 1 1
53 7 34 23 24 22 27 31 28 23 51 54 35 42 34 34 34 55 23 25
4 1 2 1 1 1 1 1 1 2 5 1 7 1 4 1 4 7 1 1
66 10 27 29 31 19 40 58 51 39 65 59 56 64 56 50 47 63 19 50
18 5 13 4 14 8 1 9 3 15 24 17 5 15 6 3 3 26 8 4
40 2 23 32 19 15 27 22 17 28 47 51 11 40 32 42 22 49 21 23
59 8 21 41 26 22 43 43 42 33 55 63 27 52 48 57 42 54 31 48
27 4 17 13 13 7 14 10 17 12 20 28 20 10 17 22 14 22 7 11
9 5 8 13 9 3 7 5 4 21 10 18 9 15 12 12 14 26 1 11
11 1 2 2 6 1 1 14 7 9 17 10 8 11 1 2 8 24 6 5
51 13 28 19 35 20 4 40 34 33 49 48 36 44 38 12 42 56 34 36
27 1 11 12 9 3 11 13 9 10 27 23 7 16 12 24 8 22 9 8
8 1 3 1 1 4 2 2 5 5 11 9 12 6 5 9 5 9 1 2
62 12 27 15 35 18 27 45 41 32 53 53 44 45 37 31 44 57 23 36
15 1 4 9 1 1 3 6 1 4 11 6 4 3 8 7 1 7 1 1
18 3 8 20 4 1 10 4 6 16 13 18 8 8 17 20 12 20 3 9
19 21 19 22 15 18 2 28 24 27 27 19 32 25 22 17 12 37 20 5
3 1 1 1 3 1 1 7 8 3 6 5 4 4 1 2 6 12 5 6
58 3 30 17 29 8 23 46 32 31 60 50 37 57 46 26 36 63 18 33
35 3 7 19 9 14 19 38 27 18 42 35 26 42 24 32 27 43 12 27
56 24 31 21 34 2 42 44 29 47 46 28 41 45 46 35 43 48 23 30
12 1 8 10 1 1 3 2 1 4 6 16 3 3 12 11 6 14 2 2
19 7 10 19 10 7 4 15 10 25 20 21 12 24 14 13 10 34 3 8
3 4 1 7 1 1 1 6 6 8 6 4 10 2 1 1 1 12 3 1
22 20 23 36 19 20 12 25 25 32 33 28 25 29 30 36 15 38 28 10
24 9 16 19 8 1 18 20 9 20 20 23 21 22 25 14 31 31 13 13
7 1 3 1 1 1 1 7 2 1 15 1 5 5 5 2 10 10 6 1
18 8 11 19 10 12 10 14 17 20 22 31 23 24 12 25 10 41 7 12
18 8 11 16 4 5 7 8 9 12 12 16 17 4 15 12 9 15 4 4
18 2 8 6 10 1 11 15 13 12 19 13 13 13 15 15 22 22 10 12
16 1 10 8 1 1 7 12 1 5 17 8 12 12 14 6 16 17 9 1
44 4 16 17 14 14 26 26 19 16 41 26 15 30 26 38 22 26 21 20
23 1 15 11 6 1 7 6 1 4 15 18 4 3 14 10 4 11 4 1
32 2 13 4 21 13 12 23 22 19 32 29 20 25 9 22 19 36 6 19
56 14 17 16 29 13 22 47 43 29 50 44 47 41 36 24 41 55 31 34
15 7 11 10 12 7 1 7 6 18 19 16 11 11 5 10 6 26 4 5
43 7 22 26 7 8 25 31 15 16 40 25 23 26 31 19 24 28 20 9
44 13 15 29 30 24 20 49 46 39 53 54 46 56 41 31 53 71 35 50
14 3 5 12 3 1 6 11 8 15 12 19 15 13 17 15 20 24 6 14
5 2 1 2 1 1 1 1 1 6 5 1 8 1 2 1 3 6 1 1
40 9 9 22 12 6 18 33 31 23 35 32 25 33 31 30 28 38 28 25
38 6 10 15 14 1 18 27 24 17 22 25 14 22 30 26 31 22 17 26
43 15 9 19 23 24 22 50 38 34 49 23 32 43 24 28 30 51 32 30
58 28 28 31 37 11 30 58 43 48 53 45 54 53 55 27 66 67 50 44
41 1 5 18 10 12 16 48 27 27 52 29 29 52 37 25 38 52 29 34
15 1 1 9 1 2 1 16 1 8 21 8 1 19 10 8 15 22 8 7
21 1 1 1 6 8 6 22 14 5 27 10 9 19 5 14 16 23 10 12
41 10 25 20 19 22 14 21 17 24 44 40 23 33 21 27 15 48 14 14
36 12 24 8 24 16 11 17 24 26 35 34 27 25 19 13 19 43 15 18
26 12 15 29 14 8 17 27 25 33 34 34 30 33 29 26 30 50 14 18
12 1 11 4 5 1 6 4 1 4 8 9 11 5 11 1 11 12 1 1
50 15 23 26 27 12 32 43 32 35 45 41 24 41 47 44 50 52 37 41
24 7 9 20 5 11 12 15 22 20 21 29 30 24 22 26 21 38 5 18
47 11 24 25 21 26 17 39 21 32 52 32 18 40 26 23 35 54 29 26
48 14 18 21 25 5 25 33 32 29 34 37 26 29 38 35 35 39 29 33
13 3 4 8 5 1 2 6 9 9 6 9 11 1 7 6 8 12 1 4
23 1 15 18 1 1 13 7 1 6 18 18 7 11 24 16 16 15 3 5
14 1 6 4 3 5 3 16 8 3 24 12 12 12 9 8 14 21 11 4
44 17 22 19 34 22 17 27 34 43 46 45 26 47 33 30 38 61 29 40
40 21 21 28 31 26 14 48 50 41 51 50 54 52 40 38 36 68 33 33
49 10 23 9 22 7 20 38 24 23 46 37 28 38 26 19 36 46 24 19
4 1 2 1 3 1 1 1 1 1 9 9 1 2 1 5 1 10 1 1
12 1 7 6 8 4 1 15 1 7 21 10 1 16 5 8 11 23 10 6
54 19 22 15 40 14 16 52 46 39 47 39 40 46 45 21 55 54 45 48
12 1 7 10 5 4 4 5 8 8 11 21 11 13 14 18 15 22 3 9
33 7 19 4 18 13 4 24 14 15 37 24 12 27 15 4 15 33 16 12
34 6 25 24 7 8 15 10 13 18 27 40 27 23 27 23 19 38 8 8
45 14 31 35 18 2 28 32 17 29 38 53 38 37 49 29 44 53 27 26
11 1 4 4 8 3 2 6 8 11 19 15 11 13 1 12 5 26 2 7
32 1 5 15 1 4 7 31 12 14 30 15 17 28 25 15 22 29 16 14
37 16 23 37 21 24 15 39 24 38 46 30 23 42 30 29 25 52 28 21
19 1 5 4 1 4 3 20 3 5 25 4 9 16 10 2 15 18 10 3
24 1 6 15 5 3 11 17 16 16 24 27 18 23 23 23 26 30 7 19
44 22 17 21 20 12 23 43 40 36 43 31 45 43 38 30 42 52 30 31
35 1 12 15 1 4 15 21 13 5 33 28 16 25 26 27 15 26 11 8
32 6 10 10 16 11 15 27 26 19 31 26 29 23 15 24 26 40 14 20
7 1 1 1 1 1 1 8 1 4 10 1 2 6 1 1 3 10 1 1
62 5 24 27 28 25 27 49 41 22 57 54 35 48 44 39 44 55 41 41
3 7 2 7 2 4 1 3 5 11 9 5 12 4 3 4 1 15 1 1
18 1 4 1 1 3 2 12 13 2 18 16 19 10 11 8 13 17 7 8
37 20 26 30 31 17 19 46 42 42 43 34 41 46 36 33 20 55 24 24
14 1 4 11 1 5 3 15 3 5 18 9 3 12 11 10 12 17 11 5
27 10 13 13 26 14 18 14 21 34 28 32 16 30 17 29 20 41 9 27
31 25 29 36 32 26 8 26 31 44 38 41 32 39 30 38 14 51 21 13
11 5 4 7 7 2 1 8 8 11 14 10 10 7 2 3 3 21 2 1
19 1 16 3 10 4 1 1 1 10 16 19 8 9 11 7 6 20 1 1
23 5 19 20 8 4 14 3 7 13 16 22 15 9 23 20 16 20 6 8
22 1 14 9 14 3 11 14 8 19 21 17 12 20 16 12 25 31 10 14
35 10 21 30 9 9 23 15 15 24 31 34 26 25 31 31 26 36 7 16
23 4 15 6 10 9 13 11 10 10 24 24 24 18 13 15 15 28 1 7
26 2 12 14 9 3 7 15 10 21 23 31 18 21 22 16 24 37 7 17
23 1 12 10 18 7 11 14 10 22 23 20 5 23 10 15 16 26 5 16
49 11 15 32 31 21 13 53 39 48 53 43 33 57 40 19 50 70 41 45
38 14 14 34 20 15 20 40 38 35 41 44 35 42 41 37 40 57 36 35
13 6 1 10 1 7 1 11 14 13 18 11 18 15 6 13 6 24 1 5
34 5 6 4 21 12 16 35 35 15 34 32 29 27 18 23 28 38 20 29
8 1 4 6 5 1 1 4 1 7 8 9 4 5 5 7 5 14 2 4
18 1 1 5 7 1 9 18 14 10 17 7 6 15 9 11 12 13 5 11
15 7 13 16 6 6 3 1 10 12 13 19 17 8 13 15 2 20 2 1
7 1 3 8 5 1 6 3 6 12 8 9 5 10 11 12 15 15 3 12
59 15 20 23 23 13 33 54 35 36 57 39 39 55 44 34 53 61 35 38
11 1 4 5 1 1 1 7 7 1 5 9 5 3 9 5 8 10 5 4
43 27 28 16 42 25 28 37 31 44 44 28 26 40 31 29 38 50 37 35
29 2 15 18 3 2 13 16 8 13 24 32 20 22 25 22 23 31 3 11
36 3 5 3 19 1 20 44 34 24 34 14 25 35 25 21 26 33 23 29
23 5 4 7 8 2 8 24 22 19 22 6 22 18 13 12 13 25 8 10
33 1 11 14 6 8 2 24 7 14 35 25 10 30 19 14 21 37 13 11
8 1 1 1 1 1 1 5 1 6 9 1 5 4 2 3 4 6 1 1
13 1 2 8 8 1 8 13 7 13 20 16 2 17 8 17 14 23 3 14
7 1 1 5 1 1 1 7 6 7 4 6 9 3 2 3 4 12 1 4
44 29 21 23 37 24 38 49 52 51 50 34 46 53 39 52 32 55 27 39
1 1 1 1 1 1 1 1 1 4 7 2 2 4 2 6 4 9 1 1
30 1 6 13 13 14 15 30 26 12 30 27 19 25 17 25 24 34 22 23
25 1 5 7 8 1 7 20 16 10 15 12 10 12 18 14 23 18 13 17
14 1 1 6 7 5 6 12 17 9 15 17 12 13 8 17 15 22 9 14
19 3 6 11 10 3 10 9 13 14 14 14 8 12 18 23 21 17 8 16
18 7 10 10 1 4 7 18 13 11 22 18 26 15 16 7 20 30 14 9
65 20 30 28 33 34 29 52 37 47 66 40 37 57 40 32 40 66 34 35
30 4 16 20 13 5 16 12 13 20 22 29 9 13 19 27 12 26 14 14
10 8 6 18 1 6 4 10 7 16 11 11 13 15 13 12 14 25 9 6
9 4 3 4 1 1 1 3 4 9 8 1 11 2 5 3 7 10 1 2
43 4 6 16 26 2 25 34 39 27 33 42 26 37 40 38 45 48 26 42
2 1 1 1 1 1 1 1 1 6 4 3 8 2 3 5 5 8 1 1
50 15 24 33 24 21 14 45 40 31 44 39 38 40 45 22 38 47 45 31
23 1 7 6 5 1 3 17 13 8 20 21 21 14 18 11 20 24 11 13
43 5 7 11 13 16 17 43 27 22 43 18 24 34 26 21 36 38 31 30
11 7 7 9 7 5 1 10 6 14 16 9 11 10 4 2 3 23 6 1
16 1 6 11 2 1 7 4 4 9 15 14 7 12 17 17 17 14 1 10
17 13 18 32 10 11 14 12 16 28 16 22 20 20 30 27 18 29 13 13
40 8 16 17 29 13 5 37 33 28 35 37 30 32 26 8 33 49 33 29
52 19 22 21 35 27 24 46 47 42 53 49 43 54 31 35 34 65 22 39
23 8 11 11 15 16 8 14 21 20 24 32 27 23 6 19 10 40 5 13
44 18 17 30 18 12 28 40 24 38 46 33 33 45 36 32 43 56 24 26
3 1 1 1 1 1 1 2 3 1 6 2 1 1 1 2 2 3 1 1
30 1 7 5 2 1 9 21 15 6 23 13 19 14 19 9 12 16 6 7
29 8 16 21 17 18 12 18 16 33 36 27 22 36 21 21 31 52 16 21
6 1 4 2 4 1 1 2 3 9 4 9 9 3 2 2 6 17 1 2
11 5 8 7 9 1 1 8 1 12 16 12 9 10 5 8 7 22 7 4
57 10 28 32 28 30 29 43 25 38 55 41 16 49 39 41 44 57 32 38
31 12 15 25 9 25 12 34 20 27 46 20 33 40 24 21 26 50 19 16
44 9 17 19 21 12 13 45 35 27 50 43 39 48 42 19 44 52 30 36
11 1 1 2 1 1 1 13 12 5 14 13 15 7 5 3 8 17 7 9
4 1 3 2 4 1 1 5 1 1 8 8 1 5 1 3 2 14 4 1
44 10 26 20 14 3 24 32 16 16 43 34 27 30 29 22 26 35 15 7
58 20 26 25 33 5 31 49 34 36 50 51 45 47 52 35 57 59 41 38
9 3 1 7 6 1 3 10 9 11 12 10 9 8 7 9 11 18 6 9
32 15 30 33 15 21 12 17 21 27 37 41 30 30 32 36 10 41 15 5
54 13 15 11 20 6 29 51 36 20 52 35 41 43 35 24 41 43 31 27
17 1 6 1 7 5 4 11 13 6 19 15 14 11 7 12 12 17 3 8
21 1 9 14 7 2 7 16 7 15 25 31 8 23 14 21 13 33 5 12
32 4 20 21 9 5 10 11 12 21 26 36 23 23 23 19 20 41 3 10
40 9 15 12 28 14 29 38 38 31 43 25 35 34 19 33 13 40 11 26
19 2 1 5 12 4 17 17 18 18 21 15 9 20 13 28 20 23 7 23
52 20 29 45 20 25 36 41 25 45 50 29 23 45 53 44 48 52 41 35
37 4 6 40 22 17 29 40 27 36 42 36 9 42 40 39 46 49 34 40
42 13 20 28 20 1 25 40 23 33 44 46 38 41 41 24 49 59 28 30
5 4 1 9 1 1 1 7 3 12 13 7 8 10 6 10 9 20 6 5
35 1 13 29 7 1 24 22 8 21 34 31 9 27 35 29 27 31 12 16
57 13 21 4 39 12 14 42 38 33 43 38 28 41 37 18 38 47 35 38
3 1 1 1 3 1 1 3 6 5 7 4 4 2 1 5 5 8 1 4
9 1 1 1 1 1 1 9 3 3 7 5 6 6 7 3 11 13 4 5
23 7 11 12 9 4 3 17 18 14 22 28 25 19 17 13 18 37 15 12
12 2 1 2 1 1 1 11 4 6 11 4 10 5 3 2 6 10 2 2
45 15 27 22 24 22 24 33 29 31 45 47 42 41 29 32 35 57 12 29
10 10 6 22 6 7 8 13 12 24 12 18 15 17 15 16 13 31 5 12
21 1 11 9 6 1 7 11 6 5 17 11 12 9 15 7 14 14 4 5
23 4 9 4 13 4 1 17 17 14 23 24 20 16 11 5 16 34 12 13
61 19 30 41 27 10 39 52 28 49 56 51 38 56 59 41 64 71 43 42
40 10 24 22 17 7 16 26 24 27 29 33 29 27 31 18 31 45 20 18
29 1 13 11 8 4 10 13 9 7 29 26 9 18 14 23 11 25 8 7
23 12 20 16 15 14 3 5 13 25 23 32 16 22 17 16 6 39 7 9
27 1 6 13 8 5 13 29 18 16 36 33 17 35 17 24 20 41 12 19
22 3 5 16 13 6 19 18 20 21 23 22 11 24 23 31 28 29 13 25
20 1 13 7 9 1 4 8 7 5 12 18 7 6 11 7 10 18 5 4
42 9 22 37 6 11 25 40 14 27 40 40 27 44 49 24 50 54 31 29
37 6 16 38 8 19 24 29 17 31 35 32 14 33 36 33 32 45 34 31
56 20 36 37 19 12 38 31 18 29 51 41 34 37 42 36 28 42 28 14
41 18 30 23 24 28 4 18 19 34 50 36 29 39 30 9 28 56 27 22
23 1 2 3 5 1 3 17 15 7 17 16 15 12 10 10 14 18 6 10
33 1 12 10 20 9 16 21 24 20 24 35 18 25 18 30 23 37 11 23
10 1 8 3 4 1 2 1 2 7 12 16 8 11 10 10 12 20 1 4
38 9 3 6 13 6 16 32 35 20 31 20 32 25 21 20 23 29 16 21
10 5 7 9 5 1 1 4 1 9 6 9 11 1 10 6 7 13 4 1
47 10 19 16 18 1 21 37 25 22 35 33 32 30 34 17 39 37 22 23
34 15 31 35 12 17 19 16 14 25 31 34 25 25 35 29 17 37 17 10
21 12 16 25 16 15 5 21 17 25 25 19 17 21 20 15 15 35 20 9
29 16 16 21 12 9 18 31 21 28 30 21 31 27 25 15 36 43 24 17
26 5 9 19 5 1 16 20 13 23 30 23 23 28 23 19 21 36 1 10
57 10 36 22 20 25 17 22 20 18 57 50 19 44 36 26 18 50 29 21
54 11 31 15 27 11 27 28 26 22 44 42 23 31 37 31 30 40 26 22
24 4 4 7 13 1 9 23 20 14 17 17 12 14 15 15 22 21 15 20
2 1 1 1 1 1 1 3 1 3 7 1 2 1 1 1 1 8 1 1
36 9 17 21 7 1 21 39 10 21 40 34 26 40 34 17 41 46 22 19
28 16 20 31 7 8 15 26 12 28 32 21 27 33 30 18 28 39 15 9
35 2 19 11 22 13 16 14 19 21 28 32 19 21 16 28 17 33 4 16
10 1 7 10 8 7 4 11 6 9 22 18 7 21 9 16 15 31 11 9
10 1 5 8 6 4 5 5 5 11 18 22 6 19 8 18 9 29 2 9
37 13 11 4 23 3 18 34 28 26 29 18 23 26 23 21 30 33 23 26
48 3 19 18 18 25 18 41 22 30 56 32 28 48 25 26 31 56 16 25
45 8 24 29 23 20 16 44 28 41 49 27 28 48 33 24 22 57 22 24
26 7 16 11 18 16 14 18 22 19 26 35 25 27 16 26 22 39 5 21
12 1 5 4 1 1 1 12 9 7 9 9 12 9 10 6 14 16 9 9
20 1 11 11 5 1 11 8 9 9 17 16 14 7 16 16 13 16 7 5
13 1 4 1 4 1 1 12 1 2 16 5 1 11 2 1 7 16 5 1
8 1 5 1 6 1 1 8 4 6 10 9 7 4 3 3 4 15 4 1
62 15 28 19 33 17 43 44 41 31 54 35 37 40 41 50 30 40 21 31
19 10 8 24 11 11 12 17 18 28 28 28 20 29 17 27 15 40 7 16
18 2 11 5 5 1 6 12 10 7 12 16 18 11 15 4 19 22 6 9
50 14 16 24 27 11 30 46 42 38 46 52 47 49 45 35 54 66 32 43
29 12 23 23 14 12 3 24 17 26 31 32 29 30 26 17 17 44 13 7
39 10 30 33 15 15 28 13 16 23 34 44 21 26 40 37 26 38 21 25
21 1 3 7 9 1 11 19 20 18 15 20 19 18 24 16 32 29 16 25
9 1 1 1 1 1 1 11 2 1 12 3 3 3 1 1 3 6 3 1
11 1 8 2 14 3 1 3 8 17 13 19 7 12 3 10 9 24 1 9
49 19 21 20 26 16 21 45 40 32 48 35 42 43 35 32 38 58 33 28
33 1 4 21 5 15 13 31 18 22 34 27 20 34 23 26 31 45 19 28
30 6 18 16 10 14 19 16 16 11 30 28 23 18 21 28 14 23 8 12
59 21 39 32 27 27 20 18 28 35 50 52 28 44 43 28 18 48 29 28
34 2 22 21 10 10 15 10 3 18 29 32 6 24 22 22 7 26 7 8
