1000 20 13 1112
1 1 2 3 5 5 2 4 5 1 2 5 3
6 11 7 4 8 1 7 8 1 2 9 0 2
8 15 2 22 2 17 16 1 12 0 6 2 7
6 10 1 3 0 9 7 2 2 6 3 2 3
19 2 1 2 1 10 5 6 5 15 5 4 1
1 3 3 0 0 3 0 3 1 5 3 2 6
10 2 10 14 12 13 6 28 1 6 5 3 3
3 2 15 18 11 6 3 0 4 10 0 6 11
7 7 10 7 3 15 5 18 2 14 14 0 5
4 4 4 6 9 4 5 3 5 12 13 10 8
2 4 2 0 3 6 4 0 1 3 1 5 2
2 4 6 11 3 1 6 5 3 5 0 14 4
2 3 2 4 2 3 1 5 0 0 5 3 2
3 1 3 1 0 2 2 5 3 3 7 2 1
2 0 0 4 5 4 1 3 2 6 5 6 7
6 6 5 8 5 6 5 10 3 0 6 2 3
2 2 2 5 5 2 2 1 3 5 8 1 1
10 6 4 8 0 2 7 27 9 16 9 0 13
3 13 3 3 4 5 4 9 13 6 23 0 9
1 5 4 0 2 6 5 3 5 4 3 3 2
14 7 4 6 19 18 2 8 11 11 6 17 2
0 3 2 9 0 3 1 2 0 3 4 2 4
2 0 7 7 8 3 4 4 9 5 8 3 2
10 10 2 1 3 5 10 0 6 6 5 7 1
11 4 2 1 5 6 13 5 15 4 9 9 18
5 4 4 5 2 2 4 6 7 6 2 4 4
0 1 1 0 2 8 1 2 3 3 3 12 3
8 13 13 12 16 4 3 9 7 5 3 3 12
3 4 2 7 6 4 1 0 5 4 2 5 4
1 16 15 15 7 2 2 9 12 4 8 11 4
18 11 5 1 5 3 21 2 12 10 5 18 2
2 1 2 3 2 1 5 8 0 2 4 0 1
4 11 1 7 0 2 15 9 2 4 9 8 6
14 7 1 0 3 2 4 9 0 3 7 13 3
1 5 5 3 4 4 1 2 13 3 1 2 2
11 0 1 5 22 2 4 6 3 14 12 0 10
13 14 7 17 15 7 6 6 2 2 8 2 12
1 2 7 0 3 1 2 2 0 1 5 3 2
2 5 11 10 6 1 20 2 4 14 9 6 11
2 1 15 4 11 4 9 1 10 3 6 6 5
2 1 3 5 4 4 5 5 2 6 6 7 4
4 2 1 1 2 3 2 2 3 7 2 2 3
13 0 1 0 11 1 1 5 0 4 6 15 5
5 12 4 1 2 8 4 1 11 19 3 12 2
4 1 1 14 7 1 14 7 4 16 2 18 11
1 2 7 1 1 0 0 3 5 2 1 9 3
15 1 12 1 7 23 13 1 5 11 1 0 2
5 1 3 4 15 1 1 11 10 2 6 4 7
3 7 3 5 6 11 10 5 5 0 1 14 1
8 6 8 1 8 6 1 11 6 11 17 2 3
6 3 8 4 12 4 14 1 5 4 4 21 11
1 9 12 17 5 2 9 1 7 10 7 15 18
14 4 6 4 10 11 8 8 11 15 0 14 7
2 1 0 5 5 3 5 4 0 8 1 5 4
2 10 3 13 8 1 12 3 2 6 7 4 2
5 1 7 4 16 9 9 9 2 9 1 16 8
1 3 3 9 3 4 0 5 3 3 3 4 2
3 15 3 2 9 3 6 3 14 12 6 7 15
2 1 8 5 0 5 1 1 1 3 4 1 4
1 3 3 0 2 0 0 7 0 2 9 0 3
6 14 7 2 5 10 3 2 2 4 4 7 0
3 11 2 9 11 7 11 8 8 2 4 10 18
3 6 10 6 2 6 5 7 4 1 1 0 14
5 3 4 0 5 10 6 0 1 4 2 7 9
1 2 4 1 2 1 4 10 1 10 4 5 3
3 5 7 2 6 2 2 2 1 1 2 1 4
6 1 2 6 8 10 7 1 1 5 7 3 3
2 4 5 12 3 5 1 4 3 10 1 2 11
11 5 3 10 1 3 0 6 1 8 8 4 0
5 8 8 2 2 19 10 16 1 7 1 5 2
17 10 11 3 1 9 1 9 6 4 7 7 9
7 2 2 5 3 1 10 4 4 2 16 4 14
10 1 18 13 4 9 14 2 5 1 6 10 8
12 20 2 8 3 11 5 2 9 8 1 15 2
1 1 3 1 2 3 1 2 4 3 2 10 1
2 12 25 14 13 3 7 2 12 4 6 5 6
10 2 9 17 2 2 10 9 5 2 9 1 13
6 10 3 3 6 4 5 6 2 1 6 14 11
9 5 12 18 1 9 9 0 3 4 2 8 4
1 27 10 12 0 11 8 10 9 7 10 6 3
5 6 8 3 0 3 3 4 5 2 2 4 5
0 1 12 5 11 0 3 9 13 3 0 2 3
6 8 2 12 0 3 10 4 3 6 4 6 7
4 8 6 3 4 8 1 8 1 6 14 2 5
0 3 1 2 3 5 4 1 1 6 2 1 6
3 13 3 5 9 6 10 20 10 0 9 10 1
3 2 3 6 10 2 10 4 1 5 4 8 1
2 13 6 4 11 7 8 4 1 10 9 0 7
5 2 3 5 7 3 4 12 2 4 5 11 6
0 1 2 5 11 3 5 3 8 8 5 2 2
12 9 3 8 6 3 4 10 4 3 1 11 10
5 2 10 10 14 3 0 2 1 12 22 18 12
0 9 0 10 7 4 7 4 8 4 3 4 0
7 7 4 7 5 6 9 4 3 6 0 3 3
17 3 12 16 6 5 1 5 2 8 4 10 1
2 5 1 12 1 6 7 5 3 12 10 10 11
8 5 3 12 6 1 2 1 0 9 8 1 7
2 0 1 2 4 7 8 3 1 1 6 4 2
7 13 8 3 1 9 15 7 1 6 11 8 1
7 2 5 1 12 12 2 6 1 2 7 3 0
3 3 0 0 6 2 8 8 9 1 5 6 13
1 5 12 2 5 4 3 1 3 4 5 2 0
15 0 12 11 12 7 1 5 1 11 1 9 0
8 5 9 12 3 0 16 7 11 7 9 8 1
7 2 7 6 13 7 4 7 10 7 4 8 8
9 5 8 8 3 9 1 4 18 0 4 11 1
4 1 1 4 5 2 1 1 4 3 1 8 2
1 1 3 3 3 6 1 0 3 6 2 3 2
1 12 11 7 1 10 5 6 2 15 2 0 2
1 0 2 8 6 5 5 3 2 0 6 11 3
13 4 2 7 7 22 12 1 25 4 2 2 5
0 6 0 0 9 9 8 4 0 4 9 1 6
2 9 7 9 20 2 9 15 17 4 2 2 2
1 8 0 1 5 4 8 5 8 5 15 6 2
5 2 14 10 6 4 5 3 5 10 12 9 2
0 5 5 1 11 5 1 5 12 6 13 2 6
9 11 1 18 8 11 13 3 22 3 1 5 1
3 5 0 16 0 10 5 11 4 9 1 2 10
12 13 15 0 6 13 7 2 9 18 6 6 14
9 9 0 5 1 5 4 5 1 6 3 6 1
2 6 3 0 1 6 2 1 2 9 3 4 8
6 17 15 3 4 8 4 2 11 4 8 1 0
4 11 9 9 1 2 13 1 0 3 3 7 6
5 1 1 2 3 5 3 3 0 6 4 10 7
4 2 5 1 1 4 5 9 9 5 1 0 0
11 2 8 6 3 7 7 7 5 4 2 3 16
4 3 4 0 5 1 0 3 1 2 3 8 0
0 1 7 4 1 3 3 4 1 8 10 5 2
3 1 0 1 3 4 6 0 11 0 1 1 4
7 3 5 9 5 7 4 8 0 0 2 6 5
7 25 3 8 14 1 2 8 5 5 4 8 10
4 14 3 4 11 8 1 2 17 11 3 0 7
12 7 1 0 1 4 4 5 7 2 5 4 2
4 1 3 3 2 7 1 1 6 3 2 2 7
2 6 14 5 1 2 4 6 8 0 4 5 12
8 2 9 8 3 6 7 3 2 1 1 2 0
4 0 7 8 7 9 9 2 5 0 6 12 4
3 3 18 1 12 7 3 9 1 0 1 14 3
6 1 14 4 1 9 2 8 3 14 8 7 5
3 10 6 9 6 1 8 3 0 0 1 3 5
3 7 6 6 7 5 4 8 4 5 3 4 15
16 6 13 3 10 0 14 12 11 12 8 3 8
3 3 0 0 5 3 2 4 0 3 3 4 3
6 7 4 11 7 6 13 16 8 2 25 11 4
6 2 9 9 7 7 6 2 5 8 18 2 18
1 13 5 11 7 10 0 10 1 4 6 2 2
12 17 14 13 3 7 18 7 2 3 5 8 4
2 0 2 5 5 4 2 6 9 12 13 4 1
6 1 1 6 3 3 0 11 8 6 12 5 2
4 6 6 7 8 7 1 2 1 9 3 8 5
2 4 1 1 6 1 6 12 4 4 2 1 5
1 7 4 1 4 2 6 4 1 6 9 3 5
6 0 2 8 11 3 3 1 1 7 10 8 5
13 6 6 2 4 3 3 18 3 5 20 7 6
12 13 1 8 20 10 1 6 19 2 9 1 1
14 7 4 16 7 3 8 12 14 13 5 1 1
9 1 2 4 3 7 6 5 6 2 3 4 2
14 7 2 9 7 0 6 4 12 7 12 1 7
3 1 8 2 1 6 1 8 0 11 4 10 3
6 1 8 6 7 6 4 2 6 5 10 1 1
1 4 3 4 0 1 4 1 1 6 0 1 5
27 2 3 2 5 8 1 6 7 9 7 3 12
4 15 16 7 14 1 15 8 17 5 3 0 13
4 4 7 5 2 9 6 5 8 1 15 14 6
15 7 5 5 9 17 0 11 1 14 14 4 1
1 2 5 9 7 6 0 0 0 1 9 1 6
10 4 8 3 10 15 6 10 11 15 1 1 3
7 3 17 4 3 11 7 8 3 18 6 10 15
12 2 7 15 2 7 0 7 0 1 15 2 12
0 2 2 8 3 1 6 2 5 3 0 1 3
3 4 2 6 1 3 1 6 4 1 2 2 1
5 3 6 6 4 8 14 4 4 0 7 9 12
8 4 6 5 4 5 1 2 12 0 5 3 5
16 3 11 16 1 7 10 10 17 5 12 7 6
1 1 3 8 2 0 1 1 2 5 1 1 3
2 4 4 8 4 4 9 3 4 5 1 11 1
0 8 2 11 13 6 9 4 10 1 3 15 11
4 4 3 0 2 2 1 1 3 5 2 3 2
7 5 6 2 7 10 9 2 6 4 1 4 2
3 16 15 7 4 2 11 0 10 2 2 4 0
4 7 7 0 4 1 5 5 3 4 1 9 1
6 4 16 3 10 18 7 2 5 12 17 18 5
1 3 9 3 0 6 13 3 4 4 5 1 2
3 7 3 1 5 9 11 19 10 7 2 2 6
3 1 2 1 5 5 3 1 2 3 2 2 3
15 10 1 4 14 13 2 4 16 12 5 15 7
6 0 1 14 14 4 4 4 9 10 14 23 9
11 7 4 4 6 10 12 2 2 1 13 19 0
7 2 19 4 11 6 0 10 5 15 5 5 1
0 5 3 8 2 1 4 1 5 2 2 1 0
3 2 0 2 5 9 4 2 8 2 7 9 11
1 1 7 0 3 2 2 8 2 4 0 4 2
0 3 5 2 3 4 3 9 0 1 8 2 0
4 3 4 3 0 4 4 5 5 5 13 20 4
4 4 7 2 1 1 0 8 5 1 7 2 3
7 0 2 10 2 6 5 1 2 5 2 1 1
2 7 7 8 4 8 13 9 2 5 10 5 1
9 1 14 6 8 0 2 9 3 5 4 1 11
3 2 7 2 7 4 7 3 0 2 9 0 4
4 2 8 1 5 8 3 15 0 5 8 2 5
12 7 18 7 3 15 23 3 0 0 11 2 6
9 9 1 5 2 4 4 12 0 9 3 1 1
3 4 14 11 2 13 14 4 10 11 2 0 4
3 6 5 7 3 5 6 4 2 8 2 5 4
0 1 2 6 0 8 3 9 3 1 2 5 1
1 20 8 14 8 6 6 13 10 8 10 4 6
15 9 8 2 17 1 24 1 2 1 3 7 8
23 7 2 5 14 11 0 18 0 10 10 8 1
4 3 2 1 9 4 7 9 4 4 7 1 1
2 3 2 4 1 13 10 9 2 5 4 5 6
2 3 1 1 1 2 0 3 8 5 2 1 1
2 0 6 11 10 8 2 16 11 2 4 0 1
10 1 5 1 2 2 5 3 6 6 4 3 5
8 5 2 1 1 1 5 7 2 5 0 2 5
3 4 4 0 4 0 0 6 4 3 1 1 7
17 13 14 12 1 1 12 6 3 8 12 10 9
6 4 9 1 2 0 1 5 4 1 5 3 1
7 1 1 17 7 11 3 5 4 1 14 18 8
14 6 10 9 12 3 11 2 8 3 5 3 7
6 12 13 2 4 6 10 5 7 3 6 17 5
1 11 20 0 6 7 9 4 8 8 12 2 3
9 1 1 11 6 4 5 5 2 3 12 8 2
5 2 0 8 16 3 6 9 2 11 5 10 5
0 4 2 3 3 0 2 0 1 0 7 1 3
6 2 2 2 13 1 6 1 6 8 7 7 2
16 18 13 10 3 2 1 8 0 6 1 15 7
14 5 2 2 13 9 7 1 7 1 3 0 3
0 9 1 0 6 1 4 8 11 4 9 2 6
2 7 1 2 3 7 3 0 3 2 3 2 2
8 1 8 4 2 1 4 3 6 0 10 1 3
11 4 4 9 2 5 2 12 13 4 6 12 11
10 0 11 1 4 4 9 7 14 14 6 6 9
4 5 1 1 4 2 0 1 7 2 2 2 5
15 1 7 3 0 9 1 1 12 3 6 13 1
4 10 2 6 4 4 3 3 1 5 2 7 5
7 4 2 0 5 7 4 1 4 3 0 4 4
2 1 7 1 3 2 2 2 8 2 1 1 1
10 4 9 5 4 10 0 3 7 7 3 4 14
0 3 7 0 5 9 8 3 1 6 14 5 11
16 7 21 2 5 1 3 6 3 11 20 7 3
10 12 5 3 7 16 25 3 3 7 3 0 7
4 9 4 13 7 0 9 8 7 4 11 1 3
0 15 12 11 3 14 0 3 19 5 3 1 12
10 11 7 2 3 6 6 3 2 3 2 3 7
2 4 3 6 4 1 2 6 3 4 3 1 5
8 2 5 2 7 11 0 2 7 6 0 8 7
0 4 11 2 5 5 4 2 3 11 4 7 4
2 4 2 3 7 1 5 1 15 4 7 1 8
13 1 9 2 0 1 2 11 8 0 4 2 1
12 2 1 9 4 3 2 3 0 2 3 1 4
5 10 7 20 11 4 0 11 4 10 2 15 1
12 6 10 0 9 2 2 6 3 15 7 1 6
14 6 9 5 2 1 4 11 3 4 8 5 10
5 14 10 3 5 4 3 5 0 3 2 11 5
3 2 1 10 3 5 6 1 10 10 2 6 4
6 5 9 6 11 5 17 4 1 1 8 23 8
0 10 9 2 4 3 13 14 14 9 10 5 4
5 2 3 1 2 1 2 0 7 3 5 3 4
8 3 2 7 8 0 0 2 6 6 1 1 7
14 9 2 16 9 8 9 3 1 10 13 19 2
4 2 0 7 3 2 4 4 1 10 3 5 1
3 1 5 2 5 4 0 5 5 1 7 2 4
3 7 3 1 1 4 2 6 6 2 1 5 0
2 1 3 2 1 5 3 3 3 1 6 3 1
5 2 10 8 1 4 2 3 5 1 1 2 13
7 6 9 0 1 11 2 0 0 7 6 3 2
9 5 5 2 3 6 10 2 0 1 2 2 10
1 14 5 8 3 5 2 12 10 14 13 7 5
10 7 11 2 10 3 5 10 5 13 20 14 10
14 12 2 1 2 8 10 2 4 4 10 14 6
2 14 13 11 6 4 1 17 6 10 8 12 5
5 9 1 0 9 3 5 3 11 5 7 5 1
10 14 1 7 3 2 5 4 7 12 6 1 14
1 2 2 2 0 7 15 0 1 6 2 10 5
15 1 2 12 4 10 9 8 5 5 10 2 6
12 5 7 4 3 3 1 5 8 6 0 1 8
7 1 1 19 2 1 4 4 1 5 1 2 3
2 18 4 5 3 8 6 5 10 5 10 1 11
1 4 7 4 6 1 9 10 3 13 13 0 3
17 3 3 3 5 1 9 12 3 7 4 3 12
3 1 2 1 6 4 0 5 3 3 4 7 1
4 7 1 4 3 6 10 7 11 8 7 5 4
0 10 4 4 1 6 8 8 1 1 9 4 3
7 0 15 7 5 2 2 8 7 15 3 1 6
15 3 4 2 6 6 17 1 16 5 11 8 16
0 0 2 2 10 6 5 3 1 12 11 6 4
1 1 1 7 2 1 1 2 9 3 11 5 5
1 1 3 3 14 24 4 1 9 1 12 7 7
2 5 5 1 9 5 8 8 10 13 2 9 2
12 21 3 10 4 0 3 16 5 16 4 3 5
1 1 1 8 8 3 2 7 8 6 9 1 7
1 3 8 9 5 7 24 11 6 19 6 1 15
0 2 1 5 5 3 1 2 5 1 5 4 0
1 4 3 0 0 8 2 6 7 9 4 15 14
9 6 6 5 1 4 1 2 3 2 4 5 3
6 6 1 9 1 2 13 1 10 3 12 2 0
11 8 7 5 3 5 1 0 2 5 5 1 4
1 10 4 13 2 6 9 5 4 7 7 1 4
20 23 9 7 3 15 4 12 1 4 8 8 2
11 1 7 7 8 5 14 1 11 3 25 8 9
5 1 1 2 8 4 3 2 2 5 1 2 5
7 15 9 4 0 8 18 1 13 13 8 9 15
2 4 3 1 1 2 5 1 6 6 6 8 3
14 14 7 15 15 9 2 3 11 10 9 3 1
2 5 11 5 10 5 5 20 2 2 0 14 15
3 8 3 0 9 1 7 2 1 7 0 5 12
4 8 6 2 0 2 7 7 3 11 7 2 2
1 3 0 1 1 1 6 6 9 2 0 2 0
4 10 17 16 2 7 4 3 3 8 11 2 6
5 5 9 2 3 5 9 4 6 18 7 6 12
22 4 3 4 6 0 3 5 2 7 3 8 10
2 5 3 5 3 0 2 0 13 1 1 6 10
0 6 11 8 16 4 4 17 2 18 6 8 8
22 1 12 4 4 2 12 17 1 6 3 15 5
3 6 12 4 4 0 1 8 4 3 1 11 2
3 5 2 7 2 14 4 2 2 3 4 3 4
9 1 5 12 3 7 10 2 2 1 8 1 8
3 15 4 14 1 10 8 3 2 6 1 8 2
7 6 1 3 3 5 0 0 5 0 1 2 2
1 1 5 1 1 7 3 2 6 5 3 1 6
1 5 17 1 4 9 12 5 4 4 3 6 6
4 7 10 9 3 7 12 8 3 3 3 3 7
2 5 4 2 3 2 0 6 1 3 8 3 3
2 3 7 4 8 3 4 13 10 1 8 6 6
3 6 3 13 1 1 6 4 25 7 6 16 3
1 3 3 2 2 2 3 7 3 4 4 5 3
0 7 0 4 10 5 9 8 1 12 20 15 14
15 4 8 19 5 4 17 3 0 2 6 3 8
12 10 16 5 10 13 14 16 13 2 9 3 0
2 0 7 2 6 1 3 0 2 13 4 4 4
8 7 15 6 9 15 2 7 7 16 5 3 13
4 4 7 6 6 10 8 0 8 17 1 9 6
3 3 1 1 0 9 3 2 7 6 22 0 1
5 3 7 11 1 5 6 11 4 1 1 5 8
1 5 4 6 5 2 1 2 4 5 3 3 3
6 2 3 3 2 4 2 1 2 2 6 2 8
1 2 6 8 9 6 16 2 9 2 14 9 10
0 4 3 5 0 6 2 0 4 6 0 0 2
2 9 6 9 2 6 6 0 0 5 8 3 1
1 3 3 4 2 4 1 3 2 0 5 1 3
4 1 1 11 7 3 0 2 1 17 6 4 9
2 4 0 1 2 1 6 2 1 1 2 1 6
4 3 1 6 2 1 2 0 8 5 1 8 1
0 10 1 3 6 5 7 13 3 0 3 10 1
2 8 13 2 10 2 6 5 5 6 10 2 7
1 3 4 4 2 2 9 5 11 3 5 11 0
1 6 19 11 18 20 4 2 2 7 10 5 1
7 0 8 2 3 10 11 1 3 5 16 7 1
2 21 8 4 6 6 1 10 2 3 2 7 16
2 0 1 2 7 4 12 1 6 7 9 4 2
4 5 12 2 4 0 5 16 11 0 14 1 9
10 11 1 4 2 6 9 5 2 6 6 5 0
3 7 7 4 6 5 1 1 4 8 4 2 4
4 1 7 11 1 10 7 5 1 10 8 4 1
9 31 4 4 1 1 8 12 8 1 7 3 6
3 5 9 6 1 10 0 9 9 3 1 6 3
3 7 6 19 3 2 3 4 9 3 15 14 4
1 11 2 3 13 2 4 12 4 2 13 7 1
9 2 9 3 9 4 2 1 11 7 12 6 7
11 22 3 8 13 3 1 9 6 10 15 7 8
5 0 7 3 4 0 18 1 7 5 7 0 2
7 3 4 5 9 1 2 2 8 2 7 4 6
12 4 13 5 0 10 9 7 5 10 2 0 2
0 11 14 8 3 6 2 1 7 0 6 2 3
1 2 3 7 0 3 1 2 2 1 2 2 2
3 8 2 4 5 2 0 10 9 0 1 3 1
1 2 2 0 1 6 1 1 1 2 0 8 3
3 3 5 2 3 7 4 7 17 1 1 8 2
6 8 3 9 12 1 9 16 7 4 15 6 1
4 2 15 1 9 0 3 5 6 2 0 2 9
2 1 2 7 2 5 1 2 3 0 0 9 3
7 0 3 19 7 10 12 5 4 5 4 7 0
17 10 9 4 2 12 2 10 0 13 16 3 4
1 5 5 7 1 7 6 3 8 1 11 1 18
7 3 15 11 19 15 1 4 7 3 7 0 7
4 12 6 2 1 12 11 2 11 13 11 3 10
2 1 6 0 3 2 1 9 2 3 0 9 1
1 6 1 5 0 2 4 3 4 7 4 5 1
2 1 15 23 9 5 5 5 10 6 6 14 9
2 6 10 1 2 1 2 12 6 24 6 5 3
2 6 12 8 8 12 5 1 6 10 10 0 14
0 2 11 1 0 2 3 8 2 0 1 0 2
4 10 1 3 7 12 3 0 4 0 3 2 4
3 17 8 6 1 9 3 8 16 2 13 11 7
4 7 3 0 6 2 1 2 3 1 10 1 7
3 1 1 0 4 2 2 4 2 1 6 1 6
12 14 3 15 8 3 2 3 1 4 9 12 2
1 3 10 3 4 3 6 3 6 4 5 2 11
11 6 1 14 15 16 5 16 5 3 6 6 4
3 5 12 4 0 11 3 2 9 11 12 13 2
4 4 2 0 4 7 3 2 10 1 4 11 3
3 10 5 8 4 5 4 7 4 2 3 16 5
1 13 12 0 3 1 6 10 13 4 7 10 12
17 8 3 1 3 11 10 4 12 7 3 11 9
11 6 3 8 20 11 4 9 1 3 2 8 4
3 5 12 7 1 11 10 30 0 0 3 3 6
2 2 0 5 9 4 2 1 2 9 0 2 1
2 4 6 1 5 3 7 1 2 0 1 4 5
4 1 1 4 25 6 6 6 6 6 0 1 13
8 7 1 7 6 4 1 4 4 0 8 2 0
16 13 5 17 14 8 9 15 1 2 14 2 6
6 5 7 11 11 4 15 6 8 14 5 15 7
1 5 2 5 8 3 1 1 2 3 7 5 2
4 4 4 2 14 2 10 7 2 6 9 12 4
9 5 14 6 11 16 7 3 15 14 0 5 3
10 3 12 5 1 6 5 18 5 7 8 13 3
2 7 1 1 4 3 0 2 2 3 0 0 6
1 15 2 20 2 16 10 8 4 11 18 8 2
7 10 0 25 7 5 3 10 3 6 14 9 9
11 1 2 6 15 3 11 3 3 5 10 2 10
6 1 4 2 8 0 9 1 7 1 2 12 12
5 0 6 9 3 9 8 11 2 5 8 8 9
1 6 1 2 6 2 0 1 4 2 2 5 4
1 0 2 5 2 0 3 1 3 2 4 0 6
4 13 9 9 0 3 16 4 11 9 7 1 5
1 2 1 6 2 4 10 1 0 2 7 1 1
1 8 3 4 1 7 2 8 0 0 4 1 3
1 1 2 3 5 10 0 0 7 1 4 6 4
2 3 0 3 2 6 3 0 1 1 3 2 7
1 4 3 5 11 4 2 4 3 7 2 17 13
9 0 4 1 0 5 0 19 5 6 3 1 0
16 6 3 5 3 15 7 9 7 7 0 6 19
9 2 20 6 17 16 1 8 9 5 10 3 6
3 0 10 6 18 9 1 20 10 5 5 7 8
0 21 15 6 6 7 4 3 11 6 1 0 0
1 12 6 12 7 13 1 0 2 5 1 9 1
3 2 3 7 3 5 3 1 6 2 3 1 1
8 11 11 4 27 8 9 3 4 7 7 7 4
3 2 5 1 2 6 3 2 2 5 4 11 7
3 2 2 2 4 0 5 3 11 1 4 4 0
10 10 4 10 5 2 9 10 8 4 6 3 4
0 6 2 0 1 0 4 3 4 1 5 0 0
6 4 1 5 8 3 0 7 12 4 8 2 0
1 1 13 1 19 4 16 11 1 6 1 11 15
3 1 2 6 2 11 15 7 6 7 17 8 19
7 4 11 9 0 7 6 6 24 10 3 13 1
9 2 6 1 10 4 1 3 3 12 5 3 3
12 14 8 14 11 13 8 0 9 5 2 2 2
2 8 10 2 8 3 8 11 1 5 1 2 1
2 8 6 4 0 2 4 1 0 3 5 0 6
5 4 13 3 8 8 1 7 18 7 11 6 2
14 1 8 8 9 8 21 5 17 2 13 9 11
3 2 2 0 10 4 0 2 4 2 1 0 2
5 9 6 9 17 3 2 1 19 7 14 17 12
1 2 0 8 9 7 0 0 2 1 8 0 3
0 3 0 2 3 3 0 4 2 5 4 6 2
3 3 5 5 4 1 5 3 7 0 1 6 1
3 1 2 4 1 3 4 3 5 10 8 1 4
1 12 2 14 4 3 7 18 7 14 4 5 1
0 4 4 10 4 3 5 1 4 5 1 1 7
16 10 15 15 0 12 1 1 5 2 3 17 10
4 5 12 7 15 11 22 2 4 4 3 12 19
1 14 14 14 10 2 11 1 16 7 5 19 0
7 4 8 12 16 13 3 22 0 13 3 0 10
4 9 9 1 12 7 1 3 0 3 3 4 10
2 4 8 5 4 1 5 2 1 9 4 11 3
2 7 9 12 5 5 9 7 3 15 10 16 2
4 11 2 22 5 16 12 11 8 1 8 14 0
3 7 0 4 6 9 9 2 1 16 4 18 3
4 1 1 1 8 16 1 7 3 4 4 0 17
13 5 9 6 1 2 15 4 3 2 1 6 4
4 4 4 8 2 2 3 1 1 0 5 1 2
6 7 8 1 10 18 0 19 11 4 11 5 6
0 8 5 7 1 4 6 10 1 6 4 6 2
6 4 4 7 5 0 9 2 7 3 10 1 3
2 5 1 2 7 1 3 2 3 0 0 4 2
1 11 6 1 0 0 3 3 3 9 4 4 2
1 4 8 3 11 8 4 7 4 7 5 3 7
2 13 1 9 7 1 7 6 15 14 2 2 8
4 7 6 4 4 2 3 9 4 7 1 3 1
1 7 9 5 12 10 5 2 16 3 5 7 2
0 5 1 13 5 4 6 16 14 3 9 2 10
1 0 1 4 1 4 3 2 3 3 1 6 1
0 4 4 7 1 5 3 5 3 4 1 3 5
2 12 3 13 9 19 17 9 8 4 12 2 8
1 8 14 5 1 1 3 2 4 4 0 1 1
3 4 6 2 4 9 2 7 7 2 1 2 4
16 3 6 4 1 9 1 14 0 7 7 3 4
1 3 3 6 21 10 1 9 1 11 10 5 5
3 7 3 0 6 7 1 1 1 6 3 1 0
0 4 8 6 11 2 0 6 17 4 3 6 9
1 7 0 10 4 9 5 2 7 2 7 0 2
4 3 7 4 1 1 1 2 3 9 6 1 4
0 13 7 18 6 2 1 2 8 2 4 3 11
5 1 6 6 0 5 4 1 1 0 3 2 0
6 1 5 4 20 20 2 11 5 14 9 11 5
3 6 7 2 0 4 2 6 7 3 4 5 4
3 6 13 1 3 11 5 6 4 6 3 8 9
9 7 5 12 6 6 2 2 12 3 1 2 10
4 2 2 7 2 5 1 3 3 3 3 9 10
0 25 1 4 3 6 5 1 7 6 10 5 11
11 9 2 6 16 5 16 10 5 17 8 14 11
6 4 5 3 5 7 3 1 1 3 0 0 0
7 6 1 3 3 22 3 2 2 13 13 2 8
1 0 10 10 12 1 15 4 0 1 6 11 2
6 6 2 4 1 6 2 7 2 18 10 22 2
0 2 1 3 1 3 5 1 3 1 2 6 1
2 3 6 22 7 8 17 2 10 7 5 4 19
2 1 1 9 8 10 7 8 3 9 10 10 2
0 6 3 1 2 0 4 4 0 4 3 0 0
9 5 0 8 2 2 5 5 1 0 5 5 2
15 3 11 7 14 7 10 4 9 5 7 3 6
11 6 4 13 13 7 15 13 3 7 16 1 11
16 5 6 4 7 9 0 6 8 10 4 9 7
5 3 3 5 2 6 9 7 6 0 2 1 2
15 0 4 2 7 1 10 9 21 8 3 20 7
8 7 9 6 16 5 0 7 5 2 6 14 2
11 5 11 4 6 9 4 1 6 5 5 4 6
7 25 4 1 12 5 0 7 3 10 7 2 1
3 7 8 6 10 5 2 7 5 5 6 1 2
12 10 4 3 19 0 2 7 11 14 9 10 3
1 6 10 9 13 7 8 15 5 12 5 2 10
7 1 1 1 1 0 2 3 0 1 5 2 4
3 1 8 1 2 1 13 8 0 10 5 0 1
0 1 6 7 8 11 11 5 2 0 2 2 2
1 4 1 4 2 7 10 9 8 10 4 10 7
9 8 6 5 7 11 1 8 12 3 10 14 3
1 6 11 1 9 0 11 0 13 5 5 0 1
3 19 6 25 6 5 3 7 0 3 11 0 6
24 7 4 4 3 1 1 4 2 7 4 3 4
1 5 1 5 1 7 9 1 6 1 1 1 2
26 8 6 4 8 10 2 12 3 2 10 15 9
1 0 10 8 17 16 6 7 8 12 0 4 13
0 7 5 1 5 3 10 7 14 4 7 10 12
3 11 12 1 8 5 3 2 2 2 6 3 2
2 8 3 5 17 10 2 2 2 7 16 13 10
14 6 0 9 10 2 5 8 2 20 16 12 3
9 5 9 1 16 2 15 1 7 15 0 18 4
0 3 6 7 6 4 10 16 2 3 2 1 0
2 1 2 2 6 1 3 4 9 2 2 5 6
0 7 14 12 10 4 19 4 7 6 0 17 13
14 6 8 14 7 20 12 6 1 12 1 4 17
6 9 4 7 3 8 0 13 4 8 2 7 7
7 1 7 4 1 1 3 16 1 10 16 3 2
3 2 2 8 5 15 25 9 1 3 6 1 15
0 0 10 3 6 0 0 3 1 18 10 5 7
6 2 10 6 1 8 0 3 7 1 2 12 1
4 3 0 2 3 0 1 0 0 4 0 7 2
0 7 9 13 8 2 11 8 3 5 9 3 2
12 4 9 10 2 8 2 22 9 0 6 6 7
1 9 9 19 5 12 11 5 1 2 8 4 1
21 3 8 9 4 15 7 0 16 15 7 4 6
1 1 4 0 1 0 1 3 5 5 3 5 1
3 4 9 1 3 17 11 2 5 4 3 2 2
7 1 5 0 3 4 8 1 1 0 3 0 5
5 6 4 0 1 4 6 0 1 3 1 6 2
2 8 6 18 17 10 3 0 3 8 6 12 2
8 2 4 5 1 4 5 8 4 1 3 4 2
16 6 7 13 13 3 8 9 2 2 16 9 0
2 1 3 4 1 5 12 2 4 5 10 13 0
10 15 8 6 8 9 0 6 9 4 8 3 7
2 2 6 14 6 5 0 2 8 11 3 7 5
6 10 3 3 6 14 3 9 8 9 6 2 17
0 5 18 9 14 14 4 7 6 14 5 7 6
5 2 1 4 12 1 0 3 1 4 9 5 3
4 3 4 1 5 1 4 2 1 5 5 6 3
5 4 4 16 6 5 1 12 5 10 10 7 2
7 1 4 0 6 8 11 2 2 0 4 12 4
3 3 4 11 6 7 7 2 22 0 16 4 4
13 0 13 10 3 17 11 5 1 5 10 6 8
8 5 6 4 10 4 17 8 4 7 15 7 15
4 0 4 8 2 5 8 3 9 10 11 0 2
4 5 3 2 1 7 8 6 10 8 1 5 5
11 6 2 5 1 1 2 3 1 2 3 3 6
8 5 9 10 8 3 11 4 10 24 2 15 14
15 11 0 10 10 10 11 6 5 2 9 14 19
14 7 1 1 3 4 8 5 15 9 16 10 3
8 5 5 11 14 7 4 3 7 11 9 1 0
9 12 6 0 5 3 3 16 10 8 1 4 9
1 5 6 3 4 2 4 1 11 4 5 4 8
1 1 4 1 7 1 0 1 5 0 3 4 5
3 9 1 9 2 4 1 2 9 8 11 5 2
5 9 5 1 8 16 8 12 9 3 11 16 6
1 5 8 0 5 0 4 14 2 6 4 2 9
13 15 7 4 13 8 7 7 1 9 8 3 8
8 3 8 4 2 5 5 12 9 1 7 7 9
2 4 1 1 1 3 6 5 11 2 1 13 12
6 11 7 6 18 0 9 5 0 2 2 7 0
5 3 3 5 14 12 5 13 14 2 8 3 5
3 8 1 8 2 3 11 11 1 4 4 13 1
2 5 6 5 3 2 1 4 4 1 1 8 5
1 1 9 0 10 8 0 8 9 7 5 10 20
3 12 5 1 4 9 2 19 4 9 1 11 6
2 4 3 3 2 3 10 7 0 13 12 9 10
4 12 7 2 6 1 14 6 9 1 1 7 1
3 13 5 10 3 6 9 15 13 3 17 5 11
10 9 17 7 5 4 14 10 17 2 9 9 2
6 7 3 3 2 2 2 5 0 0 5 3 2
2 1 22 0 8 1 15 6 1 10 1 8 10
5 4 1 1 0 6 7 2 2 1 3 3 3
5 3 4 7 6 11 4 2 2 6 7 9 0
1 5 11 2 11 4 1 6 4 6 4 3 3
3 1 14 4 13 4 14 15 7 11 5 7 3
2 2 2 23 8 10 7 3 1 3 1 1 6
4 6 13 13 17 5 7 8 3 1 7 14 2
6 10 7 0 10 3 1 0 15 3 11 9 2
0 6 5 2 3 1 2 3 9 1 0 1 14
3 5 2 4 8 4 7 5 11 10 1 3 5
6 3 4 5 4 8 18 5 27 2 2 5 4
8 1 3 7 0 15 1 7 1 1 4 3 4
5 8 4 16 10 3 12 8 2 11 9 7 2
7 10 4 4 0 16 3 3 7 0 12 1 3
3 5 2 6 4 1 1 5 3 6 3 0 4
1 5 0 5 7 8 13 6 19 10 5 5 16
9 4 3 3 6 4 5 4 4 3 1 5 2
6 1 6 4 4 3 1 1 6 3 8 5 7
0 3 0 8 0 6 11 13 5 6 16 11 1
6 4 9 5 3 16 7 8 7 8 16 8 13
8 3 0 4 1 9 1 2 2 1 0 3 0
8 2 6 7 7 7 11 1 4 4 7 25 14
2 0 6 11 8 7 6 6 3 9 16 11 7
5 2 1 6 3 4 1 2 10 5 6 8 2
1 9 4 19 8 1 14 1 9 2 14 13 1
5 3 2 2 2 2 2 4 13 13 2 1 1
15 4 5 0 1 3 8 2 14 1 11 11 1
11 2 0 5 1 3 1 7 13 4 2 4 4
1 1 1 7 0 4 2 6 8 2 7 2 9
9 9 14 9 1 4 7 1 1 8 7 1 10
7 2 6 0 1 8 4 14 4 7 6 3 4
5 3 3 1 2 4 2 3 2 5 0 0 6
5 5 1 1 7 1 3 2 0 13 4 4 0
4 10 16 11 9 1 2 4 2 4 11 0 4
9 6 6 7 3 4 3 0 2 8 0 9 2
3 3 0 2 3 4 3 5 5 0 1 6 2
7 0 7 4 3 6 4 2 8 8 3 2 12
0 5 1 4 4 3 7 5 4 3 1 7 0
6 4 1 2 3 6 13 2 2 2 5 2 4
8 6 5 3 4 2 5 5 0 7 4 4 7
10 6 8 7 1 18 2 6 14 6 25 5 3
9 2 2 4 19 11 7 7 2 5 10 1 4
3 18 2 15 3 3 10 10 12 4 0 13 8
6 12 0 5 2 1 2 2 6 3 7 3 7
7 17 11 0 8 4 2 5 8 3 24 6 3
13 20 24 8 4 13 0 0 1 2 7 7 1
1 5 2 17 9 5 2 6 1 7 9 4 6
16 5 3 10 4 12 3 11 10 24 6 7 8
16 5 7 12 3 8 0 15 6 14 9 13 5
1 6 9 23 1 8 6 3 6 11 8 2 0
4 4 3 0 16 7 2 1 2 8 1 8 3
12 0 2 8 6 4 3 2 3 0 3 4 11
5 6 4 10 5 0 19 3 9 4 1 14 1
13 8 11 3 15 7 20 2 0 8 0 3 17
2 12 1 23 0 5 5 3 2 7 4 8 0
12 1 6 4 4 7 5 5 0 2 1 5 6
2 5 9 1 0 2 1 1 13 3 4 1 1
1 5 4 2 1 5 7 2 2 4 8 3 4
3 3 3 4 3 2 1 7 8 13 16 3 4
3 0 0 1 4 1 3 3 4 3 8 1 2
3 4 5 6 2 2 0 1 10 4 3 4 8
7 1 6 6 4 7 5 2 8 10 8 2 3
6 4 3 4 18 5 11 14 2 4 6 11 25
11 2 3 2 13 3 3 7 10 7 1 1 10
0 6 1 3 3 1 7 1 3 4 6 0 1
1 2 10 6 2 0 8 0 1 4 0 2 2
7 9 4 9 5 10 12 11 10 4 21 10 19
4 4 15 15 10 17 9 20 2 5 4 6 11
9 8 6 9 6 8 2 0 5 1 11 6 10
3 1 12 4 3 6 1 2 1 2 2 3 2
1 0 5 0 5 4 14 9 2 5 0 13 2
1 1 8 6 1 1 0 10 1 0 4 2 2
9 5 4 3 4 8 2 5 1 13 17 12 7
4 1 6 1 1 0 0 3 3 3 1 1 6
7 4 9 12 4 10 0 3 7 2 5 7 2
1 12 9 6 19 15 9 10 2 6 16 4 2
6 20 3 3 5 14 2 12 2 4 13 0 4
6 3 2 6 1 6 2 5 6 1 1 1 2
1 4 2 2 4 6 1 0 9 5 1 5 1
2 1 3 5 5 3 0 3 3 6 2 5 3
4 3 7 1 5 2 5 16 12 1 0 15 8
7 1 14 5 4 12 15 20 8 12 1 1 17
3 10 13 4 1 5 13 7 6 4 4 18 10
1 2 4 4 5 8 1 2 1 2 0 6 9
1 14 1 7 2 8 7 0 15 1 8 10 8
0 2 4 2 3 3 2 4 6 2 1 7 2
4 1 9 11 0 7 4 14 14 1 3 3 6
5 3 5 16 5 4 1 4 1 19 6 22 6
5 1 4 2 0 5 1 7 3 4 2 14 10
10 10 0 9 13 7 17 5 12 6 11 13 7
1 3 1 1 1 2 2 9 7 2 6 3 3
8 5 9 4 13 15 8 1 17 3 18 10 13
9 12 21 18 4 5 5 5 2 1 8 19 6
5 4 2 0 3 3 3 7 2 2 11 9 1
1 10 12 11 3 2 10 3 8 7 4 3 5
2 0 13 2 1 9 6 8 10 16 5 22 9
8 2 3 5 4 1 1 4 2 3 3 0 3
3 13 6 1 5 9 8 8 2 3 16 4 4
2 3 4 0 1 0 19 3 2 1 1 4 1
5 7 0 1 5 2 4 2 1 1 4 3 3
9 1 12 0 1 23 7 15 11 7 11 5 4
9 1 2 5 6 14 1 2 7 1 11 7 2
1 6 8 1 3 10 7 12 3 0 9 6 10
9 7 3 5 3 1 6 9 1 5 1 5 10
1 1 3 6 4 1 1 3 0 3 1 10 8
1 6 9 10 15 6 4 12 5 13 10 9 4
1 14 4 1 1 8 0 1 2 10 6 7 1
1 1 6 4 0 5 3 1 1 2 2 4 4
1 1 7 2 0 5 2 1 5 4 4 0 5
6 5 0 4 1 8 2 2 7 3 2 9 9
1 4 0 4 12 6 8 4 1 2 1 5 5
4 0 1 7 12 8 17 13 9 2 18 13 1
8 23 2 10 13 2 3 3 8 2 5 1 3
13 6 5 4 8 3 7 9 16 11 10 1 18
1 1 9 1 6 1 4 2 15 5 3 2 10
5 14 12 11 3 2 3 4 3 6 14 3 19
9 8 6 22 5 13 6 6 6 15 11 0 3
7 1 2 8 9 4 0 5 11 3 5 2 5
8 7 6 10 13 4 7 4 14 10 3 2 2
2 4 3 5 0 3 1 1 12 4 4 1 2
15 9 1 19 8 7 10 1 7 1 7 7 1
3 7 4 0 5 11 3 4 3 0 2 0 2
1 8 7 7 4 1 6 5 5 10 10 4 2
4 6 0 5 5 1 19 7 6 12 7 1 1
10 5 17 1 1 4 9 7 3 2 6 3 8
8 21 17 8 3 13 6 8 4 0 3 4 11
9 5 2 3 13 3 1 7 1 2 5 3 1
11 6 0 17 0 2 0 8 16 9 14 1 3
11 9 7 10 1 7 9 9 9 1 13 2 4
12 4 4 1 7 8 4 9 3 3 8 2 4
6 3 0 4 2 2 2 5 1 4 1 4 0
1 8 13 5 3 3 3 3 8 7 4 10 20
2 4 3 8 2 3 2 3 3 2 2 0 6
2 4 11 0 6 4 1 1 1 5 3 3 0
5 2 6 11 4 1 2 4 0 1 1 4 4
5 4 4 14 6 0 3 6 2 12 7 4 9
1 15 5 5 22 5 10 0 9 11 12 3 13
2 2 1 1 2 6 0 5 1 6 1 6 3
1 3 5 4 1 1 6 3 3 2 7 16 7
8 1 3 3 6 13 5 8 3 7 6 22 6
11 4 11 1 6 4 6 0 1 2 6 3 8
2 10 4 14 0 10 4 21 2 0 2 16 2
8 7 2 3 7 13 1 10 7 9 0 11 2
0 4 6 13 7 9 9 6 13 1 4 5 2
1 1 13 9 14 5 8 4 17 5 0 5 9
6 3 2 1 6 7 3 0 4 3 4 7 1
4 10 6 2 7 3 7 22 18 3 1 12 0
2 22 1 2 17 5 6 5 11 14 15 3 5
5 7 15 2 2 6 14 5 3 13 7 5 5
3 3 6 3 0 8 1 4 2 2 1 1 1
4 4 5 0 6 1 8 7 7 5 4 7 8
14 0 7 16 9 4 2 11 5 11 1 5 3
0 2 3 4 6 8 3 4 6 6 5 3 3
12 1 6 3 5 7 8 12 2 0 0 6 2
12 6 11 14 13 4 2 6 7 11 8 15 3
4 10 1 6 7 4 4 4 1 10 4 6 2
2 2 9 0 15 4 11 4 2 7 1 3 20
2 1 2 0 2 1 0 2 5 1 8 0 1
2 0 13 5 6 2 4 6 0 5 16 0 17
1 0 5 5 3 1 0 0 0 7 1 4 2
0 1 3 3 7 5 4 8 1 1 2 9 0
13 15 6 1 7 6 21 3 16 8 13 7 2
4 4 7 0 5 2 0 2 9 7 2 5 3
0 8 1 1 0 8 0 3 0 2 7 0 5
11 2 6 7 1 11 0 4 1 4 7 15 21
1 4 17 2 13 1 4 8 4 1 6 22 13
1 10 7 4 4 10 8 0 1 1 5 6 12
4 4 1 4 3 3 10 0 3 10 3 6 3
2 8 3 1 3 1 9 3 0 1 1 4 1
1 3 9 4 2 8 1 1 5 1 7 9 13
6 2 9 2 1 1 1 3 1 10 8 3 2
16 1 9 4 5 12 2 0 10 1 11 12 16
9 7 18 7 4 16 15 6 8 3 1 3 2
10 2 5 5 1 8 3 5 5 5 5 1 14
7 0 3 2 2 2 7 3 3 5 1 1 6
0 16 18 1 8 2 11 10 8 6 0 16 18
8 3 10 6 1 9 5 10 4 1 2 1 8
7 3 1 1 5 3 5 0 3 2 0 10 8
1 3 9 19 16 6 9 4 13 9 16 11 1
14 5 4 4 10 2 10 1 7 2 21 4 15
9 1 2 5 9 9 3 2 4 5 2 4 12
18 8 19 9 10 10 8 9 6 8 12 11 4
7 3 8 7 14 17 3 1 6 18 1 7 16
4 1 3 6 2 1 0 4 3 1 3 4 3
3 7 5 19 10 2 1 9 1 5 9 3 1
7 2 0 0 6 2 8 1 4 6 8 1 5
1 5 20 4 3 8 8 3 18 10 11 2 7
3 11 5 13 1 10 2 0 8 5 3 5 1
5 1 4 1 2 2 0 3 0 2 0 4 4
2 4 7 4 6 6 9 6 10 4 9 0 9
11 8 8 2 3 0 1 11 20 2 9 18 9
9 1 3 7 3 3 6 1 5 1 3 2 0
11 10 6 2 6 1 3 7 1 0 0 4 3
4 6 2 16 1 4 5 3 1 5 10 6 6
3 7 17 10 13 8 14 12 3 4 2 16 4
6 3 1 1 0 6 3 4 2 6 5 5 7
4 10 15 15 9 7 4 3 1 3 1 12 4
7 13 6 10 3 1 12 6 2 1 12 8 3
7 9 16 2 9 9 1 2 4 9 7 13 4
0 3 8 1 5 16 7 3 6 5 3 12 14
1 8 19 3 6 13 4 4 9 6 6 7 7
9 4 0 3 2 0 4 1 2 1 2 7 4
10 9 5 13 2 3 10 3 17 10 12 5 5
3 6 4 4 5 4 4 1 4 2 2 1 4
4 4 6 1 1 3 4 1 0 5 6 6 2
2 2 4 5 3 5 0 11 9 2 6 7 11
4 14 4 19 2 13 6 6 17 3 10 6 3
2 0 8 1 2 2 4 0 3 4 1 4 2
7 8 2 2 3 5 5 1 3 8 1 11 2
1 6 3 0 6 0 6 10 12 4 2 5 13
3 15 4 14 16 13 2 1 13 0 8 16 14
3 5 3 6 5 2 1 1 1 1 6 9 1
6 7 12 9 1 1 5 1 5 5 1 3 1
2 3 1 0 2 0 4 1 0 6 1 8 3
5 0 4 2 3 3 3 1 6 1 1 2 8
7 4 2 14 3 3 0 8 1 11 2 0 9
7 14 9 6 1 2 2 20 5 3 5 9 18
11 7 1 12 16 3 12 3 5 5 9 0 0
1 1 2 2 3 4 3 2 1 5 0 1 5
4 7 1 3 0 5 2 0 1 4 2 1 3
1 7 10 16 23 14 9 0 6 6 4 3 4
7 3 9 1 3 1 0 3 2 4 4 3 0
11 2 4 7 10 12 10 3 17 17 2 3 1
9 17 3 10 3 2 1 0 8 6 6 8 2
4 0 11 3 9 1 7 7 9 3 2 5 11
4 9 4 0 5 6 0 2 4 2 9 2 1
6 7 18 5 10 2 2 4 1 7 8 6 14
6 6 2 1 7 2 4 3 1 3 5 8 6
1 7 4 15 3 3 3 5 5 0 10 6 6
1 14 4 4 2 11 18 11 3 16 9 11 4
6 7 6 1 3 2 4 3 4 6 2 1 5
3 1 21 1 11 4 5 8 1 7 15 1 4
9 3 10 18 6 1 4 1 3 5 2 4 2
4 2 17 5 12 8 3 1 2 2 21 10 3
5 7 12 16 3 3 8 0 10 20 13 0 6
8 6 5 4 7 11 3 2 1 8 4 6 0
24 9 4 3 4 3 14 7 4 14 12 9 11
6 7 5 5 1 4 9 8 12 1 7 14 1
6 22 2 3 3 10 9 7 2 11 10 10 7
10 5 5 0 2 8 1 7 0 5 3 10 5
6 9 0 5 5 7 16 0 7 5 2 1 2
12 7 7 10 4 0 22 4 5 18 6 12 4
6 6 1 2 2 7 5 6 1 5 0 0 3
1 7 0 1 7 7 2 1 2 3 2 3 7
3 4 7 2 4 5 0 4 0 3 1 3 6
8 5 0 15 10 6 6 8 2 2 5 4 5
6 10 5 5 4 13 9 9 14 6 3 2 11
4 2 1 8 3 4 3 3 1 3 2 2 6
7 1 7 8 5 9 4 8 8 10 5 0 9
7 16 10 11 1 10 12 8 7 3 4 14 6
3 5 0 3 1 3 5 2 7 1 6 3 4
3 3 1 0 5 3 2 2 2 1 7 2 0
16 3 9 9 1 5 6 2 7 12 10 17 7
5 3 2 0 0 0 4 3 1 2 6 4 2
9 1 0 0 2 2 3 3 1 3 2 1 3
2 4 4 6 2 2 3 1 0 9 5 1 4
7 11 3 9 4 3 2 3 10 14 20 1 1
18 12 6 10 1 6 14 6 6 5 11 1 8
10 14 6 9 9 3 12 15 2 9 1 19 5
2 1 7 2 2 4 4 2 2 2 1 1 6
7 3 6 7 5 3 3 10 2 2 4 1 2
3 11 0 8 14 9 2 18 2 6 11 6 2
5 16 1 12 1 14 2 11 14 6 15 8 8
7 11 22 1 14 7 7 10 6 7 3 1 16
3 3 0 3 8 2 3 2 3 0 3 4 1
5 11 7 4 4 1 7 6 9 5 3 6 11
2 3 1 3 1 6 3 4 4 5 5 3 4
7 9 2 3 1 11 10 12 12 4 11 6 16
5 6 9 0 1 0 2 1 3 4 2 14 4
1 1 11 0 6 9 3 12 4 3 4 2 3
19 6 12 13 12 4 4 11 3 11 1 10 11
0 10 8 3 2 10 1 3 8 4 0 0 8
3 1 8 2 3 2 11 4 3 0 2 3 2
9 18 12 2 16 19 9 0 1 3 4 10 6
2 3 5 8 4 11 11 11 27 7 10 10 6
3 6 1 7 3 1 1 3 0 0 3 5 6
1 1 1 14 10 10 1 1 0 7 9 10 1
5 6 0 7 2 2 1 6 6 1 5 2 3
1 3 7 0 2 4 3 2 0 7 1 5 3
4 5 3 2 2 0 7 8 2 0 2 1 3
8 13 3 3 3 7 5 12 12 2 1 8 5
2 0 6 8 2 0 6 5 0 0 3 0 1
4 6 8 1 8 6 3 3 0 4 4 3 5
16 3 0 2 0 6 4 4 1 1 19 13 8
7 7 11 13 3 5 2 0 6 3 8 10 15
13 0 8 15 0 13 6 4 5 2 5 0 2
6 3 15 1 6 9 10 12 7 6 1 0 7
4 1 1 3 6 4 0 1 5 1 1 9 1
4 2 1 3 1 2 3 1 7 4 2 4 8
6 6 2 16 1 12 20 9 9 10 11 8 1
7 5 5 10 1 5 14 1 5 4 10 1 14
11 5 3 6 5 6 6 14 4 11 5 6 22
3 3 12 4 8 1 1 5 2 14 9 13 4
3 10 1 2 10 9 9 5 11 5 18 8 2
0 0 7 2 9 1 3 10 2 4 6 3 5
9 1 5 1 7 8 4 0 4 8 1 6 1
6 1 7 11 6 1 7 10 4 9 6 2 9
0 1 8 1 3 3 11 11 9 15 12 6 11
9 4 2 17 6 8 5 15 10 1 4 5 6
8 5 11 13 6 17 2 1 13 2 5 3 3
7 4 20 2 5 16 1 2 7 5 16 1 4
4 7 4 1 7 10 4 8 0 1 12 1 0
12 25 9 2 5 10 6 22 2 1 2 5 1
7 3 1 17 5 2 8 10 4 2 8 1 6
0 11 5 0 8 4 4 4 13 2 1 3 1
10 1 4 0 9 12 3 7 2 9 3 3 2
2 0 1 1 4 2 1 2 11 3 1 6 4
7 2 1 8 1 1 3 7 10 4 3 14 3
7 11 0 5 7 6 4 0 0 1 3 3 0
7 4 5 12 8 3 2 6 2 1 1 2 2
6 2 1 1 4 3 3 2 1 6 2 4 4
6 9 4 6 1 7 5 1 1 8 3 5 14
2 5 14 2 5 14 2 2 2 5 9 3 7
6 1 5 5 2 2 2 17 7 11 1 2 9
1 3 8 3 6 8 1 2 7 6 2 1 6
2 3 1 14 5 3 5 2 4 2 8 12 6
2 4 5 4 6 3 1 3 2 3 1 1 2
11 7 2 15 6 4 13 11 5 3 1 13 0
12 20 9 11 15 17 6 4 4 9 7 7 8
6 5 12 8 11 4 1 10 5 12 4 4 10
3 2 1 5 0 3 1 1 7 3 1 1 2
0 0 5 10 2 5 5 1 4 2 3 9 18
18 5 3 6 5 7 6 0 6 3 13 6 17
7 5 7 2 4 0 4 6 1 4 4 0 2
8 4 0 5 5 4 14 11 3 1 2 4 5
15 1 6 5 10 3 2 3 4 16 0 6 6
7 4 1 5 8 5 6 2 2 8 3 6 9
1 8 1 8 15 14 2 5 4 8 5 2 4
1 2 2 8 4 1 0 7 1 2 1 3 6
1 4 0 3 3 1 5 2 3 0 4 0 5
6 19 7 4 13 2 7 16 12 2 4 3 1
2 0 2 7 3 2 2 1 4 2 7 11 5
4 1 13 12 5 3 1 15 9 11 1 7 13
7 11 7 5 15 17 5 12 2 17 15 2 11
3 3 0 0 2 1 10 0 3 3 3 6 9
8 9 9 7 7 15 1 4 16 8 1 5 2
14 19 4 2 3 4 3 14 1 22 8 6 0
15 1 2 7 1 8 0 4 9 9 6 0 6
0 7 4 1 4 8 6 1 13 6 4 2 3
3 1 8 1 1 3 2 3 0 4 0 3 3
8 13 11 4 6 7 13 11 6 1 2 5 6
1 0 6 1 7 1 1 3 2 4 2 2 2
10 0 8 2 10 3 5 3 1 6 4 2 7
1 8 9 6 5 17 3 0 3 3 12 0 3
3 3 1 4 0 1 5 0 5 4 2 7 4
6 7 2 2 3 1 10 3 3 6 8 0 8
1 1 2 4 1 4 3 0 3 4 0 8 2
3 2 9 6 4 9 10 13 5 5 2 1 7
1 20 18 3 6 3 4 2 6 6 1 11 2
6 10 11 0 10 13 1 12 5 2 14 3 3
12 4 8 4 10 13 3 1 5 2 6 4 11
4 2 4 1 2 5 2 3 3 2 0 8 1
3 5 2 6 6 5 7 1 7 4 8 0 4
21 11 18 6 4 4 3 7 9 5 16 4 14
4 10 10 11 4 10 0 15 7 5 6 2 2
11 4 9 10 0 2 11 5 8 9 2 20 11
5 3 1 5 9 3 1 0 1 5 4 5 3
2 1 0 8 1 2 2 2 5 0 4 6 3
4 8 20 11 1 11 8 5 9 8 5 4 7
1 0 5 4 3 9 3 2 4 3 6 2 2
3 0 4 2 5 5 0 3 3 0 1 2 3
5 5 7 0 8 23 4 18 16 4 6 5 7
3 3 4 6 1 0 4 3 2 4 0 4 0
1 1 3 3 2 4 2 0 6 3 0 9 1
5 2 6 11 6 2 5 8 2 1 6 6 7
5 2 8 3 2 2 7 4 6 2 3 0 4
4 1 6 0 5 5 2 8 1 3 1 6 1
4 0 1 2 3 1 6 4 2 2 2 1 4
10 3 9 5 4 3 3 0 9 15 10 1 4
5 8 5 5 0 8 3 8 3 10 1 4 15
4 7 3 3 7 3 2 4 2 0 10 11 1
1 4 1 5 4 5 3 2 1 10 6 2 4
2 2 2 5 4 2 5 4 1 6 1 0 1
3 8 6 8 1 2 1 1 5 4 1 2 3
8 0 2 0 1 9 11 5 2 6 12 6 7
7 3 2 6 2 16 3 3 4 9 3 10 5
3 1 1 4 15 1 2 3 13 8 9 5 2
7 6 5 3 5 2 3 3 2 4 1 0 4
2 3 4 6 3 2 2 6 5 9 4 1 20
2 3 1 0 3 9 4 11 1 5 4 1 1
3 2 9 6 11 6 10 14 6 6 4 4 1
3 2 15 1 10 2 16 7 6 7 3 0 1
6 7 12 3 9 0 2 2 6 13 6 12 1
0 4 8 5 7 13 6 2 10 4 4 4 7
5 7 5 0 7 6 4 1 0 2 7 19 9
8 3 0 3 3 3 1 10 4 4 1 3 1
6 10 13 6 6 1 4 5 1 5 3 1 4
2 3 1 4 2 2 1 2 1 6 2 7 3
11 11 3 16 10 0 4 5 2 8 5 10 2
4 11 10 14 9 15 5 16 7 2 9 5 12
8 3 4 2 4 1 2 4 4 9 3 8 2
4 5 3 1 2 1 2 3 6 1 1 2 4
9 9 16 3 7 3 11 20 7 6 5 2 11
15 11 7 1 11 4 4 2 7 9 4 0 5
5 2 7 15 4 2 20 1 1 7 1 2 7
0 4 4 8 9 1 5 3 3 5 3 1 7
6 17 4 5 2 3 1 2 4 6 4 16 5
13 1 0 4 3 5 1 6 0 5 3 7 6
11 9 10 3 4 5 18 11 1 9 1 4 23
14 4 0 6 9 7 5 4 6 7 10 0 7
0 1 1 12 7 10 6 12 1 10 6 5 4
6 2 9 6 3 1 0 1 0 0 3 7 4
12 3 3 3 2 0 4 0 6 13 5 4 1
4 4 2 3 4 9 2 8 2 8 2 0 1
4 3 3 5 8 1 9 7 4 2 8 12 6
1 1 2 3 4 11 5 10 6 6 7 1 6
8 15 12 2 1 9 8 11 2 15 1 10 5
11 9 1 6 6 3 1 9 1 4 11 1 3
5 4 7 8 2 9 0 4 2 2 2 5 0
5 4 8 14 3 7 6 3 3 12 7 6 2
6 10 18 2 8 2 9 1 2 0 5 14 14
18 1 5 0 4 8 7 2 10 6 1 6 3
1 14
1 15
1 56
1 67
1 70
5 65
6 37
6 56
6 59
6 92
6 94
9 53
9 67
10 14
10 17
10 74
12 22
12 87
13 43
13 69
15 34
18 97
18 116
19 51
21 91
21 111
22 31
22 69
22 105
22 110
22 115
23 115
24 32
24 107
25 32
25 51
25 107
25 115
26 50
26 62
26 94
27 83
27 90
28 92
29 42
29 46
30 121
33 67
33 91
34 54
35 51
36 71
38 41
39 96
40 41
40 132
43 76
43 132
44 107
46 115
46 117
47 82
47 119
49 85
50 64
55 121
58 68
59 145
60 73
60 97
61 114
62 75
62 100
62 144
63 69
65 147
66 69
66 123
66 126
66 165
67 118
67 130
68 93
70 75
71 94
71 115
71 159
72 97
72 136
73 129
73 130
74 156
74 161
77 167
77 175
78 141
79 85
80 124
80 177
83 122
83 157
85 166
87 88
88 187
89 94
89 117
89 135
90 149
93 138
96 119
97 107
98 103
99 119
99 175
100 114
101 193
102 107
104 107
105 167
106 123
106 138
107 189
107 190
108 183
109 111
111 138
112 157
113 201
114 204
115 180
116 192
117 157
118 205
120 126
120 180
121 159
121 205
122 132
122 155
122 169
123 177
127 149
127 200
128 159
128 212
129 180
129 223
132 227
133 206
133 229
133 233
134 159
134 216
135 136
135 153
135 161
135 162
136 146
136 175
137 203
138 237
139 188
141 169
141 180
142 146
142 147
142 179
143 216
144 173
145 177
145 222
146 211
146 236
147 185
147 209
147 230
149 237
151 155
151 198
152 235
153 191
156 204
156 220
157 200
157 235
159 180
161 190
161 221
161 248
165 258
166 260
166 265
167 216
168 183
170 181
170 223
171 188
171 260
172 255
173 216
173 257
174 187
175 251
176 218
176 240
177 224
179 182
179 268
180 231
181 214
181 220
182 248
183 241
183 257
184 191
186 251
186 266
187 266
188 206
188 217
188 232
190 227
191 211
191 235
191 249
192 204
193 245
193 287
194 196
194 220
194 221
194 235
194 246
196 211
196 283
202 229
203 260
204 302
205 258
205 300
206 230
206 303
207 269
207 276
211 217
211 258
211 263
211 278
213 248
213 281
215 263
215 295
215 300
217 231
217 232
218 297
219 306
220 245
221 231
221 269
221 321
222 245
222 298
223 308
226 239
226 280
226 315
227 256
227 271
227 279
228 265
228 291
228 327
229 238
229 277
230 245
230 297
231 259
231 321
231 325
235 254
235 258
236 262
236 295
239 258
241 252
242 283
242 315
243 287
243 318
244 251
246 291
246 327
247 248
248 256
248 323
249 252
249 265
249 336
250 300
251 254
251 351
253 279
253 288
253 322
255 327
256 259
256 293
256 318
256 336
258 268
259 274
259 307
259 323
260 320
261 274
261 335
261 336
262 350
264 283
266 298
267 306
268 279
268 285
269 294
270 279
270 310
270 365
271 296
272 304
272 360
273 371
275 305
275 314
277 279
277 330
278 286
278 287
279 298
279 340
280 369
282 290
282 312
286 310
287 295
288 319
288 367
289 336
289 352
290 311
291 343
291 378
293 374
294 363
295 381
295 389
296 337
297 330
297 370
297 373
300 317
300 376
301 390
303 307
303 403
304 311
305 308
306 377
306 385
308 317
309 320
311 339
311 401
312 363
312 405
313 370
313 379
314 378
316 360
317 342
318 414
320 333
321 346
321 368
322 384
322 390
323 367
325 330
325 344
325 381
325 399
326 363
326 377
328 338
328 364
328 366
328 398
329 414
331 404
332 339
332 351
332 357
333 417
337 357
337 362
337 381
338 412
339 369
339 431
340 345
340 361
340 388
340 436
341 356
341 389
341 422
344 357
344 434
345 359
345 397
345 417
345 422
349 436
350 397
351 428
353 387
353 407
353 449
354 451
356 401
356 441
357 385
359 401
359 415
360 450
362 387
362 446
363 401
363 432
364 442
364 459
365 418
366 449
367 396
367 403
369 443
370 442
370 461
371 378
371 387
371 469
372 432
372 449
373 437
374 451
375 389
375 447
376 382
376 402
376 474
378 436
378 440
379 452
379 456
379 459
380 475
381 429
382 386
382 419
382 427
382 468
383 448
383 481
384 390
384 415
388 477
389 422
391 443
393 411
393 438
393 443
394 408
394 481
394 487
395 490
396 470
396 479
397 442
398 414
399 411
400 445
400 452
400 471
402 455
403 411
403 483
403 499
404 433
408 478
411 415
411 485
412 500
413 499
413 510
414 507
415 422
415 466
415 475
420 487
422 467
423 461
426 492
427 523
428 478
430 444
430 503
432 498
432 516
433 484
434 442
434 530
435 477
436 511
440 459
443 456
443 470
444 511
445 452
446 464
447 527
448 470
448 527
450 453
450 515
452 527
453 508
454 501
454 533
457 512
466 519
467 515
470 553
472 510
474 561
475 537
475 544
476 511
476 531
477 502
477 565
478 541
479 492
479 565
481 543
481 565
481 579
482 553
482 581
483 484
483 499
483 581
484 561
485 507
485 548
485 569
486 577
487 581
488 518
488 528
489 500
489 589
490 559
490 568
491 521
491 569
492 496
493 502
493 554
495 568
498 559
498 563
499 508
502 572
503 574
505 532
505 569
506 530
506 602
508 533
508 536
508 550
509 528
511 516
511 531
511 533
511 558
513 575
518 605
519 568
519 598
520 530
520 589
520 610
522 546
524 619
524 622
525 613
526 594
526 601
526 603
527 543
529 534
530 576
532 541
532 550
532 580
532 590
534 633
536 626
538 540
538 581
539 581
539 625
540 549
540 568
540 582
542 641
544 562
545 552
545 569
546 619
547 622
548 590
550 561
550 620
551 605
551 607
553 613
553 632
554 608
555 562
557 630
559 659
560 608
561 625
561 659
562 581
562 655
562 662
564 653
565 633
565 659
567 595
567 642
568 602
568 645
568 654
569 572
569 629
570 623
570 627
573 592
574 648
578 581
579 674
580 615
581 616
581 633
582 596
583 611
583 664
584 633
585 671
588 643
589 653
589 656
589 661
589 667
589 681
590 620
594 636
596 690
597 680
598 618
598 667
599 690
600 651
601 615
602 636
604 658
604 675
605 647
605 666
607 615
607 665
607 703
608 631
610 634
613 676
613 677
613 701
614 712
615 689
615 713
617 621
618 646
618 686
618 711
622 650
623 664
623 717
624 683
624 723
625 626
628 644
628 675
628 700
629 699
631 648
633 649
633 686
633 716
633 726
634 720
635 677
635 690
638 705
639 649
639 738
641 646
643 652
643 672
643 676
643 728
644 714
644 731
645 684
645 730
646 691
646 702
647 685
647 728
647 740
650 736
651 682
652 661
652 745
654 752
655 676
655 700
655 736
656 753
657 695
657 747
658 731
660 715
660 759
661 704
664 753
665 700
665 726
666 755
667 672
667 740
668 708
668 743
669 720
669 721
670 702
671 701
671 752
671 756
672 693
673 716
675 714
675 747
675 775
676 760
677 698
677 773
678 705
678 766
678 767
679 749
680 748
680 767
681 736
682 715
684 772
685 695
685 745
686 764
686 778
688 700
688 752
688 784
691 733
691 761
691 779
692 701
692 741
692 766
692 792
693 735
694 743
694 784
695 718
696 721
697 721
697 760
697 795
698 768
698 789
699 741
699 787
700 715
701 721
701 786
703 781
703 785
705 759
705 764
706 756
706 761
709 772
710 780
711 753
711 759
711 762
711 808
712 715
712 812
713 766
713 803
714 781
715 742
715 796
716 785
716 796
718 770
718 801
720 755
720 810
721 746
721 764
721 776
721 807
721 821
722 794
725 746
727 774
727 775
727 826
727 827
730 742
730 812
731 735
731 792
731 811
732 792
734 833
735 821
739 742
739 747
739 819
741 839
745 821
746 771
746 774
746 815
748 828
749 799
749 836
750 811
750 813
751 810
751 830
752 824
753 777
754 764
754 771
754 783
754 807
755 804
755 805
756 780
756 810
757 820
759 853
760 765
760 767
761 766
761 781
761 834
761 855
762 842
762 859
764 766
764 835
764 852
765 789
766 859
769 778
771 854
772 817
773 787
773 830
775 863
775 868
775 870
777 868
778 852
778 874
779 828
779 866
780 806
782 801
784 789
785 836
786 800
786 814
786 823
786 860
787 883
788 836
790 855
791 834
791 872
792 819
794 817
795 834
795 851
796 860
796 873
796 896
797 803
797 821
798 829
799 871
799 878
799 895
800 824
802 816
802 830
802 839
802 857
802 876
802 878
803 878
805 835
805 878
809 880
810 898
811 870
813 851
813 874
813 888
813 913
814 905
815 849
816 858
816 875
817 857
817 911
818 832
819 904
819 916
820 824
821 824
821 829
821 864
821 870
821 901
822 901
822 902
823 876
823 898
824 844
824 911
825 830
827 873
827 892
828 843
829 888
830 865
830 890
831 872
831 875
832 890
832 922
832 927
833 848
834 844
835 837
836 864
836 891
836 908
836 909
836 919
837 842
837 889
838 872
843 852
843 882
843 890
843 908
844 871
844 937
845 876
846 899
851 895
851 899
852 875
852 903
853 861
853 874
853 916
853 938
855 893
856 861
856 885
858 882
858 886
861 951
862 894
863 884
863 935
863 945
863 959
865 897
865 954
866 906
867 923
868 934
869 903
870 905
870 910
870 922
872 874
872 962
873 955
873 972
876 960
876 971
877 906
877 908
878 941
880 884
880 954
880 958
880 967
881 895
881 909
881 968
883 910
883 920
883 961
884 939
884 951
884 982
885 949
885 981
889 934
893 939
894 957
896 982
898 966
898 998
900 908
901 921
901 947
902 911
902 955
906 972
907 961
910 930
911 927
914 958
914 999
917 987
918 946
918 971
919 938
921 951
922 958
923 972
925 986
927 977
931 936
932 976
933 969
935 972
935 980
937 993
938 952
938 973
942 972
942 987
943 980
944 982
948 967
950 960
951 980
951 983
956 1000
957 975
959 996
960 963
964 969
966 991
978 998
979 991
11 2 11 4 22 16 17 3 14 8 9 22 18
3 3 7 5 28 12 6 3 11 0 5 0 2
5 10 11 4 16 11 27 14 10 3 8 3 9
1 10 8 0 1 7 15 0 2 10 16 5 7
3 3 18 1 8 3 1 9 5 13 27 16 19
12 10 15 6 12 6 16 8 17 3 16 25 19
35 8 8 10 14 8 10 4 13 5 26 10 26
8 5 6 3 3 3 10 2 6 18 8 5 5
3 2 5 0 8 1 1 0 16 17 8 14 16
25 19 6 18 20 26 16 10 2 2 11 2 13
28 20 1 7 0 4 8 5 6 9 1 2 2
0 9 15 5 12 16 10 23 2 14 1 13 1
12 2 0 9 4 21 5 10 7 7 10 4 13
14 7 19 7 0 4 5 4 11 6 18 2 11
12 0 23 6 9 1 0 12 8 22 22 34 5
6 7 16 2 6 3 13 1 8 8 4 1 10
5 1 12 9 16 25 2 2 4 7 11 2 8
18 1 6 10 4 1 13 20 6 13 22 12 12
13 2 2 7 10 3 1 5 12 3 2 2 4
7 6 6 15 8 5 2 28 7 9 19 0 6
1 5 1 11 2 1 1 3 9 3 9 4 1 6 4 7 3 2 3 2
11 20 1 22 17 1 4 17 30 1 22 14 19 15 15 17 19 12 27 8
35 61 37 60 77 35 37 60 75 17 58 62 47 53 72 57 55 54 67 54
11 23 7 15 27 9 7 14 33 7 11 14 14 13 28 15 18 20 27 18
21 41 30 40 33 26 17 25 40 21 23 30 19 28 26 39 36 16 38 33
1 8 1 1 1 1 1 1 3 1 5 5 1 1 3 1 1 1 4 1
37 57 36 72 60 40 38 64 77 29 68 32 44 56 49 64 44 39 64 28
23 49 33 47 28 22 23 45 41 26 55 31 39 35 33 35 27 33 51 32
36 59 32 49 42 33 34 46 65 29 59 28 36 38 35 53 39 27 68 25
15 42 26 34 16 12 10 27 28 26 44 30 28 26 18 35 26 14 44 22
5 12 5 6 10 1 1 6 13 7 12 6 8 11 16 10 11 11 14 11
9 28 18 27 14 5 4 18 22 14 24 11 19 19 13 24 22 4 27 16
1 3 1 9 1 1 1 2 10 1 6 5 1 2 4 7 4 2 3 1
5 12 1 12 4 1 4 6 11 5 11 13 6 4 7 11 6 4 10 5
1 20 9 16 7 6 4 11 13 11 21 15 6 12 9 14 8 7 17 10
13 18 3 26 19 2 4 17 32 1 21 15 8 12 16 19 15 9 22 4
1 9 3 12 5 2 1 4 8 4 13 10 3 5 5 7 1 3 9 1
37 66 37 60 45 31 31 42 51 35 52 43 35 35 37 50 56 17 61 21
32 50 25 41 26 15 12 45 46 28 48 49 34 24 32 42 44 25 52 23
3 9 1 7 9 1 1 4 15 6 10 7 7 5 15 7 10 9 15 7
19 55 43 77 53 28 31 64 61 32 65 42 46 56 40 70 49 47 62 54
3 8 2 8 5 1 1 3 11 1 5 7 1 1 6 6 1 1 2 1
3 13 4 25 12 2 1 14 17 11 24 18 12 8 7 16 9 9 16 7
11 34 15 21 29 6 6 14 32 16 19 22 21 20 27 19 32 16 33 25
8 58 31 51 37 4 9 44 39 30 56 55 34 37 45 43 54 27 52 48
9 21 8 24 15 6 6 10 22 14 15 17 9 9 12 14 17 8 16 9
1 18 11 14 7 4 4 14 11 14 21 7 11 18 11 19 12 9 18 17
30 55 24 64 42 19 22 56 61 19 54 44 42 37 42 44 38 40 55 36
8 17 9 20 11 5 1 11 15 11 16 15 10 12 12 13 10 11 10 8
35 58 32 59 35 17 26 55 50 30 57 38 50 39 32 49 48 39 56 35
22 67 38 54 52 19 27 48 53 39 49 51 59 50 44 49 69 33 63 59
6 8 1 14 7 1 5 7 16 1 10 6 3 7 7 9 10 1 10 4
17 45 10 22 28 3 12 26 41 7 28 25 23 24 28 30 35 12 42 25
14 40 19 32 18 3 8 23 29 12 25 22 17 19 14 31 35 8 29 23
2 8 2 18 12 1 1 8 10 11 14 12 13 5 13 8 12 13 7 7
14 41 30 51 31 22 20 38 42 17 48 43 29 33 24 44 29 21 44 30
32 55 30 60 55 22 18 58 67 3 54 53 42 41 53 56 43 40 58 40
1 6 1 6 3 1 1 3 7 4 16 8 9 6 6 6 4 4 12 6
21 61 26 40 34 22 25 36 44 30 60 40 44 39 38 36 40 22 66 42
2 22 5 30 18 1 5 22 27 20 40 17 29 17 15 15 18 21 30 26
1 15 5 13 6 1 1 6 14 6 15 7 3 7 6 13 8 1 15 7
1 10 3 7 1 3 1 1 6 5 3 7 1 2 5 1 1 2 4 1
3 34 20 36 12 1 5 25 18 14 31 23 19 24 3 31 23 9 19 23
24 45 31 38 34 23 23 28 29 39 39 28 41 37 29 38 45 32 50 40
25 68 43 58 35 24 33 46 42 35 58 40 44 55 32 49 53 20 61 45
1 9 3 8 1 1 1 3 3 8 12 3 9 5 1 7 7 1 9 7
12 43 28 43 41 25 25 37 52 15 41 26 29 37 36 30 23 28 49 42
9 23 2 42 20 7 9 29 25 12 40 28 19 25 13 29 18 16 22 16
7 23 11 32 24 4 7 26 33 14 28 6 24 30 26 27 29 19 34 28
23 43 20 32 14 12 13 29 38 22 42 30 28 22 12 34 29 16 42 8
3 48 24 46 31 3 17 41 41 28 58 36 45 42 31 33 40 27 54 46
20 66 39 49 29 15 19 47 41 34 61 40 48 42 40 41 49 30 71 43
16 52 32 60 39 18 20 43 44 33 52 30 40 44 29 51 50 27 51 45
1 14 6 12 6 3 1 4 13 7 8 3 1 8 6 8 7 1 10 6
20 36 16 27 33 13 11 26 38 9 31 23 29 29 32 27 29 19 39 21
7 42 19 46 27 14 18 42 43 22 52 19 37 47 28 42 30 25 53 38
8 13 6 17 9 3 1 10 18 4 11 9 4 8 9 15 7 5 8 4
16 47 27 43 27 13 14 36 25 28 44 39 38 35 38 35 45 31 49 39
4 10 4 10 9 1 1 9 16 6 16 11 11 4 9 8 1 9 13 6
5 11 1 8 1 1 3 6 9 1 15 11 4 5 3 11 7 2 11 1
11 24 9 21 23 8 7 20 31 7 24 13 22 22 25 20 19 23 33 21
22 53 25 55 39 8 11 54 50 22 55 39 39 48 49 47 50 34 56 45
7 21 4 24 12 1 2 22 28 4 24 16 12 7 22 14 16 13 28 13
3 22 7 17 16 7 4 17 19 9 29 16 12 19 24 15 14 14 28 21
6 20 6 9 1 6 8 5 11 8 15 3 5 12 3 12 14 1 19 5
1 3 1 8 1 1 1 1 8 1 12 4 9 3 5 1 1 5 6 1
1 15 4 21 20 5 1 14 24 3 22 14 7 16 16 17 6 12 20 12
16 33 20 27 17 16 10 22 25 12 26 23 16 16 24 22 17 12 29 11
14 35 20 28 21 11 7 16 31 10 18 25 10 12 13 27 20 8 23 10
23 45 17 36 41 26 26 36 57 17 41 10 27 40 41 37 33 28 56 32
23 54 20 44 33 13 14 41 51 19 41 39 30 25 31 41 39 25 50 36
12 41 20 29 20 1 1 24 33 13 38 40 17 16 24 29 29 6 38 23
15 51 27 47 37 12 17 42 55 22 56 39 36 31 32 35 35 23 56 42
25 54 40 56 51 24 25 47 54 29 30 38 36 41 40 51 50 37 51 47
1 14 8 12 1 1 1 6 6 12 14 5 10 11 5 11 9 3 10 11
31 49 28 55 44 19 22 51 56 31 59 42 54 34 37 41 42 48 56 42
17 47 21 44 30 10 11 33 46 4 43 43 20 22 30 33 33 11 44 22
10 37 13 31 16 1 7 27 26 11 34 22 22 22 23 25 31 15 37 25
18 43 25 36 39 16 13 31 50 15 38 27 32 27 34 32 30 26 45 30
44 65 37 56 58 37 37 60 74 31 53 47 48 49 55 62 55 48 77 48
6 17 2 15 10 1 1 6 21 8 14 14 13 3 12 8 12 10 16 8
5 16 2 36 14 1 6 27 23 15 31 10 22 15 8 19 14 17 15 15
13 35 13 21 26 7 1 15 34 7 18 21 16 13 26 17 23 9 30 15
17 32 10 19 14 6 6 22 33 8 33 22 17 14 17 26 17 15 35 8
1 11 3 5 6 3 1 3 11 4 9 6 2 4 12 2 4 6 11 3
27 43 16 49 41 13 19 45 50 24 48 21 41 44 36 48 50 24 52 28
5 21 11 26 18 4 1 17 24 11 25 9 20 23 16 20 19 10 22 20
14 32 11 22 27 11 10 26 37 8 33 20 30 27 31 27 23 25 44 20
10 30 10 33 12 5 9 23 24 13 33 14 15 24 9 26 22 6 26 13
1 10 6 24 14 5 3 13 17 12 18 11 11 13 10 12 9 11 13 9
21 49 22 47 28 6 10 37 41 14 33 28 21 26 24 35 38 14 34 27
24 68 48 58 20 22 18 57 46 42 77 50 53 45 21 59 39 24 69 41
15 22 9 27 26 6 2 21 31 11 17 14 15 17 24 19 23 17 22 14
6 21 5 19 22 1 1 10 30 3 10 9 11 9 19 11 15 9 19 9
19 47 34 48 28 17 11 38 44 17 35 28 31 27 20 37 30 17 38 24
21 51 31 33 25 18 13 31 36 22 40 32 23 28 32 40 34 14 52 27
11 31 16 24 18 11 5 13 21 6 24 27 12 13 14 16 11 7 24 2
1 5 1 6 9 1 1 3 15 1 11 5 1 9 11 8 6 3 14 9
16 47 15 23 35 8 14 31 52 11 37 25 33 30 35 35 37 23 56 33
2 13 2 28 17 5 5 21 26 1 31 12 12 22 17 25 7 19 21 13
8 27 9 31 13 1 6 23 19 13 33 28 12 21 23 19 30 11 29 23
3 12 1 11 5 1 3 8 17 8 19 5 15 4 10 2 4 13 19 8
14 42 29 47 27 14 9 38 42 19 36 18 31 30 15 40 23 18 34 28
15 49 22 42 39 10 14 32 47 23 45 38 34 29 30 36 42 17 49 30
9 33 16 46 29 9 8 36 36 23 46 30 26 29 24 34 25 24 36 26
13 32 25 47 35 7 8 35 35 28 41 32 30 26 27 39 34 27 34 31
1 12 5 17 4 1 1 6 7 9 11 7 6 11 3 9 6 2 6 8
1 10 4 7 6 4 2 4 9 7 10 5 4 7 8 7 2 6 9 5
20 30 14 23 25 16 18 24 39 15 22 6 26 20 24 26 23 24 40 22
6 18 14 24 15 4 3 19 21 11 26 13 13 19 13 24 15 8 22 16
27 55 41 67 70 30 31 56 64 28 56 54 37 49 59 53 45 49 50 56
5 19 2 14 17 4 1 17 25 2 26 13 12 17 23 17 13 18 27 12
24 34 15 56 49 16 19 49 52 20 48 28 46 42 42 44 42 34 45 32
15 31 13 18 17 3 2 20 30 18 26 23 19 15 20 23 29 14 34 16
11 37 23 32 13 8 8 25 32 24 38 22 24 17 11 26 17 11 41 18
10 26 11 27 15 4 3 26 22 17 39 28 24 15 18 26 18 22 26 11
32 54 34 62 69 24 27 56 65 25 51 48 48 53 61 54 57 49 54 48
23 39 18 36 29 22 18 33 42 9 28 24 12 24 33 32 26 18 40 14
24 64 37 55 42 23 28 45 49 35 60 43 44 40 40 43 51 43 71 57
9 25 10 18 20 2 2 12 29 7 7 10 8 8 16 18 20 11 19 12
8 25 10 6 10 9 7 10 14 12 18 14 12 11 19 10 12 13 25 10
17 31 12 35 31 8 14 30 41 18 32 28 32 16 29 22 27 35 41 28
11 33 7 14 26 1 4 18 34 6 24 17 26 17 26 14 23 11 35 23
1 24 11 17 8 4 2 11 14 13 21 15 8 13 11 14 11 5 21 13
8 14 4 22 12 5 7 13 20 12 14 13 9 8 13 12 18 9 16 7
5 35 15 36 22 1 2 27 35 10 30 30 12 16 25 26 26 12 31 25
1 8 2 10 1 1 1 3 2 3 13 3 7 8 1 6 6 1 7 5
4 21 11 10 7 7 5 8 18 12 21 12 11 8 8 17 9 5 25 9
1 3 1 14 12 1 1 6 9 9 10 15 5 4 13 4 11 8 6 9
12 23 11 29 20 5 5 20 32 5 26 17 10 19 17 25 17 10 22 11
31 54 28 58 39 20 20 49 49 17 41 42 39 42 38 46 40 33 48 36
18 34 19 40 35 14 16 36 30 24 37 32 36 33 35 32 30 38 36 27
6 19 6 19 17 1 1 9 23 5 6 20 4 2 12 13 21 8 12 10
1 11 1 12 8 1 1 6 11 5 13 15 3 5 10 6 2 6 8 5
12 29 10 30 14 1 9 25 29 18 34 23 21 8 19 15 25 17 34 23
1 11 4 18 18 1 1 9 28 1 11 8 8 5 13 11 7 6 14 9
6 24 15 33 24 7 5 25 31 16 39 20 24 29 21 29 20 14 36 26
14 32 18 42 10 5 19 41 36 24 49 9 37 32 15 33 28 30 41 33
12 40 17 30 12 12 18 21 31 24 40 16 22 21 9 29 19 15 43 22
16 22 8 22 25 6 5 18 31 4 20 15 22 18 24 17 20 14 26 16
9 29 8 29 11 1 1 24 24 6 30 19 13 15 22 19 20 13 30 13
21 60 20 53 39 14 21 42 52 26 54 40 44 33 28 37 49 21 55 39
2 9 1 10 1 1 1 4 8 3 10 7 2 7 7 6 6 5 5 4
39 66 33 57 40 20 15 57 67 33 67 46 49 47 35 57 59 18 67 29
12 46 28 37 18 9 2 38 39 22 51 45 25 20 28 34 23 17 51 21
26 31 12 34 29 16 15 36 42 3 32 18 22 30 28 36 23 26 36 15
30 64 28 49 53 14 26 51 73 14 46 40 47 41 45 47 53 35 62 47
10 25 14 23 8 7 7 15 18 19 25 19 11 13 4 24 16 5 23 7
13 30 12 30 13 6 8 18 26 15 25 25 6 13 3 26 18 4 22 6
11 29 17 25 17 11 7 20 24 16 30 15 23 23 17 23 16 18 29 13
11 18 1 21 9 5 8 13 20 6 17 9 8 15 10 11 17 5 16 5
6 21 4 8 9 3 1 6 17 5 19 13 10 6 14 10 13 7 24 8
3 27 14 25 13 4 1 16 19 9 29 20 11 17 7 22 6 7 21 10
33 60 31 43 26 18 15 39 52 27 51 39 33 26 20 47 45 8 51 16
23 39 27 66 58 18 20 58 58 16 48 51 39 42 46 59 41 49 43 41
31 51 32 59 46 23 20 40 50 22 39 38 36 34 32 43 51 22 43 24
3 15 6 24 20 2 2 10 27 7 12 17 4 11 14 17 16 7 13 13
15 39 22 40 33 7 1 30 36 14 30 43 18 10 22 29 28 13 28 17
8 28 15 18 4 8 10 16 18 19 27 8 18 20 7 22 18 7 30 15
5 18 9 25 17 4 1 16 26 11 27 22 13 11 12 17 7 12 24 8
1 9 1 3 5 1 1 1 8 2 3 3 3 1 6 1 3 1 8 1
21 52 32 50 33 24 7 39 40 16 31 50 22 30 33 40 38 20 42 33
32 63 29 68 54 14 31 68 64 31 66 52 62 47 56 45 58 51 68 58
12 34 20 32 21 4 7 32 36 24 46 31 27 22 20 38 31 17 46 25
33 59 38 55 41 31 28 49 59 21 55 32 33 43 29 61 40 31 58 34
3 12 4 13 9 1 1 13 13 1 25 16 6 9 9 14 1 7 15 1
17 37 23 54 39 24 24 37 47 25 46 23 30 38 29 41 36 33 43 33
19 59 33 52 23 19 26 38 43 35 61 30 36 37 27 42 43 28 68 47
21 45 27 38 26 9 7 39 45 4 44 46 17 16 23 42 26 12 39 15
3 7 3 14 11 1 1 4 14 3 5 7 2 4 9 6 5 1 5 4
5 6 1 14 4 1 1 5 14 1 2 5 2 1 5 8 5 3 1 1
5 34 12 30 26 3 5 27 35 10 43 30 22 26 32 27 28 11 44 31
3 13 6 27 19 1 1 11 19 11 24 26 13 7 13 15 15 13 13 9
30 67 39 60 53 18 18 55 65 28 60 57 42 36 42 59 54 29 63 41
6 12 8 12 9 6 1 7 11 5 8 8 5 5 6 8 1 1 6 3
6 23 14 23 17 4 1 14 24 14 18 7 17 18 18 19 20 6 25 18
11 37 18 46 33 3 3 43 37 18 46 26 34 34 36 37 37 26 42 35
1 7 1 3 1 1 1 1 2 2 3 4 2 1 3 1 1 1 3 1
2 16 3 22 22 4 1 10 28 7 20 11 15 18 22 12 16 15 24 15
21 34 14 33 34 7 16 30 42 19 28 22 38 21 31 19 35 29 39 35
5 18 5 14 7 1 1 9 15 9 15 3 15 10 10 10 17 5 20 12
19 63 44 55 29 21 31 52 57 43 75 35 50 46 27 53 39 40 76 49
4 17 4 12 20 4 7 13 31 10 22 14 21 13 24 10 17 13 30 19
18 35 6 33 32 15 16 30 40 19 35 15 24 29 33 24 35 16 39 16
1 7 1 9 5 1 1 5 9 2 10 7 4 7 9 4 2 6 5 4
20 59 40 68 51 22 23 59 49 38 59 45 48 52 43 63 52 45 58 55
16 59 41 60 34 14 19 53 45 36 63 52 41 43 22 56 40 28 57 34
6 43 24 35 33 1 10 34 46 16 45 28 33 33 25 39 38 21 50 36
24 45 26 51 19 20 29 35 42 34 51 21 37 33 11 37 32 30 46 30
6 7 3 12 11 1 1 4 14 2 5 6 5 2 10 5 6 3 7 2
1 21 7 25 12 2 1 19 14 12 33 24 6 16 19 18 16 11 27 20
2 10 1 7 1 1 1 4 9 2 11 1 4 6 1 7 5 1 9 2
8 13 1 14 5 2 6 9 18 1 19 8 7 9 10 15 11 6 18 4
10 41 27 32 14 5 14 27 30 29 38 32 27 22 13 37 31 16 41 25
4 10 1 13 1 1 1 4 12 1 14 12 6 2 1 8 7 1 12 1
6 15 10 18 20 6 1 10 24 3 9 13 3 7 14 12 6 5 12 5
19 38 13 25 31 10 11 29 48 10 39 20 24 28 32 32 30 17 48 24
11 35 13 41 12 3 11 30 31 12 37 24 18 13 9 18 16 12 28 16
1 10 2 14 9 1 1 9 18 2 24 15 13 10 13 10 8 9 20 7
9 24 1 21 11 8 8 19 26 7 33 12 11 17 12 21 12 8 29 5
23 57 23 48 52 19 29 51 75 18 59 44 41 31 45 44 40 41 65 50
16 29 9 24 21 8 11 16 34 7 9 9 10 13 14 19 24 9 23 6
19 40 23 42 42 23 25 39 54 28 46 28 37 32 40 31 34 32 52 36
6 19 8 13 14 4 1 7 22 7 12 7 10 8 15 12 13 7 20 7
8 13 4 17 12 3 5 15 24 4 13 3 3 12 11 21 11 7 14 9
37 56 26 50 45 26 26 52 58 20 49 41 41 42 41 51 46 36 62 26
18 51 15 45 51 16 18 46 57 15 53 43 53 44 47 39 46 34 55 53
35 61 36 64 50 34 21 58 65 21 50 33 42 53 38 67 48 30 60 37
5 13 1 21 7 1 3 12 20 2 18 10 8 14 11 13 12 8 16 5
6 24 5 19 21 9 9 18 34 5 26 9 8 22 25 23 19 13 32 20
3 8 4 13 5 4 1 5 8 11 6 11 5 3 6 4 9 7 5 4
18 19 8 45 29 13 11 37 36 13 40 18 22 28 20 34 21 17 25 7
1 19 8 18 12 3 1 3 16 9 13 21 5 3 7 8 12 1 14 9
6 20 4 14 10 1 2 4 19 2 6 11 4 3 9 8 14 3 11 5
2 10 1 10 1 1 1 4 5 1 10 8 3 3 3 2 4 1 5 1
32 77 40 49 44 17 18 51 65 22 48 48 47 32 38 47 52 20 70 46
2 10 1 13 2 1 1 4 13 4 13 10 9 2 3 5 6 4 11 4
21 53 37 55 33 17 20 52 49 22 60 47 31 42 29 57 34 27 53 30
10 35 12 41 37 3 1 29 45 10 36 33 29 19 27 23 26 19 32 27
14 48 19 39 28 2 17 34 45 28 44 27 41 32 27 30 42 29 53 39
22 43 19 28 25 12 18 35 46 27 43 27 39 20 26 24 33 34 54 31
10 30 18 30 19 3 1 21 31 6 25 25 9 15 12 30 17 4 23 11
15 37 21 44 24 17 15 32 36 19 40 22 25 38 21 39 26 17 38 26
4 7 1 7 6 1 1 1 8 1 13 10 6 5 8 6 5 5 10 3
1 23 13 29 18 9 6 15 19 18 28 21 19 24 15 19 17 13 26 19
32 68 40 56 35 17 23 51 55 22 37 36 43 34 28 48 47 26 53 42
7 17 10 36 34 7 2 24 37 6 24 25 19 21 27 22 22 23 21 22
10 23 1 20 13 1 3 18 17 9 24 20 12 10 15 16 21 13 21 9
3 6 1 4 9 1 1 4 13 1 6 4 4 4 14 3 5 10 10 4
1 10 2 16 9 1 1 3 17 3 16 20 5 1 2 9 5 1 14 3
14 48 24 52 29 6 8 39 34 23 44 39 20 23 22 42 39 12 37 25
11 50 24 43 27 12 17 28 33 34 47 36 32 27 23 31 40 18 47 37
3 10 1 13 5 1 1 2 7 5 9 14 4 4 6 1 7 6 4 2
3 29 21 37 26 5 3 27 25 22 32 29 23 17 16 33 28 15 27 30
11 25 9 18 17 3 3 14 24 9 15 12 14 13 17 17 17 13 20 13
2 14 3 13 12 1 1 6 16 5 13 12 5 10 14 8 9 10 11 8
1 2 1 11 3 1 1 2 6 6 10 7 7 2 3 1 3 3 5 2
2 32 15 35 20 7 4 25 29 15 34 29 11 15 21 22 19 17 32 22
9 34 16 16 16 9 5 25 30 14 44 26 20 19 28 26 21 15 47 24
34 65 42 45 20 19 18 42 53 36 50 41 45 20 11 42 46 19 58 33
19 52 17 44 56 26 30 45 63 16 48 38 39 46 55 39 41 42 59 45
25 37 15 37 31 10 10 30 42 9 34 31 25 25 27 30 30 17 38 13
25 48 29 53 46 21 23 55 49 25 52 41 38 33 50 42 35 46 55 42
9 26 6 17 24 1 3 15 33 3 18 19 17 11 24 15 21 16 26 18
6 12 2 16 6 1 1 7 14 2 11 9 4 5 5 8 6 2 7 1
1 22 9 27 14 6 2 16 17 13 28 17 10 18 12 17 11 13 21 14
4 24 11 14 6 7 8 10 18 19 27 6 20 15 11 11 13 12 30 15
6 21 9 28 20 4 5 19 13 18 32 31 18 14 22 15 20 18 22 17
13 25 11 35 20 7 11 22 31 13 22 25 15 10 7 21 24 8 19 15
4 16 10 24 16 1 1 10 22 1 8 19 1 4 7 13 7 1 2 4
35 58 36 58 35 25 30 52 51 28 52 27 49 52 30 54 46 34 55 30
13 38 17 31 14 10 12 18 25 16 33 23 25 18 8 22 22 15 31 15
14 42 12 33 21 4 6 24 36 8 32 29 15 10 15 27 28 6 35 19
16 37 14 30 20 6 12 27 34 16 29 17 32 24 22 25 28 23 35 26
10 25 18 26 23 13 7 16 22 22 21 22 13 18 20 21 21 11 23 16
4 50 20 44 35 1 18 43 49 22 60 35 47 42 28 41 40 30 57 43
18 48 11 29 31 9 18 31 41 26 45 25 36 31 30 30 44 19 52 27
1 8 1 9 3 1 1 1 2 5 10 15 1 1 2 1 3 1 4 1
1 16 6 24 9 1 1 8 12 5 11 17 4 5 3 7 4 3 4 1
27 67 48 54 48 20 20 53 62 26 53 43 47 48 36 62 53 32 64 41
7 20 13 17 11 9 6 7 17 12 10 9 5 11 9 15 12 3 15 9
1 8 1 15 1 1 1 5 9 2 16 14 5 5 3 8 3 3 8 1
5 11 1 10 4 1 1 4 13 4 4 4 6 3 9 7 12 6 9 3
1 7 1 9 7 1 1 5 13 4 12 10 5 5 10 10 5 6 12 6
3 21 7 25 10 1 1 18 21 6 21 22 9 3 16 12 7 8 19 12
2 18 4 9 14 7 4 10 21 7 20 11 11 8 16 11 6 16 27 10
4 24 6 18 22 1 1 10 28 1 21 20 14 11 26 9 19 10 25 18
32 52 25 37 27 18 20 34 39 26 42 30 32 30 21 46 40 19 51 20
26 70 37 53 17 14 19 48 48 38 66 40 46 35 18 49 50 19 67 35
16 53 27 33 36 9 10 32 44 18 36 36 31 30 34 40 42 22 50 40
38 66 33 55 32 26 33 51 52 37 56 29 48 45 29 51 47 27 65 29
9 22 7 26 21 4 3 18 21 17 25 22 20 16 21 19 24 22 23 18
20 47 26 40 30 14 13 27 35 16 24 40 19 19 30 29 37 17 39 26
1 25 7 4 16 1 3 11 19 9 20 8 15 18 20 12 19 6 27 22
15 40 19 40 35 12 5 30 48 3 30 36 9 21 26 37 24 8 34 19
4 24 8 27 15 1 1 12 23 9 15 23 9 2 9 10 16 7 13 8
14 25 17 28 23 13 7 16 28 2 13 21 9 12 16 20 14 7 15 6
19 36 14 33 33 11 10 34 39 10 31 37 23 19 38 31 32 27 44 27
17 32 14 22 12 11 13 17 30 14 34 15 23 22 12 24 25 5 40 11
17 47 20 42 28 14 11 29 39 10 30 33 17 24 25 28 37 4 37 27
1 10 2 14 1 1 1 7 7 5 13 5 5 10 2 9 6 3 6 5
12 33 11 28 29 8 9 19 34 21 28 25 20 21 28 24 33 19 35 22
14 25 3 13 21 1 7 17 34 3 21 12 16 16 24 24 24 15 33 16
17 37 19 40 13 11 19 21 29 25 33 20 22 16 3 18 20 12 30 14
9 61 33 50 43 6 10 47 40 27 60 61 39 37 47 44 53 27 57 51
7 27 16 18 11 10 8 16 20 15 33 14 17 23 12 26 14 12 30 16
8 22 11 20 13 4 1 13 15 14 24 27 8 8 7 21 11 6 16 10
13 34 23 45 38 22 18 45 42 15 62 37 25 41 38 47 15 38 49 39
16 34 19 36 20 13 15 25 27 29 36 15 33 34 22 30 38 20 38 26
48 68 40 61 49 37 37 43 57 27 36 42 39 45 33 54 55 24 54 32
6 21 6 26 9 3 2 18 17 8 24 22 4 10 7 17 7 6 15 1
31 64 26 53 43 30 34 47 54 33 66 46 43 52 45 49 53 30 72 45
2 6 3 15 5 1 1 5 10 6 12 8 3 8 6 9 5 5 6 5
8 42 25 31 11 10 13 31 19 28 38 26 21 27 24 31 33 18 43 28
8 20 10 19 17 1 1 8 24 7 16 18 14 7 13 15 15 11 17 10
14 31 12 25 33 5 5 20 36 12 25 34 20 13 27 20 26 12 30 18
7 21 9 17 19 2 1 11 25 4 16 18 13 5 13 12 13 12 18 8
19 32 13 21 30 11 8 21 39 7 22 21 20 19 31 24 23 17 36 13
43 69 42 66 62 37 32 63 79 18 46 45 45 51 51 70 56 42 71 54
16 53 29 45 32 7 1 45 49 28 60 55 40 28 27 43 43 15 51 35
1 15 5 18 9 5 1 9 14 6 14 12 8 11 10 8 4 10 9 6
22 73 35 50 52 22 27 51 53 39 63 56 57 48 58 51 64 42 80 62
1 15 6 8 4 1 1 1 7 12 13 11 7 5 8 7 12 2 18 9
31 52 36 63 59 31 21 56 63 22 52 52 48 43 47 60 43 46 56 38
20 51 23 54 24 11 22 52 43 28 60 16 41 42 32 45 43 23 55 32
3 25 6 14 9 1 1 13 12 5 21 11 14 14 19 8 16 9 25 16
14 27 9 15 14 9 10 9 25 11 16 13 19 12 17 15 22 9 32 12
4 7 1 14 9 1 2 7 13 7 5 8 4 4 10 7 15 5 7 8
31 52 29 36 33 21 23 41 55 21 47 37 37 22 34 35 28 35 58 25
17 49 24 34 24 18 17 18 31 30 45 33 32 28 28 28 37 19 55 34
12 42 24 38 22 11 1 26 29 8 21 30 18 19 19 26 29 6 28 25
1 16 5 20 12 1 1 12 6 12 21 19 11 6 14 10 16 8 13 13
30 55 25 53 33 28 29 44 48 32 63 21 47 46 28 50 37 28 63 32
25 67 35 58 40 21 24 48 59 29 48 31 46 44 28 47 54 13 59 45
11 28 10 30 7 1 10 22 24 19 28 7 24 18 8 20 21 12 27 18
8 16 8 21 24 11 8 17 30 4 21 13 7 15 25 21 9 19 22 16
11 31 15 28 33 10 5 20 38 1 33 33 16 19 29 25 18 11 34 18
24 38 24 31 40 21 15 33 47 11 24 20 30 32 41 37 33 28 46 29
1 6 1 11 8 1 1 1 12 1 1 8 2 1 7 2 5 6 3 1
1 12 4 9 9 5 1 7 13 9 16 14 7 6 13 7 5 8 16 6
9 32 8 21 17 4 11 23 38 17 37 12 27 19 24 14 24 21 41 29
14 33 4 24 27 3 7 25 44 6 31 18 21 19 29 19 22 15 37 20
5 14 1 10 2 1 1 3 11 1 15 10 6 5 5 10 8 4 12 2
9 22 1 32 13 3 7 22 23 14 39 20 18 19 11 25 23 11 27 10
23 49 39 51 38 17 21 41 35 40 46 42 40 35 34 46 48 29 49 36
5 14 3 11 3 1 3 5 13 6 13 7 5 8 7 10 11 3 12 6
25 66 38 44 19 13 16 49 44 33 62 34 42 43 30 53 52 21 68 37
19 49 23 41 46 15 14 37 56 3 43 46 34 29 41 35 38 20 46 32
31 61 24 69 63 19 34 67 80 31 70 40 54 49 49 57 59 48 68 53
2 16 8 8 1 7 5 1 3 11 20 5 12 12 1 5 6 1 18 7
23 55 30 60 33 22 28 46 49 29 60 32 34 36 31 41 35 39 59 39
13 35 22 34 28 18 14 21 27 29 39 19 30 33 22 28 30 21 44 30
17 26 20 21 13 15 5 24 31 23 30 32 17 12 17 28 20 14 35 11
14 26 7 27 19 6 6 21 34 5 25 18 11 15 19 23 18 6 28 10
5 12 4 14 7 2 1 5 12 6 12 8 8 6 7 7 5 6 9 3
1 17 4 14 10 1 1 7 14 1 18 21 6 5 13 8 5 7 14 7
12 44 20 36 33 5 9 41 41 20 59 42 36 33 34 38 35 20 51 34
5 9 6 9 11 5 3 7 15 8 6 5 7 4 13 8 5 10 12 3
13 22 8 12 23 6 2 14 28 5 20 14 15 11 24 19 14 14 31 12
1 1 1 7 3 1 1 2 10 1 8 6 3 1 6 5 2 4 5 1
15 35 21 30 14 18 12 15 15 16 32 25 15 23 11 24 14 9 28 14
2 7 1 5 6 1 1 1 10 1 7 8 3 3 11 1 7 3 9 5
6 18 12 22 13 5 1 11 12 18 13 14 10 11 8 14 15 7 13 12
21 31 10 30 24 8 14 29 37 15 28 7 25 32 25 30 36 18 36 22
11 31 7 25 13 3 7 24 31 14 36 20 26 13 18 16 16 21 36 18
6 22 12 28 20 1 5 18 22 22 27 17 23 19 19 23 31 11 26 25
25 47 35 55 45 34 31 57 66 22 69 31 41 43 44 53 22 53 69 46
7 33 16 17 22 6 3 20 37 16 39 24 23 20 20 26 21 11 44 23
23 47 19 39 22 10 16 43 38 10 38 27 32 35 35 37 38 30 47 32
1 20 5 13 13 3 3 7 17 10 20 16 10 16 14 9 13 5 24 13
24 40 12 41 23 10 18 38 41 26 53 36 31 18 23 30 34 17 47 19
9 30 9 18 27 2 3 13 36 5 11 15 13 14 23 21 26 13 28 19
3 14 3 12 7 3 1 7 14 7 16 9 13 7 10 3 5 11 17 2
13 29 17 24 26 18 11 21 36 13 29 19 16 22 24 31 17 13 39 18
37 54 24 50 49 24 30 40 57 20 34 47 38 36 39 44 54 31 52 36
13 23 7 31 20 7 10 26 33 17 29 15 18 18 17 27 22 21 27 18
27 48 33 43 28 13 13 39 39 25 51 42 38 27 25 45 40 21 48 22
25 37 13 35 24 9 14 36 41 14 41 21 31 33 23 41 32 23 41 22
2 32 15 30 16 3 2 22 22 21 41 34 21 13 11 23 16 16 29 16
36 67 38 56 38 21 22 52 57 22 46 51 41 41 32 58 46 30 56 33
1 19 1 17 21 2 6 9 23 9 25 23 18 15 16 7 17 5 27 15
2 16 4 27 13 1 1 11 14 8 26 24 11 11 6 14 10 9 13 6
10 31 15 32 27 9 13 23 46 16 21 15 20 15 20 22 25 17 35 23
16 22 8 23 21 3 9 23 33 13 26 17 23 10 20 16 15 24 30 16
3 5 3 9 6 1 1 4 11 1 3 5 3 1 6 7 1 3 1 2
14 16 1 28 14 3 7 18 22 9 16 11 12 14 11 16 22 13 13 8
1 12 6 5 4 1 1 7 7 7 12 4 7 10 9 11 8 7 10 10
7 18 11 30 19 1 6 22 19 20 28 18 19 20 21 25 27 18 23 21
32 50 21 49 39 14 14 43 55 23 49 31 36 37 29 47 42 18 50 21
7 23 5 31 6 1 9 23 21 14 31 17 21 11 10 9 12 16 21 17
1 10 7 14 6 1 1 8 11 6 10 5 5 8 5 14 5 2 7 7
14 35 20 40 37 16 11 31 45 8 36 25 23 35 31 33 27 18 37 23
33 59 31 40 35 23 21 43 60 20 45 36 34 30 28 53 41 23 59 31
8 28 15 27 20 2 1 27 29 11 36 36 16 12 31 26 23 18 38 20
10 29 17 56 36 18 17 47 52 12 57 34 30 31 32 38 14 39 44 28
18 46 19 30 37 19 18 31 41 22 46 37 34 29 43 33 37 28 60 38
6 18 6 16 1 1 5 11 11 8 19 2 11 15 3 16 14 1 15 9
3 13 5 8 8 2 1 2 14 8 4 4 4 2 9 7 9 4 14 5
23 54 35 61 32 18 24 55 45 36 66 40 45 37 31 45 40 35 57 39
31 48 25 37 21 27 31 23 32 37 44 25 36 33 12 35 39 22 50 26
12 38 20 37 24 15 13 37 37 19 50 31 24 24 33 29 19 28 53 25
8 12 1 15 5 1 10 14 21 8 16 4 14 7 9 10 11 10 17 9
7 11 1 18 20 5 5 17 24 1 18 11 11 17 23 14 9 22 19 13
27 51 27 44 37 9 17 51 46 26 51 43 41 33 37 53 45 35 58 38
9 20 5 14 8 1 1 12 14 4 25 23 13 9 14 10 9 12 20 6
1 5 1 6 1 1 1 1 3 1 10 10 1 1 2 2 1 1 4 1
27 53 36 50 38 17 16 42 46 15 39 39 36 36 30 49 40 27 43 28
4 21 6 22 11 4 5 15 22 13 29 22 15 8 20 9 15 11 28 18
25 47 24 65 53 27 23 53 66 12 54 32 27 48 42 59 36 33 50 29
13 41 26 35 22 16 19 33 35 37 48 25 35 26 22 38 29 27 55 33
2 15 8 22 13 1 1 15 13 17 25 17 14 16 15 17 19 13 19 17
19 38 20 36 22 5 14 32 35 19 34 21 28 29 23 35 33 20 38 25
20 51 19 41 25 7 16 42 34 28 51 34 37 28 32 35 46 26 55 40
11 48 24 43 41 12 4 36 42 22 36 35 29 28 39 35 45 21 45 43
14 33 19 53 41 16 14 44 54 7 43 26 27 39 33 48 30 31 37 32
34 47 20 47 46 28 33 47 66 27 53 19 40 40 45 44 41 30 59 25
1 8 4 12 4 3 1 6 8 4 6 1 4 9 4 6 1 6 5 1
2 9 1 7 7 1 1 2 13 2 15 6 11 9 13 3 10 6 15 9
8 24 18 49 32 18 16 40 40 15 41 35 25 34 38 34 26 29 38 32
8 16 5 24 15 1 1 11 23 1 12 18 7 5 11 15 10 10 11 3
47 68 35 65 65 30 24 67 84 9 61 53 52 52 54 70 55 37 69 37
17 55 29 50 35 14 20 39 44 30 56 33 46 46 30 41 46 22 57 37
3 11 2 12 5 1 1 6 10 3 17 7 9 10 7 11 6 9 10 4
8 36 15 34 20 7 8 26 31 16 43 19 31 34 22 32 28 16 41 28
15 45 32 59 46 21 25 43 51 36 54 25 42 40 36 44 37 44 52 47
18 51 25 47 27 14 23 37 47 33 46 22 30 29 19 43 38 14 52 26
3 9 1 5 2 1 1 2 8 1 6 5 4 2 8 1 4 6 5 1
44 70 47 49 51 37 33 57 73 24 56 40 45 53 52 68 54 37 79 41
43 71 40 56 42 26 26 57 61 24 60 52 38 44 42 59 49 33 64 29
1 32 11 35 28 3 1 25 36 2 34 33 17 19 23 25 16 11 29 24
1 29 13 32 14 1 2 20 14 15 34 23 20 23 17 15 25 5 28 25
10 36 9 30 22 8 5 25 35 7 38 21 11 23 20 31 19 5 41 18
2 10 1 8 2 1 1 2 6 3 10 5 6 7 5 2 6 6 5 3
4 9 4 11 9 1 1 6 11 4 13 13 5 5 7 6 4 1 9 4
21 46 18 33 43 15 19 33 49 22 35 40 40 25 40 29 40 28 50 32
5 13 5 11 18 1 1 7 22 1 13 11 9 10 18 11 12 7 18 12
8 9 1 9 10 1 1 11 22 1 10 3 6 6 13 11 10 10 14 2
1 12 6 19 14 7 5 14 15 12 25 15 8 18 13 16 10 14 16 14
1 7 1 4 6 1 1 4 10 1 10 9 1 3 12 4 2 6 9 4
5 38 24 39 12 5 10 34 22 22 41 20 26 30 20 32 26 20 35 28
15 28 11 30 17 13 15 19 29 15 19 13 12 15 10 22 21 3 21 2
20 59 36 60 43 21 17 49 57 23 45 42 24 39 48 50 49 30 56 46
17 46 25 66 39 22 27 57 61 25 68 41 35 35 28 51 26 46 54 41
22 42 19 63 40 26 26 58 52 33 69 32 43 47 34 53 34 33 54 33
23 31 19 39 34 13 19 39 45 22 27 20 38 21 32 25 31 40 40 30
17 30 19 29 29 16 10 33 34 9 32 10 26 32 30 33 20 27 37 22
4 6 4 17 12 2 1 7 15 5 9 12 4 5 11 8 5 6 7 3
14 38 23 49 48 22 21 44 61 24 55 36 50 45 45 45 37 45 62 47
1 23 12 14 7 4 3 13 12 14 27 14 14 15 14 16 13 8 26 16
1 4 1 18 10 1 1 6 8 10 14 14 5 5 9 7 13 5 7 10
22 40 13 40 36 8 9 27 45 10 28 31 20 23 25 29 36 14 33 19
2 2 1 3 4 1 1 1 8 1 4 4 4 1 8 1 6 3 8 1
9 20 7 36 17 3 5 20 21 14 25 25 14 14 12 22 19 17 13 9
12 56 24 52 31 15 27 57 51 25 69 30 51 52 42 44 45 33 67 54
17 60 32 42 30 12 15 49 51 29 60 49 31 39 42 51 45 21 66 42
23 53 39 55 42 19 25 46 47 47 49 36 44 37 36 48 48 34 55 43
5 23 14 25 10 10 8 11 17 13 25 17 18 18 8 18 13 11 19 11
20 37 22 49 54 18 12 44 57 9 35 32 34 34 42 39 33 38 42 33
16 27 4 25 17 7 11 23 35 10 25 4 26 21 20 16 24 19 31 16
6 12 1 6 11 1 1 5 16 1 13 11 12 1 14 4 9 8 18 4
13 38 19 43 22 6 14 37 33 31 51 31 32 26 21 35 26 32 42 26
23 69 36 67 59 14 19 67 64 34 76 68 52 47 51 64 59 36 66 59
1 4 1 17 5 1 1 10 9 4 13 8 10 12 8 8 3 12 3 4
25 66 45 67 44 17 22 65 47 43 78 62 58 49 45 62 49 44 70 50
6 10 6 18 14 5 1 17 17 1 23 15 7 15 12 19 3 14 13 5
1 11 4 8 1 1 1 2 8 6 9 3 2 6 4 7 7 3 8 5
5 9 7 22 13 1 1 9 16 12 16 11 11 11 11 13 16 6 15 12
5 19 10 15 9 10 8 5 15 14 15 19 8 8 10 13 10 5 19 7
43 55 31 48 42 33 33 38 52 30 39 23 37 45 37 46 52 21 54 23
9 18 9 17 15 7 1 11 20 6 16 14 8 8 18 9 8 6 17 6
26 63 40 59 42 17 23 58 59 25 53 43 44 34 38 49 45 37 61 48
13 59 24 62 45 16 22 63 61 32 76 43 57 57 58 52 45 47 74 64
27 63 43 62 50 16 31 60 54 44 64 40 67 53 43 50 58 49 69 55
36 56 33 69 51 43 37 61 67 27 70 31 45 57 49 59 39 35 67 29
9 26 4 24 17 3 4 28 28 8 37 17 26 21 26 19 15 27 31 22
4 23 15 17 9 6 5 11 16 18 24 7 19 16 9 15 17 5 29 16
23 54 33 40 25 16 20 34 42 29 49 22 40 39 24 44 41 20 61 31
32 59 32 62 56 27 33 59 66 20 61 36 41 59 51 61 55 39 69 45
10 39 25 31 23 13 17 22 28 27 36 12 31 38 21 31 35 22 47 34
3 27 13 37 13 10 10 34 24 6 39 23 8 28 28 27 13 23 30 21
5 32 10 22 28 1 3 16 39 5 19 20 22 12 19 18 28 7 25 25
5 5 3 12 10 1 1 4 14 1 9 11 5 2 9 6 3 3 9 1
25 49 20 54 40 24 25 52 53 25 67 32 34 42 36 51 34 36 55 27
19 29 12 21 21 9 10 20 34 11 20 9 17 16 21 24 26 13 32 15
6 19 6 23 20 1 1 9 24 6 20 24 11 9 14 12 14 5 20 8
1 4 1 10 3 1 1 2 7 1 7 2 5 7 6 3 5 5 5 3
9 20 7 5 9 6 6 6 15 9 9 7 16 8 13 9 15 9 24 9
9 24 7 26 17 9 8 25 31 13 37 16 20 23 22 23 14 22 33 17
25 43 23 42 34 16 17 33 31 24 30 30 31 30 32 32 38 24 37 28
11 21 4 21 10 5 7 11 23 8 14 6 11 11 11 12 15 7 20 5
10 23 13 40 36 6 8 37 35 25 47 22 36 30 34 34 28 38 39 34
27 45 19 50 38 17 18 43 43 21 48 39 25 29 38 41 40 21 43 19
1 12 6 11 9 1 1 6 14 9 8 5 6 8 9 12 8 6 10 10
4 12 1 10 8 1 1 6 17 1 6 4 3 1 9 10 5 4 8 1
28 57 21 51 54 22 27 59 68 7 61 44 34 49 54 53 39 40 65 38
13 20 8 18 14 4 9 16 27 15 17 6 23 5 14 8 13 18 24 15
4 9 1 19 9 1 2 11 19 3 17 9 6 10 12 11 9 10 13 4
20 41 18 38 30 20 16 30 44 13 32 28 18 23 21 39 29 13 36 19
13 31 19 39 25 22 20 37 40 13 50 24 26 40 25 47 21 28 44 25
7 13 5 10 10 6 3 11 14 6 15 7 12 11 16 6 8 16 16 6
11 30 14 41 22 2 7 34 23 24 44 27 30 24 21 29 26 25 27 25
13 15 8 24 27 9 3 19 31 7 21 20 8 14 26 20 15 17 25 10
5 17 9 13 7 9 7 5 13 12 17 16 13 7 7 9 7 6 19 5
23 35 17 36 28 13 11 33 32 6 36 34 28 22 31 24 27 24 35 18
3 6 3 12 13 1 1 6 18 1 9 9 7 2 10 8 3 5 11 5
19 52 35 66 40 37 36 52 52 26 72 34 37 61 34 65 32 37 66 44
8 17 3 16 9 1 3 9 19 11 17 15 13 6 12 11 16 11 18 7
7 31 8 25 13 6 9 25 31 17 36 13 19 16 23 18 18 20 41 25
12 30 14 39 31 5 1 28 30 10 30 34 19 13 28 21 22 20 22 14
5 25 12 24 11 3 1 18 17 11 23 20 9 12 15 19 13 7 18 15
23 46 23 30 33 17 17 32 38 17 31 39 24 25 40 33 35 29 50 32
22 72 32 62 46 17 28 51 55 27 64 43 49 56 39 59 59 30 71 53
2 7 1 13 12 1 1 6 17 1 12 6 8 8 13 5 5 10 11 3
17 44 26 30 28 24 20 26 39 11 41 30 13 26 31 35 14 24 48 24
9 33 16 35 29 6 10 35 39 15 47 19 38 36 24 33 27 16 42 34
17 53 35 39 22 13 26 27 33 34 42 27 33 36 11 46 40 23 51 30
1 7 3 6 6 1 1 1 10 5 6 2 3 5 9 6 8 3 8 9
21 57 34 55 48 24 22 54 53 27 68 57 45 50 60 47 50 40 66 46
12 34 20 34 21 13 10 31 34 16 36 17 15 33 20 39 21 13 40 20
7 10 3 8 8 3 1 5 14 4 8 4 9 4 12 5 11 7 12 4
9 18 10 22 19 2 1 9 27 3 10 17 4 7 13 18 17 5 14 10
7 35 13 46 39 7 1 35 49 14 41 35 30 22 28 33 26 24 37 32
32 68 31 55 52 20 21 60 73 16 66 53 42 44 47 56 49 27 68 32
14 43 25 44 28 15 9 32 36 22 37 32 26 28 20 35 34 18 37 26
8 12 3 23 20 1 5 12 30 6 12 13 10 13 19 14 18 9 17 11
18 66 44 66 43 14 27 51 44 44 57 50 47 49 29 51 62 27 54 52
12 34 17 49 25 5 11 38 40 19 45 24 37 33 19 40 28 28 39 28
1 25 7 27 21 3 2 17 31 12 29 22 14 11 16 15 14 17 28 17
32 47 27 44 35 25 28 39 46 18 33 33 41 41 35 42 37 39 46 29
11 17 4 27 14 2 3 21 28 8 25 13 19 14 14 18 12 18 22 6
20 50 31 58 38 19 20 42 41 30 52 40 45 42 26 53 47 31 49 40
24 45 15 45 32 20 19 42 50 21 51 21 35 37 34 37 31 23 55 25
1 10 3 11 6 1 1 2 10 1 8 15 2 2 4 6 4 1 5 3
4 20 4 9 9 4 9 8 21 7 19 7 16 15 11 7 17 1 28 11
6 12 4 24 25 7 6 22 34 1 25 6 17 23 24 21 13 15 23 18
12 38 16 27 22 11 12 23 32 24 32 18 20 29 24 27 35 13 41 25
11 38 18 48 28 3 9 39 36 21 48 29 28 30 21 44 35 26 39 27
2 17 3 21 20 1 2 18 20 17 31 15 30 15 20 7 21 20 27 19
43 52 32 47 43 27 28 49 58 7 45 47 41 39 45 49 39 38 55 23
20 39 24 34 29 17 3 22 35 7 13 31 22 16 21 26 29 13 26 22
2 5 1 8 17 1 1 4 21 2 3 4 6 6 18 5 11 8 13 8
30 65 34 63 41 21 14 59 58 16 54 45 42 47 36 62 51 30 63 43
15 44 27 59 40 29 26 54 52 25 62 30 33 47 42 49 29 38 59 46
7 39 13 32 20 1 2 27 22 20 43 27 27 23 30 24 39 15 41 30
7 16 1 14 9 1 4 16 22 4 23 8 22 11 15 10 9 21 25 12
11 41 22 35 23 10 7 44 37 18 56 28 34 33 29 44 23 27 54 30
33 64 45 53 32 19 18 40 47 30 49 38 36 37 15 58 48 16 52 32
9 53 30 48 35 15 25 35 41 36 55 31 55 50 27 38 47 30 57 49
19 25 7 30 25 11 14 24 39 9 27 5 22 25 23 23 26 9 28 11
4 15 5 22 10 1 1 12 11 13 21 18 10 12 9 11 14 8 10 11
19 66 32 58 39 12 25 59 56 35 66 37 55 46 44 43 53 38 68 52
28 72 46 64 55 33 27 59 69 18 62 45 38 53 59 57 49 38 71 52
22 43 15 34 26 15 15 30 39 18 31 19 20 27 22 32 28 17 37 16
25 44 22 29 19 18 20 27 39 24 38 26 25 21 11 37 29 4 43 9
19 50 15 50 44 22 28 52 56 13 58 41 26 47 54 46 39 32 57 44
11 36 19 21 7 15 15 12 14 23 41 19 24 21 2 23 15 11 37 19
5 23 15 32 18 5 7 24 27 22 29 16 21 18 12 25 19 16 26 22
4 15 8 12 5 4 1 5 7 10 11 8 7 11 7 9 10 5 10 10
17 34 10 28 24 7 7 26 40 6 35 17 26 23 24 25 24 15 39 14
31 51 27 57 45 23 22 48 58 29 54 38 31 34 33 51 43 21 49 23
27 41 20 37 46 22 20 41 59 9 48 26 36 39 47 42 35 35 56 33
27 59 46 61 59 35 22 47 53 33 54 53 39 44 47 57 47 35 62 52
1 9 3 5 1 1 1 1 2 8 8 5 4 3 1 5 4 1 7 4
3 19 7 21 25 12 11 18 35 8 29 11 17 22 31 16 13 22 35 26
1 7 1 7 10 1 1 1 13 1 10 11 6 4 10 1 6 1 11 4
6 16 5 7 13 1 1 5 16 7 10 8 13 8 17 8 15 10 18 12
20 39 29 46 40 26 18 46 45 17 54 27 43 47 40 48 29 37 56 32
3 12 2 19 11 1 1 6 22 1 8 10 1 4 7 13 12 1 10 5
30 53 33 52 39 12 7 48 62 12 50 39 41 35 30 55 44 19 52 29
3 31 16 19 18 4 7 17 25 18 30 17 21 22 19 25 23 7 37 25
16 37 11 40 32 7 8 35 41 10 35 35 25 22 24 34 27 29 35 22
14 31 23 32 19 17 11 21 22 21 34 24 22 25 15 25 20 14 29 11
14 44 17 44 27 14 16 39 38 16 43 33 19 32 37 33 32 30 48 27
23 46 28 54 30 25 26 46 52 31 61 20 39 40 29 45 29 38 60 39
1 13 1 19 6 1 1 9 11 2 21 12 7 12 2 16 2 6 10 6
1 13 5 11 4 2 1 3 8 7 17 10 8 9 7 7 8 3 15 8
29 48 28 45 26 24 22 35 41 21 44 32 26 36 22 44 32 18 45 12
1 20 8 18 16 1 1 13 20 7 28 11 17 23 16 15 18 6 26 21
20 32 25 37 34 8 7 36 37 24 48 44 29 25 32 40 31 24 40 23
15 56 30 47 44 19 17 44 62 15 54 37 24 31 36 45 27 24 57 43
17 63 27 45 32 8 16 44 52 22 62 48 40 39 39 45 47 23 63 37
9 23 15 23 22 10 6 15 27 16 22 26 14 12 16 21 16 8 29 10
4 22 5 17 18 4 3 10 23 15 15 14 12 12 19 13 22 12 23 14
4 19 6 17 15 1 1 7 20 1 8 17 5 1 8 11 12 4 8 6
23 68 44 65 39 22 23 44 43 44 64 45 52 48 32 48 58 30 64 51
21 68 37 65 46 10 10 61 60 19 58 51 39 50 51 62 56 32 64 54
17 52 33 37 31 6 5 32 38 31 34 42 31 20 25 40 48 16 43 30
14 30 20 41 33 17 8 27 39 15 37 30 25 27 26 34 20 23 37 15
21 45 12 38 27 13 17 30 35 20 32 26 25 24 25 26 38 16 37 17
2 15 2 16 12 1 1 8 11 12 25 20 12 5 15 7 14 9 19 11
1 10 4 14 1 1 1 7 5 8 20 13 10 12 4 7 6 6 9 7
14 29 15 21 19 8 4 17 24 16 20 25 13 11 17 23 17 14 27 10
17 51 20 50 34 13 22 49 48 23 61 29 35 46 33 50 42 33 61 37
14 29 3 20 10 9 11 20 23 10 31 12 16 15 15 14 19 7 31 9
22 50 21 44 43 17 16 42 56 11 41 36 36 36 39 44 37 33 53 36
9 31 6 34 20 3 7 23 32 15 37 28 15 15 16 26 28 10 34 17
6 30 16 31 14 1 6 25 17 22 29 24 19 17 24 23 34 13 28 29
12 25 9 35 33 6 7 29 42 5 30 15 36 31 28 29 27 24 34 29
10 24 4 50 36 11 12 39 40 14 49 28 22 33 29 42 25 29 35 24
17 37 14 29 23 5 10 25 36 13 25 9 22 27 22 28 35 9 36 23
7 17 8 19 8 1 1 9 16 10 19 10 15 11 9 15 14 7 16 10
5 40 20 42 10 5 5 42 23 28 56 29 28 34 23 35 29 25 44 32
26 48 20 36 25 21 24 37 38 26 39 12 32 40 29 39 38 18 50 20
15 47 22 23 13 11 12 19 28 20 39 23 24 25 22 29 33 6 48 26
10 26 3 24 25 1 7 21 31 10 24 15 30 24 24 15 34 15 31 25
40 64 29 51 47 18 19 56 61 29 61 52 43 37 48 57 57 27 67 34
23 58 25 55 43 2 21 49 58 30 55 39 46 32 33 42 55 32 57 45
9 14 3 16 12 1 3 7 20 3 11 13 10 6 12 10 13 9 13 6
16 53 24 34 18 14 26 38 37 30 52 23 43 33 21 24 38 22 54 42
3 10 1 8 13 1 1 4 19 2 7 10 6 6 17 7 10 9 14 10
6 23 14 28 21 11 6 21 27 13 31 15 14 22 20 27 13 16 31 19
7 20 4 24 8 4 7 19 24 13 28 9 22 15 12 14 10 20 22 12
17 45 15 46 29 15 26 39 48 31 54 18 43 42 24 34 38 21 54 33
17 25 17 35 33 19 13 32 39 4 33 23 20 30 34 30 19 25 29 17
23 44 26 58 36 15 22 52 56 23 60 29 49 45 35 50 37 37 59 38
13 34 17 33 24 1 6 31 22 24 44 33 37 26 23 31 30 29 34 26
2 15 3 19 7 1 1 12 8 6 20 18 10 4 16 5 15 8 16 9
10 24 11 30 21 10 9 18 24 21 22 19 21 19 21 19 26 19 22 16
20 44 23 49 53 16 25 42 51 32 50 45 41 43 49 42 50 37 45 46
4 17 7 26 20 7 7 18 30 1 18 13 1 12 14 24 6 11 15 11
28 53 27 42 37 20 20 36 50 16 46 29 39 43 35 42 41 23 53 26
10 23 10 26 30 9 9 24 39 5 27 25 13 14 27 28 16 24 34 16
4 10 2 14 4 1 1 4 11 2 6 7 2 2 3 5 4 1 4 1
16 51 28 46 39 13 18 44 38 33 54 42 35 43 49 40 50 33 55 44
6 19 9 25 17 1 1 10 25 9 14 15 11 12 15 15 18 11 14 13
1 19 3 17 7 1 1 4 11 8 24 23 7 7 6 10 6 2 16 6
20 44 21 28 22 8 10 32 43 22 36 20 21 25 20 41 35 5 47 19
16 55 30 45 30 16 17 45 52 26 60 39 25 32 35 46 36 24 66 35
1 6 1 12 11 1 1 4 17 1 4 5 1 4 9 10 3 7 5 5
8 57 36 52 36 5 18 44 43 30 61 46 39 44 31 45 44 27 59 47
16 43 27 30 17 10 6 35 35 20 48 28 26 28 17 41 24 9 48 16
5 20 12 28 16 5 1 14 16 20 21 23 11 12 11 20 16 11 16 14
24 49 28 39 38 10 14 43 43 19 53 36 46 39 34 42 46 23 54 31
10 22 16 28 15 13 11 12 14 25 18 20 18 14 14 16 22 13 16 14
8 36 25 34 29 3 2 24 28 21 32 37 28 17 23 33 38 13 34 32
8 27 15 36 23 4 6 20 25 18 18 29 9 11 13 25 26 13 9 17
3 15 1 18 8 1 1 12 14 3 13 20 1 1 8 12 6 2 10 3
13 41 16 25 25 6 8 23 39 12 28 26 22 7 25 14 20 17 42 21
12 29 7 24 18 13 13 18 30 13 28 18 11 18 16 24 19 9 31 9
1 9 1 7 2 1 1 1 9 1 6 8 2 1 7 1 1 3 6 1
10 23 13 18 8 12 10 6 12 15 18 10 15 18 10 12 15 9 21 11
24 37 17 35 21 8 12 35 41 13 41 26 33 17 18 26 18 26 38 16
4 25 15 18 15 3 1 8 20 10 12 9 13 9 10 14 15 5 20 9
5 10 5 17 6 1 3 7 15 9 9 9 5 10 11 12 13 7 10 9
1 23 9 24 15 4 2 13 19 12 24 25 8 7 15 9 12 7 24 12
3 13 2 14 9 1 1 5 18 6 7 1 7 10 12 10 15 4 12 10
3 18 2 12 21 1 4 7 27 1 17 17 12 14 23 7 16 9 21 15
3 23 5 15 11 1 1 4 19 4 15 14 6 5 11 7 13 3 19 6
27 56 40 53 40 24 13 52 61 34 58 51 34 29 34 59 40 34 57 35
3 22 9 39 32 12 9 31 44 1 38 26 17 29 27 36 16 24 33 23
36 62 34 58 48 22 26 52 54 25 44 41 45 47 48 51 60 33 56 42
13 27 6 21 20 4 6 13 23 8 16 27 12 10 18 16 17 13 22 12
34 55 30 45 25 17 15 47 52 31 50 48 49 31 26 45 44 34 54 30
37 59 41 57 50 29 33 56 67 24 48 42 46 37 36 53 44 49 61 53
17 34 17 29 20 13 9 26 31 5 34 24 16 23 21 31 16 18 30 5
41 69 46 72 56 41 33 52 60 39 61 54 38 50 37 66 57 33 64 47
36 70 44 63 41 32 27 47 55 35 57 41 40 46 27 64 53 18 63 33
26 39 27 33 36 27 20 30 46 21 38 30 32 27 36 36 30 28 51 22
3 20 11 23 16 11 6 21 20 13 29 11 23 28 20 22 11 22 26 19
4 24 13 30 18 1 1 18 23 2 20 27 3 8 13 17 12 4 13 14
10 39 16 39 34 6 11 30 35 22 35 25 34 32 28 28 39 15 38 31
14 62 24 52 50 17 20 54 63 23 59 45 52 46 56 42 47 44 65 57
32 45 33 35 40 26 22 36 47 19 29 29 32 32 41 40 38 31 47 28
3 22 9 23 20 1 1 14 29 3 19 17 7 11 13 20 16 6 17 15
4 11 4 16 11 1 2 11 11 16 19 17 19 3 13 6 14 16 14 11
1 12 1 1 8 1 1 1 14 1 12 8 6 2 13 6 7 5 18 5
17 33 18 24 6 10 11 16 21 23 31 27 17 14 5 27 23 5 29 8
1 9 1 13 4 1 1 4 8 5 13 15 1 6 5 8 4 1 10 4
5 17 5 20 12 2 1 11 11 13 21 22 11 5 11 10 12 9 14 10
3 20 10 22 19 7 4 9 22 13 22 22 9 10 11 16 11 7 24 8
22 61 30 66 42 21 18 59 58 29 72 44 50 60 52 58 55 36 69 51
5 29 12 43 22 6 6 28 27 14 30 30 16 18 19 21 22 17 19 19
6 11 3 9 13 3 1 3 16 5 10 8 9 7 15 5 12 7 17 7
3 13 4 10 13 2 3 8 19 7 12 4 14 6 11 6 8 6 17 13
30 72 35 60 40 13 9 63 64 32 72 56 43 45 46 61 61 26 75 43
32 62 31 66 48 31 34 64 71 23 74 25 42 52 50 53 41 36 72 38
14 37 17 31 26 6 1 28 34 8 40 36 18 18 26 29 19 17 38 18
1 7 1 11 3 1 1 7 15 4 15 2 9 3 4 5 1 8 11 7
5 31 11 20 13 2 11 21 24 13 29 5 23 29 16 21 29 5 33 24
10 12 3 17 7 3 7 14 20 3 17 7 9 8 2 15 9 3 14 5
18 52 32 31 16 13 11 28 34 27 46 31 28 26 16 42 33 11 49 22
1 7 1 6 1 1 1 1 4 1 8 8 4 1 1 1 1 1 4 1
10 23 14 35 25 10 5 24 34 13 33 24 17 20 19 27 17 18 29 15
29 49 26 48 49 26 27 60 74 17 64 31 47 50 48 61 39 46 73 44
34 48 23 44 40 26 29 46 58 10 41 35 30 39 38 48 35 36 53 26
6 9 4 21 14 1 2 10 22 5 5 13 4 5 11 12 9 8 6 3
2 11 4 12 9 2 1 7 9 13 13 8 7 9 11 8 11 11 10 8
2 13 7 15 5 4 2 6 11 9 13 7 6 9 4 10 5 4 8 6
13 36 15 44 18 7 16 35 26 29 46 22 30 30 19 32 39 13 37 25
27 67 32 65 47 29 40 59 66 40 69 36 46 52 49 47 55 30 74 46
17 57 22 41 30 4 24 44 50 32 51 31 46 35 35 33 49 29 63 47
1 17 5 16 10 4 1 15 15 6 25 11 9 15 16 15 8 11 18 14
16 38 19 32 38 7 8 35 32 21 36 35 29 27 39 37 37 29 44 36
1 9 3 13 2 1 1 3 8 8 10 4 6 7 5 8 9 2 7 6
21 34 14 44 35 15 16 39 42 23 42 32 25 24 28 37 30 21 36 20
28 63 50 57 33 29 35 40 39 40 60 43 47 50 21 55 46 31 59 36
3 31 12 25 4 1 6 20 14 14 26 16 13 15 10 20 18 5 24 17
19 64 30 57 56 11 16 58 61 28 61 51 46 48 48 58 53 37 61 50
7 13 1 15 3 1 5 8 13 6 13 13 2 7 6 12 13 4 11 3
14 56 34 60 45 11 11 59 53 33 78 52 47 42 47 57 45 41 69 51
35 70 45 62 43 19 34 58 67 31 63 48 54 40 33 56 55 44 70 47
8 24 9 17 5 1 3 12 18 7 23 15 10 13 9 21 16 5 22 10
15 34 11 25 28 8 8 21 38 17 28 20 27 16 25 15 24 18 38 21
13 54 32 49 24 14 31 42 37 47 61 31 42 39 18 43 45 30 64 48
1 9 3 18 8 1 1 4 13 1 8 11 2 3 2 7 5 1 1 1
24 38 13 21 24 7 11 31 45 9 38 26 28 26 30 35 32 22 48 22
3 18 1 8 18 3 9 10 22 5 17 11 19 17 22 11 22 8 23 21
8 14 1 14 12 1 1 7 17 4 13 13 9 9 15 6 12 11 14 9
25 58 31 55 47 31 35 51 62 31 64 41 30 40 39 54 35 36 65 43
1 19 12 31 20 5 3 20 26 7 30 22 5 18 12 28 9 13 22 15
14 33 6 24 20 9 11 28 37 10 44 20 19 24 28 29 27 17 48 23
15 37 13 30 22 6 8 20 33 9 23 21 13 15 21 21 29 9 29 19
1 17 6 15 2 1 1 10 6 6 17 6 6 9 2 12 6 1 10 9
28 51 27 50 31 24 21 45 50 29 60 27 41 45 28 53 35 27 60 29
13 28 14 8 15 12 10 15 20 12 18 10 21 20 20 21 20 19 34 18
1 8 1 5 7 1 1 3 12 2 11 5 6 3 8 7 3 4 10 5
1 5 1 4 2 1 1 1 8 4 11 9 5 1 5 1 1 3 10 1
1 22 5 21 14 1 1 13 18 11 19 18 6 10 16 14 14 10 19 13
2 13 1 18 17 1 1 14 25 2 19 4 13 19 19 17 13 15 17 15
19 49 20 51 37 8 16 54 55 26 61 34 40 45 27 56 46 20 55 34
28 35 23 52 45 19 16 39 48 11 28 41 35 33 36 37 33 35 33 27
19 59 34 59 34 11 15 45 40 29 54 54 35 33 38 45 52 28 52 36
4 24 11 28 16 5 6 23 13 22 36 28 22 13 20 12 18 17 25 22
24 57 28 39 22 9 9 42 45 18 46 45 33 20 34 37 30 25 56 28
34 52 37 53 48 33 27 40 59 19 50 41 34 40 40 51 40 32 60 27
5 16 6 35 18 1 1 19 20 9 22 26 10 10 8 19 11 12 5 6
15 32 21 46 40 13 7 31 40 21 33 30 34 26 32 31 31 27 33 23
2 6 3 16 11 1 1 7 9 11 10 15 9 1 10 6 10 10 5 5
25 45 28 47 50 16 9 38 53 10 36 39 32 35 40 42 43 27 43 31
4 3 1 13 12 3 1 12 19 1 14 4 8 10 18 9 7 15 15 6
17 31 16 21 19 11 9 17 30 17 25 19 20 16 18 24 23 11 36 15
13 34 8 27 25 10 17 17 33 15 25 21 22 26 23 20 32 10 36 19
10 35 8 25 15 1 9 19 38 10 29 22 21 6 17 13 24 15 35 23
35 56 30 58 46 23 32 55 70 18 47 40 38 35 48 45 44 44 64 49
5 15 2 28 13 1 1 14 24 1 19 12 12 15 10 18 12 13 10 8
31 54 38 50 39 18 19 41 45 25 38 53 28 23 27 47 43 24 40 17
23 41 17 36 39 6 6 34 55 10 35 38 24 18 29 38 36 18 42 21
12 29 10 32 21 6 8 23 34 5 30 26 12 19 18 28 22 16 25 15
6 16 6 18 10 4 4 7 18 7 7 9 4 8 9 12 11 6 8 7
10 45 24 38 14 4 6 34 29 32 45 28 32 21 27 24 33 25 48 34
9 13 7 17 12 5 1 10 19 4 13 15 8 6 14 11 7 8 10 1
4 15 4 12 4 4 5 11 14 11 21 6 17 9 10 5 6 15 18 10
10 18 10 24 15 7 3 13 21 4 19 16 10 12 11 17 9 4 13 6
20 41 21 34 19 18 14 23 27 13 36 29 19 24 20 28 22 10 36 12
18 46 26 43 43 21 19 46 47 18 55 45 47 42 49 44 42 38 65 43
1 14 5 8 2 2 1 6 10 7 8 3 2 8 6 11 7 5 9 6
4 28 16 22 11 1 9 18 18 18 33 20 22 19 14 25 24 9 34 24
4 44 27 46 26 10 22 36 39 25 48 27 22 39 18 42 31 23 47 33
3 26 7 21 16 1 4 16 26 7 29 24 17 9 17 11 15 14 27 19
36 50 30 50 42 25 31 53 57 25 47 17 40 47 40 57 49 27 57 27
12 36 18 42 23 14 15 30 34 20 31 13 18 33 19 33 30 21 34 20
15 24 15 39 36 11 7 32 39 15 39 24 27 30 34 33 31 25 34 23
9 34 16 46 33 5 7 41 37 26 48 28 35 27 32 31 24 30 39 35
4 16 8 18 12 4 1 12 16 11 21 14 11 17 15 13 12 13 17 13
30 49 24 55 40 14 26 47 43 38 50 20 49 46 38 45 57 27 50 31
32 49 30 47 41 26 25 46 50 27 46 45 49 42 41 52 46 42 58 39
14 45 14 21 21 8 18 19 40 22 38 18 34 22 24 18 31 19 51 30
2 4 1 10 7 2 1 7 16 1 9 3 7 4 11 9 4 9 10 4
7 27 7 24 12 3 4 15 18 14 28 20 16 18 16 13 23 7 28 16
27 48 32 53 32 24 20 37 46 18 37 31 28 34 18 44 34 16 35 18
3 13 5 20 13 7 3 13 19 11 20 12 7 13 14 15 9 12 17 9
12 28 12 33 27 7 10 23 40 8 26 15 16 25 17 29 29 9 28 21
18 55 34 59 31 14 17 44 46 29 52 35 41 37 20 49 38 27 50 29
14 27 13 21 18 8 8 17 26 13 16 11 18 19 18 20 21 16 26 14
4 37 16 34 20 9 6 35 33 17 46 26 34 33 38 26 26 27 45 37
1 6 1 9 1 1 1 1 4 5 12 14 4 4 3 7 3 1 8 1
11 38 19 30 5 1 5 34 30 17 47 31 23 12 15 25 19 13 42 18
1 10 5 6 3 3 1 1 4 6 8 1 4 5 1 5 1 1 8 3
6 16 7 22 8 1 5 17 19 8 22 2 12 20 10 20 16 8 17 12
28 68 36 52 59 19 27 54 61 35 57 60 58 48 53 55 65 43 68 54
5 18 9 19 9 7 5 9 11 19 22 17 16 12 9 9 14 12 17 11
5 11 1 4 9 1 1 8 16 1 12 9 6 4 14 10 7 13 16 4
5 49 32 47 22 7 6 41 34 21 49 39 23 29 27 47 33 21 46 38
13 51 29 56 16 3 25 52 40 33 68 32 46 39 20 41 41 34 59 47
9 27 7 17 25 5 5 24 31 6 35 18 21 22 35 21 24 20 43 29
6 25 12 13 16 9 7 4 20 15 15 11 15 18 18 11 20 7 25 17
6 13 1 7 13 1 1 4 18 2 8 2 13 10 17 6 17 7 17 13
1 25 10 21 8 2 1 21 17 13 38 22 15 15 19 21 15 13 34 22
3 22 9 12 5 8 7 5 13 13 19 15 13 7 4 11 8 5 22 8
10 51 34 56 34 13 10 51 39 27 62 52 32 33 34 50 38 26 54 47
20 47 21 51 48 16 27 46 68 22 46 28 36 31 40 34 40 39 52 45
4 28 14 31 19 5 2 22 27 8 26 31 7 10 22 22 18 11 26 17
1 16 5 14 12 3 1 3 17 5 9 14 6 5 10 4 9 2 12 7
28 74 38 62 27 14 32 63 53 41 65 37 60 50 41 45 66 44 76 60
9 23 4 29 20 4 8 23 38 5 26 18 10 11 18 20 15 13 27 14
4 25 12 21 11 1 1 13 15 12 22 18 12 16 16 13 18 8 20 18
28 56 43 59 48 26 20 61 60 39 73 48 60 51 45 64 49 41 70 43
16 50 27 43 27 5 1 36 42 17 49 51 31 22 27 37 41 13 45 30
4 28 14 35 22 8 4 25 27 10 31 26 10 20 22 24 14 16 23 21
38 75 46 71 49 26 25 66 78 36 65 47 53 45 38 63 56 38 75 53
13 49 35 58 36 27 20 42 39 28 60 33 34 47 37 48 29 37 57 45
1 6 1 12 3 1 1 2 8 1 6 7 1 1 1 7 1 1 1 1
29 39 21 42 27 19 17 36 40 8 42 28 29 31 26 39 27 25 37 13
1 19 5 14 11 3 1 3 13 6 16 20 5 9 11 5 9 4 17 7
23 50 30 41 35 18 25 41 47 41 57 41 44 25 35 36 39 40 61 41
16 24 12 23 29 12 6 23 30 10 22 19 18 18 27 24 19 22 30 14
1 9 1 8 1 1 1 1 6 1 8 7 3 3 1 4 2 1 3 3
7 24 4 28 22 3 4 23 30 13 37 28 20 16 26 19 23 17 34 17
18 60 30 56 31 4 20 47 37 35 59 48 40 34 23 48 53 27 52 40
3 11 7 21 17 1 1 5 21 3 7 16 4 4 10 9 9 2 7 8
13 25 8 25 19 1 6 17 29 3 17 15 17 15 14 18 24 12 19 14
20 38 22 26 27 15 9 23 36 10 31 32 18 17 28 31 23 17 37 13
27 59 27 59 40 15 28 61 67 31 67 24 56 52 37 49 49 39 67 49
1 18 4 8 6 1 1 5 14 5 12 14 1 3 11 9 7 5 16 6
24 44 25 44 31 11 17 45 48 21 47 19 43 34 30 37 32 35 47 31
25 47 22 32 36 9 11 30 49 9 36 33 33 29 31 37 38 14 48 27
12 44 22 37 17 9 16 33 34 29 47 18 38 29 17 28 26 31 48 30
2 36 22 36 21 13 11 35 30 21 49 20 22 33 35 31 27 23 50 39
14 37 16 37 24 13 16 37 41 28 50 22 31 20 26 26 27 36 50 34
1 14 5 12 9 1 1 1 12 2 7 10 2 4 5 7 11 1 7 8
22 54 32 39 44 12 11 30 44 25 41 46 35 26 35 40 44 22 49 28
5 9 1 14 11 1 1 6 16 3 12 10 10 6 14 4 8 10 11 4
1 12 3 4 3 1 1 1 9 5 13 8 8 3 8 5 7 3 17 6
8 26 6 31 11 2 6 23 19 12 34 23 9 15 12 24 22 7 25 13
35 52 34 56 58 25 27 54 59 22 53 50 40 44 55 60 49 46 60 41
1 12 5 7 6 4 1 5 11 10 14 7 11 7 8 6 7 6 15 11
9 31 18 21 19 8 7 14 24 19 17 12 19 19 20 17 25 14 29 19
9 29 7 29 14 1 4 24 17 13 32 22 14 17 22 18 31 12 26 19
22 54 37 71 51 23 23 70 50 25 74 55 52 58 57 67 47 54 69 54
5 14 8 17 7 1 1 9 11 7 19 9 12 12 7 14 11 6 15 9
8 21 6 19 16 2 1 11 26 10 12 10 14 1 12 6 9 9 21 10
2 16 9 7 4 4 2 4 6 11 10 5 7 9 8 8 11 3 14 11
1 12 1 15 7 1 1 4 10 5 13 17 5 4 9 2 4 3 9 6
21 38 21 34 19 17 15 22 31 10 25 26 14 20 19 24 22 10 26 6
32 64 30 56 33 17 24 51 51 30 52 38 42 39 39 49 52 24 60 33
12 33 16 42 41 11 5 30 49 5 32 34 27 27 33 31 26 21 35 22
1 12 5 9 7 5 1 4 12 6 10 8 5 6 10 5 4 6 9 5
5 11 1 6 10 1 1 4 14 2 3 7 6 1 13 3 6 10 9 2
17 33 24 50 53 31 23 49 61 15 57 32 44 46 52 43 29 47 59 39
1 13 3 13 4 1 1 4 13 6 15 10 10 4 3 5 6 5 12 6
16 41 32 57 51 22 21 36 42 32 45 33 36 42 35 46 41 34 41 43
19 38 23 34 30 12 8 23 30 14 19 32 22 20 21 28 29 17 30 20
7 30 7 38 17 1 9 28 27 19 40 25 24 20 17 19 24 16 30 26
7 15 1 11 10 1 1 10 16 2 18 14 12 9 14 12 8 14 19 6
16 49 23 43 16 9 14 37 36 24 52 31 34 20 22 27 27 29 48 31
4 21 6 18 9 1 1 10 15 7 22 15 13 13 12 11 15 9 18 10
20 32 17 27 21 10 7 22 32 8 32 29 18 17 23 29 22 14 32 9
27 62 24 38 42 25 34 40 53 25 52 26 44 53 40 53 54 29 72 46
3 15 2 11 8 1 1 1 15 4 10 11 9 1 10 1 8 5 14 2
19 37 19 32 9 8 17 35 40 22 48 24 31 16 9 27 20 23 43 20
16 32 22 36 27 15 11 24 35 11 30 26 23 20 20 23 20 17 28 16
21 42 29 42 18 11 11 47 47 31 63 30 44 29 17 43 27 29 53 33
32 54 33 42 38 25 23 31 45 32 52 45 44 27 28 35 38 29 59 26
1 19 8 21 18 7 3 12 24 7 22 8 12 17 16 16 11 15 25 11
32 77 41 49 42 22 16 43 56 21 46 50 45 42 42 50 61 17 69 50
9 31 13 35 25 1 6 24 30 20 31 21 27 20 21 29 38 15 35 25
30 62 32 40 41 26 27 40 54 22 41 36 38 46 44 49 48 32 66 43
5 29 12 21 12 2 1 15 22 9 23 14 12 15 11 22 20 9 23 14
5 22 1 17 31 1 4 16 33 5 15 16 16 18 28 9 23 16 25 17
31 71 40 56 51 28 30 39 55 39 56 47 52 49 36 52 61 24 66 51
10 18 6 17 18 6 5 12 28 6 10 11 8 10 20 12 16 14 18 8
2 12 1 5 6 1 1 9 11 1 14 5 5 8 14 4 4 12 11 4
4 13 1 12 5 1 1 8 15 4 17 9 10 7 10 8 7 9 13 5
19 31 15 39 31 9 9 28 43 2 32 26 16 27 26 33 25 20 28 12
18 43 16 47 44 14 17 42 48 19 44 34 27 31 46 35 40 32 49 36
3 12 3 15 10 1 1 7 16 1 8 12 1 3 10 9 2 3 5 2
10 28 12 35 22 11 9 25 32 14 33 27 11 18 18 22 17 11 32 11
29 61 29 53 50 18 26 52 65 25 50 39 46 46 46 49 53 35 66 46
1 7 1 10 8 1 1 1 12 4 8 14 1 1 10 4 9 5 10 4
1 2 1 5 1 1 1 1 3 1 8 6 1 2 4 2 1 2 4 1
14 56 39 44 29 14 13 34 41 31 43 42 31 26 20 44 38 13 53 35
1 7 1 5 3 1 1 1 7 1 6 9 1 1 5 5 5 1 8 4
1 11 4 12 8 1 1 2 12 1 4 12 1 2 5 5 6 1 2 4
6 15 9 10 9 7 5 4 13 8 12 11 9 6 9 7 7 5 16 3
28 43 28 35 24 16 9 27 37 26 33 37 29 17 17 35 32 14 39 12
26 56 24 38 48 12 8 39 61 5 32 49 31 24 42 39 41 15 52 31
31 72 38 60 48 21 33 53 64 30 51 32 53 57 35 55 61 28 64 42
1 10 1 9 8 1 1 6 15 4 15 10 10 5 12 5 5 7 14 7
8 13 2 24 10 1 3 11 24 1 15 10 5 8 6 12 10 2 11 1
32 46 20 47 39 23 21 50 55 18 49 23 32 44 36 55 32 30 52 23
34 63 34 54 47 24 23 59 58 25 54 50 33 39 44 62 45 36 63 34
24 54 22 55 31 14 22 53 56 25 56 36 43 35 37 35 42 43 62 42
1 3 1 14 3 1 1 4 8 2 11 5 4 9 6 6 4 6 5 4
14 36 10 32 25 5 7 25 31 17 31 28 24 18 27 20 33 16 37 26
4 13 4 12 9 4 1 7 17 8 12 13 4 6 13 12 8 9 14 7
19 55 19 46 40 11 13 44 49 22 53 43 28 34 45 46 49 29 58 39
7 30 15 19 9 4 8 16 15 21 27 14 26 16 11 16 20 13 28 20
12 22 1 27 14 10 15 27 31 13 35 11 18 22 15 21 14 18 29 15
32 69 40 67 40 24 19 57 60 24 53 37 45 42 35 53 48 25 60 40
5 15 1 14 16 2 1 17 23 7 20 11 14 8 20 10 11 19 23 11
1 8 1 9 9 1 1 3 18 2 13 5 12 8 11 3 10 1 15 12
21 54 29 55 55 26 28 56 66 16 59 34 51 55 54 50 37 54 69 60
24 55 31 54 46 21 24 50 50 36 64 42 36 47 43 55 48 30 63 42
5 12 3 12 7 1 1 5 12 1 10 10 4 4 7 9 7 3 8 3
10 30 22 32 22 16 8 31 27 13 39 18 18 32 20 37 13 19 33 17
12 16 5 24 14 3 4 11 22 6 10 19 6 6 11 14 13 8 10 4
2 14 7 4 4 5 3 3 11 10 13 4 10 7 10 7 7 7 17 8
11 14 1 17 13 1 7 9 23 1 12 10 11 11 15 10 18 7 16 9
18 36 11 38 33 6 11 29 39 16 28 24 23 25 26 33 40 22 32 24
7 6 5 16 13 3 2 9 20 1 11 8 8 6 9 11 8 1 12 5
7 18 4 17 12 4 1 15 22 8 27 14 19 14 17 12 11 19 23 10
20 51 35 36 23 10 6 38 42 22 40 44 26 19 22 46 39 11 45 30
12 47 22 39 22 5 4 32 31 18 46 38 26 20 28 30 27 19 46 23
13 24 20 39 38 16 9 30 48 4 27 30 15 17 27 33 20 18 31 19
15 36 9 38 24 11 18 32 45 21 41 18 26 25 24 18 28 23 43 23
1 11 6 19 4 1 1 8 8 10 13 7 8 13 4 10 8 5 8 9
1 13 1 11 5 1 1 2 6 7 9 15 1 1 7 2 5 1 7 5
26 58 26 47 50 25 27 46 62 22 52 41 35 45 45 52 49 29 64 34
7 38 13 24 27 2 1 21 34 3 33 38 16 14 33 19 23 8 40 18
25 61 34 55 33 19 18 43 49 30 50 41 29 40 37 48 50 22 56 35
9 39 22 33 3 10 16 23 17 28 44 13 32 27 3 30 22 13 39 23
17 36 16 32 28 5 2 37 41 23 42 29 33 27 29 39 37 26 44 27
7 18 1 20 5 3 6 15 17 4 29 9 12 16 3 16 10 6 19 6
1 17 9 16 11 4 1 8 14 9 16 8 8 14 9 11 8 7 17 10
14 35 13 34 19 12 10 23 31 9 32 26 14 20 16 21 18 3 34 10
16 49 19 29 16 13 16 24 29 26 50 28 27 27 19 30 37 7 53 28
24 38 17 51 40 17 15 38 48 13 42 34 20 31 30 40 37 20 35 15
14 33 22 51 43 19 16 40 46 18 49 35 27 29 36 36 22 38 39 28
20 43 28 42 25 19 22 40 50 29 56 37 31 20 22 33 23 36 51 28
11 17 2 19 13 2 4 21 29 1 28 13 12 15 18 21 13 16 28 7
40 55 29 55 54 30 35 53 71 21 42 26 44 48 47 53 55 36 59 38
22 36 16 40 29 14 14 26 41 3 32 34 15 25 25 30 27 12 32 10
12 18 6 25 22 3 5 23 21 14 22 15 26 17 25 19 26 26 20 18
8 26 15 32 22 15 14 25 31 11 28 16 14 27 18 28 17 19 26 18
1 8 1 14 3 1 1 4 1 11 12 11 4 5 2 6 8 3 1 7
7 29 17 37 17 2 6 22 20 21 22 22 13 16 8 27 26 6 18 17
9 15 3 17 21 1 2 14 25 1 11 10 11 13 19 13 14 17 16 10
15 20 12 33 19 8 6 20 29 1 20 17 16 17 16 21 14 13 14 4
1 18 8 14 8 6 4 4 13 9 12 13 4 9 10 7 8 6 10 8
7 33 13 17 20 4 2 18 25 8 22 20 12 12 27 16 20 14 34 19
6 28 9 22 15 10 12 24 31 12 42 16 18 16 22 19 7 26 40 21
21 40 16 39 21 20 22 25 30 24 31 22 19 23 16 26 27 5 32 10
1 12 3 16 9 5 1 12 16 11 23 12 11 10 12 7 5 14 17 6
12 31 20 31 18 9 7 22 24 13 34 26 17 23 20 29 21 10 31 16
4 7 1 15 6 1 1 7 13 3 12 5 11 8 9 6 6 9 7 3
27 56 30 55 44 15 21 44 57 19 40 30 36 43 35 44 53 20 46 32
27 62 38 64 60 33 26 61 72 16 55 46 44 52 54 62 39 48 71 52
21 46 19 47 19 15 19 35 39 23 46 26 29 28 20 30 25 22 42 22
1 1 1 10 3 1 1 1 5 3 1 6 1 1 2 1 1 1 1 1
8 34 23 31 17 6 1 28 23 16 37 28 18 22 28 28 23 12 36 26
14 48 29 40 30 5 1 35 39 13 39 49 21 21 33 39 36 14 44 32
5 12 2 16 9 1 1 5 19 2 13 10 9 5 8 5 11 4 14 2
8 27 2 25 23 1 8 15 36 1 20 15 10 20 18 17 26 5 22 14
12 37 26 39 21 15 10 18 25 19 29 23 25 24 9 30 23 10 25 22
5 28 13 25 18 7 5 16 24 12 24 19 13 18 20 16 17 13 26 15
9 21 9 33 28 15 8 31 37 5 29 13 16 27 28 30 8 28 29 17
11 19 7 21 10 5 6 15 18 4 16 12 5 12 8 17 10 4 9 6
1 3 1 7 6 1 1 1 10 1 8 8 1 2 8 1 5 2 8 2
32 41 16 58 49 20 25 48 56 20 42 32 48 43 41 44 49 37 47 34
1 17 8 16 4 1 1 7 7 8 19 13 6 9 1 15 6 1 13 8
25 55 27 55 22 21 24 44 38 33 53 30 31 33 22 37 36 16 48 25
36 65 34 60 49 34 34 59 67 23 73 41 45 52 45 65 43 43 79 44
1 20 3 7 9 1 1 5 10 6 17 14 8 11 17 5 15 2 20 17
12 36 22 46 39 14 14 38 40 25 38 24 29 29 32 36 28 37 37 30
44 68 39 52 44 35 37 37 53 27 38 38 43 44 28 56 58 29 60 39
9 29 19 33 27 12 4 22 30 14 18 34 9 9 14 26 19 10 19 13
4 14 5 16 21 4 1 14 18 14 21 15 15 10 24 10 18 19 22 15
1 6 1 3 1 1 1 1 7 2 7 2 5 1 2 1 1 1 6 2
16 41 5 34 34 4 15 31 52 10 35 22 31 30 30 25 37 22 44 28
1 6 1 10 1 1 1 5 5 2 13 3 9 7 1 4 1 3 5 2
1 19 6 21 12 1 1 12 21 4 23 17 12 8 8 9 7 8 16 11
12 24 12 22 26 11 10 29 38 6 38 17 18 19 27 27 9 27 39 18
1 10 2 8 4 1 1 1 6 7 5 7 2 2 5 5 8 1 8 7
4 25 3 13 16 2 1 5 21 4 18 20 11 7 19 5 15 5 26 10
1 9 3 5 3 1 1 2 6 6 5 1 3 4 4 7 4 1 7 6
15 31 7 33 27 13 14 29 43 15 36 17 20 26 26 25 24 15 38 20
23 43 26 38 21 14 22 34 39 28 30 18 43 26 24 25 36 33 47 37
23 40 10 39 26 12 19 44 50 15 52 26 32 32 25 41 26 33 48 23
6 31 15 41 30 10 8 33 38 10 45 33 19 24 29 31 20 26 36 30
1 10 4 11 3 1 1 5 9 6 11 4 7 8 7 10 7 4 10 7
5 13 3 19 17 1 1 9 20 7 18 19 9 9 16 10 12 11 18 5
38 73 41 60 37 14 15 60 65 29 54 61 44 22 35 51 55 32 65 45
28 38 11 43 34 19 19 40 50 18 40 23 26 29 28 37 28 25 44 16
11 61 37 51 35 10 17 40 46 34 44 41 37 31 26 38 49 17 53 42
4 15 7 19 9 4 1 10 13 8 18 12 10 14 8 12 7 11 10 8
2 8 5 13 6 1 1 4 10 5 8 11 1 4 4 10 3 1 6 4
25 47 23 43 38 21 21 42 56 30 46 33 35 23 35 32 35 36 57 36
1 3 1 9 8 1 1 4 13 1 14 6 2 5 8 9 1 5 12 4
1 1 1 9 1 1 1 2 6 1 7 3 2 3 1 2 1 2 1 1
24 47 22 56 44 25 29 51 47 25 66 34 31 46 44 50 34 38 56 33
4 10 5 12 9 2 1 5 14 5 7 5 6 4 8 10 8 3 10 7
1 14 8 14 7 1 1 7 9 14 13 7 10 11 8 12 11 5 12 11
11 25 9 28 15 4 4 19 26 3 31 21 11 17 14 22 15 4 25 9
1 8 1 15 10 1 1 3 18 5 12 13 9 3 9 3 9 3 12 6
5 15 3 16 4 1 4 11 15 5 18 4 9 14 7 14 10 5 14 6
1 7 1 11 7 1 1 2 12 1 6 8 2 4 6 3 6 1 5 5
8 30 18 28 17 10 9 11 21 21 30 28 18 11 7 19 19 10 28 14
16 41 17 29 20 11 11 28 32 15 29 22 18 21 30 28 28 19 41 22
9 24 12 24 10 1 3 18 20 11 29 15 20 18 13 23 19 13 26 14
6 17 9 11 10 8 6 6 16 9 14 10 7 10 12 12 8 8 18 5
5 10 7 16 11 6 4 8 17 7 8 5 5 7 11 9 9 5 10 6
7 12 2 11 9 1 1 5 14 2 5 8 9 1 9 5 5 5 9 1
6 37 14 16 22 7 5 18 33 10 31 27 13 18 22 26 21 9 37 22
3 30 21 31 23 15 11 21 30 16 27 15 10 24 20 29 15 16 31 21
1 16 8 31 16 5 1 19 13 17 30 23 17 19 11 24 11 15 19 15
5 14 4 17 12 2 1 5 18 3 12 11 11 6 11 5 10 8 11 2
9 32 19 31 7 7 6 22 19 17 28 28 14 17 21 20 21 11 29 15
10 15 3 17 12 9 9 16 24 5 18 6 4 16 16 17 14 11 21 8
16 31 9 40 29 12 15 32 44 20 40 14 28 33 24 31 28 19 39 22
8 29 8 31 18 4 18 27 36 18 36 15 32 25 20 13 25 20 35 25
10 37 20 35 11 9 13 20 21 30 38 14 35 25 8 22 24 16 39 23
1 13 2 24 22 5 2 21 26 11 34 14 14 16 23 17 12 21 28 19
6 37 17 28 16 1 10 28 22 18 44 26 29 27 21 26 27 22 42 27
6 17 2 22 6 1 4 6 19 3 7 8 1 8 4 12 12 2 6 2
12 25 5 24 16 1 6 19 31 8 20 11 21 8 12 9 14 16 23 12
3 16 9 12 5 5 3 5 10 11 11 7 7 9 7 11 9 5 11 9
22 46 30 45 35 15 12 36 42 13 32 28 31 33 25 40 36 21 37 23
32 58 23 62 48 26 28 62 65 18 69 39 36 47 49 57 42 38 69 34
4 24 15 22 8 7 5 7 14 16 16 14 12 14 6 14 16 3 18 10
5 10 1 14 7 1 1 3 11 6 8 13 8 4 9 5 9 6 7 4
28 59 19 53 36 15 26 44 58 28 53 29 41 30 35 28 48 23 58 30
12 30 15 31 27 8 5 22 33 11 22 27 26 17 21 19 25 20 28 17
14 40 15 28 35 17 17 26 40 10 35 31 28 28 34 21 25 15 39 22
8 17 8 22 15 6 1 16 20 6 22 14 13 12 15 13 9 10 17 8
15 41 24 32 20 9 15 24 28 19 24 25 30 25 19 28 30 21 36 26
3 27 12 24 13 1 1 13 22 6 14 18 2 9 6 20 15 2 11 11
25 74 30 51 44 18 25 52 65 29 56 44 46 47 52 45 61 35 70 51
8 30 16 34 26 6 1 24 35 8 25 33 8 12 18 27 18 13 25 13
16 31 14 30 23 18 14 27 35 10 33 12 11 31 19 34 20 11 35 12
1 12 4 14 5 1 1 5 11 5 17 9 9 5 1 7 4 1 10 7
7 26 18 22 15 10 8 4 16 17 14 20 10 11 7 16 21 2 20 15
8 16 6 20 12 9 9 14 24 7 15 6 6 16 15 15 11 12 18 5
6 29 10 31 13 1 5 20 22 12 34 18 20 25 13 26 24 6 30 19
4 17 1 21 13 7 7 15 24 5 24 13 1 14 14 18 10 7 24 7
29 60 28 41 35 23 29 36 53 28 40 19 43 41 31 42 48 30 63 42
17 33 12 30 19 2 6 23 35 2 21 24 11 13 12 26 21 12 21 8
7 14 6 19 16 5 1 14 26 4 18 9 10 11 14 19 8 12 17 10
16 33 22 27 25 18 11 19 35 17 33 22 23 24 24 30 22 15 42 17
13 48 22 39 17 1 14 38 34 23 52 26 43 28 27 23 39 28 55 43
6 28 18 31 30 10 1 20 29 15 20 27 17 17 22 24 27 10 25 27
