1000 20 12 1908
9 1 1 2 11 2 3 2 5 10 15 7
2 7 17 5 3 5 1 2 1 10 10 10
4 13 1 2 4 9 6 4 3 12 4 7
5 16 9 9 1 14 12 7 3 6 0 24
2 16 15 6 3 3 0 18 12 1 7 6
8 3 4 3 2 6 13 0 8 1 6 22
1 7 6 8 5 3 11 1 1 4 4 4
7 5 6 15 0 2 12 3 2 2 20 6
18 1 0 10 7 7 2 9 12 10 3 6
2 2 3 4 1 8 1 5 3 0 3 7
5 10 5 18 12 20 7 1 7 3 2 8
15 4 4 0 6 2 14 0 24 15 7 8
14 8 2 19 2 14 6 6 7 5 4 2
0 0 2 4 4 5 2 5 3 7 5 10
1 5 1 11 2 2 12 4 7 3 2 4
6 1 4 1 6 9 4 9 2 7 6 1
7 5 5 3 6 6 4 3 2 2 0 12
2 16 3 10 4 1 2 8 16 7 3 2
5 6 3 10 14 22 1 5 8 11 2 1
4 6 9 3 2 9 9 5 12 7 4 20
8 4 2 2 6 1 10 17 2 5 6 4
3 4 6 9 8 8 3 9 9 6 12 15
1 4 8 4 2 6 1 1 8 3 11 2
4 2 6 2 5 0 3 4 4 16 2 5
0 3 1 9 2 2 2 6 4 7 1 3
2 4 1 4 2 4 0 6 3 2 0 4
2 10 7 4 23 0 5 4 0 1 8 5
0 5 8 14 14 17 2 6 5 10 13 7
7 7 8 5 4 1 10 7 10 9 7 5
2 7 1 0 6 4 1 6 7 1 1 3
5 1 1 4 6 1 2 2 9 1 1 1
8 15 10 5 15 0 10 6 9 1 11 3
5 7 3 12 0 3 7 1 1 7 2 0
8 2 7 4 13 4 2 5 4 9 10 5
9 2 0 5 5 2 1 4 6 6 1 3
0 11 11 5 3 7 6 11 2 5 5 8
11 6 1 12 5 1 2 7 2 6 0 5
2 0 8 9 2 1 0 11 16 5 1 3
5 2 7 3 3 13 12 3 1 6 4 5
2 3 3 1 8 2 2 2 0 1 2 1
2 2 8 1 5 8 10 5 8 5 6 3
2 10 3 9 6 10 3 11 1 2 4 2
13 3 19 1 8 3 3 8 3 1 3 7
2 9 3 4 2 5 2 0 8 0 1 7
9 3 7 10 8 3 12 9 14 23 18 3
9 6 15 10 7 10 14 8 10 6 10 7
2 7 7 4 8 7 1 5 4 7 1 7
18 1 9 3 1 16 6 7 9 8 12 10
19 6 0 13 3 5 13 8 6 15 12 5
4 4 7 14 2 6 7 3 7 5 8 3
10 1 1 3 11 1 4 20 8 0 3 6
3 8 2 1 0 1 1 8 9 11 12 8
2 3 1 5 8 3 1 3 1 5 6 0
2 2 4 0 1 1 5 0 5 6 6 1
2 7 9 3 4 6 6 4 12 3 3 3
1 1 10 0 7 5 10 13 2 3 6 7
11 4 15 4 1 9 14 5 6 4 10 8
27 4 2 10 6 8 7 15 4 8 1 3
2 2 1 5 2 3 0 7 2 0 1 3
4 4 5 3 5 1 10 5 4 4 6 4
3 5 1 1 0 1 1 4 3 4 1 9
6 3 1 6 2 3 1 3 2 3 2 1
4 15 12 5 5 9 6 6 11 14 8 10
1 12 5 5 1 12 13 6 4 12 0 2
3 1 6 2 3 3 11 2 3 9 2 4
11 4 1 4 3 9 0 9 4 3 9 4
5 18 3 1 8 24 16 8 4 9 3 12
19 9 1 16 1 18 0 7 11 5 3 6
11 13 8 2 6 4 11 3 8 10 18 7
4 3 4 6 2 0 3 5 0 2 1 3
3 6 6 24 12 3 3 11 6 6 5 7
3 6 7 5 3 5 1 1 11 3 2 1
22 13 8 0 10 12 2 10 2 9 4 2
2 2 6 18 3 11 14 13 5 3 11 8
0 0 3 0 2 7 6 5 3 1 8 2
8 4 16 21 0 2 0 7 16 16 10 4
4 6 9 4 5 4 1 2 7 1 7 12
1 3 8 11 8 4 7 5 4 6 9 9
14 16 8 13 5 1 10 6 0 2 3 15
0 3 5 2 16 2 11 10 8 6 15 4
13 2 3 6 9 1 6 13 5 3 11 15
1 3 3 5 5 2 0 1 2 3 4 3
3 1 5 0 5 4 9 0 6 7 5 5
14 1 3 1 0 7 11 1 14 1 3 13
3 1 2 6 7 1 5 3 7 4 0 11
14 12 8 1 10 4 17 0 4 9 19 0
2 21 5 9 22 13 4 4 6 5 1 9
4 3 6 5 4 5 1 8 8 1 1 10
3 19 14 1 10 11 0 13 9 0 3 11
13 9 6 1 6 18 21 15 3 3 2 12
2 6 1 6 10 10 3 12 2 3 0 3
7 0 2 12 2 4 2 5 4 5 0 4
2 4 5 13 1 1 20 7 3 1 7 9
2 8 1 4 3 8 8 11 2 2 2 1
19 14 9 13 0 0 4 6 12 3 5 1
2 1 3 0 3 5 4 4 3 1 3 8
5 1 5 1 1 20 21 21 10 7 4 5
8 4 17 1 2 5 4 2 9 6 8 5
7 16 12 6 1 1 12 3 0 4 14 6
5 6 3 6 3 2 1 3 3 5 3 4
1 7 6 6 1 6 2 4 4 2 3 2
5 11 12 9 12 2 11 3 2 1 4 5
1 6 10 4 4 3 6 4 9 6 8 0
5 5 5 1 8 7 8 5 7 2 6 2
8 1 3 3 1 3 3 6 16 2 12 14
6 4 9 3 1 2 6 3 11 2 2 7
20 11 5 10 2 0 1 7 19 15 5 5
9 5 0 6 3 5 3 5 5 2 1 0
3 8 9 8 0 2 2 3 2 7 10 11
2 8 1 0 4 2 4 13 10 2 4 14
3 5 1 1 0 8 2 1 0 1 3 1
5 8 1 13 6 10 2 2 8 5 4 5
10 5 1 5 12 12 6 18 5 2 16 3
17 5 4 10 2 23 2 1 5 14 9 11
5 4 6 8 0 9 7 4 7 6 9 6
7 14 8 8 1 9 2 8 1 2 14 2
10 9 1 16 7 4 13 9 3 12 3 0
6 6 7 6 3 5 11 3 9 3 0 0
1 6 3 9 10 12 15 12 2 6 0 1
7 5 2 4 5 4 7 2 0 0 6 6
2 2 1 1 1 3 5 4 0 4 4 5
14 0 6 13 9 0 3 11 10 10 17 4
7 1 1 2 1 2 4 4 6 2 3 3
9 1 9 3 10 12 1 3 8 14 1 6
6 7 10 4 18 4 2 13 2 4 2 2
11 8 10 6 14 15 14 5 11 17 5 7
3 16 5 0 1 7 12 4 3 0 11 12
4 1 14 5 5 16 6 8 2 0 1 1
8 0 12 8 1 18 2 3 4 11 23 5
5 10 6 5 1 6 7 2 5 2 2 14
9 2 13 21 1 10 10 3 2 1 4 0
15 11 20 6 5 16 2 1 14 9 6 2
8 7 3 8 3 2 4 2 7 2 2 1
3 9 11 4 11 5 1 3 9 12 16 2
6 12 1 12 1 16 1 1 5 4 13 2
8 0 1 7 9 6 11 11 9 1 2 14
1 5 1 5 1 3 8 5 2 2 1 1
3 3 9 3 6 1 3 3 3 8 11 5
1 2 1 2 2 3 2 3 1 1 8 1
7 5 3 7 4 3 3 4 8 5 3 1
7 7 2 27 12 1 5 9 5 2 1 8
2 15 0 3 1 5 2 6 0 0 13 5
18 19 5 1 5 2 18 16 4 6 4 6
1 1 4 24 1 10 13 1 8 4 24 7
12 1 2 9 5 9 8 8 18 1 10 4
2 4 1 4 2 3 2 5 1 5 1 3
5 6 2 5 12 5 1 7 8 11 2 9
5 7 3 10 2 5 2 3 5 13 4 3
4 0 5 2 7 3 7 3 4 2 1 12
5 1 7 5 4 8 0 1 3 5 5 1
3 0 13 3 14 7 4 8 2 5 15 12
1 0 1 0 5 6 1 4 2 7 9 3
3 5 5 13 23 4 2 10 12 0 9 9
0 4 4 1 6 1 1 3 3 2 7 5
17 18 0 2 3 5 2 7 3 13 14 4
1 15 2 1 16 2 1 3 1 2 6 3
1 2 3 3 0 7 5 3 8 1 2 5
2 6 2 2 8 4 2 2 0 1 1 2
2 3 9 9 1 1 6 1 12 5 3 10
1 4 3 2 2 11 1 1 16 8 2 13
2 2 4 3 2 5 3 2 6 5 2 1
2 3 0 0 3 6 0 3 2 0 7 2
4 2 3 6 1 6 12 3 15 5 8 12
8 4 1 13 1 3 3 2 13 2 5 4
2 3 12 4 2 15 3 17 24 6 1 14
4 4 9 2 17 6 6 9 1 12 5 7
11 4 2 8 1 3 4 1 0 3 2 3
10 11 2 5 6 1 1 1 4 1 2 11
0 4 4 1 2 0 7 1 1 7 5 2
2 4 8 4 4 4 3 3 4 10 1 8
1 4 1 5 4 11 10 2 7 8 2 1
18 7 1 12 3 8 4 6 9 1 1 1
8 12 15 0 4 6 2 2 15 19 5 9
10 4 5 6 12 11 5 4 6 5 19 20
4 14 18 5 5 14 1 2 22 4 6 15
5 4 4 4 1 2 6 7 5 10 5 9
12 2 16 9 5 6 5 5 2 3 11 3
0 5 1 11 6 4 1 6 3 15 1 18
1 4 0 1 2 0 2 2 0 3 4 9
5 6 2 3 5 2 6 8 6 15 2 11
6 6 6 9 21 1 1 4 6 3 11 22
1 7 3 9 4 5 7 2 8 1 24 9
14 13 7 1 12 3 1 11 8 1 8 1
13 1 4 7 7 10 14 6 7 9 11 5
1 2 3 2 2 1 0 3 11 3 5 2
5 12 0 6 11 9 6 27 3 2 8 14
11 14 8 12 13 7 8 4 1 0 6 19
22 10 4 2 8 5 12 13 1 1 14 14
7 0 1 17 1 5 1 5 27 4 9 9
8 16 14 10 5 9 1 4 1 4 0 20
10 12 10 16 7 20 13 15 8 3 0 3
1 7 9 6 3 3 4 0 8 12 5 6
6 1 2 13 5 2 7 2 10 1 3 10
8 4 17 14 2 6 3 18 4 5 7 4
16 9 5 9 5 1 9 9 8 7 3 4
10 11 9 6 13 7 13 5 1 4 7 8
1 1 10 6 1 1 7 1 5 9 13 6
12 0 0 1 1 8 2 4 4 7 1 3
0 1 9 3 4 3 2 1 4 5 20 8
10 5 2 3 1 0 0 7 5 4 4 0
11 4 2 3 6 9 2 1 12 6 1 8
7 4 1 4 3 7 4 4 8 9 10 14
12 8 7 7 4 15 6 13 23 5 8 6
6 6 0 7 2 2 4 0 2 3 5 3
2 10 4 1 6 5 10 3 9 9 1 10
3 3 2 1 2 1 8 0 0 2 0 4
1 16 2 9 1 7 4 2 17 17 12 7
2 6 1 11 1 0 7 2 2 6 26 5
4 3 2 3 1 10 0 1 4 1 6 1
1 2 9 1 2 4 7 2 2 3 5 3
2 4 18 1 13 2 2 13 4 12 7 3
1 2 12 6 2 8 3 11 4 0 1 2
16 18 9 1 15 11 5 4 15 11 0 11
8 15 3 8 7 6 8 16 11 12 5 14
0 4 14 9 16 4 10 6 8 9 2 1
7 1 6 0 1 1 7 8 3 2 5 3
2 12 5 7 8 16 0 9 3 3 1 7
3 1 1 4 2 3 11 12 16 4 15 1
15 1 7 18 0 3 0 14 7 13 4 7
1 7 5 4 3 6 5 1 2 2 3 1
4 0 10 7 3 6 3 2 12 16 2 12
9 6 6 6 6 2 1 6 6 2 5 3
5 6 8 19 14 11 9 12 7 16 13 2
2 9 1 6 8 14 10 4 3 17 11 14
3 4 6 11 3 11 16 16 1 4 14 6
12 6 18 0 0 4 14 19 8 13 3 2
3 9 11 4 4 6 3 4 1 9 1 7
20 12 11 1 3 3 6 19 0 3 12 5
7 9 5 15 8 3 4 2 5 12 13 5
9 28 9 3 1 7 18 3 3 14 2 4
6 13 1 12 4 5 19 0 1 2 7 12
5 2 11 1 4 21 2 3 10 21 19 9
6 3 3 6 10 7 6 0 10 5 0 7
1 2 5 16 2 19 2 4 8 3 17 13
6 2 1 7 8 8 4 7 18 4 6 3
4 11 3 0 5 9 1 9 5 0 1 14
0 1 6 3 3 1 1 6 1 6 5 1
7 1 2 2 5 3 3 1 3 6 0 7
5 2 16 2 7 13 13 8 3 13 11 2
3 7 19 4 6 18 8 5 1 8 13 13
14 4 1 1 4 12 17 7 10 0 0 2
8 1 6 0 2 8 4 3 3 7 7 2
1 0 6 4 5 17 0 19 7 4 2 3
9 9 4 1 13 3 15 3 1 15 2 13
9 5 5 5 3 1 0 1 21 0 15 0
3 3 5 1 3 2 2 2 2 5 3 2
3 11 1 1 3 5 9 3 10 2 6 0
0 4 10 3 6 2 8 4 2 2 3 10
4 5 3 1 1 9 4 4 13 2 18 6
7 3 7 4 12 9 1 1 0 3 2 0
2 6 3 7 3 1 7 1 5 4 5 6
6 6 8 3 4 3 1 10 8 3 9 4
4 16 5 1 2 1 7 2 4 10 24 1
0 3 3 22 1 21 10 7 4 7 3 1
4 13 14 7 1 1 6 8 9 3 2 1
3 4 3 6 1 9 2 2 3 4 4 2
2 7 3 0 8 12 20 3 6 2 1 6
12 4 11 11 8 11 8 6 30 0 3 3
25 1 12 5 2 1 6 4 3 23 4 1
15 8 19 7 3 6 7 5 4 9 3 9
8 1 9 15 6 11 3 4 6 8 2 2
5 12 2 6 6 8 16 1 16 1 2 2
1 12 4 2 2 3 0 10 12 5 6 1
4 5 0 4 1 3 4 1 2 1 3 9
7 8 1 7 7 2 2 11 24 13 2 14
0 4 5 1 1 5 4 6 1 8 3 6
2 1 13 7 6 18 23 1 1 8 1 1
1 2 1 7 1 3 6 1 10 2 0 8
8 11 2 7 10 14 7 9 1 14 4 6
9 9 16 3 6 0 3 1 2 2 5 7
1 11 5 1 1 0 8 8 19 13 11 3
2 7 1 0 6 0 2 11 6 1 9 8
9 8 2 5 4 0 8 0 3 0 2 4
13 1 4 10 10 2 4 8 7 7 2 17
10 2 4 2 3 3 1 0 1 4 12 7
2 9 5 17 8 11 3 4 3 4 4 1
2 10 4 8 1 13 8 9 0 5 1 1
14 9 11 4 9 2 4 21 2 9 9 2
14 26 1 9 10 10 0 0 7 12 3 0
2 2 5 1 2 7 5 4 0 5 5 0
6 4 1 0 8 9 9 5 1 1 5 3
4 3 14 7 3 11 18 1 4 4 0 27
1 2 3 1 3 0 4 7 4 3 1 2
2 4 3 8 6 3 0 5 7 7 3 7
6 8 2 2 2 2 8 2 12 5 2 3
3 12 8 4 1 1 8 11 4 9 13 19
2 6 7 0 3 7 2 2 4 9 3 9
2 16 4 2 9 3 7 13 15 25 10 3
1 2 3 5 9 12 0 2 2 1 3 3
7 10 2 6 5 1 6 5 2 1 5 3
3 11 5 2 2 7 2 5 4 2 7 6
4 5 1 3 6 6 1 9 3 3 4 4
1 14 13 16 11 9 5 14 3 17 4 1
5 11 1 6 6 1 3 6 3 5 1 4
23 10 18 2 0 0 8 8 13 1 13 9
1 3 11 5 2 4 4 6 1 0 7 32
7 5 8 7 10 2 2 6 3 1 1 7
8 6 3 5 5 4 2 1 2 1 1 3
17 8 1 16 3 4 12 1 7 10 7 9
3 1 8 14 4 4 2 12 1 2 12 2
2 1 6 3 11 6 6 9 0 1 7 1
2 4 11 12 11 6 4 7 9 2 3 9
9 2 0 4 9 5 4 8 4 5 2 1
8 8 7 18 1 7 2 2 9 10 9 4
11 5 7 6 0 7 13 3 11 18 2 9
1 6 11 15 4 8 6 1 6 13 8 11
1 11 1 1 2 1 1 3 3 4 10 14
4 2 5 6 8 9 10 1 2 0 6 5
0 1 4 4 6 10 2 5 6 1 2 2
10 12 2 4 4 20 9 3 8 16 11 3
0 0 12 3 8 0 0 2 3 3 3 11
12 6 8 15 10 8 13 16 10 1 8 11
4 4 3 17 2 4 8 12 3 6 13 16
1 3 1 6 3 4 7 1 5 5 12 1
0 0 3 5 4 10 5 10 1 2 6 8
2 3 4 1 5 5 1 4 2 3 2 1
3 3 11 12 9 2 4 13 11 7 10 6
11 6 2 7 1 7 15 11 13 6 3 11
7 4 4 2 5 3 3 3 7 4 4 5
1 1 0 8 4 26 0 6 0 10 8 2
11 9 19 3 8 2 0 11 13 16 3 11
1 3 4 3 1 1 1 5 5 4 2 5
1 4 10 4 4 2 3 2 9 1 3 7
14 4 5 3 1 1 0 6 5 4 1 9
6 12 3 10 5 15 0 15 2 6 12 9
15 3 8 0 12 10 2 7 5 11 6 7
0 3 3 7 2 3 7 0 6 0 6 3
2 2 4 12 9 7 17 6 3 10 3 13
3 7 3 2 8 0 14 6 10 1 5 16
7 3 0 3 2 4 2 5 4 10 1 6
7 6 3 3 1 1 8 6 9 1 9 12
2 1 3 2 4 2 11 11 6 5 1 7
2 7 10 4 13 16 7 15 10 5 5 2
1 6 10 1 0 1 0 0 11 6 3 0
1 3 5 3 11 3 5 4 19 11 9 9
3 3 3 5 0 1 0 7 15 6 12 20
12 17 5 1 3 14 19 0 5 6 8 1
2 3 13 5 17 0 7 7 1 1 3 6
3 5 15 14 0 2 2 4 6 1 4 2
1 5 4 3 1 2 2 1 6 0 0 3
3 4 3 15 1 4 1 7 3 1 5 1
0 1 2 1 4 1 6 1 1 1 3 6
4 2 3 5 6 1 4 11 10 12 17 19
3 9 4 12 6 6 6 2 0 1 4 2
2 13 7 3 4 2 3 15 3 16 5 9
2 2 4 2 2 3 8 4 1 0 6 5
4 7 21 8 9 2 4 7 7 2 2 11
1 3 10 3 3 1 1 1 9 3 2 5
5 6 5 15 3 1 8 2 13 8 8 18
1 14 9 10 9 2 12 2 2 3 3 6
0 4 1 6 4 2 12 5 2 16 3 5
1 8 1 2 7 5 2 7 0 2 6 19
6 3 1 5 1 2 5 4 5 1 1 2
3 3 5 5 2 3 1 4 2 4 4 0
4 3 5 1 5 3 0 2 0 4 2 1
1 0 4 3 0 0 1 8 2 1 0 6
6 7 12 0 22 11 13 1 9 14 2 11
6 19 4 8 9 24 8 3 4 7 1 11
6 2 6 10 6 22 3 16 4 8 3 6
6 7 1 4 8 7 8 8 2 5 7 6
9 3 9 0 2 8 3 2 1 10 0 4
5 8 7 14 7 17 1 9 1 3 4 0
1 8 9 9 5 8 8 8 2 5 6 9
6 4 2 6 8 15 3 3 10 9 8 2
3 5 2 8 9 5 4 0 4 3 2 2
11 11 3 10 7 17 11 11 1 8 4 11
0 8 3 2 3 4 0 0 0 7 3 3
10 4 1 13 2 11 1 10 5 15 14 9
5 5 1 5 2 4 4 1 3 5 1 8
15 1 3 3 10 4 0 5 1 1 1 2
8 1 2 4 3 6 2 0 4 3 1 3
4 11 8 2 0 2 16 8 26 12 1 10
6 11 6 7 3 0 3 33 8 6 9 4
3 1 5 6 5 2 3 0 3 5 7 1
4 2 7 1 0 13 9 14 8 2 18 1
8 9 1 2 1 10 1 12 2 10 14 3
6 12 1 16 9 4 7 14 23 9 0 2
16 5 7 6 6 0 10 6 8 9 8 4
6 4 13 9 27 2 5 1 8 19 1 6
6 3 1 1 6 4 0 13 5 5 1 1
13 13 3 2 13 1 4 1 9 8 2 9
6 3 3 4 10 3 1 3 4 5 7 8
1 6 17 5 4 3 0 22 7 10 7 6
5 2 13 1 1 10 3 4 6 1 5 1
1 10 7 7 4 7 9 13 8 1 13 25
2 23 8 21 3 12 5 7 6 1 15 3
9 4 2 10 1 5 3 6 6 3 0 1
13 0 1 12 3 13 13 11 21 8 16 7
12 3 12 8 6 4 8 7 5 10 2 5
1 6 0 6 4 7 2 1 1 5 2 6
5 12 3 5 4 8 17 10 8 6 5 3
2 2 0 0 0 6 1 3 1 2 9 4
18 20 4 11 7 23 3 1 4 6 2 8
0 9 2 0 1 5 12 2 1 5 8 4
7 1 3 1 11 0 5 1 0 1 1 3
9 15 15 8 6 2 10 3 1 2 17 5
10 6 17 6 6 3 9 7 2 16 8 1
2 1 2 7 0 3 0 3 2 2 5 0
6 0 11 1 5 1 1 9 1 4 2 3
10 3 1 2 2 2 8 4 1 3 1 5
24 7 21 4 5 13 3 16 4 5 0 3
12 8 2 8 7 2 6 2 15 11 4 5
9 3 1 5 2 3 10 6 7 5 3 1
11 8 4 4 15 9 0 0 3 3 3 17
8 10 8 12 12 3 15 1 7 4 9 13
2 6 5 11 2 3 1 1 0 3 2 8
9 11 6 9 13 4 24 2 10 7 12 1
5 4 6 12 8 5 7 14 19 22 6 10
0 7 3 4 3 5 1 1 3 1 9 0
9 4 3 21 4 4 8 10 5 10 6 11
4 1 3 3 10 7 0 12 2 5 15 27
4 7 1 5 3 8 3 0 6 4 6 2
9 9 8 0 1 17 5 14 14 13 18 7
8 6 1 2 1 12 4 1 14 3 10 10
3 10 0 2 15 4 2 11 3 3 15 7
21 7 7 1 14 8 6 6 1 0 3 12
2 5 4 2 0 1 4 2 4 5 3 2
12 3 8 3 10 10 4 6 13 6 7 3
10 6 3 4 2 5 10 7 2 7 9 3
2 2 7 8 9 2 2 5 13 12 6 16
1 2 8 0 3 3 2 0 0 1 3 4
14 5 8 19 12 13 2 6 9 1 5 5
5 3 14 13 14 18 2 10 10 15 14 0
3 2 3 6 13 6 5 1 4 5 10 2
1 16 9 7 8 14 18 6 3 15 3 5
4 9 2 6 14 2 9 3 14 1 4 14
3 3 10 2 1 4 5 11 4 6 1 9
15 6 5 12 6 18 7 1 14 8 0 10
5 17 0 5 10 3 19 7 4 8 5 5
15 7 9 5 2 18 1 13 6 0 9 10
9 3 1 6 10 5 14 2 9 1 12 4
6 2 9 5 5 3 4 7 11 2 14 0
11 9 2 9 18 5 8 15 11 17 4 12
10 6 3 4 10 8 0 8 0 5 2 1
7 4 9 7 0 8 2 5 7 5 0 5
12 1 7 5 6 0 8 6 9 17 8 1
15 11 5 6 2 8 0 3 9 5 8 1
4 11 8 9 2 2 6 11 2 0 3 9
2 2 2 0 7 3 5 3 3 4 2 4
2 4 2 1 5 10 9 9 4 10 7 0
5 0 7 5 11 2 4 13 1 23 14 17
7 11 6 8 0 3 2 3 4 16 2 0
5 18 8 2 6 6 16 1 8 7 4 13
0 4 1 1 4 10 9 8 5 3 6 3
8 9 14 3 8 2 5 4 6 9 10 6
14 11 11 3 15 9 10 4 18 5 6 3
7 5 9 9 2 16 1 9 7 1 10 16
20 9 0 1 4 5 7 6 13 12 20 1
6 1 4 1 3 11 13 1 4 1 12 2
9 2 5 7 1 7 2 7 14 0 10 4
7 6 14 14 1 12 3 7 6 5 5 4
18 11 1 2 0 9 8 1 7 2 2 1
7 8 8 3 19 2 2 0 3 1 3 10
7 11 0 5 6 1 3 5 1 5 7 16
0 1 4 3 1 6 2 7 2 3 7 6
1 1 8 1 4 1 3 1 2 2 2 2
1 8 5 16 5 2 3 2 4 6 1 3
15 5 5 16 3 14 1 3 11 12 8 5
2 7 2 3 6 7 4 3 2 8 1 5
7 1 9 3 4 5 1 2 0 1 5 5
1 10 10 4 9 5 4 5 3 27 12 4
15 9 7 15 17 8 3 1 7 7 3 10
21 13 3 6 21 5 13 2 0 2 8 4
1 2 15 16 12 8 2 1 12 1 1 3
9 3 5 3 5 6 0 10 0 0 6 7
4 2 16 16 7 3 7 0 3 11 10 16
2 1 2 3 1 4 9 1 4 4 2 4
3 4 6 4 3 10 3 4 8 1 16 4
6 6 9 7 0 7 5 19 6 5 9 21
9 6 9 5 3 7 6 6 12 1 10 11
8 9 4 1 7 2 6 9 3 3 7 1
2 1 5 5 6 1 2 0 2 7 1 6
3 0 1 4 5 7 3 7 1 1 3 2
10 2 15 5 11 10 17 6 0 19 7 9
6 11 5 10 14 7 0 6 8 4 9 1
1 6 15 10 4 15 0 15 5 13 13 6
1 10 2 4 3 3 5 8 21 6 2 1
6 8 4 1 13 4 1 8 8 24 9 1
4 1 8 3 6 4 0 4 7 1 5 1
9 4 3 1 0 1 16 1 6 12 14 4
20 2 8 13 8 8 14 15 10 4 11 12
3 5 3 6 2 3 3 7 3 3 2 3
10 1 2 2 1 1 4 9 1 7 10 13
7 5 2 6 15 15 16 16 1 4 1 12
8 3 3 8 11 8 18 1 5 3 13 2
0 10 12 7 4 0 1 1 6 4 0 5
18 3 8 2 1 2 8 6 8 2 1 1
0 9 17 2 1 4 2 6 7 2 5 0
5 7 4 8 2 4 5 0 0 6 1 4
9 3 2 3 8 3 4 3 6 2 1 1
4 18 6 8 8 13 1 8 13 10 0 8
5 1 7 2 5 5 6 1 1 2 2 5
3 14 7 10 9 14 4 7 9 12 14 2
11 14 8 8 17 6 11 5 0 2 9 14
5 2 4 4 24 5 26 2 2 4 6 3
3 1 2 1 2 1 4 8 7 2 3 2
1 7 2 1 4 2 1 1 0 0 3 8
1 1 14 2 2 10 3 6 5 3 6 13
14 2 10 1 24 1 2 6 4 6 9 14
1 7 8 8 11 1 6 1 3 10 0 1
1 5 5 2 8 7 2 0 6 2 10 12
0 7 5 5 4 1 3 1 6 4 3 1
10 4 7 9 8 2 4 15 13 3 15 12
6 5 1 4 4 3 6 10 8 0 5 7
20 0 10 2 0 5 3 5 6 5 11 6
0 1 1 0 5 0 0 4 7 4 8 5
9 11 1 16 0 1 4 0 3 8 3 9
0 9 2 8 5 6 4 3 8 4 4 8
1 2 1 6 1 5 1 3 8 7 7 2
0 10 12 7 5 7 4 8 0 10 11 1
4 3 13 2 17 2 3 24 9 4 10 3
11 1 6 8 18 3 14 1 0 5 5 16
3 0 1 6 3 2 5 2 4 8 0 1
5 2 1 10 0 6 10 0 3 2 6 5
1 14 0 0 11 1 2 2 9 3 11 7
10 7 5 2 8 3 2 4 10 1 10 7
9 2 7 8 3 0 9 4 2 2 8 8
9 18 3 9 4 9 23 8 5 0 14 9
7 11 17 4 7 6 5 5 20 10 8 13
21 23 2 7 3 7 3 8 3 12 3 1
2 6 6 6 2 4 1 4 3 5 2 3
10 0 3 20 0 10 4 3 4 2 4 9
3 9 0 11 8 6 17 5 15 18 6 13
12 11 12 8 14 13 6 4 11 12 4 13
8 1 2 11 1 7 10 1 4 2 9 5
13 11 6 5 4 1 0 9 8 5 2 11
12 8 8 13 1 14 10 1 8 15 12 9
4 0 1 2 5 6 6 7 9 11 4 2
3 1 7 2 4 9 6 0 1 9 13 7
0 1 6 0 2 0 0 10 13 8 10 11
8 0 14 16 6 4 15 5 1 5 11 2
2 14 8 11 9 12 11 6 16 13 6 3
33 2 1 0 1 6 8 6 10 5 9 2
2 3 1 6 4 5 8 4 2 8 3 7
4 7 8 9 18 3 0 1 1 5 9 10
5 6 2 2 3 6 7 4 1 6 2 3
12 15 4 1 6 1 6 4 5 17 5 18
1 2 7 3 4 8 4 1 2 1 1 1
0 3 1 7 1 1 7 4 8 6 4 1
8 8 7 6 4 2 7 2 9 16 2 7
2 0 4 2 1 1 2 1 2 1 7 4
6 20 16 0 2 11 12 9 6 6 11 16
0 5 5 11 6 4 7 0 3 4 1 2
1 1 1 2 7 1 1 0 0 5 2 6
3 5 4 2 7 4 22 8 1 2 1 4
6 8 8 4 8 12 18 2 8 2 17 3
10 0 1 1 17 7 3 4 7 3 3 1
5 2 9 7 0 10 19 5 22 1 4 7
0 8 9 6 3 26 3 5 7 5 14 11
1 15 10 8 0 11 1 3 1 4 7 1
1 1 10 5 6 10 2 1 0 7 0 1
3 1 2 1 5 1 12 10 2 4 0 2
3 1 4 2 0 8 3 1 11 3 8 1
1 3 3 1 2 4 3 0 5 6 1 3
2 0 3 7 15 6 5 0 17 11 6 23
1 2 17 7 2 11 10 0 19 20 4 15
0 1 6 5 6 11 3 6 3 6 4 5
13 6 12 11 10 8 5 2 9 12 5 23
12 2 12 1 3 14 9 10 4 2 5 16
2 5 0 0 5 4 1 3 1 1 7 1
3 4 3 3 15 1 7 6 11 4 9 9
2 10 5 1 2 2 6 11 18 5 3 2
0 5 2 5 4 2 7 2 1 5 7 4
3 1 1 1 5 0 5 5 1 1 1 7
4 3 29 4 17 8 5 9 7 4 9 5
5 6 8 7 1 6 6 9 8 8 2 3
0 0 9 10 6 4 19 5 9 14 5 16
22 8 8 16 7 3 6 7 1 8 8 10
3 1 2 0 5 3 3 8 5 0 4 12
2 11 5 8 21 16 14 3 5 2 1 6
2 7 13 9 10 3 1 9 6 9 1 14
5 3 1 4 4 3 7 1 2 3 1 6
3 5 1 0 6 7 5 0 1 10 1 4
0 6 8 4 15 13 2 7 12 11 0 5
10 15 4 4 4 16 8 13 22 7 8 7
6 0 3 6 2 9 0 10 4 6 2 3
6 5 2 1 5 1 0 0 5 5 2 4
3 8 1 2 11 3 3 8 9 3 10 6
1 7 4 10 3 2 2 2 3 13 9 1
3 19 11 13 4 4 7 3 8 15 16 12
2 1 20 20 14 10 5 6 4 6 4 8
17 5 0 3 9 1 3 10 10 11 2 6
6 17 3 4 22 2 12 8 4 3 6 3
0 14 15 13 2 4 10 20 8 14 5 5
12 9 9 12 0 2 15 24 11 5 12 3
6 6 8 1 5 11 3 6 0 1 5 2
0 5 4 1 3 8 5 2 0 9 8 6
6 2 0 0 6 6 3 6 7 7 1 3
5 6 3 9 4 4 8 0 4 12 5 8
4 9 10 13 4 5 1 13 11 7 21 5
15 7 6 7 2 7 11 6 6 2 12 12
1 14 1 8 7 2 7 1 0 11 4 13
5 5 19 13 4 19 8 9 14 5 1 2
4 2 0 2 10 8 1 2 5 0 4 4
5 5 1 1 12 2 3 0 3 2 7 6
15 6 15 3 9 10 5 2 1 6 13 3
4 15 0 2 3 0 2 5 3 4 5 4
4 12 1 0 6 12 2 10 1 10 1 3
12 10 3 3 14 6 12 1 2 6 6 0
8 3 1 16 13 12 1 11 2 2 4 20
5 7 9 2 8 0 9 11 14 11 1 2
2 7 16 12 1 10 1 1 8 1 7 1
12 6 5 2 2 1 2 1 1 6 6 0
5 1 6 1 0 0 0 6 1 1 1 4
2 2 7 4 5 11 5 19 18 1 2 11
4 11 11 6 7 3 19 18 19 2 1 8
12 2 7 14 0 3 3 11 1 7 8 2
10 2 12 10 2 6 14 7 3 2 12 4
7 0 0 2 0 9 10 6 5 1 5 6
7 19 2 11 17 4 2 7 11 7 7 13
13 3 8 11 3 18 6 11 16 9 8 9
1 4 2 4 7 20 2 5 9 14 0 7
2 7 6 14 1 8 5 15 7 2 11 1
0 1 4 2 5 0 1 7 2 1 3 1
14 1 5 7 24 3 8 11 16 2 2 13
3 3 3 4 7 0 6 1 1 10 1 3
1 8 7 3 9 8 1 11 3 4 8 7
11 1 7 9 8 10 13 4 12 6 5 9
14 3 3 5 6 12 6 0 6 2 3 7
1 2 8 3 1 9 2 2 6 3 0 2
2 5 2 7 0 5 2 2 2 1 5 1
3 14 7 10 9 14 9 12 3 6 2 22
6 0 5 11 2 2 3 1 4 11 4 5
8 12 4 10 4 6 5 8 16 5 4 24
10 7 3 8 8 10 2 0 13 24 8 12
1 11 10 0 0 4 5 1 10 9 1 9
5 5 4 10 9 4 8 6 15 11 9 1
7 3 1 8 5 5 2 6 1 5 1 2
6 5 6 7 2 2 6 6 6 6 2 7
0 3 6 6 4 2 7 2 8 4 0 8
2 7 0 5 2 2 3 3 8 6 3 4
7 9 3 2 2 1 7 3 0 1 3 1
13 8 10 10 3 15 6 10 4 12 3 3
6 4 4 6 5 7 1 5 0 4 4 3
6 4 7 2 6 6 2 3 7 7 16 29
11 9 0 4 6 2 2 15 17 9 6 3
4 6 1 3 2 0 1 4 3 3 1 1
6 3 6 7 10 4 5 2 2 2 3 4
1 1 13 7 1 1 3 5 5 8 2 4
7 3 3 8 20 10 7 4 3 14 8 22
6 19 21 4 4 6 8 4 7 13 18 4
1 0 3 1 3 6 9 6 2 6 4 4
1 5 0 4 5 1 3 7 1 4 7 1
3 11 3 3 6 4 3 13 6 9 8 3
0 3 7 3 4 1 13 4 4 3 5 1
2 9 7 3 3 2 1 5 2 6 2 2
5 9 11 3 0 2 12 4 9 6 5 0
10 4 8 2 7 3 4 2 8 0 4 3
9 1 2 12 4 7 1 4 2 10 6 3
0 6 3 5 3 3 3 3 6 6 1 8
9 1 6 1 13 3 5 0 10 5 8 1
6 10 9 10 7 2 3 4 1 3 3 5
10 2 3 11 14 6 0 5 2 3 9 12
8 7 4 5 4 7 1 15 7 7 8 0
8 2 2 5 5 7 6 3 5 3 15 5
9 15 9 6 6 2 2 1 5 5 11 1
5 16 17 12 1 4 16 6 22 9 1 2
6 2 5 3 1 2 14 25 12 5 4 15
14 18 11 16 5 7 8 14 17 0 3 5
12 0 3 11 16 6 9 12 4 10 10 11
0 3 4 3 4 5 6 1 1 3 1 8
2 4 9 8 1 7 21 1 10 12 5 11
5 5 1 8 2 6 1 6 5 8 0 2
7 0 2 1 7 1 13 3 3 6 1 10
0 5 5 6 2 6 1 6 10 1 1 10
7 3 2 2 1 1 1 5 4 5 6 4
3 6 1 0 7 4 3 6 3 12 4 6
3 5 4 5 1 3 3 4 6 4 6 22
6 4 7 13 2 8 11 4 5 12 25 9
6 6 7 5 12 12 3 2 14 4 6 4
2 1 13 11 7 3 5 8 1 0 13 2
6 3 3 8 8 10 0 3 0 2 4 0
7 8 3 10 3 8 2 16 0 1 14 2
14 13 3 19 12 6 8 2 10 11 2 5
5 5 7 7 2 8 1 0 1 5 5 2
5 1 4 1 5 1 8 9 18 1 1 10
4 5 8 3 3 14 8 2 3 1 7 8
6 7 17 13 11 1 5 6 15 2 1 3
1 1 6 7 2 7 4 1 3 5 6 4
19 6 17 2 11 4 15 0 6 5 19 6
0 6 1 1 3 1 7 2 1 4 0 3
4 11 26 5 5 4 6 5 12 5 3 6
1 7 0 5 7 4 1 4 5 2 5 4
4 1 1 3 4 3 1 9 1 1 5 7
3 5 2 3 1 2 7 3 2 5 6 3
9 5 2 2 3 5 9 9 2 19 7 5
2 3 10 1 13 8 14 17 24 8 4 6
19 9 1 2 14 3 23 11 5 8 11 6
2 15 3 14 6 11 6 4 4 14 12 12
3 1 6 5 8 11 4 7 10 10 10 13
1 2 4 4 7 9 14 2 15 12 2 14
4 11 5 16 1 4 1 8 2 5 1 10
5 4 3 7 2 3 1 8 7 8 6 9
1 2 2 5 13 4 2 3 6 5 3 2
6 0 9 9 0 10 2 5 2 7 5 15
0 9 5 5 10 1 5 2 1 21 0 4
14 3 17 7 2 11 21 6 1 6 1 11
9 7 0 16 5 9 21 10 3 15 7 0
8 3 2 8 11 4 2 2 2 5 3 0
3 10 5 0 1 2 14 9 14 4 13 4
3 3 14 0 4 0 7 3 6 6 1 18
8 9 3 7 1 5 8 0 3 1 14 2
5 6 4 9 14 1 8 3 30 9 3 2
1 5 5 10 8 7 0 5 5 4 2 2
1 15 12 2 0 3 4 2 2 1 1 5
0 0 3 8 2 1 1 2 3 4 0 7
7 4 5 9 0 8 2 4 0 7 15 7
4 3 9 7 11 4 5 6 5 4 2 4
30 10 6 6 10 6 13 6 9 10 1 1
2 16 2 5 5 3 9 19 5 13 2 4
3 6 10 7 1 1 2 15 8 11 8 11
1 2 4 1 8 6 3 1 2 2 1 4
12 1 3 1 3 5 4 16 0 7 8 8
4 3 8 0 4 10 6 8 7 6 1 1
4 6 5 3 0 2 0 2 9 10 9 1
19 15 14 15 12 1 13 3 9 4 14 2
1 2 2 1 2 5 3 5 5 0 2 2
12 4 6 6 2 2 8 3 5 2 1 0
9 1 5 16 9 12 8 8 2 4 5 7
14 7 1 4 3 3 7 22 25 11 6 2
2 8 0 2 2 10 9 8 4 5 4 7
3 0 3 14 4 8 3 3 9 2 7 1
6 4 3 1 6 3 1 6 5 5 5 4
10 1 5 8 4 8 6 0 5 2 2 3
13 16 4 12 3 5 6 18 4 10 3 21
13 12 3 3 17 1 9 2 18 3 22 3
17 4 4 5 5 6 14 5 8 2 5 11
3 6 4 3 2 0 5 4 0 2 3 4
1 0 1 5 3 1 1 1 1 4 11 0
14 14 8 10 8 3 9 1 10 7 1 2
7 6 7 5 11 16 0 5 5 1 2 2
4 5 13 1 14 0 2 8 9 1 2 18
2 5 4 8 4 8 13 2 9 13 12 0
10 3 14 5 25 3 4 19 7 0 1 3
6 4 1 3 9 2 6 2 11 8 8 5
4 0 4 2 3 4 6 0 2 3 3 4
6 2 3 2 2 0 10 3 0 2 8 3
5 5 3 12 1 12 6 3 1 24 4 11
0 1 1 2 5 4 9 5 2 7 2 4
5 1 5 3 2 4 5 6 1 6 1 2
4 1 2 8 2 4 0 2 6 12 21 5
12 6 1 3 0 11 6 3 1 0 11 11
16 4 11 11 4 3 5 13 1 6 11 7
6 3 2 8 4 3 10 1 2 4 1 4
4 7 2 3 7 7 1 5 7 0 6 6
6 20 6 15 6 6 6 6 2 0 5 16
9 8 9 2 1 0 1 9 3 15 3 1
2 4 4 4 3 2 1 7 2 3 6 3
7 11 15 2 4 10 2 3 13 12 4 5
13 4 6 6 4 5 2 2 4 5 3 7
9 7 6 8 2 1 3 6 2 2 8 4
15 11 1 5 10 6 1 6 2 2 3 2
0 4 5 0 0 3 4 1 6 3 2 1
1 7 12 1 6 1 2 3 4 0 10 22
6 3 7 1 4 4 1 12 12 6 3 4
1 3 2 5 0 2 1 4 3 1 4 5
4 3 8 2 1 2 4 7 3 1 7 0
11 7 1 5 1 7 5 2 1 1 9 3
8 10 3 10 10 1 12 1 2 4 4 0
1 10 6 16 18 3 9 12 2 0 4 9
4 5 3 2 6 3 9 1 0 3 16 11
5 3 7 4 8 4 7 8 1 5 1 26
3 1 2 8 3 2 5 1 18 6 16 1
4 22 16 4 1 4 3 0 9 9 11 2
4 5 22 5 13 2 0 6 2 5 7 2
5 3 0 6 14 1 9 12 5 20 3 14
6 4 4 9 4 5 0 4 14 2 9 5
2 3 6 4 1 12 5 0 8 4 8 4
3 11 1 2 4 2 2 3 5 2 9 4
1 0 5 2 9 1 5 7 1 1 3 2
4 7 6 6 3 5 3 2 2 10 3 9
2 7 3 5 1 4 1 0 6 3 5 6
3 3 2 1 10 2 9 3 3 3 3 5
9 3 11 4 6 10 5 9 3 5 5 7
4 4 17 8 4 6 2 7 1 9 9 7
0 5 1 1 1 3 9 5 3 8 2 4
1 9 9 4 2 7 15 4 14 10 7 5
1 3 1 7 2 4 0 3 3 1 4 3
2 3 2 10 9 7 2 13 10 6 3 0
6 1 5 2 3 2 0 1 7 8 4 2
4 1 18 15 3 8 9 8 3 8 4 2
2 14 3 1 15 13 5 11 17 8 2 0
12 3 2 4 1 4 0 8 7 1 6 2
11 9 7 10 0 17 13 2 3 8 1 12
4 5 10 5 7 1 4 1 8 4 1 4
2 9 1 5 3 3 2 2 0 11 3 2
6 4 9 0 1 5 2 2 1 1 3 11
10 2 21 22 15 5 3 6 4 14 3 2
7 15 8 1 10 7 0 6 12 5 6 7
2 7 10 4 2 6 14 10 5 6 23 1
3 9 2 2 6 10 3 18 2 15 12 15
7 1 2 7 7 12 23 12 6 7 1 1
8 8 12 7 3 6 4 1 23 12 1 4
3 9 14 11 15 13 6 9 15 6 9 1
2 16 16 1 8 14 13 4 0 9 2 2
2 0 9 8 9 4 11 20 10 4 2 19
2 4 4 1 22 10 3 1 9 9 0 3
1 2 11 3 2 8 3 1 3 7 1 3
2 0 13 6 6 7 9 4 4 1 1 5
7 11 8 0 9 4 15 1 21 6 3 1
9 1 5 10 8 8 3 4 4 3 3 1
3 3 6 12 5 6 0 2 2 3 4 6
11 12 3 13 4 10 1 6 22 15 9 11
20 4 10 1 5 1 5 9 0 2 15 8
11 5 6 10 1 10 9 1 14 5 9 12
6 1 0 4 5 1 4 1 2 8 1 2
6 3 4 3 1 4 1 2 5 5 0 3
6 9 0 5 6 12 3 2 9 5 4 13
6 6 2 1 18 3 1 5 3 2 5 7
4 7 11 16 6 6 0 2 5 17 15 20
0 0 1 3 11 2 8 0 0 3 1 0
9 3 12 0 5 19 1 4 2 9 7 4
14 4 8 4 1 4 13 11 2 1 14 8
2 8 0 2 6 6 11 1 1 3 1 9
6 2 1 1 2 3 7 2 5 2 9 1
2 0 13 1 3 15 4 0 1 0 5 2
12 1 1 1 5 5 6 9 6 4 4 3
2 5 2 2 2 4 4 10 3 8 5 3
3 3 1 5 7 0 5 1 5 10 5 0
3 4 19 4 6 9 9 15 1 10 4 7
16 10 12 3 4 3 3 0 2 5 8 5
7 7 6 1 5 5 18 1 14 2 5 11
4 2 4 2 3 3 4 1 4 2 2 3
5 5 5 5 12 10 0 3 2 2 1 7
3 2 5 3 1 5 8 0 13 8 4 9
4 2 3 5 0 2 2 2 5 4 2 4
2 9 2 1 15 2 1 6 14 16 1 7
4 10 1 9 6 11 6 4 3 9 4 8
10 16 17 1 11 20 6 6 11 1 14 8
9 8 12 11 5 1 3 10 2 0 14 1
6 10 1 2 1 1 4 4 1 2 3 6
10 3 2 0 0 22 6 5 7 17 7 4
8 12 0 3 8 2 4 1 5 11 1 2
5 0 9 3 23 1 17 8 1 6 16 13
9 0 0 4 2 15 8 9 9 2 2 10
1 2 6 3 2 3 1 2 5 4 3 5
2 2 9 0 6 8 4 0 1 2 3 2
12 4 12 1 1 3 10 13 1 7 13 2
18 7 20 1 6 5 11 4 8 2 3 4
2 1 2 11 5 3 14 10 6 6 9 8
3 4 7 2 9 6 0 5 4 2 0 5
5 2 6 1 10 1 8 3 2 11 10 5
15 2 2 7 5 1 5 12 13 10 5 2
1 1 5 2 6 6 5 7 5 3 4 3
1 2 1 10 3 3 1 3 1 5 5 1
4 3 10 9 2 24 3 14 17 9 6 9
3 6 1 3 2 1 1 3 5 0 7 6
6 10 4 11 2 1 8 8 12 5 4 2
8 1 12 8 5 4 12 4 9 1 10 3
14 10 9 3 2 26 5 8 12 11 8 2
5 0 10 15 0 2 15 9 15 2 5 10
0 16 13 7 5 5 5 19 11 2 8 4
2 5 5 0 15 4 2 14 5 7 3 4
3 0 3 4 1 3 20 4 7 1 1 1
10 10 10 13 3 5 12 15 10 0 6 7
11 11 4 11 13 1 13 11 15 2 13 4
5 12 0 1 1 3 11 2 2 16 8 0
5 4 18 15 0 12 1 2 4 17 12 5
9 2 10 3 1 4 9 9 3 5 1 3
4 10 1 6 3 5 1 3 12 10 3 7
1 3 9 6 2 1 10 5 3 2 13 10
10 0 3 6 5 3 1 11 1 2 1 1
11 2 2 6 10 9 7 9 20 6 2 6
7 2 8 6 3 4 9 2 4 2 1 11
0 5 2 10 4 7 2 2 8 3 7 10
2 8 7 6 4 0 1 10 3 16 4 0
4 8 1 6 6 11 6 2 4 3 5 0
9 11 0 7 3 2 16 3 3 13 3 5
5 8 17 1 1 3 4 3 5 4 3 6
2 1 5 3 7 8 11 7 15 9 10 10
8 22 9 6 6 4 16 19 7 1 8 13
5 2 2 1 11 9 10 0 3 1 7 15
3 3 5 12 3 1 1 4 5 2 2 4
3 1 6 2 1 5 2 6 4 4 2 2
4 17 7 4 6 2 4 15 7 13 9 18
5 2 4 3 5 5 4 3 3 9 2 3
6 7 13 3 2 5 6 0 5 1 1 9
2 12 17 1 5 4 5 1 4 4 10 1
11 9 3 20 5 6 1 0 10 24 11 1
6 6 6 10 17 16 9 2 1 10 3 3
5 3 0 0 4 4 7 9 2 1 3 1
2 3 5 12 11 4 12 5 0 3 9 13
5 5 11 5 1 7 5 11 4 11 11 5
1 6 7 4 2 4 6 5 0 3 2 4
3 0 0 1 2 5 2 3 2 4 9 4
4 3 4 4 1 2 3 2 1 7 0 0
3 1 0 3 4 5 11 4 2 3 6 5
3 2 12 12 15 7 4 2 12 13 11 14
8 22 2 16 2 7 6 4 14 2 12 10
1 2 6 0 0 7 9 10 2 1 1 1
2 8 4 16 22 5 11 10 10 1 13 7
17 1 5 17 2 8 0 11 2 5 15 7
12 5 7 6 3 10 3 7 2 5 2 6
15 8 6 3 1 6 1 7 3 4 9 10
1 11 5 4 8 6 9 3 2 3 5 14
8 22 15 3 4 15 8 6 9 5 8 8
8 5 11 2 7 10 3 7 3 1 16 1
3 10 3 0 6 5 5 3 8 4 7 5
9 9 14 6 6 13 8 9 10 5 22 8
2 6 2 2 7 15 14 1 2 25 11 17
0 1 4 21 3 8 0 6 7 7 12 0
0 3 3 9 3 3 2 5 2 0 2 7
11 8 3 5 5 2 0 1 1 1 1 5
7 15 3 1 7 2 3 0 9 6 13 7
3 9 5 7 5 8 0 2 0 4 1 8
5 3 18 9 7 13 0 5 1 7 1 8
0 7 5 2 1 3 6 5 3 2 2 0
5 5 8 5 4 7 3 2 2 3 0 3
4 1 3 0 8 18 6 12 10 4 4 5
1 5 0 7 2 0 1 7 0 8 1 4
1 9 8 9 9 9 3 4 5 0 13 11
12 2 3 2 4 9 6 13 6 13 7 13
4 13 1 12 1 23 6 7 7 18 8 9
0 4 1 0 1 2 5 6 1 8 11 8
4 6 3 1 2 8 7 3 2 2 11 10
2 1 8 3 0 3 5 9 2 3 4 14
6 7 13 5 2 12 13 5 8 16 14 9
3 2 1 1 1 6 0 4 5 16 4 13
0 10 1 4 4 6 20 19 12 2 3 2
4 2 2 3 8 0 7 3 1 0 8 3
0 7 3 5 12 5 6 8 1 5 14 3
11 2 3 13 11 7 5 4 6 13 2 2
17 13 3 6 14 15 8 8 9 11 11 15
4 3 5 0 0 14 2 3 10 7 5 6
1 7 12 3 15 2 3 3 6 4 14 2
8 10 0 8 6 3 2 6 10 6 9 7
10 2 0 5 26 2 6 6 7 2 1 0
14 16 0 7 10 1 5 20 14 11 16 4
4 2 2 3 0 5 4 5 0 3 2 5
1 9 5 14 2 4 3 9 1 0 3 0
6 4 14 4 20 21 3 0 14 2 3 7
3 5 2 4 2 1 1 5 3 6 8 1
1 5 5 8 3 6 3 10 12 7 3 4
2 6 8 11 12 7 4 10 1 1 4 0
8 10 5 1 10 3 7 10 9 6 4 3
5 3 2 1 5 4 0 2 2 1 3 3
0 6 2 3 5 3 3 2 2 4 1 1
1 17 0 8 9 7 17 3 12 3 21 7
11 4 0 3 8 11 4 0 1 5 7 4
1 9 3 17 13 17 5 8 3 6 12 8
0 4 7 2 2 3 0 1 1 3 3 3
1 6 11 13 6 0 1 17 9 9 9 4
1 14 8 10 1 22 9 0 2 4 17 11
0 8 15 17 11 6 19 6 9 2 17 3
3 4 3 1 0 4 5 4 5 1 1 3
5 12 7 4 19 2 5 8 15 8 1 1
5 1 5 1 5 4 6 16 1 15 1 1
5 5 1 3 1 3 19 5 7 3 13 8
11 2 2 11 10 3 1 2 0 11 11 13
18 8 1 0 9 4 3 4 2 6 5 13
3 8 6 9 5 4 3 4 2 8 11 3
10 4 1 4 1 12 4 26 0 15 3 3
2 3 2 3 0 6 5 4 4 4 2 7
14 3 2 7 8 0 7 3 2 14 4 17
2 2 1 2 9 1 2 3 3 6 1 4
5 1 7 13 19 10 8 1 19 10 7 10
13 1 6 15 0 1 17 8 13 6 16 13
10 9 3 16 7 18 4 5 13 10 11 5
1 11 2 8 5 14 10 3 26 3 3 8
6 5 3 4 1 1 3 7 7 7 5 8
6 1 4 9 5 9 7 6 3 1 5 11
4 12 15 4 7 21 4 12 3 0 13 17
13 5 6 7 4 2 6 16 15 9 14 8
12 0 7 7 7 1 8 10 3 2 6 5
7 9 16 3 2 17 13 6 16 2 1 5
8 15 12 12 4 4 14 15 10 9 13 1
12 9 9 3 1 3 11 1 7 5 5 6
1 6 6 7 1 5 1 5 6 2 2 1
1 0 1 2 1 2 2 12 2 2 8 6
1 6 3 12 5 1 10 2 1 0 3 1
1 16 6 5 5 11 4 5 14 16 3 1
2 3 9 4 1 10 4 3 17 4 14 11
1 9 4 4 9 3 9 1 20 3 2 2
7 3 14 15 5 1 1 4 5 5 2 5
6 15 8 1 11 8 12 3 2 0 19 6
3 3 4 16 13 4 6 7 6 18 8 0
2 3 0 0 14 1 10 4 1 3 5 1
4 17 17 6 2 9 10 6 5 1 21 1
10 2 23 7 13 0 3 7 3 20 2 12
1 5 5 4 12 20 1 6 2 3 14 7
6 17 5 4 4 8 5 7 8 10 5 4
6 6 12 1 12 17 2 6 2 0 11 10
10 14 1 9 6 6 21 3 9 5 2 8
4 9 2 4 14 8 9 15 8 8 6 8
5 10 2 22 8 8 10 10 7 19 4 3
20 1 5 6 13 13 13 5 15 4 17 1
9 1 21 11 5 14 12 10 3 0 13 5
8 1 3 1 14 1 2 16 19 0 3 0
6 6 10 6 3 2 5 5 10 2 1 9
3 12 4 3 17 6 3 4 9 18 3 4
0 0 4 1 8 2 2 3 7 8 6 3
14 13 1 14 5 21 10 13 5 8 6 4
12 4 6 0 5 2 5 4 9 2 13 2
5 2 1 3 2 3 1 5 1 4 1 2
16 4 6 14 11 1 3 22 16 7 0 10
8 12 3 4 10 6 18 5 12 3 4 14
9 12 7 4 16 6 21 11 1 11 4 0
1 4 5 5 9 1 1 11 10 2 8 4
8 2 7 4 3 1 1 15 24 7 7 5
9 13 4 12 6 4 1 5 1 9 6 4
1 21
1 75
2 45
3 5
4 46
5 85
6 11
6 22
6 51
7 61
7 79
8 15
9 26
9 28
9 96
10 56
11 25
11 28
11 47
11 54
11 64
11 71
11 93
12 71
12 91
13 35
13 106
14 55
14 75
14 86
16 29
16 46
16 55
16 81
16 99
18 37
21 41
21 84
21 116
22 64
24 36
24 90
24 102
25 121
25 122
26 32
27 30
27 46
27 52
27 82
29 55
29 62
29 63
29 64
29 104
30 114
31 33
31 41
31 50
31 76
33 71
33 87
34 110
35 44
35 79
35 134
36 77
36 106
36 129
36 136
37 131
37 135
39 55
39 78
40 43
40 65
40 79
40 118
40 133
42 43
42 44
44 74
44 86
44 118
44 141
45 65
45 86
45 96
45 121
45 127
45 128
46 54
46 130
46 136
47 78
47 124
47 126
48 127
48 133
49 57
49 59
49 114
49 149
50 143
51 76
51 125
52 76
52 137
52 142
52 147
53 75
53 135
54 95
54 136
55 67
55 82
56 65
57 64
57 134
58 88
58 131
59 84
60 88
61 70
61 80
61 104
61 105
61 108
61 160
63 74
63 120
63 144
63 147
64 74
64 150
65 85
65 165
66 79
67 162
68 122
70 122
71 107
72 85
73 75
73 173
74 99
74 129
75 84
77 104
77 136
79 123
80 97
80 107
82 157
82 175
83 153
83 162
83 164
84 117
84 140
85 132
85 158
86 94
86 105
86 108
86 121
87 105
87 109
87 137
88 104
88 115
88 120
88 165
88 177
89 131
90 106
90 124
90 179
91 103
91 170
91 175
91 189
92 111
92 141
92 164
93 150
93 166
94 186
94 193
95 112
96 114
96 124
96 135
96 137
97 168
97 176
97 194
97 196
98 99
99 165
99 190
100 102
100 118
100 148
100 157
101 163
102 156
102 193
103 129
103 146
105 186
106 126
106 151
106 186
107 181
108 109
108 154
110 132
110 142
110 148
110 180
111 143
111 200
112 118
112 144
112 145
113 139
113 174
113 179
114 140
114 197
115 151
115 168
116 146
116 163
116 191
117 196
118 169
119 160
119 198
120 151
120 153
120 165
120 189
122 151
122 160
122 195
122 199
122 213
124 135
124 136
125 150
125 173
125 222
126 143
126 161
126 182
127 134
127 181
128 146
128 160
128 162
128 211
129 193
130 199
130 200
131 133
131 183
131 196
133 154
134 158
134 190
135 167
135 179
137 140
138 141
139 184
139 186
139 188
139 228
140 231
140 233
141 174
141 229
141 240
142 146
142 203
143 223
143 228
143 241
144 232
145 152
145 201
145 215
145 243
146 191
146 224
147 163
147 178
147 231
147 236
148 172
148 178
148 243
149 167
149 175
149 197
149 236
150 172
151 215
151 224
152 197
152 215
153 179
153 194
153 198
153 202
154 155
154 185
154 239
156 172
156 214
156 242
156 247
157 175
158 165
159 218
160 243
161 203
161 213
161 223
161 232
162 243
162 246
163 189
163 206
163 213
163 214
164 183
164 195
164 200
164 218
164 260
165 211
165 218
165 241
165 264
166 173
166 235
167 256
168 200
168 207
168 244
170 180
172 266
173 184
173 186
173 258
175 272
176 265
177 238
177 263
178 201
178 204
178 251
178 259
178 277
180 189
181 215
181 274
182 242
182 257
182 282
183 237
183 247
183 274
184 203
184 247
184 260
185 204
185 275
186 268
187 256
188 234
188 236
188 264
188 287
190 196
190 227
190 252
190 261
191 197
191 198
192 227
192 278
193 226
194 200
195 280
196 212
196 295
197 271
197 290
197 293
198 242
198 246
198 294
199 213
200 279
201 207
201 211
201 221
201 260
202 265
203 206
203 243
203 262
204 248
205 264
205 287
206 244
208 239
209 216
209 296
210 227
210 246
211 222
211 242
213 243
213 285
213 310
214 250
214 258
214 312
215 219
215 252
215 276
215 296
215 309
216 251
217 228
217 277
217 291
218 234
218 318
219 245
219 299
219 300
220 315
220 318
221 243
221 280
221 299
221 308
222 284
222 301
223 247
224 311
225 270
226 260
227 317
228 245
228 293
228 298
229 233
229 314
230 238
230 280
231 247
231 313
232 235
232 311
233 253
235 238
235 254
236 248
236 251
236 257
236 323
236 335
237 262
237 332
238 298
238 324
242 307
243 290
243 326
243 335
244 282
244 317
246 260
246 317
247 254
247 270
248 249
248 285
248 346
249 325
249 349
251 267
251 286
251 350
252 253
252 292
252 322
253 296
253 307
254 321
255 284
256 258
256 294
257 260
257 294
258 301
259 300
259 323
260 325
260 333
260 348
261 264
261 357
263 306
263 314
263 315
263 331
264 332
265 278
266 314
266 343
267 320
268 278
268 291
268 312
268 338
268 341
269 282
269 334
270 283
270 313
270 330
270 349
270 364
270 365
271 281
271 290
272 298
272 300
273 294
273 337
273 342
274 333
275 280
275 308
275 316
275 347
275 360
277 300
277 346
277 357
277 358
278 289
279 317
279 328
279 352
279 355
281 324
283 288
283 295
283 296
283 328
285 323
285 352
285 367
285 380
286 321
286 371
287 298
287 338
287 341
288 294
288 298
289 338
289 364
290 340
290 375
291 296
291 320
292 326
293 296
293 311
293 315
293 317
293 322
293 335
294 320
294 329
294 351
294 371
295 309
295 360
295 373
295 381
296 348
296 362
297 343
297 350
297 352
298 329
298 363
298 389
299 338
299 373
301 337
301 388
302 322
303 315
303 329
303 363
303 382
304 314
304 330
304 345
305 398
305 403
306 333
306 337
306 374
306 376
307 345
307 362
307 394
307 397
308 315
308 358
308 360
308 404
309 320
309 324
309 365
309 404
310 329
310 350
310 377
313 319
313 364
313 382
315 339
315 342
315 355
316 403
316 411
317 331
317 365
318 362
319 348
319 405
320 342
321 369
321 402
322 362
325 387
326 348
326 382
326 406
327 365
327 408
328 395
328 405
328 416
329 408
330 390
331 369
331 377
331 402
332 342
332 352
332 357
332 404
333 343
333 349
334 337
334 403
336 384
336 401
337 409
338 342
338 422
339 345
339 378
339 391
339 412
339 424
339 425
340 364
340 390
341 360
341 392
341 416
341 420
342 350
342 370
342 435
342 442
343 378
343 382
344 425
345 427
346 352
346 395
346 397
348 368
348 408
348 419
348 448
349 381
349 445
349 448
350 399
350 450
351 378
352 390
352 414
353 358
353 370
353 449
354 358
354 380
354 425
354 440
355 376
356 400
356 419
357 372
358 359
358 400
358 435
358 444
359 383
359 403
359 424
360 380
360 427
361 400
361 443
362 412
362 457
364 447
365 371
365 375
365 377
366 407
366 413
367 458
368 451
368 459
369 406
369 411
369 450
370 423
370 435
370 458
371 383
373 415
373 460
375 427
375 471
376 402
376 467
377 468
378 380
378 389
378 438
379 394
379 473
380 416
380 422
381 440
381 467
382 404
383 384
384 444
385 442
386 444
386 457
387 388
387 424
387 430
387 464
388 392
389 398
389 455
390 398
390 405
390 409
390 424
390 459
391 451
391 471
391 479
392 401
392 409
392 423
392 459
392 470
393 413
393 472
393 491
396 466
396 492
397 402
397 454
398 399
398 412
398 446
398 451
400 470
402 419
404 426
404 451
404 473
404 481
404 491
405 437
405 490
407 469
408 440
408 500
410 463
410 503
411 427
413 453
413 473
414 449
415 427
415 473
416 470
416 477
416 498
417 429
419 475
419 484
420 475
421 433
421 480
423 448
423 469
423 481
424 437
424 446
424 450
424 473
425 440
425 491
426 455
426 495
426 498
428 476
428 497
429 484
429 496
429 497
429 517
430 508
431 450
431 474
431 525
432 491
432 528
433 483
433 498
434 473
434 503
434 508
436 441
436 532
437 512
438 452
438 476
438 537
439 470
439 522
440 527
440 537
441 469
442 540
443 447
444 521
444 526
445 465
445 469
445 511
447 497
447 502
447 506
448 453
448 468
448 513
448 514
448 533
449 451
449 465
449 546
450 460
450 524
450 537
450 539
451 461
451 474
451 503
451 505
451 512
451 527
452 529
453 490
453 495
454 484
455 457
455 495
456 526
459 501
459 551
460 547
461 516
462 463
462 553
463 486
463 550
464 477
464 522
464 527
464 530
465 528
466 481
466 496
466 519
467 550
467 567
468 473
469 489
469 565
471 480
471 551
472 498
472 503
473 533
474 483
474 505
474 507
475 477
475 496
475 529
475 534
475 557
476 505
476 507
476 515
476 553
477 535
477 552
478 488
478 574
482 570
483 495
483 505
483 557
484 491
484 530
486 496
486 506
486 568
487 541
488 490
488 554
490 520
491 526
491 557
492 527
492 551
492 568
494 547
494 593
496 510
496 570
496 581
496 587
497 541
498 513
498 530
499 538
499 590
500 508
501 518
502 534
502 553
503 537
504 543
505 506
505 571
506 567
507 534
507 557
507 598
508 511
508 530
508 557
509 572
509 587
509 600
511 524
511 566
512 546
512 549
512 595
513 563
514 549
514 556
514 589
515 528
515 572
515 594
516 535
516 557
517 533
517 596
517 605
517 613
519 612
519 618
521 563
521 570
522 588
522 603
522 615
523 572
524 580
525 584
526 548
527 551
527 598
528 559
528 565
528 583
529 536
530 544
530 599
530 618
531 594
531 626
532 621
532 630
533 539
533 559
533 566
533 586
533 587
533 613
533 633
536 600
536 622
537 564
537 614
538 566
538 574
538 586
539 540
540 564
540 605
540 607
541 555
541 575
541 625
541 638
542 570
542 583
543 605
544 593
545 553
545 590
545 600
547 552
547 558
547 610
549 560
549 587
549 607
549 618
549 619
550 604
550 620
551 593
551 619
552 596
552 613
552 650
553 570
553 574
553 641
554 592
554 631
555 607
555 642
555 643
556 599
556 613
556 650
557 562
557 576
557 586
557 607
557 621
557 650
559 597
559 647
560 611
561 589
563 602
563 640
566 578
567 613
567 658
568 603
568 616
569 594
570 589
571 593
571 611
572 650
573 579
573 585
574 591
574 629
574 637
574 644
574 656
575 651
575 672
576 585
576 591
576 616
576 621
576 656
577 591
577 610
579 631
579 639
579 662
579 667
580 610
580 655
580 659
581 666
582 655
583 603
583 679
584 637
584 645
585 591
586 608
586 656
587 600
587 621
587 668
588 639
588 653
589 616
589 674
590 614
591 630
591 679
592 602
592 613
592 625
592 665
593 637
593 685
594 595
594 614
594 623
595 624
595 636
595 641
595 661
596 620
596 630
596 667
597 680
597 683
599 654
600 638
600 653
600 670
601 692
603 682
603 686
604 615
604 618
604 639
604 673
605 703
606 619
608 619
608 702
609 653
610 640
611 643
611 656
612 646
612 676
612 689
613 627
613 639
613 685
614 696
614 706
615 686
616 630
616 694
617 653
617 677
617 684
617 702
618 671
619 652
619 676
620 628
620 689
621 690
622 688
622 709
623 625
624 638
625 644
625 677
625 725
626 675
626 680
626 704
627 644
627 670
627 708
627 716
627 725
628 653
628 670
629 660
629 684
629 710
630 641
630 691
630 711
631 689
631 731
632 727
633 655
633 678
633 711
634 675
634 708
635 687
636 657
636 682
636 687
636 688
637 711
637 735
638 652
638 702
638 708
638 712
639 696
640 651
640 695
641 649
641 728
642 691
642 697
644 707
644 723
645 674
645 687
645 731
647 653
647 717
649 696
650 719
651 656
651 737
652 663
652 715
653 673
653 707
653 739
653 743
653 746
654 698
654 712
654 714
654 715
655 710
656 744
656 752
658 679
658 731
659 699
659 711
660 675
660 690
660 701
660 751
661 673
661 754
662 683
662 692
662 704
662 744
662 751
663 677
663 707
664 712
664 715
664 760
665 724
666 689
666 749
666 761
667 707
667 712
668 700
668 726
668 734
668 736
669 671
669 673
669 727
670 674
670 720
670 731
671 681
671 746
672 683
673 696
673 748
674 697
674 704
674 720
674 750
675 719
677 735
678 682
678 766
678 773
679 688
679 716
680 755
680 758
681 747
682 707
684 703
684 739
684 745
684 751
684 761
685 701
685 774
686 725
686 734
686 776
687 708
687 709
687 764
688 692
688 694
689 775
690 739
690 760
691 703
691 756
692 740
692 762
692 779
693 698
693 760
694 770
695 710
695 738
695 784
696 750
697 711
697 729
697 768
697 771
697 793
698 725
698 730
698 743
698 757
698 787
699 703
699 724
699 744
699 772
699 781
700 710
700 748
702 743
703 707
704 798
706 759
706 760
706 771
706 784
706 801
706 803
707 715
707 718
707 768
708 789
708 799
709 742
709 781
710 726
710 729
710 748
710 769
711 727
711 742
711 786
712 722
712 736
712 781
713 754
713 789
714 721
714 806
715 717
715 774
716 809
717 749
717 812
718 753
718 771
718 779
718 783
719 727
719 753
720 736
720 742
720 747
721 726
721 815
722 737
722 766
722 784
722 817
723 732
723 747
723 794
724 793
724 817
725 757
725 815
727 739
727 757
728 778
728 824
731 732
731 823
734 764
734 771
736 800
736 826
737 744
737 778
737 788
737 822
737 836
738 747
738 793
738 818
739 835
740 783
740 835
741 754
742 754
742 805
742 819
742 838
743 754
744 756
745 760
745 780
746 781
746 819
746 829
746 845
747 751
747 814
747 820
749 771
749 809
750 813
750 828
751 842
751 843
752 782
752 814
752 833
753 797
754 831
755 762
755 777
755 846
756 832
757 768
757 854
758 767
758 788
759 830
759 857
760 810
761 801
761 833
762 770
762 823
762 853
762 858
764 771
764 772
764 788
764 803
764 833
764 844
764 849
765 783
765 787
765 796
765 844
767 768
767 769
767 830
768 794
768 863
769 777
769 810
769 815
769 861
770 792
770 801
770 824
770 830
770 840
771 822
772 795
773 781
773 799
775 801
775 803
776 838
776 842
777 778
778 847
779 807
779 814
780 781
780 865
782 815
783 795
784 834
784 839
785 837
785 857
785 860
786 865
786 873
787 820
787 845
788 827
788 830
788 837
788 847
788 849
788 864
788 872
789 832
789 856
789 883
790 808
790 813
792 826
792 884
793 795
793 824
793 878
793 884
794 858
795 819
796 837
796 857
796 885
797 808
797 844
798 843
798 873
798 882
798 892
799 852
799 868
801 812
801 824
801 878
802 842
802 850
803 848
803 851
803 864
803 874
803 890
803 900
804 813
804 835
804 856
804 874
804 887
804 895
805 852
805 874
806 852
806 880
806 882
807 838
807 875
807 906
808 851
808 874
808 888
809 818
809 854
809 864
809 877
809 900
810 814
810 829
810 880
811 891
813 817
813 873
814 827
814 861
814 877
815 833
815 870
815 882
816 829
816 859
816 871
817 829
817 866
817 911
818 851
818 861
819 860
819 875
820 867
820 884
820 919
823 900
824 907
824 921
825 843
825 924
826 905
826 925
827 906
828 885
828 892
828 900
829 836
829 859
829 882
830 869
830 917
831 908
831 913
832 891
832 893
832 901
833 859
834 896
834 929
836 880
837 853
837 868
838 849
838 856
838 902
840 878
840 934
841 909
842 863
842 921
842 938
843 873
843 888
843 923
843 926
844 898
845 856
845 868
845 879
845 911
845 917
846 849
846 865
846 896
847 857
847 874
848 888
848 897
848 899
848 940
849 923
850 883
850 936
851 901
852 883
852 892
852 908
852 948
853 882
853 901
853 922
853 943
854 944
855 897
856 864
856 909
857 887
857 900
858 941
859 926
859 928
860 916
861 888
861 940
862 892
862 901
862 906
863 883
863 911
863 961
864 942
865 881
865 919
866 890
866 909
866 913
866 939
867 873
867 952
869 883
869 884
870 878
870 963
871 888
873 888
874 895
874 927
875 888
875 890
875 953
877 903
877 928
878 882
878 919
878 922
878 961
879 917
879 923
879 936
881 907
881 929
881 936
882 903
882 955
882 963
883 918
884 944
885 928
886 911
886 940
888 909
888 910
888 939
889 923
889 968
889 987
890 898
890 930
891 892
891 989
892 966
893 902
893 910
893 944
894 913
894 944
894 978
894 980
896 939
897 981
898 934
898 978
899 966
899 984
899 986
900 902
903 951
903 976
903 1000
904 938
904 992
905 915
905 928
905 982
906 937
906 962
906 980
906 989
907 987
908 935
909 975
910 997
910 999
911 971
912 925
912 943
912 960
913 975
913 994
914 1000
915 923
915 961
915 984
916 921
916 929
916 980
916 994
917 974
918 933
919 941
919 947
920 927
920 936
920 966
920 972
920 980
921 989
922 963
923 939
923 987
923 999
924 934
924 984
926 965
926 974
927 930
927 991
928 1000
929 972
930 998
932 946
933 951
935 956
939 966
940 958
940 971
942 964
942 971
942 990
943 997
944 961
945 962
946 994
947 968
947 976
949 951
950 952
950 968
951 963
951 996
952 967
952 984
954 961
958 967
958 990
959 991
961 964
962 967
962 999
963 983
964 987
966 995
967 995
969 989
970 993
974 999
977 979
977 996
979 997
1 22 4 3 6 10 16 12 12 6 12 24
5 8 4 13 3 6 6 1 8 2 16 23
2 5 16 0 6 2 10 5 15 9 11 2
12 4 1 0 4 3 18 5 3 13 12 11
14 13 6 3 9 4 15 4 6 9 14 22
19 19 2 24 11 19 4 11 3 12 19 13
27 7 17 13 16 3 30 12 14 13 10 13
25 34 1 10 28 17 6 3 3 11 18 10
0 9 15 18 16 8 2 4 17 8 15 8
1 6 21 21 35 16 20 11 14 12 1 2
16 10 2 3 8 11 19 9 2 3 13 5
2 4 3 7 5 17 14 16 13 10 3 3
5 7 12 2 10 0 7 16 18 17 7 11
15 27 15 4 0 7 0 16 7 2 1 3
1 9 1 6 12 2 6 0 6 7 26 21
5 20 23 20 1 24 19 3 8 5 23 16
31 0 1 8 22 10 6 2 6 7 5 28
18 0 4 27 10 0 20 8 35 22 7 2
3 12 4 18 8 6 7 11 16 9 2 1
13 6 6 11 12 2 11 14 2 7 17 8
20 21 24 14 4 2 5 2 12 27 17 29 15 40 13 19 14 17 29 6
22 24 22 28 17 17 4 18 10 21 31 33 18 33 27 9 33 38 33 22
12 25 30 20 11 5 15 5 20 21 18 21 18 32 26 14 23 30 19 23
22 41 64 58 30 29 34 35 50 39 48 47 51 53 53 16 43 60 50 46
21 40 35 54 35 29 15 38 23 28 42 33 21 21 47 21 54 44 32 34
10 13 39 28 7 28 15 30 36 35 28 32 30 43 27 13 19 32 39 29
7 11 14 17 5 11 1 10 10 6 10 9 13 26 14 4 17 14 11 2
30 20 37 31 20 15 14 20 24 31 26 39 37 47 31 4 41 28 36 10
32 41 44 39 29 12 7 18 28 26 30 27 31 39 47 37 22 16 26 26
5 9 18 14 9 4 8 7 6 11 8 7 13 12 17 5 10 18 12 10
34 31 54 55 33 10 23 18 21 17 37 35 39 51 40 9 34 37 26 32
35 50 38 31 25 36 12 36 41 39 39 40 25 61 51 41 43 12 45 35
35 33 49 44 31 8 20 19 29 20 28 31 43 38 48 15 31 24 25 30
3 11 16 8 4 1 3 4 4 13 12 10 8 23 10 8 5 14 13 7
8 10 15 16 9 12 1 12 11 3 13 6 16 24 16 2 17 9 8 6
4 18 14 14 8 1 4 7 12 8 4 7 8 20 22 12 10 9 8 5
4 5 19 11 1 1 1 3 10 13 7 15 7 16 14 4 7 19 13 5
13 29 25 40 24 14 11 20 13 15 32 18 18 28 32 18 36 17 6 24
36 40 44 48 35 12 19 14 23 11 39 23 34 47 43 21 31 32 26 32
10 25 32 38 16 29 14 33 26 25 37 29 22 44 33 14 27 39 33 33
9 26 19 14 10 9 2 16 26 17 7 9 5 23 26 19 22 13 18 1
10 20 34 35 16 10 7 20 14 24 28 28 22 44 26 13 25 31 26 18
7 7 10 21 9 13 6 14 3 12 15 15 14 17 16 3 21 20 16 14
13 19 12 10 5 7 1 10 11 9 17 11 1 23 19 14 16 5 12 9
9 12 13 13 10 3 1 6 4 3 14 4 11 16 11 8 10 8 4 4
1 2 6 3 1 1 1 1 1 1 1 1 3 1 6 1 5 7 1 1
23 29 30 36 17 19 11 8 14 16 22 36 20 38 24 24 23 31 29 17
35 40 46 50 34 11 18 16 13 18 41 36 39 60 41 21 40 41 39 28
16 27 18 25 12 20 1 23 20 17 23 20 10 34 31 16 32 16 21 14
1 8 6 11 3 4 1 7 4 3 5 4 4 7 10 8 12 12 2 8
7 7 9 14 6 8 1 8 7 6 10 6 5 12 11 8 6 4 4 9
24 38 32 43 19 24 9 22 24 27 29 42 26 38 38 21 41 31 35 23
11 3 15 14 6 1 1 2 7 3 11 8 10 18 12 1 11 7 1 1
20 26 21 20 6 7 1 8 9 18 18 26 14 32 22 20 17 17 24 7
9 12 12 8 1 2 1 3 8 8 8 6 8 10 11 9 3 4 7 3
10 25 29 33 18 12 9 19 14 16 20 23 15 23 29 11 31 35 19 16
19 18 27 17 12 1 1 6 14 13 12 18 17 21 23 15 15 10 12 1
14 24 16 34 24 18 1 27 8 3 29 9 7 18 31 16 26 8 5 15
10 22 22 19 10 13 10 12 20 10 10 10 19 30 30 3 18 21 23 13
6 9 6 10 1 4 1 5 5 5 4 6 5 14 8 10 8 8 1 1
2 16 5 16 6 14 2 15 8 4 11 5 8 22 22 3 16 12 12 11
8 20 29 33 20 2 11 11 14 9 10 11 21 21 27 14 23 24 8 13
26 32 23 24 14 14 1 20 19 16 17 31 15 18 36 17 24 23 29 12
1 1 14 16 2 4 2 5 1 7 8 7 7 7 6 1 11 17 4 10
43 53 46 49 37 33 16 39 40 35 47 44 35 69 56 39 59 21 44 30
30 47 42 49 33 33 10 37 30 25 36 40 38 53 57 21 48 38 45 31
11 21 21 25 9 9 7 12 6 10 17 17 12 21 20 14 19 25 13 12
31 42 45 39 26 16 16 19 36 37 32 39 36 46 51 22 32 36 50 33
36 40 49 31 25 14 5 21 40 34 28 40 40 54 50 30 38 19 41 24
18 11 22 28 16 13 5 16 10 12 24 19 20 30 27 2 23 16 13 14
24 34 37 32 22 16 10 24 30 26 23 23 14 27 33 34 23 21 27 14
9 19 19 17 11 8 5 14 12 23 20 22 9 30 20 14 31 22 21 15
2 7 5 6 1 1 1 1 1 3 1 3 3 15 2 4 2 3 1 1
1 2 1 3 1 3 1 3 3 4 6 2 1 13 2 1 4 1 2 1
3 11 7 23 8 15 1 15 3 2 14 6 4 15 20 5 20 16 5 15
5 24 14 19 11 13 1 20 15 9 11 13 5 24 26 13 23 19 18 4
25 37 33 30 19 29 9 30 28 28 25 36 33 36 47 11 37 36 47 26
38 48 52 44 35 16 8 17 43 31 31 29 38 38 54 42 22 29 32 24
2 5 8 6 4 1 1 3 4 1 1 1 5 2 8 4 6 5 1 1
1 10 4 6 1 7 1 8 10 7 3 5 2 20 13 3 13 5 9 1
5 8 12 5 1 1 1 4 7 12 9 11 4 12 9 4 10 16 11 5
6 2 9 4 1 1 1 1 4 4 1 2 6 5 7 1 2 4 1 1
24 43 41 47 30 25 18 28 28 32 45 41 24 47 48 22 48 44 38 43
9 31 27 26 13 11 12 14 23 4 17 10 24 28 33 8 32 23 15 23
9 17 9 9 1 13 1 12 15 7 13 7 9 25 19 8 15 10 11 6
11 18 26 15 11 1 6 7 17 20 3 16 19 15 26 14 15 18 21 9
22 56 59 46 29 18 31 26 52 35 36 37 44 58 56 15 51 51 46 46
40 43 60 54 41 9 21 20 33 30 36 36 49 41 57 22 36 33 35 40
22 33 33 30 7 16 13 15 27 37 27 41 29 45 34 14 42 35 38 19
8 6 11 11 6 4 1 7 8 6 7 5 6 9 13 5 11 6 5 1
33 38 46 50 33 10 13 32 19 16 42 38 29 49 39 26 38 23 23 20
5 5 8 21 7 11 1 12 1 1 14 5 6 9 15 3 15 12 1 11
37 58 50 49 28 12 18 17 40 34 28 43 38 37 57 40 35 38 38 33
19 32 44 40 30 17 14 32 25 18 28 26 37 50 47 11 42 29 31 21
1 8 8 9 7 6 7 7 8 10 5 8 11 18 15 6 11 11 11 9
52 52 40 55 49 32 14 49 24 25 60 51 32 52 64 28 62 24 39 44
12 11 22 24 8 14 4 17 11 22 23 26 10 24 19 7 20 28 25 17
14 18 22 24 11 10 1 12 8 15 23 24 15 40 20 10 21 20 19 7
28 33 51 41 18 15 12 23 39 39 33 48 38 39 45 17 37 35 38 23
15 33 25 32 17 21 6 22 16 17 24 27 21 48 26 24 33 25 30 11
16 24 38 25 9 6 1 16 30 34 19 32 18 37 24 23 18 22 33 7
1 1 4 6 1 1 1 1 1 2 1 1 3 8 1 2 3 4 2 1
5 12 7 10 1 12 2 11 11 10 12 8 7 26 12 7 9 10 11 7
14 20 29 21 10 18 3 20 27 25 20 22 21 29 33 14 15 18 28 22
8 10 19 16 6 7 1 8 11 13 17 13 7 26 9 8 6 13 12 10
31 44 40 32 9 19 14 19 36 36 23 48 39 51 37 21 45 31 43 22
24 43 56 58 33 16 27 5 25 20 43 41 43 43 42 20 28 51 36 38
8 11 22 21 10 10 3 16 11 12 18 13 9 15 22 9 17 19 13 12
17 45 45 56 33 19 20 29 27 27 39 39 24 25 49 19 46 53 36 39
32 58 65 45 33 27 22 37 59 35 29 39 45 51 65 29 52 49 55 37
7 22 26 27 17 1 6 8 12 2 7 6 13 18 20 17 15 20 8 7
15 9 21 15 10 1 1 6 8 8 13 11 16 16 20 5 8 6 7 5
17 22 33 22 19 20 1 26 25 15 20 25 26 43 34 6 35 14 28 14
4 16 21 21 14 6 8 12 17 6 5 6 14 15 22 12 21 21 5 10
31 33 38 46 25 14 5 21 26 28 32 39 30 25 48 19 35 18 24 27
1 2 8 3 1 1 1 2 3 8 4 4 4 13 9 2 4 11 7 3
33 60 55 51 46 41 29 50 56 28 41 26 42 56 69 27 56 42 50 46
21 23 15 26 16 22 3 23 13 18 26 28 15 24 32 7 27 27 29 22
19 28 31 31 12 18 13 17 24 33 22 40 28 33 33 2 43 36 38 17
4 2 9 7 1 1 1 1 2 5 4 3 3 9 6 1 6 7 3 1
3 3 10 16 3 3 1 5 1 1 7 4 8 5 11 1 12 13 2 5
26 29 30 37 17 20 6 18 18 17 23 33 21 35 30 13 31 28 26 13
4 12 3 18 5 13 1 13 2 4 16 11 3 20 14 3 20 13 9 9
10 16 14 21 8 14 7 15 15 12 11 15 11 24 24 12 19 16 13 13
9 14 23 20 10 13 3 20 15 30 22 27 13 33 24 12 22 19 26 19
9 10 11 18 7 16 1 15 9 10 17 13 3 15 20 3 17 15 13 11
45 51 51 51 37 25 13 30 36 41 46 47 30 47 59 43 45 19 36 39
11 8 16 11 5 2 2 4 11 8 6 8 13 8 16 8 8 10 6 6
13 12 21 20 8 7 1 9 6 22 22 27 12 28 15 2 22 27 23 8
1 13 21 20 11 8 1 19 17 18 19 14 4 23 16 13 21 25 15 14
5 5 11 10 7 1 8 1 6 7 1 5 11 8 12 1 8 16 6 9
15 12 31 32 19 6 9 9 8 13 19 18 23 30 24 6 16 22 13 19
29 37 48 42 29 12 21 17 33 32 22 31 33 41 37 31 34 39 40 17
47 44 63 45 37 13 24 18 44 45 45 47 48 59 55 25 37 42 56 41
10 12 21 22 10 10 5 10 10 15 17 15 16 27 23 1 16 20 18 11
14 19 32 33 14 3 14 9 14 24 13 29 28 19 32 4 33 31 23 14
28 37 40 28 20 8 5 19 29 13 22 25 30 43 41 23 35 13 16 17
11 13 15 22 8 18 2 17 15 5 15 10 14 19 25 4 21 14 10 11
13 38 37 36 24 14 10 21 27 2 17 11 28 40 37 20 31 23 18 15
9 8 17 10 3 5 3 4 14 17 4 14 10 22 14 8 10 15 15 4
1 5 5 1 1 1 1 1 5 7 1 3 3 13 6 1 4 8 6 1
35 36 41 41 23 9 5 21 24 29 34 38 28 47 41 30 36 15 31 12
8 7 10 7 1 5 1 6 11 11 6 7 6 9 12 5 5 6 9 6
26 35 32 31 18 13 9 15 18 13 27 24 16 31 37 21 20 21 28 25
27 38 34 41 25 19 6 21 19 11 26 29 17 25 37 30 29 32 24 15
42 61 55 52 36 33 16 32 39 25 45 41 36 64 61 35 47 37 52 42
4 20 30 22 7 12 15 14 25 33 18 33 27 33 29 2 35 39 32 22
21 29 24 35 26 14 13 18 20 3 19 13 21 21 38 9 26 27 21 22
42 39 45 44 34 13 26 16 27 32 40 38 41 49 41 7 40 43 50 32
5 3 26 21 1 7 4 9 14 18 15 20 12 18 14 1 13 27 14 14
37 33 38 42 33 19 17 29 24 13 31 34 39 36 52 7 34 23 29 27
41 51 40 57 35 26 17 27 28 21 42 38 39 39 57 21 44 40 40 46
11 3 15 16 5 4 1 5 9 8 10 9 10 11 13 4 9 8 4 5
27 31 27 40 19 17 12 19 10 22 34 37 21 41 28 20 41 33 30 25
21 17 39 36 21 2 21 4 17 23 20 27 38 33 29 1 30 34 25 24
13 24 38 29 15 13 3 22 29 19 22 20 20 36 30 19 16 20 22 16
1 3 3 3 1 1 1 1 5 1 1 1 4 7 5 1 7 5 1 1
10 17 8 14 4 8 2 9 5 16 14 19 7 28 15 9 20 17 19 6
1 1 2 1 1 1 1 1 1 6 1 4 3 10 3 1 5 5 5 1
11 10 14 16 7 7 1 9 9 9 14 7 11 17 17 7 12 9 6 8
34 31 48 43 30 5 12 24 22 17 32 38 28 43 35 24 32 15 22 18
4 14 24 20 7 1 15 5 12 27 7 25 22 19 18 5 29 31 20 14
27 61 57 42 28 26 19 33 59 45 30 44 41 39 62 34 52 37 49 32
33 32 53 51 39 21 32 35 29 31 43 43 55 67 39 5 48 33 44 36
26 34 37 38 30 22 13 26 27 29 25 28 30 44 47 29 31 18 29 26
5 10 9 7 5 1 1 5 6 5 6 1 8 10 10 6 10 11 5 4
17 24 29 25 13 6 2 10 12 12 24 19 10 31 21 21 18 20 16 14
16 11 21 17 10 2 1 4 8 8 19 11 11 22 20 7 16 11 8 11
8 11 19 14 1 10 1 11 16 16 15 18 7 26 15 9 9 17 16 10
11 11 16 18 9 7 7 8 7 10 12 11 13 15 19 5 9 14 12 10
20 29 32 34 18 12 7 17 11 24 26 39 20 42 27 16 26 36 38 16
1 9 4 3 1 1 2 1 1 8 3 5 7 18 7 6 5 8 8 3
33 37 48 55 39 27 11 26 20 20 46 43 33 56 45 36 36 37 34 29
1 4 3 5 1 1 1 2 1 8 2 7 1 14 5 4 9 7 8 1
25 39 44 27 16 1 17 6 34 44 21 44 35 32 41 26 38 32 39 26
7 19 19 22 6 2 5 1 4 12 10 22 13 19 11 12 15 21 14 10
1 6 14 17 8 10 7 10 7 7 10 5 11 12 15 1 10 15 8 14
5 8 9 12 1 1 3 3 4 3 1 7 6 12 8 9 9 12 3 4
10 10 15 24 13 16 1 15 6 9 28 13 6 27 17 2 16 15 13 13
5 17 21 25 15 12 8 16 7 12 26 11 11 31 21 10 16 24 15 27
4 7 9 14 4 8 5 9 6 5 11 4 9 12 12 4 8 10 1 10
3 4 6 5 4 1 5 1 4 9 1 6 8 11 10 4 8 11 8 6
9 18 24 24 14 21 4 22 18 21 26 18 17 42 27 7 23 19 23 22
19 10 23 24 18 11 1 14 10 14 22 16 18 25 25 9 17 10 12 15
30 51 48 61 47 36 26 48 34 27 55 30 25 44 58 30 50 45 42 48
27 39 33 32 23 17 6 17 20 14 29 30 15 43 36 31 26 30 29 19
12 4 16 6 2 1 1 1 10 9 2 7 12 8 12 3 2 5 7 1
9 9 26 14 1 1 2 1 13 22 9 22 11 15 11 8 10 19 15 8
1 5 1 3 1 4 1 3 4 3 5 2 1 17 4 2 7 3 3 1
7 12 10 10 1 4 1 5 2 4 16 7 3 17 13 5 12 15 9 6
5 17 14 17 10 10 8 8 12 1 12 1 17 26 17 6 11 15 8 15
28 23 39 35 24 8 7 13 24 20 20 26 33 23 40 21 20 17 19 22
31 41 31 40 27 29 12 31 20 29 45 42 16 38 48 24 44 33 34 42
25 27 53 43 16 13 22 17 30 43 35 48 41 59 24 19 23 46 51 25
36 50 53 70 44 40 32 44 33 40 59 54 41 54 58 21 55 58 52 62
6 11 14 8 2 3 1 6 12 12 14 9 1 22 14 6 12 10 11 4
30 27 25 29 20 16 5 18 18 23 21 34 29 28 39 14 28 26 33 15
14 18 33 22 13 5 5 13 16 16 31 23 17 39 18 17 17 22 20 18
1 1 7 1 1 1 1 1 1 9 3 6 1 13 1 1 3 10 9 1
11 20 23 13 8 6 1 12 21 15 20 16 1 31 19 17 19 15 16 13
30 27 51 49 20 28 17 23 27 37 46 56 37 59 29 30 22 46 50 29
18 11 34 33 19 14 16 14 16 31 28 32 29 46 13 4 32 36 30 18
22 36 34 37 13 11 6 19 25 27 20 37 21 21 37 28 33 25 25 16
20 36 35 26 13 16 8 18 30 25 17 24 34 46 41 21 25 18 34 18
1 7 3 13 6 10 1 11 2 5 11 3 2 12 11 5 11 4 5 10
27 41 62 52 33 19 27 28 42 45 36 44 34 50 41 34 40 54 43 33
31 33 60 51 20 19 18 22 34 41 39 57 43 51 41 23 31 46 44 29
25 41 56 39 17 15 10 22 47 51 21 51 39 50 46 33 38 42 50 22
35 31 44 43 37 24 19 33 19 34 44 41 33 51 46 23 37 14 30 35
27 34 55 54 26 22 25 27 31 38 44 52 43 36 45 15 36 56 44 40
44 60 66 70 48 29 30 44 49 26 46 39 52 49 75 25 63 48 41 44
14 15 16 22 11 12 1 14 7 9 26 16 7 27 16 9 22 19 16 16
12 4 22 19 11 7 1 9 10 12 20 14 11 30 17 4 9 8 10 9
35 35 38 45 36 21 8 34 23 20 37 32 26 27 51 17 42 33 31 22
25 33 35 34 17 15 4 20 30 24 21 26 25 31 38 25 28 16 22 14
27 40 44 37 17 21 11 20 27 29 23 41 32 44 40 22 34 35 39 19
14 15 13 19 8 14 4 13 8 17 22 21 12 33 14 5 22 19 23 10
14 19 20 9 6 3 7 4 14 14 8 12 17 11 23 12 4 11 15 10
14 14 20 21 10 10 11 12 6 26 22 29 18 34 11 4 25 29 31 10
6 10 10 6 1 1 1 4 10 9 1 7 3 3 14 6 8 2 6 1
11 21 26 22 12 10 7 11 13 17 17 16 17 25 26 17 12 20 19 18
11 14 27 17 7 7 6 11 17 28 23 24 18 36 20 10 16 27 27 20
33 48 51 55 40 27 21 34 36 33 39 34 32 48 59 33 48 34 39 35
8 1 12 8 3 1 1 1 7 9 3 7 7 13 5 1 5 8 7 1
3 18 16 19 3 13 4 12 13 12 19 14 10 31 19 9 22 22 11 17
1 1 2 1 1 2 1 1 7 2 1 1 1 9 3 1 4 4 2 1
25 37 44 47 34 22 25 24 22 37 46 41 31 53 42 24 49 36 33 43
20 13 27 24 17 7 13 7 15 26 21 28 25 43 6 1 28 25 25 6
2 3 12 11 5 1 6 1 5 7 1 4 10 8 12 1 4 12 8 9
7 10 6 12 5 12 3 11 8 7 9 10 6 16 15 3 13 14 12 7
26 43 19 33 25 18 1 26 15 7 33 26 8 31 34 26 36 26 28 17
10 19 17 28 19 10 4 19 8 1 16 8 11 7 27 8 21 20 10 13
35 59 54 55 31 21 17 19 34 34 46 52 35 47 58 36 39 45 45 47
26 47 58 52 32 22 19 33 45 40 48 38 30 51 52 35 46 44 36 38
29 39 22 41 25 28 1 25 11 1 38 24 22 40 36 22 30 24 21 22
7 11 8 7 3 6 1 10 15 10 4 9 2 11 19 6 12 4 10 1
17 32 42 43 24 6 21 13 21 15 20 20 29 28 35 16 32 38 20 24
12 28 21 29 22 23 9 29 22 21 23 18 19 40 32 20 38 18 20 17
44 45 53 43 35 16 10 34 33 29 45 39 32 35 57 32 39 21 33 25
4 3 12 16 5 6 5 6 6 5 6 7 10 12 11 4 13 16 4 7
20 22 27 29 20 18 3 22 14 15 39 21 9 35 31 14 21 19 22 28
11 12 14 17 3 5 1 9 9 11 9 13 8 11 17 10 13 9 11 2
43 53 55 60 45 22 19 36 31 20 48 46 39 67 59 32 55 34 39 34
22 37 45 34 22 13 20 16 32 32 31 35 31 64 32 21 36 40 42 33
22 37 48 40 31 24 19 32 35 27 25 27 39 51 50 18 49 39 41 19
37 56 35 37 31 38 7 46 45 20 40 31 25 32 63 29 54 33 42 32
14 20 19 23 9 10 6 12 6 11 19 19 11 19 23 9 24 28 14 15
30 42 42 38 23 17 11 23 39 44 22 45 28 28 49 30 43 40 43 21
27 21 34 30 14 4 6 11 12 23 26 36 25 46 26 15 32 21 22 15
31 58 55 42 31 34 28 25 52 37 39 48 46 36 64 23 58 44 49 47
14 17 43 22 11 12 5 14 28 25 16 33 32 43 28 1 29 25 29 20
43 48 49 50 42 26 34 31 35 42 54 47 36 65 53 20 55 48 60 48
12 14 24 25 11 10 4 9 10 10 18 13 12 28 16 12 9 15 12 13
29 23 51 49 34 9 27 22 20 31 43 38 46 57 38 3 40 44 42 34
14 23 22 30 20 12 6 16 9 12 18 12 11 31 28 19 17 8 10 19
6 19 34 28 13 7 14 17 21 23 17 23 19 22 26 13 23 36 20 24
1 8 1 6 1 1 1 5 1 1 4 2 1 9 8 3 7 1 2 1
9 11 16 7 1 1 1 4 11 14 9 12 8 19 12 10 5 12 13 5
26 47 26 32 26 23 10 28 30 14 26 28 26 47 50 18 44 30 40 29
31 44 41 47 31 23 22 28 31 30 40 44 38 59 46 12 49 59 53 38
13 32 29 18 14 17 6 19 33 10 6 12 28 26 42 15 23 13 25 22
13 17 15 13 7 7 8 8 13 16 12 16 14 21 24 9 12 14 18 10
19 37 36 44 32 18 23 27 27 13 29 8 24 23 42 22 32 33 25 27
24 39 42 22 10 18 4 19 34 26 27 37 22 52 33 26 30 26 37 22
22 17 21 30 17 20 11 21 12 28 25 29 18 31 27 18 33 14 24 18
4 6 3 6 1 4 1 5 4 5 6 4 3 11 9 3 8 7 4 1
1 8 9 15 3 10 4 8 10 10 7 9 9 18 15 2 18 14 4 14
7 15 12 15 5 13 1 13 9 11 14 16 5 24 16 7 18 21 18 7
13 16 24 29 19 14 17 16 13 27 21 24 23 36 26 9 32 32 28 22
17 19 23 25 11 7 7 7 9 8 11 17 16 18 21 14 10 18 15 9
8 6 15 16 7 9 1 8 10 12 13 10 9 25 9 5 12 14 11 6
6 13 13 19 7 8 1 16 9 12 10 15 4 13 22 8 24 16 14 6
18 25 26 28 12 10 21 10 25 34 27 35 25 38 18 5 41 33 27 20
29 37 41 43 37 8 25 25 26 6 34 17 42 48 46 6 37 22 21 30
16 23 19 37 18 19 5 23 15 10 25 21 13 13 31 5 34 23 11 21
3 4 12 12 6 1 4 1 2 3 4 1 11 10 11 1 4 11 4 6
9 27 28 23 13 20 9 19 24 6 8 15 25 36 30 8 26 23 24 24
46 52 48 60 45 39 23 42 35 29 44 41 39 51 66 38 47 22 38 41
51 52 42 39 33 29 10 24 44 38 42 46 30 43 55 40 30 18 46 35
34 35 35 34 19 19 4 20 25 23 31 37 27 30 43 16 30 34 34 24
25 25 28 34 20 8 8 15 10 6 26 19 25 29 36 10 18 15 14 19
13 29 31 37 20 27 14 26 24 15 21 19 28 37 37 15 35 22 16 33
1 19 14 26 11 10 4 18 9 10 16 11 7 14 22 11 29 16 3 16
2 1 12 3 1 1 1 1 5 10 3 7 3 11 3 1 3 13 8 1
33 46 50 47 36 26 15 38 35 35 50 39 22 55 45 43 44 28 32 39
5 14 11 10 5 5 4 9 6 8 11 7 7 18 16 8 15 16 9 6
29 45 34 39 31 28 13 28 31 4 29 19 38 47 47 10 37 29 35 34
3 1 13 13 7 8 1 6 4 5 14 4 7 17 6 1 5 10 6 8
26 41 47 36 24 4 15 10 31 20 21 25 25 44 39 26 30 29 26 23
20 20 19 25 10 14 2 15 11 20 16 32 11 18 24 9 24 26 27 13
17 37 21 33 23 26 12 31 22 24 33 28 12 44 37 26 50 19 22 30
1 11 12 12 5 1 1 9 7 14 7 13 1 19 10 11 18 16 12 3
10 7 17 10 2 4 1 3 15 13 3 12 9 15 11 7 11 10 10 3
22 25 41 31 11 8 2 17 26 26 30 32 22 38 26 23 11 16 26 12
8 6 16 4 1 1 1 2 9 24 4 21 12 20 12 6 11 14 22 1
18 20 31 37 20 2 13 11 5 6 18 20 27 32 28 7 24 20 7 18
8 21 27 30 18 5 12 10 18 4 10 7 22 21 28 5 24 23 7 14
34 48 37 40 21 17 9 26 32 32 27 38 20 31 44 37 42 31 35 16
34 49 58 51 31 12 27 6 38 36 39 44 46 31 48 32 34 37 36 40
1 5 3 6 1 1 1 2 2 2 2 1 4 11 11 1 5 7 2 2
5 14 12 8 4 3 4 3 13 8 1 7 10 21 18 8 8 12 11 5
24 34 52 46 28 42 23 44 43 29 42 42 46 55 46 14 30 50 54 46
1 8 4 7 4 3 1 8 7 1 4 1 1 9 10 7 10 3 2 3
9 14 16 18 9 7 1 10 5 10 19 8 11 23 14 11 12 14 9 8
5 11 10 16 6 13 1 12 12 9 12 8 5 19 16 6 17 11 6 12
11 27 37 35 10 17 14 27 31 37 33 40 23 44 27 15 40 43 34 23
10 15 16 16 7 9 7 10 7 13 20 15 10 23 19 9 17 26 16 14
25 55 40 52 35 30 21 38 38 35 46 39 21 54 51 43 61 29 31 40
8 14 20 22 11 2 10 3 6 4 6 5 16 18 15 9 7 16 11 11
10 11 18 15 5 3 4 4 14 16 4 14 11 18 14 9 15 13 10 5
1 6 15 15 1 1 5 4 3 14 4 14 8 10 15 1 17 20 9 9
1 10 13 11 5 1 1 4 7 6 1 4 5 10 14 9 10 12 4 3
40 57 54 64 46 20 22 35 29 19 51 43 32 48 58 33 56 39 30 38
5 12 16 14 3 1 2 1 8 9 5 10 7 13 10 6 13 12 3 4
40 50 44 52 34 36 9 36 40 47 40 60 36 45 59 30 52 44 56 40
16 20 37 37 18 27 19 34 28 35 37 40 27 41 28 19 22 43 42 30
16 16 20 20 7 4 1 8 7 9 13 18 7 17 18 12 14 14 14 1
8 4 14 10 1 1 1 1 7 7 2 7 9 7 11 6 7 10 6 1
34 30 47 31 19 13 6 17 31 32 31 39 37 50 40 20 29 20 34 24
17 17 25 29 21 7 4 20 11 14 20 22 21 27 31 12 31 18 16 7
11 21 19 25 12 9 6 14 14 10 10 16 11 26 22 19 18 14 13 7
24 24 32 42 26 17 5 24 10 12 34 27 19 35 33 17 28 27 21 20
10 18 18 13 4 1 1 4 13 7 4 9 9 15 17 15 6 5 5 3
29 22 35 38 23 11 10 20 10 19 34 32 29 36 38 9 34 22 20 25
30 40 41 32 23 30 11 30 35 26 38 30 26 44 49 24 37 24 37 31
28 25 37 37 27 17 9 23 15 19 43 36 24 50 34 13 34 33 31 30
1 9 21 13 1 3 7 6 11 28 14 27 13 27 7 3 19 29 23 14
11 15 22 22 10 11 8 10 15 13 8 14 18 31 21 9 13 17 18 9
1 11 12 19 8 5 7 8 3 1 7 2 12 12 16 7 7 11 5 12
28 41 43 36 24 13 24 15 38 32 29 31 36 49 46 17 42 35 39 37
8 13 12 16 4 8 1 10 1 9 15 18 1 17 11 5 9 15 17 8
37 48 61 55 37 29 13 42 40 34 43 45 37 55 62 33 50 38 46 29
19 22 45 34 23 10 12 27 27 31 34 36 32 53 33 12 36 33 30 18
4 5 10 10 4 6 4 4 7 12 9 10 14 27 5 3 12 13 11 6
3 15 25 20 15 3 8 10 12 12 8 9 14 24 21 11 12 19 16 9
1 6 4 7 1 2 2 4 2 2 2 1 5 8 11 5 8 8 1 3
22 32 27 42 27 18 1 29 13 16 36 27 14 41 35 22 37 23 22 14
13 33 40 28 19 19 2 27 32 19 24 18 24 37 42 18 30 23 26 21
3 5 8 7 1 3 1 4 5 9 5 6 2 12 11 3 6 7 7 3
23 32 32 30 28 5 21 10 21 15 25 13 31 40 33 11 25 26 26 25
37 55 42 48 33 30 6 41 32 27 48 46 17 41 54 36 51 37 40 38
1 5 5 7 1 3 1 6 1 3 5 2 1 6 7 1 8 6 3 2
5 7 7 17 6 12 1 13 1 5 16 9 2 13 12 2 14 15 11 9
15 18 24 13 3 6 1 10 18 21 12 21 12 10 24 13 13 14 21 6
21 35 53 44 30 6 23 15 29 34 28 31 35 41 43 19 42 47 35 22
31 44 38 31 19 11 9 15 25 26 25 35 24 37 42 33 22 26 38 21
3 1 8 11 3 6 1 5 4 5 8 2 7 16 4 1 6 6 5 4
21 34 43 30 20 18 7 25 29 17 31 26 32 57 38 19 30 23 29 24
2 18 24 22 4 19 1 24 23 19 18 20 10 40 20 10 23 19 23 18
7 11 12 2 1 1 1 1 7 7 7 5 4 12 13 7 6 8 7 4
5 9 19 14 4 10 1 14 18 23 14 21 7 27 18 5 20 18 22 10
1 16 11 10 4 8 1 15 15 3 8 1 3 19 16 8 14 8 7 1
26 48 39 57 38 26 18 31 28 12 37 22 23 41 47 28 42 41 31 31
5 12 1 19 8 15 1 16 1 1 19 8 1 9 13 3 19 12 6 12
18 32 22 30 17 20 5 21 10 20 35 27 8 51 26 28 30 17 24 23
5 15 25 28 12 18 8 26 16 30 32 27 16 39 18 14 24 25 27 23
21 44 46 34 20 22 23 21 45 31 21 37 46 42 50 12 43 35 43 36
20 27 19 29 17 17 1 14 8 4 20 22 8 27 23 17 18 20 21 9
24 15 15 32 20 16 1 22 3 5 28 22 17 15 28 1 27 18 14 16
1 1 3 9 1 4 1 5 1 1 5 1 2 2 3 1 7 7 1 3
14 8 20 20 15 1 3 11 6 6 14 11 17 17 22 4 18 8 3 7
1 1 3 1 1 1 1 1 2 4 1 1 1 13 1 1 1 4 4 1
14 24 37 33 17 12 11 25 28 34 38 33 20 54 23 23 32 31 35 22
8 2 18 22 8 1 2 2 4 5 8 11 15 20 14 2 13 12 1 5
19 39 37 33 21 15 14 25 29 29 34 29 11 33 37 28 43 34 28 22
2 6 7 6 1 7 1 7 9 10 3 7 5 18 12 3 11 9 10 2
29 30 32 43 25 24 5 30 19 15 37 37 18 33 34 13 34 36 30 25
3 5 3 15 4 11 1 12 1 1 12 6 1 7 10 1 12 10 7 8
22 19 37 40 21 24 9 31 23 29 46 37 25 58 31 14 32 27 29 28
13 23 26 31 9 13 5 12 14 12 18 24 20 31 23 6 28 23 17 10
10 22 15 6 8 9 1 10 16 6 13 5 8 33 17 13 19 6 14 7
1 7 25 18 1 3 6 10 12 21 11 22 11 27 7 10 11 27 19 13
7 4 9 7 2 3 1 3 9 5 5 4 6 7 9 2 5 5 4 3
4 5 6 8 1 2 1 4 2 4 5 3 5 8 10 1 8 6 2 1
1 3 1 3 1 1 1 1 1 1 1 1 1 5 7 1 4 4 1 1
1 7 10 9 4 2 1 8 5 4 3 4 1 4 11 5 9 4 5 1
35 50 45 44 31 35 12 25 32 15 45 42 27 59 50 29 33 44 48 42
25 42 57 50 28 9 30 11 38 32 39 37 41 48 44 8 36 49 37 37
30 41 47 46 35 11 21 22 31 20 35 17 29 39 49 20 34 36 30 23
5 16 21 15 5 1 1 4 13 13 1 14 8 25 17 10 14 15 12 3
20 23 19 16 11 10 8 11 15 13 17 17 15 18 30 13 17 21 20 15
24 26 38 43 28 3 14 14 17 8 20 19 28 30 40 10 32 27 16 19
8 18 25 27 14 8 3 12 9 11 16 18 14 30 24 6 23 25 17 9
20 28 27 32 20 9 14 10 17 14 23 14 23 40 30 16 22 22 21 25
12 9 17 20 8 3 4 4 7 5 10 9 13 21 10 10 8 12 4 7
25 43 55 40 25 6 16 14 39 26 26 28 37 49 48 21 35 38 33 22
3 7 10 11 1 3 4 4 1 7 7 6 7 12 6 6 12 15 5 6
32 33 52 33 30 6 15 17 28 33 32 37 35 49 44 24 36 32 39 24
3 1 13 4 1 1 1 1 4 7 5 6 4 12 4 1 2 12 6 1
17 20 21 14 2 1 1 3 15 13 2 17 14 9 22 20 5 4 14 3
8 4 15 9 3 1 3 2 8 8 3 6 11 6 12 5 2 8 7 6
24 49 38 39 27 38 13 43 36 25 42 35 20 49 52 27 56 22 33 40
31 41 46 51 34 30 24 39 37 41 41 37 28 39 47 33 52 41 36 29
3 3 4 8 1 1 1 1 1 5 6 4 3 16 3 1 4 1 3 1
18 29 31 38 27 19 21 26 30 24 24 22 27 34 40 12 42 36 33 20
15 29 34 25 17 3 15 11 22 27 13 24 24 28 32 19 33 33 27 16
35 48 47 57 38 24 18 36 29 21 46 33 27 49 52 37 50 20 13 34
21 30 20 22 7 13 1 15 24 21 17 23 16 32 32 20 23 8 25 9
57 54 51 58 46 43 20 28 34 19 62 53 33 61 53 44 39 39 49 43
6 19 15 14 9 4 2 12 15 7 9 5 5 9 20 16 14 12 5 5
23 32 37 31 9 11 8 10 22 29 27 36 20 34 26 26 21 26 26 19
8 11 17 11 1 1 1 1 4 15 9 16 4 23 9 8 6 10 15 1
26 40 27 41 30 27 7 36 20 18 40 26 14 27 40 24 45 37 32 25
11 14 10 21 11 12 5 14 6 6 13 13 9 9 26 1 14 19 16 17
9 23 49 50 21 28 22 38 34 40 38 41 36 50 34 21 39 53 42 32
32 42 59 67 45 17 41 28 32 36 47 53 58 47 57 13 63 51 42 46
18 13 24 20 13 6 5 10 15 11 14 13 20 14 25 10 14 12 9 10
39 51 59 51 42 27 23 35 41 39 42 41 49 69 63 34 50 30 48 34
26 32 24 24 13 14 1 17 21 13 23 21 16 27 36 19 22 16 21 12
6 8 19 15 9 1 7 1 4 8 9 8 14 18 9 6 9 20 9 8
10 34 37 33 19 22 13 28 32 18 18 19 29 35 41 14 38 26 22 27
3 4 8 5 4 1 5 1 4 13 1 9 10 12 10 1 9 14 12 6
42 53 73 63 41 11 36 14 48 48 45 53 61 49 61 23 42 52 50 45
1 12 12 9 2 9 5 8 11 13 3 12 14 25 13 1 20 18 15 8
12 11 13 11 3 3 1 3 11 8 5 12 4 17 10 13 4 4 10 1
27 30 32 38 17 17 13 16 23 34 25 46 34 36 35 7 44 39 40 16
33 42 24 29 22 22 1 26 28 18 29 34 18 38 43 23 40 21 33 19
3 1 6 6 2 1 1 1 1 3 2 1 6 5 5 1 1 2 1 1
11 19 9 15 9 8 1 15 10 6 9 11 1 8 23 10 16 9 11 4
7 9 11 1 1 2 1 1 14 10 1 8 6 11 13 5 5 6 10 1
49 64 57 63 48 31 19 35 49 31 42 44 44 33 71 37 45 53 53 43
25 28 27 28 16 14 2 13 19 20 26 23 16 39 29 26 22 13 17 19
10 16 14 10 5 10 1 11 19 10 9 7 13 18 20 8 12 6 10 6
17 19 44 31 9 7 8 7 18 26 20 35 26 31 20 18 8 34 32 19
26 29 46 39 15 22 3 25 27 30 33 46 33 55 33 14 35 32 40 22
8 1 17 15 6 1 1 3 1 6 12 11 10 15 10 1 11 14 6 1
33 46 47 45 24 34 8 31 34 29 34 47 45 62 46 26 47 30 41 30
39 49 51 54 43 33 15 43 35 32 56 39 18 64 58 43 52 22 33 35
1 1 6 8 1 1 1 1 1 6 1 6 6 9 3 1 10 11 4 2
29 31 44 30 24 6 8 24 28 21 35 31 27 49 41 19 32 18 24 20
14 27 51 42 19 17 24 29 32 44 33 44 33 52 29 30 24 46 45 25
6 5 16 17 7 4 6 4 6 10 8 9 12 16 10 3 9 16 9 12
38 54 53 54 43 24 28 33 41 40 48 42 36 57 60 31 64 54 52 41
12 17 28 25 17 12 10 12 17 25 19 24 19 35 27 10 22 30 29 25
12 23 32 27 12 2 7 6 9 23 12 31 18 34 17 20 27 33 24 8
34 40 50 39 22 15 8 14 34 36 26 47 32 41 43 35 20 38 44 25
1 4 2 7 1 3 1 4 4 3 6 2 1 9 6 1 8 6 2 2
17 33 24 31 15 13 4 17 15 15 19 21 15 30 36 22 20 15 23 18
11 20 19 12 5 7 2 10 21 18 6 16 17 25 25 12 21 14 19 3
20 29 29 35 18 19 4 26 16 21 43 28 14 50 27 23 25 22 27 26
3 3 2 6 1 5 1 6 1 3 5 5 2 7 7 1 8 10 7 2
42 41 52 54 35 13 16 25 22 20 35 41 41 43 53 24 33 27 34 29
53 59 56 69 55 27 23 37 30 24 59 48 44 67 66 34 60 46 50 46
12 13 18 21 9 5 3 3 6 11 13 16 16 32 10 12 9 14 14 7
27 57 51 46 32 25 23 28 40 19 34 33 40 54 55 21 53 39 40 42
15 22 31 35 15 19 2 18 16 20 29 28 16 45 19 18 21 26 23 22
8 20 18 19 11 10 1 18 14 9 19 14 4 16 24 9 21 23 14 9
34 37 48 47 30 15 13 17 30 22 39 30 36 50 49 22 30 31 32 32
18 44 42 31 17 19 13 21 36 25 21 33 31 45 37 19 39 26 31 26
33 42 55 48 32 15 19 25 39 38 32 39 36 33 54 24 41 48 50 31
16 22 28 21 9 17 5 15 22 22 13 23 26 41 25 15 22 16 29 14
15 18 16 27 14 16 5 21 12 19 20 22 15 28 27 13 30 18 21 14
41 55 64 53 39 27 12 30 42 34 51 45 29 61 54 49 40 38 43 35
14 24 26 22 10 1 5 7 14 10 6 15 15 15 25 19 14 14 11 6
15 16 21 24 13 11 5 14 8 9 18 13 15 11 27 4 16 20 15 14
24 33 21 21 13 17 1 20 26 20 25 24 9 36 35 25 26 2 24 15
19 23 32 32 12 10 10 11 18 27 17 28 28 18 33 13 23 22 22 21
13 17 30 29 15 8 4 15 18 17 19 22 13 21 26 9 28 27 14 8
3 9 5 5 1 2 1 2 6 5 3 4 4 17 7 7 5 8 4 3
5 25 14 15 12 6 7 11 18 7 9 4 12 31 25 15 20 15 12 13
37 47 56 47 31 25 22 38 43 48 50 54 28 67 42 42 45 37 55 29
21 21 25 22 10 7 5 9 15 14 23 20 13 19 26 11 24 14 11 15
6 29 36 32 9 20 11 22 30 27 29 33 25 38 34 4 34 36 32 31
1 14 11 11 8 5 5 8 11 4 1 1 10 20 17 6 12 13 10 9
23 30 20 29 9 17 3 18 13 24 24 36 14 33 27 16 32 29 29 18
38 57 44 57 31 37 17 33 29 31 38 48 34 49 58 37 43 36 42 40
24 26 47 45 28 15 17 25 29 30 35 35 34 40 42 10 34 45 43 31
32 40 37 33 23 13 12 15 34 39 29 40 33 49 39 31 39 27 36 30
6 13 18 13 7 12 10 11 20 16 4 14 23 31 25 3 19 17 25 13
13 16 21 26 16 12 2 17 10 17 17 16 17 21 31 12 22 13 17 15
32 31 37 46 33 18 13 27 18 15 33 31 31 30 47 9 35 33 29 28
15 19 29 23 8 6 8 4 25 21 6 21 25 12 28 11 12 18 17 20
21 20 30 27 10 12 2 5 10 16 21 33 13 28 18 18 13 29 27 12
10 17 32 21 5 5 9 10 21 33 18 32 17 34 15 11 18 28 26 15
1 8 14 12 6 3 4 8 4 11 4 9 8 14 15 5 12 12 11 5
5 6 2 9 3 7 1 8 3 2 7 6 2 9 9 4 9 7 6 3
12 9 18 24 11 2 2 9 1 1 19 13 15 22 14 3 18 10 1 7
35 34 44 40 29 8 11 16 22 21 34 31 36 43 50 19 32 21 31 30
3 12 13 13 3 1 4 1 4 5 5 6 8 18 11 8 10 17 5 7
8 6 11 10 1 4 1 5 4 10 4 12 5 8 16 2 6 11 13 3
34 46 39 43 28 26 24 30 27 35 38 47 28 53 41 35 52 36 41 35
38 34 54 48 24 12 7 12 16 24 37 46 37 43 39 25 20 32 33 25
40 49 58 47 25 24 15 11 43 38 27 52 51 52 49 38 27 37 49 31
33 32 32 55 38 26 11 32 4 4 43 31 30 35 40 18 33 27 22 33
9 16 24 16 8 3 3 11 15 18 6 16 11 14 26 15 16 17 17 4
37 32 39 42 28 23 9 31 24 29 50 50 32 61 37 15 38 37 41 32
2 6 8 7 1 7 2 6 10 5 4 2 8 15 9 1 6 8 6 5
10 10 21 26 12 10 14 12 8 20 15 19 22 27 22 4 25 28 24 15
23 30 52 50 27 29 21 40 39 42 45 41 30 42 40 24 37 52 46 32
12 16 25 26 13 15 1 18 15 23 22 27 14 29 30 10 26 27 27 18
6 15 14 14 3 2 1 7 15 14 1 16 5 18 17 13 19 10 8 2
7 11 11 13 4 5 1 6 4 7 12 8 6 19 7 9 7 9 8 1
2 8 11 10 6 1 3 3 6 3 1 1 8 9 13 7 4 6 2 4
43 63 53 42 35 35 15 38 43 31 40 50 36 63 62 34 47 33 60 38
18 21 31 38 16 8 5 9 7 15 21 28 23 28 27 14 24 22 15 15
31 43 41 48 39 17 15 27 21 18 41 30 29 41 49 20 51 46 41 29
8 24 17 30 18 17 8 22 11 10 21 12 9 25 24 19 30 11 3 22
27 37 32 34 22 18 10 23 23 24 31 34 15 42 35 34 37 16 27 25
6 9 6 16 2 9 1 11 3 6 10 9 4 9 16 5 10 8 7 8
17 25 23 9 5 17 5 17 28 24 16 24 22 41 27 12 31 15 34 15
40 54 65 57 39 30 11 41 49 45 44 51 48 63 68 38 47 39 56 35
4 6 10 10 5 1 1 5 6 3 4 1 6 8 11 4 11 8 1 1
12 20 27 11 7 1 1 12 24 31 14 27 13 31 21 15 16 19 29 7
24 47 57 40 30 18 13 23 41 18 26 24 33 49 46 26 32 40 42 24
23 29 38 28 17 20 11 19 27 22 15 30 38 50 33 16 28 21 36 19
13 14 16 28 11 14 4 15 2 8 20 18 9 13 15 4 22 22 13 15
18 21 16 18 7 12 1 14 23 14 11 18 13 10 31 13 15 6 17 10
15 21 12 31 16 21 5 25 6 9 22 23 13 11 27 5 32 28 18 23
9 4 17 15 5 3 1 3 8 7 10 9 10 16 11 2 10 13 5 3
7 8 10 8 1 1 1 1 8 5 1 7 5 9 10 8 2 3 3 2
19 43 45 53 30 13 20 19 23 20 39 27 29 37 47 21 41 38 23 36
6 4 10 10 1 6 1 5 8 7 4 8 4 13 13 3 6 11 8 3
28 41 44 53 29 12 23 18 24 24 38 36 37 52 45 21 49 39 31 34
31 40 55 45 20 21 13 19 34 39 34 55 42 52 44 25 34 46 48 26
30 41 42 34 25 34 7 20 34 13 24 35 37 54 41 27 25 25 40 27
2 7 5 9 5 4 1 10 9 4 5 1 1 8 12 6 9 2 2 5
1 1 8 4 1 1 1 1 1 8 2 7 1 11 1 2 7 14 7 1
8 18 20 25 14 12 5 19 9 14 21 22 12 22 25 2 17 30 28 22
38 46 45 38 22 24 10 18 31 34 39 56 30 50 41 37 22 38 54 26
18 20 16 25 10 8 1 7 7 1 22 15 8 29 13 15 17 13 8 7
1 5 17 17 1 4 2 7 3 17 12 20 9 26 7 5 12 24 19 11
2 3 6 14 1 5 1 6 1 2 9 4 3 11 4 2 10 8 1 4
27 33 43 43 26 19 8 30 27 37 37 38 23 47 40 29 41 34 38 17
7 12 20 16 10 8 1 13 17 15 11 12 7 20 19 12 16 16 13 8
24 27 26 23 11 11 2 13 21 32 18 35 23 23 35 16 17 20 36 17
1 4 1 2 1 1 1 2 1 7 3 4 1 13 2 2 4 2 7 2
23 16 36 23 13 1 7 6 14 22 24 29 23 30 21 7 20 19 15 13
6 8 23 24 10 6 6 7 3 13 16 13 15 25 13 5 14 22 10 14
3 6 8 12 5 4 1 4 1 5 12 3 8 15 7 1 6 6 5 8
13 25 18 29 15 7 5 13 6 11 18 20 16 27 26 11 33 26 16 15
34 48 34 51 37 35 12 38 25 25 42 38 20 40 46 37 44 40 41 28
30 35 49 33 15 25 6 20 34 29 33 42 36 57 34 24 15 29 46 19
8 8 8 8 4 3 1 2 7 3 11 2 7 17 6 6 2 3 1 4
14 7 23 16 12 9 6 7 16 15 11 14 20 26 19 1 12 14 16 8
7 19 21 25 8 8 10 8 8 25 18 30 15 32 12 13 25 27 22 17
15 19 23 23 7 13 1 15 13 27 16 30 14 29 25 18 25 22 25 13
13 10 18 11 3 7 1 7 13 18 10 19 10 25 20 4 13 9 21 1
26 45 65 46 31 25 24 29 48 46 30 52 57 56 57 19 56 47 54 38
35 48 40 54 32 35 15 40 27 37 52 52 26 54 52 29 52 44 42 48
29 47 53 41 29 4 18 5 42 37 30 38 42 25 52 31 33 31 32 34
7 9 11 15 4 5 2 7 3 4 11 6 9 10 13 3 14 14 5 4
27 19 44 31 24 3 15 14 18 20 25 29 34 33 37 6 16 18 24 21
29 45 50 43 32 32 12 37 35 29 45 40 31 72 48 30 48 27 36 43
39 50 55 54 31 21 12 22 30 28 48 47 34 55 51 29 35 45 45 41
13 6 23 15 9 5 2 5 14 16 8 16 22 26 21 1 11 11 18 5
15 24 34 26 8 8 3 16 22 26 20 28 15 17 29 16 24 23 21 13
35 33 49 39 27 17 13 20 31 31 38 42 38 55 49 14 42 35 45 30
6 16 10 12 8 6 1 8 12 4 13 2 4 23 19 13 10 4 4 13
9 14 17 15 6 7 9 6 9 19 13 19 15 35 17 7 17 24 23 10
7 24 16 22 15 16 1 25 11 20 29 20 5 33 25 18 29 19 22 17
32 37 31 34 24 25 7 32 24 19 29 38 37 48 48 12 41 20 35 21
27 49 39 54 33 25 16 29 25 16 42 30 30 55 53 25 50 29 25 38
32 40 36 32 27 25 9 20 41 40 27 37 37 41 48 33 18 25 39 32
9 15 17 11 7 7 5 6 11 11 13 7 13 29 14 10 11 16 11 7
22 19 31 30 14 10 1 4 5 17 26 35 17 38 18 14 16 29 28 9
1 5 8 5 1 1 1 1 7 3 1 2 3 12 11 1 7 10 1 1
20 33 43 28 8 14 15 18 39 43 35 45 21 44 32 25 28 30 38 30
6 9 12 17 8 8 8 9 6 1 8 7 12 12 16 6 11 16 8 10
2 6 5 10 4 6 1 5 3 1 11 1 4 17 6 1 6 2 1 4
23 24 27 25 14 18 4 18 21 19 30 24 10 34 28 18 27 18 21 19
1 1 1 2 1 1 1 1 1 6 1 3 1 7 2 1 2 1 5 1
18 48 48 51 29 29 25 36 44 43 42 54 43 46 55 9 55 62 57 46
9 7 13 19 8 6 1 6 5 1 13 8 13 22 12 5 13 10 2 3
1 7 7 5 1 1 1 1 1 5 3 5 1 15 1 6 1 6 5 1
10 28 24 18 12 21 2 25 28 7 6 15 20 31 32 15 31 14 19 14
19 28 36 36 17 23 15 22 26 22 16 32 35 46 36 6 41 33 39 25
19 23 24 21 11 9 4 4 11 10 13 19 18 22 23 21 2 13 17 14
26 40 39 42 34 41 15 42 30 20 33 28 31 47 55 16 42 22 37 39
28 34 47 49 32 20 30 26 25 36 41 40 40 53 40 8 47 57 49 39
15 25 30 39 21 11 19 12 13 18 22 26 28 20 32 1 31 35 22 25
12 21 16 26 15 11 10 12 6 1 17 11 16 20 21 10 13 20 13 15
5 22 12 11 9 11 1 17 22 5 5 4 9 22 22 14 19 7 9 4
5 9 12 21 12 13 8 14 7 12 14 10 12 19 20 6 15 13 11 18
1 6 6 8 1 5 3 6 4 3 9 1 6 11 6 4 7 10 4 7
22 28 43 47 24 28 14 27 21 28 51 36 26 65 26 34 16 30 34 39
42 54 48 61 49 50 25 53 38 32 66 46 35 69 59 30 52 42 54 60
2 16 15 18 8 1 5 5 3 3 7 4 11 20 17 6 8 14 10 7
41 40 60 57 29 30 18 35 38 40 57 58 40 62 49 35 31 46 53 42
26 38 45 37 25 22 17 31 42 32 30 37 31 39 50 19 31 43 48 31
4 7 5 6 1 1 4 1 5 10 1 8 7 15 9 7 11 12 8 5
8 20 18 22 10 13 1 11 8 14 19 20 6 39 16 17 17 16 19 10
10 28 17 34 21 22 9 29 17 13 25 15 7 26 31 21 37 18 7 22
1 4 5 5 1 1 1 1 3 6 2 4 3 20 2 1 7 7 6 1
5 9 10 5 4 4 1 5 10 10 5 8 1 17 10 9 7 9 9 1
42 53 45 60 44 40 20 40 29 24 45 50 38 51 54 30 45 51 50 41
12 16 18 26 13 11 1 16 12 4 19 8 9 16 26 7 21 16 6 11
21 36 38 32 21 31 3 36 30 18 41 32 27 60 40 15 34 21 38 33
42 41 52 43 27 12 5 18 32 39 36 53 37 53 48 31 33 29 39 23
1 7 13 6 2 1 1 8 10 13 8 9 2 18 10 7 6 12 11 6
26 40 49 49 27 23 20 12 27 8 29 27 42 49 41 18 28 41 34 32
26 34 35 43 22 18 4 28 17 17 41 34 17 37 31 22 32 35 27 24
5 3 12 4 1 3 1 1 10 8 2 6 5 15 7 3 4 10 7 1
8 14 11 9 6 3 6 1 10 6 9 6 9 22 12 12 10 16 7 10
23 43 33 46 30 20 11 21 12 4 35 21 21 40 39 29 32 32 25 31
28 56 56 58 40 27 30 34 44 40 43 38 37 52 63 34 56 42 41 43
5 14 20 17 11 1 3 7 10 4 7 1 11 8 21 7 7 9 5 6
7 8 9 8 1 4 1 5 8 10 7 8 4 12 8 7 8 10 8 5
7 17 19 22 9 6 1 11 8 17 11 21 8 29 14 16 22 19 16 10
14 12 16 16 11 3 1 5 6 10 20 16 12 30 15 10 22 11 11 8
30 33 49 49 29 18 19 23 28 41 54 55 35 56 43 11 55 47 43 38
43 48 48 59 45 24 18 34 17 11 50 46 41 56 51 18 37 38 38 36
25 39 33 27 16 8 1 15 28 22 21 25 15 31 35 36 22 13 23 17
22 43 42 41 22 21 16 14 34 22 25 37 32 40 39 27 32 32 33 24
37 52 47 59 43 35 17 46 35 26 55 40 32 44 61 27 64 44 37 40
36 50 51 51 36 38 15 47 44 38 41 43 41 48 62 30 63 37 46 29
9 16 15 19 10 5 7 9 11 8 5 12 11 15 26 7 17 20 15 10
1 7 8 7 1 1 2 1 1 8 6 7 6 23 10 3 10 15 10 5
4 12 8 8 3 2 1 5 7 4 7 3 5 12 14 9 5 7 3 7
14 11 22 13 7 4 1 4 13 12 19 14 10 34 16 8 14 14 14 7
27 30 40 51 33 17 13 30 16 28 40 37 29 42 37 15 52 39 29 22
20 23 40 27 10 14 6 18 30 36 19 37 32 36 36 14 28 31 40 16
11 20 31 23 8 3 7 4 19 22 25 25 17 40 13 12 19 27 18 17
39 47 39 62 50 31 17 41 30 6 48 28 37 46 64 14 53 39 31 43
5 8 14 13 3 1 3 1 2 6 3 7 6 14 9 7 1 10 8 7
13 12 17 13 6 4 1 1 9 17 9 21 7 27 7 14 10 16 19 4
32 39 34 38 19 17 13 17 23 30 20 44 33 36 41 22 31 37 44 22
1 11 14 11 1 1 6 1 9 16 5 14 6 10 12 2 16 15 8 8
9 30 26 24 15 1 14 7 19 10 11 11 17 21 29 17 25 27 10 19
19 30 32 24 7 12 6 8 23 20 10 28 26 35 27 21 19 20 24 11
32 35 66 52 35 12 22 27 34 31 39 44 44 54 42 30 25 42 40 31
19 39 18 35 21 24 1 31 23 6 30 18 3 34 39 28 40 16 13 21
23 17 23 43 28 20 8 23 6 9 30 26 25 22 34 1 31 30 22 27
15 15 16 11 1 6 1 7 15 19 9 20 11 16 19 12 14 11 17 1
5 6 6 6 1 3 1 7 6 5 3 6 1 1 14 2 9 4 6 1
16 35 36 45 33 26 16 35 24 20 35 17 13 34 44 27 35 33 25 31
29 54 47 55 38 46 14 53 38 25 41 36 25 46 59 31 62 36 36 39
28 28 33 28 21 7 3 20 22 20 24 28 25 27 39 19 28 14 21 7
24 27 31 26 18 20 5 23 25 22 18 30 31 34 43 10 35 23 35 14
5 13 18 10 6 7 5 8 17 13 3 9 13 18 22 4 7 12 17 9
23 38 53 50 27 11 11 14 23 33 44 47 33 48 38 24 32 38 34 31
36 46 49 50 38 18 14 27 33 27 44 32 33 53 60 27 42 33 37 32
20 35 33 32 26 9 18 15 20 11 30 13 22 40 34 18 28 29 25 32
20 22 35 44 30 16 13 28 19 19 29 24 27 30 39 15 41 31 20 19
1 5 1 5 1 1 1 4 1 1 1 1 1 5 7 5 6 1 1 1
39 50 55 53 35 32 9 29 39 26 46 45 33 54 53 47 27 32 40 32
6 10 6 7 1 1 1 1 7 1 7 1 1 19 6 9 6 2 1 1
5 22 25 28 11 4 5 13 7 13 11 20 10 23 22 15 25 27 17 9
19 34 36 33 17 21 5 21 23 19 26 24 27 46 42 17 21 19 30 20
19 20 34 25 12 8 11 7 24 22 12 19 26 26 27 16 9 22 26 17
5 10 11 20 8 10 7 11 3 1 11 6 11 7 17 1 10 16 9 14
8 4 13 14 8 1 5 4 5 8 7 6 13 12 11 1 9 13 6 6
19 41 62 60 27 20 27 30 43 32 44 41 42 55 45 24 39 55 38 36
17 9 18 14 8 2 1 4 8 9 19 12 10 24 17 6 9 4 10 4
15 24 50 50 22 24 18 32 31 37 43 40 32 48 39 24 30 37 27 37
35 41 53 46 33 23 18 27 32 39 45 43 30 61 45 36 36 30 43 41
8 17 14 23 7 15 4 15 7 11 26 19 7 20 19 5 25 27 13 21
22 29 21 33 20 18 2 20 16 13 31 21 15 48 34 24 33 11 13 19
13 14 19 14 10 1 4 5 11 8 9 8 15 16 19 11 9 10 7 5
12 13 18 18 7 10 1 12 13 12 18 13 9 21 18 7 15 15 12 5
2 4 9 13 2 9 1 8 2 3 14 5 3 18 7 1 8 10 6 3
6 9 12 16 7 8 1 8 6 9 14 7 8 17 9 5 13 14 7 10
8 8 13 11 1 6 4 5 14 13 3 12 7 13 14 5 15 12 7 5
35 41 45 41 30 10 12 17 33 16 30 26 31 34 52 23 36 31 30 25
6 8 14 12 5 1 2 3 5 7 4 4 10 11 16 5 8 10 6 3
18 20 42 39 13 25 25 29 28 47 41 48 34 54 27 21 24 49 48 31
22 40 30 35 23 18 8 26 23 26 28 22 12 30 38 36 36 19 19 21
3 4 6 5 1 1 1 1 4 3 1 4 1 4 7 2 8 6 1 1
14 10 18 18 4 4 1 4 8 8 9 12 9 20 14 9 7 10 10 1
17 21 11 23 14 15 1 18 5 5 25 13 9 17 21 7 19 15 14 13
30 36 57 42 24 21 18 16 35 32 44 46 37 69 36 34 15 41 49 35
37 49 45 53 34 29 28 30 37 39 50 57 43 48 53 14 64 56 52 45
1 11 7 6 3 5 2 7 9 4 3 1 7 19 14 5 8 7 6 3
1 9 5 7 3 1 1 3 4 5 1 4 2 15 6 7 11 5 4 1
9 28 24 29 12 9 9 18 19 20 19 17 13 26 26 22 32 25 13 16
5 17 8 12 3 17 1 17 13 6 9 8 10 24 19 6 20 9 14 7
5 13 8 15 3 6 3 9 4 6 9 10 6 10 13 6 19 15 5 5
8 19 9 21 5 20 1 20 12 8 16 15 7 19 24 1 27 15 14 13
11 11 10 14 1 8 1 9 9 10 9 13 5 12 18 8 10 9 12 6
18 14 23 14 10 1 1 1 8 11 13 12 18 23 24 10 9 6 11 6
1 5 12 11 1 3 1 4 1 5 12 6 5 15 5 2 8 14 6 4
20 24 19 25 11 17 1 15 15 18 22 26 14 34 22 21 16 13 22 13
15 13 20 24 7 4 1 6 5 11 11 20 11 18 19 5 19 17 10 4
24 20 40 26 15 3 2 6 14 26 21 35 26 38 26 19 13 23 30 9
14 25 29 30 18 11 8 20 20 20 20 16 15 19 32 21 28 23 17 13
12 9 23 16 6 4 9 3 12 24 7 20 21 29 16 7 14 20 23 8
14 20 21 27 6 7 7 8 13 25 18 31 20 21 21 7 27 24 21 13
41 59 45 63 44 48 20 52 38 24 58 47 43 51 71 23 70 35 37 53
19 41 44 40 27 38 15 48 46 35 41 28 24 47 48 27 43 35 41 31
41 57 61 71 48 31 24 44 40 37 51 50 43 40 75 34 62 42 36 44
36 45 55 39 29 16 6 20 35 33 38 43 36 60 47 39 29 31 42 19
1 4 14 10 3 6 4 5 6 8 7 8 8 18 9 5 8 16 9 5
19 30 33 27 21 28 1 29 25 12 34 23 24 48 38 8 33 23 33 31
12 12 17 16 10 3 4 6 8 5 14 6 13 14 18 8 11 12 4 9
7 19 18 5 1 9 1 8 20 14 9 14 9 31 17 9 9 9 19 5
5 9 20 23 12 11 4 15 5 9 20 11 11 16 19 7 18 21 11 15
5 8 8 3 1 1 1 3 7 12 3 8 2 10 11 3 7 5 10 1
11 21 15 9 7 1 3 6 12 11 13 13 6 28 17 18 17 16 12 10
6 7 29 25 4 16 11 21 20 29 28 27 19 33 13 9 13 30 27 21
36 32 47 38 28 19 19 24 29 35 42 43 41 62 37 11 46 39 45 25
21 29 29 42 23 18 10 18 12 13 26 23 19 37 32 19 24 26 24 24
18 18 16 28 17 10 1 16 7 11 17 24 17 29 25 9 28 17 19 6
13 13 23 22 12 2 8 3 9 9 7 10 18 19 21 9 7 14 10 9
19 19 38 34 23 6 14 15 19 26 16 23 26 25 34 17 35 31 24 10
39 42 53 49 26 12 14 19 27 23 39 42 40 49 47 27 35 23 23 31
9 6 14 17 7 3 3 4 3 6 9 8 11 12 15 1 9 14 9 5
13 25 22 27 20 24 7 29 22 19 26 19 5 34 33 23 28 14 17 21
10 14 22 21 11 9 10 8 15 14 12 16 15 28 25 1 19 28 25 14
39 37 30 55 37 31 4 37 16 11 44 38 22 38 46 24 44 26 24 30
9 9 17 19 10 7 7 8 6 10 14 10 15 21 15 4 10 15 13 9
45 52 47 47 25 31 12 31 40 42 36 61 46 58 47 26 47 43 64 31
1 7 6 6 1 6 1 4 8 4 4 5 4 15 6 5 10 11 5 1
25 36 27 46 27 33 12 34 20 17 38 33 23 34 41 11 43 39 27 35
5 9 14 16 4 4 3 5 3 9 7 10 9 16 8 9 11 15 8 8
2 8 14 6 4 1 1 5 8 11 1 7 3 12 12 8 7 9 9 1
3 7 6 6 1 4 1 3 9 9 3 6 4 17 8 1 10 9 7 1
23 34 31 18 18 14 10 20 34 26 18 25 15 39 38 28 32 16 29 17
33 64 43 57 43 47 20 52 34 24 49 31 25 58 61 45 54 33 41 40
33 57 53 35 23 22 1 25 45 36 22 49 41 58 48 40 40 29 50 26
18 28 46 37 22 3 17 10 22 30 34 38 34 55 34 12 37 38 31 31
15 30 33 35 19 13 10 21 20 24 31 26 21 49 32 20 26 30 30 27
14 36 34 34 21 28 11 31 27 17 37 21 24 56 37 23 30 26 29 37
16 16 36 30 16 2 7 14 11 15 23 26 21 23 28 4 28 23 10 13
11 14 22 17 10 6 1 12 11 17 20 13 9 24 19 10 16 15 15 9
9 15 14 19 6 5 1 4 1 2 13 8 10 21 7 12 4 9 7 7
17 19 34 28 16 9 9 15 16 22 27 26 22 31 29 5 12 28 29 18
25 32 30 31 18 16 13 17 19 17 28 27 13 39 23 28 30 16 21 20
35 50 49 36 29 31 7 34 42 22 29 40 43 43 59 15 38 36 52 33
34 48 53 35 35 19 10 31 41 18 28 34 40 58 57 26 47 18 33 31
16 14 20 16 6 1 1 1 7 8 9 12 13 21 13 12 3 7 8 1
8 29 20 28 15 26 8 31 23 22 18 23 20 39 34 14 47 24 24 21
9 15 14 20 5 20 2 22 15 15 29 24 6 27 16 3 15 26 24 19
10 3 20 15 2 2 5 1 11 20 4 19 20 22 12 1 19 18 16 4
38 43 35 50 34 35 15 31 24 21 47 33 24 58 42 38 38 10 24 31
9 12 16 24 10 4 3 7 1 1 13 8 14 16 17 8 13 12 2 7
11 19 19 27 11 13 11 14 12 15 18 25 14 9 23 1 29 32 18 19
5 3 13 10 5 1 1 2 1 5 10 5 7 13 6 1 2 6 6 1
18 14 30 22 12 4 11 6 8 26 18 26 26 32 24 6 22 27 27 7
20 23 22 29 14 13 4 16 12 9 21 18 13 26 23 16 18 18 15 11
39 54 49 48 25 27 6 23 43 30 34 39 41 47 55 40 29 27 35 34
15 40 35 33 22 14 14 22 34 21 29 17 18 29 36 26 41 30 19 23
17 26 27 30 20 14 1 24 17 19 35 21 4 28 30 15 34 27 25 15
1 4 8 10 1 1 2 2 1 1 1 4 5 11 7 6 4 9 2 3
19 30 34 19 16 9 9 18 29 32 18 23 16 27 35 27 23 24 30 8
10 23 16 24 16 15 10 19 17 6 17 10 13 20 30 12 20 20 12 18
8 11 7 15 4 9 1 10 6 11 17 12 5 18 15 6 20 11 10 10
47 53 53 61 32 27 13 30 35 39 44 64 52 56 58 25 54 35 51 35
1 1 1 3 1 1 1 2 1 1 1 1 2 3 6 1 3 4 1 3
14 11 14 11 1 8 1 7 16 9 8 11 12 10 19 6 10 6 10 1
27 31 44 37 25 7 12 17 23 17 21 28 31 44 42 17 23 19 24 15
39 54 45 45 37 33 18 39 45 38 42 34 24 45 57 50 49 21 35 35
1 14 18 14 7 3 5 6 12 8 3 6 10 21 17 3 14 20 11 9
15 9 23 29 20 9 8 14 6 10 21 14 22 28 26 6 16 10 9 18
8 15 12 11 5 6 1 10 11 14 9 11 7 18 17 12 13 12 12 7
17 11 25 21 11 9 7 8 16 13 13 13 21 18 23 10 7 13 14 11
28 38 67 51 25 17 22 29 50 47 48 46 41 44 49 32 39 47 40 33
42 50 50 55 31 33 25 27 35 47 40 58 42 62 42 37 49 39 48 35
18 26 37 22 10 17 3 19 33 29 17 26 28 35 38 18 20 19 34 20
2 3 7 8 1 3 1 4 6 6 2 5 1 10 9 2 11 8 4 1
5 5 8 8 5 1 4 1 4 13 6 11 11 20 4 5 9 8 12 1
30 37 37 43 17 21 10 20 29 24 32 36 32 34 41 23 33 24 23 23
25 30 33 38 21 10 16 13 19 10 21 20 25 25 34 17 24 29 24 21
22 30 32 42 21 27 7 33 20 22 39 39 14 36 30 23 28 36 35 28
10 20 19 20 13 15 4 15 15 10 21 12 22 43 27 9 28 15 19 18
49 57 50 59 44 40 18 35 38 20 48 44 33 35 58 47 39 45 46 34
7 14 10 13 2 7 1 5 7 12 12 12 2 31 10 12 10 7 11 7
6 4 11 9 1 7 4 6 11 10 5 7 7 16 11 5 6 9 8 5
6 8 8 5 1 8 1 7 15 14 2 10 6 20 15 3 13 5 15 1
33 30 49 35 32 15 20 18 32 28 38 32 29 53 42 19 31 28 35 31
1 13 5 3 1 4 1 4 7 2 3 1 5 20 9 7 6 6 4 1
6 11 10 10 3 5 2 8 11 5 7 6 6 12 17 6 10 7 5 3
22 15 27 21 14 4 11 7 13 25 25 24 23 37 14 7 22 21 26 14
12 14 32 13 7 2 9 1 22 30 6 28 23 28 23 7 14 30 33 12
29 33 37 31 22 10 1 19 26 30 24 36 25 33 42 23 32 26 35 7
7 5 12 6 2 3 1 2 11 4 3 3 10 18 11 1 5 5 6 1
3 8 16 17 4 3 3 6 4 12 5 12 7 15 14 7 12 17 10 10
19 25 53 47 23 10 21 19 31 37 37 47 38 40 40 9 36 42 31 30
22 30 22 20 14 10 3 18 21 15 20 22 5 17 33 20 31 14 18 14
4 9 9 11 6 4 1 9 7 9 5 6 6 12 13 8 15 9 8 1
26 40 29 42 27 25 13 27 17 19 36 31 21 32 47 19 40 37 30 40
20 18 28 18 7 8 5 9 16 22 16 21 20 20 25 14 12 19 22 8
15 11 20 17 7 4 1 8 12 18 9 20 12 17 21 8 19 13 17 1
22 27 35 27 10 1 9 5 21 23 7 27 25 16 28 24 17 19 18 13
2 3 2 8 1 7 1 8 3 2 8 3 4 7 7 1 9 9 2 6
8 13 23 29 6 20 9 24 15 30 29 39 15 36 15 11 24 39 37 23
10 26 18 26 17 17 3 26 16 12 23 11 7 19 33 20 27 18 13 15
3 4 9 7 3 1 1 3 2 7 4 4 6 8 6 2 7 9 7 2
9 12 8 13 7 8 1 13 11 11 9 13 4 13 19 6 19 11 12 5
10 6 20 10 3 1 2 1 12 18 1 16 16 13 15 4 9 15 16 4
15 17 24 21 5 6 1 5 16 11 8 18 17 30 18 9 17 8 11 2
24 33 45 45 27 14 5 20 17 12 31 35 27 45 35 23 33 31 22 14
5 5 17 9 1 4 4 4 13 25 8 23 12 37 8 3 19 24 25 2
9 19 35 30 7 18 11 25 29 25 26 30 18 38 23 19 13 31 27 18
20 17 20 31 22 19 13 19 11 24 30 23 20 45 21 16 28 15 19 19
22 37 28 47 26 26 20 24 23 32 43 44 32 27 41 10 51 45 36 40
32 38 23 39 26 24 7 26 15 12 31 36 20 32 33 17 34 30 32 19
29 43 47 35 27 20 8 27 38 27 41 33 17 56 34 37 29 24 36 24
15 13 21 27 17 15 4 17 8 18 22 18 17 28 28 13 24 16 16 17
5 9 15 22 10 9 8 9 8 9 12 8 14 21 17 1 14 19 16 15
2 6 11 11 1 2 4 2 5 17 4 15 8 15 7 3 16 17 10 8
2 11 5 11 1 2 1 6 5 1 2 4 1 14 9 10 7 1 2 1
11 10 20 15 4 3 1 4 7 12 17 13 8 23 15 6 14 20 12 7
5 3 15 16 4 6 3 7 4 12 10 10 9 13 7 1 11 17 10 9
6 13 9 8 1 5 1 4 10 7 3 8 4 24 9 9 8 8 9 1
18 31 30 29 19 12 9 18 21 19 17 24 18 27 37 17 22 28 28 16
27 30 25 32 24 18 6 23 13 19 31 30 22 34 37 14 34 33 30 20
5 16 7 5 4 8 1 8 11 6 9 5 8 21 13 8 15 13 8 6
9 30 19 29 13 26 3 26 13 9 24 16 16 37 34 10 38 21 21 27
7 5 13 11 7 1 4 1 4 7 8 4 12 11 9 4 7 11 7 6
14 27 28 37 25 11 7 20 13 7 25 9 17 28 30 23 23 17 7 15
11 11 9 13 4 10 1 11 9 11 16 10 6 15 15 9 10 7 10 9
28 31 25 37 29 18 5 27 15 3 31 23 26 33 44 7 32 20 19 21
18 48 36 52 32 18 18 22 20 11 34 22 23 41 43 32 38 33 15 36
14 16 21 15 8 6 3 12 18 18 8 15 15 8 25 14 14 9 16 9
29 35 51 36 21 14 16 15 35 24 31 30 40 44 45 9 32 39 39 27
9 9 7 20 5 10 1 11 3 2 14 10 1 13 12 3 13 11 7 7
6 9 10 8 2 1 1 1 3 4 8 4 6 15 6 6 11 10 2 6
10 7 16 10 4 7 2 9 9 16 13 18 6 13 18 1 12 23 19 9
59 57 50 55 45 23 13 36 26 11 55 52 41 53 61 30 44 26 39 38
12 31 29 37 14 13 10 17 13 23 25 31 15 25 34 16 31 29 22 24
17 32 29 35 20 22 14 29 26 22 24 28 29 40 30 7 48 35 32 19
20 41 51 39 29 15 24 28 37 42 34 38 26 53 40 33 44 50 44 33
20 44 42 34 27 22 8 29 39 9 19 15 34 42 46 22 30 19 26 25
35 35 32 44 31 29 12 31 19 19 43 31 19 36 45 26 40 23 25 37
33 47 38 64 43 28 11 30 15 12 43 37 31 52 50 26 46 38 29 36
19 47 26 40 20 20 17 20 25 9 26 25 30 34 45 9 43 39 28 33
25 42 49 55 31 39 18 49 41 31 50 34 29 53 45 33 38 41 40 33
17 28 23 32 19 16 10 6 9 1 26 15 19 34 25 23 9 24 17 24
11 17 13 21 12 12 8 13 5 4 17 11 12 14 20 6 15 21 14 15
13 19 14 25 13 17 4 17 9 4 16 13 14 19 25 6 17 19 16 14
19 38 24 35 14 32 9 31 23 17 27 27 18 41 39 21 39 16 20 29
20 18 27 26 13 6 7 8 12 12 14 17 22 23 28 14 11 12 12 10
12 5 20 20 10 3 2 6 2 8 13 12 15 19 18 3 11 14 8 4
42 50 63 55 43 26 25 35 36 47 54 54 41 64 63 39 54 36 44 50
28 31 33 26 16 10 5 15 28 39 17 42 24 34 37 25 30 28 43 11
21 24 37 35 21 20 7 21 24 28 32 32 29 46 39 12 27 29 34 24
10 11 10 7 3 1 1 1 10 7 8 6 6 17 9 10 4 4 6 3
7 7 12 11 1 6 3 7 8 8 9 7 8 7 14 3 8 10 7 7
7 14 32 27 11 4 9 7 14 20 18 19 18 31 18 5 12 30 21 23
18 21 25 19 11 8 3 4 10 15 14 26 13 28 19 21 11 23 23 9
39 31 56 54 31 25 24 36 27 43 58 61 39 66 41 23 47 48 50 42
2 8 5 7 1 1 1 1 3 1 1 3 2 17 1 7 1 1 1 1
27 36 25 27 20 9 15 13 20 18 23 22 22 31 41 12 28 31 34 24
21 31 37 23 11 16 6 23 33 33 14 34 29 33 41 18 37 29 41 8
2 10 18 12 3 8 5 6 13 11 5 12 12 25 12 6 14 22 13 8
8 6 9 6 1 8 1 6 14 16 6 13 9 20 12 5 10 10 13 7
17 20 16 27 20 13 14 14 13 7 17 14 18 21 28 4 19 26 24 22
13 21 21 13 8 7 4 11 23 17 7 13 14 18 25 19 10 10 15 9
1 12 7 7 3 1 1 5 7 3 4 1 1 13 12 8 12 9 2 1
7 10 6 8 1 1 1 1 6 4 10 3 1 23 4 9 4 1 2 4
24 45 30 39 30 25 10 32 27 13 32 22 19 35 47 21 40 39 32 23
21 23 24 22 6 8 1 9 16 27 10 34 17 18 26 12 22 23 29 12
10 22 26 21 10 27 1 27 24 18 20 24 16 40 33 10 30 21 28 24
1 1 4 4 1 1 1 2 4 3 2 1 1 6 6 1 3 4 1 1
11 14 25 23 9 2 5 2 5 7 9 15 13 18 17 9 8 21 15 6
3 11 11 16 5 14 1 13 7 9 20 7 4 27 16 5 13 12 9 13
7 5 11 11 4 5 1 6 6 8 9 5 7 9 9 1 6 8 6 5
22 38 27 33 23 19 5 20 12 13 34 26 9 41 28 34 31 21 20 27
12 19 30 24 12 1 10 1 12 15 15 16 20 35 21 9 15 26 14 15
40 57 55 65 40 27 31 31 38 43 47 60 48 55 62 22 61 64 61 49
26 23 29 34 20 10 5 19 16 23 20 35 22 28 34 15 39 26 26 8
8 9 18 11 1 1 6 4 12 18 4 16 8 13 13 5 15 18 12 7
35 43 41 31 31 17 26 21 41 31 33 28 30 46 49 22 35 30 42 38
14 21 20 17 2 2 5 2 16 13 13 18 11 21 15 16 16 14 8 13
33 49 51 41 27 34 15 29 39 32 38 55 38 71 44 30 39 41 60 27
11 21 33 23 17 7 9 11 26 14 14 11 19 25 32 9 14 21 22 19
3 6 8 11 1 7 1 8 2 6 9 6 5 10 9 2 8 11 8 5
5 9 5 14 6 6 4 7 3 2 6 6 7 12 14 4 9 14 8 8
25 39 25 24 18 21 7 28 32 28 21 32 22 31 43 22 41 29 37 10
32 39 28 37 20 29 4 29 31 21 25 37 29 28 49 18 34 29 38 28
7 21 25 19 12 11 1 18 18 13 17 13 19 41 24 10 23 12 19 6
10 15 15 19 6 8 5 11 6 7 10 13 8 13 19 12 15 18 10 9
15 22 13 12 3 8 1 7 14 16 14 21 5 38 18 15 19 11 21 4
22 35 27 28 20 11 1 19 27 18 24 14 15 30 37 32 22 6 17 15
1 11 9 15 5 6 3 10 7 4 6 4 6 15 15 9 10 9 5 7
10 8 14 13 10 1 1 1 4 7 12 8 14 20 11 5 8 8 6 4
37 51 49 60 49 28 24 39 31 27 55 29 29 53 62 23 51 44 39 42
2 2 9 7 1 2 1 2 3 12 4 10 2 12 5 1 9 11 10 3
10 16 20 29 15 12 1 17 14 9 19 13 12 25 27 8 27 8 4 11
21 24 20 28 15 25 2 25 19 18 23 24 22 33 36 10 29 18 29 17
38 55 48 53 36 23 25 30 42 33 39 38 39 46 63 26 52 41 44 45
25 32 35 40 30 31 3 41 25 17 38 30 23 45 49 13 41 17 28 27
20 40 37 56 35 28 18 36 25 27 40 31 24 28 47 23 53 44 30 34
11 28 19 25 13 9 1 14 9 5 19 11 6 22 21 24 18 20 12 5
5 15 14 10 5 19 1 19 19 1 6 5 16 19 22 1 17 1 11 13
31 38 49 50 33 30 11 40 35 30 37 37 32 39 57 24 51 36 35 26
28 42 45 48 27 24 7 30 30 29 30 41 34 53 47 32 49 25 32 20
15 25 21 13 8 12 9 11 26 22 16 23 14 34 25 12 30 17 20 17
44 39 43 47 41 23 19 30 22 24 46 45 37 49 53 13 48 39 45 39
17 27 20 20 12 16 4 21 24 12 14 17 14 16 34 13 24 17 19 10
11 17 23 24 12 10 6 10 8 15 23 13 13 26 20 12 21 21 10 21
9 13 16 15 7 13 3 14 12 20 16 23 14 33 17 3 26 23 28 6
12 17 21 15 10 1 1 10 17 9 6 8 12 8 23 17 11 6 7 1
28 44 42 43 31 23 15 28 28 24 30 27 24 45 45 37 28 19 25 28
13 10 22 15 5 12 1 12 17 15 17 18 12 22 20 4 12 19 20 9
5 2 21 19 10 3 2 4 1 12 16 13 13 25 12 1 10 18 13 11
14 24 18 21 14 6 1 15 13 7 20 12 2 21 23 18 28 10 9 10
4 7 17 18 7 1 6 1 8 6 2 6 13 20 11 2 6 16 6 10
19 30 33 14 9 13 4 12 30 19 16 21 24 37 30 14 28 16 24 17
19 19 15 25 13 19 3 20 11 14 22 26 11 16 26 1 27 30 23 19
10 33 22 30 17 23 7 26 18 20 28 21 17 51 35 22 32 22 25 24
25 56 65 58 35 37 26 44 58 52 48 54 44 47 63 29 64 57 58 44
10 16 30 20 8 9 9 11 22 24 15 26 18 42 17 11 10 26 31 16
10 2 13 16 7 3 1 7 1 3 13 7 9 12 14 1 11 5 2 2
1 6 4 8 1 2 1 6 2 1 4 1 2 3 13 1 7 5 1 2
19 42 50 48 24 21 20 34 42 45 49 46 25 46 41 29 49 49 43 36
4 8 7 6 1 1 1 1 5 3 6 1 3 14 12 5 5 5 1 3
15 11 20 23 9 16 3 15 12 14 19 24 9 15 21 3 20 29 21 16
15 22 12 29 12 18 7 18 11 17 21 30 18 24 24 5 34 33 22 22
47 42 54 51 40 22 26 34 31 37 49 51 45 59 53 33 52 23 36 43
33 37 40 41 26 13 12 6 22 6 30 22 32 49 39 20 23 30 28 20
6 12 11 7 7 5 3 9 17 8 1 5 6 15 18 11 13 10 5 4
15 19 31 25 11 10 1 16 17 19 22 28 23 49 23 11 23 21 27 8
17 26 23 26 18 10 4 18 17 16 22 22 13 27 33 13 33 28 24 15
7 11 12 16 6 10 4 11 9 6 9 10 9 14 16 6 18 18 9 6
5 7 10 6 4 1 5 1 6 15 4 11 10 18 11 4 8 12 13 6
3 4 4 5 1 1 1 1 3 1 5 1 2 7 6 1 4 3 1 1
1 8 9 3 1 5 1 4 10 8 1 4 8 21 12 2 7 7 10 1
37 39 45 52 36 27 8 30 18 27 57 49 31 66 43 28 37 40 44 39
23 31 54 51 34 17 25 20 28 43 43 51 45 46 49 14 49 43 36 41
1 12 7 11 6 6 1 12 11 1 2 1 6 6 20 4 15 10 2 2
31 38 51 56 37 27 15 28 23 20 40 45 42 64 46 30 44 38 35 28
37 35 56 43 32 6 17 22 27 38 29 46 46 42 51 24 36 29 39 19
16 22 29 21 12 4 6 9 17 15 10 17 20 17 31 12 15 21 20 8
15 19 32 19 5 3 3 8 19 31 10 32 19 18 29 13 21 25 29 10
4 15 28 25 3 9 8 11 16 21 14 25 17 33 16 7 19 30 19 15
20 46 43 51 31 23 24 22 33 33 38 43 36 34 55 9 50 52 46 42
20 25 25 30 17 10 14 15 16 23 14 31 23 29 33 14 32 32 31 15
4 11 14 19 5 9 7 9 9 17 10 16 10 24 15 7 19 20 11 15
32 44 47 55 35 24 22 30 30 36 37 46 39 52 45 15 53 52 49 33
25 43 51 37 26 26 28 29 46 38 37 40 39 75 41 26 43 42 56 42
19 20 29 34 25 6 15 21 5 11 29 24 32 37 31 8 29 14 15 21
3 1 12 8 4 1 1 1 1 3 6 3 7 12 8 1 6 8 3 1
13 9 21 13 3 2 2 3 12 16 4 16 13 9 14 11 11 14 13 3
11 21 27 27 8 10 14 11 17 35 21 35 21 35 20 13 31 31 27 19
9 11 26 24 10 5 9 6 5 13 13 15 17 18 17 6 15 26 12 11
30 35 33 40 29 17 12 20 15 11 32 28 27 32 41 11 28 37 31 24
1 5 5 9 1 5 1 6 5 2 4 5 3 8 10 2 14 11 1 3
12 10 16 19 9 8 6 9 8 7 10 11 12 11 20 5 14 19 11 9
10 29 27 32 23 8 12 16 23 9 17 6 15 32 34 15 22 23 17 21
8 14 13 12 9 1 1 6 6 4 11 4 7 15 11 10 13 9 5 3
12 15 32 33 11 6 9 9 4 22 20 32 22 37 19 7 25 35 27 16
21 36 44 25 20 11 9 22 38 33 29 29 20 41 41 30 25 29 37 24
34 41 58 49 38 13 28 20 38 34 45 38 38 57 50 14 47 41 39 43
3 12 8 2 3 2 2 4 6 17 9 14 7 28 8 7 16 17 17 2
5 7 20 12 6 6 8 5 13 23 8 21 14 29 17 3 18 28 23 10
5 13 20 17 7 8 1 17 16 16 15 17 7 20 18 6 15 21 19 9
27 38 38 36 24 26 13 28 28 27 35 37 27 52 47 12 48 39 48 33
14 19 26 13 11 8 8 13 18 22 26 20 10 30 21 14 15 21 23 23
12 39 37 38 29 33 13 39 34 14 22 15 27 34 44 24 47 27 23 32
8 11 11 11 1 6 1 5 12 14 1 13 5 25 11 10 11 7 12 1
7 16 20 22 7 1 3 4 5 12 7 18 14 32 10 13 21 19 15 1
32 29 36 29 19 6 4 11 19 12 28 24 25 37 34 25 17 10 17 17
39 58 70 59 33 18 23 22 50 48 45 56 52 69 56 39 43 51 58 46
6 15 15 19 11 7 8 8 7 8 16 6 11 21 23 1 13 19 15 17
16 21 14 30 9 14 1 11 1 11 20 30 12 30 14 11 25 26 25 11
9 16 23 21 8 4 1 7 8 21 15 21 14 28 18 11 19 17 15 10
30 32 33 31 21 20 9 6 25 8 24 28 25 32 29 32 10 19 24 18
37 55 55 54 33 18 20 25 41 46 43 46 34 51 50 44 54 37 42 30
4 6 12 7 3 1 3 4 8 8 1 5 7 9 13 3 7 11 6 4
13 12 25 29 17 4 5 15 8 6 15 15 19 18 24 8 27 16 3 9
43 49 46 62 45 34 22 28 24 17 49 39 36 50 53 26 36 50 47 47
6 11 8 9 5 1 1 6 7 12 8 10 7 17 11 7 15 10 9 4
8 20 20 31 20 13 4 21 9 5 24 6 13 24 27 16 24 17 6 15
16 20 25 34 19 4 1 12 7 1 16 16 15 23 25 15 21 18 8 4
13 29 24 29 11 13 4 19 21 16 17 21 10 27 28 22 27 18 13 13
4 3 7 4 1 1 1 1 5 7 1 3 4 7 9 4 4 8 5 2
1 3 3 5 1 1 1 1 1 1 1 1 2 8 2 2 5 7 1 1
15 36 47 45 24 21 22 20 27 33 30 40 44 57 32 9 48 40 39 33
12 18 24 14 6 1 7 1 15 17 1 16 17 25 18 12 6 16 20 8
30 39 55 52 37 6 24 16 19 23 35 39 44 63 39 20 42 42 35 28
5 6 6 10 3 7 1 8 1 5 7 6 5 7 10 3 12 13 8 4
22 31 25 42 28 18 2 30 12 13 37 22 11 32 36 21 42 23 20 16
29 33 55 52 32 15 34 17 33 40 40 46 50 58 40 1 51 60 50 34
36 41 44 56 37 32 13 41 19 17 39 49 46 59 49 12 61 35 41 34
5 6 8 9 1 7 4 8 9 6 7 4 7 8 13 4 11 12 5 8
24 41 28 46 23 24 7 21 16 9 35 29 16 36 36 31 32 24 14 26
21 34 26 23 21 16 10 24 31 15 25 13 7 27 37 30 30 17 17 15
8 18 24 10 6 19 3 19 23 22 8 24 22 38 24 2 30 20 32 14
25 21 36 18 9 1 1 3 17 29 24 35 22 45 21 19 14 18 31 8
21 27 36 19 5 1 3 5 25 35 15 37 21 34 24 24 11 24 32 15
15 16 19 23 9 7 6 9 7 18 18 21 19 32 20 11 26 22 16 8
36 50 51 37 38 19 26 28 46 31 32 24 30 36 54 39 39 36 38 31
1 4 11 7 1 1 2 2 4 6 4 3 6 11 9 1 5 13 5 5
26 28 40 20 8 8 4 11 33 32 26 33 19 46 25 25 12 17 33 16
4 12 7 7 1 1 1 1 2 3 5 5 1 16 4 9 3 5 4 1
41 44 50 57 41 33 15 27 22 23 55 44 32 72 51 34 32 31 39 40
30 37 50 38 25 25 6 37 36 36 39 46 41 61 50 17 46 22 46 24
38 44 51 53 38 13 23 23 27 29 41 37 45 62 54 25 48 36 35 40
22 37 42 50 34 28 26 27 25 24 35 25 34 52 43 21 40 30 28 40
6 11 15 12 4 4 1 9 9 14 13 11 3 17 14 6 12 11 12 4
11 12 30 20 13 5 6 8 17 18 15 17 17 31 25 8 10 19 19 11
25 42 54 58 32 17 27 31 36 39 39 49 40 48 48 13 52 66 52 41
28 38 36 37 23 21 7 28 28 35 36 31 20 44 43 33 42 28 34 15
16 22 23 18 8 6 1 12 21 16 8 18 11 22 27 17 14 6 18 1
32 49 38 54 38 39 21 41 33 18 37 31 35 40 62 17 55 44 40 47
30 49 45 52 31 30 14 39 37 31 43 40 37 47 60 23 64 39 37 31
13 18 20 17 1 15 1 14 18 19 12 23 14 19 24 4 20 18 23 9
4 4 9 17 4 5 1 8 1 1 10 3 8 4 12 1 12 11 1 5
1 8 10 6 5 1 1 6 6 9 1 5 1 10 9 6 10 8 9 1
7 5 11 15 7 5 1 6 7 1 8 5 12 23 12 2 14 5 2 1
18 42 33 46 29 20 21 24 23 17 38 23 24 38 44 24 43 30 20 41
13 21 25 34 20 20 13 22 8 25 30 28 18 40 30 8 31 33 31 28
11 22 16 33 14 23 7 22 10 9 21 16 10 32 21 19 28 11 7 21
28 22 23 31 20 14 2 21 7 10 29 26 18 23 32 7 25 17 18 15
21 33 40 38 15 14 22 14 26 36 21 45 35 45 33 11 43 44 42 20
34 35 37 39 29 15 9 23 20 15 39 32 23 54 36 29 33 11 20 23
9 19 8 10 5 9 1 5 10 5 6 11 8 29 11 14 9 8 12 2
26 37 37 51 30 23 25 26 29 32 34 45 43 36 42 2 55 51 42 34
54 59 53 49 40 32 14 38 39 31 56 56 29 56 54 37 43 35 54 37
19 29 36 36 21 4 20 9 14 21 19 27 30 43 27 13 31 39 36 17
9 26 29 31 13 7 13 11 20 20 22 20 19 22 33 11 29 26 16 24
25 33 35 36 23 10 14 13 18 23 24 36 23 40 36 14 33 44 43 22
22 37 49 35 20 25 12 23 36 27 26 35 41 45 44 15 36 29 32 31
19 39 42 42 25 19 12 23 24 23 29 26 20 43 35 30 32 36 28 21
38 48 54 53 40 17 23 36 35 20 41 37 36 57 55 30 50 21 25 38
40 53 50 53 34 26 17 24 38 35 34 43 50 64 55 35 38 29 50 33
36 44 45 47 37 25 16 32 35 21 30 39 45 49 59 13 48 41 49 27
24 38 28 38 28 23 7 29 20 17 29 19 7 28 38 38 28 12 18 19
16 15 20 26 14 18 1 20 13 14 25 21 9 21 25 9 24 23 19 15
24 37 36 40 21 19 13 16 17 17 34 30 19 40 34 30 30 26 21 32
6 15 6 14 3 8 1 9 1 8 14 9 4 23 10 12 9 5 8 8
41 57 66 57 40 15 29 27 51 37 39 39 54 54 65 29 50 44 42 37
14 15 12 13 3 11 3 12 15 23 11 23 15 24 23 13 22 14 23 7
2 4 5 1 1 1 1 1 4 2 1 1 2 3 8 1 3 3 1 1
50 58 61 62 45 30 15 43 39 38 56 48 33 54 62 52 47 32 40 32
14 35 45 35 14 25 9 29 34 28 25 35 30 48 39 18 35 30 33 33
33 59 52 43 27 28 9 30 42 19 29 40 38 50 56 36 47 32 36 30
6 19 16 27 13 10 1 19 8 9 16 12 5 22 19 18 24 12 11 8
25 39 30 39 29 28 11 37 24 28 36 25 10 32 44 33 39 14 27 22
17 20 28 24 7 1 4 4 12 19 17 24 21 25 27 12 23 16 11 9
