1000 20 14 1125
10 13 0 3 12 4 10 13 10 1 5 9 1 8
2 3 3 5 1 6 3 5 2 2 2 1 3 7
0 8 11 5 5 2 4 9 3 5 2 5 2 14
2 1 11 10 9 10 4 3 3 4 2 3 0 6
5 2 1 1 7 12 2 0 2 2 26 9 1 2
12 11 4 1 11 8 4 2 7 8 11 7 11 3
4 2 2 0 19 14 11 6 22 9 13 1 5 3
9 0 1 16 3 5 10 5 10 10 10 6 1 3
2 3 2 7 1 0 3 2 8 0 6 4 0 1
5 9 1 5 0 12 1 3 8 1 4 4 2 0
15 13 13 2 3 3 3 8 4 6 1 0 15 12
9 18 15 7 12 13 2 11 3 12 3 12 8 3
2 3 4 3 5 6 4 7 8 1 0 3 3 3
1 6 15 6 1 2 14 9 16 3 15 2 6 13
8 5 8 8 8 14 16 17 16 2 8 6 5 11
15 14 0 5 5 10 10 2 9 9 1 10 1 2
8 4 1 4 10 4 3 3 8 1 5 10 2 2
4 12 0 7 5 7 12 12 8 3 7 6 2 5
8 5 2 1 8 12 7 5 4 0 7 2 13 9
1 4 1 2 16 0 15 3 6 5 11 4 11 0
3 2 1 1 1 4 5 2 0 2 1 5 2 5
3 7 12 3 6 15 2 1 3 6 5 5 2 5
4 7 7 10 0 11 12 10 5 10 6 10 10 2
1 0 7 6 2 2 4 3 3 3 3 3 3 0
8 11 6 4 8 6 1 14 13 23 7 11 13 4
3 4 0 1 1 1 1 0 6 2 3 2 3 3
5 6 5 9 4 0 3 7 8 19 10 13 4 15
4 2 5 3 1 2 1 3 5 8 1 2 13 10
8 5 6 5 9 4 5 0 7 12 7 1 7 3
8 16 2 23 2 8 5 5 3 7 6 13 12 8
1 0 4 1 10 9 1 14 8 6 3 1 2 5
5 1 3 6 1 3 5 5 7 8 6 3 2 1
4 4 8 3 9 3 3 1 12 5 4 12 7 9
3 0 6 4 1 0 0 2 0 3 1 1 6 2
1 4 5 1 9 6 4 4 5 2 6 9 6 4
7 24 2 0 1 11 5 5 19 7 4 5 8 2
9 0 3 24 14 2 3 15 2 15 1 5 9 3
2 5 1 5 0 1 0 0 0 3 5 0 3 8
6 5 1 5 2 4 3 4 0 1 11 1 3 1
11 4 6 1 1 1 4 3 1 6 4 3 1 4
0 11 6 3 10 7 13 4 0 1 4 9 14 5
4 6 0 3 1 9 21 7 11 3 2 10 8 3
6 2 1 7 2 13 11 4 0 13 1 3 5 8
5 9 16 17 1 5 2 7 3 10 14 7 6 13
2 10 12 13 11 11 5 5 0 2 15 4 3 12
1 4 1 4 4 9 12 1 0 9 2 3 8 1
1 2 7 16 9 5 7 4 14 8 18 3 13 1
10 2 3 9 1 17 18 4 6 8 14 5 2 6
9 10 4 8 9 1 5 4 0 1 5 3 2 17
4 7 0 7 8 13 1 4 3 11 7 4 6 0
4 10 6 3 17 11 7 8 0 12 8 0 16 6
0 5 5 17 9 17 15 3 12 6 7 8 13 11
2 8 5 7 4 2 2 10 4 19 0 4 6 4
7 2 4 3 6 0 2 1 1 2 5 5 1 2
9 5 5 7 1 2 8 1 4 0 0 3 12 3
4 0 10 11 9 5 8 4 1 3 6 0 2 4
3 5 13 9 11 15 3 2 4 2 10 7 5 8
17 9 5 7 7 1 12 3 0 11 3 8 3 16
3 2 1 1 18 2 1 1 2 4 12 12 9 11
3 5 0 4 1 3 4 1 2 4 2 5 6 2
13 1 6 4 3 29 3 1 0 5 4 1 2 9
4 6 2 3 4 8 5 4 8 4 1 4 3 12
1 11 1 5 8 9 4 13 3 10 10 18 2 4
2 7 1 6 3 8 4 5 4 4 3 3 4 5
6 2 3 8 0 8 9 6 3 17 13 6 4 2
7 4 12 8 8 11 4 15 5 8 3 12 2 2
9 7 8 1 1 3 0 13 3 2 6 5 5 1
8 7 2 7 1 5 8 5 4 2 3 3 0 8
6 1 2 2 1 0 3 0 2 0 11 2 9 3
14 0 5 10 7 2 3 6 6 7 1 6 5 12
4 0 0 3 0 2 4 0 5 3 2 5 4 6
4 4 1 4 9 1 1 7 4 5 1 0 0 1
4 1 7 9 3 1 12 0 2 2 7 1 19 3
1 2 1 10 4 1 17 5 2 5 9 7 10 2
2 2 0 2 4 3 5 7 3 2 1 5 6 7
5 11 8 15 3 1 4 15 11 16 3 2 13 8
3 3 4 9 3 5 2 5 8 0 3 1 2 0
4 3 4 0 0 7 2 0 9 1 1 12 6 12
3 10 10 7 4 15 4 1 10 10 7 2 5 8
12 1 7 3 12 1 7 3 3 6 10 2 2 16
6 5 1 26 9 9 4 7 7 14 2 5 4 10
1 4 1 4 0 0 2 0 6 2 5 6 4 1
3 18 9 0 17 2 3 2 5 7 10 18 4 2
4 4 3 0 6 0 1 4 1 1 2 2 3 1
0 8 5 7 2 8 1 0 4 2 3 3 1 4
2 1 5 5 10 6 1 7 5 9 4 11 10 2
5 23 8 3 17 3 12 6 8 5 3 3 10 4
13 4 5 0 4 0 3 2 6 1 2 8 11 8
12 3 7 5 4 0 2 6 6 1 4 1 1 3
2 11 3 5 10 3 1 1 6 2 4 7 7 4
1 6 3 7 7 16 12 9 9 3 9 5 10 3
2 1 7 1 6 6 1 4 5 0 4 10 9 3
3 10 13 2 3 2 3 10 11 1 4 9 10 8
2 0 0 9 4 7 4 9 2 5 7 4 5 2
3 6 7 2 9 3 9 11 3 1 3 14 11 5
3 9 3 0 4 4 0 26 7 5 5 19 4 9
2 9 2 4 10 1 8 11 6 2 9 5 0 1
9 4 17 2 3 1 1 9 1 1 12 1 3 0
12 3 7 13 6 9 14 12 1 7 6 1 12 5
2 6 4 7 2 10 11 12 4 3 9 16 8 5
3 6 11 11 2 10 13 6 10 2 2 3 3 2
2 3 2 5 8 7 1 2 1 1 2 6 10 1
9 3 2 1 7 5 4 3 3 8 3 9 2 1
5 6 3 6 24 0 10 3 7 8 4 9 0 2
3 3 4 8 2 0 1 4 5 2 4 0 4 1
4 1 4 12 1 3 14 13 3 1 1 15 11 6
8 1 7 2 0 0 2 3 2 6 2 6 2 2
7 2 2 2 2 6 2 8 1 2 7 2 3 7
5 5 1 1 7 8 7 2 6 7 13 7 6 3
5 0 0 3 1 2 1 5 0 6 1 3 1 0
5 1 9 4 4 6 8 4 5 1 15 2 9 6
5 2 6 4 7 4 3 4 2 4 6 3 0 8
15 7 5 0 1 6 16 12 3 3 19 14 6 2
3 12 9 9 5 15 13 11 2 1 1 15 8 0
1 4 2 1 4 1 1 5 2 4 5 3 2 4
19 8 7 11 7 9 8 16 3 10 9 11 8 5
9 1 2 12 1 13 6 21 1 2 3 7 15 3
6 9 3 8 0 7 14 12 1 10 8 9 3 13
11 0 12 7 4 16 10 0 1 1 11 1 17 4
6 4 12 13 13 20 8 2 11 3 8 7 0 5
4 1 13 0 10 4 7 6 0 3 6 17 5 5
4 0 5 5 1 3 6 2 1 5 7 3 3 5
1 2 7 4 0 6 14 5 8 0 11 3 1 8
4 4 1 0 0 10 1 4 1 2 1 1 3 6
9 6 13 8 2 11 6 11 4 1 8 13 6 7
8 4 3 2 2 3 2 1 1 7 1 17 6 3
8 12 1 2 18 10 8 12 13 4 1 8 13 13
2 1 2 4 7 1 2 4 2 3 10 1 1 4
2 3 16 3 7 11 20 9 13 5 2 13 2 1
5 7 12 8 2 5 1 13 5 6 1 11 5 4
6 2 3 0 3 6 3 5 8 12 5 4 8 6
14 10 4 7 0 5 1 7 5 9 2 1 2 3
0 2 1 4 1 7 10 13 16 3 0 6 2 7
5 6 1 1 8 7 7 0 2 1 0 5 3 0
5 8 11 4 2 4 2 14 2 7 8 2 2 5
0 12 4 1 1 2 1 7 6 11 1 4 13 4
4 4 1 3 5 2 3 8 12 11 11 0 2 2
0 12 2 0 4 2 3 8 1 6 2 2 2 1
4 3 0 5 14 3 1 3 16 17 2 2 11 4
2 2 7 5 3 2 0 1 4 2 0 5 0 2
2 4 7 2 2 2 2 4 7 3 2 9 3 3
6 7 5 0 6 3 9 14 7 9 20 2 5 11
19 6 16 6 4 9 1 15 6 3 8 5 1 5
7 5 6 4 1 3 10 4 7 2 2 6 3 8
4 5 2 2 5 7 3 3 7 12 7 5 5 2
22 12 1 4 5 6 12 5 3 4 10 2 1 3
17 4 12 0 15 8 3 3 5 18 6 6 9 6
6 14 8 5 6 13 0 7 4 6 5 10 3 5
1 1 2 5 2 3 2 6 2 1 3 0 4 5
8 7 7 5 11 8 4 3 7 0 8 1 4 5
1 1 24 3 7 9 9 2 13 1 2 8 11 1
2 6 5 3 0 3 1 2 0 1 2 3 4 2
0 11 17 4 11 7 6 2 7 16 16 10 5 7
4 12 3 4 3 8 6 1 10 2 0 5 4 10
3 4 2 0 2 1 4 3 6 3 1 2 2 1
11 3 3 10 1 6 2 7 5 8 6 23 8 1
2 2 2 0 0 5 2 22 8 3 15 6 0 3
3 6 6 1 1 0 5 9 1 0 3 0 5 4
0 6 13 2 12 3 6 7 7 5 6 0 8 2
7 11 7 5 3 9 8 3 19 0 7 2 12 1
7 5 10 25 4 7 0 3 6 9 4 3 6 9
0 10 12 9 8 5 2 10 2 4 0 1 7 20
2 1 5 3 0 3 4 1 0 5 1 4 3 1
1 4 7 1 2 7 3 5 3 2 3 4 2 2
8 1 12 3 8 2 12 13 3 6 7 7 6 2
7 5 3 2 1 3 1 0 4 1 8 4 3 3
2 2 2 5 4 6 2 4 2 0 2 2 2 2
11 6 7 15 18 2 5 15 5 20 0 0 1 10
5 5 6 10 12 5 8 12 6 1 2 0 11 10
5 5 2 8 0 4 7 2 7 20 15 14 15 8
12 0 2 3 7 1 8 2 3 7 6 6 5 7
0 7 4 10 11 8 15 10 3 13 5 14 13 3
1 2 0 3 2 5 4 7 1 5 8 4 8 2
4 5 5 2 5 10 11 13 2 3 4 1 5 1
0 3 2 2 2 8 4 3 2 7 1 1 4 4
4 13 8 4 6 5 10 9 7 5 6 7 18 8
2 1 0 1 3 7 5 2 3 4 1 1 1 0
9 3 6 3 0 4 1 1 8 9 6 1 2 3
1 21 7 8 3 1 1 11 7 3 9 7 22 14
10 0 5 1 14 2 1 11 6 19 7 1 3 6
5 6 11 6 1 17 6 13 12 8 17 17 8 0
0 9 5 3 2 2 11 8 7 7 0 19 2 16
3 1 2 12 2 4 5 1 2 7 1 11 2 9
3 5 0 9 3 0 1 6 3 3 2 2 8 3
8 16 13 4 1 8 10 1 4 3 11 7 0 5
2 1 1 2 3 5 5 1 4 1 3 4 0 1
14 1 2 14 1 0 10 6 2 7 3 1 3 9
18 15 4 9 17 1 1 7 3 11 14 6 7 7
3 2 3 1 4 5 4 11 2 1 5 7 0 11
4 11 10 2 11 7 6 5 5 2 15 6 8 2
2 4 5 4 7 1 3 4 3 1 3 0 2 12
1 1 0 1 1 4 1 1 4 3 7 2 1 3
9 9 3 4 11 14 3 4 6 0 15 12 1 6
6 1 6 15 18 5 11 12 1 5 8 1 11 11
5 1 0 1 0 1 2 2 5 6 1 2 2 4
3 3 6 3 1 3 6 5 1 1 4 0 5 7
7 4 11 5 7 3 3 5 5 11 30 5 15 1
18 5 6 4 11 7 11 9 19 1 17 2 4 3
16 0 8 8 10 4 2 7 1 16 14 7 9 3
0 1 8 0 1 0 0 3 0 1 1 4 2 0
6 7 2 6 6 12 3 0 3 26 6 15 3 4
0 1 5 6 3 2 3 1 2 1 2 3 2 8
7 11 7 4 18 3 21 4 5 5 2 7 13 1
9 3 0 2 7 1 10 3 4 25 4 9 9 6
0 15 2 12 8 2 5 2 13 14 12 8 5 19
10 2 14 6 3 8 21 9 17 13 3 1 6 11
2 1 2 0 1 10 1 0 2 5 0 0 7 7
3 1 1 2 4 0 2 2 4 2 6 4 2 1
6 0 2 9 8 0 7 9 2 18 3 8 2 10
4 1 7 5 0 4 4 2 7 1 4 6 4 5
1 8 3 0 2 3 1 0 8 1 8 5 3 0
5 2 5 9 3 6 10 9 3 10 7 2 1 3
4 1 6 10 1 5 7 3 7 8 2 5 7 9
1 1 4 3 4 2 2 1 6 3 1 3 0 2
15 5 1 18 4 2 2 1 11 2 9 7 1 6
9 2 4 2 2 3 9 12 3 5 8 10 12 3
3 9 8 2 2 0 5 2 3 2 4 4 6 1
7 4 5 8 9 7 10 0 3 2 3 9 8 5
2 2 3 7 3 2 5 2 0 7 1 3 2 3
11 0 6 1 3 2 2 9 15 1 21 3 15 12
7 2 8 1 5 5 0 2 1 4 1 5 8 3
17 6 5 4 7 6 4 3 4 4 11 1 3 7
3 1 8 3 0 1 0 1 6 3 0 7 3 2
2 6 2 4 5 5 3 4 1 5 8 6 6 3
19 18 10 6 4 0 2 9 5 4 6 4 10 3
6 3 7 3 1 5 2 2 9 5 1 4 13 4
29 0 10 1 2 0 7 4 5 8 13 10 3 11
4 3 6 9 0 0 5 2 7 8 7 1 3 9
2 3 3 1 9 13 3 5 1 1 7 2 7 11
2 8 0 4 5 3 4 5 2 1 1 2 1 4
4 0 2 1 4 8 5 3 5 2 6 5 2 2
1 5 6 4 3 1 1 6 12 13 4 10 4 7
1 6 10 6 6 6 3 20 6 2 5 1 4 6
6 4 1 7 4 2 5 4 0 4 3 1 4 1
5 2 0 0 7 13 0 1 12 3 17 16 5 7
1 4 3 1 0 4 1 4 1 5 4 9 3 5
6 8 2 6 10 14 2 20 11 6 19 6 11 5
15 14 1 3 5 14 9 4 21 0 1 5 9 14
10 6 3 11 2 1 4 9 14 5 0 0 10 9
0 0 4 2 4 1 21 1 3 1 11 5 18 4
3 5 1 4 5 6 4 3 4 2 5 1 6 4
2 5 6 1 7 0 4 4 3 3 2 0 1 0
15 2 1 12 3 1 19 9 4 9 6 2 5 11
2 4 4 7 1 5 1 0 1 5 7 2 7 0
0 0 16 4 3 3 7 21 3 12 8 8 3 3
7 2 1 13 0 3 3 11 2 3 1 5 3 11
7 9 6 16 7 10 9 8 6 6 11 15 20 3
4 0 1 3 2 1 0 10 0 6 7 6 2 2
1 1 3 11 6 2 4 16 11 1 2 4 9 5
1 8 12 5 16 1 9 10 1 8 15 11 4 2
2 7 2 1 1 4 5 2 2 5 2 1 2 3
11 4 3 5 6 2 3 1 15 2 4 8 3 1
0 4 5 8 8 7 1 2 4 3 1 4 5 8
7 1 8 1 0 7 1 5 2 4 5 1 2 2
0 5 5 4 0 1 10 5 3 2 0 3 2 0
4 13 4 11 27 7 7 0 6 2 0 10 7 0
1 3 16 5 3 11 5 3 3 7 1 6 4 2
7 2 3 5 3 12 12 2 1 5 9 5 4 12
4 6 11 9 15 3 4 6 2 10 21 9 2 11
2 16 4 7 0 8 13 13 4 0 5 1 3 16
2 4 1 0 3 1 1 2 1 4 4 1 7 4
7 1 2 1 2 1 3 2 3 6 8 5 1 5
0 10 7 1 18 16 4 16 14 9 4 11 13 2
2 4 0 5 3 4 2 2 4 1 1 2 2 1
9 16 4 1 6 11 18 11 6 19 5 5 0 9
2 3 3 1 0 4 0 6 1 2 2 6 0 10
3 3 10 4 14 18 16 9 4 7 2 5 16 4
12 10 9 10 10 16 14 8 14 3 10 1 6 10
4 7 1 3 7 1 2 1 7 1 2 8 5 7
1 3 5 3 4 6 3 3 2 0 1 1 0 3
3 6 1 3 6 9 0 8 3 2 1 4 8 1
2 13 11 4 6 11 4 1 1 7 12 14 18 2
2 3 4 2 0 2 8 1 6 3 3 2 6 3
6 2 3 1 7 4 0 3 2 5 2 2 2 4
12 4 9 4 17 7 4 1 13 7 7 5 13 6
9 8 7 7 6 4 13 16 6 2 6 15 2 10
3 0 6 3 1 5 2 1 2 2 6 1 1 5
0 4 16 3 6 1 1 7 0 2 5 2 10 13
3 2 1 14 0 8 2 3 14 6 3 4 7 4
9 5 9 3 2 0 1 6 0 5 10 3 4 3
6 1 10 3 4 2 2 6 4 11 0 3 0 2
7 0 5 17 1 7 3 1 9 14 3 6 1 12
8 5 5 0 3 2 2 3 5 20 3 17 7 2
3 5 10 0 1 11 8 3 6 0 0 13 10 1
9 8 7 3 2 2 6 0 2 4 4 2 2 8
3 3 1 11 3 12 3 4 1 5 4 3 3 4
0 8 2 2 3 2 5 1 1 4 4 2 3 7
2 6 8 5 9 10 0 1 10 8 13 4 1 10
7 1 12 11 10 4 2 7 1 3 7 0 14 5
11 1 1 2 3 2 3 8 1 1 3 4 4 2
3 6 4 6 3 9 9 26 8 8 6 4 1 5
2 3 1 2 0 5 2 1 2 3 2 2 7 5
0 4 1 15 2 5 2 1 14 6 3 7 9 4
6 7 3 3 2 1 7 9 10 3 16 6 16 0
9 2 3 1 2 5 6 7 6 1 2 4 9 7
0 4 2 11 18 14 12 13 19 4 4 2 7 13
1 14 3 0 16 3 10 10 1 3 13 9 15 5
9 6 14 8 10 5 7 7 3 6 1 18 3 3
3 9 28 0 9 2 7 10 7 2 6 10 5 9
4 2 13 7 3 2 5 0 0 1 1 7 7 0
3 22 17 10 2 0 10 13 2 10 5 1 9 8
5 6 5 8 21 4 10 2 8 28 4 4 6 0
4 5 12 3 4 2 3 5 6 8 5 11 5 7
3 3 0 2 8 3 4 5 10 6 2 9 6 10
6 4 2 2 5 1 8 6 8 5 0 5 3 5
4 4 18 5 7 11 9 0 17 2 5 10 11 15
8 10 9 13 18 2 1 7 1 4 2 19 0 3
6 6 2 6 15 6 0 17 5 5 8 2 6 9
3 4 2 0 2 5 0 5 4 2 1 3 1 3
12 14 11 3 14 2 6 11 15 5 1 2 5 0
11 4 8 1 5 4 6 16 20 8 11 3 19 3
4 4 2 3 8 27 13 12 1 2 15 0 4 2
8 6 17 13 2 4 3 1 1 7 0 10 3 2
5 5 1 6 6 4 6 2 8 9 7 1 4 6
0 15 1 15 1 0 15 19 2 4 7 2 2 6
1 1 0 4 8 6 9 6 4 3 16 6 7 5
11 20 6 12 16 3 8 1 6 14 7 2 9 11
7 0 8 1 8 3 9 6 2 1 8 4 2 4
0 4 7 5 2 2 4 4 5 3 1 6 1 4
0 4 4 1 2 6 2 1 4 4 1 3 3 5
2 9 0 1 12 1 9 4 3 12 6 7 0 8
3 5 6 8 14 8 1 4 0 1 1 3 5 10
6 1 2 4 3 3 0 6 6 7 3 3 14 2
6 3 6 3 4 4 1 4 5 2 4 4 5 1
7 2 5 2 1 0 0 5 1 2 9 0 4 2
12 3 1 2 3 5 2 11 20 3 4 3 10 17
0 4 5 2 2 4 3 2 5 6 4 2 2 2
0 5 9 1 5 3 3 4 0 1 5 8 3 5
2 3 3 7 3 8 7 9 2 10 2 17 2 7
8 10 11 13 16 8 0 5 16 1 16 4 2 3
4 3 4 12 8 5 1 4 6 7 6 2 3 2
6 2 2 2 1 9 2 1 9 3 4 2 5 0
3 6 8 11 1 14 8 14 9 3 4 2 7 6
1 6 2 5 8 3 7 7 2 4 11 7 5 9
3 6 8 7 15 5 5 1 14 4 1 0 3 11
5 12 3 23 5 6 7 13 8 3 13 5 11 4
10 12 20 0 2 1 3 8 2 3 3 11 1 4
5 4 2 1 1 3 1 1 7 0 2 2 3 0
7 9 10 1 0 13 3 14 13 1 9 3 5 13
4 10 1 12 11 2 3 8 2 15 8 11 1 7
4 6 7 2 4 2 5 1 0 8 1 1 3 3
3 6 2 8 9 11 10 2 3 21 5 8 1 5
4 4 3 4 0 0 8 2 17 8 3 3 1 0
2 1 1 4 4 2 3 3 3 5 6 3 4 2
4 10 12 5 2 9 3 13 8 2 0 1 12 6
4 9 5 12 6 8 9 8 4 5 3 6 10 2
0 1 10 5 4 5 4 1 3 11 5 6 5 8
3 2 4 6 13 7 9 10 1 10 3 9 6 7
1 1 5 2 1 3 0 0 3 4 6 1 2 2
7 15 21 9 16 5 5 8 0 1 6 4 5 6
3 5 3 6 6 6 2 5 2 0 1 5 1 7
1 2 9 11 9 0 4 2 5 12 9 7 1 7
0 4 0 1 2 9 1 0 6 1 1 6 0 1
9 3 10 1 6 6 4 3 9 2 6 6 3 2
4 2 0 0 4 0 12 6 1 12 2 10 7 4
5 1 8 0 5 3 5 1 6 3 1 12 0 3
5 5 1 2 3 7 11 2 4 6 4 3 1 4
6 6 10 7 5 11 3 4 2 15 2 18 0 1
0 2 8 1 1 7 1 1 2 1 2 4 2 8
5 5 5 3 2 2 4 0 2 1 3 2 3 2
3 8 4 10 13 5 7 7 11 3 6 4 6 2
12 3 7 9 0 9 7 5 1 10 10 5 1 16
0 3 12 7 2 0 2 7 2 4 14 9 10 3
4 2 3 3 3 1 4 1 4 5 5 3 5 3
4 7 7 15 6 2 3 6 4 4 6 1 5 5
10 7 2 9 5 7 2 11 2 4 4 14 11 11
1 4 15 13 3 16 3 17 4 6 10 2 3 7
1 9 5 29 16 3 3 1 2 4 9 14 7 2
14 3 4 7 5 5 5 1 4 3 0 4 7 5
0 4 0 2 5 3 3 4 12 0 5 8 3 3
9 4 15 3 6 4 1 1 5 8 1 10 2 4
3 2 5 1 8 3 2 1 1 1 10 5 10 1
1 5 10 13 3 2 6 15 10 14 13 9 10 15
0 4 0 4 0 10 4 14 8 5 3 4 0 6
20 2 0 8 8 2 18 12 1 5 16 2 5 1
5 2 2 8 4 1 9 0 7 0 0 6 1 8
9 4 1 1 5 4 1 8 3 3 4 7 2 0
13 4 12 4 9 7 12 8 1 2 13 3 8 6
16 9 1 0 13 20 5 0 2 8 6 6 8 3
2 8 5 6 4 4 2 3 0 3 1 4 2 2
14 7 8 10 4 2 11 7 2 13 2 23 3 10
3 5 8 16 12 6 9 8 4 10 10 7 3 7
2 7 1 3 0 2 2 3 1 3 3 1 0 1
12 4 5 4 5 1 12 5 3 1 2 5 1 8
2 1 3 4 3 2 2 1 5 2 3 3 2 3
9 12 21 0 12 2 4 14 8 6 0 7 18 5
6 9 20 9 2 15 3 11 2 3 12 1 6 5
5 3 10 6 11 4 11 11 4 2 18 5 17 12
2 4 1 6 6 8 2 0 3 9 0 3 10 3
6 1 0 7 4 3 1 5 8 5 4 1 6 0
11 2 10 5 8 8 9 4 23 10 9 6 7 1
1 4 3 10 10 4 2 1 4 6 6 2 15 1
2 11 3 9 11 5 7 6 8 6 9 5 4 2
3 7 5 9 1 2 4 5 6 3 3 4 5 1
8 4 10 7 1 1 3 3 1 11 4 4 3 1
10 12 2 1 2 2 5 15 5 3 6 3 8 9
12 3 16 2 5 1 10 8 0 2 5 19 11 10
3 2 4 10 7 19 12 11 7 0 3 9 8 2
10 2 6 10 9 0 10 6 4 5 8 6 6 2
3 7 4 2 1 11 0 9 16 9 14 14 1 1
2 2 0 3 1 5 2 8 10 10 7 18 6 4
1 6 2 0 5 1 8 3 2 3 3 3 4 1
4 2 4 7 0 3 7 3 22 2 7 9 2 2
4 4 0 1 7 8 1 1 1 4 3 2 1 1
3 9 2 1 1 4 2 1 7 7 3 1 3 7
1 2 10 9 3 1 1 7 14 6 8 8 7 3
1 2 4 8 4 6 4 5 5 3 13 0 4 9
1 2 6 3 5 5 2 1 3 6 5 1 0 2
3 1 0 1 10 7 10 5 11 6 0 1 6 9
2 10 2 11 6 1 4 6 25 21 0 5 2 12
8 4 10 8 18 10 6 4 19 5 8 5 11 10
2 2 9 12 1 7 10 11 9 12 1 1 5 2
8 11 8 1 2 16 7 15 2 2 8 9 18 10
15 3 3 1 14 7 7 17 1 5 10 10 6 7
25 2 5 8 5 7 12 1 3 7 8 8 10 4
6 10 1 13 10 9 4 2 7 1 5 4 4 2
4 4 3 6 12 6 4 15 7 5 4 4 11 1
0 3 0 2 3 3 3 6 1 1 1 7 4 5
12 5 11 7 11 4 12 3 15 3 17 4 0 7
3 5 1 0 2 2 4 1 3 1 3 3 3 3
7 25 8 4 3 11 6 2 9 7 11 14 11 2
2 2 2 3 7 2 3 8 5 3 3 4 0 5
9 6 1 13 8 7 7 5 14 6 9 13 8 4
6 1 0 1 2 5 1 1 4 0 4 3 3 2
3 11 9 10 9 0 11 3 1 9 6 9 10 16
8 15 3 2 0 7 2 1 10 3 5 21 0 4
2 13 5 1 11 3 0 5 19 5 12 2 4 8
0 10 6 4 13 7 16 6 13 10 6 13 12 3
8 9 13 9 1 7 9 8 7 3 19 7 6 5
11 7 8 0 8 1 14 1 2 9 3 4 4 4
7 19 9 8 9 11 8 11 17 2 5 6 11 8
7 1 8 2 7 8 0 15 1 1 6 3 2 1
4 3 2 1 4 12 1 0 5 7 2 2 7 0
0 6 11 9 0 13 4 6 17 6 1 7 4 7
6 1 15 2 9 3 5 2 1 2 3 8 1 0
2 20 3 3 17 0 7 1 4 6 11 7 12 1
1 8 11 10 1 7 4 9 5 6 8 4 3 3
15 7 1 3 8 0 16 8 9 6 5 21 5 10
4 6 2 1 7 2 1 5 0 1 7 2 1 2
1 2 2 7 3 1 1 8 1 6 3 0 5 6
2 7 7 13 3 10 5 2 8 13 4 1 16 1
2 2 0 4 3 4 1 0 2 4 3 3 2 2
14 1 5 1 6 16 8 7 13 7 4 10 7 5
5 1 15 3 10 6 10 2 1 4 6 1 1 6
9 3 5 11 6 12 4 2 6 5 3 4 8 19
0 1 9 0 6 4 0 12 0 5 5 10 2 4
6 16 11 0 16 13 3 6 10 4 15 10 7 15
1 1 2 1 1 9 2 9 12 5 15 25 2 8
3 3 3 1 2 4 2 2 6 8 4 6 3 4
20 7 5 0 1 6 11 19 3 5 17 3 1 14
6 13 20 13 9 4 10 3 8 4 4 3 11 3
7 8 0 1 5 1 0 9 1 1 7 3 6 3
10 13 10 10 17 3 10 2 22 1 7 14 5 3
4 0 4 0 13 24 0 1 11 3 1 2 5 2
0 3 9 0 3 4 2 8 3 6 5 6 0 3
5 2 1 5 2 0 1 4 1 5 4 4 0 0
5 2 2 19 9 15 5 2 4 2 2 7 6 2
2 21 5 4 10 1 2 6 3 13 7 2 7 1
12 11 7 1 12 6 12 3 7 14 5 4 16 15
4 1 2 1 1 2 4 2 3 5 0 0 0 6
15 5 14 7 0 5 25 4 10 2 13 7 3 3
4 8 8 10 10 21 5 7 1 16 5 5 17 1
12 0 4 4 1 0 2 15 3 4 11 5 12 1
3 2 0 2 6 6 5 2 1 3 1 2 3 0
0 2 6 12 8 5 1 2 1 4 6 6 3 6
5 3 5 13 2 14 11 6 16 10 8 6 8 3
8 1 1 7 5 3 8 12 4 8 2 1 18 11
3 2 7 3 0 3 4 3 3 1 7 0 2 2
6 13 6 3 2 7 7 9 7 13 0 3 3 15
1 7 9 2 3 21 14 2 3 8 8 9 3 14
7 5 5 3 7 6 1 0 0 1 0 0 3 2
7 5 7 3 2 0 16 10 20 1 9 7 7 16
0 5 2 5 2 2 0 4 2 5 5 7 7 4
2 13 3 15 2 13 0 21 5 8 3 13 0 10
8 4 13 7 2 1 1 5 21 14 2 4 14 8
15 6 5 7 10 12 10 6 0 5 6 10 2 5
2 9 1 7 7 3 8 5 0 6 3 3 5 3
5 21 9 1 1 6 8 3 13 22 2 7 7 1
2 8 16 1 5 8 8 7 3 1 21 14 14 10
3 2 7 10 8 6 7 7 1 2 7 2 1 5
9 3 7 20 7 4 6 3 19 5 9 2 3 7
13 7 5 9 3 14 2 1 12 13 0 2 17 6
5 7 0 0 5 13 3 0 0 1 1 0 9 11
2 3 2 0 1 2 6 0 1 2 0 7 0 1
6 12 3 4 0 5 7 6 11 1 8 1 0 2
6 3 1 4 2 4 2 8 0 0 7 3 0 3
3 2 3 7 5 7 7 6 9 7 8 1 17 2
6 10 2 3 10 2 5 1 7 1 1 5 7 6
1 3 9 2 2 2 0 1 1 4 8 4 6 0
2 7 1 4 8 1 4 13 4 5 10 1 4 1
9 12 8 33 6 1 3 4 2 6 0 6 2 5
1 4 1 4 0 0 6 4 1 4 1 1 2 0
4 3 3 5 2 5 2 2 1 3 1 0 2 3
8 3 19 5 15 16 1 2 9 9 0 9 0 9
6 0 0 9 2 5 6 3 0 7 1 3 10 2
2 1 3 3 3 6 0 5 3 5 1 6 1 1
7 3 1 1 2 8 9 4 4 2 4 7 8 2
7 3 2 4 1 1 1 5 1 2 4 3 1 1
2 8 1 5 3 4 4 6 6 6 4 4 5 1
6 7 6 7 5 0 1 4 1 4 1 2 9 7
9 8 1 7 3 3 4 11 3 0 2 1 4 2
1 1 2 3 3 0 1 4 0 7 2 3 3 3
1 4 1 7 8 1 9 12 8 0 4 7 0 2
1 2 8 0 2 2 3 1 1 6 1 3 5 2
3 12 1 1 7 2 1 1 6 5 13 1 9 12
7 8 10 2 11 5 4 1 4 13 3 5 1 13
2 13 2 9 10 15 8 6 18 2 4 13 6 3
1 3 3 5 4 1 4 4 4 1 4 3 1 3
7 7 3 7 3 6 8 3 1 0 6 4 1 8
20 3 2 4 10 11 6 3 6 7 9 13 2 10
1 4 0 1 5 3 2 1 3 6 0 5 5 5
2 4 0 1 9 15 6 8 4 9 2 2 5 10
17 8 0 7 1 4 5 4 3 11 6 3 4 7
0 1 7 6 8 1 7 10 4 10 5 6 8 6
9 6 6 8 6 1 3 12 5 13 2 5 5 4
2 2 1 3 1 3 0 7 6 3 2 0 6 1
13 4 4 8 0 12 6 12 3 5 7 1 3 5
11 13 7 0 4 3 2 8 2 2 2 13 17 3
7 13 6 5 15 3 5 7 3 3 1 8 2 11
9 6 1 10 1 0 7 14 8 0 11 5 5 5
10 7 5 0 1 6 3 4 5 2 6 7 1 3
1 4 4 8 2 2 0 21 8 3 4 7 13 7
13 6 3 4 1 1 7 2 1 1 17 0 6 7
4 1 15 12 0 2 9 4 3 3 0 2 9 7
1 0 1 9 9 11 7 13 11 12 7 5 11 7
12 3 1 1 3 4 2 2 3 5 1 7 1 4
14 10 2 3 1 6 4 10 2 11 5 4 9 9
8 1 8 6 5 9 6 6 12 3 3 7 10 12
1 1 2 2 0 3 3 4 0 9 4 3 0 0
2 2 11 6 3 3 3 2 9 12 0 4 6 7
8 7 11 16 7 8 3 9 7 6 5 7 8 17
9 7 13 1 20 10 12 2 4 6 6 0 4 18
14 15 4 2 3 11 6 5 6 3 6 14 2 6
4 5 2 2 1 1 0 6 2 4 2 3 5 2
2 5 4 1 2 3 1 5 4 7 3 2 7 4
7 3 8 4 2 4 9 6 3 5 3 7 0 10
3 2 6 4 6 2 5 6 2 1 1 0 5 0
4 8 2 4 9 16 1 9 2 16 7 11 2 22
5 0 3 0 5 2 13 10 11 4 2 6 2 0
9 2 4 11 12 12 1 12 10 4 6 12 2 2
12 4 6 3 5 10 5 1 0 11 2 0 7 7
13 4 3 13 5 0 14 6 0 2 1 2 13 3
2 4 5 1 0 10 2 13 3 11 16 7 9 5
8 16 21 11 2 12 1 3 13 1 3 6 10 5
6 3 11 8 5 2 8 0 11 5 5 4 17 3
7 2 1 5 28 8 6 1 17 2 3 2 16 3
1 0 8 3 3 4 6 8 12 9 5 7 5 1
10 7 7 8 18 10 5 11 5 8 13 7 3 4
6 8 6 7 7 1 6 10 20 2 11 4 11 1
13 7 6 19 15 2 13 8 8 7 0 4 5 12
1 6 3 3 1 3 10 2 7 4 1 10 5 3
6 1 14 8 5 6 9 1 4 4 2 2 0 13
4 13 3 2 7 7 3 0 9 4 9 0 8 5
0 5 14 4 4 0 6 6 3 7 6 9 6 10
6 11 5 5 2 6 3 5 8 13 1 12 3 13
9 7 4 5 1 16 9 9 8 18 8 0 19 2
4 12 20 11 4 9 6 1 7 10 1 2 9 14
4 0 0 1 3 1 3 2 9 2 10 0 3 1
5 3 7 2 1 2 5 2 3 2 3 9 3 3
7 21 1 4 10 15 6 1 3 4 21 3 2 11
12 10 17 4 4 8 5 3 11 6 9 1 15 7
1 6 7 17 13 7 12 16 1 8 8 8 4 4
15 7 7 20 5 18 5 4 5 0 10 3 7 9
7 1 2 12 7 0 0 2 7 5 9 2 1 2
0 10 11 8 9 4 10 10 1 7 1 8 2 13
7 0 6 8 13 9 1 1 0 3 10 2 1 2
15 7 1 6 29 5 5 3 6 8 14 1 2 5
8 13 7 4 6 1 10 6 8 12 2 10 2 1
1 5 11 3 20 11 18 5 1 2 1 1 10 11
2 2 1 7 3 2 6 8 0 4 8 4 2 7
5 15 10 4 9 9 6 3 0 11 4 3 2 3
5 3 8 2 13 16 8 4 17 15 4 14 12 8
5 1 4 6 1 13 9 7 12 18 5 5 6 3
10 7 4 1 15 5 18 7 1 4 5 10 9 22
2 7 5 4 12 2 3 2 8 7 4 1 6 2
15 4 0 5 4 14 7 22 12 6 4 6 1 4
3 8 4 2 0 2 3 5 7 2 5 5 1 3
1 7 14 1 0 5 1 9 3 1 1 9 5 1
3 6 10 3 10 6 4 7 4 4 4 3 11 0
2 5 4 4 0 19 17 4 12 2 9 10 8 0
5 4 4 5 4 7 5 11 1 2 9 5 2 4
12 8 10 9 4 7 1 10 11 9 1 9 1 15
1 10 7 10 10 12 1 4 6 0 4 3 12 9
3 1 4 8 2 1 1 0 2 4 7 5 1 5
7 10 6 8 1 11 2 2 4 4 6 4 11 2
3 6 3 6 0 5 11 3 3 6 4 2 2 6
5 3 0 5 3 3 3 1 1 1 3 2 3 1
3 1 4 2 4 5 1 1 5 0 1 4 1 1
2 3 4 8 5 6 5 1 3 7 6 7 4 4
4 7 1 7 2 5 3 9 0 12 8 10 6 10
4 0 1 3 4 1 2 6 1 5 2 4 2 2
1 2 2 0 2 7 9 15 3 6 13 4 3 6
5 11 11 3 9 9 13 9 2 3 7 6 3 0
3 0 0 3 5 3 3 1 1 1 3 3 10 4
11 3 0 6 2 8 6 2 7 4 11 3 1 2
1 9 0 6 1 0 5 5 2 4 8 9 8 6
7 11 8 11 8 7 11 4 18 10 1 7 5 11
8 5 6 5 15 5 2 0 7 4 4 1 3 1
17 5 2 9 7 14 4 2 9 22 5 9 1 1
11 8 3 3 2 5 2 6 10 7 2 5 6 7
4 13 14 4 10 9 8 9 8 7 19 2 4 2
6 1 7 9 10 8 2 3 6 2 8 16 2 5
4 1 1 0 2 5 5 9 3 1 4 7 4 3
17 5 6 8 2 6 5 5 6 7 4 11 5 4
4 0 4 3 5 0 9 0 5 6 17 5 15 4
0 4 5 2 3 7 1 2 1 5 1 7 2 1
7 4 2 3 8 10 10 9 3 6 1 4 6 2
1 15 1 8 5 6 0 7 4 1 12 5 0 0
16 3 3 2 15 2 2 1 13 3 11 2 6 14
2 8 7 11 21 8 2 7 5 5 3 0 1 5
7 8 5 7 1 10 0 4 7 9 7 6 13 5
4 6 0 5 4 3 5 0 1 5 6 8 5 4
6 9 5 10 6 1 6 6 3 2 25 8 10 2
0 19 1 13 5 5 14 9 7 10 17 10 3 6
4 0 2 12 3 14 10 4 6 2 3 7 4 14
2 4 6 2 5 10 6 1 2 3 11 2 19 5
0 7 14 8 9 2 14 18 5 12 3 16 12 7
1 4 4 4 2 2 5 4 4 4 10 4 6 7
9 5 4 10 2 3 0 2 0 5 1 5 4 3
2 1 5 2 1 3 8 11 15 1 7 2 7 6
13 13 4 5 1 3 11 13 8 1 14 15 8 8
1 7 13 2 2 11 12 1 1 6 14 6 14 2
1 5 1 14 3 8 1 10 10 12 5 0 9 9
10 2 12 3 7 11 11 1 2 5 3 3 5 1
9 5 8 2 5 1 12 2 9 10 1 1 6 5
3 0 2 0 6 3 3 4 3 3 1 1 2 3
3 1 13 19 10 7 16 4 3 12 13 15 3 3
2 1 7 5 1 0 9 6 3 7 3 6 0 1
0 3 1 9 8 1 6 10 2 9 1 7 2 5
7 5 1 12 1 4 10 7 15 4 6 13 7 2
1 2 2 0 7 1 1 4 6 3 1 0 6 1
11 11 3 7 8 2 3 4 5 2 7 2 10 1
8 6 2 2 2 3 1 2 3 1 14 2 7 4
1 1 2 3 4 1 2 1 5 2 5 6 14 7
3 14 1 6 3 7 3 10 1 1 1 10 8 5
12 6 8 8 9 10 13 2 2 20 2 4 2 3
7 10 5 10 3 1 6 6 9 4 2 9 9 6
19 1 9 1 13 18 6 1 4 4 6 10 9 9
3 9 1 3 1 0 3 3 4 3 15 9 1 8
1 0 4 1 3 4 3 1 4 5 8 1 1 1
10 4 0 5 12 8 1 1 3 2 2 1 2 6
4 9 12 10 20 8 7 15 1 6 6 6 5 19
3 1 1 12 2 8 2 5 2 7 3 0 0 5
5 2 4 1 6 14 1 17 6 19 14 12 1 6
4 4 7 7 1 8 15 22 12 5 17 7 2 7
1 2 8 1 4 11 1 5 1 7 1 7 2 6
4 1 3 7 10 4 4 0 0 4 2 3 1 2
2 4 2 3 5 3 4 2 4 3 4 15 0 4
3 2 5 7 1 2 2 3 0 2 3 7 4 2
2 12 0 8 1 3 6 2 6 6 5 7 1 5
3 4 1 4 3 5 4 4 4 3 5 9 7 1
9 6 0 2 2 1 4 0 0 6 2 1 7 1
8 2 12 5 4 2 1 17 3 11 2 5 7 6
1 1 6 3 2 3 3 7 1 3 11 2 5 9
4 1 3 8 4 18 5 9 3 7 20 10 1 9
4 3 0 1 0 10 5 4 2 1 2 0 2 5
6 2 16 4 10 4 10 10 17 5 0 2 17 0
1 0 5 6 1 1 0 5 4 0 0 1 6 1
6 9 15 6 2 4 0 6 5 2 1 22 13 2
6 2 11 6 9 12 7 11 3 7 18 16 6 4
12 10 9 13 7 2 2 15 10 11 19 2 13 1
1 2 3 4 3 1 4 1 0 4 1 3 0 8
8 1 2 3 7 3 9 2 1 3 3 2 0 7
12 6 5 4 4 9 2 4 4 13 4 1 9 8
5 5 10 0 0 5 2 3 0 4 2 2 4 3
2 8 0 12 2 6 12 10 3 4 17 14 10 0
5 5 7 1 4 2 4 6 4 5 2 2 2 13
7 6 1 4 8 2 5 6 7 10 9 4 8 1
11 9 4 9 5 9 12 11 8 1 1 5 12 8
4 12 4 16 10 6 2 1 1 14 5 8 4 3
8 11 4 3 6 0 1 10 1 0 0 2 6 6
6 5 4 0 6 3 2 3 4 8 6 2 11 2
3 12 1 1 6 2 9 4 2 4 2 3 0 6
1 2 7 5 1 3 5 2 4 3 4 2 2 11
14 8 3 6 3 4 8 12 18 2 5 3 0 20
2 6 4 8 2 1 9 2 4 2 7 2 2 5
17 3 12 14 1 4 10 8 3 0 7 16 4 6
3 8 1 6 1 8 2 1 4 11 15 6 2 13
1 6 11 10 1 0 9 13 16 5 11 12 14 10
7 2 13 3 4 2 1 2 8 12 6 3 2 5
7 6 9 5 18 4 2 13 6 12 1 11 7 11
7 3 0 12 1 15 13 7 3 8 9 16 17 7
2 2 0 4 5 2 1 5 4 3 0 2 1 5
7 5 1 9 1 11 10 3 10 3 13 17 1 8
5 4 18 6 1 2 4 12 5 7 3 7 10 8
9 0 13 11 2 4 9 2 4 6 5 7 2 4
3 1 0 2 2 5 2 4 0 8 7 1 0 0
7 1 16 14 8 1 4 3 7 11 8 1 6 14
12 8 2 3 11 1 14 8 7 15 5 5 8 7
5 5 2 13 4 4 1 11 0 6 2 4 1 14
7 5 14 1 7 16 7 8 7 5 11 4 4 9
11 1 1 2 0 26 4 9 3 7 18 9 4 3
5 14 6 20 1 2 1 4 10 5 4 6 18 7
1 1 1 5 7 2 5 6 5 7 5 15 6 3
0 0 0 7 5 1 0 5 0 1 1 1 4 4
4 7 4 20 16 3 2 16 6 5 1 4 10 2
0 16 2 2 4 1 0 1 9 2 6 2 5 1
2 1 0 5 3 1 3 3 1 3 0 2 3 6
0 3 5 0 4 1 1 3 4 1 3 5 6 9
0 4 2 4 7 10 5 1 3 9 9 15 11 5
4 10 1 1 7 2 5 9 15 4 9 1 5 7
12 1 14 4 9 3 8 11 5 10 7 2 9 0
5 22 3 13 5 7 11 2 1 5 15 4 2 9
6 0 5 17 9 11 2 3 11 7 8 9 9 6
15 4 2 4 12 3 8 2 15 7 2 2 1 5
6 5 6 1 7 1 2 1 5 6 1 9 1 6
10 4 1 8 10 0 11 14 5 15 6 4 1 17
17 6 3 1 7 12 6 0 2 1 7 9 18 1
10 0 7 13 5 17 1 1 9 9 7 14 11 15
3 2 7 9 1 0 6 3 5 1 8 0 17 8
14 14 13 3 1 25 8 5 6 1 1 3 5 11
3 1 4 4 2 1 3 5 10 10 6 5 7 1
6 17 18 2 2 0 22 2 13 8 13 1 5 0
1 2 2 3 0 9 6 7 4 8 8 4 3 0
2 4 1 5 13 0 6 12 5 4 5 6 5 1
13 3 1 3 3 5 1 6 13 6 1 3 3 3
3 3 2 0 4 6 8 5 3 2 4 3 1 0
1 11 3 4 10 3 4 7 14 10 5 5 8 2
15 13 7 0 6 2 1 6 13 1 3 5 4 9
4 1 10 7 15 18 19 20 1 6 2 2 6 6
2 6 5 16 8 15 3 7 7 16 10 20 3 7
4 5 12 2 14 0 6 6 6 14 1 21 5 9
6 1 3 0 3 1 2 1 0 1 0 7 3 1
14 5 7 9 13 5 8 3 1 2 7 13 0 8
3 2 0 8 1 3 1 3 5 4 3 3 6 2
17 15 5 0 3 14 7 5 2 6 4 2 0 8
8 5 13 7 1 3 15 3 1 4 11 19 9 13
4 5 6 6 8 8 11 19 14 3 2 3 6 2
7 5 8 6 1 10 1 1 12 3 3 7 4 1
6 6 13 5 0 10 1 1 3 1 6 4 1 1
2 1 3 0 3 1 6 2 1 2 5 5 3 2
2 9 8 19 2 3 5 8 1 9 1 3 8 2
1 5 10 4 5 2 6 1 5 3 4 2 4 4
11 3 4 3 11 1 15 8 10 14 15 6 10 1
3 4 9 7 0 4 8 10 10 3 13 0 11 5
11 9 3 5 1 4 12 5 0 3 1 4 3 4
1 3 2 3 7 5 1 7 6 5 1 3 1 2
4 13 17 5 26 5 5 6 9 3 10 6 5 3
9 16 8 0 9 6 8 0 26 1 5 10 3 9
1 1 0 2 1 4 3 7 3 4 2 2 2 2
4 3 2 1 2 7 4 3 3 8 2 1 8 2
5 3 3 5 2 8 6 6 1 8 1 3 3 2
1 3 0 1 1 0 8 8 3 7 0 1 1 3
6 4 10 2 11 2 5 3 7 13 5 2 21 2
11 12 2 5 0 7 1 7 5 4 10 1 4 19
2 1 3 3 3 1 0 3 4 6 2 4 0 1
9 4 2 3 5 4 0 6 3 14 13 5 4 8
14 6 8 3 8 5 5 10 6 16 2 1 4 8
4 1 4 5 5 10 1 0 1 4 4 0 3 2
3 4 3 2 2 6 0 2 2 2 4 2 3 5
1 3 3 6 0 9 1 1 10 4 3 7 7 7
9 0 4 1 5 0 3 2 2 4 2 6 2 9
8 3 14 2 5 10 6 15 0 2 12 20 8 4
15 10 5 2 7 8 1 8 1 1 8 7 4 14
4 11 12 7 8 4 1 2 1 3 7 6 7 1
14 5 16 3 4 2 5 4 14 5 2 3 8 6
10 0 4 1 15 15 7 2 2 0 4 9 9 8
1 8 3 13 5 1 17 13 6 1 0 4 6 9
6 3 0 6 2 5 5 2 5 2 2 4 0 1
9 8 6 14 12 11 7 9 5 17 0 17 3 3
2 5 2 4 8 11 2 1 10 1 10 2 8 3
5 1 3 5 1 2 1 6 6 3 0 5 1 0
2 0 4 2 3 0 5 4 6 1 0 4 0 8
19 1 11 12 7 10 0 6 11 1 1 2 7 6
5 9 6 4 9 9 10 9 4 6 12 6 4 5
9 5 12 7 8 8 8 3 0 5 2 2 1 1
3 5 2 5 7 5 1 3 0 5 5 3 2 5
11 4 4 12 5 5 0 7 5 1 7 8 2 9
6 4 10 4 22 4 4 4 12 10 7 15 2 3
2 19 14 2 0 11 6 2 9 8 7 3 1 1
1 15 7 0 3 2 11 7 5 11 9 2 11 3
2 2 6 4 3 2 1 1 1 2 5 1 2 1
2 3 6 3 12 2 4 0 2 8 2 16 9 17
4 6 21 3 2 5 4 8 11 5 9 10 0 7
7 7 12 5 7 7 10 5 5 14 1 7 2 1
5 3 8 1 8 10 4 9 3 6 6 2 4 11
3 1 6 0 6 6 12 2 3 4 2 8 0 5
6 5 13 2 9 3 7 4 1 1 1 1 8 4
7 4 3 2 3 4 2 6 1 0 0 8 3 6
0 3 3 3 1 3 4 4 2 1 6 2 0 4
5 11 2 4 0 0 10 4 2 8 1 10 5 0
6 2 2 8 5 0 9 9 1 3 10 2 7 9
9 7 11 12 10 12 17 5 3 6 7 12 4 2
10 14 1 1 7 15 14 11 1 13 1 4 3 10
9 4 1 2 12 13 11 1 4 4 3 8 8 5
1 2 10 5 4 2 6 6 4 4 2 1 1 3
7 6 6 3 5 8 5 11 6 2 16 1 13 7
3 3 10 6 14 9 3 16 6 1 1 4 9 0
1 3 10 6 1 9 9 3 6 3 3 6 4 6
9 2 4 4 3 2 6 1 3 2 1 1 0 0
5 2 11 5 1 1 1 4 8 13 0 6 9 6
7 3 2 17 4 2 8 8 9 24 6 6 1 11
2 3 3 5 1 8 5 3 1 4 8 6 13 3
1 3 7 2 3 1 6 1 3 4 2 3 3 0
0 2 4 1 4 1 7 1 3 2 5 1 1 3
10 5 11 7 12 4 14 7 5 3 5 5 1 2
0 8 2 2 3 11 1 1 11 2 6 10 4 1
13 9 1 6 14 11 2 17 0 10 1 2 17 6
5 5 1 7 21 10 7 8 1 3 2 7 12 12
13 15 7 20 4 7 6 5 0 8 4 4 10 1
2 1 3 0 4 3 3 2 7 0 5 0 1 4
6 4 1 9 3 7 4 3 16 20 1 12 0 13
0 0 4 6 4 0 3 1 1 2 4 1 2 7
3 2 15 10 11 9 11 16 13 13 1 0 11 10
1 11 2 17 10 9 6 8 4 11 10 4 11 10
7 1 11 7 18 11 0 6 3 4 7 0 13 25
4 3 8 5 9 5 4 4 21 7 4 17 13 2
7 6 1 0 1 4 4 6 8 9 1 0 8 2
5 2 5 2 5 3 7 1 3 2 4 1 2 6
7 4 4 5 5 0 6 1 6 2 5 3 0 3
1 1 5 5 17 7 11 0 9 6 2 2 3 7
7 1 3 2 4 5 4 2 3 3 2 0 4 2
4 1 5 8 2 1 1 1 0 3 5 6 5 1
3 14 5 9 8 3 3 0 4 1 3 4 10 2
1 2 4 5 6 1 0 3 3 4 4 4 3 1
6 7 5 9 8 11 11 9 18 2 6 4 14 2
0 3 1 1 5 2 3 8 2 3 1 7 1 1
1 13 20 5 19 3 8 15 5 1 5 11 12 2
5 8 6 8 2 4 2 2 1 4 5 1 14 11
0 1 25 0 0 3 5 8 0 6 3 1 6 10
7 2 4 1 4 3 0 3 1 1 6 4 3 2
6 2 6 4 1 3 3 4 5 3 6 4 1 4
5 1 1 4 6 6 4 9 8 19 20 7 2 3
3 1 6 4 4 7 2 5 5 2 0 1 4 0
4 3 0 10 3 12 5 2 11 1 18 6 8 11
4 3 7 4 11 1 1 1 3 3 7 3 6 5
5 3 5 1 2 3 2 2 4 0 6 6 1 8
5 0 3 2 13 1 2 3 3 15 1 1 5 2
7 2 0 2 2 4 2 7 10 3 6 3 3 5
3 18 6 5 15 3 12 8 2 3 6 7 1 20
2 6 2 8 0 7 10 11 4 3 8 3 14 1
3 3 3 4 9 5 12 12 6 2 6 4 4 2
0 1 3 5 1 1 6 2 6 5 1 2 0 4
10 8 1 1 9 10 7 6 3 1 4 3 1 2
8 4 3 9 6 3 4 3 3 0 2 5 0 4
17 0 15 4 2 2 3 5 8 1 15 7 2 9
0 1 1 3 1 3 6 2 5 6 6 3 1 7
3 2 4 5 4 3 0 4 2 4 4 1 4 2
5 1 3 0 4 1 3 3 4 0 8 4 2 6
0 1 1 1 2 2 3 1 3 1 3 7 3 3
3 3 1 3 6 0 3 2 2 6 3 2 5 1
7 3 9 2 10 2 1 7 1 5 12 7 7 4
9 6 5 2 1 2 10 6 0 9 7 1 4 6
10 3 5 14 2 7 1 4 3 2 8 18 11 0
3 23 0 9 8 11 1 4 12 6 9 11 8 13
23 3 5 6 19 5 9 1 2 6 4 2 1 14
10 5 10 1 6 16 3 6 10 10 5 5 5 19
2 0 1 3 9 1 2 2 7 3 10 6 6 6
4 6 7 5 16 1 18 1 12 7 5 2 8 9
1 3 2 9 3 8 8 2 6 1 3 1 0 1
5 1 4 4 1 8 7 3 3 5 4 11 8 1
9 2 11 6 5 2 6 3 6 3 8 0 8 2
9 8 8 5 0 1 9 3 1 7 2 2 6 8
8 4 4 11 5 13 16 5 11 8 6 4 1 8
1 11 17 6 2 5 3 3 2 2 0 10 2 22
2 11 3 5 5 11 10 10 13 6 15 7 1 8
3 14 2 10 16 1 24 4 12 15 9 3 0 1
4 5 2 2 1 2 4 2 2 3 1 2 3 1
3 2 3 3 3 1 8 1 3 3 1 2 3 2
5 8 6 2 6 0 5 4 3 9 2 1 3 3
9 5 1 3 11 9 13 9 7 9 3 9 6 1
0 18 12 10 5 9 5 8 3 3 17 2 6 6
10 9 17 1 12 11 1 9 10 3 10 6 10 7
3 6 5 3 0 4 21 4 2 9 17 3 5 14
4 23 8 2 7 5 11 4 4 5 10 6 8 12
16 5 18 6 2 2 9 7 0 5 4 13 8 1
4 1 1 7 7 8 2 5 6 9 4 3 4 0
6 15 5 3 5 19 5 8 14 1 0 11 0 4
12 13 11 2 3 0 6 4 6 13 1 1 10 4
1 3 1 3 1 2 1 5 6 9 4 3 0 5
17 2 2 6 12 1 11 8 9 16 2 15 12 0
8 7 4 13 4 4 17 13 2 7 7 3 2 9
7 12 17 1 11 14 3 5 14 7 6 11 5 6
3 1 2 3 2 1 0 2 4 1 6 7 1 2
2 4 0 2 2 5 8 9 3 5 1 9 7 3
3 2 10 3 4 4 2 4 3 12 24 4 13 13
4 3 12 4 8 10 6 9 14 13 2 2 0 1
2 4 1 2 2 1 2 0 2 5 3 5 0 1
2 2 7 5 5 13 0 11 19 6 3 8 4 6
1 1 0 16 2 3 6 0 6 7 21 4 3 8
11 3 5 5 10 8 1 12 6 5 11 2 2 6
20 2 4 2 9 8 3 4 3 5 3 5 2 3
3 3 4 1 4 3 1 8 6 3 13 4 8 1
1 16 7 27 1 2 14 6 5 3 16 4 3 7
8 11 10 8 5 1 6 5 10 15 4 9 9 3
2 0 15 6 6 14 4 2 3 17 10 9 4 5
3 8 11 11 11 13 5 2 3 24 4 12 5 14
5 13 1 11 0 8 6 13 5 0 11 6 14 5
6 0 2 9 2 2 5 1 0 0 4 3 2 4
5 1 1 7 5 0 3 2 5 1 6 1 3 11
1 2 1 1 11 2 1 1 2 4 1 5 3 1
6 8 5 5 8 1 2 5 13 3 4 1 4 3
6 7 2 13 4 0 2 2 9 4 7 1 3 6
3 13 9 0 2 10 4 3 2 3 2 12 4 1
7 17 6 2 2 5 15 2 6 1 3 25 9 6
4 14 2 2 7 1 0 2 6 2 0 7 5 8
4 5 1 1 7 6 0 7 4 0 6 1 2 0
4 5 2 6 1 1 4 3 8 5 2 6 3 2
8 5 10 14 5 9 19 4 5 2 13 11 3 0
1 5 3 8 9 8 7 1 1 8 0 1 15 11
11 2 0 13 15 4 6 11 6 14 7 16 1 7
13 5 17 8 11 5 12 1 8 8 5 8 1 2
18 1 5 2 5 16 1 6 4 3 2 1 1 1
17 4 5 6 14 10 1 7 9 8 0 9 3 4
4 10 5 1 4 3 7 11 14 11 6 3 7 4
11 11 11 10 1 15 6 7 6 19 7 5 3 16
3 17 6 1 5 10 10 3 12 7 2 5 3 4
5 6 11 4 8 7 5 14 5 11 1 0 5 10
9 5 4 10 2 4 11 1 6 1 2 12 2 19
10 5 2 3 5 2 3 1 5 1 4 2 3 1
5 6 10 8 13 2 6 13 8 12 7 4 3 9
5 1 11 7 7 16 4 1 2 2 3 1 6 2
7 3 6 0 6 7 5 4 0 1 3 3 1 6
2 7 7 13 3 5 1 8 3 13 6 0 2 4
1 1 5 4 3 2 19 3 2 3 14 2 6 13
0 0 2 1 1 3 6 2 1 2 7 4 3 3
2 8 3 4 1 0 0 4 1 1 4 0 0 2
5 1 5 3 3 0 5 4 2 3 1 1 2 1
4 17 3 1 13 2 6 6 10 4 8 2 6 2
3 8 5 3 6 2 9 4 1 9 2 3 9 5
1 1 2 2 1 13 4 3 13 5 8 15 3 9
2 13 8 5 5 10 7 4 8 0 7 10 10 19
2 5 5 4 4 7 2 4 4 4 3 5 1 3
5 4 5 16 8 10 7 2 10 19 8 17 2 9
12 4 4 5 3 2 6 9 7 4 7 15 4 3
1 2 2 4 8 16 4 2 3 6 1 10 3 1
8 8 4 2 9 1 4 0 2 3 3 0 5 9
5 2 6 1 10 3 4 9 1 6 6 1 3 7
6 4 9 2 0 6 1 3 3 0 2 3 5 1
2 7 12 1 11 3 11 4 3 13 7 15 1 3
11 5 16 3 9 3 9 0 1 1 4 6 11 5
0 4 2 5 2 11 3 4 3 12 8 3 2 3
1 2 6 2 4 5 5 1 5 3 4 3 3 5
2 8 4 0 5 2 2 4 3 3 4 5 0 1
1 2 2 13 13 1 2 8 9 12 9 5 16 3
2 1 4 5 2 8 6 1 3 8 14 5 0 3
5 4 1 2 5 1 4 7 2 4 4 9 3 1
2 6 7 10 6 4 16 17 1 16 16 6 6 2
1 4 2 5 1 4 2 2 4 5 6 0 5 1
2 4 7 1 2 8 5 4 19 5 6 7 3 3
6 6 10 8 5 3 13 3 2 1 11 7 9 6
4 7 11 2 3 4 3 2 1 7 7 0 4 3
7 3 0 12 2 16 6 0 9 7 26 4 13 5
1 2 6 3 8 1 4 5 3 1 2 3 2 5
6 16 0 10 6 4 13 2 18 5 7 8 2 5
5 0 12 6 18 13 12 4 2 12 10 2 7 7
8 16 2 9 12 11 16 14 3 3 12 2 13 9
5 15 7 9 5 8 15 5 1 16 15 2 9 7
10 4 5 9 7 14 0 3 18 3 0 14 12 11
9 15 4 10 5 7 3 9 4 4 22 5 12 15
6 6 4 9 4 13 5 1 1 0 9 14 11 5
3 5 7 5 10 6 7 7 3 3 14 30 3 4
4 3 0 4 5 7 1 2 8 7 3 0 0 4
3 2 1 4 6 20 7 24 5 7 3 1 3 11
7 3 9 0 6 7 5 2 1 4 4 5 7 7
8 2 6 3 5 6 19 3 7 5 12 0 2 3
2 4 0 5 2 0 2 2 1 7 4 4 4 4
12 9 0 13 8 2 15 4 11 14 8 2 7 8
7 0 8 1 0 0 4 1 3 1 8 2 1 8
14 1 8 5 11 6 3 0 9 5 7 5 2 12
13 8 2 16 2 24 11 5 5 3 4 8 4 4
2 0 3 4 7 0 1 5 4 2 2 9 1 6
5 11 14 12 3 3 6 2 13 9 2 7 3 3
0 1 8 0 0 2 4 3 10 10 1 10 7 5
2 2 6 2 3 7 8 5 2 5 2 6 5 2
7 7 1 2 8 16 4 10 8 4 4 14 3 0
9 5 3 3 1 5 4 9 0 5 3 2 0 9
6 4 0 17 4 18 13 4 14 3 4 2 15 4
8 6 2 3 2 5 5 3 6 13 5 8 4 0
4 0 1 0 1 3 3 5 0 0 5 6 4 2
4 2 1 5 3 2 1 1 4 0 1 1 6 3
5 3 2 6 4 5 6 0 2 3 3 2 5 1
3 8 9 12 10 1 13 4 8 8 5 14 1 15
1 12 4 2 3 5 8 1 3 4 0 1 1 4
2 1 3 1 7 2 2 0 6 0 7 3 3 5
17 14 6 11 0 5 5 15 1 11 8 3 17 4
7 8 2 16 13 11 2 13 11 11 5 0 1 13
4 7 4 0 9 1 1 1 4 6 8 0 5 4
1 1 2 12 1 2 17 18 1 3 10 14 11 2
7 1 6 0 21 1 6 3 5 13 2 8 5 11
5 5 4 1 10 4 6 1 9 4 8 2 2 2
1 7 2 1 5 3 1 2 4 0 3 1 4 2
1 4 1 18 5 6 17 16 9 12 11 3 14 6
6 4 3 0 12 13 13 11 22 7 0 3 8 4
1 3 5 3 3 5 8 7 9 7 6 10 6 1
9 2 1 3 2 0 2 7 1 5 2 1 3 1
4 0 3 3 4 3 4 3 4 6 3 3 4 3
6 19 0 8 8 13 16 4 1 10 9 2 9 8
2 5 3 8 5 4 2 3 11 1 14 2 3 2
0 3 9 2 4 2 9 13 9 10 2 4 17 23
4 13 11 10 4 0 0 0 4 7 9 4 1 9
6 5 3 0 4 5 1 5 6 7 5 4 3 2
13 11 2 1 7 7 9 5 6 0 10 12 5 22
5 3 4 8 3 18 8 15 9 4 9 12 0 8
1 16 1 5 12 4 9 12 9 4 19 5 9 1
3 5 5 7 20 2 1 7 7 4 13 1 10 4
2 1 2 1 1 1 8 4 3 1 4 3 0 3
1 3 3 0 5 3 1 3 3 7 0 4 2 3
7 1 5 3 0 9 1 5 7 4 2 6 3 4
7 2 8 0 0 1 0 3 3 3 2 2 0 6
1 18
1 90
4 103
5 89
7 9
7 21
8 46
9 12
10 71
11 66
12 54
13 37
13 56
14 60
14 75
15 45
16 102
16 105
17 22
18 24
19 49
19 67
19 77
21 45
21 115
25 119
26 35
26 72
26 88
27 62
27 65
30 32
30 70
31 67
31 69
32 69
32 115
33 59
33 71
34 123
35 82
37 132
38 50
38 106
40 73
41 45
42 111
42 124
42 141
43 88
43 96
43 137
44 90
45 83
46 76
46 138
47 96
47 112
47 145
48 146
53 71
54 119
55 68
55 88
57 58
57 130
58 69
59 100
61 81
62 106
62 143
63 72
65 157
67 74
68 128
68 162
69 164
71 117
73 167
73 173
74 119
74 174
76 80
76 165
77 108
77 127
79 85
79 135
79 179
80 104
80 176
81 102
81 154
83 151
84 148
84 155
85 181
86 156
87 151
89 169
91 146
91 173
91 191
93 164
94 178
95 191
96 147
97 117
98 103
98 186
98 195
99 199
100 196
102 166
102 192
103 152
103 189
104 117
104 146
104 165
108 169
109 203
110 169
111 131
111 163
112 146
112 147
112 204
114 200
115 138
115 205
116 192
116 201
116 216
117 189
118 218
119 202
120 143
121 215
122 134
122 191
122 216
123 172
123 182
123 186
126 148
127 139
127 159
128 137
129 187
131 158
131 197
132 212
133 220
135 166
135 210
135 226
135 234
136 216
136 234
137 212
140 218
140 221
141 157
142 180
142 186
144 237
145 163
145 168
145 203
146 200
146 209
147 199
148 222
150 203
150 237
151 218
151 247
153 198
157 217
158 192
159 178
159 227
160 193
161 253
162 252
163 197
163 256
164 167
166 199
167 194
169 202
169 265
170 222
171 200
173 203
173 239
174 187
175 207
175 211
177 234
177 258
178 232
179 192
180 182
180 195
180 214
180 262
181 265
181 272
185 223
185 277
186 217
186 247
188 258
190 272
193 260
194 210
195 261
198 219
199 213
199 239
200 228
200 244
201 206
202 256
205 231
207 230
208 213
208 248
209 249
210 240
212 220
213 237
214 260
216 276
216 298
218 256
221 264
222 272
223 267
224 235
224 298
225 325
226 292
227 257
227 321
228 244
229 286
232 291
234 322
235 247
236 286
236 314
236 320
237 320
238 274
238 277
238 312
238 326
239 305
240 281
240 323
243 321
244 298
245 344
247 305
248 314
248 321
249 276
249 294
253 274
254 293
255 351
256 303
257 277
257 334
257 339
259 297
260 276
260 323
260 329
263 315
264 354
265 289
265 326
265 332
266 293
266 314
266 326
266 327
266 346
268 290
268 304
269 293
269 318
270 280
270 357
271 278
272 317
272 367
275 276
275 290
276 371
277 283
277 317
277 339
278 307
278 330
281 361
282 310
282 317
282 335
283 305
283 331
283 360
285 322
286 377
287 295
288 310
288 320
288 371
289 306
289 340
289 362
291 336
291 353
291 390
292 329
292 390
293 317
293 320
293 342
293 354
295 339
295 342
295 377
296 320
296 332
296 386
297 355
299 310
299 376
301 304
303 380
304 360
304 363
305 356
305 372
306 362
307 385
308 371
308 402
309 369
310 368
310 383
311 318
311 370
311 400
312 387
313 403
314 337
314 402
315 346
315 383
315 384
317 346
318 411
321 367
322 328
323 341
323 371
324 358
324 377
324 406
324 408
325 391
325 412
326 392
327 391
328 338
329 427
330 382
332 366
332 425
333 404
334 398
335 404
335 407
336 417
336 427
338 348
339 394
339 427
341 343
341 358
341 382
341 398
343 362
343 374
345 403
347 386
348 387
348 409
350 353
350 396
351 384
351 403
351 426
352 439
353 365
353 451
355 386
356 447
357 387
357 447
358 393
358 407
359 372
359 443
360 441
361 456
361 461
364 403
365 435
366 445
367 392
368 441
369 378
369 416
370 393
370 421
371 372
372 394
372 412
372 452
373 450
374 439
374 468
375 416
377 457
378 412
379 409
380 421
381 406
382 431
382 482
383 408
385 395
386 388
386 443
387 458
387 465
388 433
388 449
389 408
389 433
390 410
390 425
391 402
391 458
392 478
393 420
393 422
393 452
394 438
396 412
396 428
397 434
397 448
398 461
399 460
401 492
403 405
404 414
405 492
406 419
406 492
407 489
408 427
410 480
411 495
411 502
417 423
417 466
418 474
419 444
420 458
420 474
422 509
424 461
424 467
424 492
425 434
425 483
426 446
426 498
428 470
428 487
429 435
429 524
430 456
430 489
430 508
430 526
432 514
433 453
433 461
433 490
434 503
435 506
436 468
437 447
438 478
440 441
440 471
442 481
445 529
447 448
447 492
448 528
448 530
450 544
451 534
452 487
452 522
452 526
452 527
452 537
453 503
453 544
454 511
455 474
455 476
455 488
455 515
456 470
457 474
458 463
459 477
459 527
459 558
463 531
463 539
463 555
464 476
464 531
465 502
465 554
468 472
468 535
468 539
468 551
470 507
471 475
472 491
472 517
472 557
474 497
475 482
475 496
475 559
477 500
477 558
478 560
480 513
480 524
481 490
481 558
481 561
482 494
482 574
484 488
484 547
484 573
485 543
486 498
486 526
486 530
486 560
487 565
488 501
488 546
488 561
489 569
490 518
492 542
493 560
494 543
496 538
497 502
499 562
500 577
502 519
503 507
503 518
504 595
504 602
505 594
506 542
506 564
506 596
508 560
509 540
509 560
510 538
511 574
512 587
513 530
514 574
514 599
515 529
515 543
516 569
516 611
517 557
517 592
517 597
518 532
518 593
519 617
520 596
522 588
523 531
524 537
524 541
524 594
525 528
525 613
526 568
526 589
528 550
529 570
529 605
530 552
530 594
531 597
532 565
533 604
534 583
534 628
535 536
536 592
536 635
537 600
539 589
539 625
541 587
541 612
542 544
543 604
544 562
544 632
546 574
548 583
548 589
553 630
553 651
554 570
554 594
554 613
556 574
556 584
557 615
558 646
559 560
559 640
559 646
560 613
561 634
563 621
564 612
565 606
565 625
567 568
567 572
569 580
569 620
569 623
570 608
571 603
572 575
572 642
573 607
573 616
575 576
576 579
576 591
576 614
577 664
577 673
578 673
579 642
581 644
583 595
583 682
585 625
585 657
586 617
587 592
587 610
588 608
588 611
588 627
588 639
588 646
589 600
589 650
589 676
590 643
590 674
592 635
592 674
595 653
596 605
598 682
599 663
600 616
602 666
602 686
602 687
603 645
603 695
604 700
605 614
606 665
606 686
607 690
609 619
609 657
609 708
610 634
610 703
611 711
614 617
616 684
616 698
618 626
618 630
618 632
618 711
619 690
619 700
620 655
623 631
623 705
625 641
625 673
626 656
627 664
630 681
632 638
632 687
633 729
634 731
635 702
636 687
636 718
637 647
639 680
639 717
640 693
640 705
641 651
641 662
642 657
642 727
643 654
643 733
644 693
644 744
645 646
645 663
645 664
646 681
649 670
652 692
652 720
652 747
653 674
653 714
654 662
654 682
655 715
656 672
656 683
656 694
656 708
656 717
656 756
657 707
657 738
660 742
661 692
661 715
662 692
663 706
664 691
664 729
666 728
666 741
668 694
668 738
669 673
670 704
671 698
671 736
671 757
674 729
676 699
676 767
679 779
681 716
683 731
686 741
687 697
687 746
690 779
693 744
697 774
697 780
698 733
699 723
699 742
700 706
700 777
701 720
702 765
703 704
703 722
703 740
703 754
705 713
706 711
706 731
706 732
706 771
706 785
706 799
707 719
708 779
709 714
709 739
710 760
712 743
714 807
715 748
715 767
715 786
715 790
715 814
716 754
716 799
717 793
717 794
718 719
718 723
718 792
719 806
719 808
720 767
721 755
723 746
723 814
725 727
726 755
726 825
727 760
728 783
729 743
730 766
731 746
731 768
733 775
733 801
734 827
735 780
735 833
736 792
736 793
737 789
738 809
739 741
739 792
741 777
741 790
742 758
744 797
745 792
746 812
747 756
749 804
750 766
750 848
751 763
751 774
751 817
752 758
753 777
753 785
754 769
754 771
760 763
762 778
763 850
764 775
764 818
765 769
765 862
766 809
766 836
766 862
767 774
767 818
767 833
768 829
769 771
772 823
773 865
774 867
776 786
776 817
776 828
778 809
778 822
780 849
781 814
781 848
782 812
783 864
785 833
787 819
787 876
788 843
788 877
789 845
789 880
790 855
790 865
791 820
791 840
791 888
792 838
794 876
795 839
795 844
795 887
796 798
796 841
797 801
797 816
798 891
799 843
799 870
799 879
800 810
800 827
800 877
800 885
802 811
803 867
804 807
804 825
804 841
804 892
805 829
806 864
806 891
807 869
808 896
809 852
809 881
810 893
811 861
811 874
811 892
812 861
813 821
813 890
814 903
815 885
817 864
817 866
818 862
819 857
822 839
822 875
823 922
824 856
825 855
826 849
829 835
829 909
830 905
831 864
831 892
832 895
833 846
833 883
833 913
836 870
838 863
839 862
839 864
841 886
843 873
843 887
844 868
844 889
845 908
846 917
846 931
846 937
846 941
846 946
847 854
847 889
847 910
848 852
850 873
850 874
853 948
854 895
854 950
856 872
860 928
861 862
862 943
863 908
864 945
866 873
868 943
870 935
870 952
872 959
874 947
875 888
875 930
876 887
876 937
876 942
877 885
877 893
878 906
879 891
879 933
879 967
880 912
880 928
880 929
880 966
882 892
882 929
883 965
884 906
885 961
886 941
887 938
887 981
889 917
889 920
890 965
890 977
896 924
897 981
897 996
898 925
898 946
898 983
899 922
902 942
903 973
907 998
908 917
909 922
909 936
909 945
909 948
912 994
913 983
914 998
915 945
916 926
916 930
918 972
919 979
920 931
921 967
922 986
923 955
923 959
924 927
924 989
925 942
925 962
926 928
926 936
927 932
927 966
927 974
927 975
932 963
932 988
933 979
934 996
935 948
937 948
937 996
939 960
942 950
943 959
945 984
947 955
947 960
947 980
949 955
949 986
951 985
954 973
956 976
960 994
967 982
971 982
974 984
994 996
9 11 12 19 7 6 4 3 2 10 13 17 25 12
7 7 6 10 8 17 2 4 3 3 12 0 13 14
9 21 1 10 8 4 1 15 4 1 2 21 9 15
11 6 9 1 20 7 14 6 13 3 29 4 1 0
13 16 7 2 22 21 11 13 3 4 4 26 21 21
1 14 5 3 0 5 0 0 4 7 20 6 8 1
2 12 6 3 10 13 2 5 2 1 1 5 13 10
11 2 6 10 21 8 11 3 6 3 10 3 2 15
13 8 12 11 8 6 3 7 4 7 1 2 1 2
21 13 5 4 1 1 1 27 0 7 12 12 13 10
5 18 2 27 16 14 33 15 9 6 0 7 20 8
4 8 9 7 8 11 3 4 9 9 9 0 10 6
1 3 15 3 12 5 10 7 19 2 4 1 1 14
2 9 4 17 11 17 8 13 12 20 13 2 0 17
1 3 6 12 0 17 3 5 9 6 9 8 9 7
1 16 5 14 13 15 1 15 4 15 9 5 20 22
3 10 1 1 2 4 3 9 5 3 4 3 11 1
4 29 8 6 11 4 7 13 2 8 9 14 2 13
3 6 1 3 2 6 8 13 3 5 8 6 7 4
19 19 1 9 12 12 12 7 19 3 14 29 21 18
32 46 23 29 9 60 43 31 45 33 13 43 34 23 49 28 52 18 40 6
1 1 5 11 1 17 3 2 6 8 1 1 4 1 1 1 12 1 5 1
11 22 19 31 10 41 25 23 22 24 19 23 19 14 29 11 37 7 29 16
7 12 23 21 12 40 19 8 12 35 11 10 17 8 16 10 39 14 30 12
17 21 32 10 20 28 31 24 36 32 26 26 39 22 27 24 42 24 32 10
17 33 40 31 18 44 40 33 42 31 25 28 54 31 40 24 50 31 46 11
53 52 72 32 36 73 65 40 67 69 35 45 46 31 54 44 74 53 61 22
18 39 41 29 35 52 57 24 37 42 21 33 42 16 30 29 55 32 38 16
4 8 9 5 10 13 14 2 9 11 4 2 8 1 1 5 11 5 8 1
11 10 13 12 7 20 13 13 16 19 3 6 22 6 9 7 17 14 17 1
13 29 28 44 8 51 33 40 30 19 23 32 40 38 45 21 44 28 47 13
34 55 41 63 24 73 56 63 54 51 32 50 68 47 61 29 76 35 68 29
13 16 15 11 9 27 13 11 12 23 5 10 9 7 12 11 19 12 14 6
39 47 57 38 42 64 64 44 61 51 43 47 33 32 50 44 67 41 55 22
48 48 52 46 32 86 63 45 66 58 28 51 51 34 54 39 83 45 62 22
24 43 32 31 14 48 43 32 32 33 15 32 46 27 40 31 52 26 43 4
9 19 11 12 8 33 23 11 19 22 11 16 20 16 20 18 28 10 23 1
23 32 23 24 12 44 36 23 35 30 5 25 33 13 31 17 38 13 23 3
16 12 26 28 6 49 21 22 37 30 13 20 34 21 29 15 39 27 32 3
21 27 36 11 12 36 34 16 41 32 8 24 30 22 30 18 35 25 28 6
1 8 5 7 1 14 5 2 9 7 1 7 7 6 5 6 8 1 1 1
8 12 29 22 7 30 17 21 18 28 14 10 24 12 16 8 36 14 25 15
22 35 38 41 18 50 46 38 42 36 17 28 52 26 28 21 49 28 37 16
4 9 15 10 7 17 14 5 9 15 11 7 11 10 7 8 15 5 12 9
34 54 45 57 33 69 59 64 62 40 37 47 68 35 58 29 69 42 60 30
5 6 5 6 4 9 9 4 8 7 4 3 7 5 5 5 4 6 4 1
19 36 33 49 30 58 55 35 49 33 36 36 49 16 37 20 62 23 50 17
2 8 15 28 6 23 11 15 21 6 7 8 21 15 12 3 22 13 21 8
7 16 26 19 15 31 30 15 21 26 17 8 27 12 23 12 36 15 27 11
13 42 33 63 24 60 51 51 55 36 14 46 71 40 43 26 62 34 54 17
24 22 21 20 9 38 23 18 23 26 6 14 17 4 20 5 32 13 23 14
5 13 17 9 11 19 23 5 10 13 6 4 15 3 6 8 17 3 11 4
10 25 22 25 10 39 27 24 33 25 17 17 22 21 22 21 41 13 33 7
1 4 10 13 5 11 7 7 8 4 8 4 12 12 6 6 12 7 9 8
4 12 14 12 2 23 13 11 20 19 9 9 15 12 10 6 23 7 14 2
36 44 36 40 25 47 44 50 49 42 21 35 47 36 39 31 47 31 45 8
27 49 36 54 33 70 55 45 45 44 13 48 62 29 51 19 63 40 53 37
1 1 5 14 4 10 8 4 12 1 5 2 9 3 4 1 12 1 6 1
4 5 14 10 13 19 20 9 15 10 15 8 21 10 14 12 17 8 11 1
1 10 15 5 1 20 17 3 5 3 12 9 15 11 11 12 18 5 12 6
16 29 31 32 5 45 21 32 44 31 12 30 36 32 36 19 44 23 37 8
34 41 35 29 20 50 41 38 46 40 8 34 39 32 32 36 42 35 31 10
16 20 29 32 12 45 27 17 30 30 7 19 33 11 21 13 41 22 27 9
10 37 44 54 39 54 56 46 47 39 36 41 53 26 42 25 66 32 54 29
16 28 44 39 29 58 39 31 44 47 31 35 42 18 41 20 66 27 56 18
9 17 22 17 6 22 18 14 21 22 3 10 22 11 15 9 23 15 13 4
25 40 59 36 45 53 57 42 53 55 32 36 49 26 40 31 65 45 58 24
33 35 55 36 32 59 59 29 51 48 26 40 57 25 33 36 69 43 51 19
6 12 10 26 4 44 23 8 23 20 17 22 24 8 33 9 39 8 35 1
11 12 24 26 15 32 23 24 24 29 12 8 39 10 20 3 34 18 25 9
28 36 54 45 16 63 41 42 55 44 22 31 54 30 50 17 60 34 51 23
35 42 62 58 34 79 57 49 72 65 21 49 60 28 40 31 83 54 69 24
19 29 24 38 22 37 30 35 25 25 17 21 39 10 29 7 34 19 28 24
1 2 5 2 1 13 7 1 4 4 6 5 8 6 9 4 14 1 8 1
5 11 13 19 5 27 18 12 17 14 6 14 26 20 18 14 23 18 19 3
4 9 22 13 11 37 24 3 11 29 11 8 12 7 18 12 35 6 22 8
18 21 39 37 22 52 34 26 39 45 24 25 38 22 26 17 59 27 46 17
19 38 33 43 15 61 48 27 40 28 30 41 46 27 50 28 64 24 52 10
9 21 21 26 6 37 29 17 46 19 20 28 35 25 29 15 42 15 33 5
1 7 5 11 1 9 7 9 9 6 1 5 15 9 5 4 7 3 1 1
26 21 41 38 10 52 35 24 33 32 31 30 40 26 28 28 53 33 44 23
9 12 15 17 5 33 15 9 21 23 4 11 15 6 16 10 27 10 18 1
17 41 26 45 16 50 45 43 45 32 26 34 53 21 41 18 53 14 36 14
3 5 8 13 2 20 9 7 9 15 1 2 15 2 6 1 13 5 6 1
15 27 38 26 25 36 44 22 34 30 23 26 42 10 24 17 46 23 27 13
21 38 30 39 19 60 47 37 29 37 22 31 44 27 38 24 57 21 44 24
8 15 9 11 1 22 21 19 15 5 13 16 25 16 20 8 18 6 11 10
5 9 8 12 3 29 18 4 11 15 3 12 14 4 15 11 22 6 13 1
1 2 11 11 6 11 14 7 18 3 11 5 20 12 7 8 13 10 8 1
10 21 17 32 13 47 32 14 19 21 16 25 32 20 25 16 46 19 38 7
5 11 8 14 5 15 12 6 15 11 4 8 13 11 6 9 13 7 7 1
9 8 6 8 5 22 12 9 2 13 2 5 9 3 16 4 14 3 11 3
7 17 32 28 10 38 31 18 33 27 11 20 31 27 25 15 37 24 29 5
17 27 30 30 22 39 38 24 38 29 11 27 39 26 21 20 39 24 25 10
3 8 2 12 1 20 4 7 12 9 1 8 7 6 6 2 10 2 2 1
29 49 44 63 38 71 57 59 54 41 23 42 61 26 50 21 62 42 60 36
5 4 7 6 9 19 12 2 4 17 2 1 6 1 2 4 13 7 12 1
9 19 13 26 7 30 19 18 32 19 13 19 22 19 13 17 32 15 26 4
16 24 42 37 23 45 35 32 36 40 20 13 38 12 23 15 50 26 43 18
18 24 35 25 11 52 41 8 34 30 32 31 27 18 40 22 57 16 42 11
26 43 42 54 39 72 51 41 46 56 14 41 54 21 45 24 66 41 56 29
7 12 10 12 9 8 14 10 16 10 8 9 14 11 4 7 11 9 7 1
23 50 36 37 17 48 51 42 50 41 32 40 55 43 51 31 59 19 55 19
3 4 4 5 1 16 5 6 5 8 5 4 9 7 12 5 9 3 9 4
6 7 12 15 8 15 11 8 9 17 8 5 16 5 9 1 19 9 15 6
10 24 20 29 10 33 24 26 26 22 14 16 30 20 20 8 33 14 28 10
37 47 37 32 14 58 44 37 49 48 13 37 43 40 52 31 54 24 51 16
7 17 13 23 2 34 19 17 24 10 13 19 29 28 19 18 28 21 28 3
11 13 15 9 7 32 22 7 7 14 17 12 14 15 18 17 25 13 23 7
6 15 8 21 5 20 11 17 22 17 4 11 22 13 18 4 22 8 20 1
34 29 43 34 20 55 41 35 50 47 15 27 44 20 27 20 50 36 38 11
3 12 10 16 1 22 11 15 20 16 11 9 18 19 9 8 20 11 17 5
16 33 23 34 13 44 29 40 37 23 18 24 28 27 28 22 33 21 34 14
9 15 17 21 13 29 24 14 18 21 9 14 26 9 12 6 23 11 11 6
14 28 16 29 1 46 25 31 36 23 13 27 30 26 33 19 35 10 25 8
32 51 25 54 21 58 51 53 56 22 32 47 54 37 48 32 52 27 44 25
19 25 20 13 10 33 26 17 25 22 9 20 21 3 28 10 27 5 17 5
14 22 29 17 21 36 36 25 23 18 34 25 26 26 33 26 35 21 30 21
27 36 45 43 21 69 53 35 42 40 21 38 54 33 43 28 63 39 48 23
19 31 25 36 8 46 40 31 46 28 17 29 44 22 26 19 45 18 25 5
25 30 37 20 23 50 37 23 25 46 13 23 26 18 25 27 43 30 35 14
2 6 5 16 3 18 4 12 15 15 2 6 19 14 10 2 17 11 13 1
1 15 10 9 1 23 20 9 9 14 8 12 20 13 16 12 22 4 15 3
27 41 38 20 13 51 46 18 36 41 16 32 35 24 40 30 51 21 40 18
6 4 9 13 10 17 15 6 9 12 8 3 12 7 6 5 12 9 12 5
20 37 19 44 12 56 41 35 44 28 10 40 45 31 31 25 46 23 33 13
1 14 15 12 5 18 17 10 9 8 13 13 20 18 11 14 22 7 15 12
2 3 7 9 1 22 12 3 11 5 6 7 11 5 8 4 14 3 5 1
11 22 31 18 17 30 34 20 33 28 16 18 36 16 24 20 37 19 22 6
1 5 3 3 1 9 6 3 1 1 1 3 8 3 3 2 5 1 1 1
12 18 33 19 19 35 32 18 34 29 24 16 28 21 24 24 40 23 28 11
1 3 12 10 2 25 11 1 10 12 8 4 9 4 10 5 23 1 15 4
32 49 44 28 20 51 62 45 53 30 37 54 62 44 53 46 59 35 42 16
24 38 28 42 8 57 36 45 44 41 14 39 52 32 39 25 53 25 44 13
4 7 9 8 3 15 9 7 10 7 7 6 9 5 7 1 10 1 5 4
32 52 47 59 30 76 68 52 54 37 38 49 75 41 55 35 79 39 57 25
28 35 32 53 19 64 44 43 48 29 14 45 60 36 35 22 53 42 41 20
24 41 36 46 22 59 54 36 51 33 24 43 52 23 43 25 61 20 40 19
17 22 50 37 16 57 43 29 44 41 28 31 47 35 36 28 61 43 49 14
32 37 56 35 27 71 55 31 47 64 26 38 42 21 35 32 75 40 58 23
13 36 29 29 11 52 37 30 37 34 30 32 29 34 37 32 48 14 36 15
1 6 15 10 4 15 15 1 12 6 7 3 12 4 4 5 18 1 5 3
20 24 36 13 19 36 32 11 34 30 18 21 17 13 17 23 41 19 27 10
8 4 10 14 1 21 6 9 13 13 4 4 14 8 7 6 15 10 10 1
16 32 28 39 15 57 44 34 39 31 27 32 45 31 32 27 55 23 37 14
1 25 12 29 6 28 27 27 24 13 19 24 37 30 23 23 31 14 23 9
43 51 41 48 12 80 49 47 68 51 18 55 55 38 62 33 68 42 60 14
2 2 13 8 9 19 13 2 12 10 11 3 10 2 10 4 19 2 10 2
43 59 55 36 31 71 57 49 51 61 27 47 37 39 49 49 67 40 55 28
10 28 15 33 12 38 33 32 19 18 12 22 34 22 24 15 36 11 24 17
8 18 22 20 12 29 24 18 24 20 11 8 25 12 12 9 25 18 19 9
10 20 16 22 11 28 28 19 7 12 14 14 30 13 23 12 27 14 26 7
32 37 27 24 16 46 35 24 37 32 8 31 17 13 24 23 38 21 21 7
4 9 8 2 1 20 7 6 9 20 1 9 14 8 18 9 16 4 8 1
11 22 23 25 14 33 31 26 18 13 18 15 28 13 26 11 32 5 19 21
13 26 22 34 13 26 19 37 29 14 11 19 36 21 24 5 23 21 27 14
17 23 30 16 25 33 37 23 25 24 20 12 23 5 23 16 30 16 23 10
5 14 7 12 1 14 9 17 6 6 1 9 15 4 15 1 7 1 9 4
29 36 37 36 30 52 40 35 42 43 21 25 34 21 38 19 46 36 45 17
5 10 10 10 7 13 9 6 6 13 8 8 10 9 8 6 17 5 13 9
9 17 15 14 7 22 16 15 17 15 12 12 16 16 9 14 20 9 16 9
29 38 42 31 27 50 54 37 51 34 31 37 45 20 49 28 57 26 42 24
30 38 37 34 25 59 50 34 33 27 33 35 43 32 42 28 57 31 42 20
14 20 20 17 8 35 24 11 25 21 10 20 18 18 19 22 33 14 22 7
10 21 27 19 17 27 27 20 24 26 15 10 30 12 18 10 28 17 19 12
24 33 36 23 17 46 43 24 31 23 26 34 42 27 44 32 46 26 34 3
29 47 54 41 27 65 53 39 46 46 40 38 54 40 50 32 67 45 59 29
13 23 21 32 5 36 25 31 27 23 12 20 39 21 25 10 43 11 35 8
1 1 1 10 1 14 3 3 6 5 1 1 3 2 1 1 7 1 2 1
12 13 26 15 12 40 25 10 23 31 17 10 24 14 25 16 40 16 31 7
28 40 44 31 25 52 37 37 44 51 26 31 27 36 34 36 51 40 45 20
1 1 2 5 1 3 1 4 3 1 3 1 7 4 2 1 5 1 2 2
24 51 57 44 38 54 55 48 57 51 42 40 50 29 50 31 73 33 60 29
16 24 21 27 12 35 19 21 32 27 7 20 26 15 25 17 35 17 29 5
7 10 11 5 6 16 12 5 7 13 4 6 9 6 9 10 6 7 7 4
18 40 24 45 19 50 54 39 38 32 34 39 58 41 33 33 51 34 43 11
30 35 32 24 28 34 43 32 41 19 25 33 36 18 27 23 37 25 25 20
7 8 10 11 1 21 10 13 12 6 7 7 11 8 12 7 10 3 5 7
19 26 34 19 15 39 31 26 25 35 19 16 17 20 29 18 35 19 29 16
26 31 43 31 24 49 39 36 45 41 26 27 37 31 38 32 46 38 44 8
11 31 39 45 34 54 46 32 35 43 18 28 46 26 34 24 57 36 50 31
19 26 24 49 15 55 33 35 32 39 25 31 33 22 42 11 50 23 46 20
1 7 10 6 1 5 5 3 4 4 3 4 8 5 1 3 9 1 3 5
6 9 15 5 1 17 8 8 8 16 10 7 9 9 6 6 13 6 9 8
17 33 29 22 9 46 41 25 28 26 17 29 30 26 35 24 45 15 25 17
5 8 11 9 8 13 17 8 15 9 14 10 20 13 12 9 17 9 10 5
1 1 3 6 2 14 2 1 1 11 1 1 5 1 4 1 9 1 4 1
36 50 44 47 30 82 62 36 43 50 26 50 54 19 61 25 75 37 64 40
22 21 21 35 11 58 30 21 35 35 8 26 28 17 35 14 45 21 37 11
21 46 49 57 38 57 63 51 67 41 37 45 68 33 44 34 67 40 55 20
10 23 23 22 8 36 31 13 25 18 16 22 29 21 26 21 39 15 22 7
31 49 46 54 25 70 55 51 58 51 24 48 62 35 52 26 67 36 54 23
4 11 14 14 6 14 15 13 17 9 8 8 17 10 5 3 12 7 1 2
20 18 23 15 1 36 23 17 24 24 6 17 21 10 25 12 26 12 14 9
1 6 13 12 2 14 7 6 7 12 1 1 10 3 3 2 13 5 4 4
22 42 40 46 13 56 42 45 53 36 15 37 47 38 45 23 53 28 45 14
3 5 10 1 1 13 7 1 3 15 1 3 5 1 6 5 7 4 2 1
5 13 20 11 12 18 25 8 12 13 16 5 17 10 10 12 25 11 19 10
26 43 32 66 22 61 52 54 67 37 26 49 61 43 49 15 63 29 59 14
32 39 39 32 24 57 49 28 39 35 31 33 40 18 45 19 53 28 45 29
35 52 56 47 32 63 70 64 65 50 42 47 68 35 44 43 74 42 57 27
22 43 23 42 7 51 42 33 44 31 23 41 33 22 39 26 50 16 40 8
2 21 14 33 14 33 26 15 21 19 8 22 28 13 13 13 35 7 23 9
2 2 1 16 5 18 10 10 7 8 1 4 17 7 6 1 9 8 6 1
15 32 35 25 15 37 41 25 35 30 24 31 37 28 36 27 51 19 37 11
3 8 6 2 1 10 7 1 6 14 3 6 4 2 6 5 6 3 2 1
12 24 24 29 14 47 38 13 20 19 12 28 29 15 25 20 42 20 30 8
32 49 45 50 31 61 61 46 55 34 37 51 72 42 60 29 75 39 65 18
6 14 7 17 1 30 14 10 21 11 7 18 11 4 15 5 21 1 10 4
11 24 32 15 13 31 27 26 33 31 20 20 33 21 32 18 39 17 32 7
3 2 8 17 3 28 8 4 14 14 11 7 5 4 15 4 24 2 19 5
1 1 4 1 1 2 7 1 4 4 4 1 2 1 1 1 2 1 1 1
17 24 30 25 14 47 34 26 40 32 23 28 44 18 33 23 54 23 45 3
30 38 46 46 21 75 55 28 56 48 21 46 49 30 50 25 69 35 53 27
4 8 8 9 5 13 12 4 5 7 2 4 11 6 5 7 9 5 6 4
1 2 9 10 1 18 5 3 12 6 5 2 3 5 3 5 13 1 5 2
20 39 54 28 39 48 54 49 48 43 43 36 59 44 48 33 60 43 56 31
50 53 62 27 38 71 66 40 56 53 46 52 44 38 62 53 74 50 61 12
21 38 44 40 32 55 53 39 41 32 41 37 58 33 44 27 64 34 53 20
1 8 9 3 3 9 4 5 5 5 9 6 6 10 5 5 10 1 9 9
20 36 37 48 25 52 46 42 44 42 32 32 58 23 39 25 58 28 45 21
1 6 8 16 6 19 7 1 11 11 7 7 8 6 6 4 19 1 14 6
35 48 48 36 18 62 47 41 53 49 14 47 56 51 58 39 59 41 57 26
22 41 34 41 21 54 47 35 46 36 28 36 46 29 41 30 51 33 40 21
31 50 46 61 41 64 65 50 67 54 39 50 60 23 52 22 78 38 68 19
49 63 67 54 47 89 75 52 62 67 41 55 47 45 64 54 83 57 71 37
7 5 14 21 4 17 7 12 18 14 1 4 18 10 5 4 18 14 11 6
1 4 5 2 2 9 8 1 7 7 5 3 7 4 5 2 5 1 2 1
20 35 27 43 23 59 43 28 36 33 21 36 39 14 38 19 53 17 39 20
2 10 11 11 4 17 13 4 14 13 6 4 10 10 2 9 18 4 11 3
6 11 12 5 9 7 13 11 16 11 9 5 15 6 7 4 11 7 9 2
13 22 29 21 16 38 37 13 19 27 14 18 25 7 22 13 36 12 20 13
10 21 24 32 18 36 29 15 27 27 11 17 28 16 14 15 39 17 27 13
6 8 10 6 6 12 8 1 5 13 5 5 5 3 6 5 11 6 10 5
16 32 31 31 32 50 49 25 34 31 22 32 43 21 29 29 52 33 42 10
12 26 21 26 2 38 35 25 35 11 14 28 37 25 25 18 32 15 16 7
1 9 12 8 1 12 9 12 11 9 8 5 14 11 12 7 9 3 8 5
12 20 21 26 8 41 28 16 30 32 12 23 31 25 26 21 44 20 30 6
1 8 10 12 6 15 11 2 3 8 1 3 11 1 5 3 15 1 7 4
31 37 46 33 31 57 52 41 60 35 43 46 47 40 48 37 58 47 57 16
1 9 12 13 2 19 11 12 12 13 10 9 20 21 14 10 21 11 16 9
10 15 29 19 14 38 33 13 22 18 26 18 32 19 29 21 43 20 31 5
1 9 8 6 2 7 8 4 6 6 3 4 8 10 1 6 12 2 8 4
3 11 16 17 9 18 16 16 19 13 10 8 24 12 11 6 21 7 7 5
26 39 29 42 19 50 45 44 36 21 28 35 54 44 46 27 46 28 47 12
8 14 22 21 9 26 17 20 22 17 8 10 24 23 12 14 25 22 22 9
24 46 51 40 31 59 61 36 50 25 50 46 51 41 47 46 67 32 53 21
6 13 24 24 18 29 29 8 21 18 14 8 20 7 9 11 34 9 24 10
13 7 21 25 5 38 10 15 31 26 13 13 21 9 16 5 33 16 25 5
2 6 3 9 2 19 3 8 3 11 1 4 8 1 12 4 10 1 6 1
3 7 12 2 1 17 11 1 11 16 3 4 10 4 6 5 12 4 5 1
17 32 28 30 21 37 33 32 34 22 22 21 27 15 19 15 40 18 32 16
19 23 22 27 16 43 30 25 24 23 16 16 22 15 26 12 36 15 26 20
5 8 11 14 8 25 19 9 10 14 7 8 18 11 15 12 17 8 12 4
24 33 37 32 25 47 45 37 57 42 32 34 48 29 33 34 58 36 48 7
2 12 9 15 2 13 12 13 16 5 8 10 15 11 3 5 15 2 7 5
45 45 52 50 38 65 58 60 67 45 29 44 71 34 51 31 71 49 59 26
45 46 42 53 22 73 47 48 63 52 30 52 49 41 56 40 69 51 63 5
16 21 19 31 18 49 35 26 26 22 9 21 31 17 24 19 36 28 33 5
19 30 42 31 18 40 36 30 51 32 14 34 40 35 34 23 44 34 33 13
1 3 8 11 3 18 10 6 11 15 4 1 11 6 9 4 12 7 4 1
5 5 13 1 1 20 9 7 5 16 9 4 7 6 14 8 14 4 13 8
28 40 37 43 27 65 58 28 40 34 21 43 47 28 43 31 57 34 44 17
1 7 16 17 12 10 17 12 15 11 12 5 22 10 6 4 18 10 10 8
25 46 41 40 28 49 51 40 40 26 32 36 36 26 36 23 52 19 31 35
7 15 6 30 10 39 24 13 19 15 5 25 26 10 16 7 29 10 20 7
21 50 55 62 29 77 67 57 65 55 28 53 78 44 55 34 78 49 67 19
6 14 9 13 5 15 18 12 13 1 6 11 18 7 9 3 13 1 1 5
24 29 16 35 22 48 33 29 33 29 8 25 30 16 22 13 37 26 30 15
22 46 46 29 22 50 52 38 43 35 30 39 43 28 48 29 60 18 44 23
2 7 10 8 2 12 9 8 6 10 3 4 10 3 9 6 8 1 3 4
17 27 22 15 17 37 34 19 24 26 20 23 24 23 25 28 35 23 32 4
5 6 10 20 8 26 10 7 14 22 5 8 17 9 11 1 29 11 22 5
5 7 18 6 4 20 16 7 8 13 15 7 14 13 10 11 19 8 14 10
7 10 12 2 1 14 9 3 7 10 1 9 4 4 7 7 12 2 5 2
32 46 37 38 19 55 45 32 47 53 18 44 55 39 48 32 59 35 54 22
12 24 33 27 16 32 24 24 19 32 17 16 23 21 17 17 38 19 26 20
13 16 31 26 9 42 30 10 38 27 15 23 31 15 22 16 47 17 27 3
20 42 49 35 35 58 56 37 49 46 40 42 50 31 50 31 74 25 59 28
33 34 24 43 10 52 40 29 47 36 16 39 36 16 42 14 50 18 38 11
1 2 5 11 1 10 6 8 11 3 4 1 10 7 5 1 5 5 1 1
1 6 11 6 3 14 16 2 10 3 7 5 15 6 5 5 15 1 4 1
49 59 59 54 22 77 57 66 71 56 29 52 65 41 56 31 71 49 68 34
1 1 1 4 2 8 2 1 1 9 1 1 4 1 3 1 3 1 2 1
42 55 47 46 23 70 56 47 57 50 22 50 58 24 60 28 68 35 57 26
1 6 1 10 1 14 2 5 11 2 3 10 4 2 3 1 12 1 6 1
37 41 55 42 12 69 43 44 52 55 13 41 48 36 44 24 63 42 52 25
42 40 57 40 29 83 60 39 57 60 32 45 52 29 53 39 80 48 70 15
8 15 7 21 8 27 14 17 22 17 6 12 21 16 17 13 24 11 19 1
1 1 6 3 1 11 1 1 1 10 2 1 1 1 2 1 10 1 4 2
10 9 7 15 2 21 7 18 14 17 2 9 21 12 15 3 13 13 9 2
4 33 42 46 14 41 37 49 48 29 26 30 58 38 39 19 56 26 49 11
10 13 17 11 5 16 16 7 17 16 7 9 10 8 8 12 14 11 8 5
1 2 4 5 1 16 7 1 2 9 2 2 8 4 10 3 13 1 8 2
22 35 47 24 17 56 43 27 42 39 24 27 41 35 39 28 60 37 51 14
24 43 24 38 13 67 52 32 46 32 24 44 44 31 49 33 61 18 46 14
1 1 10 5 1 9 5 1 6 6 8 1 2 2 1 2 12 1 4 3
8 14 19 31 10 38 19 23 27 18 23 18 12 21 25 10 33 15 30 14
14 22 25 28 25 34 31 21 27 32 8 16 29 12 9 13 33 29 25 8
5 14 22 12 12 25 26 15 16 7 23 13 26 19 19 15 28 11 18 12
5 17 19 12 11 26 20 14 4 17 13 9 15 10 18 10 24 8 20 16
15 34 38 44 34 53 48 27 38 42 23 33 42 14 28 20 59 33 49 26
13 37 26 38 18 41 42 39 37 27 33 32 49 29 35 26 42 27 38 21
15 28 28 26 8 38 25 30 34 31 16 21 33 30 22 26 34 24 29 11
3 12 17 15 2 26 19 9 14 12 14 13 18 13 21 16 26 6 19 8
9 9 19 25 12 32 19 12 16 25 6 10 26 7 7 6 26 16 17 6
3 9 12 15 1 17 11 10 14 10 6 7 12 5 12 6 14 3 9 4
17 23 41 25 27 40 34 24 37 36 27 17 32 10 28 17 56 21 44 15
9 15 29 34 19 52 32 25 26 31 21 21 33 29 31 16 45 26 41 15
6 12 4 7 1 24 14 7 7 5 8 14 16 14 15 11 11 8 8 1
37 43 42 37 28 56 50 36 43 29 21 32 42 18 37 25 52 26 33 27
1 4 6 14 1 10 5 8 12 9 4 4 11 9 3 4 8 8 3 1
14 28 25 35 28 34 35 31 33 33 10 22 33 18 13 16 36 31 29 11
17 27 34 20 17 34 39 35 43 21 16 28 41 24 31 22 33 28 27 3
13 19 13 19 6 35 21 15 24 19 10 19 22 21 18 18 23 20 19 5
55 49 53 50 26 87 61 39 68 70 21 54 41 25 52 31 77 49 62 18
24 40 37 35 8 49 40 40 59 30 15 44 49 33 49 19 50 24 42 8
13 40 26 34 14 59 45 34 26 40 27 37 38 35 44 35 58 19 44 15
32 49 41 44 26 65 48 46 51 44 35 43 38 37 51 38 57 27 49 29
1 14 13 16 8 21 15 13 11 15 9 10 16 20 12 14 23 8 16 9
32 51 38 63 31 65 58 55 53 42 28 45 53 38 54 29 63 25 52 33
46 57 61 40 37 69 65 38 57 67 36 47 57 34 59 40 70 48 62 40
9 30 28 31 17 39 33 30 28 23 24 19 29 27 23 23 40 14 31 19
14 25 17 27 12 40 24 23 31 25 10 19 22 17 19 18 34 15 26 6
12 19 15 10 5 31 20 11 16 18 1 13 14 9 16 15 23 9 12 2
33 43 50 51 28 73 52 43 64 59 38 42 35 40 48 41 73 44 63 16
15 41 22 34 11 60 45 33 31 37 24 42 48 34 47 28 58 22 54 17
24 25 22 31 14 49 37 23 36 25 11 26 37 17 36 9 45 18 30 15
2 3 1 1 1 9 2 2 1 7 1 2 3 1 3 1 2 1 1 1
35 49 38 25 17 58 47 39 33 40 22 39 35 32 55 33 53 29 50 17
34 52 56 42 31 69 66 53 58 41 36 46 53 43 56 36 64 46 55 21
42 32 50 33 20 59 49 39 53 49 28 40 48 23 45 33 58 37 41 23
5 30 27 34 24 40 39 30 17 28 22 28 38 30 27 26 45 21 37 24
7 15 21 19 16 31 29 12 21 24 9 4 21 6 17 12 30 9 19 5
33 46 33 47 28 55 53 41 48 31 13 46 50 23 44 21 52 25 38 24
15 21 27 17 16 30 30 18 35 29 17 22 27 16 23 17 37 19 19 3
32 49 44 55 30 71 62 38 58 54 30 49 64 36 60 27 78 36 71 24
6 12 18 2 2 32 19 3 15 19 13 12 11 11 20 14 28 2 15 4
1 8 9 7 2 15 8 4 5 10 3 4 6 5 2 4 14 1 7 3
1 3 7 6 1 8 3 2 4 9 1 1 6 2 1 1 8 3 3 2
14 29 27 23 10 39 28 21 32 27 12 23 25 7 32 11 38 8 26 9
8 7 13 20 4 37 8 5 19 23 5 12 18 10 19 2 35 10 28 5
5 11 13 20 6 22 17 17 16 9 3 9 24 17 13 5 15 16 16 3
1 3 6 4 1 13 8 3 7 9 6 3 9 10 6 4 10 5 9 2
1 1 10 4 3 11 12 2 9 1 12 2 12 8 5 4 13 3 7 2
33 34 27 39 16 60 45 33 47 33 30 39 30 28 41 27 44 38 42 4
1 6 12 5 2 7 10 3 3 9 5 1 5 1 1 1 7 1 5 5
1 11 12 10 2 21 10 12 14 11 12 7 11 13 9 8 20 1 13 7
12 35 22 39 12 48 36 29 34 29 18 29 36 18 26 20 45 11 29 12
33 45 54 29 43 64 59 38 48 60 38 44 50 33 53 38 74 47 69 23
3 8 15 16 15 25 23 6 7 22 6 4 19 2 9 2 27 9 21 7
11 9 17 8 7 19 17 8 16 19 6 5 16 10 7 12 15 18 14 2
29 26 33 36 16 54 38 31 37 38 9 23 36 12 21 16 45 28 31 17
7 15 18 21 9 32 23 16 29 17 11 18 23 9 20 9 34 4 17 1
24 27 35 24 20 53 34 19 33 46 18 22 19 17 36 24 52 22 45 14
25 44 43 51 36 61 57 50 58 44 15 45 65 27 48 28 59 40 48 23
17 40 27 32 15 47 38 39 28 22 32 38 37 39 42 34 41 20 39 22
5 6 4 2 4 10 9 4 6 9 2 3 8 6 6 7 5 7 7 1
28 28 34 33 17 55 39 35 46 33 26 29 36 17 33 20 50 27 42 15
17 39 30 46 28 56 46 38 39 34 24 35 50 16 39 14 54 16 44 19
1 8 15 9 2 16 11 9 4 9 6 1 12 6 13 7 17 1 10 9
22 32 38 35 21 51 39 27 37 45 18 26 40 8 33 17 54 23 36 16
17 26 28 10 18 26 31 16 20 23 12 14 11 7 17 21 26 14 19 5
1 4 8 8 3 11 10 2 7 7 4 1 10 3 3 1 8 1 1 1
19 25 26 37 13 47 26 37 30 27 10 17 33 23 29 16 34 25 33 17
11 21 21 29 9 38 27 24 23 29 3 19 36 15 22 9 33 19 25 7
1 18 24 25 12 25 22 16 21 21 16 10 19 13 13 7 34 8 21 15
22 37 32 36 13 54 37 27 40 35 14 31 35 20 34 17 51 16 33 17
1 2 11 5 2 2 9 1 6 5 9 1 5 3 1 1 9 1 4 5
30 44 39 43 25 65 48 39 44 48 29 44 46 42 56 31 64 30 57 27
4 8 7 15 6 27 6 9 10 17 4 9 14 7 12 5 23 4 14 4
10 28 35 32 29 43 40 20 29 35 25 20 32 14 22 13 53 16 40 22
6 8 6 4 2 8 4 5 8 14 1 5 9 3 2 2 8 8 5 1
5 18 22 5 9 31 25 10 15 25 16 11 16 18 17 20 30 15 23 7
13 31 22 25 9 37 30 25 31 20 11 24 30 21 25 19 31 14 18 9
4 19 14 10 3 27 20 10 14 18 11 14 15 16 16 19 25 4 20 6
7 13 17 5 1 22 19 3 12 19 1 9 12 5 14 11 18 7 6 1
10 33 30 36 17 50 39 37 28 38 29 25 46 24 34 23 53 21 44 19
3 8 12 11 3 17 5 5 13 13 10 8 8 10 6 5 20 5 14 9
1 5 9 7 2 12 8 5 6 8 7 5 10 8 10 8 11 3 7 5
25 29 31 22 21 47 37 23 31 42 13 24 29 14 31 18 41 23 34 8
18 29 41 38 22 56 49 19 39 34 37 35 44 20 33 23 65 25 46 16
8 24 31 31 23 32 35 33 33 19 29 23 36 29 20 20 39 21 30 15
4 10 14 13 6 15 16 7 13 11 8 6 15 10 9 8 14 7 7 6
8 15 23 28 19 39 30 21 19 28 14 14 30 13 21 11 35 17 29 16
9 24 12 45 6 55 35 33 38 20 18 34 49 30 35 18 45 20 37 5
29 32 46 50 32 60 51 40 41 42 27 34 45 18 27 16 62 34 46 35
22 48 46 53 35 58 56 46 56 51 24 48 65 40 48 32 67 36 59 32
10 17 17 22 9 34 25 12 16 21 13 18 29 23 22 19 33 21 25 5
13 20 15 12 12 26 20 17 23 22 11 13 13 11 11 15 21 13 16 1
7 29 23 25 16 36 32 24 17 25 24 22 26 29 29 25 42 16 34 20
1 3 12 9 4 13 8 8 19 9 11 4 19 13 10 2 16 7 13 2
30 52 49 63 43 72 71 55 68 46 40 50 60 26 47 25 77 40 61 33
20 22 17 21 8 32 23 19 23 19 2 14 19 2 10 6 25 12 12 8
41 48 49 36 36 65 68 39 49 37 34 52 60 39 59 46 65 42 49 19
10 17 12 17 10 32 21 4 19 22 1 16 14 9 15 16 30 10 19 1
8 15 6 8 1 25 20 13 12 12 10 18 20 16 19 12 15 8 12 3
21 32 43 24 18 57 45 26 37 35 32 34 38 33 45 35 58 32 43 13
27 32 42 37 8 50 39 37 42 37 24 34 56 30 40 24 53 35 44 13
1 4 6 9 3 13 4 6 2 8 3 3 13 4 9 1 12 1 10 3
28 57 39 58 22 80 66 48 50 45 45 58 63 46 61 47 79 36 65 21
19 40 46 38 30 60 52 30 42 48 22 35 43 17 38 20 65 23 45 24
1 1 1 1 1 3 1 2 1 1 1 1 3 1 2 1 1 1 1 1
15 22 19 14 4 42 24 9 20 19 13 26 20 20 28 23 38 15 26 5
2 4 5 6 3 10 6 1 5 8 3 2 4 2 3 2 7 2 5 1
31 57 44 53 21 72 52 60 53 43 22 50 56 51 62 32 64 41 61 29
25 25 44 45 28 56 46 42 41 39 32 31 50 26 36 25 55 35 45 26
28 41 49 42 24 67 54 40 63 48 32 49 48 39 57 30 70 35 57 19
6 12 17 27 12 24 15 19 18 23 6 6 29 14 15 5 24 17 19 9
7 8 9 12 10 22 20 9 11 15 4 3 16 9 8 8 15 12 13 1
30 46 56 30 35 61 59 35 46 52 39 33 41 36 44 41 68 41 52 18
6 11 21 28 14 28 22 19 22 26 8 13 30 16 18 2 29 20 28 7
13 24 25 19 16 33 29 18 25 30 7 16 28 6 22 8 36 9 26 2
6 10 12 14 10 20 17 11 11 15 6 8 20 9 8 7 15 10 14 4
1 18 23 18 15 27 28 16 11 15 20 11 26 17 18 14 29 11 24 17
19 28 14 32 7 41 32 29 36 12 13 30 39 23 35 15 29 18 25 10
22 48 35 48 12 72 52 44 53 33 42 52 44 54 54 47 63 35 54 18
35 33 34 41 14 61 42 34 46 49 13 37 45 23 28 25 53 36 41 16
13 22 25 19 13 42 37 11 23 27 16 24 32 21 25 19 44 18 28 7
25 39 41 28 27 39 48 44 45 31 32 30 43 18 31 27 48 26 39 10
15 37 23 35 18 37 40 36 40 25 24 25 36 23 21 22 37 20 25 9
3 8 10 3 1 15 9 5 10 12 2 7 8 4 12 6 8 2 3 1
26 36 36 26 30 42 45 25 39 36 27 29 25 24 24 34 44 24 33 9
4 5 10 5 1 17 9 5 6 16 5 4 12 5 13 5 13 6 10 3
8 14 15 19 10 18 17 16 16 14 7 6 18 7 13 9 16 9 16 8
19 32 33 30 30 39 42 32 33 29 25 22 30 24 17 21 44 25 33 15
7 8 24 21 19 30 26 9 26 23 18 12 21 6 13 10 34 15 24 5
2 5 16 8 5 11 11 4 5 14 10 2 6 3 6 3 17 3 10 9
24 26 29 20 13 47 26 17 32 38 6 19 16 12 26 21 38 22 28 6
37 53 46 58 48 71 56 51 52 56 35 48 46 20 52 31 67 41 63 27
37 44 59 42 32 79 57 37 62 61 35 41 47 42 50 39 79 49 67 19
24 36 38 31 26 49 44 28 27 41 14 23 30 12 24 19 45 27 33 24
27 39 43 57 9 69 45 55 66 34 25 50 65 41 48 23 63 36 51 21
34 47 40 38 16 67 55 35 53 29 29 49 54 37 50 32 65 29 43 19
23 37 44 39 23 53 52 29 43 29 30 36 55 41 37 35 61 37 43 11
14 21 22 26 19 42 28 19 25 39 9 20 36 14 27 14 37 24 35 7
24 29 24 29 13 46 33 29 33 30 7 23 34 20 31 11 34 21 28 14
6 13 5 15 1 20 7 13 14 10 4 12 12 12 7 7 13 5 6 1
29 41 52 15 32 61 58 24 43 50 36 38 33 27 49 44 70 35 57 10
1 4 3 4 1 10 5 3 6 7 2 3 7 4 6 4 2 1 1 1
25 45 42 49 25 52 54 53 59 40 31 37 67 45 44 36 64 25 57 14
6 9 5 7 1 22 9 4 7 12 1 6 4 1 9 2 11 1 7 1
18 37 33 35 28 59 54 35 44 42 23 33 50 27 33 31 60 32 43 6
3 5 4 5 2 11 10 2 7 10 6 6 10 9 8 6 6 7 5 1
11 32 31 48 15 56 41 31 47 35 24 32 44 26 42 18 60 19 50 13
17 37 17 31 8 37 39 35 39 28 24 33 43 31 33 30 43 22 39 2
28 33 39 29 28 42 37 35 46 34 28 29 29 19 39 22 50 25 47 9
36 57 56 42 28 67 55 53 64 54 27 45 53 40 53 36 68 40 60 20
24 40 46 31 33 50 57 38 45 42 34 39 50 34 41 39 60 37 46 19
16 31 34 17 12 44 36 22 25 30 21 25 34 28 41 29 45 20 35 18
42 49 42 53 26 77 53 54 63 56 23 45 53 40 56 34 72 38 64 12
15 17 16 14 6 35 23 15 18 18 15 18 23 15 26 10 30 10 21 16
12 11 19 18 8 19 15 17 17 22 6 6 25 12 11 7 19 19 17 8
23 31 38 34 25 48 34 35 32 41 16 23 28 19 16 22 51 30 40 12
3 18 18 8 5 30 19 11 11 22 15 16 9 19 22 19 29 6 23 11
26 40 36 36 17 39 41 38 53 35 17 38 53 36 46 21 50 22 44 13
7 19 25 21 17 29 30 19 14 23 14 12 26 9 13 7 30 11 20 13
37 58 36 47 19 77 64 48 58 42 33 55 56 47 60 52 70 39 57 10
1 1 4 1 1 15 6 4 4 5 5 1 8 1 11 1 9 1 5 1
7 9 9 23 9 23 16 13 13 8 5 6 15 7 8 1 18 6 11 7
13 25 43 41 24 45 37 36 35 42 15 18 45 18 25 10 44 37 43 19
1 1 1 4 1 4 3 1 1 4 1 1 4 1 1 1 3 1 1 1
32 38 43 32 12 60 46 36 43 38 24 35 42 27 31 33 57 37 44 10
12 21 34 15 11 42 28 10 21 34 19 17 9 17 30 23 43 13 28 15
20 22 30 46 16 58 39 22 40 44 24 31 44 23 30 16 58 37 50 12
6 20 12 16 1 26 20 18 17 9 12 15 16 12 15 6 25 1 13 12
37 47 51 46 22 70 56 49 70 56 36 50 59 40 57 33 80 40 73 17
31 46 38 39 23 52 54 44 59 39 38 43 47 29 34 37 57 34 45 8
4 14 14 13 7 14 16 10 14 12 7 6 15 8 6 6 14 5 8 7
42 48 51 40 28 65 67 40 57 28 46 59 56 35 62 42 70 39 51 23
21 38 40 41 26 58 46 37 39 49 20 33 41 35 45 30 54 36 54 21
7 10 6 14 4 23 16 17 16 6 10 12 24 13 21 7 13 8 10 3
39 63 51 43 33 78 70 45 62 62 41 58 54 53 66 54 83 44 74 18
31 20 35 21 9 42 25 22 32 44 13 20 27 14 23 17 40 32 39 14
5 15 16 9 4 18 16 14 9 12 11 9 10 8 8 5 17 1 9 11
1 4 4 4 2 11 10 2 3 1 2 3 10 3 4 2 7 1 2 1
12 19 25 34 16 46 28 22 29 43 1 25 39 14 20 13 44 29 35 12
23 33 27 38 22 36 33 40 36 30 23 26 44 23 40 10 42 14 39 19
25 44 49 44 13 70 50 36 57 48 29 45 51 35 61 24 68 40 64 14
2 5 9 9 2 16 10 3 6 8 1 2 7 3 6 7 11 2 5 4
35 51 59 31 41 62 68 39 49 48 33 47 49 45 48 56 71 47 56 23
30 38 57 58 23 70 48 56 52 57 29 40 67 31 47 18 67 45 62 31
17 23 23 28 12 35 36 28 33 5 21 29 45 28 28 15 33 24 24 13
1 3 6 1 1 14 4 1 2 13 1 2 5 2 8 4 7 1 2 1
3 11 17 24 14 28 20 9 18 23 12 13 22 11 10 4 36 10 24 11
29 37 51 38 31 56 52 36 49 49 19 31 45 20 24 24 60 41 43 14
13 25 21 43 8 55 37 28 36 25 8 29 37 22 37 12 42 22 32 8
4 6 17 8 7 15 14 4 11 13 15 4 9 9 7 10 16 4 9 9
20 31 26 36 11 46 33 26 34 29 16 29 32 11 37 12 43 15 36 14
25 30 48 39 10 53 43 33 52 44 29 35 41 22 32 24 63 25 44 21
1 1 9 9 4 19 8 7 5 14 8 6 14 12 18 9 21 9 16 7
43 49 47 42 30 70 61 42 67 46 37 52 39 38 51 43 67 40 51 16
4 12 11 22 8 15 15 18 20 8 8 10 23 15 7 5 18 8 7 6
32 50 33 68 29 64 51 56 55 33 22 51 65 25 44 19 66 31 56 30
26 43 47 50 39 64 51 50 47 41 36 36 42 40 43 32 61 47 59 25
25 33 38 30 11 60 41 25 35 33 23 34 44 27 38 29 61 24 42 7
6 15 13 19 7 27 17 15 14 18 3 10 21 6 19 8 21 5 13 3
39 61 49 46 37 55 58 59 56 54 34 45 57 37 53 40 61 37 55 31
23 44 50 44 26 59 49 54 64 44 44 49 53 46 54 40 67 38 56 22
5 8 17 12 8 35 20 2 10 24 9 9 11 2 14 7 31 3 17 4
22 39 49 38 42 66 60 30 44 53 30 36 38 25 39 38 68 39 56 21
25 31 47 50 25 61 44 44 42 43 21 30 59 29 37 21 61 52 59 16
7 1 11 26 1 31 5 17 24 19 4 8 24 12 17 6 24 17 22 1
2 11 7 4 1 9 7 5 8 7 1 10 7 5 5 8 8 1 2 1
17 22 23 12 15 28 28 19 23 22 13 16 20 8 22 19 27 13 21 3
8 10 9 11 8 23 17 9 12 8 11 12 15 8 13 9 14 5 7 4
13 21 35 27 17 40 34 24 32 31 9 13 32 17 20 12 36 25 27 5
8 16 9 18 4 28 11 15 21 20 1 12 21 14 23 11 24 11 21 1
1 10 19 9 8 9 15 12 16 9 17 6 16 15 7 6 17 7 10 11
11 13 13 15 8 25 24 17 17 12 8 10 22 2 21 3 20 3 9 6
17 43 38 50 35 59 47 43 35 42 17 42 58 37 47 34 62 33 56 35
2 5 7 4 1 10 7 3 3 5 1 3 4 1 3 4 6 1 1 1
1 1 5 7 2 12 5 1 1 7 1 1 6 3 4 3 9 1 4 1
34 44 52 45 28 72 50 39 47 57 30 40 44 34 43 35 78 41 68 33
2 11 13 23 10 25 20 12 13 15 3 10 27 15 12 10 20 14 14 4
6 12 11 10 5 13 9 10 7 13 5 10 13 8 7 5 15 6 6 7
7 12 12 10 1 23 17 9 20 17 3 13 19 16 11 13 16 14 7 1
2 4 4 4 2 14 10 3 4 1 6 7 9 7 7 6 8 3 6 1
5 13 10 12 6 16 15 14 10 13 2 5 17 5 9 4 9 5 7 1
2 4 9 24 6 28 12 15 14 10 7 6 25 16 15 7 25 11 22 7
10 14 4 19 6 32 22 17 10 14 7 15 25 12 24 12 18 10 14 5
2 8 8 12 5 11 8 7 6 3 4 4 10 5 5 1 11 2 5 6
18 24 11 14 7 36 26 14 20 23 1 18 13 3 19 11 26 6 14 2
1 10 15 10 4 11 9 9 6 9 8 4 11 11 5 6 12 4 9 11
4 11 16 27 12 24 22 21 35 15 16 14 30 12 26 7 29 14 28 1
13 29 32 31 16 48 34 25 29 38 28 27 29 18 43 17 52 16 45 22
40 47 41 48 25 67 47 50 58 57 23 45 47 30 44 33 64 38 56 7
2 5 6 6 3 15 8 1 5 10 4 3 3 1 4 2 10 1 6 1
2 8 13 13 5 30 18 4 16 16 7 12 18 6 17 11 28 5 14 1
22 36 38 37 17 60 46 24 44 28 30 35 46 28 38 31 65 24 48 3
4 11 9 16 5 15 9 13 13 13 1 8 16 11 9 4 15 7 8 6
21 19 26 31 7 46 21 24 30 34 9 19 26 6 24 7 37 18 28 11
11 24 25 31 17 39 37 22 23 16 22 20 40 19 28 19 37 19 28 7
15 28 26 33 14 40 32 26 31 26 16 19 29 17 24 11 40 12 26 18
16 29 21 33 18 46 37 29 23 24 18 24 41 18 32 13 41 19 31 21
10 8 6 11 6 13 11 10 10 10 4 5 9 8 6 5 5 10 5 1
19 18 26 26 7 43 35 17 22 20 14 20 35 11 20 14 40 18 22 7
6 29 15 34 1 41 25 39 32 12 16 33 46 41 38 18 34 19 37 4
16 27 18 28 3 48 25 20 30 26 11 33 30 23 39 16 46 8 40 8
22 29 21 29 23 47 46 25 37 22 17 31 42 18 29 22 42 23 25 10
3 11 13 5 2 20 18 8 10 10 12 11 20 13 12 12 19 9 13 2
24 29 21 44 19 44 34 37 43 14 12 29 39 26 23 12 37 27 31 17
8 13 24 14 12 26 30 14 27 9 23 19 31 18 25 23 35 18 22 2
7 17 23 29 15 39 27 16 20 27 10 17 19 20 15 18 35 20 27 14
28 34 36 43 23 59 42 35 49 42 12 25 42 11 28 10 53 29 37 12
6 16 10 12 3 24 19 10 9 11 10 17 22 18 16 16 21 11 13 4
14 31 25 39 11 43 34 35 33 15 21 29 46 25 35 17 37 23 30 13
15 22 26 28 11 53 31 21 37 33 16 22 27 22 24 22 47 24 39 4
2 11 14 8 6 10 13 8 7 7 8 4 10 2 4 3 9 2 6 8
11 27 30 30 24 36 29 24 24 30 17 12 24 17 17 16 38 20 32 21
21 38 38 55 28 71 55 41 46 50 29 41 53 29 44 25 68 39 59 25
34 39 53 32 12 72 54 23 50 59 35 42 40 34 59 34 73 39 61 23
24 39 30 36 8 51 41 34 42 29 26 37 50 34 39 31 52 23 44 5
1 4 2 6 1 9 5 8 4 1 1 3 11 6 5 1 3 1 1 1
7 11 13 17 7 15 13 17 13 10 9 6 18 10 9 4 13 10 9 10
6 17 17 15 1 34 22 9 18 15 10 19 13 12 17 16 32 3 17 6
7 8 12 10 5 24 9 9 9 16 8 7 10 11 14 10 17 6 13 8
35 40 42 61 19 70 50 49 59 47 38 46 59 19 50 12 70 30 57 25
24 31 23 7 9 38 32 17 25 27 4 24 17 13 25 23 27 15 19 6
26 33 27 31 16 59 45 26 35 37 16 33 42 18 30 19 56 25 44 9
7 14 26 25 6 36 22 16 20 20 16 11 30 17 22 14 39 20 28 11
14 22 24 26 11 51 32 21 23 23 7 30 37 27 32 22 39 31 34 5
18 27 34 33 18 30 35 38 44 20 23 24 47 17 21 10 41 23 25 19
34 45 43 56 36 64 50 55 53 54 32 42 58 48 45 36 67 52 66 25
11 27 37 28 18 45 39 27 33 35 15 21 31 28 28 23 44 30 37 10
38 41 49 33 21 67 48 30 54 58 23 40 41 41 50 37 58 51 55 14
19 34 33 20 19 33 35 28 29 29 19 19 21 16 19 20 33 16 24 16
26 37 44 28 19 59 53 27 41 41 25 35 54 24 44 25 65 27 48 19
29 34 40 32 31 54 48 40 46 37 29 31 40 29 42 31 48 34 45 11
32 50 47 43 27 80 60 33 46 53 17 52 51 31 57 36 75 41 65 24
14 26 20 19 8 25 24 19 26 21 8 20 21 18 16 20 26 14 15 6
7 16 23 23 11 44 30 6 17 34 17 20 11 12 27 19 44 13 32 11
10 14 22 21 11 24 22 21 29 23 10 5 29 14 20 10 29 16 25 3
6 25 26 30 12 36 28 26 28 18 21 21 21 21 21 16 40 9 25 15
14 35 26 44 19 48 37 35 38 28 24 31 42 22 34 20 50 18 44 16
36 41 61 53 27 68 60 54 59 50 29 40 66 28 46 25 63 53 54 25
23 39 44 60 34 63 48 43 46 54 31 35 48 32 46 28 66 39 62 30
6 6 15 2 11 15 19 3 15 12 9 1 10 4 6 10 11 8 9 1
4 15 14 13 1 21 17 11 16 12 12 14 16 18 11 16 21 5 13 8
36 36 43 42 27 55 49 41 61 52 33 48 60 31 56 31 71 30 60 16
22 38 54 43 29 61 51 43 47 41 35 31 49 41 45 36 62 45 57 21
26 46 44 40 25 63 54 36 47 44 15 42 49 20 42 18 67 24 42 27
24 28 49 50 28 69 51 36 49 48 30 40 62 28 38 31 70 48 60 23
5 10 17 15 20 28 31 5 12 21 11 10 24 6 13 9 31 14 24 6
13 32 23 36 10 51 32 26 28 31 14 31 25 15 37 15 50 5 38 14
10 8 26 12 13 33 25 2 18 26 17 13 25 11 21 9 40 14 31 7
33 42 52 29 29 60 61 25 44 46 38 39 54 33 55 40 66 38 55 21
19 42 30 27 15 45 41 33 31 29 19 31 38 25 40 27 47 17 41 15
37 38 51 35 15 70 36 31 53 57 20 39 36 39 50 33 65 41 56 27
9 15 16 19 11 30 23 9 21 13 10 14 18 6 12 8 24 3 10 4
14 30 34 29 14 41 30 28 26 34 19 20 35 20 39 16 46 13 39 19
44 56 66 58 29 86 61 59 76 67 39 51 56 41 54 40 84 51 74 27
34 39 48 36 28 53 46 36 45 45 22 29 41 13 28 23 52 36 38 19
38 49 43 44 10 76 56 39 63 49 30 58 53 45 63 34 70 39 59 18
10 14 21 14 9 23 18 14 15 21 7 4 15 7 17 6 24 10 22 7
43 46 41 37 22 66 54 40 43 32 21 42 47 24 40 33 58 37 40 17
10 15 15 10 8 18 15 14 14 13 10 9 15 8 10 10 14 8 12 6
10 23 15 20 8 23 18 29 16 17 16 20 19 23 18 14 21 12 18 16
7 14 21 13 3 30 15 20 15 24 10 9 18 17 22 8 21 13 20 8
39 38 52 33 24 51 48 42 60 48 24 37 48 29 26 36 56 43 43 17
12 17 20 17 10 33 25 14 23 17 13 17 25 10 19 10 30 6 13 9
20 37 27 39 20 62 48 32 30 34 27 34 40 21 40 24 61 25 52 15
15 13 24 39 12 46 16 25 35 35 11 17 35 18 24 5 42 27 45 8
1 9 14 17 12 17 18 6 15 10 12 9 19 8 7 5 23 5 12 7
9 11 24 30 11 29 22 24 26 22 14 13 43 23 18 10 30 25 30 8
7 13 19 14 5 23 21 6 15 18 4 9 14 5 12 11 23 5 10 4
1 3 3 7 3 13 8 2 4 8 3 3 9 6 7 6 7 2 5 1
1 3 2 1 1 6 1 1 1 9 1 1 2 1 3 1 5 1 4 1
1 13 18 20 10 21 21 10 16 19 8 9 22 8 8 6 29 6 13 6
9 26 21 41 18 40 35 32 36 16 20 23 42 17 25 11 38 11 24 12
1 6 3 5 1 14 6 4 2 3 1 4 8 4 6 2 7 1 1 1
20 27 29 21 14 34 36 21 36 20 14 26 29 9 23 13 35 14 14 13
21 33 36 19 11 46 33 28 32 37 17 29 33 25 41 24 44 17 33 14
1 6 6 17 3 18 6 10 16 11 5 5 15 14 10 6 10 10 8 1
9 14 24 7 13 28 32 2 17 20 15 13 25 9 15 18 29 16 18 1
5 18 15 29 10 24 22 24 30 10 12 15 32 17 12 10 25 8 14 3
24 43 42 43 29 68 50 37 45 53 23 38 41 28 47 33 71 34 60 14
12 13 21 7 6 29 23 5 14 27 10 11 17 14 23 13 30 14 28 8
37 48 53 48 38 69 62 45 46 53 37 43 64 27 45 37 71 49 62 24
12 22 17 20 10 31 24 22 19 15 10 15 28 17 19 16 29 19 23 5
32 45 54 29 32 49 52 43 44 48 32 34 44 26 51 33 61 30 51 24
12 25 25 30 17 50 37 17 34 37 26 25 37 26 27 24 54 18 42 9
6 13 5 10 1 20 13 10 14 10 2 12 12 9 9 7 8 2 1 1
18 35 32 35 19 48 45 29 29 24 28 31 46 34 29 32 49 27 37 12
15 27 41 27 21 31 38 28 45 27 22 27 41 28 31 23 43 29 31 12
1 9 11 8 1 9 6 8 7 9 4 7 13 8 4 2 15 3 7 6
15 17 18 15 1 36 20 15 17 25 1 16 23 12 23 12 28 14 15 3
11 18 13 19 16 20 24 22 22 20 13 20 31 10 23 4 28 10 23 1
26 26 35 23 18 53 44 16 44 31 31 33 30 23 41 27 55 32 49 3
25 25 33 24 14 51 33 16 23 44 15 22 31 16 32 15 47 24 42 21
9 16 29 35 16 33 28 29 33 20 14 11 46 22 18 9 39 26 32 9
1 11 10 16 4 17 17 12 17 9 5 8 22 11 10 8 19 1 5 1
15 26 31 24 26 37 42 35 40 29 27 32 52 30 35 26 47 28 40 13
32 57 43 48 39 57 67 51 61 50 24 51 63 30 50 31 69 30 55 17
23 22 28 40 15 56 35 17 42 44 11 32 32 15 22 18 51 28 38 8
4 10 35 25 5 32 20 20 36 25 13 14 32 19 20 7 35 23 26 3
31 59 43 61 28 78 62 60 60 46 30 51 57 44 59 34 73 36 61 32
2 7 16 14 7 16 16 7 21 8 10 6 16 6 4 3 20 5 8 2
1 10 8 19 10 22 19 10 8 10 8 14 28 15 13 9 25 12 17 7
28 30 30 23 18 40 34 25 39 27 19 23 18 14 22 22 33 22 21 11
28 50 31 44 16 57 58 45 60 24 30 51 60 38 50 39 62 29 48 7
18 32 55 33 22 39 40 41 48 37 28 31 47 35 35 28 52 37 39 18
20 27 29 45 29 49 40 35 39 35 14 21 39 10 22 7 43 32 36 18
13 23 34 16 7 41 29 14 20 35 18 20 25 25 30 26 42 24 31 13
18 31 35 21 17 45 38 23 28 33 18 19 28 24 33 30 44 26 35 17
1 1 4 3 1 16 4 1 1 11 1 1 3 2 7 3 6 1 4 1
18 54 60 46 42 71 69 44 55 62 35 50 58 33 53 41 83 38 63 32
9 20 21 11 6 21 21 11 12 14 9 14 13 8 11 12 23 3 11 10
13 26 16 30 15 40 28 21 20 24 7 21 26 10 22 10 35 7 21 12
26 42 32 35 27 55 56 37 44 39 23 40 42 31 32 37 49 33 37 7
5 3 5 6 3 14 6 5 7 12 1 1 6 6 7 2 7 8 9 1
9 15 16 23 12 34 26 20 21 20 16 14 37 23 29 15 28 21 32 4
2 5 13 11 10 15 20 13 21 8 17 11 27 14 17 12 20 15 12 1
3 9 12 24 4 20 10 15 27 10 5 11 19 18 9 3 18 15 15 1
13 26 7 37 6 33 19 34 30 16 6 24 39 24 25 11 27 11 21 5
29 41 49 33 26 64 49 30 34 52 30 36 50 24 50 32 67 35 53 26
14 27 19 35 16 44 34 30 32 24 11 24 40 25 23 22 39 23 35 8
34 39 51 45 13 70 49 38 56 44 37 45 55 44 44 37 72 43 61 18
5 17 18 19 14 20 25 19 29 10 18 19 29 12 18 15 27 9 19 2
5 8 18 6 9 10 17 5 10 14 13 4 10 4 6 5 13 5 8 8
7 6 8 10 1 31 13 1 10 20 5 9 14 9 20 7 28 10 21 1
37 50 46 53 19 80 60 38 57 55 31 53 55 32 61 24 79 32 60 32
7 10 17 24 16 30 21 11 11 22 7 9 22 4 8 6 26 13 17 10
34 44 45 46 30 60 56 47 57 36 34 42 59 17 42 22 66 33 50 29
48 57 60 39 43 67 71 47 66 45 34 51 56 34 48 46 76 42 53 31
7 14 20 18 4 25 10 15 15 17 8 8 18 11 7 5 29 7 19 11
2 7 9 8 4 21 11 1 4 17 2 5 10 3 13 5 19 1 14 2
1 17 7 16 1 23 18 13 18 15 11 15 16 12 14 13 21 2 13 1
1 4 4 11 2 11 7 3 7 2 3 4 12 8 1 2 12 1 6 1
4 19 12 21 9 19 21 14 18 14 2 12 23 6 11 7 22 3 14 1
4 13 10 16 5 18 17 15 19 14 8 11 21 16 9 10 14 9 7 1
1 10 10 13 4 16 17 14 10 6 8 9 23 16 16 13 13 12 9 5
14 31 21 37 17 45 36 33 26 17 20 25 36 26 32 14 43 19 30 27
4 6 18 16 8 21 15 8 21 7 16 10 13 7 8 5 22 5 13 5
25 29 42 38 23 49 48 35 48 37 28 37 51 17 28 24 61 26 43 18
6 3 10 9 1 21 6 4 11 15 2 2 9 4 5 7 13 6 6 1
33 46 49 34 24 67 49 43 43 51 21 39 28 38 51 36 55 41 51 18
6 5 6 13 7 11 7 8 7 8 5 4 10 9 3 1 11 8 10 6
11 34 18 43 11 46 35 46 34 28 27 33 44 45 38 30 41 28 44 11
24 43 46 41 24 60 57 45 52 45 37 41 57 35 46 36 72 28 50 21
33 52 55 50 47 67 72 62 55 45 42 48 76 40 62 35 73 53 71 36
1 3 5 9 1 13 3 1 5 2 1 3 2 1 2 1 12 1 5 1
4 9 11 8 1 30 16 1 12 16 5 12 8 6 19 14 24 5 14 1
9 14 24 29 9 37 25 21 23 19 18 12 35 17 23 9 37 24 31 11
1 7 14 8 3 16 11 10 5 10 10 4 12 13 10 10 15 6 11 10
17 36 31 34 21 42 50 40 47 32 21 39 55 27 34 26 45 27 32 7
7 11 14 17 3 33 18 10 15 17 13 14 12 9 20 10 26 4 21 9
7 17 20 15 14 29 29 19 22 19 12 9 30 12 21 10 27 13 19 4
27 33 28 38 13 63 37 31 41 36 9 35 47 28 40 25 51 36 44 7
11 35 33 45 28 44 38 37 35 38 19 31 52 18 37 12 53 23 45 24
8 14 4 23 2 30 12 21 16 7 6 16 25 15 27 8 22 9 20 7
4 10 19 19 9 23 20 19 18 15 13 7 28 17 19 8 20 15 20 10
9 18 13 15 1 28 14 14 18 18 4 15 17 8 25 12 20 4 15 3
1 5 12 14 2 20 12 1 13 12 10 7 3 3 6 4 20 1 14 4
43 47 38 42 22 73 60 36 49 43 37 50 36 23 56 35 61 35 51 10
7 10 17 13 10 23 21 4 16 17 9 9 14 3 12 9 23 6 11 3
21 49 38 46 25 69 62 38 43 37 39 51 50 44 44 44 67 34 51 18
10 21 30 34 25 30 36 24 38 26 27 23 41 11 27 12 45 17 32 11
28 48 47 53 32 68 62 52 64 36 33 48 49 35 43 34 69 36 52 18
7 22 29 19 20 32 32 16 18 23 23 11 19 15 21 16 36 16 29 19
27 45 32 44 16 67 48 39 47 38 25 41 49 33 51 24 64 24 52 29
22 40 46 59 20 71 59 48 63 45 22 48 69 40 36 28 70 43 53 11
5 5 3 9 4 18 6 3 4 10 1 4 5 2 7 2 11 3 7 1
17 31 33 31 21 54 51 25 49 38 24 34 44 21 29 35 59 29 42 1
18 35 29 44 20 48 40 39 35 24 20 28 36 32 29 23 43 22 34 26
8 28 29 25 19 41 42 15 19 31 20 26 28 24 23 26 45 19 30 17
1 3 11 3 4 8 11 3 4 4 6 1 8 1 3 1 7 1 1 2
10 26 38 44 33 60 51 24 36 43 32 26 33 20 36 20 63 29 53 25
33 47 41 35 21 62 50 37 46 39 22 39 47 28 51 28 56 34 46 17
7 14 6 31 10 40 26 15 18 16 5 23 24 3 21 1 33 6 23 9
28 30 50 33 22 62 46 34 45 46 31 33 39 24 37 30 61 33 47 23
37 42 52 41 25 52 59 47 54 40 42 49 66 37 38 40 61 44 46 27
10 34 33 52 23 47 40 45 47 31 6 33 54 32 31 15 50 36 50 15
10 29 17 30 12 35 32 26 29 23 17 22 30 22 21 18 33 11 23 7
1 1 1 12 4 16 3 3 4 6 1 1 6 3 4 1 11 2 6 1
28 40 31 44 26 60 45 40 40 41 5 38 53 26 44 17 50 35 46 30
11 16 10 15 7 11 16 19 21 14 5 9 19 11 16 4 15 9 18 1
1 4 5 13 4 18 6 2 7 7 1 3 8 4 5 4 11 2 6 1
3 7 6 16 2 17 5 8 18 8 8 9 10 11 7 1 17 7 13 5
8 26 30 40 14 39 33 33 44 29 22 20 45 26 24 16 46 20 32 9
17 22 22 18 14 38 30 24 31 23 12 14 20 8 26 15 27 13 23 1
19 35 36 26 17 51 46 28 27 31 27 26 33 26 40 25 46 24 36 21
21 36 36 40 29 50 50 31 49 42 21 42 54 25 45 26 64 21 49 12
19 32 42 46 33 58 47 35 48 46 20 27 53 24 26 23 65 39 53 19
28 36 35 18 19 52 42 19 26 35 19 28 22 18 39 32 49 26 39 5
5 16 14 16 6 27 18 14 14 15 10 13 21 16 17 14 29 7 23 10
36 46 35 45 23 75 61 29 49 44 30 49 45 16 57 21 67 28 50 20
19 31 40 37 10 52 37 39 46 32 25 37 57 43 42 28 51 40 44 5
22 34 43 63 25 72 58 42 61 49 37 42 65 34 35 27 79 45 70 21
4 10 25 31 12 36 25 15 32 20 12 13 27 20 15 9 33 20 27 5
37 41 46 49 14 66 43 43 47 46 34 47 49 39 48 39 65 43 59 24
8 19 22 16 15 20 23 18 21 14 11 6 21 9 7 8 20 13 14 8
44 62 68 41 49 60 74 59 63 57 39 51 56 49 65 56 72 48 66 35
8 14 21 9 7 15 19 9 15 15 7 7 16 2 4 2 18 5 5 3
20 26 17 18 6 35 27 18 26 23 5 22 22 11 25 8 26 8 15 7
21 27 22 15 16 36 31 20 16 22 16 21 23 19 23 24 30 25 25 6
6 9 12 1 1 19 11 2 8 17 3 8 4 2 10 8 9 3 2 1
20 35 30 28 21 37 31 37 34 32 16 21 30 16 31 14 36 21 34 10
20 30 20 22 10 44 27 28 29 19 21 28 29 26 36 23 41 22 42 4
53 51 59 52 26 85 59 47 59 59 20 50 56 38 55 37 79 45 61 42
30 49 51 64 38 76 64 55 62 61 39 47 70 24 43 27 82 44 68 29
26 55 39 47 20 70 52 46 50 49 36 45 45 39 54 36 68 29 58 26
1 5 1 4 1 10 4 3 5 1 1 7 11 10 6 6 8 1 5 1
13 30 28 26 9 57 41 15 32 30 25 35 35 26 38 28 60 15 43 5
4 7 6 16 9 15 15 6 10 12 4 5 17 9 4 4 10 10 8 2
26 30 36 34 7 49 33 31 33 26 20 33 43 23 37 23 49 24 42 10
17 43 40 50 24 66 62 41 61 40 44 50 55 50 50 47 73 34 57 18
36 36 33 25 19 57 41 29 37 39 13 29 30 20 38 26 47 28 35 15
14 18 24 15 14 29 26 19 22 26 14 13 26 18 14 19 33 21 28 7
4 9 20 10 9 20 17 12 10 19 16 8 18 14 13 11 26 12 19 10
1 6 8 2 1 10 6 1 9 5 3 5 5 3 4 3 7 1 1 1
7 30 29 39 24 39 33 36 23 29 11 23 41 16 27 14 35 21 32 25
4 11 18 10 6 21 16 8 11 19 11 5 7 9 13 10 20 6 14 8
33 48 52 25 30 56 59 38 53 41 29 41 50 29 49 34 61 40 50 16
19 23 36 25 23 41 41 28 39 28 21 17 30 17 23 23 38 24 29 11
9 18 14 10 1 30 20 9 13 12 5 19 23 15 23 18 24 10 16 1
6 9 6 5 3 16 8 5 1 14 1 4 3 1 7 1 11 3 7 1
36 51 53 33 28 60 54 38 52 54 34 41 46 42 53 38 65 35 57 29
33 51 40 38 23 63 50 42 55 50 34 47 39 41 56 43 68 31 60 12
8 10 8 9 1 15 11 8 5 11 5 8 7 5 6 5 6 4 1 4
5 11 17 17 7 19 16 15 14 17 7 5 21 13 11 9 15 13 10 9
7 14 18 14 7 25 17 10 9 16 4 9 19 7 12 9 21 6 11 7
13 18 16 12 6 22 19 13 10 13 4 13 9 4 13 10 14 5 5 8
16 37 49 37 20 55 44 39 41 44 25 28 42 34 45 21 51 36 50 22
16 19 20 32 9 39 35 19 33 19 25 27 37 16 32 10 41 20 35 1
2 8 7 6 4 7 8 4 3 6 3 4 8 2 4 1 9 2 5 5
6 19 23 23 18 31 32 21 29 16 23 21 35 12 26 10 39 16 26 10
26 37 36 35 20 59 44 33 29 35 29 30 38 22 46 25 53 27 44 25
5 2 15 13 4 18 11 5 10 16 7 1 15 6 9 4 20 8 14 5
1 4 9 10 1 13 7 5 10 10 7 4 9 6 7 4 11 5 5 4
10 14 16 23 10 21 17 15 26 19 4 8 20 11 1 7 27 17 18 2
1 12 10 15 1 28 15 6 15 10 11 16 18 15 17 13 26 7 19 6
26 47 38 48 20 67 58 51 58 38 43 49 57 47 51 42 68 36 49 24
15 22 20 32 6 47 29 23 34 18 27 32 38 24 38 16 47 18 38 5
4 19 21 26 16 28 24 26 22 24 20 15 33 26 28 14 34 13 30 14
23 36 38 28 23 52 42 33 30 33 30 27 28 35 36 38 48 36 42 17
18 21 27 26 1 51 24 17 41 33 11 29 35 25 27 18 48 25 38 6
29 37 25 40 22 57 39 32 40 37 4 38 38 19 37 20 47 27 36 19
3 8 6 5 5 17 14 1 5 15 2 7 10 5 8 9 11 5 7 1
31 56 45 56 29 80 62 50 49 60 31 52 67 30 57 32 77 39 66 28
16 11 25 19 17 29 20 18 30 30 13 6 26 10 15 11 32 24 25 3
10 13 9 8 9 19 15 8 8 11 4 11 14 10 9 9 14 8 12 5
9 13 12 12 6 25 10 5 15 15 5 11 7 5 10 10 19 7 14 6
25 30 34 35 27 62 40 29 27 39 25 27 38 30 32 30 58 43 53 12
22 29 38 27 16 45 38 27 38 33 19 27 40 18 36 21 50 19 33 13
5 16 24 11 9 39 26 9 6 29 14 13 19 14 27 20 38 13 27 11
1 4 8 11 4 18 10 4 8 10 4 2 12 3 10 1 17 1 8 2
8 18 13 25 14 41 31 12 21 20 16 25 30 16 19 13 41 16 31 5
28 53 50 30 25 65 60 35 49 52 39 39 45 38 49 42 69 30 58 28
22 36 40 27 21 33 37 34 32 38 20 20 32 20 28 21 43 18 38 16
19 33 36 31 14 34 36 35 39 26 19 23 38 23 33 13 35 19 32 14
1 1 9 5 3 8 6 1 5 5 9 1 4 4 4 2 10 1 7 5
13 33 24 47 8 49 33 31 47 33 29 35 36 29 37 19 55 17 46 13
26 44 45 34 32 53 51 41 42 38 36 33 33 30 34 37 54 26 40 26
16 35 37 24 20 48 39 28 22 41 21 26 33 22 38 25 49 22 38 22
13 15 26 24 6 44 24 17 25 27 16 15 22 12 24 11 38 11 28 13
8 18 20 9 1 29 18 6 18 24 6 16 13 12 16 16 29 7 15 5
10 17 22 19 9 39 19 20 18 28 16 15 17 24 30 22 33 16 26 15
5 12 5 15 1 26 11 13 14 9 6 15 18 16 13 12 20 6 13 4
1 2 7 4 1 10 5 1 6 5 5 1 1 1 1 1 8 1 1 1
6 26 16 22 5 23 23 24 22 11 5 20 31 19 22 17 25 6 17 5
13 16 21 27 14 43 33 13 32 19 14 22 28 14 25 16 36 14 22 5
24 41 47 37 24 68 54 37 41 52 24 41 55 36 44 36 72 34 55 20
31 40 34 40 9 63 39 39 45 38 13 43 51 21 51 19 57 27 46 16
20 24 26 23 1 45 27 18 36 36 7 26 33 24 28 20 43 26 30 1
7 13 17 9 7 25 17 8 5 19 10 7 4 7 12 10 21 4 14 10
19 19 35 28 17 45 35 30 43 27 23 25 41 24 34 21 44 30 35 12
27 30 25 26 13 50 28 27 30 36 10 23 31 24 31 13 40 24 35 20
9 17 24 16 7 29 20 8 21 26 8 10 13 12 8 13 31 12 18 6
6 10 12 6 5 22 17 1 6 14 10 12 12 10 17 16 19 9 14 6
8 24 24 30 19 32 27 26 24 19 14 11 28 21 15 13 35 20 29 18
27 47 44 49 40 69 62 37 49 48 26 45 47 11 42 28 65 35 50 28
6 13 26 26 10 25 19 19 31 16 12 14 32 20 11 9 27 18 15 6
1 7 12 2 1 10 8 2 5 10 5 4 4 5 5 5 10 1 5 5
3 5 12 2 1 13 10 1 8 11 6 4 1 1 7 5 11 1 4 2
25 36 36 14 17 56 44 19 25 43 21 33 27 28 43 31 50 23 41 14
16 21 22 19 12 24 22 25 30 25 13 14 27 14 14 14 27 20 23 3
33 43 40 57 17 74 46 51 48 36 18 42 67 38 59 19 63 43 57 22
27 30 31 39 6 66 34 25 50 42 12 38 44 31 43 21 54 29 44 11
13 38 37 44 21 51 45 41 34 34 18 36 60 34 42 24 53 33 50 21
3 3 8 2 3 14 8 1 7 12 4 1 1 1 3 4 8 3 6 1
23 41 34 46 33 63 52 35 45 45 30 39 40 15 38 29 62 31 51 14
1 1 6 11 2 15 6 1 7 6 4 1 2 1 2 1 14 1 9 1
45 54 57 58 39 89 62 50 60 64 29 46 45 31 58 33 80 49 68 35
19 37 43 56 32 61 45 43 54 46 20 37 58 18 43 12 61 34 53 21
30 26 46 47 13 72 45 30 53 51 34 36 47 37 49 17 70 42 63 21
22 44 41 43 25 59 48 48 49 45 33 34 40 43 41 38 58 34 54 13
11 17 17 17 12 26 24 23 16 18 8 8 25 15 17 15 17 18 16 8
4 6 13 8 1 22 13 1 12 15 7 6 5 6 13 10 19 2 11 4
3 7 11 4 4 21 17 1 8 13 6 6 9 3 12 10 18 4 12 1
27 31 38 18 13 45 33 9 33 44 8 22 19 15 27 21 49 23 37 14
2 3 9 7 1 18 12 3 6 14 6 5 11 10 12 10 13 8 9 3
1 6 9 14 7 12 14 6 12 5 8 7 19 12 5 4 16 5 10 4
8 15 10 29 10 24 16 23 21 23 8 14 33 21 24 6 26 15 30 6
3 7 10 10 5 13 11 5 9 11 8 6 11 7 8 1 15 4 11 6
34 33 44 35 23 65 45 38 48 50 18 33 41 29 42 28 55 43 49 5
6 13 5 7 1 18 9 11 7 10 2 12 9 7 9 5 8 1 5 2
42 62 45 52 22 71 56 56 63 49 31 57 55 52 65 36 66 37 60 35
1 3 16 33 6 31 16 18 25 12 11 11 29 18 19 5 28 14 27 5
17 28 32 34 18 40 30 29 29 24 26 25 18 25 25 22 36 19 29 26
1 1 4 1 1 11 7 1 6 3 7 4 10 7 7 3 10 1 6 1
1 4 11 4 3 16 13 1 7 7 8 3 9 6 3 6 14 2 8 2
25 40 42 26 35 41 52 35 42 38 30 32 45 14 36 25 50 28 36 21
8 6 13 8 6 20 8 6 7 18 6 4 10 9 8 7 15 10 13 7
23 25 37 36 32 46 42 29 54 43 25 30 45 21 25 26 56 38 43 7
4 6 15 12 4 22 13 5 17 14 11 5 14 11 14 4 25 4 17 5
1 5 7 8 1 15 9 2 13 6 7 7 9 7 5 4 16 1 9 2
14 20 24 21 13 33 23 17 19 26 13 15 24 12 28 7 31 16 27 17
9 10 10 6 6 24 19 6 14 12 6 7 10 6 8 10 13 9 9 1
33 42 31 38 5 61 43 28 52 43 19 48 37 26 54 17 61 13 50 8
16 19 25 25 10 34 30 23 32 23 7 21 34 16 21 9 26 21 16 4
24 27 23 15 9 40 30 15 28 30 8 23 19 12 28 16 31 13 18 8
6 11 13 10 7 16 14 2 7 12 2 5 6 1 4 7 15 4 7 4
12 13 14 5 1 35 16 9 11 24 7 14 19 8 26 13 23 11 18 1
4 11 8 16 10 32 19 7 10 21 9 15 21 12 18 13 28 11 20 5
22 37 42 29 31 51 49 29 39 26 42 37 36 36 36 41 58 33 48 16
8 15 18 15 10 19 20 6 18 15 9 10 11 5 7 9 19 6 9 6
1 1 5 7 1 10 6 1 3 5 3 1 6 2 3 1 8 1 4 1
1 4 8 5 3 17 11 1 12 7 7 3 10 5 6 4 14 1 7 1
2 9 4 9 1 10 7 6 11 8 4 8 9 9 3 5 7 3 2 1
1 9 11 13 6 16 12 10 9 12 6 5 14 9 11 7 12 6 8 6
5 15 22 15 9 30 25 19 24 13 19 16 27 20 22 13 36 10 23 8
11 21 28 18 10 34 32 17 24 14 19 17 26 16 25 19 34 13 20 12
2 22 18 34 13 41 38 27 34 23 24 29 50 33 22 19 43 28 36 6
27 36 26 56 27 58 47 45 60 44 23 35 57 29 39 20 66 23 57 4
31 37 43 32 14 65 50 14 40 38 32 44 35 30 52 34 67 29 54 16
29 34 46 41 17 67 47 38 47 49 36 34 44 24 39 23 65 39 57 21
8 12 16 16 12 23 18 9 27 17 11 9 19 11 12 8 26 11 16 1
36 43 51 31 26 61 50 31 52 50 18 34 37 31 47 36 63 35 53 23
7 7 12 7 7 21 15 1 8 24 1 5 6 1 5 6 17 9 10 1
8 20 21 23 5 26 25 18 27 18 12 18 30 22 14 18 28 14 16 7
8 16 27 18 17 36 34 13 21 26 23 12 25 24 23 23 35 20 28 12
3 16 19 21 5 30 23 14 16 11 11 13 24 16 21 17 32 9 22 9
32 36 48 33 30 66 51 28 43 52 17 34 43 19 33 31 66 38 51 17
16 35 28 48 16 49 34 35 38 36 33 38 32 31 39 20 52 20 47 21
29 39 43 29 24 49 45 36 50 38 18 33 39 11 35 25 56 25 40 7
50 63 63 42 48 71 72 46 62 67 23 52 60 30 64 38 75 45 68 32
1 1 3 1 1 7 3 1 1 3 1 1 6 2 4 3 1 1 1 1
4 7 10 5 1 14 9 1 6 11 1 6 5 3 9 8 10 2 2 1
1 8 14 11 2 21 13 11 5 12 6 1 15 5 17 6 19 1 14 8
30 43 35 27 15 56 45 32 40 42 15 35 42 28 42 30 49 29 37 12
22 32 38 40 29 46 45 40 42 43 28 33 48 28 40 22 57 27 48 17
30 38 45 36 23 63 45 42 50 43 31 33 46 36 45 29 60 40 56 18
22 31 45 31 27 40 46 29 51 34 27 35 40 23 39 28 54 25 38 20
20 34 30 39 14 46 40 33 51 37 23 34 43 33 44 23 56 12 43 11
22 46 38 39 19 56 53 42 36 26 37 43 45 48 44 44 53 30 42 19
9 14 18 17 14 29 22 11 14 26 8 5 23 8 14 7 24 13 20 7
36 40 34 38 13 57 38 46 45 43 19 40 43 25 38 30 55 30 49 13
17 36 35 36 18 45 38 38 29 27 26 25 43 33 42 26 43 30 43 22
3 10 9 10 6 12 12 6 8 6 4 1 6 1 1 1 10 2 5 3
38 61 46 48 26 77 65 49 56 44 32 53 60 44 59 42 68 44 62 15
25 37 35 39 25 61 53 30 39 35 16 41 47 20 43 25 57 23 39 24
31 46 50 42 25 65 47 51 51 50 32 37 46 36 45 35 68 36 62 21
1 6 3 5 2 6 8 2 8 3 4 5 8 5 2 2 8 1 1 1
11 22 12 20 1 25 19 21 21 15 3 19 21 14 14 12 17 8 3 4
13 26 44 34 29 40 40 37 50 32 40 30 44 30 38 20 54 30 46 25
30 40 46 26 29 57 44 35 28 50 26 24 25 14 38 27 51 29 44 25
1 4 3 2 1 2 3 3 2 1 1 2 6 1 1 1 2 1 1 1
34 37 38 39 23 53 38 39 43 40 21 29 31 22 25 23 53 30 41 16
14 30 38 29 37 31 47 23 40 35 22 30 40 13 23 21 48 27 35 18
22 23 29 22 16 47 38 15 28 25 22 23 34 14 31 16 48 19 34 13
19 24 28 20 10 42 28 16 19 22 22 24 32 25 30 23 40 23 31 8
10 13 19 11 13 18 23 17 25 13 16 13 24 12 14 9 17 15 15 5
30 49 51 43 40 54 60 44 58 49 19 51 57 32 47 34 66 37 57 26
20 45 39 44 30 56 51 47 42 39 30 32 52 33 41 30 56 33 52 24
22 37 54 48 34 55 48 40 47 49 39 31 48 25 33 24 67 33 50 33
28 45 51 66 32 77 55 49 57 62 41 47 59 26 53 27 82 37 70 33
18 28 24 44 17 44 38 37 46 24 10 33 55 24 31 12 42 26 31 7
2 7 8 14 8 23 17 1 10 12 6 10 15 8 10 10 18 6 11 2
3 4 7 19 9 29 17 1 17 15 9 7 12 6 13 7 23 6 18 1
6 11 8 7 1 15 6 6 10 15 3 10 10 8 13 1 14 3 11 3
17 16 21 15 16 36 25 20 19 25 15 11 19 13 25 18 30 18 30 7
4 8 15 19 17 30 27 10 16 19 5 6 23 4 11 8 28 14 22 3
6 23 19 22 2 26 17 27 24 19 14 18 32 24 22 16 27 9 25 8
30 52 28 49 9 57 50 49 61 44 28 50 58 55 52 45 59 35 54 9
7 17 4 24 3 22 11 19 23 13 1 15 24 17 22 7 24 7 23 1
8 7 8 4 5 20 13 9 8 17 8 6 11 6 16 5 12 6 9 1
3 12 9 10 7 16 16 8 9 10 1 4 15 6 4 8 14 4 7 1
24 42 51 32 36 63 62 35 48 53 30 45 56 37 45 43 70 41 56 23
6 13 25 37 9 42 19 20 30 29 5 16 29 14 26 5 42 18 33 6
30 57 39 49 29 79 70 37 52 50 32 54 59 30 53 32 74 32 58 24
24 45 46 25 24 58 55 26 29 47 28 35 34 32 44 39 64 29 51 18
21 12 24 15 3 37 22 15 13 20 17 19 26 15 20 15 32 25 30 5
30 39 36 31 18 58 42 29 31 34 19 31 43 29 36 26 59 30 49 11
22 35 32 26 18 40 38 35 36 27 17 21 31 12 32 17 33 18 26 14
34 46 54 60 33 76 63 45 54 55 44 50 63 24 51 27 79 44 68 30
24 34 32 23 11 38 29 28 34 37 8 22 30 17 30 19 42 18 34 7
20 30 30 37 18 56 36 33 29 34 19 23 32 18 41 17 50 19 37 27
20 33 21 39 13 57 46 18 41 37 26 43 37 26 38 29 56 25 45 7
5 9 8 6 4 20 16 5 7 13 10 9 15 12 17 13 14 11 14 2
23 37 36 32 22 60 47 28 37 37 19 27 34 13 40 15 57 15 41 22
13 11 30 27 12 41 23 20 21 38 17 13 27 19 20 17 40 24 34 17
1 3 10 3 1 26 7 1 7 13 6 5 7 6 11 8 20 3 13 2
11 20 28 32 24 36 34 26 19 28 20 16 32 7 22 5 37 16 28 23
14 18 33 23 17 35 33 13 42 25 19 27 24 16 27 20 43 18 29 8
5 11 15 8 6 14 14 5 17 11 10 10 11 8 7 8 13 4 4 4
1 1 2 5 1 6 2 5 1 1 3 1 5 1 5 1 4 1 3 1
1 1 7 1 1 13 5 1 1 5 1 1 3 3 6 5 8 1 4 1
23 29 25 17 10 36 31 25 33 30 8 20 28 16 33 13 33 12 30 2
9 20 23 26 9 31 20 23 24 20 11 12 27 16 25 13 29 13 21 13
16 27 30 29 13 40 32 25 44 29 19 23 29 15 13 20 44 20 30 2
24 34 34 49 13 56 37 38 58 41 28 33 45 29 38 20 59 27 51 9
7 10 15 11 6 19 11 10 10 17 9 8 15 8 10 5 20 8 12 8
27 53 54 59 42 78 68 46 63 63 38 47 63 23 48 36 86 41 68 29
17 35 23 27 11 46 45 26 32 20 25 32 39 28 30 30 41 17 29 7
9 12 18 21 1 27 14 16 18 25 3 13 24 8 8 6 30 11 20 5
4 7 12 18 1 30 14 11 17 15 11 11 19 13 26 12 27 9 24 5
8 12 18 14 3 33 18 9 16 15 9 10 13 7 18 7 26 1 18 9
4 9 13 9 5 17 12 11 9 15 13 8 16 18 12 12 17 12 14 11
13 40 38 25 14 48 42 31 34 38 29 30 31 22 41 25 52 12 38 18
13 28 30 26 10 46 30 25 31 30 24 28 28 37 39 30 45 26 36 15
6 10 24 18 12 21 19 12 17 19 11 3 23 1 6 1 24 9 12 7
2 6 13 6 1 14 9 1 10 15 6 3 3 4 4 4 13 3 8 3
1 4 6 2 1 10 4 7 4 7 4 3 9 1 9 1 6 1 6 1
23 38 43 45 33 56 48 39 48 42 18 32 49 24 33 9 54 37 48 19
4 14 29 12 15 16 25 9 21 18 16 11 24 2 11 9 31 8 14 6
6 17 10 13 1 25 19 16 15 11 8 16 19 15 16 13 16 4 10 3
33 49 50 42 39 57 63 48 54 43 31 47 61 26 51 27 67 34 46 34
2 3 10 11 7 7 13 7 9 9 6 1 12 5 2 1 9 5 4 3
21 29 37 17 19 35 32 24 32 33 21 19 18 18 17 24 36 22 25 8
10 23 31 26 19 44 37 23 38 30 21 24 38 30 30 27 49 22 34 11
1 13 26 17 13 22 23 19 13 17 20 5 21 16 19 14 25 8 18 17
35 37 61 44 44 57 62 49 64 55 34 43 71 36 36 37 70 59 59 26
7 9 11 11 4 25 7 5 10 17 9 8 6 8 12 7 21 4 15 8
32 47 37 38 31 57 57 37 50 49 20 42 44 32 45 36 61 30 49 6
31 39 62 38 26 69 52 29 53 58 30 34 48 31 46 30 75 38 57 29
37 38 41 51 19 74 53 44 65 45 14 50 65 34 61 23 71 38 59 10
28 42 53 48 35 58 56 46 58 48 31 40 65 31 51 28 71 38 59 24
27 34 36 54 24 72 45 43 56 47 29 43 52 41 41 34 71 47 67 8
24 33 33 48 26 54 52 43 57 38 34 48 66 36 52 22 64 38 59 14
7 16 24 38 11 43 29 28 41 26 18 22 49 26 21 17 46 22 34 3
25 43 39 37 17 58 52 40 51 46 42 44 49 36 48 40 64 25 46 7
10 12 17 14 13 24 20 10 12 21 7 1 14 5 12 10 23 12 16 7
42 36 40 52 19 67 46 39 50 37 23 40 43 19 40 24 57 32 42 30
3 13 21 16 3 32 18 13 21 21 14 12 21 21 18 15 31 13 21 10
23 27 45 16 25 44 46 16 35 38 22 26 32 24 34 35 50 29 35 17
1 11 12 18 9 15 14 12 13 7 8 7 18 9 8 5 15 5 7 7
26 41 43 39 34 66 59 34 45 46 22 35 52 21 46 29 64 40 53 15
1 4 14 6 3 19 15 1 12 7 14 6 9 8 8 10 21 2 13 5
13 23 30 20 12 46 34 9 26 29 23 21 24 18 28 20 52 16 40 6
32 38 44 45 17 66 53 37 44 49 21 46 59 29 36 35 60 46 49 18
6 13 5 16 5 25 11 10 14 12 7 12 12 10 11 7 23 4 16 4
15 41 37 35 32 47 46 37 29 41 21 28 36 24 33 29 51 26 45 22
6 26 23 22 12 25 24 23 25 18 13 11 21 17 8 15 29 13 22 12
5 13 17 9 1 19 10 8 13 16 4 10 13 9 7 8 19 5 5 5
25 29 25 29 6 52 37 36 36 36 16 30 42 21 31 24 41 23 35 9
3 10 8 13 1 27 16 8 9 4 6 13 13 4 15 8 19 3 10 3
35 35 54 47 29 74 54 44 58 62 15 42 53 28 38 34 62 59 56 16
5 22 20 16 11 24 29 18 20 18 13 15 29 13 18 13 25 13 16 8
1 6 3 5 1 11 6 5 9 2 3 5 10 8 2 4 4 1 1 1
1 1 1 10 2 10 4 2 4 6 1 1 8 6 4 1 6 4 3 1
5 9 13 13 7 20 17 7 12 19 6 9 16 11 14 12 17 8 11 4
25 47 41 46 27 72 58 35 50 52 31 43 43 27 49 34 74 24 62 20
4 11 12 10 1 13 8 9 9 14 1 8 9 2 15 5 15 1 8 2
2 4 8 5 4 14 8 1 12 12 6 1 6 2 6 2 13 3 9 1
23 45 41 59 24 59 57 52 48 24 27 46 72 40 50 19 61 37 51 21
29 34 37 46 27 73 52 35 44 50 16 34 44 5 46 13 66 31 56 20
4 5 15 12 7 17 16 11 14 12 10 1 19 7 16 3 21 5 14 6
30 47 36 50 29 59 59 45 59 30 22 51 59 39 39 31 55 33 40 22
24 39 38 32 13 58 42 20 45 40 26 38 39 30 43 26 58 26 49 26
10 13 22 2 8 25 22 5 16 24 8 6 12 3 17 12 24 6 17 2
1 1 1 4 1 7 2 5 3 8 1 1 5 2 7 1 3 2 4 1
38 57 60 61 49 78 73 57 71 57 21 52 68 31 53 31 74 55 58 35
47 46 49 33 22 68 47 41 51 55 14 39 36 27 46 33 58 42 47 13
13 27 25 17 10 25 29 21 26 20 11 16 19 13 11 15 28 11 15 6
4 8 5 8 2 19 14 7 3 3 6 9 13 10 12 9 10 6 6 2
2 9 11 11 4 16 13 5 8 12 4 4 12 7 8 6 13 4 7 5
27 33 38 49 23 60 45 40 54 46 13 32 60 29 45 21 64 29 52 10
10 12 22 11 24 24 27 13 22 25 17 10 21 4 15 14 29 17 24 2
30 46 43 51 13 66 49 45 57 42 25 41 39 28 46 15 58 34 48 23
4 20 23 31 21 28 31 21 22 19 20 17 33 16 25 9 43 9 36 15
4 10 12 6 5 16 16 9 8 11 6 5 16 7 10 5 14 6 10 4
26 41 33 41 10 64 50 32 55 38 37 48 51 34 53 30 63 31 52 5
36 38 40 45 20 67 55 37 55 40 21 40 49 17 29 27 65 28 43 19
40 50 40 34 27 46 53 48 60 45 22 44 52 30 51 26 54 30 45 14
25 25 37 24 21 45 40 23 41 34 23 23 39 24 34 19 46 30 41 16
3 6 7 1 1 13 7 1 7 7 1 5 1 1 4 5 5 1 1 1
1 8 8 8 3 11 7 6 4 9 2 4 9 4 6 1 12 1 7 6
9 11 14 12 4 21 14 8 14 14 6 9 18 12 5 9 23 13 14 4
1 3 8 5 1 16 10 1 4 5 9 4 7 8 7 8 15 3 12 6
