1000 20 13 1018
12 14 6 2 2 15 2 10 1 5 13 15 17
3 6 4 5 6 4 4 4 6 3 4 10 10
5 6 1 2 3 4 0 3 7 5 5 6 11
6 11 7 5 11 11 4 0 9 17 1 5 6
7 11 7 4 5 12 12 2 9 13 20 7 2
1 1 11 7 5 2 9 4 1 9 1 4 6
2 8 1 12 1 7 6 11 11 3 13 5 1
3 8 5 19 7 9 5 10 18 1 16 15 11
2 3 4 1 2 2 3 5 6 5 5 1 2
13 12 11 15 0 16 20 6 7 3 9 3 5
13 19 5 4 3 8 10 3 13 4 21 2 14
20 4 4 1 13 6 3 16 3 1 0 11 10
7 16 1 3 0 6 4 9 11 0 8 9 5
24 11 2 1 4 5 0 6 7 19 3 6 3
0 2 15 6 2 4 0 18 3 11 7 1 7
11 2 10 22 3 8 3 15 11 7 6 5 6
1 3 7 6 5 5 1 3 8 2 5 9 6
4 14 9 2 13 4 14 1 3 8 1 19 1
4 18 7 7 3 0 4 0 8 20 0 25 7
1 2 1 5 3 4 0 10 4 3 15 6 5
5 5 2 6 1 7 4 4 5 0 6 4 4
5 3 6 7 1 5 10 12 9 2 18 13 1
13 9 4 8 18 10 5 1 11 9 6 9 3
16 4 2 0 1 2 5 17 17 0 1 18 12
2 10 2 0 14 13 3 9 16 14 11 7 6
5 2 10 0 5 5 0 3 12 7 1 3 2
0 1 3 1 5 1 9 2 0 0 8 2 4
1 3 9 2 3 13 23 2 7 4 2 5 1
2 1 10 11 6 4 11 6 3 10 1 11 8
16 0 11 0 9 2 8 13 14 6 1 19 3
1 8 6 7 1 8 14 1 10 2 23 2 5
6 1 1 4 4 0 1 2 2 1 5 4 7
3 8 7 2 6 11 3 0 6 7 12 7 7
10 5 4 1 15 4 13 8 11 19 1 16 3
1 1 1 3 14 25 4 12 3 1 1 20 11
5 2 1 1 2 0 4 4 7 0 1 0 4
4 11 16 1 2 3 4 0 2 7 7 5 2
6 4 3 5 8 0 0 4 7 3 3 3 1
5 6 7 7 1 2 3 0 3 4 4 10 10
5 7 13 12 1 7 3 12 3 7 9 4 2
0 6 17 0 2 11 6 10 10 1 11 3 23
5 1 9 13 1 6 3 8 2 2 2 7 9
8 1 6 21 24 13 4 2 0 3 6 5 7
8 1 1 1 6 0 4 3 1 0 11 4 6
8 11 3 10 8 9 1 5 2 1 5 9 1
6 2 2 8 5 6 5 17 5 0 3 2 8
2 12 2 7 1 6 2 4 2 2 13 15 8
7 3 4 14 10 9 3 11 13 8 2 2 13
5 0 5 0 3 1 2 13 13 1 2 6 5
12 7 6 7 1 1 6 6 10 0 10 12 10
0 1 6 4 4 5 1 0 3 3 1 7 1
27 0 6 12 7 6 6 1 3 3 13 9 11
3 1 4 5 9 2 8 20 6 3 7 6 5
9 3 1 1 5 1 6 1 2 4 2 6 10
5 6 3 6 2 2 1 1 4 3 10 8 1
5 2 1 8 3 4 4 1 0 0 1 2 4
6 3 3 2 6 20 15 14 3 3 6 7 2
5 2 2 14 18 5 2 9 3 7 6 2 19
1 3 1 8 3 6 1 2 0 6 7 7 4
4 8 0 3 1 7 8 2 5 4 5 0 5
4 18 2 5 1 7 9 4 6 15 4 4 9
4 2 6 3 8 5 5 6 4 1 2 2 0
6 1 1 2 1 5 0 2 7 5 2 3 3
1 5 5 9 4 3 3 5 0 5 6 7 2
6 0 5 4 4 8 5 0 4 2 0 0 2
7 10 1 5 4 0 2 4 4 5 3 11 5
15 8 0 2 8 7 13 10 2 6 7 22 10
3 10 1 2 11 4 10 15 3 14 5 4 5
3 7 5 8 2 4 4 4 2 1 2 2 9
4 12 17 4 4 15 14 1 8 5 4 9 2
4 2 2 9 2 6 14 3 11 1 5 3 5
4 19 0 8 9 8 2 11 10 19 7 7 3
0 8 3 6 2 7 0 6 20 0 20 13 6
11 5 2 6 9 0 1 5 0 7 6 2 1
11 1 10 4 10 10 3 16 18 1 11 16 12
4 2 5 3 12 4 8 6 10 1 1 5 6
9 10 5 8 13 12 12 5 4 21 3 13 1
8 3 11 3 16 7 0 3 30 1 2 3 2
3 16 7 9 8 5 0 0 6 1 12 5 2
2 0 6 3 8 1 4 1 0 8 4 2 4
2 2 2 2 9 4 5 4 1 10 3 2 1
13 3 9 5 0 13 6 1 2 2 7 9 5
6 1 3 8 11 1 2 4 1 3 9 6 2
0 2 2 1 1 2 8 1 3 2 2 6 3
17 7 4 3 15 17 7 15 7 4 14 5 5
1 7 1 6 1 11 4 7 2 6 1 0 1
4 13 6 3 4 4 4 13 3 2 8 2 1
1 1 23 4 3 4 9 1 4 2 8 11 14
16 22 7 1 4 5 5 15 1 11 3 7 7
5 1 0 1 4 2 3 5 1 5 0 3 2
2 0 8 1 1 4 2 4 3 1 5 4 2
3 3 7 1 1 3 8 4 3 3 1 5 6
3 3 1 1 2 1 2 4 2 9 1 3 2
4 3 3 5 4 2 2 9 2 12 3 2 2
3 5 11 8 1 4 4 7 3 1 11 0 0
3 11 2 2 16 3 7 15 6 9 3 14 2
10 9 8 4 12 4 1 4 6 1 3 0 10
1 7 4 4 2 4 7 7 2 0 6 8 3
2 2 0 1 10 3 2 1 1 9 4 3 6
1 16 2 13 15 8 4 5 10 1 7 1 6
3 10 6 3 0 2 8 21 13 4 3 14 1
6 16 6 2 6 5 1 5 16 16 2 16 5
7 16 6 12 11 4 8 0 4 13 9 1 8
18 15 5 6 1 1 13 11 10 4 4 1 14
7 9 5 1 15 1 15 5 13 5 12 5 2
1 6 8 4 7 15 10 12 3 9 4 6 4
7 8 2 14 2 15 16 9 1 0 11 4 0
7 1 4 4 3 3 1 4 6 8 9 2 1
12 2 4 16 3 3 2 16 13 7 14 16 1
8 18 1 13 3 8 4 2 9 5 5 3 15
7 6 5 9 3 0 1 7 10 4 1 1 2
9 10 4 5 1 2 6 4 1 4 1 6 3
1 9 2 4 4 4 4 7 9 5 9 3 1
2 1 6 2 2 8 2 0 4 6 7 4 3
25 6 7 4 9 1 5 10 1 0 6 16 1
9 5 11 5 8 2 1 13 0 1 3 1 2
10 13 9 2 12 5 3 6 9 11 16 1 12
3 4 2 13 3 9 14 17 4 5 3 2 8
2 6 12 14 14 2 1 3 0 4 4 5 2
4 4 3 4 2 5 1 6 1 4 2 3 0
13 3 5 13 14 1 11 3 11 4 1 3 6
17 10 7 3 8 12 1 2 4 6 9 7 2
4 6 8 5 4 13 8 5 0 2 3 2 4
6 3 3 1 8 3 1 5 4 2 4 14 12
0 4 4 6 8 3 2 11 3 4 1 0 1
1 1 3 6 3 7 2 3 4 2 5 0 1
15 7 6 6 3 6 21 3 12 2 10 5 7
6 5 6 2 9 15 9 4 7 11 8 8 22
17 6 10 4 3 10 2 3 7 10 3 21 4
3 6 3 4 3 2 2 2 2 4 6 1 1
8 3 0 7 5 3 4 2 4 3 4 9 1
10 4 4 1 8 3 14 2 3 7 3 3 13
0 8 13 2 13 3 9 8 8 2 6 4 2
6 11 20 10 11 0 14 13 9 10 5 10 3
7 4 2 13 15 3 12 13 2 12 12 7 2
1 13 3 0 4 4 4 6 1 4 6 1 14
1 8 6 2 9 1 6 1 5 1 7 4 5
2 4 1 0 1 1 4 1 9 3 3 3 4
3 14 0 8 13 15 23 1 11 14 5 2 2
1 3 8 1 5 5 1 5 6 3 3 7 5
2 6 6 4 7 2 6 3 1 3 5 1 3
16 7 3 18 2 8 9 18 0 2 6 14 13
10 1 12 0 11 4 4 23 7 3 13 14 11
3 2 2 1 1 4 4 6 5 3 3 1 4
15 1 2 1 1 7 5 6 6 15 4 15 6
5 2 1 6 0 3 1 6 3 3 2 1 3
2 3 0 3 1 9 4 1 1 1 9 4 5
5 1 19 5 9 1 3 6 12 3 0 7 20
10 9 4 7 6 7 2 8 1 8 1 5 7
11 7 0 1 4 7 13 22 6 18 15 1 3
1 0 1 3 5 4 2 8 8 6 13 1 7
0 3 2 6 1 3 1 1 2 4 4 2 3
7 0 4 4 8 9 5 7 8 10 1 1 0
14 5 5 1 8 18 12 3 5 4 5 1 7
6 4 0 5 7 4 1 7 4 3 10 5 8
3 5 1 15 4 17 13 11 10 8 6 0 12
2 4 0 3 4 7 2 2 4 4 6 2 1
2 4 9 5 12 5 9 13 21 2 11 4 15
5 13 18 2 3 17 6 1 6 2 4 6 6
2 0 2 0 6 0 2 3 6 1 2 3 3
5 0 3 9 18 7 4 8 0 1 11 2 17
2 13 3 2 4 4 7 1 1 6 3 5 0
10 3 18 6 5 10 5 3 4 12 6 1 15
0 1 7 6 1 3 5 3 0 11 4 4 2
2 3 3 14 1 6 15 0 16 7 8 6 9
5 1 7 3 10 16 3 2 8 4 4 4 0
1 1 2 0 7 2 5 6 2 2 0 5 1
6 7 8 3 4 9 2 4 8 4 4 4 2
12 7 9 7 11 17 3 4 3 5 12 2 18
12 18 13 12 1 6 4 6 12 11 1 1 15
12 20 13 5 7 2 9 3 8 4 10 11 3
14 3 4 6 2 4 4 15 13 6 9 3 6
1 9 10 1 3 5 8 14 3 1 6 3 7
2 8 1 6 1 1 2 2 0 0 5 0 1
14 18 5 11 8 14 4 3 1 10 1 0 9
6 3 4 4 3 2 0 5 3 2 13 9 6
2 11 4 7 5 5 13 9 4 6 5 8 19
3 6 0 3 13 5 4 10 11 14 13 0 3
11 6 0 0 7 8 3 5 1 4 6 19 0
5 5 1 2 5 2 2 1 4 1 1 2 4
7 9 1 3 4 2 3 5 6 4 3 3 3
5 2 2 4 0 6 5 7 2 11 2 5 3
3 1 0 3 4 7 6 1 4 3 0 5 5
1 12 2 4 0 5 0 16 4 11 8 9 9
17 1 0 6 2 10 11 5 7 2 21 1 5
9 6 9 9 10 1 7 9 2 5 5 6 4
1 5 3 11 3 3 3 3 2 21 7 9 15
3 4 2 8 5 7 4 10 6 1 14 7 1
13 3 1 6 8 8 10 4 17 2 2 2 14
19 1 6 9 3 1 3 7 21 1 11 8 0
11 6 21 5 6 4 11 24 1 2 8 4 2
10 9 6 6 2 5 14 16 1 7 11 5 12
11 21 13 6 2 13 4 13 0 11 10 13 4
5 2 5 1 4 1 3 0 1 11 7 11 0
1 8 2 12 10 5 5 0 13 14 1 10 3
4 2 21 6 4 11 10 6 2 7 10 5 1
4 2 2 1 3 0 7 2 7 4 4 1 1
4 5 1 5 5 1 5 0 4 5 3 1 12
9 8 13 3 3 5 9 5 2 5 3 4 3
1 6 10 2 7 8 21 13 3 9 8 4 4
3 14 8 1 4 9 10 19 6 5 2 13 2
4 5 6 13 15 3 12 5 2 8 15 5 7
4 2 1 1 7 1 3 0 5 1 5 5 10
0 7 3 2 2 0 3 2 4 2 1 1 3
14 8 7 6 14 11 9 2 5 6 12 6 4
5 3 10 4 2 9 3 10 3 11 1 1 11
2 8 11 11 6 5 5 1 1 2 4 1 3
1 6 5 2 3 0 5 0 0 1 2 4 1
0 5 10 8 7 5 4 7 1 8 5 1 7
2 4 2 6 0 2 1 5 1 3 2 4 1
19 12 16 4 11 8 7 7 9 7 10 7 6
7 0 4 2 2 4 1 1 4 0 8 1 6
1 7 8 10 8 9 16 1 6 7 6 3 6
4 0 10 9 6 3 8 8 6 18 10 5 6
0 3 5 4 6 5 4 2 6 5 2 3 4
2 10 12 2 2 3 1 1 0 1 7 3 4
7 4 6 6 8 2 10 11 4 20 9 7 0
2 5 11 4 0 2 6 5 5 22 18 2 17
3 2 4 1 12 2 11 6 5 7 5 16 12
3 15 2 21 9 4 9 8 7 2 5 16 5
7 8 8 16 3 1 1 2 9 1 11 6 7
13 3 7 3 3 10 0 6 1 5 3 4 15
3 11 18 6 4 10 11 8 8 9 3 4 7
7 3 1 1 0 9 9 0 8 9 20 8 3
11 2 8 1 5 18 9 1 6 7 3 5 0
6 1 11 1 3 6 0 10 10 11 0 11 5
2 5 1 8 6 1 4 7 12 5 1 5 6
1 1 5 3 1 4 5 1 2 1 9 2 4
4 1 7 7 1 2 6 16 8 11 5 5 11
4 9 3 3 2 6 19 0 13 3 8 8 7
5 2 4 0 6 5 4 8 6 4 2 1 0
0 1 4 1 0 2 6 4 7 3 3 1 1
6 9 11 0 8 0 2 6 4 2 7 3 10
1 6 1 4 1 0 3 1 7 3 2 3 7
5 0 1 6 13 8 13 9 12 8 2 8 6
1 5 1 7 0 1 2 5 3 3 1 0 0
2 9 12 6 13 2 7 2 5 13 4 0 14
13 3 0 5 4 5 10 22 9 11 6 4 2
0 17 10 1 1 4 2 5 10 13 0 6 15
11 4 5 9 2 4 10 4 9 0 1 1 4
3 5 2 1 2 9 3 6 2 6 2 3 2
0 7 5 4 0 12 14 14 6 2 6 3 10
7 13 10 3 9 8 8 14 10 5 3 4 10
1 7 4 8 5 4 6 12 2 30 2 3 8
0 6 1 8 0 7 4 4 2 1 8 2 3
9 2 16 10 8 1 23 12 14 1 6 6 9
6 3 19 8 7 10 1 2 15 9 11 15 6
2 2 4 8 0 5 6 2 2 14 4 6 6
2 2 7 13 1 10 6 8 13 5 6 1 1
2 1 9 0 8 0 1 2 6 3 3 4 4
4 7 8 8 4 4 4 3 4 1 6 0 7
6 5 2 6 1 1 3 4 4 5 2 4 0
1 0 2 5 2 1 1 3 4 4 3 0 4
5 1 9 6 5 4 2 2 3 6 5 7 4
17 6 0 11 4 9 0 10 0 9 1 3 8
0 1 2 1 0 2 0 5 2 5 5 3 4
5 13 6 5 1 23 3 0 13 9 3 6 3
5 2 4 1 2 0 5 3 7 4 3 0 1
0 0 14 4 1 3 0 3 1 2 1 6 17
1 10 4 7 10 11 17 14 10 5 12 2 5
2 6 4 2 16 7 9 0 4 16 14 6 8
2 1 5 8 2 10 16 5 7 0 4 2 7
8 4 3 3 11 4 5 4 5 1 3 10 13
1 5 5 1 5 4 3 5 2 3 1 1 5
4 5 1 1 3 5 3 1 2 3 1 4 4
9 19 7 8 15 20 15 4 1 2 10 0 7
12 0 2 4 0 4 2 6 12 2 3 7 3
2 0 2 1 1 5 2 10 10 3 2 7 2
12 7 0 11 12 4 8 2 0 9 15 8 2
1 5 1 0 4 0 4 1 1 13 3 1 1
3 0 1 2 3 2 2 10 4 9 0 3 8
5 3 5 7 6 8 8 12 3 2 12 15 7
5 3 13 4 5 0 2 8 3 0 6 1 3
6 10 4 1 1 14 5 9 11 6 9 2 10
28 14 7 2 4 12 8 1 6 9 2 7 11
1 4 2 7 16 7 6 16 1 20 2 14 6
3 3 2 3 0 1 2 7 0 4 2 4 0
1 2 2 6 1 1 1 3 2 7 1 1 2
4 8 8 2 14 8 15 5 1 1 13 0 2
4 6 3 3 6 13 1 4 5 0 0 14 2
3 3 0 5 1 3 7 9 3 10 3 17 15
13 4 8 0 18 2 8 2 17 2 15 2 0
2 17 7 8 8 3 7 17 15 6 2 11 17
12 0 0 22 8 4 5 11 15 12 4 2 18
1 7 3 10 8 4 1 7 8 5 6 4 2
4 4 4 1 2 2 0 7 5 6 1 5 0
6 1 2 8 4 13 2 12 3 8 12 1 1
8 2 4 13 13 16 7 0 4 15 19 1 10
7 6 11 10 7 6 5 14 11 15 6 1 9
1 5 3 9 3 4 20 0 1 8 2 2 1
7 5 8 1 2 2 6 1 4 0 5 4 12
10 3 7 1 2 6 1 9 0 1 8 9 5
5 3 5 2 2 1 3 3 3 5 1 6 5
3 7 7 6 5 2 14 13 2 8 8 3 5
4 2 5 2 2 2 6 1 2 0 6 5 2
2 6 8 6 2 3 8 1 10 9 4 3 1
1 6 2 1 5 0 4 2 1 5 1 0 2
9 4 8 10 1 2 3 4 4 1 1 1 4
10 2 8 1 1 2 5 1 2 2 2 0 1
4 1 7 5 5 1 3 2 2 1 1 5 4
3 3 1 7 3 4 1 2 5 10 9 2 3
6 1 2 19 0 1 2 1 6 9 2 1 12
1 17 4 1 7 10 3 10 5 2 1 6 3
6 9 11 13 13 8 7 3 13 19 9 3 15
10 0 6 3 4 5 14 5 12 15 21 6 14
2 5 11 6 1 6 6 1 7 8 1 3 10
7 5 9 2 5 1 3 9 3 13 0 5 1
7 1 4 9 2 8 9 6 15 6 3 7 5
5 3 14 5 16 2 8 9 10 3 11 0 3
1 2 5 3 6 1 14 12 10 3 12 19 11
2 1 1 2 0 1 4 9 3 3 1 3 0
5 14 4 2 12 27 0 2 10 4 10 12 9
2 2 7 1 4 1 3 0 2 3 5 5 1
7 0 2 6 6 2 4 2 6 2 1 2 0
3 5 5 11 2 0 6 4 5 1 0 3 1
2 7 4 2 3 12 1 4 13 11 8 5 3
4 0 7 2 3 2 1 4 5 6 6 5 2
11 0 4 5 6 9 7 7 3 12 7 2 11
0 13 3 3 6 20 5 11 2 1 5 7 13
4 7 0 3 17 19 9 1 4 3 23 11 2
6 2 2 5 3 3 3 2 1 6 2 2 1
1 5 4 7 8 11 3 5 6 3 5 5 3
6 4 2 2 6 11 1 7 4 4 10 2 3
4 12 5 2 12 0 2 13 5 5 6 10 1
9 8 1 1 9 8 4 9 2 5 14 4 11
0 8 3 9 7 15 1 13 1 2 1 7 2
5 6 7 4 5 5 3 12 11 0 3 2 2
5 7 6 7 0 8 17 3 10 6 15 20 1
7 5 1 17 9 12 1 12 5 13 13 7 4
3 6 0 4 1 2 6 5 3 0 15 4 3
17 7 12 6 14 4 2 20 7 3 10 8 1
7 3 4 1 4 0 0 2 0 5 6 3 2
6 6 9 6 1 2 6 10 1 2 7 3 1
7 0 5 3 0 16 5 3 3 15 0 0 4
9 13 5 0 6 0 10 12 3 1 1 4 9
11 5 4 13 7 4 6 9 8 1 19 7 3
8 0 5 3 4 9 6 3 7 12 2 13 10
3 9 8 6 7 7 5 13 5 0 11 6 4
3 1 5 3 13 9 6 7 0 11 2 5 7
1 2 3 3 3 1 4 3 2 6 3 3 1
5 7 17 0 18 10 3 0 18 0 3 5 14
11 4 1 7 15 2 0 5 2 2 9 9 5
8 5 6 10 9 0 4 6 4 6 23 9 0
9 8 0 6 3 11 2 1 6 17 3 16 9
1 15 1 2 1 20 7 2 4 3 5 11 2
7 5 4 3 2 0 1 2 0 1 4 2 2
5 0 6 5 0 1 8 8 1 6 3 5 1
3 3 2 4 3 3 3 11 3 12 8 6 1
8 5 2 3 4 1 1 3 2 0 0 3 3
4 2 3 1 2 2 5 5 3 2 2 1 3
3 6 1 2 0 4 1 6 2 0 3 1 1
6 4 22 19 11 4 2 4 4 0 9 3 13
1 19 15 6 6 15 9 7 8 3 8 8 2
2 14 7 11 3 9 9 11 3 5 5 16 6
5 4 2 3 2 9 7 7 6 5 6 9 0
8 3 12 13 5 4 3 11 6 9 6 3 16
0 1 4 4 1 5 7 1 8 3 0 2 0
7 8 7 5 1 5 0 6 6 1 7 7 1
2 6 11 1 9 9 1 5 10 3 11 19 2
14 5 1 12 10 6 19 1 1 4 1 16 2
8 4 2 10 5 2 2 4 5 4 4 2 7
9 18 5 13 7 8 0 1 12 19 11 4 3
6 5 5 6 14 9 5 6 5 1 1 16 7
11 2 0 11 4 23 9 19 9 3 2 3 9
1 8 9 4 5 14 13 3 9 10 7 7 12
1 11 7 6 2 3 2 2 3 6 4 2 3
4 3 7 5 17 9 3 8 10 3 0 20 10
8 3 8 5 7 1 15 24 4 7 9 18 5
3 3 6 3 7 7 5 5 5 5 7 6 1
19 8 6 12 11 6 16 5 9 3 9 14 2
0 13 1 3 1 1 7 9 3 1 1 4 7
8 2 4 16 23 9 1 8 5 13 9 7 12
10 0 5 25 5 1 2 2 8 17 8 10 4
1 0 14 6 8 8 4 7 3 13 1 0 15
5 2 1 2 4 2 7 3 0 18 5 0 1
13 10 5 12 4 15 11 8 7 7 8 9 4
5 8 7 6 3 5 3 13 21 19 2 14 5
2 4 3 3 1 2 2 1 3 6 1 3 7
6 5 2 13 8 12 1 4 6 2 8 5 1
13 3 7 2 11 7 3 7 13 5 0 2 0
7 1 19 5 6 1 12 1 2 12 11 4 12
10 3 2 8 1 1 4 2 3 5 2 2 6
11 16 8 3 1 2 3 10 8 7 1 4 8
9 3 1 6 2 4 3 3 6 4 5 1 5
4 10 5 7 6 1 5 1 8 3 0 5 9
2 2 1 6 2 3 4 5 0 2 1 8 2
4 2 1 3 2 0 13 2 2 3 2 3 3
9 1 2 7 7 15 10 8 4 17 15 3 6
6 0 4 0 4 7 4 4 0 6 2 2 1
3 1 2 1 5 5 7 1 8 0 3 2 6
1 3 4 6 7 1 0 1 6 5 14 6 6
9 0 16 2 3 15 6 10 9 7 15 7 8
13 15 5 12 5 5 6 7 7 5 11 3 4
15 9 4 4 1 16 16 7 5 2 20 3 8
15 1 11 4 6 2 8 0 6 1 2 8 5
11 7 0 1 6 13 1 0 4 11 1 11 5
18 14 12 7 9 2 14 9 5 15 2 7 9
7 3 11 5 18 5 12 5 13 2 15 7 4
7 2 0 5 3 5 4 17 5 9 8 1 2
2 1 3 7 6 7 2 2 1 4 6 0 9
6 6 3 4 3 5 1 3 3 2 7 1 6
3 4 4 2 3 3 2 1 3 5 4 1 1
6 3 8 2 4 1 10 6 2 7 7 8 1
3 7 7 15 5 30 4 1 1 0 6 7 13
8 6 11 6 4 17 7 4 5 8 3 7 9
6 1 1 5 12 3 9 23 6 7 12 5 4
8 1 1 1 0 6 1 7 3 7 21 1 1
4 5 1 2 7 5 2 13 2 3 2 10 5
5 9 1 1 1 1 2 1 4 4 3 6 3
2 13 6 10 8 3 3 21 16 6 14 0 11
9 11 7 2 10 1 5 2 3 2 9 1 3
11 6 3 3 4 7 4 6 11 3 7 18 2
2 3 1 0 1 4 4 2 6 4 5 6 2
2 2 5 6 2 14 16 4 18 12 6 3 10
6 7 14 3 2 2 1 1 2 2 9 11 4
6 2 8 10 0 1 6 11 4 13 1 3 8
9 7 27 6 3 5 3 9 5 10 6 3 6
0 3 1 11 5 4 8 12 2 12 2 2 15
2 5 9 1 6 9 6 2 10 16 5 1 6
21 17 2 2 2 11 0 1 0 1 14 1 2
2 0 2 5 1 3 2 0 4 8 3 8 2
1 8 3 2 1 6 9 11 1 2 2 4 6
16 20 4 1 10 2 10 9 4 17 6 11 10
1 12 6 7 4 9 15 14 7 3 1 5 1
10 5 11 8 12 12 5 2 18 13 9 11 9
2 8 2 12 4 9 8 12 8 13 15 16 1
4 4 11 11 2 3 3 5 11 8 3 9 10
12 9 2 1 12 1 3 12 1 9 21 4 3
3 14 4 8 1 4 11 3 12 21 1 18 3
4 1 1 8 14 7 1 5 4 1 10 4 4
6 14 3 5 6 10 2 6 2 4 7 3 18
14 6 15 1 7 8 4 14 6 1 10 2 2
12 2 2 11 2 1 0 0 3 9 2 1 7
5 1 2 5 4 4 2 4 6 4 2 2 5
5 7 1 4 1 0 4 6 0 6 5 11 11
4 8 3 15 2 10 8 8 12 5 7 9 8
1 2 1 1 4 2 2 7 1 2 3 1 1
5 1 3 2 1 7 4 0 1 9 7 6 0
5 5 1 5 3 1 1 2 6 2 2 1 4
0 1 3 3 3 3 0 4 2 4 2 6 8
4 6 11 8 2 23 6 10 3 5 9 10 5
6 3 9 12 10 12 9 3 4 6 3 3 11
3 3 1 9 3 4 1 5 6 1 6 7 7
3 9 11 11 3 11 4 13 2 5 4 8 13
12 13 3 3 10 10 0 4 4 2 1 5 16
1 0 0 6 4 3 3 1 2 5 5 6 2
8 7 2 15 8 6 0 16 6 10 14 5 1
3 8 7 1 13 12 6 10 6 9 13 9 6
0 14 2 7 11 5 3 16 5 21 15 10 11
6 1 2 7 1 0 1 2 1 0 8 11 3
2 1 1 1 1 5 3 2 0 1 0 9 4
2 4 0 8 5 4 8 6 7 12 7 6 1
2 1 7 0 1 8 23 1 4 9 2 5 4
8 2 5 3 10 0 4 12 4 4 10 3 9
9 8 0 2 31 9 1 2 11 0 7 3 6
1 2 4 2 2 8 1 2 3 1 0 1 3
2 6 2 4 0 1 4 2 3 0 1 6 1
11 3 5 0 3 1 6 3 4 2 0 3 2
5 4 2 5 1 8 4 1 10 0 12 2 15
10 7 3 6 0 6 2 6 7 4 10 5 2
6 9 1 14 10 6 5 2 9 6 1 9 3
15 3 15 8 4 16 20 4 0 8 3 6 5
1 4 13 10 10 6 5 11 8 23 8 16 5
0 8 2 18 1 1 1 14 1 0 6 0 1
0 4 4 16 2 15 13 9 2 14 13 6 10
11 0 2 12 7 3 3 6 9 4 6 1 3
1 1 2 5 5 0 6 4 1 11 1 11 10
6 6 6 7 1 4 12 6 23 6 3 7 10
11 0 1 4 6 3 6 2 1 6 7 2 6
5 4 12 5 9 6 2 0 11 0 3 15 1
3 2 7 2 2 1 18 9 14 4 6 7 2
1 1 3 1 0 7 7 0 2 0 1 1 5
5 3 1 5 5 5 2 2 6 6 3 2 0
1 4 7 1 0 6 10 4 4 6 3 5 11
2 3 6 10 1 2 5 1 2 1 4 11 5
1 6 2 1 11 6 3 2 9 1 6 4 10
0 9 8 14 4 6 6 0 6 3 2 3 4
16 5 21 3 13 1 7 3 9 10 16 3 2
9 2 1 2 5 5 7 5 16 1 1 1 4
1 7 2 4 6 1 1 10 8 3 7 7 1
14 10 18 1 7 4 10 3 8 8 1 16 7
4 8 7 18 3 12 18 0 3 2 3 12 20
7 0 8 3 14 12 5 2 12 22 9 5 13
2 11 3 14 4 4 2 4 3 3 5 2 6
4 11 7 6 6 4 8 10 4 12 2 10 7
4 1 10 4 7 2 22 2 14 9 9 6 10
3 13 13 2 1 3 2 1 3 2 9 6 8
14 2 16 6 2 4 1 2 3 4 1 4 2
14 11 6 13 3 0 4 2 5 5 12 8 3
1 6 2 6 2 6 2 1 3 16 6 1 10
2 10 0 16 1 25 3 1 15 5 1 5 0
1 1 1 1 3 2 6 1 4 3 6 1 2
1 2 1 7 0 0 1 4 3 1 3 2 8
9 14 0 15 0 6 14 4 5 9 3 14 18
3 3 5 2 2 5 1 2 0 6 1 2 2
4 10 11 6 12 4 20 2 0 5 13 11 16
9 8 3 8 10 6 15 10 1 2 8 4 2
3 16 12 18 9 5 2 12 1 13 5 8 12
2 3 3 4 1 1 4 2 0 5 3 3 2
5 7 15 12 3 11 2 3 5 3 5 3 3
3 3 5 6 0 4 5 5 2 8 0 2 4
3 9 5 2 6 0 4 10 7 1 4 9 8
17 5 13 11 0 1 2 11 8 10 18 8 8
17 7 2 5 2 2 15 4 10 6 4 1 16
10 9 2 11 6 0 7 6 12 8 3 2 7
15 12 5 2 13 17 4 1 7 2 7 11 14
3 0 4 5 5 2 1 2 3 0 1 3 1
5 3 11 12 4 2 4 10 6 3 3 4 6
18 13 14 1 7 5 10 0 5 4 1 13 11
6 13 6 1 10 2 2 7 8 0 7 5 9
9 7 24 11 2 10 5 2 7 7 6 4 2
1 6 1 3 0 1 2 4 0 5 6 5 2
3 1 1 10 5 4 0 4 2 2 0 0 5
9 1 7 4 1 7 8 6 2 2 5 6 7
1 4 1 2 3 5 4 4 8 7 2 4 3
0 5 0 5 5 1 1 2 2 5 6 4 2
5 1 23 2 11 1 7 5 2 4 3 1 3
1 2 2 17 2 16 1 2 2 2 11 7 5
4 2 7 1 6 4 2 4 2 0 1 1 3
9 14 16 4 5 7 3 13 4 3 5 17 5
4 10 9 3 5 9 0 2 5 8 8 4 8
13 3 1 13 7 2 3 2 4 1 8 2 6
1 4 2 5 3 3 3 2 1 4 4 2 9
7 8 8 3 1 5 3 14 2 14 0 2 13
2 4 12 0 1 7 0 2 1 2 3 4 2
6 1 10 3 8 7 9 11 1 8 2 15 1
7 4 7 3 5 1 17 2 18 2 7 0 4
1 0 0 0 4 4 3 3 1 6 2 5 2
1 4 9 3 2 7 9 3 3 2 2 3 3
5 6 1 3 12 1 12 3 7 1 4 0 3
3 9 4 6 2 3 1 4 11 5 1 15 1
8 11 3 7 5 1 7 9 6 2 3 1 2
0 4 15 8 2 0 3 1 1 2 3 14 1
9 3 7 9 3 10 17 5 1 4 7 13 11
19 1 4 6 8 3 1 6 0 11 2 4 8
0 8 4 1 4 3 5 2 3 1 6 4 1
4 7 1 2 4 0 7 2 2 4 0 1 7
3 3 5 2 10 5 4 1 2 3 1 7 3
13 7 0 4 19 2 20 10 5 1 13 15 7
13 3 3 9 9 6 7 14 3 2 7 3 2
1 0 0 3 7 3 6 4 6 0 1 2 3
12 13 8 12 1 19 2 1 5 2 1 1 11
4 2 3 8 15 5 2 4 17 3 16 0 10
21 2 2 6 14 8 11 11 4 9 20 6 5
4 18 6 4 9 1 7 5 1 8 4 8 6
3 1 7 11 1 12 4 4 8 0 3 3 2
10 13 2 16 1 6 0 13 8 3 11 14 9
9 10 4 2 5 2 3 6 3 2 4 1 0
8 14 5 7 4 4 11 1 4 2 4 1 2
15 12 6 1 4 4 4 1 4 5 3 4 11
5 22 6 8 14 6 9 13 12 7 6 17 0
6 15 2 16 14 4 6 2 1 8 1 7 2
4 6 3 7 1 12 5 12 9 20 5 16 2
4 1 1 5 5 6 2 5 0 10 13 9 4
4 4 1 15 1 5 11 0 2 7 5 12 8
4 0 4 0 3 2 6 7 7 5 0 1 1
8 11 6 1 8 6 0 4 5 6 1 4 6
12 15 9 4 3 2 8 1 2 10 10 8 3
3 1 8 11 8 4 15 16 8 1 6 0 2
13 13 3 20 10 4 5 3 12 13 3 1 19
12 0 2 25 7 10 4 7 1 6 11 1 3
4 10 5 15 19 22 3 5 9 8 5 8 3
4 2 4 1 3 6 15 15 5 2 6 5 1
1 2 13 9 8 1 6 14 0 2 1 6 2
7 13 13 15 3 15 5 11 15 3 12 4 5
5 2 7 2 1 1 3 5 7 1 3 6 5
10 2 3 6 0 4 3 1 13 4 10 1 7
3 2 4 0 1 3 7 5 0 2 3 2 1
2 0 1 7 1 4 7 7 3 5 8 3 6
8 11 6 16 1 1 16 13 4 8 11 12 8
1 4 3 3 2 6 6 6 4 8 8 8 7
4 5 4 1 3 9 2 1 4 6 5 4 4
1 3 2 3 4 5 4 0 4 0 0 1 7
2 4 1 10 0 1 6 4 4 2 7 6 1
8 18 10 18 3 6 8 10 3 6 1 6 17
5 1 0 8 2 0 6 5 1 4 1 4 0
12 8 8 2 11 7 9 6 13 6 16 5 5
7 0 7 4 7 3 5 9 8 9 11 21 4
0 2 8 0 4 7 3 7 2 0 1 2 3
2 1 2 3 2 3 2 2 1 8 1 4 4
7 2 0 0 3 7 1 4 7 13 15 4 1
1 9 3 6 4 13 10 7 2 9 12 1 2
4 8 4 1 0 0 7 11 3 0 1 0 3
7 4 10 6 7 3 5 7 5 8 5 3 13
1 3 4 3 2 3 3 6 0 1 2 9 0
0 7 11 2 13 22 7 13 8 7 0 7 11
6 4 11 2 3 11 1 7 17 1 5 19 21
1 1 1 1 3 4 6 4 2 3 0 0 4
2 2 7 4 1 4 2 4 3 1 5 1 1
2 4 2 4 0 6 1 4 0 1 3 0 7
5 0 9 7 7 7 1 5 3 4 4 2 3
12 2 7 2 5 16 1 1 6 6 10 0 0
5 2 3 1 1 2 5 5 3 1 2 1 0
4 2 3 5 3 2 10 17 2 0 1 0 0
0 1 0 4 5 1 4 6 4 2 2 2 2
5 3 9 5 23 1 1 1 11 11 3 20 6
7 7 1 4 3 9 1 2 5 1 4 4 3
1 10 1 1 7 13 1 2 10 2 7 14 8
1 2 2 2 1 5 4 1 2 4 4 3 0
6 2 1 5 14 1 4 3 4 2 2 1 2
3 8 9 2 9 5 0 5 1 0 27 2 4
3 16 5 14 4 9 3 1 2 2 1 5 13
2 7 8 4 4 7 1 2 1 2 4 1 4
5 0 3 13 15 4 1 3 2 0 10 0 11
6 14 5 10 6 5 4 2 2 5 2 4 7
24 7 2 2 11 1 0 3 16 5 2 3 2
4 1 1 6 6 2 1 1 0 1 1 1 2
11 5 3 12 16 6 18 6 1 7 6 11 8
5 2 0 4 7 4 0 8 1 1 0 5 2
1 1 5 0 14 0 3 18 2 6 2 10 12
4 1 5 0 6 1 4 0 5 14 5 0 2
4 7 4 5 2 7 6 6 8 15 3 7 12
16 3 2 4 2 11 4 7 7 8 14 2 6
3 1 11 8 3 4 0 3 7 10 4 6 1
21 0 1 5 7 8 5 1 6 11 7 16 2
4 12 1 2 5 2 1 9 7 11 2 5 1
15 3 5 7 10 13 2 1 9 2 3 0 1
1 2 2 2 8 2 10 2 2 8 5 3 6
0 11 19 2 2 0 1 2 5 5 0 5 3
0 9 10 1 5 7 15 3 3 1 16 7 15
7 3 2 9 4 7 3 13 10 11 2 2 13
6 3 2 4 5 4 1 15 2 6 3 0 3
1 2 5 12 1 10 3 13 10 20 10 1 14
10 5 11 3 0 9 10 2 1 7 1 11 6
3 9 5 2 7 11 17 4 5 12 14 4 12
5 4 3 3 1 1 6 8 0 6 6 0 10
13 20 3 11 1 1 17 5 2 3 0 8 3
1 4 5 3 3 3 0 1 0 0 1 5 5
2 1 1 11 5 2 0 1 3 1 11 13 6
9 5 6 2 3 15 1 1 3 8 1 15 1
8 2 4 3 2 8 4 2 8 1 12 4 7
14 2 7 1 7 7 8 0 4 2 4 1 2
2 2 0 5 0 1 7 1 8 2 5 2 1
0 2 2 1 4 0 3 1 5 0 7 1 4
11 6 4 2 8 11 2 3 13 6 0 5 7
3 2 8 3 0 4 3 1 1 1 4 5 4
1 9 2 8 6 7 8 5 8 3 2 3 10
7 8 0 1 2 5 5 0 2 2 2 4 6
5 16 4 7 9 2 4 2 8 5 4 2 22
9 9 11 10 17 13 3 22 10 7 0 3 1
2 1 0 6 3 2 2 2 3 4 2 4 2
13 6 2 3 2 11 5 8 3 5 4 5 0
5 3 7 3 1 2 2 10 2 2 9 1 18
1 0 5 10 8 12 5 10 6 1 4 7 15
21 11 5 8 12 8 5 7 7 10 3 3 4
0 8 0 5 5 1 3 1 3 2 13 4 11
4 5 4 0 0 3 2 1 3 5 3 2 0
13 1 11 11 13 9 4 11 15 10 0 19 3
6 4 5 7 7 3 1 1 9 16 12 8 5
20 9 11 8 8 4 10 15 12 8 6 8 9
7 10 1 0 1 3 8 7 2 5 3 2 1
1 5 1 4 6 1 3 7 1 3 2 2 4
3 12 8 2 2 2 2 12 12 1 1 8 6
6 1 5 6 8 3 1 3 6 11 6 2 6
4 6 13 2 7 10 1 10 2 21 6 3 7
2 5 1 9 9 14 9 12 5 2 0 0 12
11 1 2 10 10 4 8 2 5 3 11 10 2
8 6 11 7 0 0 7 2 8 6 4 8 6
5 4 1 3 2 2 3 8 4 2 5 1 3
5 5 2 4 4 1 1 0 1 3 9 9 5
4 1 3 8 0 11 1 4 1 1 2 6 5
10 2 1 2 1 2 18 4 6 10 5 2 6
9 8 14 5 4 9 6 10 10 6 10 2 0
2 1 2 3 5 8 17 3 6 1 17 3 5
5 4 11 2 1 4 7 3 4 1 0 5 5
9 11 10 18 6 10 0 7 0 7 22 1 2
0 19 12 4 10 7 7 7 1 4 14 5 5
3 2 4 5 8 4 9 7 1 0 6 4 1
1 5 10 1 2 5 5 6 21 7 7 8 13
7 10 1 0 2 2 2 15 4 3 4 2 1
9 17 1 9 9 2 23 3 5 4 0 4 8
4 4 7 4 8 2 7 2 1 10 8 14 0
4 10 7 9 0 5 6 10 4 11 17 23 11
8 9 3 4 6 10 1 6 24 3 5 2 1
8 8 1 11 6 1 10 12 3 8 15 3 11
6 17 1 4 4 12 4 13 12 4 5 20 0
6 17 5 6 5 4 7 7 0 2 3 9 10
3 1 2 3 10 2 2 4 1 4 11 3 1
3 1 1 4 1 6 1 5 2 2 1 3 1
10 8 10 6 1 5 3 14 13 7 6 17 3
3 10 2 10 15 6 4 7 18 1 5 9 6
1 11 5 4 6 10 15 1 13 2 13 10 4
1 5 2 15 2 14 5 19 4 8 8 1 11
1 12 5 4 9 4 8 2 17 4 4 11 5
2 14 5 4 7 6 11 25 9 5 2 1 6
7 7 10 27 4 2 0 6 9 13 2 0 3
11 20 2 6 0 3 9 12 6 11 9 7 11
4 11 1 0 16 5 12 11 6 5 0 4 7
3 2 11 2 6 5 6 6 4 3 7 5 4
16 12 4 9 1 3 9 0 4 14 7 16 2
2 2 9 3 1 3 0 1 1 7 4 4 5
12 2 1 9 0 7 3 7 4 2 3 7 11
3 9 1 16 7 5 11 14 6 0 5 11 16
3 5 4 4 3 1 1 0 0 1 3 7 4
0 0 6 5 8 5 8 2 2 9 5 2 0
2 1 4 2 11 3 2 3 12 7 5 0 6
7 12 9 5 16 7 11 3 0 17 1 9 12
17 0 3 8 2 12 10 13 9 17 4 10 3
4 5 2 14 15 2 3 1 9 6 15 1 7
5 0 2 3 3 2 9 2 2 2 5 2 3
5 17 8 9 4 3 7 5 25 6 1 12 5
8 7 1 15 19 0 5 10 21 7 4 2 16
9 15 14 14 2 6 3 5 4 11 4 6 3
19 6 8 6 8 3 8 2 4 11 8 1 8
1 1 1 3 1 0 6 5 2 10 4 4 2
14 12 2 7 17 19 14 7 0 8 3 10 4
7 7 1 2 0 5 4 2 2 3 1 12 11
8 3 16 1 4 11 8 3 0 1 10 4 18
8 6 11 19 13 10 0 7 9 12 3 13 11
3 6 13 4 3 1 4 1 3 0 4 3 2
12 4 6 2 5 3 3 8 2 5 1 6 1
3 5 4 1 0 10 1 3 0 6 6 3 7
3 4 0 5 1 1 1 3 4 5 2 1 4
2 5 6 2 1 1 1 3 4 2 10 1 5
5 2 2 3 5 1 8 9 5 15 16 9 12
1 9 2 6 3 2 2 9 12 6 8 1 1
1 6 3 3 2 3 2 4 1 1 4 2 4
0 4 0 11 1 19 1 4 1 6 4 6 1
7 4 2 0 3 4 2 2 4 3 6 2 6
10 4 8 1 3 4 7 1 4 7 8 1 5
3 13 1 0 8 1 1 0 1 2 2 2 4
4 6 6 4 5 8 5 5 9 12 12 16 16
6 10 2 3 6 9 2 1 7 12 4 0 6
3 4 10 13 3 3 1 3 10 5 1 14 6
4 4 4 1 0 1 2 2 5 3 8 5 2
3 6 2 8 6 3 5 1 1 11 1 10 0
2 1 11 13 2 18 17 4 7 7 3 7 10
10 0 4 6 4 2 17 8 0 12 6 11 15
0 6 1 3 9 0 3 1 1 2 0 9 5
3 2 2 2 8 0 2 4 4 3 2 6 7
10 8 8 4 8 17 9 3 15 4 11 4 10
5 4 3 15 7 8 1 13 5 8 2 8 10
5 2 5 1 5 1 2 2 3 1 2 2 2
2 1 2 1 11 20 4 13 15 1 11 3 0
13 7 9 2 13 16 5 5 2 2 1 1 3
6 0 2 14 1 2 6 2 13 8 16 1 0
8 6 4 4 6 2 1 5 0 5 0 3 4
0 3 4 6 2 3 8 1 6 2 7 9 5
6 1 2 6 1 3 2 3 6 6 2 1 4
7 6 6 1 4 6 7 1 4 12 5 16 1
10 13 14 10 6 13 21 3 2 8 7 8 11
2 11 2 9 10 2 6 8 2 2 17 11 6
1 3 2 5 4 1 1 1 4 1 2 5 2
1 11 9 2 7 1 6 7 6 8 2 1 2
0 1 1 7 4 2 1 2 3 2 3 1 2
3 5 10 1 7 2 6 15 18 8 13 7 12
4 1 3 0 0 1 0 5 2 2 7 5 1
0 24 0 1 9 12 4 9 17 2 1 16 10
6 6 5 7 2 5 3 0 2 4 2 1 4
5 8 4 2 11 8 8 2 8 8 14 6 10
0 5 11 4 7 3 15 12 9 4 4 2 9
1 6 2 14 6 5 5 8 27 7 4 4 1
13 17 21 16 7 1 2 1 13 4 4 6 7
1 2 2 7 9 16 7 3 2 6 7 3 9
0 0 0 8 4 13 15 9 24 9 13 1 3
7 2 8 1 2 3 1 4 6 0 4 5 3
5 4 4 1 0 1 6 2 6 3 8 10 3
9 7 2 8 6 1 4 1 16 1 11 2 9
20 5 4 14 7 8 5 1 5 5 8 3 0
19 3 5 6 2 4 0 7 9 11 8 14 13
8 5 8 4 4 10 1 13 4 1 11 16 3
6 4 7 5 3 6 3 4 3 6 1 5 5
5 4 2 0 3 6 2 5 3 7 0 3 0
10 9 4 1 4 11 9 2 1 3 4 4 13
6 6 1 2 9 5 12 3 7 2 3 1 11
7 12 2 5 2 4 10 1 11 5 2 3 9
2 10 15 16 6 5 9 9 13 2 12 5 4
0 3 16 16 12 5 18 7 10 0 15 4 7
5 4 3 6 0 1 1 1 6 5 2 2 5
3 11 8 5 14 15 1 11 14 7 3 8 0
4 8 7 4 11 4 16 3 12 0 10 5 1
2 1 2 9 2 4 10 2 6 10 0 8 4
10 6 2 8 2 4 9 2 6 2 1 8 5
2 2 0 2 2 3 7 1 5 1 2 3 3
2 6 3 8 1 3 3 4 0 0 0 3 6
6 7 9 0 21 2 9 0 0 14 1 1 2
4 8 7 0 11 4 6 4 4 13 4 3 8
8 5 17 3 16 13 18 10 3 13 3 11 1
4 3 4 5 10 6 10 6 1 1 1 6 5
0 7 3 1 2 8 3 6 4 0 2 3 3
3 1 26 3 3 3 4 2 11 1 16 10 11
2 4 6 2 3 5 2 4 3 4 0 6 1
1 2 7 3 4 1 10 5 4 5 8 13 0
3 3 4 0 5 1 3 4 6 1 4 3 1
14 1 2 7 2 22 4 1 6 8 21 3 5
7 11 0 4 22 4 13 3 1 12 1 14 3
5 1 2 2 6 6 1 8 7 1 7 13 5
3 2 6 4 2 3 11 11 6 9 5 5 13
7 0 3 8 0 10 0 5 5 3 1 1 0
12 12 2 4 8 2 8 7 2 1 15 6 7
5 1 12 5 4 2 10 1 2 3 2 2 12
7 9 1 2 5 13 9 4 7 12 1 3 4
9 5 6 8 13 1 4 10 6 7 10 3 10
7 0 2 3 1 8 6 9 8 22 6 1 3
3 0 6 3 5 5 0 2 1 0 5 1 2
3 2 1 2 6 5 2 4 3 0 10 9 2
1 4 19 8 2 4 3 1 17 17 16 14 1
0 1 1 5 5 1 5 2 5 5 5 1 1
7 6 4 8 11 2 4 6 8 15 7 11 4
7 1 2 2 3 3 7 2 2 0 1 2 0
8 4 2 13 16 2 5 0 6 4 9 8 1
7 4 0 8 8 6 3 3 8 9 9 10 4
11 19 5 3 7 17 8 15 1 5 8 6 17
5 2 5 3 3 3 5 4 1 4 5 2 4
6 6 11 7 10 2 6 3 3 13 1 12 10
10 3 2 3 11 6 11 2 2 0 6 18 4
9 4 1 2 3 2 7 7 8 1 9 0 5
6 4 6 1 1 7 2 3 7 6 6 0 1
5 17 8 8 14 1 6 5 1 8 20 8 4
2 3 4 4 5 3 8 5 1 2 1 6 2
16 11 4 1 0 5 1 10 19 11 7 6 14
0 4 4 2 5 1 1 6 4 13 1 5 8
3 8 0 4 2 2 2 3 7 3 3 7 3
2 8 1 11 3 2 10 1 3 7 5 10 1
2 4 6 0 1 10 2 3 15 3 2 16 3
12 10 10 3 11 9 6 4 11 6 0 11 4
0 2 3 7 0 9 1 4 3 4 2 1 2
2 1 2 3 4 0 6 5 7 6 10 4 4
4 8 9 10 11 6 2 6 7 10 7 13 1
5 3 2 2 7 3 5 3 7 1 1 1 7
4 0 4 5 13 6 8 10 1 0 6 10 11
4 7 16 7 12 8 10 8 5 15 2 5 1
1 5 9 5 2 3 9 6 7 3 7 2 3
7 9 2 4 5 7 1 6 8 8 8 5 0
4 1 7 4 3 1 1 8 6 9 4 7 5
16 7 12 11 2 9 7 2 6 1 3 8 16
3 0 1 7 3 9 0 0 9 4 7 6 6
2 0 15 1 3 9 8 3 0 4 8 3 2
3 7 18 0 5 11 5 4 3 7 2 2 2
11 10 19 1 3 18 14 6 4 4 1 14 13
1 5 2 2 7 3 6 8 3 3 1 6 4
4 1 13 8 2 2 4 16 7 12 13 10 7
8 2 11 11 13 4 7 7 8 0 2 12 4
1 2 4 2 4 2 2 2 6 4 4 1 2
4 8 1 4 4 15 9 3 6 3 5 4 9
3 7 5 1 4 14 1 5 1 3 1 6 5
7 2 9 16 6 6 7 4 3 12 9 1 5
5 11 0 4 15 9 3 4 1 8 4 3 20
5 17 1 4 8 5 5 4 6 3 7 5 17
0 9 2 4 5 6 6 1 2 4 2 1 3
2 8 1 15 3 14 9 3 6 5 4 4 4
7 5 4 4 3 1 2 2 1 3 1 0 1
2 14 1 3 1 10 8 6 0 5 1 5 2
4 5 1 4 0 1 6 0 5 4 2 2 1
13 9 1 1 5 9 4 10 1 5 7 6 0
18 8 8 5 8 10 19 16 10 10 9 3 3
5 7 4 2 1 3 6 14 0 6 5 12 2
1 3 1 4 7 6 8 5 1 4 4 5 5
5 0 1 13 4 13 6 5 1 13 20 3 7
19 2 0 11 10 5 7 16 6 17 1 6 7
7 2 2 0 6 2 6 0 6 7 1 2 4
1 4 4 13 3 7 5 21 23 5 6 14 1
4 20 9 13 13 3 11 5 7 1 8 15 15
8 7 3 3 7 11 4 0 0 2 2 6 0
0 3 7 3 1 6 0 1 2 9 4 3 1
20 2 7 13 12 4 14 1 1 10 7 5 12
10 1 1 7 12 12 1 20 13 10 15 6 2
2 0 2 20 6 18 16 8 4 4 8 10 11
3 7 7 12 4 7 4 2 9 4 14 3 9
1 8 20 4 16 6 8 2 3 2 13 6 5
5 12 3 5 2 9 1 5 1 1 0 2 21
1 3 1 0 6 7 9 1 5 8 8 6 0
11 15 0 8 25 12 5 9 2 9 4 0 10
4 2 7 2 0 3 1 2 1 4 3 4 4
3 3 9 10 5 6 1 1 8 2 13 12 8
11 2 2 19 16 16 2 3 3 12 2 15 8
8 5 1 2 13 1 1 14 2 15 2 6 5
10 0 7 4 6 4 8 3 0 1 1 1 2
3 0 2 2 4 1 1 3 6 3 4 2 3
5 1 4 3 9 6 2 1 7 7 7 4 12
0 2 5 5 1 4 7 1 10 1 8 3 4
11 3 1 2 6 1 0 15 6 2 5 4 4
21 3 10 4 1 6 3 13 6 1 11 11 0
1 2 12 3 6 6 1 4 4 1 5 2 4
2 12 10 8 8 2 0 4 11 11 10 17 6
11 3 13 8 9 7 16 3 20 12 9 1 2
8 0 19 16 3 5 8 1 1 13 12 1 12
9 7 4 3 1 7 4 5 4 12 4 2 6
0 6 5 6 0 5 6 9 2 5 6 12 9
0 6 24 7 3 1 10 9 16 0 9 6 0
2 4 3 8 2 1 9 5 1 1 1 3 3
0 5 8 2 0 4 16 15 3 0 3 3 4
2 1 1 3 6 2 2 3 6 2 5 1 1
2 1 11 5 6 2 3 4 5 5 5 2 5
3 5 5 6 8 8 6 0 2 1 7 6 1
5 0 4 0 10 12 11 5 5 3 5 6 18
6 6 5 3 8 2 7 3 1 7 3 5 6
0 12 4 7 8 9 8 3 1 17 1 19 12
7 2 9 4 5 15 6 6 2 20 3 12 4
6 0 7 5 1 6 5 2 9 3 3 3 2
9 11 17 11 3 4 10 7 6 14 2 6 21
9 12 6 7 15 5 2 7 20 2 6 5 8
5 11 1 8 11 2 2 4 4 2 4 4 2
4 13 1 1 9 6 3 0 2 1 3 0 1
6 1 7 5 3 1 1 5 4 10 1 4 3
1 4 11 1 4 5 0 4 10 2 7 3 2
3 24 22 10 2 6 3 2 8 1 7 14 6
2 3 5 14 18 4 12 3 0 1 25 0 8
3 6 0 5 10 13 16 2 0 10 8 4 7
1 3 2 1 3 6 5 2 3 1 3 3 2
8 10 11 1 5 12 11 2 6 6 15 5 2
1 4 3 3 5 3 0 3 4 1 1 4 2
2 3 0 2 7 0 9 0 0 2 12 3 5
7 3 1 4 1 4 2 0 0 7 4 1 13
2 1 0 1 2 17 9 11 16 6 4 1 5
1 10 6 4 4 6 0 19 30 5 1 8 4
5 3 5 4 6 5 6 2 7 7 6 7 2
3 2 3 1 5 1 1 2 4 10 3 2 4
7 2 5 9 10 6 4 3 8 0 0 8 6
1 3 11 18 5 0 3 11 5 6 9 5 20
4 3 0 2 10 1 2 1 19 3 5 3 9
0 12 2 3 9 2 6 9 4 2 3 8 2
6 2 3 2 5 0 1 0 8 1 0 5 1
10 12 12 13 1 0 3 4 4 19 3 9 8
2 2 1 4 1 3 0 7 2 4 5 2 7
9 9 9 10 16 8 11 2 3 8 4 1 6
11 11 2 11 12 0 18 5 12 12 2 11 1
1 2 2 1 8 1 2 0 2 10 2 4 2
1 2 7 2 1 3 2 2 0 3 5 1 1
9 8 8 5 9 3 10 8 12 1 2 18 5
3 21 3 3 3 6 4 3 15 14 6 13 3
11 2 5 19 10 9 16 16 6 3 10 13 5
2 2 2 5 0 5 3 9 2 2 3 3 11
4 2 1 3 3 5 2 5 8 2 2 3 3
13 5 8 2 8 3 5 2 2 2 4 1 6
8 10 2 1 8 1 10 3 3 15 8 8 4
1 1 3 25 0 9 1 9 2 3 1 3 4
15 1 5 5 3 17 21 1 12 3 14 6 1
4 6 15 9 0 1 12 4 4 0 15 7 8
10 5 10 12 6 5 17 5 1 7 0 6 8
8 3 9 1 14 10 3 5 1 2 4 2 0
2 0 2 6 15 7 4 6 5 15 13 15 8
7 2 3 6 1 9 9 2 6 18 2 12 0
9 10 4 4 1 10 12 14 14 8 4 15 5
11 18 11 5 8 14 3 5 20 7 4 8 8
12 10 3 13 5 0 7 1 3 8 2 12 3
4 9 19 1 4 2 17 2 9 0 7 17 6
7 3 2 1 4 3 6 6 10 2 2 1 7
3 3 2 8 7 14 0 1 3 15 12 4 0
0 5 6 9 5 5 6 0 2 2 5 7 7
3 2 5 17 0 1 12 9 15 8 9 6 2
6 1 3 5 14 1 7 0 0 9 4 7 21
6 11 10 13 5 1 8 7 2 4 13 6 0
9 3 4 9 17 4 13 2 11 12 7 8 6
1 13 1 3 4 0 4 0 7 0 1 3 1
5 1 2 2 4 4 4 1 0 2 3 2 6
6 5 2 0 3 14 11 1 3 7 11 6 3
3 3 3 4 3 1 2 7 4 5 2 1 4
4 5 15 8 1 12 4 15 7 20 7 1 5
1 0 5 4 1 9 10 1 0 3 4 5 2
6 4 3 6 2 0 6 1 1 1 7 7 7
6 2 9 12 1 1 5 4 3 5 7 6 2
15 8 2 18 9 3 13 3 11 5 6 5 5
1 6 6 5 7 5 0 1 3 3 6 3 3
3 2 16 7 3 0 6 15 5 3 5 6 0
1 6 7 4 3 3 0 1 3 3 1 2 2
5 8 3 6 5 19 0 2 9 4 1 8 4
10 1 8 2 2 5 1 9 7 1 7 10 9
3 8 1 5 2 2 5 1 1 3 3 0 1
4 9 2 1 2 1 7 3 2 4 3 5 2
2 3 2 2 2 4 6 1 2 5 0 12 3
2 9 13 1 15 2 16 2 1 3 6 1 2
6 4 16 2 1 8 10 3 4 5 5 8 8
6 4 7 12 3 7 4 3 17 4 7 1 4
4 0 1 5 0 1 6 1 7 10 4 1 2
10 20 3 1 20 16 1 2 4 11 11 2 7
0 5 8 3 3 9 6 11 4 1 1 1 3
6 6 17 20 7 0 4 6 5 5 25 5 2
1 10 6 10 5 16 7 7 13 13 3 13 13
2 5 9 3 1 3 2 6 4 1 2 8 3
5 11 5 7 3 5 8 1 8 3 8 4 3
4 1 2 3 10 0 4 2 6 4 4 5 1
5 4 2 2 3 4 2 2 3 3 3 2 2
4 9 14 10 12 3 11 2 24 10 7 7 4
5 3 3 5 13 8 18 11 15 11 17 9 11
0 2 5 5 1 9 9 4 4 2 6 6 10
3 9 6 3 1 5 3 5 2 16 2 14 7
1 4 0 10 8 7 7 20 7 3 3 1 2
6 2 2 6 1 0 6 9 7 1 2 2 0
6 1 3 7 4 2 11 8 0 9 4 17 3
4 1 4 2 1 1 3 6 0 0 4 3 1
0 4 10 16 6 12 6 2 8 3 4 6 7
17 9 3 12 0 9 3 5 7 0 3 2 12
4 1 14 14 5 12 8 7 6 16 21 2 10
1 8 6 3 0 3 2 3 3 2 3 4 1
14 9 13 1 26 6 7 7 2 3 5 4 7
7 2 8 0 1 4 1 2 0 5 5 7 2
6 15 7 2 2 5 4 8 1 8 0 8 1
1 4 4 6 1 2 5 4 1 1 9 1 7
3 1 6 7 6 3 12 0 4 6 2 6 6
6 12 12 1 20 4 12 13 2 9 10 1 6
7 2 1 2 5 11 3 3 4 6 8 0 5
4 7 1 3 9 10 7 9 7 1 7 14 9
3 2 2 1 4 2 5 6 12 3 1 8 0
1 3 14 4 10 3 2 5 3 6 8 1 3
2 6 1 3 2 2 2 5 0 0 0 3 3
6 1 10 1 7 2 11 16 0 3 4 7 14
2 3 4 6 2 5 2 0 2 0 3 2 0
16 1 4 5 4 18 0 15 7 3 9 6 7
7 5 2 2 15 5 8 16 3 14 5 11 1
2 42
3 30
3 76
4 40
7 74
8 76
9 10
9 13
9 52
9 72
10 64
11 62
12 20
14 94
15 114
16 94
16 113
17 89
17 107
21 42
22 74
24 26
26 68
29 47
30 101
30 125
32 96
33 100
35 38
35 50
37 100
39 110
42 47
42 68
45 142
47 55
47 76
47 104
48 121
49 87
50 60
50 119
51 89
51 131
52 54
52 67
52 77
52 79
52 118
52 136
52 149
53 113
53 142
54 125
56 108
57 99
58 122
60 98
61 144
62 84
66 76
66 126
67 109
67 137
68 80
68 113
68 157
69 97
69 125
70 92
70 150
70 161
71 97
73 102
74 95
76 83
76 88
79 98
79 118
79 154
80 82
81 82
85 148
86 169
88 135
89 151
90 111
90 185
91 144
91 158
92 192
94 106
94 138
95 113
95 126
96 101
97 140
99 114
99 177
101 107
101 137
101 161
102 156
104 187
105 160
106 188
109 163
110 186
111 146
112 129
112 204
115 174
116 188
116 192
117 127
117 208
121 197
122 132
122 175
122 212
124 152
125 140
125 181
125 204
127 178
128 170
129 207
131 227
137 229
138 145
138 202
140 207
142 231
143 148
143 157
143 186
145 195
145 241
147 240
148 214
148 244
150 249
151 197
151 203
154 164
155 220
155 244
155 252
157 187
158 207
158 208
158 240
160 177
162 215
164 197
164 227
164 252
165 252
168 172
168 174
168 205
168 236
168 252
169 239
170 231
172 255
173 221
173 256
174 195
174 203
175 248
176 178
176 252
177 249
177 260
180 203
180 238
182 219
182 224
185 197
185 263
186 249
187 220
187 275
188 233
188 250
189 199
189 207
189 230
190 215
191 197
192 263
193 264
196 212
196 286
197 200
197 289
198 223
198 251
199 231
199 271
200 295
200 300
201 251
201 252
202 236
204 225
205 251
206 215
206 279
206 282
207 250
208 232
208 277
209 252
210 263
211 292
212 243
212 262
213 262
214 264
216 231
216 254
216 307
217 262
218 286
218 306
219 306
220 283
221 287
222 254
223 280
225 231
226 279
227 291
228 287
229 262
232 332
233 244
235 236
236 278
237 310
238 329
239 313
242 314
242 326
243 274
245 259
249 255
249 281
250 260
250 311
251 258
251 261
251 347
254 272
256 269
256 324
256 332
257 294
259 330
260 316
260 327
260 334
261 345
261 354
261 355
262 305
262 349
263 283
263 352
264 288
264 361
266 312
266 322
266 363
267 364
268 284
268 321
269 343
269 353
273 316
276 346
279 379
280 292
282 349
283 342
284 340
285 308
285 330
287 356
288 360
289 366
290 330
291 362
292 377
293 345
293 378
294 329
296 323
300 327
301 371
301 393
303 359
303 368
308 386
308 402
309 372
310 319
310 410
311 347
312 409
316 317
316 318
316 320
316 386
317 341
317 376
318 323
318 325
318 336
318 343
318 344
320 328
320 353
324 331
324 345
325 393
325 395
326 402
327 385
327 397
329 338
329 343
329 351
329 362
330 343
330 430
332 374
333 430
334 380
335 377
335 381
335 435
336 392
337 353
337 384
337 391
337 409
340 436
343 370
343 431
344 393
344 421
345 385
345 388
346 440
349 369
351 435
351 444
352 435
353 366
353 370
353 451
354 386
354 415
354 435
355 365
355 381
355 421
355 427
355 455
356 404
356 430
357 388
358 417
358 420
359 404
359 408
361 366
361 415
362 419
362 449
363 445
363 447
364 392
364 404
365 442
366 389
371 450
371 469
372 378
372 401
372 423
373 379
373 383
373 434
373 464
375 422
377 409
377 430
377 456
378 450
379 453
379 474
380 428
381 409
381 452
381 472
383 469
384 409
384 425
385 461
385 481
386 401
387 435
387 445
387 467
388 404
388 431
389 456
392 443
393 479
394 485
394 491
396 417
396 439
396 446
396 490
397 416
398 417
399 472
399 480
401 406
401 453
401 468
403 470
404 503
405 488
405 493
408 416
409 447
412 453
412 458
413 450
413 467
413 502
416 424
416 426
416 477
418 466
419 439
420 455
422 458
422 514
423 434
424 454
424 458
425 470
426 492
429 495
431 478
431 518
431 524
432 482
434 486
435 500
436 484
439 528
442 450
442 472
442 537
442 542
443 513
444 468
444 494
444 532
445 473
445 515
446 453
446 525
447 513
448 469
448 515
449 454
451 537
452 489
452 542
453 553
454 547
455 462
457 482
459 470
459 546
460 483
460 507
460 519
461 504
461 520
462 497
463 496
463 511
463 559
464 543
464 546
465 473
465 484
466 503
467 535
467 556
468 544
470 483
471 500
473 509
474 535
474 537
475 493
476 543
477 560
477 568
479 520
479 571
480 566
482 559
482 566
485 539
485 554
486 514
486 533
487 578
487 579
488 494
488 525
488 542
489 504
489 575
490 514
490 528
492 564
492 576
493 524
495 558
495 576
496 574
499 544
500 559
505 521
505 539
505 555
505 561
506 554
506 577
507 578
508 532
508 596
509 550
509 607
515 611
518 527
520 554
520 595
522 552
522 577
523 535
523 543
523 566
524 550
525 617
527 598
527 604
528 588
529 550
529 570
530 623
531 578
532 629
533 621
534 579
537 568
537 615
538 597
538 604
538 620
542 553
546 596
548 577
549 632
551 602
551 614
553 584
554 585
554 612
554 630
555 614
556 563
557 607
558 588
559 604
560 614
560 619
560 622
561 571
561 581
561 624
562 619
562 635
563 608
564 585
567 615
567 628
567 631
567 647
568 651
571 670
572 581
572 597
572 657
573 578
573 664
576 628
577 593
578 608
578 678
579 674
580 653
581 595
582 609
584 600
585 614
585 646
588 686
589 617
590 601
592 691
594 612
596 608
597 607
598 632
599 626
600 612
601 653
603 613
603 662
606 622
606 639
606 706
607 631
607 674
609 660
610 630
610 704
611 680
611 690
614 680
615 641
616 653
617 708
619 717
622 716
624 668
624 672
625 654
625 671
625 688
625 699
626 721
626 722
627 634
627 711
628 728
629 632
629 651
631 643
631 689
632 647
632 728
635 692
636 689
637 691
638 704
640 699
640 713
640 728
640 732
641 680
642 671
644 659
645 662
646 674
646 707
647 678
649 685
650 692
651 671
652 654
653 670
654 655
655 716
656 673
657 757
658 723
659 734
659 745
660 720
667 725
668 695
672 728
675 711
676 760
677 703
677 705
678 749
678 757
679 696
680 729
681 745
682 685
682 695
682 773
683 696
684 736
684 765
685 733
685 754
686 716
688 767
689 782
690 696
691 770
692 726
693 744
693 768
694 714
694 736
695 790
697 728
697 759
699 742
699 760
700 739
700 787
701 740
702 720
702 726
702 765
702 786
702 802
703 714
704 745
705 767
705 785
706 716
708 711
709 768
710 751
710 762
710 808
711 790
712 784
713 765
713 793
717 780
717 804
718 765
718 792
718 817
720 778
721 737
722 730
724 771
725 783
725 814
725 817
726 782
727 786
728 795
729 752
730 798
730 806
732 763
734 797
736 808
736 810
736 821
737 741
737 751
740 754
740 780
741 776
743 834
745 843
746 777
749 786
749 824
750 789
751 791
752 759
753 755
755 811
756 796
757 775
757 781
757 790
757 802
760 837
762 826
764 830
765 863
766 852
766 864
767 820
767 825
767 848
768 774
768 862
769 845
771 807
774 811
776 810
777 789
778 834
778 851
779 782
779 871
781 829
785 802
786 797
786 845
786 861
787 808
787 831
788 820
788 856
789 889
790 876
791 848
792 843
793 852
797 831
797 859
798 825
798 875
799 846
799 885
801 871
805 891
806 863
807 886
808 830
808 832
808 834
808 904
809 823
809 841
811 812
812 820
812 851
814 848
815 827
818 839
818 880
818 897
819 835
819 851
822 853
823 859
824 861
826 839
826 867
826 879
829 884
829 929
831 861
833 881
833 896
836 843
836 915
839 861
839 925
840 852
840 864
840 906
841 871
842 880
842 889
842 897
843 870
843 926
844 860
844 878
844 903
845 931
847 902
847 932
848 916
849 851
849 929
850 890
851 883
851 888
851 901
851 927
852 873
852 906
853 948
855 954
858 904
858 908
858 930
859 885
859 954
860 885
860 931
860 958
863 914
865 880
865 939
867 917
867 956
868 941
869 911
869 969
870 906
871 931
872 957
873 895
873 961
874 938
874 952
875 887
877 912
879 902
879 903
880 894
882 899
883 886
883 917
885 913
886 933
887 906
888 898
888 978
889 936
889 969
890 978
891 979
894 905
894 960
894 986
896 957
897 932
897 938
897 943
897 960
897 982
898 918
898 964
899 957
900 956
901 979
902 939
903 928
903 936
903 980
904 926
905 934
906 924
906 938
906 955
907 974
908 958
909 912
910 926
910 954
911 935
913 933
916 972
917 923
918 962
920 989
924 962
925 963
927 988
927 991
928 949
931 971
932 953
934 971
936 955
939 978
940 970
941 978
943 982
945 984
947 972
947 992
948 978
949 990
950 952
952 978
954 998
957 974
957 996
962 969
963 975
964 979
965 980
968 997
968 1000
973 993
975 999
979 980
979 997
980 985
980 993
983 988
989 997
992 1000
13 9 7 10 3 2 12 2 8 2 3 7 5
17 2 15 11 8 17 22 13 23 32 5 18 8
17 4 15 9 1 15 3 13 6 5 10 5 2
4 11 2 10 1 5 3 6 0 3 4 8 12
5 7 13 6 10 5 8 11 2 4 2 2 1
24 8 11 2 6 3 10 7 1 3 4 2 0
7 13 25 11 25 1 3 10 20 12 8 6 3
8 3 2 5 8 13 13 1 11 6 12 14 24
21 9 3 11 0 4 20 2 32 9 13 2 0
5 22 10 18 0 18 18 18 13 1 11 9 7
9 12 5 9 4 4 11 13 14 3 1 3 4
1 4 17 13 13 7 15 6 5 3 11 25 14
12 4 14 11 16 27 4 25 1 3 9 2 15
16 26 3 2 7 6 2 5 9 23 20 19 19
2 2 0 9 2 9 15 5 1 10 3 0 7
16 15 11 7 10 5 4 18 8 28 14 19 3
22 2 12 5 10 6 10 6 8 0 1 7 19
1 10 8 0 13 17 8 14 7 11 21 6 1
0 4 4 3 9 1 2 0 5 11 14 6 2
8 11 1 12 12 2 7 5 2 8 10 26 19
61 31 41 56 67 64 50 34 61 33 58 42 33 19 76 26 52 44 74 35
15 4 19 14 21 25 13 6 25 10 16 3 13 4 30 5 11 18 27 7
11 4 12 10 20 22 8 2 16 8 13 7 11 1 24 5 10 13 21 4
37 13 38 48 41 51 20 28 42 29 35 35 33 19 52 12 34 25 47 32
46 27 46 66 60 60 37 32 40 31 48 44 52 25 65 25 53 24 57 46
15 1 17 25 13 18 9 16 22 13 15 5 12 19 17 7 10 15 27 12
27 12 15 29 29 38 13 20 15 2 17 15 21 20 38 9 34 14 39 20
68 31 62 68 74 83 46 46 60 31 59 39 53 42 84 40 64 54 81 48
11 4 4 15 12 13 4 9 11 9 9 7 10 5 16 1 13 6 13 10
48 21 39 67 65 60 48 51 40 16 49 41 39 53 69 40 54 51 87 55
49 37 52 63 66 60 48 35 40 29 44 45 45 17 71 34 46 44 73 46
41 12 29 44 40 37 33 32 46 30 36 26 16 20 59 12 17 33 56 29
29 18 26 30 39 41 15 22 29 3 21 28 30 10 49 8 30 27 48 23
36 14 32 44 48 32 26 40 29 39 35 46 43 7 55 6 30 33 50 35
39 5 15 38 26 38 13 34 37 15 30 18 9 27 34 6 31 21 38 31
49 17 31 61 56 61 33 46 50 22 42 42 31 45 64 27 46 47 72 50
10 1 13 18 20 26 9 7 23 5 15 2 13 7 28 2 9 14 23 14
36 15 47 49 35 40 25 28 39 27 36 15 41 21 52 10 36 26 49 19
50 26 62 60 66 72 40 50 60 41 53 40 64 20 71 16 59 56 66 34
21 8 9 19 21 28 10 10 20 7 16 6 11 6 26 1 19 7 18 12
11 5 5 12 15 21 9 7 13 2 10 6 8 8 20 4 11 14 24 10
35 14 26 46 38 46 30 23 32 13 29 21 34 23 53 11 35 22 50 33
41 21 41 58 55 57 23 32 38 37 44 40 35 30 64 21 44 37 58 35
44 9 39 51 58 53 39 34 43 29 36 37 36 22 68 18 32 50 70 35
61 22 47 60 60 68 23 36 49 32 50 41 41 28 66 25 56 22 56 41
15 1 9 26 12 17 1 9 14 8 8 12 13 7 27 1 8 9 22 19
7 3 12 15 10 8 7 2 9 5 8 1 5 7 13 6 7 5 11 4
27 3 24 46 32 35 33 19 26 12 30 18 30 35 35 28 27 19 44 41
31 1 35 38 34 40 24 26 38 21 31 11 28 29 34 19 24 32 48 22
45 1 36 68 45 44 30 37 47 36 36 33 40 28 71 9 30 39 65 38
29 23 34 46 43 46 34 22 22 13 30 21 36 25 42 25 39 21 47 38
6 1 9 9 13 14 5 2 14 6 9 6 4 3 15 5 6 16 15 1
25 10 17 31 32 34 16 8 26 10 30 13 18 7 38 7 26 8 25 18
49 9 55 68 54 56 32 34 48 44 42 35 49 24 65 16 43 40 63 38
66 22 51 58 57 70 52 38 77 39 58 28 23 40 65 36 46 39 70 36
3 1 6 11 9 11 3 4 9 3 1 7 7 3 11 2 1 9 16 6
22 13 13 26 20 22 4 24 23 15 24 15 18 16 38 6 27 15 28 17
7 1 7 16 7 12 1 4 11 10 5 6 6 3 23 1 6 9 13 6
11 6 15 12 21 26 12 10 23 8 19 7 13 10 30 7 16 24 28 7
36 12 10 36 25 38 12 36 31 12 29 19 14 31 45 11 37 24 47 27
58 30 37 60 53 60 39 30 58 28 51 27 30 36 67 39 38 37 68 46
19 3 13 16 21 30 14 22 31 4 20 6 8 21 29 13 13 27 42 16
48 26 40 52 52 58 27 36 55 31 51 31 20 47 57 39 44 44 63 36
10 3 8 15 16 12 5 1 12 6 12 4 1 1 20 1 7 10 14 1
23 11 21 22 27 31 14 20 28 13 22 18 17 14 39 9 26 23 40 11
27 7 19 28 24 34 22 22 33 10 16 19 8 24 31 11 19 26 45 23
27 15 24 17 35 40 21 13 26 8 27 8 23 2 36 3 31 23 35 6
43 8 32 43 38 53 19 24 38 22 28 24 17 27 46 23 29 35 55 26
14 1 11 24 19 25 3 15 23 1 3 17 14 12 33 5 12 12 28 21
26 15 28 38 46 43 26 22 31 17 31 22 28 17 56 14 26 39 53 21
2 1 2 7 3 9 2 1 11 3 3 1 4 2 14 1 1 2 5 6
45 24 40 54 60 48 47 33 39 39 54 30 33 30 66 29 31 53 62 34
29 10 24 38 26 36 18 22 37 13 22 17 13 27 42 8 23 17 36 23
11 5 18 17 19 18 14 3 21 17 14 11 10 6 24 11 8 20 24 3
11 11 8 15 18 22 7 7 11 6 16 8 14 6 30 1 20 14 16 6
2 1 5 4 5 11 5 3 7 3 1 4 1 8 7 2 3 15 18 2
37 3 22 45 34 37 33 20 38 8 29 23 15 33 41 23 33 16 50 35
52 26 42 42 43 56 24 29 49 37 45 23 16 28 50 32 33 42 56 18
11 2 6 8 17 23 6 3 13 7 14 2 7 5 13 2 15 11 15 3
8 5 11 13 12 15 12 5 8 3 8 7 12 7 13 7 14 9 24 8
34 17 37 33 41 45 26 27 32 17 30 30 38 11 37 16 35 29 49 26
15 1 12 20 5 11 9 12 19 11 10 6 7 12 23 4 5 9 22 14
9 1 5 14 13 17 7 4 9 9 7 12 12 1 17 1 9 12 18 11
12 5 7 11 15 19 4 14 17 9 12 4 9 11 21 3 18 12 19 6
10 1 8 20 10 15 12 6 15 9 7 9 7 12 17 7 7 13 21 15
9 6 16 13 20 22 5 8 19 10 11 12 18 1 28 1 17 18 25 1
52 17 50 59 57 52 50 32 52 42 52 28 43 24 63 24 44 49 73 26
35 10 34 38 27 34 16 29 34 21 23 25 24 19 38 6 33 11 40 19
11 9 15 10 13 20 13 16 18 7 9 8 7 13 19 10 13 21 31 9
36 13 31 52 43 47 29 28 42 16 38 25 38 38 55 27 39 30 60 44
14 1 22 27 29 33 20 9 13 4 12 11 23 23 21 20 18 28 41 23
53 19 43 52 51 64 21 42 49 26 41 44 44 16 60 9 53 33 56 38
42 18 38 42 52 57 25 26 30 19 37 25 42 14 56 20 42 28 48 33
14 2 8 18 10 11 1 9 10 18 13 12 2 3 23 1 13 13 17 1
64 13 44 70 64 70 39 35 61 31 55 34 31 35 83 22 42 48 76 46
19 5 25 30 19 27 12 13 28 13 13 9 17 17 33 12 6 15 33 17
50 14 52 64 55 60 39 39 52 42 49 38 47 31 62 20 52 38 69 37
43 14 37 58 39 45 15 36 29 35 36 33 28 38 62 28 30 38 54 45
25 22 22 32 31 38 12 23 26 10 25 17 24 13 48 4 31 19 30 21
10 1 11 15 7 10 1 4 13 13 11 4 3 5 13 1 9 5 7 3
17 1 14 17 6 11 4 7 12 17 13 7 7 4 10 1 11 2 11 4
20 4 11 34 33 30 27 13 28 10 31 19 12 21 40 13 19 26 44 25
15 5 9 17 14 20 1 8 17 12 16 3 2 8 26 1 13 12 15 1
1 1 5 6 5 7 4 1 6 1 2 1 8 4 8 2 1 1 7 1
60 26 36 75 60 60 46 45 54 36 54 49 29 40 80 26 50 29 70 52
19 6 6 14 9 18 12 12 15 7 11 12 8 14 12 7 19 7 27 12
26 17 16 27 18 23 10 29 26 8 12 22 14 17 41 1 30 12 36 21
35 16 33 41 40 44 24 20 45 25 42 5 25 28 49 27 23 37 48 27
46 24 40 53 51 46 36 53 51 27 41 52 38 19 63 14 44 38 67 43
7 1 3 7 3 5 1 4 10 8 2 6 3 1 8 1 5 6 12 1
8 1 1 11 8 9 4 10 13 2 9 2 5 6 17 1 6 4 14 11
2 1 6 10 6 8 7 5 13 1 3 1 6 7 13 4 1 5 19 6
9 1 5 9 7 10 1 6 7 10 6 8 8 1 7 1 10 4 7 1
15 1 7 15 7 14 1 12 13 12 8 12 7 4 14 1 15 7 14 7
21 11 5 23 14 18 9 22 16 4 18 6 7 20 29 3 20 15 30 18
41 17 39 44 35 44 17 31 43 27 31 26 31 22 53 7 40 16 46 19
21 15 26 31 25 27 15 23 31 22 22 17 12 14 43 11 14 24 41 17
12 7 13 13 13 16 10 13 18 3 11 5 14 11 24 4 13 9 24 8
19 4 19 18 15 19 7 7 19 20 19 9 9 5 14 5 14 9 12 4
41 28 42 42 45 54 19 35 40 18 34 23 26 27 50 23 41 32 55 27
37 19 38 47 40 46 28 36 39 14 26 35 38 33 60 15 44 29 58 36
46 13 51 52 53 56 22 37 45 31 37 40 53 9 64 10 47 40 57 34
42 25 47 51 46 53 22 37 37 29 40 31 33 26 54 19 46 36 52 23
34 19 37 48 48 41 34 35 31 23 27 38 35 25 57 23 30 48 71 37
35 21 40 55 42 42 16 24 25 22 30 24 36 27 56 21 38 23 45 28
34 2 20 42 26 34 22 23 39 13 27 20 18 29 37 15 29 7 42 30
36 15 24 42 40 41 33 27 25 4 32 23 23 39 41 29 43 28 59 30
15 4 5 23 17 18 3 7 7 12 13 12 10 3 23 1 16 10 15 8
54 20 39 66 65 67 37 42 42 29 46 42 43 33 75 17 58 48 64 41
37 28 40 38 53 56 31 27 37 21 34 32 30 18 52 28 39 47 63 24
8 3 7 19 13 18 1 15 11 7 1 14 11 11 26 3 14 18 27 13
7 10 13 14 15 15 8 15 14 10 6 17 15 10 27 4 14 17 29 6
16 9 10 19 16 19 3 10 9 6 8 10 14 4 28 1 20 4 21 10
13 1 2 17 15 18 6 3 13 6 14 4 7 4 16 2 13 4 11 12
41 17 34 54 41 29 33 40 43 39 44 33 33 28 68 13 28 41 57 31
23 6 11 31 11 16 9 27 32 16 15 19 4 23 39 1 16 20 36 22
51 29 44 54 51 52 23 36 43 36 45 34 31 12 66 13 39 27 53 31
36 11 30 40 37 47 36 29 36 11 27 20 20 41 31 28 38 34 59 33
27 16 23 31 21 30 7 33 35 22 31 9 12 31 42 15 27 24 35 18
11 4 3 6 3 8 6 9 10 7 5 6 4 5 13 1 9 9 17 8
21 9 34 48 37 38 19 24 26 25 21 20 22 31 46 23 21 38 51 25
28 10 14 42 37 30 21 20 26 23 35 28 20 11 53 6 26 19 38 25
16 4 12 22 12 17 18 13 25 5 14 11 6 21 22 13 15 11 37 19
26 7 28 22 30 31 21 7 37 22 28 7 17 3 39 11 15 27 33 7
19 4 9 20 3 16 5 16 21 13 7 8 5 14 22 1 14 8 18 13
9 1 3 11 8 14 7 5 9 5 8 1 4 6 10 3 9 7 14 10
27 8 32 52 49 43 35 25 18 15 31 28 36 27 52 24 30 42 60 38
55 23 47 61 59 63 43 19 57 37 57 34 35 26 63 36 36 33 60 33
38 7 28 55 51 45 35 33 41 36 46 30 39 16 58 9 34 40 57 33
7 7 6 10 6 9 3 7 6 8 8 7 6 4 16 1 15 8 11 4
4 1 6 11 12 13 4 1 10 7 7 4 7 4 20 1 8 14 18 1
21 7 31 34 29 26 26 8 23 25 23 13 17 14 31 20 15 28 37 14
24 10 22 39 16 21 6 26 31 15 21 7 16 24 45 8 17 8 35 23
52 19 50 69 53 64 20 53 55 34 46 35 48 51 73 26 54 44 74 45
45 17 37 54 43 52 20 33 37 28 39 24 27 36 52 18 46 27 49 24
25 18 25 13 23 23 15 16 26 14 17 10 10 3 28 11 20 16 33 7
11 10 19 24 16 18 6 11 20 10 15 5 13 10 32 5 14 7 16 9
4 4 8 12 14 15 4 3 8 5 4 7 11 4 16 4 10 8 13 9
57 19 57 69 61 69 38 40 40 32 50 46 51 45 57 37 62 38 68 49
9 1 8 15 13 16 6 9 23 6 11 1 9 4 23 1 5 5 18 13
11 7 15 18 8 10 7 12 17 12 11 6 7 12 21 5 14 10 19 8
53 25 46 54 64 61 57 45 56 27 52 38 33 40 69 31 48 60 87 39
58 22 41 64 54 59 39 36 62 34 53 28 20 31 79 13 38 38 65 39
10 1 6 9 10 12 8 8 12 6 5 5 7 6 12 4 8 9 19 10
34 1 26 40 47 40 31 22 33 31 38 27 34 5 42 6 27 33 48 25
5 1 1 3 2 8 1 5 6 1 1 3 1 4 7 1 4 11 16 2
12 4 3 10 16 18 11 1 12 1 14 2 1 5 10 5 12 7 15 6
41 16 37 45 39 49 17 23 53 32 38 18 25 26 60 28 14 44 54 29
25 10 21 26 26 29 16 24 29 21 19 24 16 13 34 9 23 25 41 16
56 25 45 71 58 57 46 44 42 36 46 50 39 30 60 17 58 34 64 51
25 7 14 25 24 28 11 7 17 11 18 9 13 3 24 3 19 9 19 13
2 1 1 1 2 7 1 1 2 2 2 1 1 2 5 1 7 6 5 1
23 1 14 32 16 22 8 10 18 17 14 17 13 10 23 3 12 9 27 18
29 4 25 49 38 32 37 18 32 20 32 26 16 25 42 25 25 25 51 34
20 5 10 17 19 23 8 5 21 9 16 4 5 3 27 3 13 15 22 4
51 14 41 54 55 64 42 30 44 18 41 32 30 44 46 42 49 38 71 40
14 6 6 15 11 15 9 5 11 10 12 5 7 5 15 5 15 7 13 10
56 19 46 62 49 61 29 34 47 29 42 25 29 41 69 32 36 36 65 41
30 12 22 40 36 39 20 28 43 10 33 23 22 28 51 22 31 22 52 36
6 1 8 13 9 11 1 4 13 8 5 4 8 1 16 1 4 5 9 7
43 22 31 33 35 45 21 19 41 25 37 11 3 21 42 23 23 31 48 14
9 9 15 12 10 10 5 9 9 7 6 11 16 3 19 1 17 4 18 4
42 9 26 48 40 44 23 24 42 34 43 20 14 23 45 22 26 37 53 30
13 1 9 16 13 17 5 14 13 12 15 9 12 12 14 2 16 8 15 11
35 10 39 44 53 58 28 20 21 14 34 19 39 34 39 35 39 41 51 32
27 5 15 38 24 31 18 14 31 16 28 20 13 22 40 14 20 11 33 29
9 1 9 11 4 7 4 6 16 9 6 1 6 5 15 2 3 1 12 3
16 7 10 26 18 21 10 15 22 10 15 16 15 11 33 6 17 12 30 22
55 28 36 59 53 57 43 30 53 37 57 34 16 30 68 31 38 39 66 33
47 23 42 52 55 58 28 47 43 28 40 40 33 25 63 26 38 54 76 40
34 22 36 57 45 43 25 33 40 21 39 30 38 19 70 11 35 39 58 32
33 8 17 45 40 41 21 26 24 17 21 34 19 22 49 9 31 32 50 33
26 12 21 31 20 25 20 30 34 6 18 16 15 25 38 11 24 12 44 26
1 3 1 1 1 3 1 4 1 1 1 2 1 1 6 1 8 4 8 1
38 14 33 43 45 45 29 34 37 25 36 38 20 19 45 19 37 37 59 28
17 10 14 20 26 27 13 8 21 8 21 8 14 4 32 4 18 18 21 8
34 18 40 32 39 45 30 18 39 20 29 17 30 19 43 23 26 32 54 16
49 20 36 51 38 49 15 29 33 31 36 30 30 19 48 9 43 17 38 30
29 5 21 30 29 25 23 14 30 25 30 13 19 2 39 2 26 22 38 8
1 1 4 6 2 4 1 1 6 2 1 2 1 1 12 1 1 6 7 1
4 5 7 11 10 10 1 8 9 7 1 11 10 1 21 1 11 9 19 2
19 1 10 16 14 21 8 12 16 11 14 14 14 8 15 3 14 11 23 11
5 1 7 10 9 14 9 1 13 4 4 1 6 4 9 4 2 7 15 5
43 20 31 31 43 51 22 32 39 15 33 29 29 16 46 9 43 22 43 24
36 19 27 54 51 43 45 26 27 28 38 34 33 22 44 25 31 32 58 40
24 9 21 36 21 28 10 28 34 21 22 18 15 28 44 9 23 24 42 16
35 9 35 28 45 50 23 23 35 28 40 17 24 7 39 13 35 35 39 13
23 8 8 24 22 31 11 12 20 5 18 7 12 11 33 1 21 8 25 16
34 10 40 48 44 44 34 18 31 31 29 28 26 26 47 32 19 46 62 32
33 8 23 50 51 40 18 35 17 25 33 35 35 28 62 18 30 43 53 38
47 25 33 63 40 41 30 49 51 31 40 35 19 50 67 24 42 43 69 49
37 18 31 42 42 44 34 28 33 16 31 26 22 28 48 17 37 32 60 27
63 25 36 65 60 65 39 51 62 26 56 49 38 32 75 18 62 43 77 48
21 5 18 25 24 23 8 11 20 19 25 15 20 6 29 1 24 13 15 10
35 12 43 42 41 53 16 27 31 27 31 26 40 23 48 14 38 30 41 24
43 14 21 50 33 40 22 29 40 24 41 18 25 39 44 25 34 27 51 36
6 1 10 17 10 11 7 4 7 9 7 9 13 8 16 6 10 7 16 9
12 7 17 12 15 20 11 2 17 14 13 6 7 6 18 10 10 19 20 2
14 5 12 27 11 12 11 20 21 13 13 13 13 17 31 6 13 18 38 17
47 9 34 57 37 43 31 36 38 20 38 24 31 38 46 23 42 22 52 41
41 19 35 50 39 45 33 36 50 14 30 31 35 31 56 12 41 23 61 39
42 25 44 51 45 52 27 33 38 29 44 18 29 35 49 27 43 31 49 23
8 1 11 9 15 16 4 1 17 7 12 1 4 1 19 4 2 10 10 1
1 2 2 3 1 3 1 3 2 1 1 1 3 1 9 1 4 1 4 1
36 21 31 58 45 45 30 26 35 31 43 28 27 29 60 18 35 26 52 32
30 1 13 26 19 29 13 19 32 13 22 15 7 15 24 9 16 17 37 22
14 8 16 20 12 16 8 22 20 10 16 7 7 22 27 7 19 19 32 15
1 1 3 4 1 1 1 3 5 1 1 1 2 2 11 1 3 1 4 1
24 2 15 22 14 21 8 20 26 13 20 6 5 16 22 4 18 15 29 13
7 5 1 4 5 10 4 9 9 5 5 4 5 7 11 1 10 10 14 4
52 22 37 68 55 51 30 45 48 38 52 37 39 32 77 20 36 41 71 43
10 5 7 16 17 16 8 4 11 6 11 8 5 3 20 5 9 15 17 9
27 7 31 43 34 41 25 20 26 15 30 12 26 32 33 23 32 24 44 28
35 3 25 45 35 41 16 29 35 21 33 19 26 21 42 7 31 24 42 26
8 1 7 16 8 15 5 3 13 9 5 2 7 5 17 1 6 6 12 10
10 9 8 13 11 10 2 16 16 3 12 6 6 8 26 1 14 9 20 11
41 9 34 55 37 43 22 33 39 32 37 31 34 25 54 9 39 27 45 31
56 27 46 57 55 58 40 39 48 41 57 33 39 16 59 22 44 37 53 37
39 11 45 42 42 45 31 17 46 33 40 9 32 19 46 21 26 30 45 14
41 23 51 46 49 56 32 37 49 19 37 24 45 30 61 20 45 42 64 25
18 17 23 33 39 40 12 23 24 5 26 17 23 19 49 14 29 30 39 19
22 5 12 24 28 24 24 12 31 20 25 15 2 7 31 14 9 26 41 17
38 13 33 49 38 46 22 36 43 21 32 25 34 36 46 24 35 30 62 40
32 16 26 43 44 44 28 11 21 19 35 26 35 10 39 15 33 13 34 26
23 1 14 45 30 26 26 14 26 16 27 25 16 23 38 17 20 12 40 31
28 1 18 36 27 34 9 20 34 14 22 19 23 11 39 2 18 18 38 27
17 4 18 22 22 29 5 13 21 11 9 13 18 14 27 9 17 20 29 13
8 4 4 12 10 12 7 3 7 1 8 1 2 6 14 2 9 6 11 6
28 3 20 32 32 41 15 24 32 12 23 21 17 21 36 7 24 20 41 23
23 8 35 34 41 41 25 13 15 3 23 18 36 20 39 23 30 29 44 27
14 1 6 18 4 9 5 9 14 9 5 8 6 6 20 1 7 4 20 13
6 1 7 15 9 10 7 8 7 5 5 5 11 8 14 5 8 4 14 11
19 8 17 22 17 17 4 17 28 11 19 7 6 7 39 4 12 14 29 10
1 1 5 4 9 13 1 1 6 1 1 1 6 1 11 1 5 7 10 2
39 8 41 49 39 52 25 20 39 23 31 23 34 33 41 25 29 30 55 30
2 1 1 1 1 5 1 6 1 1 1 1 1 3 4 1 6 5 9 1
34 16 39 41 30 39 15 28 38 32 37 14 20 22 43 16 25 24 42 18
39 13 30 56 44 44 31 33 33 28 30 42 27 30 49 13 36 32 55 40
40 23 40 38 46 49 21 34 43 22 35 30 37 9 52 17 31 30 48 31
6 3 14 28 22 21 16 15 11 9 3 15 15 18 26 11 8 27 40 20
18 6 6 13 11 16 11 10 17 10 12 11 9 8 14 7 16 7 22 12
35 12 26 40 37 43 36 24 36 7 26 20 22 34 39 27 33 22 54 37
40 14 34 48 34 43 22 31 47 17 26 30 25 27 57 15 29 25 61 34
47 7 43 46 39 51 33 46 48 37 35 38 36 27 46 12 47 36 55 36
12 7 4 9 12 18 7 9 8 1 10 2 3 9 13 3 16 10 20 5
49 5 46 69 56 62 31 45 48 27 42 32 39 56 70 40 41 57 78 52
57 13 40 67 61 70 26 31 50 35 56 28 42 34 69 26 51 48 62 43
20 1 20 21 26 33 15 17 20 16 23 15 21 14 19 9 23 20 27 15
28 3 14 35 28 36 14 22 20 5 19 16 18 30 31 18 29 20 44 29
11 1 12 23 13 16 4 11 23 13 14 5 10 10 27 4 8 8 15 15
8 4 10 14 12 17 6 13 15 2 9 4 4 11 21 3 12 15 27 9
6 4 2 9 7 12 1 7 6 7 5 9 9 6 17 1 11 12 16 4
6 1 6 9 9 14 4 5 10 8 6 4 7 6 8 4 9 11 11 6
13 1 10 20 15 21 6 10 21 11 17 8 11 11 27 2 12 16 22 12
30 3 16 30 33 32 22 29 25 24 24 29 13 17 31 13 25 33 50 21
9 1 3 6 9 10 3 5 9 5 7 3 5 1 9 2 10 5 9 2
39 19 32 46 49 55 24 31 36 16 34 45 33 30 54 25 46 28 52 42
4 1 5 15 7 9 3 5 6 6 4 8 9 5 14 2 7 6 14 9
23 11 18 20 23 28 18 16 36 18 27 5 8 15 32 19 6 28 33 16
51 21 42 62 48 60 37 33 39 18 37 31 36 42 56 26 51 26 62 44
44 19 43 50 44 50 25 23 38 33 46 20 30 16 47 16 38 17 33 26
20 1 22 31 30 34 28 15 22 4 19 9 20 28 18 24 18 25 45 28
20 7 25 22 25 29 17 5 31 18 22 4 10 5 37 9 6 23 32 4
9 4 9 10 5 8 6 10 16 8 3 2 3 4 14 3 7 6 16 7
4 3 5 4 5 9 5 2 10 5 2 4 4 1 12 1 6 7 13 3
51 29 48 63 56 58 42 41 51 19 49 35 24 42 59 37 52 40 76 41
7 1 6 17 22 19 6 7 9 5 6 15 13 3 28 1 5 20 28 15
12 1 4 12 12 19 3 7 15 1 4 8 12 4 21 1 8 5 20 15
32 19 33 42 39 41 22 25 22 31 38 24 25 20 47 11 37 25 40 13
13 4 14 16 11 12 3 10 10 17 13 12 12 3 11 1 19 3 8 6
19 1 13 17 16 22 7 13 21 13 11 13 11 6 16 6 14 12 21 9
35 5 24 38 32 42 28 14 39 11 29 9 19 19 43 8 29 23 46 18
16 1 4 22 6 11 1 17 23 7 13 5 1 14 28 1 8 14 23 15
39 15 23 38 41 44 24 19 31 11 28 31 21 19 47 21 37 20 52 29
44 26 44 59 61 46 47 39 44 39 49 49 46 28 66 31 34 44 70 45
57 12 48 53 46 62 33 39 61 39 48 29 30 29 52 12 48 33 58 32
8 2 1 3 3 5 1 7 8 4 4 5 4 4 11 1 8 6 11 4
4 1 1 4 2 9 1 2 2 5 2 2 3 2 2 1 6 5 5 1
36 22 34 46 29 31 26 26 30 18 35 13 21 29 40 20 32 16 44 28
25 6 18 27 26 31 22 9 33 13 24 13 20 10 37 10 20 17 32 18
37 9 35 30 38 45 30 16 40 27 35 14 28 13 34 16 27 33 46 9
40 25 41 68 47 42 22 35 28 38 41 36 32 33 70 25 38 30 51 42
54 26 57 57 56 68 34 40 59 25 39 39 42 32 73 25 45 46 75 36
60 22 55 65 64 69 38 42 50 44 48 49 39 37 66 39 45 60 76 40
16 4 11 19 16 24 1 14 15 10 11 7 12 9 29 1 19 10 22 10
8 1 1 11 7 9 1 8 10 6 4 6 9 2 18 1 8 3 11 7
38 8 9 36 28 38 19 17 25 14 26 24 11 21 32 10 36 14 36 23
63 25 50 69 65 73 45 36 52 43 63 38 32 35 62 37 56 35 61 39
45 5 32 52 40 50 18 37 42 24 33 32 23 28 54 12 38 33 60 37
17 4 24 27 20 25 21 17 5 13 16 12 23 26 15 19 27 22 30 18
12 9 17 20 22 20 15 10 23 11 18 9 10 11 32 13 9 20 30 11
21 7 11 24 26 24 16 18 30 10 22 15 10 11 37 6 17 20 36 19
6 3 7 12 12 15 4 7 16 8 8 8 10 5 19 4 8 12 15 7
28 10 26 40 25 32 19 27 28 14 21 19 22 30 35 14 34 20 43 23
5 3 6 13 10 10 6 5 11 4 9 5 8 8 18 4 7 8 13 6
13 5 17 29 17 22 8 14 10 11 13 15 23 17 26 7 20 11 26 19
4 3 6 7 1 3 1 3 6 8 2 3 3 1 8 1 8 1 6 1
2 1 2 14 12 14 3 15 11 4 3 7 2 13 21 3 7 20 27 9
1 1 1 14 3 1 4 6 5 5 3 7 1 6 15 1 1 8 17 7
1 1 4 9 4 9 1 4 14 3 3 1 2 6 16 1 1 9 12 4
16 5 8 19 19 25 4 7 7 12 15 9 11 5 16 1 21 11 13 7
25 14 26 25 36 42 19 19 22 17 27 20 21 19 29 23 26 37 36 15
30 17 23 30 26 33 15 27 39 10 19 22 23 13 42 9 27 12 37 27
61 24 58 69 63 72 32 44 53 40 57 35 38 35 74 31 51 48 75 39
52 21 53 66 67 64 44 29 42 39 50 37 48 19 62 31 42 39 62 44
22 8 19 28 23 32 18 17 25 15 22 12 18 19 29 13 15 22 36 22
23 4 14 31 16 19 2 25 27 20 18 21 17 12 35 1 20 12 26 19
23 1 24 35 36 41 18 17 23 13 17 22 29 26 33 21 23 31 49 27
41 18 29 56 29 40 12 31 40 25 34 18 18 37 56 18 30 26 49 34
48 14 48 57 55 58 41 23 49 26 42 15 42 26 60 23 41 38 56 31
11 1 4 10 5 8 4 11 11 5 1 7 6 9 13 1 9 6 16 8
57 30 49 58 63 69 39 30 58 27 55 38 29 26 75 30 53 35 62 37
4 1 3 11 6 6 1 5 12 6 8 1 4 5 17 1 7 2 6 6
1 1 4 13 4 7 1 1 4 7 1 5 3 4 16 1 1 10 14 3
3 3 7 13 9 15 3 14 8 2 2 3 8 15 18 6 10 13 21 7
31 8 19 36 36 39 11 16 22 13 25 25 26 11 36 12 34 11 29 27
11 3 5 19 15 16 3 10 16 10 14 8 12 6 24 1 13 8 14 11
37 7 27 40 36 36 26 19 33 29 33 24 16 16 35 17 24 28 45 22
45 20 35 35 42 48 34 29 54 15 37 28 17 25 52 27 36 23 55 29
56 34 48 62 55 61 44 30 53 34 58 34 35 34 66 35 54 21 55 39
8 1 6 11 6 10 5 4 7 12 7 11 6 7 12 1 10 13 16 5
22 5 11 24 21 29 12 12 27 12 19 8 11 15 29 8 19 11 26 18
24 5 4 23 17 19 10 5 19 8 17 9 3 5 26 4 19 7 22 12
33 16 25 34 26 34 8 29 38 18 23 21 23 16 53 3 33 12 34 17
37 17 24 32 31 34 22 15 32 22 30 19 12 8 43 9 27 17 38 13
27 5 11 24 21 32 17 23 35 7 17 18 8 23 34 11 27 10 37 22
18 4 11 27 12 21 6 19 22 5 6 18 12 16 36 3 15 13 34 25
40 14 39 55 51 56 39 22 26 17 42 19 49 24 54 17 48 34 56 31
55 19 33 56 53 65 28 35 47 26 48 35 31 31 59 19 53 30 51 34
18 17 14 20 21 23 14 13 14 8 18 11 17 9 26 6 21 11 21 9
48 22 26 62 43 45 26 48 47 31 45 35 20 35 79 7 36 34 62 43
10 5 6 15 12 10 1 6 11 13 10 11 6 4 21 1 14 11 12 6
14 6 5 20 7 12 4 20 17 3 10 11 5 19 29 2 17 12 31 13
29 1 16 35 29 33 22 18 26 17 25 28 16 17 25 14 26 17 36 27
18 9 25 28 21 20 14 22 30 9 6 20 16 14 39 9 15 18 43 15
29 16 25 44 40 42 21 27 28 18 28 22 24 17 56 10 30 24 45 25
31 3 31 39 41 44 27 12 37 26 32 21 29 11 38 14 23 28 43 21
26 10 14 32 22 32 12 22 31 4 19 11 13 18 44 1 23 8 36 21
35 7 28 33 25 34 17 21 39 25 30 15 15 20 27 15 21 13 34 19
5 1 4 9 4 7 1 3 6 8 5 3 5 3 8 1 8 3 6 2
52 23 46 58 50 59 20 36 55 37 50 28 28 39 71 40 34 42 65 46
26 16 24 32 33 35 14 20 33 25 31 15 11 16 44 10 24 29 36 9
34 20 27 42 37 41 18 26 31 27 36 21 26 17 54 10 36 20 36 19
38 8 37 42 52 55 34 21 42 33 42 32 38 10 47 13 41 39 52 24
33 18 28 33 40 41 32 22 36 9 33 26 28 21 43 20 40 18 45 26
1 2 1 5 4 2 1 4 4 3 2 6 1 1 14 1 6 9 9 2
8 1 4 14 4 9 3 9 11 3 6 7 8 13 15 2 8 7 21 7
22 1 7 20 16 23 1 13 17 11 16 13 12 6 23 1 22 4 16 10
3 4 6 10 7 7 2 5 10 8 1 9 4 2 18 1 4 13 14 2
5 1 6 9 5 7 5 7 10 5 3 5 5 5 10 3 5 8 16 5
4 2 1 1 1 1 1 6 3 1 1 2 1 1 7 1 4 2 12 1
50 29 38 51 46 56 22 41 54 31 51 16 20 40 65 34 35 50 60 32
48 22 33 57 46 52 30 40 54 15 44 29 36 36 66 25 44 29 65 47
34 9 32 37 38 47 26 31 43 11 29 17 30 26 45 13 41 29 60 22
17 1 6 19 17 20 12 4 16 3 15 7 14 8 23 4 15 7 26 11
43 13 27 45 40 48 21 32 43 28 36 22 16 28 53 21 29 40 57 26
4 1 6 14 6 11 8 2 3 3 1 3 10 8 13 3 3 5 14 12
11 8 6 17 17 19 5 15 16 3 13 11 14 8 35 1 13 12 28 14
40 9 26 46 36 41 21 19 41 19 39 7 27 11 55 3 31 19 39 23
34 8 42 50 44 45 41 27 31 32 40 21 36 32 49 23 34 49 60 24
9 2 10 14 18 20 6 9 14 11 9 8 5 8 21 7 14 23 25 4
52 25 47 63 64 67 27 42 40 30 45 47 48 19 70 17 60 45 59 42
35 11 34 39 34 45 26 21 48 24 33 11 22 22 47 15 23 30 50 19
45 12 34 56 53 58 46 36 49 19 34 42 13 46 53 34 40 42 77 46
40 14 40 51 51 53 35 21 42 21 44 24 35 29 49 30 36 26 55 37
5 6 7 9 8 12 1 12 8 4 5 7 9 5 18 1 16 6 16 5
51 17 46 52 49 61 32 30 63 36 46 19 31 29 63 24 34 41 64 32
53 17 48 70 56 60 43 37 56 32 50 30 35 41 67 20 51 46 67 37
17 1 7 22 13 18 6 6 19 9 16 2 9 6 25 1 11 3 17 11
42 16 44 65 58 51 40 37 34 32 47 27 44 34 70 23 39 49 72 36
14 12 19 13 16 20 9 19 22 2 6 13 17 11 23 8 16 13 29 8
62 27 48 59 64 73 25 41 60 42 60 33 30 36 65 34 49 46 63 35
42 19 43 58 62 62 29 39 43 36 48 40 45 27 63 21 49 50 52 36
46 9 31 42 30 43 23 28 49 34 40 15 14 24 37 20 21 30 47 29
19 1 19 23 16 16 10 13 14 20 18 18 17 4 15 2 21 12 20 9
36 13 30 54 55 52 34 33 37 19 36 35 33 34 59 24 44 34 68 35
53 8 49 60 55 67 27 48 48 36 41 49 54 31 70 17 56 46 70 49
7 3 7 8 11 15 6 3 10 7 7 5 7 2 11 5 9 11 10 4
24 7 11 28 27 34 12 12 23 9 24 11 10 17 36 12 25 17 32 15
25 3 16 41 22 22 11 20 22 22 17 22 14 15 43 7 13 19 39 28
38 12 34 50 40 42 19 21 37 31 43 15 25 27 46 23 29 36 44 26
2 1 3 10 12 14 5 4 5 8 4 9 2 6 13 2 8 20 21 2
27 17 25 37 36 36 16 35 34 17 21 36 28 15 51 9 28 30 51 29
7 1 4 14 15 17 7 4 8 9 6 10 6 5 17 2 10 18 23 7
7 7 20 16 19 24 6 10 19 8 7 10 15 8 31 5 11 17 27 8
8 1 8 5 10 15 8 8 16 6 8 4 9 9 12 1 7 13 19 4
1 1 9 10 5 6 7 1 3 1 1 1 8 9 4 6 4 10 15 3
53 12 36 61 53 56 40 28 43 33 46 38 32 27 50 22 46 30 56 39
13 1 6 14 6 9 8 6 12 11 8 9 4 5 13 3 9 6 19 9
4 1 12 14 10 13 9 1 10 3 4 3 8 3 13 4 1 7 18 8
18 9 14 25 25 31 8 4 18 13 22 5 15 4 31 2 19 10 9 10
48 8 21 59 49 53 29 27 47 21 45 29 24 28 60 21 36 25 58 43
31 22 27 44 43 41 22 35 27 19 26 30 28 20 56 10 38 34 55 26
45 22 35 59 60 51 53 35 35 22 46 39 36 29 59 34 45 33 69 48
11 1 17 37 25 19 19 17 26 18 22 16 19 17 42 7 4 28 37 23
29 7 25 37 38 37 25 14 33 26 32 29 25 9 39 12 29 22 36 21
48 16 50 67 55 52 35 53 51 41 49 43 48 35 70 20 38 52 75 46
45 24 45 65 49 54 25 31 44 29 43 26 36 39 67 26 35 36 59 43
30 7 11 32 23 31 12 19 21 13 18 23 10 17 28 1 27 15 32 19
14 1 9 9 12 18 9 1 15 8 13 1 1 3 9 5 9 13 18 4
12 9 11 14 15 18 10 9 14 8 12 10 7 5 22 6 15 17 23 9
8 5 5 12 7 8 5 6 8 10 8 7 7 4 15 1 13 7 9 8
15 2 14 26 16 14 8 11 19 10 17 8 16 13 28 5 14 10 25 10
43 25 39 41 52 57 42 33 54 20 50 27 12 40 56 40 41 40 62 34
32 5 23 42 36 41 28 22 41 17 35 24 19 28 44 21 26 25 53 28
43 19 31 52 37 47 24 25 38 23 33 26 18 31 50 11 35 21 44 25
29 13 10 27 24 24 16 13 13 16 23 19 15 1 27 5 25 5 24 15
22 3 15 17 14 23 13 14 32 10 13 11 10 8 30 2 17 13 29 11
1 4 4 3 8 9 1 3 5 1 3 7 10 1 17 1 10 4 9 1
60 33 51 59 60 70 29 48 48 28 42 44 34 38 72 24 60 42 66 44
15 15 19 29 18 17 5 17 19 15 16 15 10 10 40 1 19 13 26 8
31 8 26 40 41 38 25 18 31 23 28 20 30 9 53 7 30 32 47 22
8 3 4 11 14 16 6 3 9 6 10 5 12 4 17 1 11 4 12 8
44 1 39 53 53 58 31 22 28 19 37 29 37 35 37 36 40 34 57 43
14 6 9 22 18 20 5 13 23 7 22 5 10 9 38 1 18 19 25 10
26 1 20 32 26 36 12 30 29 16 20 22 18 25 31 12 25 26 42 22
44 20 28 51 39 46 13 45 45 35 39 33 30 35 56 21 41 40 58 41
34 7 30 29 27 39 21 22 32 23 23 15 13 21 26 19 25 25 42 13
29 1 26 41 30 33 16 18 28 19 28 20 23 12 32 9 26 14 34 29
38 30 24 42 47 31 36 31 22 23 39 42 29 12 52 15 36 32 47 35
6 1 4 7 12 17 2 1 7 6 10 4 12 1 11 1 9 7 6 2
14 6 14 14 10 15 15 16 20 2 6 9 11 13 19 9 14 8 32 14
53 21 56 63 61 54 39 46 54 40 52 46 50 14 73 16 45 46 68 36
25 9 23 37 26 35 22 28 29 4 11 18 26 31 36 13 29 14 50 33
59 13 48 72 66 72 30 36 51 40 59 39 39 38 75 28 50 47 70 44
52 17 41 57 54 64 34 35 41 27 45 30 46 26 58 14 58 26 57 32
24 3 22 27 34 40 11 21 29 12 26 13 21 19 38 13 22 32 43 19
41 24 29 46 37 37 17 34 32 34 35 35 22 11 55 6 41 11 38 21
40 10 52 51 55 60 31 36 37 28 33 35 60 17 55 10 50 44 61 33
28 13 17 27 25 35 11 15 28 16 25 6 8 16 31 10 20 17 29 11
37 22 29 26 34 38 23 15 38 19 29 21 14 6 42 18 24 29 47 12
40 12 12 55 32 32 23 37 39 23 34 27 13 27 61 9 29 24 53 41
8 1 10 17 22 22 7 11 7 15 13 15 6 7 15 6 14 26 23 5
6 1 5 10 7 14 4 2 10 6 2 5 5 2 13 1 4 12 17 6
21 9 21 10 25 27 15 10 26 13 23 11 16 6 28 9 20 24 32 2
37 14 34 39 47 54 28 26 35 9 32 25 34 31 48 28 41 35 61 29
5 1 2 4 1 1 1 5 9 4 1 1 1 1 5 1 4 1 8 1
19 5 9 18 19 20 10 7 11 12 21 13 13 6 19 5 19 9 16 11
1 1 3 7 5 10 1 1 5 2 1 4 4 1 12 1 4 10 11 2
6 1 7 4 9 13 5 2 15 5 7 1 4 1 10 3 3 8 10 1
46 15 23 48 42 52 33 35 51 14 44 28 17 41 55 24 45 29 62 38
30 5 26 38 29 39 24 16 36 18 31 11 11 30 36 23 20 27 49 20
10 2 9 10 22 27 8 8 18 3 12 3 10 7 19 6 11 18 24 6
41 15 27 34 39 49 29 36 51 17 37 23 17 35 51 23 37 33 64 30
30 19 30 31 36 37 25 18 39 25 28 23 14 6 48 16 15 30 47 16
8 1 5 9 10 15 3 2 11 9 10 3 8 6 12 1 11 8 9 2
45 19 26 48 41 51 20 33 32 21 35 31 25 23 55 7 46 22 43 27
46 17 32 51 41 50 23 26 44 21 43 22 26 23 55 13 40 9 45 28
69 30 57 58 64 78 38 48 63 39 58 41 45 20 74 9 62 36 60 38
7 1 5 8 17 19 3 1 11 2 13 3 7 3 20 1 11 17 16 1
3 1 4 1 8 11 6 1 11 1 5 1 5 1 8 1 1 6 12 1
22 4 18 28 24 30 8 15 17 16 19 12 23 13 24 5 23 10 25 13
21 1 23 35 28 31 25 15 16 11 24 13 28 24 20 20 22 16 33 28
32 10 19 36 25 32 14 18 34 20 23 16 8 17 43 8 21 20 33 15
43 31 43 53 50 51 19 30 43 35 40 38 30 29 59 31 39 37 55 36
3 1 1 6 3 7 4 1 7 1 1 1 1 1 4 1 1 1 8 7
1 1 1 1 2 6 1 1 2 1 1 1 5 1 11 1 1 2 6 1
2 2 6 20 11 7 8 9 10 11 3 11 7 7 23 3 4 12 20 10
25 14 18 24 33 38 22 1 18 8 24 10 10 6 33 15 15 24 33 15
20 13 7 25 26 28 13 16 14 11 18 18 17 8 38 4 22 19 32 17
23 13 31 32 31 42 14 19 26 17 23 19 28 19 43 11 26 27 42 14
39 1 26 58 48 45 40 36 37 26 46 31 27 44 47 32 35 43 69 46
62 8 47 69 55 72 32 49 65 43 59 29 43 31 72 10 53 43 66 44
22 14 13 18 19 25 10 30 20 1 14 16 10 24 28 10 31 17 32 15
54 17 39 54 59 66 43 33 45 20 52 27 34 39 47 35 54 33 58 39
20 5 16 30 28 28 10 18 18 19 17 18 13 15 35 9 20 29 37 16
20 1 25 17 23 28 13 6 26 18 21 6 17 5 18 7 13 17 22 2
31 7 40 42 45 49 24 27 24 21 27 29 41 34 48 31 32 43 61 35
15 4 15 24 20 16 14 6 14 19 17 15 7 8 22 7 14 21 26 6
25 2 22 37 23 33 13 12 33 16 27 9 22 15 48 4 14 25 34 23
22 1 24 39 30 31 14 19 18 4 17 16 31 27 36 18 24 21 39 31
3 1 5 7 4 8 10 1 6 1 2 1 2 4 3 5 1 3 13 5
9 1 5 14 7 13 4 1 6 10 7 8 8 3 15 1 9 9 14 7
19 8 20 23 24 26 23 12 25 12 21 6 18 15 24 18 13 16 33 18
7 3 14 13 21 25 12 11 20 5 16 3 13 16 23 8 16 22 26 7
20 9 22 21 23 29 11 6 24 13 20 5 11 4 32 9 11 11 24 11
12 11 19 24 20 27 13 22 20 7 12 8 17 22 31 12 21 18 33 18
53 28 40 78 54 51 24 47 42 52 57 39 41 33 76 22 44 37 55 47
16 1 20 29 21 21 11 10 13 12 4 19 18 12 27 12 9 22 36 18
17 8 13 21 17 22 2 14 21 9 13 11 16 8 35 1 19 7 20 13
38 12 44 61 50 45 32 36 46 39 43 29 45 24 67 18 32 44 67 35
42 23 53 50 59 63 54 26 50 18 51 24 40 41 56 47 41 54 75 33
58 13 47 66 61 67 32 28 54 41 57 36 32 23 66 24 42 36 59 41
12 9 16 9 18 22 6 18 14 3 8 6 9 9 22 7 22 18 28 4
33 12 37 37 31 41 19 32 41 21 27 26 34 22 45 11 33 24 49 23
40 5 45 57 50 52 27 23 29 22 41 24 40 33 51 30 34 38 50 36
19 14 15 20 24 25 7 20 26 5 23 10 14 9 39 6 21 18 29 15
13 1 1 28 15 16 9 21 18 19 17 13 8 16 33 4 8 27 33 23
18 17 19 34 41 36 15 26 18 16 27 22 25 15 52 5 33 30 39 16
23 4 19 17 24 31 13 11 18 17 23 12 14 1 18 5 23 17 22 11
37 18 29 40 47 54 26 31 28 11 30 37 27 37 47 33 47 30 54 37
2 1 3 9 5 5 2 1 3 3 3 1 3 2 7 1 6 1 5 1
4 1 5 2 9 14 4 4 9 1 5 1 1 4 5 4 4 13 14 1
46 27 57 49 66 67 47 30 44 29 47 31 50 26 55 35 45 59 77 23
10 4 5 10 6 10 7 7 10 10 7 8 6 5 12 1 10 8 13 10
55 31 60 58 56 62 46 33 49 35 60 23 41 38 69 34 45 47 68 31
26 10 24 36 23 28 18 22 23 14 19 15 16 26 37 12 26 23 46 19
61 27 51 50 52 65 29 56 66 29 54 36 36 35 69 23 52 46 69 38
2 1 1 3 3 6 1 1 3 4 3 2 2 3 6 1 7 5 6 1
24 7 10 31 24 32 12 27 29 11 25 12 11 28 39 16 28 26 43 27
10 1 6 11 6 14 5 9 8 6 4 6 6 8 9 1 9 10 19 5
15 5 20 19 21 23 7 16 29 5 13 11 16 7 37 3 15 12 30 12
44 13 24 56 55 54 25 45 36 29 48 36 32 23 67 13 40 39 58 40
27 13 35 43 46 36 36 18 20 28 30 29 32 18 42 27 21 46 59 26
21 8 31 34 34 34 12 23 18 19 16 27 25 19 38 16 28 32 47 15
49 25 44 57 64 59 43 30 56 35 54 36 28 23 77 28 38 38 68 35
2 1 4 9 2 7 1 3 8 5 1 2 3 4 13 1 1 7 8 4
18 3 12 27 19 27 7 26 30 8 15 10 9 26 35 9 18 25 40 20
36 14 39 51 45 37 36 31 44 34 40 26 36 20 66 18 22 45 64 33
24 16 27 29 29 31 7 22 34 13 21 18 19 8 49 6 18 18 36 15
32 13 18 47 38 43 11 33 31 24 35 25 24 35 50 21 37 34 54 35
7 4 1 3 8 9 1 5 6 3 8 3 6 1 12 1 13 3 6 1
3 1 5 3 5 12 2 5 9 3 1 1 1 5 4 2 4 13 17 1
14 1 12 21 20 20 18 12 24 7 16 9 10 15 25 11 8 19 37 15
7 1 5 12 10 15 2 2 8 6 4 4 10 1 12 1 7 2 12 6
10 6 7 12 10 14 1 5 11 11 11 5 8 5 16 1 15 8 7 1
31 13 25 41 16 24 6 30 39 29 30 13 16 31 39 18 20 25 39 24
31 14 18 30 42 48 29 18 32 5 37 15 16 27 35 25 36 24 38 23
4 1 3 9 1 2 1 5 12 3 1 1 1 1 12 1 1 3 12 5
45 13 30 49 42 47 25 41 57 25 36 25 30 25 68 9 41 39 66 34
28 13 21 31 31 34 15 19 29 15 29 18 19 12 38 11 28 16 33 20
15 8 16 28 30 27 14 16 17 17 22 14 8 14 34 11 19 32 33 10
5 1 6 1 7 10 5 1 9 5 6 1 1 1 7 3 6 10 12 1
39 15 28 34 31 38 23 35 40 25 28 32 19 19 44 13 31 27 51 28
7 1 1 10 3 6 3 9 14 1 10 1 1 7 15 1 4 3 15 13
38 1 28 45 23 32 24 23 43 24 32 17 25 25 43 9 25 22 47 24
20 3 31 46 34 31 14 17 12 12 18 20 29 28 39 23 26 31 41 31
5 1 1 4 3 6 1 1 7 6 3 1 3 1 4 1 4 1 5 1
6 1 6 17 5 9 10 8 14 1 6 1 6 13 14 5 4 5 21 14
13 10 26 30 17 20 11 11 18 14 14 10 18 18 27 12 14 15 28 12
15 5 19 21 23 29 9 11 17 10 12 13 28 5 35 1 22 19 30 11
14 12 18 25 17 20 8 22 19 12 6 21 18 17 34 6 21 19 37 13
15 2 10 21 17 23 8 17 27 13 23 1 13 19 31 5 19 23 26 14
35 7 34 42 48 48 41 19 39 19 39 15 26 31 41 29 33 44 64 26
30 4 23 34 32 26 21 26 27 35 30 28 19 12 36 10 15 33 38 21
6 8 10 13 9 8 5 9 9 5 7 5 10 5 22 2 13 2 12 6
3 3 13 8 4 7 6 3 9 5 2 5 6 3 10 5 7 9 17 1
13 5 15 17 9 17 8 7 23 14 13 4 8 9 25 1 6 9 16 9
53 25 57 70 63 62 43 39 48 38 56 33 45 38 73 30 50 50 71 37
23 2 10 34 20 25 16 21 23 15 15 17 4 20 37 3 18 19 40 18
6 1 9 14 5 9 4 2 11 6 2 1 6 4 11 1 1 4 12 4
27 14 22 34 43 43 29 30 34 11 29 29 11 25 48 24 30 35 59 30
46 21 40 45 46 56 20 25 32 30 37 23 24 23 51 25 36 33 46 30
57 24 42 71 58 55 43 40 42 46 54 41 39 32 64 26 40 33 64 44
24 14 33 26 25 29 11 23 33 13 24 19 25 9 37 6 25 19 34 9
15 1 7 24 23 30 14 16 20 3 16 12 10 23 25 13 16 17 36 24
45 23 35 43 59 63 33 35 44 15 37 31 35 22 67 16 49 45 68 28
9 9 11 15 11 5 4 16 12 11 5 15 9 4 28 1 14 11 24 7
8 11 20 24 18 17 12 15 12 7 4 16 19 15 29 6 19 21 35 14
16 12 20 25 30 22 19 19 22 21 18 23 17 4 41 7 16 26 39 16
62 28 58 71 58 70 35 50 59 29 47 42 54 35 81 23 61 43 79 43
34 27 42 37 36 45 17 35 35 25 32 28 31 28 48 18 39 32 48 16
50 4 33 51 50 61 33 33 46 27 42 37 42 21 55 9 52 32 59 38
30 9 19 23 29 34 15 10 23 17 29 13 19 4 26 3 25 15 22 10
23 6 29 24 35 40 27 12 24 11 28 9 26 22 27 20 29 34 41 10
5 1 3 14 3 6 1 5 7 4 1 5 7 4 13 1 3 1 15 7
17 8 18 23 19 22 8 14 24 15 12 16 15 3 34 3 14 13 29 11
26 20 29 43 39 34 19 29 27 21 33 31 32 16 51 6 35 27 42 21
29 4 26 46 28 37 21 29 29 8 21 15 18 39 38 15 27 24 50 34
54 34 63 63 67 69 38 44 48 45 50 51 46 28 72 35 46 61 76 35
42 18 24 45 42 42 30 28 33 24 39 28 17 29 43 21 39 36 51 27
53 26 45 56 58 68 25 44 54 28 51 39 30 42 67 33 55 33 65 39
23 3 16 33 22 26 22 18 23 4 15 12 18 24 29 12 21 12 37 28
20 1 9 26 8 21 4 25 33 9 13 5 3 28 31 3 12 12 31 18
52 20 31 61 54 63 25 45 46 11 38 39 31 45 73 28 55 39 76 49
2 1 4 12 13 14 1 8 16 1 7 5 9 4 21 1 2 9 18 10
16 3 10 25 28 29 10 4 5 6 12 16 12 7 29 7 17 25 29 15
6 1 6 8 3 3 8 8 8 4 4 4 5 8 9 5 6 4 17 6
14 1 6 12 13 19 8 6 11 3 9 2 6 10 11 4 13 11 23 3
43 18 42 52 57 60 34 38 38 13 39 28 42 37 59 24 54 43 67 27
23 6 16 20 26 30 15 10 22 10 23 6 17 7 23 8 19 12 24 10
14 4 7 17 17 20 10 5 16 9 14 10 10 5 20 6 17 8 17 13
7 2 10 9 9 14 10 1 13 5 5 1 4 4 10 5 2 10 13 7
6 4 5 10 15 19 3 9 7 1 10 1 9 12 17 5 15 11 17 2
48 32 47 50 50 58 37 45 57 21 41 36 36 34 65 33 39 51 79 33
4 1 3 6 3 8 2 6 6 4 1 4 4 9 6 2 6 11 18 1
41 21 38 61 47 45 28 30 35 29 38 32 35 23 65 18 35 25 55 37
39 7 31 51 42 46 21 21 39 27 37 16 33 13 55 2 34 27 43 17
11 1 3 13 3 7 5 11 19 3 5 1 1 8 14 1 1 1 18 13
4 1 3 4 6 9 1 1 5 6 3 3 4 1 3 1 5 4 5 1
27 7 13 32 30 31 11 10 14 18 25 19 21 1 28 1 25 5 19 17
32 13 20 35 27 31 22 16 19 12 25 18 20 20 28 13 35 8 35 20
10 7 10 15 5 10 6 18 14 1 1 13 10 13 21 4 12 7 26 11
30 8 23 33 26 30 15 19 34 23 27 13 12 17 40 12 17 27 40 16
4 1 2 1 4 5 2 4 11 1 4 1 4 1 12 1 2 3 10 2
58 20 43 63 48 61 39 42 68 30 50 34 24 45 68 33 40 24 68 47
55 14 44 56 60 61 39 25 59 31 51 27 37 23 71 31 34 51 72 36
2 1 4 4 1 3 4 1 6 2 1 1 1 1 1 1 1 1 11 1
6 1 1 9 4 7 3 8 8 1 6 1 2 6 12 1 5 5 13 9
9 3 6 2 9 13 10 5 12 1 8 2 1 3 5 6 6 12 18 6
16 1 6 19 7 15 5 12 21 9 13 4 2 11 21 1 9 13 25 13
25 3 4 41 30 25 20 10 19 15 28 22 7 12 37 9 23 11 30 26
5 1 4 9 3 4 5 7 6 3 3 6 5 5 11 3 4 7 16 5
12 1 10 20 5 11 12 14 15 1 1 11 4 20 16 3 8 10 29 14
4 1 3 7 1 5 1 3 9 4 1 1 1 3 7 1 1 3 7 1
50 20 54 63 55 64 19 35 57 46 54 30 45 30 67 22 45 45 53 33
9 6 7 15 16 18 9 6 14 6 10 12 10 6 22 5 13 13 23 11
32 10 31 33 43 45 25 8 37 14 33 17 27 8 46 15 32 19 40 19
4 1 1 2 1 3 3 1 1 2 3 1 1 1 5 1 5 1 6 2
11 5 13 19 7 15 1 7 16 15 10 5 2 11 20 3 6 11 17 3
37 28 30 38 28 31 23 31 36 24 35 21 21 14 48 13 31 13 35 27
25 20 29 20 34 41 22 23 35 9 23 15 17 16 37 20 26 32 46 16
10 7 10 14 9 12 9 13 18 7 11 6 5 10 19 5 13 10 22 14
28 14 24 24 27 36 12 15 26 16 28 3 1 16 32 16 19 26 33 5
19 15 25 21 24 31 13 23 26 14 16 20 18 15 34 10 26 28 40 13
31 15 30 48 37 25 17 30 18 37 27 39 33 19 56 17 22 35 43 31
4 1 6 6 2 7 2 2 9 7 3 4 1 5 9 1 3 11 10 1
43 12 47 50 51 53 34 31 39 30 46 20 28 35 50 30 39 46 65 24
12 1 6 10 4 10 3 7 18 7 5 6 3 5 16 1 3 9 17 5
40 14 33 34 31 42 20 25 51 24 33 15 11 22 45 12 25 19 39 18
15 1 13 24 15 16 1 9 13 17 15 12 13 2 19 1 16 5 8 11
26 6 28 25 33 40 19 17 30 18 26 18 26 7 33 10 20 22 40 19
35 10 14 43 43 37 29 18 21 23 34 30 20 11 40 9 28 24 42 29
15 1 8 24 18 24 2 17 17 12 18 10 16 13 25 1 15 12 22 18
41 7 30 54 51 42 34 21 30 41 47 31 38 14 52 10 29 37 46 27
23 12 21 25 22 26 3 24 23 17 14 26 27 6 34 1 27 9 26 15
19 1 10 38 25 26 18 12 20 19 21 22 9 15 37 7 13 21 36 27
17 1 24 25 18 19 14 6 18 18 18 8 16 12 17 12 15 12 19 7
20 16 16 28 22 26 1 29 29 18 21 14 24 19 40 11 24 19 28 24
35 23 40 42 43 42 37 20 37 16 41 9 28 19 48 25 27 23 47 27
35 5 23 33 35 46 18 20 32 21 20 25 16 17 35 15 26 29 48 24
22 4 9 21 11 19 9 15 22 12 9 18 5 13 22 1 19 13 27 14
58 13 35 53 59 70 35 37 47 28 46 33 29 27 52 24 50 38 61 41
23 5 22 36 30 28 28 17 30 16 28 18 22 22 35 15 19 29 47 24
47 19 45 52 52 53 38 23 35 25 46 24 37 21 47 27 43 24 48 33
15 2 9 9 12 14 7 6 14 6 11 6 2 5 14 6 12 13 22 2
24 20 38 38 45 40 31 39 26 13 27 32 39 26 47 24 37 48 62 28
4 5 8 8 10 12 7 7 16 6 6 1 6 6 16 5 5 10 11 8
17 5 18 19 30 34 13 5 21 8 24 1 14 8 28 6 22 23 22 1
26 2 15 35 31 32 24 11 30 19 28 21 20 11 39 9 27 18 35 19
19 9 13 29 32 32 19 5 18 8 21 14 14 8 32 9 16 19 29 19
8 1 8 29 13 7 15 8 13 14 13 10 6 8 26 3 3 12 26 17
4 1 8 15 11 14 6 1 3 3 6 6 12 10 13 5 8 9 15 8
6 3 6 12 12 12 2 1 9 5 7 1 5 2 14 2 7 5 5 5
26 4 22 38 34 35 18 12 27 19 21 27 20 11 42 15 20 24 39 26
6 1 4 9 10 11 6 8 14 1 10 4 5 9 17 3 6 10 16 11
18 10 26 21 23 30 19 14 24 12 13 9 18 14 27 15 16 19 40 14
4 6 11 8 10 11 9 5 11 5 5 10 8 3 16 4 9 12 22 3
35 30 44 38 41 48 25 20 40 29 33 30 29 14 54 21 28 40 50 18
55 24 36 67 47 59 25 51 55 31 41 47 19 51 73 23 50 35 75 51
1 1 1 5 3 10 1 1 6 5 2 1 4 3 6 1 5 7 7 1
16 1 2 22 18 14 15 12 15 11 15 19 8 9 27 4 16 12 33 16
30 18 19 26 27 31 20 17 34 16 27 15 7 13 38 18 18 27 38 14
31 4 22 29 33 44 23 14 43 13 28 8 8 22 38 20 16 22 45 20
40 19 34 53 45 40 26 43 33 39 35 40 33 27 56 15 31 34 60 34
16 15 18 14 23 25 11 4 16 10 19 4 10 2 27 6 18 13 15 2
5 4 2 8 4 5 3 5 2 5 5 7 6 2 14 1 11 4 9 6
60 8 46 76 60 69 31 50 58 45 52 38 41 42 76 20 48 51 79 46
31 10 29 42 42 47 15 17 28 25 34 24 31 8 48 4 34 26 29 23
47 12 41 65 55 49 34 45 42 31 41 43 39 38 74 19 35 46 77 45
13 11 14 16 10 9 10 16 11 10 7 18 16 11 22 7 19 9 31 7
12 6 11 10 6 9 4 11 18 11 6 5 4 8 15 4 11 10 16 5
21 11 23 27 28 33 9 28 33 3 11 24 26 16 46 8 23 19 42 26
19 1 16 27 20 26 4 10 18 18 18 13 12 6 25 2 16 15 19 11
49 4 28 47 32 41 21 37 50 29 42 29 21 18 47 10 38 25 48 37
35 8 25 34 28 42 30 19 41 15 23 15 10 31 32 25 23 22 51 24
22 9 22 36 32 35 20 12 21 20 27 11 19 18 43 8 22 26 35 12
10 3 15 27 24 26 9 14 19 8 18 14 20 17 36 5 15 24 36 15
8 2 2 9 7 9 1 8 11 3 4 6 3 5 15 1 10 9 16 5
8 5 9 9 16 17 4 1 14 4 13 3 6 1 23 1 14 13 11 1
13 1 6 10 18 25 14 9 20 1 14 9 6 13 15 11 12 17 28 13
17 1 22 33 31 25 20 12 8 13 19 18 24 14 19 15 20 24 34 17
35 10 14 49 27 32 14 26 27 16 25 25 18 26 51 10 31 21 51 33
27 11 27 39 35 36 31 10 19 10 27 10 26 17 28 20 25 16 33 27
4 1 4 15 6 9 6 9 15 1 6 1 6 10 21 2 1 10 23 11
50 30 32 51 46 47 29 44 41 24 44 36 28 28 59 21 52 28 58 35
45 28 35 46 33 41 24 36 46 18 40 20 27 22 55 12 36 21 46 30
13 1 11 17 5 9 7 6 15 6 8 1 5 12 18 3 4 6 20 7
38 7 32 37 42 45 16 23 30 19 34 18 29 20 49 21 27 28 47 29
16 10 9 17 13 14 6 21 17 6 5 21 9 10 30 1 23 7 29 12
30 16 46 44 43 46 31 31 30 21 27 29 38 29 46 27 35 45 58 25
28 8 28 37 27 30 16 14 28 25 34 13 25 15 39 6 29 18 27 11
58 29 50 53 62 71 42 45 53 35 55 28 49 25 68 20 60 40 67 27
37 11 31 43 38 38 17 28 20 25 25 37 31 25 52 24 37 31 51 36
35 16 32 39 38 41 22 24 27 21 27 23 21 21 44 16 37 27 47 13
50 16 37 51 50 56 32 32 48 18 34 37 42 21 65 13 52 34 66 33
26 19 35 23 30 33 23 26 39 12 22 21 25 15 43 14 25 32 51 16
16 5 7 15 7 12 1 2 11 10 14 1 1 1 19 1 11 2 6 1
7 1 1 3 2 8 5 4 8 2 2 2 2 2 6 1 2 6 14 4
44 11 30 53 47 52 25 38 42 23 34 36 38 28 68 8 45 39 65 37
35 13 40 35 42 51 10 30 34 18 28 22 28 27 53 20 34 31 54 24
37 20 44 52 52 53 34 19 31 13 34 23 45 28 54 25 43 28 50 37
48 16 25 40 45 56 33 30 41 11 38 25 11 35 40 24 46 27 55 29
26 10 40 37 34 40 14 19 27 17 20 20 37 19 49 14 29 24 41 22
41 24 43 51 38 47 32 38 45 18 24 36 27 33 51 19 39 30 61 42
39 23 38 52 43 48 20 48 40 29 36 39 39 35 54 23 44 43 56 39
46 28 42 50 57 58 34 40 42 23 40 44 42 21 62 21 47 41 65 33
33 18 37 38 28 38 19 27 38 21 21 22 25 26 42 19 28 18 50 23
17 1 8 22 11 13 6 12 24 7 15 1 6 11 27 1 7 8 24 14
30 10 32 45 50 42 27 31 24 30 35 32 43 13 53 5 41 39 50 21
11 1 7 14 13 14 6 10 16 9 15 7 8 9 16 4 12 11 15 11
18 5 13 17 32 32 22 16 26 14 21 14 10 13 29 14 12 33 44 15
40 19 45 40 47 55 37 28 48 16 34 19 30 30 55 27 33 39 66 22
1 3 7 4 9 11 2 4 13 3 6 3 6 3 16 1 6 10 8 3
15 1 14 23 6 13 7 6 10 14 14 4 9 11 15 2 11 3 14 8
24 5 24 31 24 29 7 11 21 19 19 14 17 10 28 10 18 15 22 16
45 19 54 48 46 52 28 34 53 36 44 28 33 25 56 21 34 37 63 28
46 1 30 62 58 55 41 37 41 32 41 47 42 30 56 17 41 41 70 49
37 25 36 43 43 52 17 23 29 26 38 20 23 23 48 20 40 29 37 20
1 1 8 11 5 5 6 1 5 3 3 3 5 7 10 4 5 9 15 2
42 19 52 54 54 60 25 44 37 26 34 42 55 35 66 28 49 50 71 39
58 27 59 61 59 68 20 44 46 44 46 43 35 44 71 43 50 56 75 33
37 19 28 42 42 46 15 46 39 23 36 31 32 27 53 14 41 38 56 32
32 11 30 51 38 31 26 29 25 35 38 30 26 21 48 14 25 33 46 27
15 1 11 15 14 16 6 11 12 13 14 10 15 8 10 5 16 7 13 5
54 24 52 63 61 60 44 44 55 38 53 46 37 45 64 35 53 44 80 42
14 7 19 9 21 23 18 4 21 10 16 8 13 1 27 7 12 23 32 2
43 20 28 47 42 42 36 19 48 27 45 18 15 27 52 33 23 36 58 28
57 18 49 61 59 68 31 41 63 35 57 30 36 35 70 27 45 47 72 37
6 3 4 16 4 8 1 13 15 5 10 3 4 13 24 1 7 11 17 12
15 5 8 25 15 12 10 19 22 19 13 18 10 10 34 1 12 16 28 16
17 3 6 11 17 19 12 5 15 4 16 8 4 4 14 8 17 8 20 10
6 4 4 8 8 14 3 5 8 7 5 6 7 5 9 3 10 12 12 4
8 8 4 14 14 14 4 8 10 2 11 2 5 3 20 2 14 7 11 7
44 15 39 43 46 50 28 21 40 29 42 24 34 11 48 15 35 25 39 22
20 10 14 24 20 26 1 16 11 8 10 18 19 11 31 4 28 11 26 15
3 3 4 2 4 4 2 6 7 1 2 1 1 1 9 1 7 5 10 2
22 1 5 16 24 30 15 13 20 4 23 12 4 19 18 15 27 10 27 14
4 1 3 8 10 9 3 1 6 4 4 3 1 1 15 1 7 8 13 2
11 3 9 28 18 15 10 8 11 12 14 11 8 8 26 3 14 12 24 11
8 10 17 9 8 10 1 9 15 8 5 10 8 1 20 1 13 7 13 1
53 21 47 53 59 64 38 21 50 35 53 24 40 12 61 20 41 37 55 26
25 10 25 29 30 32 13 15 23 20 23 26 23 6 29 9 28 16 30 19
21 4 23 31 33 40 15 19 31 12 24 9 25 19 41 11 24 33 41 19
3 2 1 8 10 10 1 1 3 1 6 1 4 1 19 1 9 2 3 3
19 7 23 21 20 25 11 14 19 20 20 15 22 12 25 5 24 17 23 8
37 2 32 48 49 55 38 27 40 9 43 17 27 43 39 36 33 34 63 39
42 11 46 47 52 50 38 25 41 33 43 26 34 26 46 28 34 47 59 25
10 7 19 12 13 18 7 6 23 12 14 4 11 6 23 4 10 12 12 1
7 1 10 8 9 13 1 1 18 7 8 1 4 1 15 1 1 7 9 1
44 14 37 60 52 52 35 23 39 21 40 34 28 32 65 31 38 31 63 40
37 7 25 32 35 49 22 25 41 16 29 18 18 22 41 17 30 29 46 21
1 1 3 10 1 3 1 3 8 4 1 3 1 1 14 1 1 5 7 4
52 12 26 55 41 50 26 26 39 15 34 31 17 34 55 23 40 13 48 41
26 7 16 40 21 21 20 25 34 19 26 21 3 22 42 12 17 14 46 25
28 14 24 39 38 41 15 18 7 14 25 24 29 20 37 16 37 25 34 20
10 5 10 14 9 10 4 10 16 14 5 12 6 4 22 2 10 15 20 4
8 4 14 19 21 25 13 4 16 4 14 2 17 12 24 7 13 14 20 10
8 1 5 13 12 18 5 5 8 9 6 11 10 6 14 3 10 16 19 8
26 4 27 37 30 31 19 15 27 24 29 17 31 8 40 4 29 18 33 15
52 16 48 61 62 63 43 41 49 29 56 35 38 45 65 39 51 53 81 42
36 25 38 34 38 46 23 28 39 21 34 18 29 19 50 12 39 23 43 13
2 2 4 8 7 12 1 1 10 5 4 1 7 4 14 1 4 7 5 4
17 7 17 26 11 14 1 21 20 12 11 12 17 10 29 1 17 3 23 12
1 1 1 4 2 7 1 1 4 3 1 1 1 3 4 1 4 6 5 1
56 20 45 61 54 60 27 37 47 29 46 35 37 33 71 24 45 32 57 41
8 3 1 7 9 9 1 6 8 2 9 4 5 1 16 1 9 4 10 3
59 23 57 55 60 68 38 36 61 24 45 38 48 20 69 30 49 42 70 40
5 4 5 9 5 13 5 8 9 6 3 8 4 8 15 1 11 15 20 7
37 21 38 45 41 47 26 16 32 25 39 21 30 14 50 16 31 17 38 21
30 4 29 43 25 31 22 24 34 13 22 12 21 30 39 18 22 24 47 33
44 14 40 47 43 51 19 39 22 29 32 34 41 39 52 30 47 37 54 37
45 29 48 63 62 61 22 54 52 32 48 44 46 39 81 33 50 63 73 49
35 6 23 33 30 40 27 10 34 18 33 14 10 24 28 22 26 17 37 17
53 7 39 63 55 62 31 28 21 23 39 34 42 43 42 34 53 32 57 47
5 1 2 16 13 11 2 9 15 4 8 7 8 5 24 1 3 9 19 12
10 6 10 19 21 21 8 5 13 4 15 6 16 6 30 3 16 12 18 8
26 15 30 37 40 40 15 16 18 18 22 25 23 18 48 18 30 36 41 20
32 15 20 47 40 32 28 28 19 29 35 27 23 25 50 18 29 36 46 29
44 12 33 49 59 51 34 27 37 38 46 32 36 12 60 15 30 47 57 30
40 11 19 46 39 44 28 24 45 16 34 20 22 21 57 7 36 25 49 28
7 1 3 13 9 16 4 6 16 6 7 5 5 5 18 1 5 11 21 8
12 2 4 11 6 10 5 6 9 9 6 8 7 1 13 1 9 4 15 6
17 9 22 22 27 21 26 8 24 14 18 15 9 10 31 18 15 20 42 13
15 7 28 25 20 23 20 5 21 14 15 8 15 11 26 15 9 20 35 12
13 9 26 23 26 28 14 7 13 8 6 20 25 11 30 13 17 25 40 14
42 20 35 54 43 51 20 41 39 13 33 22 35 41 64 24 43 34 62 40
53 20 47 67 53 63 34 42 46 21 51 15 37 50 63 36 42 42 65 47
6 5 6 13 12 19 5 6 8 7 7 10 10 7 18 5 12 17 16 9
49 16 34 53 41 54 18 37 48 22 36 37 31 36 64 21 44 19 58 41
23 11 30 43 28 32 15 16 17 8 22 12 28 24 45 14 23 17 38 24
14 1 21 24 27 33 16 12 16 14 15 12 27 18 18 12 18 20 29 15
6 7 18 22 25 26 19 12 16 11 10 15 21 16 30 11 13 27 38 14
1 1 5 9 5 7 5 1 5 1 1 1 7 4 6 2 1 4 10 3
6 6 8 3 10 15 7 12 12 3 4 5 5 9 12 6 9 16 22 5
31 17 37 45 23 27 8 31 33 34 31 26 23 26 41 15 29 18 36 24
26 8 30 31 22 27 11 22 29 23 25 16 19 11 34 7 22 11 31 14
62 12 46 76 50 59 33 45 60 39 59 33 38 51 67 33 51 38 73 52
13 1 18 18 9 17 12 7 24 8 10 1 8 14 20 7 1 12 27 9
8 3 3 7 6 10 5 8 12 1 3 2 5 2 13 1 6 1 16 9
46 26 40 53 55 58 25 30 49 30 51 23 38 29 66 29 37 42 53 42
6 1 2 9 4 9 3 7 13 5 5 1 6 2 16 1 5 2 11 8
16 1 16 28 20 19 12 7 20 10 19 1 20 11 28 4 16 10 22 9
2 1 1 9 4 4 1 2 7 2 1 1 3 1 15 1 2 1 6 4
43 19 24 55 57 55 42 26 32 30 47 42 23 22 51 24 44 27 51 40
42 23 55 50 45 49 21 30 43 40 40 31 43 28 50 21 43 36 55 22
25 4 19 26 28 31 16 9 32 12 23 10 19 5 37 5 17 19 32 15
30 8 27 35 33 38 24 20 33 19 25 17 24 23 34 20 22 24 43 24
10 1 1 12 10 15 7 6 7 2 4 7 2 8 12 4 8 12 24 11
29 22 33 37 37 33 24 24 31 21 29 26 25 13 51 11 28 25 43 16
13 3 19 22 12 16 16 9 24 12 15 3 6 19 24 15 3 25 34 13
28 10 28 40 33 34 22 18 27 21 22 31 29 17 34 17 29 16 43 25
38 18 27 45 37 45 15 28 38 29 32 21 15 25 53 14 32 28 45 19
38 3 25 43 37 41 22 26 30 26 30 34 30 13 36 7 34 25 44 33
10 1 7 13 7 9 7 8 14 8 10 5 1 7 16 1 7 9 14 11
16 4 8 14 16 18 8 2 17 5 17 1 9 1 23 1 10 7 13 3
60 19 45 69 64 72 26 44 44 43 59 35 56 33 73 22 62 45 56 52
6 1 5 13 6 10 1 1 5 8 6 1 6 5 10 1 8 4 6 2
30 6 30 39 36 43 8 22 32 26 30 20 27 11 47 1 30 24 36 14
1 1 5 10 1 1 5 1 2 4 1 5 3 4 10 2 1 7 15 1
22 13 21 33 30 36 6 14 22 19 27 9 12 20 44 10 26 22 29 7
27 7 21 33 35 42 12 10 24 20 28 16 22 9 37 4 26 23 31 12
60 29 44 60 59 60 48 38 64 25 50 47 25 28 73 32 47 37 77 39
10 1 9 14 9 10 8 9 14 9 8 8 5 9 16 5 11 13 20 8
30 5 34 37 28 38 15 22 40 27 34 14 23 17 44 6 21 29 41 13
29 8 36 42 36 36 32 13 36 28 33 12 27 17 45 13 22 33 45 14
12 7 12 26 22 18 11 9 14 8 10 13 11 8 27 6 13 16 29 10
14 4 3 21 15 17 7 8 10 8 13 11 10 5 22 3 15 7 20 16
48 37 48 52 48 55 23 44 48 31 48 33 38 23 64 17 51 26 52 26
4 1 8 10 3 6 5 4 13 4 2 1 6 7 12 2 1 4 14 3
47 15 37 48 59 53 22 38 30 32 38 46 39 14 66 20 39 40 61 37
19 1 17 19 20 23 5 14 24 17 16 9 15 1 21 4 14 10 13 10
2 6 9 8 14 16 2 7 11 4 6 8 15 2 20 1 11 9 16 5
11 6 22 20 23 25 12 12 12 10 17 9 24 17 24 10 26 18 28 4
28 4 23 34 36 40 21 15 30 14 24 16 30 15 41 14 28 23 39 28
30 9 31 48 36 38 20 23 37 23 29 26 28 19 56 9 23 26 53 27
10 1 1 8 6 15 7 5 8 2 6 2 2 7 5 3 9 7 15 9
12 2 7 19 17 19 3 1 10 6 10 3 11 2 18 1 12 4 12 3
33 8 26 37 31 41 9 26 33 21 34 13 25 16 48 2 31 18 39 17
7 1 13 15 10 13 7 1 14 6 5 5 6 2 17 4 1 11 19 6
34 9 31 29 26 37 22 16 43 18 30 7 12 21 39 16 15 22 44 14
44 11 33 55 29 43 18 41 46 33 39 22 31 37 51 17 34 25 54 38
15 8 13 27 16 18 11 17 18 7 13 6 15 20 28 8 15 12 30 20
20 8 12 24 23 24 4 11 13 12 16 17 18 2 33 1 21 9 26 11
12 1 9 19 18 22 1 13 21 9 14 10 14 7 24 1 12 10 19 12
29 14 28 43 47 44 37 30 39 25 41 24 23 27 56 26 19 48 68 31
16 3 11 20 27 34 12 3 19 7 18 10 14 9 22 9 17 17 24 15
23 3 7 29 14 18 13 15 24 11 23 4 7 21 24 12 17 10 30 22
26 5 11 32 13 20 9 21 28 16 23 11 11 20 30 11 21 10 34 24
49 15 43 59 57 55 47 35 60 29 51 27 34 38 67 38 39 46 83 44
11 2 12 13 7 11 5 8 20 8 5 2 8 6 20 2 7 4 17 5
43 9 24 48 43 54 19 34 42 17 40 24 25 27 52 5 39 27 47 33
30 8 32 46 33 41 18 29 43 23 30 14 23 33 54 14 19 34 56 24
2 1 1 10 5 6 1 1 5 5 2 1 4 1 11 1 5 1 3 5
25 10 23 29 32 34 29 12 30 11 24 19 19 21 33 24 25 19 44 22
15 3 8 14 15 18 13 10 26 4 12 10 5 8 22 9 14 5 26 14
30 6 23 40 30 35 14 24 26 16 30 15 16 22 33 12 28 25 40 18
42 25 39 30 36 43 22 17 42 32 37 23 15 12 39 23 26 27 47 8
32 23 34 27 35 40 21 14 36 17 28 18 21 3 46 14 21 28 43 10
10 9 15 13 7 13 10 8 12 10 7 8 11 8 16 5 14 8 19 7
25 13 23 33 35 40 27 21 27 10 25 20 25 31 32 26 35 23 47 24
4 6 6 11 5 6 1 8 8 10 1 10 4 6 16 1 9 13 14 6
18 10 13 13 15 19 13 14 19 3 10 14 17 10 18 7 19 7 31 11
2 3 4 9 3 8 3 2 1 3 2 5 8 6 12 2 8 7 10 3
21 6 8 25 21 16 12 17 19 14 18 22 9 7 34 1 22 10 35 14
56 14 41 80 59 55 43 46 38 31 48 50 42 44 70 24 49 40 76 58
23 5 14 21 18 22 14 18 25 8 16 17 17 13 34 1 27 12 33 12
16 3 16 16 12 17 14 6 22 12 14 3 10 10 15 9 10 10 23 7
46 15 31 43 47 53 32 25 35 23 43 27 24 20 35 24 45 23 47 25
46 5 36 57 49 52 33 43 42 38 40 41 31 29 54 12 31 41 63 36
8 1 12 21 12 13 5 1 10 14 6 11 11 4 18 3 7 9 15 5
53 11 40 57 55 66 30 41 39 23 40 33 37 44 64 25 56 42 65 44
51 33 62 58 62 67 38 40 61 25 53 20 42 30 76 31 44 51 77 27
15 7 13 20 15 16 14 7 20 13 16 16 9 10 29 8 15 12 25 13
9 1 1 11 6 10 2 5 6 6 10 3 5 2 10 1 10 1 6 8
42 15 44 57 55 47 38 34 34 41 51 26 30 36 53 31 30 49 62 30
65 24 39 72 62 72 34 39 50 35 51 50 32 38 70 20 56 32 60 48
53 14 44 52 59 65 49 28 52 14 52 21 31 45 50 44 47 42 69 37
23 13 21 30 33 40 17 16 20 9 24 10 16 14 39 11 28 21 36 19
43 30 39 54 38 47 20 36 47 32 48 15 27 37 61 25 37 26 48 35
27 21 26 16 27 32 24 12 32 14 20 19 12 6 30 20 14 29 45 10
16 1 12 24 17 18 9 1 10 10 17 2 15 5 18 4 14 1 12 7
57 31 48 54 53 59 25 45 55 41 48 46 27 36 56 30 51 43 73 34
2 1 1 6 5 6 2 5 9 2 5 3 2 3 12 1 5 7 12 6
28 11 25 35 41 47 23 15 33 14 35 9 23 16 47 11 27 29 38 23
61 19 52 64 68 75 44 40 64 44 65 40 35 39 65 37 54 52 71 37
32 6 25 35 25 33 7 26 37 27 24 25 15 12 39 2 27 14 31 14
3 1 7 18 3 2 8 6 10 8 2 6 1 9 17 1 1 11 23 8
1 1 1 6 5 5 1 1 5 3 1 1 2 1 10 1 3 3 5 2
29 10 24 29 30 37 17 7 29 23 29 13 15 7 36 13 16 21 26 15
6 1 7 18 15 19 5 1 5 1 4 2 10 8 19 3 7 8 16 11
19 4 10 29 23 21 11 18 26 14 12 21 8 11 37 2 17 17 30 18
39 12 12 50 42 33 31 34 31 20 38 29 26 24 63 7 24 32 54 40
15 1 6 20 8 12 5 12 22 7 14 1 2 9 22 2 4 9 19 16
40 12 39 47 48 54 14 28 40 23 39 20 39 13 58 4 43 30 44 19
49 5 41 74 51 55 23 37 27 35 45 34 39 43 58 28 43 45 63 50
47 19 37 52 48 53 28 34 40 32 50 22 26 35 50 29 41 46 58 32
19 4 14 22 22 22 11 16 16 15 16 19 14 4 23 4 20 16 29 14
25 6 19 19 23 32 19 15 29 9 22 7 17 14 31 8 23 20 36 11
35 14 28 52 36 41 5 37 32 17 29 20 34 42 57 24 34 31 51 41
4 3 9 10 7 11 7 10 10 3 1 2 7 14 9 7 7 13 21 5
23 8 21 34 21 25 25 28 26 1 15 14 19 32 30 16 23 17 42 32
3 1 2 9 4 5 1 1 5 4 3 1 2 1 10 1 3 1 4 1
16 1 10 24 13 17 5 14 23 13 17 5 8 14 25 4 11 15 22 15
18 8 15 24 15 23 13 9 22 11 20 7 11 16 29 8 16 11 22 13
38 14 36 41 39 43 36 10 46 25 37 15 20 21 43 31 16 26 49 22
14 6 21 23 15 18 10 11 22 17 16 13 14 11 26 8 15 15 24 6
47 12 53 42 48 57 37 28 52 36 44 21 40 13 48 14 41 36 55 18
47 1 34 53 45 49 35 31 54 32 47 34 33 25 50 16 39 32 57 37
3 1 2 16 9 14 4 3 7 1 3 6 7 7 19 1 3 10 22 14
48 24 49 57 57 60 32 44 54 41 46 35 42 35 67 34 38 54 78 36
39 16 40 45 45 50 9 36 36 26 28 32 28 27 64 20 35 37 59 31
13 12 17 15 14 21 1 17 19 12 11 11 12 10 30 2 18 14 24 2
16 14 19 15 10 15 7 13 18 11 12 14 12 5 24 3 16 9 21 8
12 1 9 21 14 19 1 14 17 14 11 13 13 8 20 1 11 13 18 11
13 1 4 22 12 14 1 10 15 3 10 2 7 6 28 1 9 5 18 18
47 32 45 53 60 67 28 48 57 22 52 31 48 29 72 28 52 55 72 45
48 35 53 55 51 57 38 38 45 34 49 22 30 41 51 40 46 36 57 35
40 12 37 44 39 46 32 16 32 22 41 21 26 30 30 27 37 24 44 25
4 1 4 8 5 8 7 1 8 3 4 1 4 3 9 2 4 2 11 6
32 17 23 51 38 35 26 19 28 17 33 25 29 22 52 14 34 14 44 32
5 3 5 10 6 9 3 5 11 6 3 1 6 2 16 1 4 5 7 6
13 8 17 20 16 15 12 1 13 9 15 2 9 7 18 7 14 8 12 4
19 9 16 11 22 23 16 4 17 18 19 13 7 5 18 13 14 25 25 5
38 1 24 44 36 42 26 20 30 11 23 31 24 32 32 28 34 17 51 38
52 24 47 56 53 63 30 51 40 29 35 49 46 43 70 28 52 40 66 54
17 5 16 28 21 26 11 8 19 15 19 13 20 11 32 5 16 13 23 15
8 1 9 14 10 12 1 4 8 12 8 7 8 1 10 1 10 4 5 4
12 1 17 23 21 31 9 9 25 10 13 7 11 12 31 4 3 21 32 12
46 22 30 45 44 53 24 30 50 22 43 17 20 30 56 26 32 38 51 24
25 4 29 29 29 33 6 10 20 20 20 17 19 13 36 17 19 25 27 17
20 14 25 22 18 24 9 21 30 13 15 14 22 14 37 5 21 11 27 11
2 1 6 15 10 11 1 1 9 6 3 8 10 1 22 1 1 8 9 8
35 12 36 41 49 50 20 45 42 27 40 33 36 21 56 12 41 46 58 28
15 1 8 8 12 15 9 9 16 7 11 6 5 7 11 7 12 14 20 6
26 12 33 43 31 35 17 27 29 24 28 19 16 31 39 19 29 27 52 21
40 14 55 59 55 57 25 38 31 32 38 37 51 34 60 25 47 44 64 30
12 1 11 15 8 13 1 3 12 16 12 6 9 1 12 1 10 1 1 2
2 1 1 4 1 1 1 4 4 1 4 1 1 2 8 1 5 1 6 5
32 10 44 53 40 42 28 28 44 25 28 24 40 27 63 15 28 39 62 28
47 22 49 50 57 60 25 35 39 24 40 42 55 11 60 16 53 38 53 37
56 19 47 73 64 70 51 41 56 24 52 31 38 51 70 31 52 51 79 46
16 3 9 5 12 20 12 8 20 5 10 4 2 8 14 8 7 16 27 8
8 1 7 12 11 16 6 6 13 6 4 8 10 3 16 1 5 11 19 11
8 2 13 25 14 8 12 13 18 16 15 12 3 8 30 3 7 18 28 12
24 9 33 35 33 30 12 16 24 23 26 23 30 7 40 5 29 17 31 10
27 11 15 22 24 34 20 26 28 6 18 14 13 27 24 20 26 25 39 23
40 7 31 66 59 52 46 23 23 19 43 38 38 36 59 31 40 35 59 52
26 15 25 38 37 41 23 27 30 11 34 10 26 30 45 21 28 32 46 27
28 5 33 41 35 36 28 29 31 19 30 17 24 33 38 24 25 40 57 25
25 7 13 30 14 15 10 17 29 18 23 11 1 18 32 9 14 10 33 18
54 14 43 49 51 62 28 23 48 37 53 16 32 15 50 11 41 28 43 22
31 1 29 42 38 43 29 18 28 26 33 27 38 17 36 12 31 29 44 28
41 8 39 54 53 55 34 28 38 18 28 38 44 30 57 20 46 35 69 37
52 13 43 60 59 60 26 39 49 26 47 47 40 29 73 26 44 45 73 47
18 11 30 33 35 34 18 23 22 23 24 23 29 17 43 10 31 33 42 9
35 14 46 56 50 49 30 32 42 22 43 17 47 32 62 26 39 43 62 36
10 1 15 19 16 16 9 5 15 7 4 11 11 6 21 8 6 16 29 11
35 5 15 35 32 39 17 10 22 19 34 19 16 11 31 7 35 11 23 20
9 3 15 14 17 23 12 10 21 6 14 1 9 14 22 8 13 16 23 8
32 9 29 46 43 48 15 28 20 8 25 23 36 36 43 24 39 31 46 30
38 22 45 38 40 46 26 13 43 40 43 22 23 20 44 28 21 35 41 10
29 21 26 37 29 31 14 33 27 13 28 18 25 28 51 12 36 23 44 18
39 15 48 59 55 59 23 26 36 35 40 30 38 34 54 27 40 41 55 33
7 13 16 15 14 16 3 12 12 6 3 13 18 5 25 1 13 8 16 9
3 1 7 4 5 6 6 1 9 4 3 3 1 1 8 2 3 10 14 2
28 12 19 38 35 35 27 7 23 13 30 20 23 20 34 19 32 13 34 22
6 1 2 8 4 9 1 5 10 5 1 3 3 2 10 1 6 7 11 4
54 8 24 58 46 59 28 47 51 26 45 38 26 37 55 15 51 33 64 52
11 1 9 16 14 15 17 5 15 5 12 4 11 17 13 12 11 9 22 16
7 5 12 12 18 20 9 4 15 4 14 6 8 9 21 7 11 19 21 3
15 5 8 23 21 25 5 19 18 8 20 9 12 21 30 8 20 21 29 11
26 13 37 50 47 42 27 26 23 21 30 29 36 29 53 23 33 43 57 28
9 3 7 13 6 12 2 5 13 7 8 1 3 4 21 1 10 5 11 7
22 1 6 31 15 24 5 27 30 8 17 8 9 29 37 4 19 15 35 25
1 2 2 8 1 4 1 6 7 3 1 1 2 4 14 1 5 3 8 6
22 7 19 29 30 38 20 13 29 8 21 24 18 16 40 15 25 18 39 25
24 5 16 30 33 32 19 18 34 12 25 16 16 11 44 8 15 25 42 23
4 9 10 7 5 7 6 8 6 7 5 9 8 9 11 4 14 10 17 1
3 7 10 8 7 8 4 8 8 5 5 9 13 5 17 3 13 5 17 1
8 1 10 10 11 15 10 1 13 7 9 1 13 2 14 1 9 9 15 1
28 17 34 43 22 24 16 30 29 22 31 11 19 34 40 21 29 20 41 26
27 5 19 35 30 32 23 19 35 15 32 10 21 25 38 21 20 28 46 28
26 8 22 38 35 41 12 24 19 14 21 21 21 28 41 20 32 33 46 29
7 1 7 15 12 16 1 2 1 7 8 10 13 5 9 1 11 7 11 5
64 39 51 68 66 67 35 44 55 38 61 52 36 26 71 33 62 36 62 44
15 1 5 22 6 15 10 16 23 1 6 6 4 17 20 4 10 3 27 20
54 36 38 63 51 58 28 52 52 36 55 31 40 41 74 31 54 40 58 44
55 16 53 56 65 72 40 37 57 30 49 37 45 35 64 35 53 40 74 40
11 6 8 14 13 16 7 17 23 4 13 5 13 11 27 1 9 12 22 15
9 10 15 21 19 24 7 11 11 3 7 12 18 11 32 2 19 13 30 12
11 3 11 18 10 16 2 4 15 14 13 6 10 7 24 1 8 7 11 6
3 2 2 6 3 5 3 2 5 5 2 4 2 1 12 1 7 7 10 4
44 13 51 64 52 60 15 44 32 35 44 33 46 47 67 31 48 42 63 41
72 24 65 77 71 83 46 38 53 38 61 40 54 42 72 41 58 43 73 52
16 2 14 18 23 27 20 5 23 4 18 1 11 14 19 15 9 14 29 14
32 10 33 28 35 40 23 27 37 24 33 23 34 8 38 7 34 27 41 19
30 10 21 35 23 36 21 26 32 13 18 17 10 31 32 11 28 18 42 26
5 1 2 13 4 10 1 7 6 1 1 8 6 10 16 1 4 9 22 8
22 1 25 28 26 28 17 13 25 18 20 10 25 14 27 4 24 25 37 7
4 1 1 1 2 1 1 6 7 1 2 2 1 2 10 1 2 4 10 3
24 5 21 35 33 39 21 19 35 6 29 9 16 29 38 20 23 23 42 27
21 10 17 25 39 33 26 25 19 15 24 23 15 13 39 17 17 37 55 21
64 20 43 68 59 68 42 45 56 36 61 33 36 37 62 34 53 36 69 50
1 4 2 5 3 4 1 9 5 1 2 2 6 2 16 1 8 1 10 5
46 27 41 57 41 39 23 49 54 42 47 34 25 38 67 28 34 40 69 40
11 1 5 15 15 14 7 10 16 10 16 11 10 8 25 1 12 11 20 12
19 10 16 18 16 19 6 23 23 7 13 20 19 6 32 1 21 11 33 13
12 8 9 12 15 18 10 9 13 3 13 1 3 10 15 7 14 14 19 5
6 1 17 22 15 20 11 3 16 8 10 2 15 15 17 8 8 15 22 10
51 25 42 60 38 45 18 44 47 29 39 31 26 38 59 20 45 26 61 34
22 4 9 25 23 24 13 3 19 13 20 14 7 7 20 9 19 13 25 12
38 11 34 38 37 45 29 15 45 18 35 16 26 18 48 16 28 24 49 19
9 1 12 15 14 15 3 4 12 4 3 7 16 5 23 3 6 8 20 10
27 6 11 31 12 21 2 18 27 19 25 3 5 16 31 3 16 12 21 15
1 1 1 1 1 2 1 4 6 1 1 1 1 1 5 1 1 3 8 1
35 12 34 39 32 33 30 26 50 20 31 18 15 30 48 21 20 30 54 27
4 2 2 6 2 8 5 4 5 3 4 2 2 6 9 1 5 8 10 7
41 6 14 50 49 47 35 28 42 16 36 36 13 25 56 16 31 27 56 41
44 10 35 47 32 41 19 29 42 29 35 27 24 22 50 6 37 17 45 23
