1000 20 12 1153
2 6 0 2 3 4 0 1 9 2 5 7
5 7 7 14 15 8 3 15 14 2 3 10
2 3 13 7 11 15 10 20 10 7 1 7
15 11 7 12 6 8 14 26 3 3 2 1
23 7 11 10 6 7 7 17 7 1 15 3
18 13 0 7 6 8 17 5 0 13 7 4
7 7 10 0 14 11 5 5 2 3 6 8
2 7 4 2 3 1 13 4 3 6 0 6
6 9 3 4 7 12 17 0 16 16 6 12
5 7 4 2 2 0 2 1 2 2 3 5
0 5 4 3 8 5 6 6 5 2 6 6
13 3 9 3 4 11 2 4 3 14 2 12
10 3 0 6 8 3 1 8 8 9 1 15
11 8 6 12 10 1 9 8 12 10 14 12
19 1 14 12 9 17 1 7 8 16 1 1
11 17 1 2 6 1 9 3 9 16 3 7
7 6 8 0 3 4 0 11 1 1 5 15
4 15 10 13 0 6 6 1 3 1 5 20
9 21 1 8 10 1 2 13 10 3 10 5
14 11 3 15 0 15 17 14 10 10 1 6
11 4 1 2 3 4 17 7 0 13 5 2
10 4 7 14 1 7 4 0 2 6 10 7
3 0 0 2 3 6 3 4 2 5 4 3
1 8 15 7 6 1 1 9 0 1 4 6
2 5 4 3 0 0 7 2 3 6 1 1
5 14 5 4 6 1 0 10 5 3 11 3
2 7 3 0 3 1 2 1 4 4 0 7
3 3 0 0 4 3 4 1 3 3 5 6
17 4 2 8 19 1 0 0 6 0 8 24
5 5 7 1 5 1 1 0 0 6 2 1
7 4 5 1 19 3 7 9 3 3 23 10
9 1 23 12 13 0 8 11 5 5 11 1
1 1 4 1 7 1 5 2 4 4 3 5
4 10 2 15 0 11 5 1 10 6 7 7
2 8 1 14 9 6 11 11 7 1 8 7
6 9 5 1 6 3 4 13 2 2 4 1
17 21 7 5 6 10 16 6 9 9 5 6
4 8 6 5 6 3 6 6 10 4 1 8
1 1 1 2 8 1 5 1 6 3 4 9
8 3 12 9 12 8 7 12 7 12 4 12
12 8 11 5 3 2 8 4 9 17 10 1
0 5 2 4 2 4 0 5 3 0 2 8
4 6 19 10 13 16 4 15 15 7 8 2
7 3 1 9 8 5 0 5 2 2 3 1
9 11 7 1 6 14 2 7 10 6 5 5
6 1 7 8 4 1 5 8 2 1 2 5
5 3 1 3 4 6 5 2 2 2 3 8
6 4 1 10 11 6 1 4 7 1 1 15
11 1 4 2 4 2 7 3 1 12 4 6
5 9 2 4 11 6 14 6 9 1 14 9
4 7 2 15 5 12 11 2 12 5 6 2
3 13 3 13 3 10 7 12 3 8 10 8
4 13 13 6 5 2 8 4 2 7 12 17
9 5 2 10 2 2 9 4 12 4 1 1
13 8 5 1 2 3 10 2 10 12 11 10
5 9 16 17 7 13 3 8 12 13 14 3
0 5 12 8 8 21 15 19 0 2 1 10
4 3 5 6 1 0 0 18 1 7 3 2
5 1 0 11 5 9 10 9 15 9 5 2
7 1 14 7 0 1 6 6 3 5 5 10
3 11 22 6 11 8 4 3 2 7 6 1
2 4 5 0 2 1 0 1 13 12 11 12
5 14 0 7 12 8 4 2 1 8 1 2
6 14 3 3 5 3 14 1 6 5 2 8
4 7 7 1 20 0 17 5 25 5 9 2
9 5 5 12 4 6 4 5 4 12 4 2
8 3 4 2 16 3 10 8 10 8 5 7
2 9 28 0 11 8 4 13 2 3 4 9
3 1 5 5 9 6 4 5 6 8 7 6
0 2 2 7 2 13 5 6 2 6 4 10
2 0 0 3 4 3 0 4 10 4 10 5
7 7 5 12 3 1 2 10 17 14 5 10
13 4 9 13 11 5 9 4 1 10 10 12
5 8 5 9 7 4 2 4 3 6 0 4
13 14 2 5 7 1 2 5 7 2 3 16
10 2 5 3 6 9 1 7 5 3 8 0
9 2 5 6 2 3 1 4 5 4 4 1
1 3 10 2 8 6 18 3 11 18 13 3
6 3 8 3 5 4 9 10 0 6 10 4
5 2 1 4 6 4 7 6 0 3 2 7
3 5 6 2 6 2 5 4 3 6 1 4
1 4 3 5 4 0 3 0 1 3 4 2
22 1 17 7 2 2 1 13 3 11 5 6
1 6 3 3 5 6 4 6 3 7 6 1
2 9 8 16 2 1 5 5 4 9 7 8
0 3 1 5 11 2 9 16 8 8 2 5
13 10 8 0 3 1 2 10 0 9 13 18
6 12 5 6 3 10 8 4 0 5 14 5
9 3 6 17 12 24 5 12 14 10 2 0
1 0 6 4 4 3 3 3 3 6 4 3
9 8 3 16 6 13 7 13 3 8 5 15
3 16 5 6 7 2 9 7 0 0 5 7
3 2 7 7 0 2 1 0 2 1 4 5
6 5 13 18 6 7 6 8 10 9 3 6
10 13 1 6 23 1 8 11 5 6 2 3
21 17 2 5 1 2 2 13 2 11 11 14
6 4 2 18 6 3 6 8 1 6 3 2
3 8 3 4 2 6 16 3 7 6 1 6
3 1 1 7 2 11 0 1 3 2 2 0
3 9 2 4 2 3 4 6 8 4 3 6
3 2 3 0 2 2 6 1 5 1 2 0
10 8 1 1 2 2 11 22 1 1 4 24
1 5 4 5 5 1 0 3 2 5 0 10
6 9 18 8 11 17 2 7 11 19 7 7
2 3 0 6 1 2 4 4 6 0 4 8
3 0 1 6 3 5 2 0 4 1 4 4
6 9 5 3 4 13 2 14 1 3 11 15
8 21 11 6 11 10 13 9 1 0 7 17
2 3 13 1 5 9 0 1 5 1 1 4
1 3 7 7 13 7 7 2 4 6 2 3
0 3 5 2 2 6 3 3 4 4 3 0
6 1 11 0 10 9 4 13 9 6 0 4
0 1 2 2 2 1 2 1 7 2 8 3
2 1 1 4 9 3 0 5 2 6 0 1
15 5 8 12 1 15 10 13 5 6 13 14
3 5 1 5 0 2 6 0 10 1 7 2
7 8 13 20 15 0 16 1 3 8 7 15
3 8 1 1 1 6 0 1 2 2 0 1
11 2 1 6 1 4 15 2 15 2 6 13
2 4 8 0 4 17 8 2 2 7 3 1
2 5 5 20 16 6 13 3 9 7 2 11
0 2 1 3 11 3 0 0 11 2 3 12
9 7 16 7 26 8 7 11 2 8 5 7
1 13 7 8 4 16 18 5 11 13 2 5
0 4 4 6 4 2 5 0 9 6 3 3
8 1 11 18 1 5 10 4 10 13 17 5
5 4 0 6 7 8 0 13 22 19 8 9
6 0 1 6 2 2 7 0 3 2 1 1
13 0 9 6 16 25 6 1 1 8 5 13
7 3 12 5 9 4 1 8 3 5 11 0
1 0 7 12 3 1 0 8 7 0 2 4
2 30 14 3 3 4 3 9 2 5 15 4
2 5 4 12 8 14 1 5 1 5 8 5
2 7 5 3 0 7 6 12 15 12 5 8
2 2 0 14 5 10 1 1 5 10 4 0
7 0 2 4 2 3 4 2 1 1 1 3
3 18 9 2 8 2 9 8 5 5 1 14
7 2 1 20 8 10 5 6 9 5 1 6
17 8 7 9 0 6 1 9 1 5 6 4
3 7 7 3 0 5 2 4 8 9 10 4
1 10 3 7 5 8 9 14 3 4 1 5
4 13 6 16 6 9 17 6 0 9 0 4
1 17 12 8 14 12 12 5 4 9 2 0
2 1 2 1 8 3 1 0 0 4 2 2
6 21 5 15 19 6 12 2 9 5 2 3
0 3 6 0 1 5 5 8 3 9 3 3
2 9 10 2 6 6 13 13 19 1 9 15
9 2 17 2 6 15 9 3 9 9 8 0
2 2 2 6 2 2 1 4 1 4 2 6
10 9 34 1 1 1 1 9 1 3 8 9
11 9 3 5 8 4 2 14 7 14 4 16
0 3 7 1 9 3 6 0 7 5 4 11
9 2 4 1 1 4 3 2 4 5 3 2
3 6 0 3 2 2 3 4 3 8 6 5
2 1 1 2 3 0 11 1 1 1 3 2
4 9 16 4 9 1 4 6 6 14 5 8
6 13 1 4 6 14 1 2 6 25 0 0
3 13 8 3 3 2 13 1 7 3 9 8
2 1 4 10 5 9 1 0 2 18 3 4
8 0 12 5 2 9 1 6 6 7 0 6
3 6 12 5 1 3 4 4 8 12 7 3
2 1 1 7 7 4 0 1 3 9 5 3
3 0 0 4 7 6 1 4 5 3 0 0
8 10 6 0 4 11 4 4 2 7 8 5
3 9 18 1 3 14 5 8 15 14 1 0
7 20 1 2 26 7 9 5 7 9 3 4
6 3 1 5 0 4 4 4 7 3 3 0
13 12 18 1 6 0 1 18 14 2 2 9
2 11 0 8 4 9 4 3 3 11 19 12
3 1 5 2 8 1 4 0 6 3 2 6
2 11 4 2 2 1 5 1 3 11 3 6
4 6 10 5 8 13 4 6 5 5 0 3
7 3 7 4 2 3 6 5 6 7 12 3
1 15 22 7 5 2 6 13 11 9 18 4
4 5 12 8 12 12 10 6 11 2 10 9
4 2 3 9 8 8 5 12 5 3 8 9
9 3 8 5 2 4 3 4 3 1 2 7
1 12 1 2 2 13 2 3 1 3 11 17
5 5 3 14 8 3 13 1 9 2 1 23
7 2 6 4 9 14 3 2 5 7 7 2
3 11 0 0 3 2 6 7 3 9 4 9
0 9 6 1 1 6 1 1 4 3 4 4
1 9 4 3 2 3 6 3 1 3 4 9
1 19 2 3 5 1 2 8 3 15 13 23
2 11 10 7 3 16 9 9 3 16 0 13
10 2 19 1 3 18 11 3 9 21 5 4
1 1 1 9 5 6 5 8 4 3 6 5
6 3 1 8 7 9 6 4 1 12 10 16
0 19 11 1 1 12 3 5 1 4 13 10
4 2 9 2 1 1 12 4 5 5 11 6
2 2 2 2 2 7 4 6 3 12 6 6
8 3 4 7 4 0 1 5 6 2 1 0
10 8 7 11 19 19 12 5 3 18 4 5
3 6 2 4 2 12 4 6 2 10 2 2
4 2 8 4 4 1 4 2 4 4 3 1
6 7 1 2 1 2 7 0 11 1 6 10
4 18 16 12 3 2 4 10 1 1 10 5
5 14 22 14 15 12 2 1 7 15 5 2
6 5 2 3 7 7 7 11 11 2 3 7
10 2 9 7 2 1 1 0 6 4 11 4
6 8 0 8 10 2 3 13 10 4 11 6
6 7 7 12 3 6 1 2 1 9 10 15
2 4 9 5 11 8 6 4 5 3 13 17
4 5 5 20 12 1 14 12 9 1 4 8
5 5 6 4 4 1 1 1 1 4 1 1
8 14 1 6 9 14 6 15 3 6 10 2
4 3 3 5 0 3 1 2 5 6 5 1
6 6 9 0 14 11 7 0 0 8 3 11
2 7 6 9 3 9 2 1 3 1 4 2
7 2 3 7 4 14 2 0 4 1 7 3
2 4 3 5 1 2 5 1 1 0 4 6
13 6 9 10 4 17 1 1 8 3 7 7
10 7 6 3 1 2 3 3 2 12 7 11
7 5 0 3 5 3 13 3 4 6 12 6
5 4 1 3 2 1 2 3 1 4 1 5
1 16 8 9 15 6 7 15 9 17 3 4
14 14 17 8 4 2 14 5 1 5 7 1
3 4 3 0 7 7 1 1 6 2 2 7
13 7 4 3 9 6 8 5 0 18 13 5
1 3 0 0 5 3 3 6 8 6 0 4
2 0 8 12 9 7 3 9 3 8 0 7
0 7 6 19 2 4 14 6 6 8 16 9
9 23 6 1 7 2 2 11 6 3 21 9
4 11 0 3 9 5 12 0 6 1 2 10
9 1 10 8 0 11 1 3 9 3 1 9
6 5 2 4 3 1 1 11 8 7 6 1
2 2 5 5 3 1 4 1 6 2 0 6
5 5 2 2 0 3 2 3 3 4 3 0
5 1 4 1 6 3 4 3 5 3 4 0
8 3 0 3 7 6 3 3 0 2 2 6
0 2 7 2 3 5 0 3 1 2 6 9
0 3 6 10 1 3 11 3 2 2 6 3
4 16 13 11 11 1 12 7 8 10 4 5
14 14 2 14 6 8 11 10 10 2 21 5
22 17 0 14 6 13 2 7 3 10 7 0
4 17 1 1 3 17 11 5 10 8 9 20
2 2 5 1 1 4 0 7 5 14 4 5
5 1 16 14 3 14 19 5 6 1 8 6
4 0 9 3 10 9 3 12 4 6 3 5
1 11 4 9 1 0 1 5 1 4 5 3
2 12 0 7 5 7 1 3 2 6 6 1
0 4 16 4 4 3 9 10 4 8 8 0
0 5 3 3 13 18 14 2 9 7 8 5
9 13 7 2 4 8 13 5 0 0 5 1
4 2 1 4 8 3 4 5 2 4 6 5
9 1 1 0 4 2 1 5 7 2 7 1
4 4 2 5 0 1 1 3 3 1 4 6
3 0 12 12 17 11 4 15 10 5 3 6
4 1 6 5 17 5 10 5 4 3 1 3
8 8 5 2 1 11 3 8 0 2 10 4
4 2 1 4 2 5 3 3 2 2 8 0
4 4 6 1 11 7 8 1 12 2 8 3
4 0 1 1 0 20 0 16 9 7 7 4
7 5 3 21 4 8 13 2 5 1 12 9
7 2 7 2 5 1 1 5 6 3 2 6
1 16 9 15 4 1 18 6 1 22 1 3
2 5 4 9 8 1 4 4 2 5 1 1
8 7 3 10 8 7 2 5 6 21 2 5
5 7 19 1 1 2 1 1 3 6 16 6
1 7 3 0 11 5 5 3 10 4 6 4
0 2 5 1 2 2 6 2 2 1 3 11
4 10 0 5 9 18 5 6 4 14 6 3
4 14 14 7 5 4 1 6 0 5 0 4
11 1 4 2 3 12 8 8 13 10 6 5
4 5 1 3 10 3 2 7 4 5 5 8
3 0 2 2 10 1 6 2 1 6 16 9
7 3 3 3 2 5 2 3 8 2 6 4
11 10 14 7 4 10 7 1 6 12 12 0
1 22 2 1 6 1 20 9 6 9 4 2
5 2 4 4 0 3 11 7 3 4 1 3
1 2 3 2 0 5 6 1 1 5 2 4
1 4 3 1 5 0 7 1 6 5 15 1
8 3 12 6 3 15 2 2 1 11 5 1
2 1 11 11 5 4 3 1 7 2 8 4
1 7 19 17 4 1 15 11 2 4 7 16
9 1 5 0 1 2 2 8 2 2 0 5
4 17 5 6 3 3 12 2 7 1 8 2
4 10 3 16 4 1 5 3 5 6 2 11
0 17 4 14 0 3 2 1 4 6 2 0
12 7 1 3 6 3 1 4 6 12 9 10
3 3 8 2 6 5 1 1 2 1 2 1
4 1 5 11 7 10 20 5 15 10 10 9
0 4 11 7 12 17 6 4 4 8 11 5
8 3 1 5 1 3 3 7 7 1 4 6
11 2 5 9 16 7 12 13 11 6 2 14
1 1 3 1 6 3 2 1 3 3 1 4
2 6 16 1 3 4 13 5 2 6 3 5
20 6 4 3 22 1 12 4 8 3 0 4
5 1 2 7 3 2 4 1 5 3 3 1
4 5 1 10 4 1 6 3 4 4 4 2
3 6 1 7 15 9 10 1 5 1 13 10
17 4 9 10 10 12 8 3 8 7 20 5
3 8 7 5 5 4 0 4 0 2 0 0
3 6 2 3 2 6 5 9 2 0 8 3
15 7 4 4 1 11 1 13 7 2 7 2
2 7 2 2 2 4 4 3 3 0 2 1
8 7 7 6 3 1 4 1 0 1 4 7
5 1 28 11 9 2 11 16 2 4 3 7
5 8 1 1 2 1 1 1 3 4 1 5
0 1 4 4 3 5 5 4 0 2 4 0
31 0 6 12 2 7 14 3 11 2 1 4
0 6 5 4 3 2 0 2 1 1 4 5
2 3 6 1 2 3 7 1 3 3 2 5
2 12 3 0 1 3 2 8 0 1 5 3
2 1 2 1 0 1 7 2 16 15 5 6
5 4 1 5 8 4 3 0 2 2 6 6
10 10 0 12 22 4 6 4 4 21 0 7
9 12 2 4 12 1 4 8 2 15 5 16
3 6 16 4 6 1 1 3 5 12 1 9
5 0 4 13 7 8 4 6 3 1 5 11
11 2 24 9 10 2 7 7 7 2 12 12
10 6 5 4 3 20 8 3 8 8 8 3
9 5 2 1 2 3 7 11 10 3 3 1
9 20 0 2 2 4 13 1 1 10 4 7
3 3 18 5 3 2 7 3 13 4 6 2
3 1 5 2 4 1 1 2 1 6 2 1
6 7 11 14 20 7 9 15 7 9 8 9
1 1 2 4 1 6 4 4 1 7 2 1
6 5 3 6 0 6 12 13 14 4 5 1
4 1 8 7 3 14 6 0 8 5 10 2
9 5 16 2 14 16 9 1 12 3 13 0
4 1 5 3 3 3 0 5 2 1 2 1
1 4 4 12 3 8 6 11 4 6 1 7
4 2 2 14 15 9 4 9 10 13 8 2
4 11 7 8 15 1 10 1 9 3 1 1
10 6 10 5 3 1 1 7 4 9 1 24
10 3 2 1 10 6 7 0 6 6 9 2
1 7 5 5 7 1 2 3 4 7 0 2
10 5 1 3 10 2 6 10 21 8 0 8
2 1 7 2 0 6 3 1 2 2 9 3
3 5 2 5 20 4 2 13 1 3 3 0
4 0 8 0 11 5 11 0 18 13 1 5
0 1 1 1 6 0 6 1 5 16 3 13
3 1 0 6 3 7 3 7 1 8 3 6
9 4 2 4 9 10 2 10 11 8 0 1
8 5 4 1 10 6 3 8 9 11 2 22
1 14 9 0 8 1 1 2 6 4 14 3
14 3 8 6 5 6 8 9 2 6 7 7
11 3 3 4 1 8 2 2 11 2 9 9
1 15 9 8 12 3 5 6 2 3 11 5
10 13 6 5 6 4 4 7 9 3 0 1
1 9 9 0 0 5 10 1 7 6 5 9
5 1 3 2 0 5 0 14 5 4 7 5
6 4 8 2 3 1 9 12 2 11 3 6
1 2 4 2 9 0 3 15 1 0 5 1
3 6 4 6 3 3 5 6 11 2 0 2
8 21 7 2 18 0 6 11 19 4 4 3
4 2 5 12 1 0 13 0 5 5 9 5
4 2 6 2 4 1 3 2 2 1 3 2
5 0 7 6 1 1 21 7 9 11 4 9
1 10 18 16 11 1 2 9 9 6 3 3
2 10 4 5 1 2 1 5 5 3 3 7
7 1 7 8 1 1 10 3 2 12 23 7
1 1 3 7 9 15 10 1 7 3 11 4
16 16 4 3 5 2 13 6 6 1 17 8
8 5 8 8 6 22 6 10 12 16 7 6
2 5 1 3 0 2 3 4 5 5 6 4
13 3 22 16 11 7 6 10 3 13 4 0
7 10 5 3 16 9 0 5 25 12 2 13
16 4 5 5 0 8 12 2 6 2 5 3
2 2 1 5 13 5 2 3 4 11 17 16
6 6 7 10 2 0 7 1 1 1 1 3
2 1 3 2 4 1 4 5 3 7 0 2
1 7 7 4 6 11 0 13 4 12 3 6
9 1 11 13 2 11 6 4 2 6 0 12
3 2 11 12 8 6 3 5 7 4 1 0
4 4 5 5 13 0 9 5 15 2 8 3
3 9 0 11 6 5 12 13 8 17 4 6
1 2 5 0 1 1 9 7 1 5 3 5
2 2 4 2 7 9 2 0 1 1 0 2
3 6 3 1 4 4 1 7 3 7 2 2
1 3 17 4 1 3 0 2 0 3 6 6
0 3 4 4 6 3 3 0 2 4 0 1
4 13 5 5 7 8 2 18 8 17 4 1
1 0 8 2 0 3 2 2 7 1 2 11
13 4 17 1 13 5 3 5 1 22 19 3
1 0 8 8 4 3 1 10 0 5 22 7
2 2 1 0 7 5 5 3 0 2 2 1
3 2 2 1 8 7 9 10 6 5 1 11
3 12 14 8 6 4 9 2 6 12 14 2
3 3 6 5 2 4 2 1 8 4 3 0
7 4 13 3 22 4 6 13 21 4 11 5
6 5 6 5 11 11 1 9 3 7 6 3
5 3 10 5 11 17 8 0 9 4 5 9
10 14 5 7 10 1 7 10 13 20 8 1
4 4 11 6 2 0 6 1 3 9 0 11
12 0 5 8 2 2 0 2 4 5 0 3
8 2 5 3 2 3 2 1 2 2 0 1
5 3 5 1 4 5 1 1 2 1 3 4
8 1 4 6 10 2 4 1 4 8 5 2
11 1 17 4 11 1 11 2 2 4 20 10
8 9 7 6 8 11 5 0 15 2 21 1
8 1 4 1 3 9 5 4 2 4 9 7
4 6 3 15 1 1 3 0 5 4 4 8
2 5 2 1 3 8 4 1 9 5 5 1
6 13 26 2 1 10 8 6 6 5 2 6
6 11 13 13 20 5 15 5 1 4 4 8
6 6 2 11 7 18 4 3 7 6 19 4
14 6 15 9 4 1 9 6 11 8 4 3
18 9 10 8 9 4 8 9 10 7 22 3
1 1 2 15 0 8 9 10 16 18 2 1
8 5 11 17 1 6 6 2 0 1 11 3
10 2 8 14 7 10 1 11 10 11 9 6
4 1 2 7 1 0 3 8 2 1 5 7
1 0 5 2 8 6 7 10 1 8 1 17
0 13 2 6 4 5 4 2 6 5 2 28
5 4 9 6 7 0 2 3 9 2 5 7
5 4 5 1 12 4 1 4 6 7 10 12
7 9 4 11 1 6 4 2 2 1 5 11
10 16 10 12 4 1 5 4 2 9 0 9
5 1 15 8 13 1 23 8 0 12 14 9
2 7 9 2 4 7 0 1 4 1 3 11
5 2 4 7 6 0 4 8 9 1 2 7
1 2 25 11 16 5 10 9 4 2 5 0
3 1 4 8 2 0 3 1 10 5 1 14
11 3 2 4 1 3 1 6 4 6 9 2
2 7 6 8 7 4 8 4 12 5 3 3
1 0 3 1 5 2 2 2 5 0 6 5
8 3 5 2 2 0 6 4 8 2 2 3
19 1 5 4 18 4 5 8 7 4 7 9
9 3 2 5 8 2 11 6 4 4 9 0
16 5 18 2 3 13 3 2 19 5 5 3
3 3 5 3 0 0 3 3 3 0 4 3
11 7 12 0 4 8 2 15 10 8 5 1
2 6 13 1 2 7 2 1 8 8 8 1
2 2 6 17 6 11 8 3 3 9 4 9
3 1 3 10 15 4 2 1 7 15 27 6
2 0 2 4 1 7 7 8 8 2 0 6
6 4 6 5 3 14 10 5 1 6 7 1
9 16 12 2 1 9 3 5 13 5 20 10
7 19 5 2 3 5 12 4 5 6 18 10
20 3 3 4 8 11 1 5 11 10 3 8
9 15 9 3 13 6 5 2 6 1 4 11
7 4 4 10 18 6 4 6 14 9 2 6
4 6 3 5 3 11 5 13 3 0 7 8
3 10 12 4 9 11 10 2 10 15 18 7
9 12 9 11 7 16 3 3 15 3 3 5
10 0 12 9 11 0 10 4 0 2 3 5
4 1 1 3 2 1 2 2 8 3 1 3
5 12 11 17 5 0 1 15 10 8 2 12
11 9 13 14 3 5 9 8 4 13 10 3
0 7 8 2 6 4 3 0 7 10 5 18
0 8 2 6 3 4 20 0 5 2 6 9
2 31 3 11 7 3 5 1 1 2 13 12
11 1 1 1 6 0 3 6 5 9 3 11
5 21 4 0 7 13 2 2 13 9 4 7
6 1 17 3 1 11 7 11 3 13 1 1
1 0 9 2 2 0 1 5 7 4 6 0
11 1 3 7 7 5 7 15 1 4 8 14
11 2 8 1 4 14 12 5 12 14 4 5
17 7 16 4 11 3 13 2 1 6 4 16
7 4 1 7 17 2 10 12 3 5 10 11
13 4 12 3 1 17 13 1 3 15 7 7
1 23 3 4 3 5 2 15 1 14 16 5
6 4 3 2 4 1 0 5 4 10 4 9
3 5 13 0 5 11 1 2 7 7 3 0
13 21 1 7 20 4 2 1 8 6 16 8
10 12 19 14 10 8 6 3 12 2 18 1
15 15 6 6 0 12 8 5 8 2 4 4
4 4 5 1 3 3 4 3 2 4 2 7
24 9 2 5 10 7 4 10 12 1 5 9
1 12 1 5 13 2 7 9 4 4 10 21
9 10 6 1 1 2 2 5 10 9 14 5
6 1 3 7 2 2 0 1 3 0 0 1
4 14 11 8 5 4 9 11 5 9 4 4
2 5 17 7 4 6 12 9 5 8 9 1
3 8 2 9 9 14 12 5 0 0 3 6
3 1 7 1 6 16 3 14 9 26 4 2
8 19 0 14 19 4 1 17 1 2 3 8
18 4 5 5 14 5 9 6 15 0 20 9
6 1 6 18 7 0 0 9 17 4 15 1
1 6 3 1 6 6 5 3 6 5 9 0
12 8 1 3 8 3 8 2 6 5 6 9
16 7 6 11 8 8 3 9 5 4 11 2
1 8 5 25 4 8 11 1 7 16 1 1
9 8 3 14 8 2 11 1 2 6 5 8
3 3 0 1 13 0 3 2 10 13 3 4
1 7 6 13 2 3 8 5 3 1 16 8
4 10 3 9 1 5 1 5 2 12 13 7
1 5 12 9 7 2 7 8 9 5 2 17
8 0 2 10 2 1 7 10 3 7 1 2
1 4 1 5 9 5 2 3 4 2 1 6
0 1 3 4 2 2 8 5 0 2 1 3
10 1 2 9 1 6 7 6 2 0 20 17
11 15 9 15 0 6 7 16 9 2 4 3
3 1 3 6 6 1 1 5 6 4 4 2
2 0 1 2 8 7 0 2 9 0 8 9
3 3 7 2 1 21 8 6 2 5 9 10
4 2 4 9 8 2 9 4 11 10 3 11
1 7 4 10 3 2 7 1 20 0 0 0
4 14 7 3 10 7 17 4 8 2 3 24
6 4 7 13 6 10 8 4 3 7 12 21
1 10 1 1 3 6 7 5 4 3 1 8
4 5 16 9 24 1 1 0 4 3 22 7
2 1 2 7 1 2 2 2 7 7 0 1
1 3 1 6 1 2 1 5 1 5 3 3
1 2 1 8 9 7 3 3 1 2 1 3
1 8 2 1 13 12 10 7 8 14 2 1
1 4 6 6 10 1 3 1 1 6 0 2
11 12 1 8 8 1 5 0 6 4 3 23
0 3 5 3 3 3 5 3 4 1 5 2
13 6 1 3 3 0 5 5 4 3 1 0
5 4 2 2 3 1 3 2 3 3 2 2
4 5 5 6 3 7 6 3 5 2 5 1
4 4 1 0 12 1 7 9 0 2 16 4
15 4 5 4 21 10 5 10 3 5 0 19
15 10 6 4 3 10 2 4 8 6 0 10
1 0 7 13 6 6 7 3 1 3 9 13
1 7 9 6 17 17 10 11 10 10 10 19
2 0 2 6 3 5 5 2 4 6 2 4
9 1 1 1 6 0 3 5 3 5 1 8
0 7 29 7 1 6 4 10 15 2 3 16
4 13 4 14 22 16 1 1 10 12 10 6
3 2 0 0 4 2 0 6 2 1 6 3
3 3 5 4 1 9 2 2 1 6 6 6
1 1 4 3 8 19 7 15 4 10 7 14
6 8 12 7 11 1 9 20 9 13 14 10
5 7 9 3 3 13 4 3 6 0 2 3
20 12 9 12 13 6 14 8 11 12 7 0
15 11 13 9 15 3 6 3 13 15 1 17
3 7 0 7 1 5 6 7 5 2 1 6
1 16 11 5 6 9 8 5 2 3 6 19
0 8 7 0 3 3 4 1 2 2 2 3
0 7 0 3 9 2 4 0 4 5 8 1
12 9 11 0 4 5 9 14 2 10 8 11
4 2 11 14 3 2 11 16 8 7 8 9
12 14 6 5 15 7 3 19 12 16 0 11
4 2 5 4 4 2 2 2 2 3 3 4
0 8 1 10 10 4 8 3 2 1 8 2
2 10 8 6 1 9 1 5 0 5 7 12
5 2 11 4 6 1 16 9 1 4 14 12
10 3 12 18 17 13 1 9 13 1 2 3
1 2 1 3 1 5 8 12 1 4 7 11
3 1 7 4 1 5 3 5 6 9 1 5
1 2 0 0 6 2 8 3 6 0 3 6
1 8 5 1 8 12 3 1 5 3 7 10
3 3 4 4 0 2 7 2 0 3 1 3
5 4 3 7 1 0 14 12 6 1 12 12
9 10 6 20 6 7 9 3 6 15 0 1
2 7 5 10 0 14 1 9 1 8 3 5
9 5 0 8 12 11 13 10 10 9 3 20
2 0 1 1 2 4 2 3 4 6 1 2
0 1 4 7 8 4 3 1 4 3 4 7
4 1 2 6 1 2 2 4 1 6 0 5
21 11 9 10 2 1 16 12 9 4 4 14
6 4 12 4 10 10 12 1 7 1 6 5
2 7 2 1 6 5 12 12 7 7 9 2
15 14 5 0 17 3 6 2 3 9 2 11
7 0 3 2 2 0 6 12 5 7 14 0
6 13 8 9 4 14 4 11 12 9 9 1
8 8 7 3 1 8 18 1 5 1 0 2
1 7 0 6 14 5 3 1 6 21 18 1
2 2 2 7 9 7 6 4 3 4 7 10
4 1 0 3 3 11 2 0 15 3 0 9
19 8 5 4 4 15 11 18 0 9 12 2
5 3 3 11 12 4 5 6 0 8 9 12
3 5 14 6 13 2 9 22 2 5 5 5
8 6 8 13 4 5 1 5 9 7 8 13
1 3 3 3 3 2 0 0 7 4 3 0
13 0 5 13 11 13 13 14 5 1 6 5
1 2 0 0 2 3 6 1 1 7 2 2
17 17 3 3 3 0 9 1 4 9 2 6
2 10 5 9 3 0 1 12 19 12 9 2
5 6 5 1 1 5 6 2 2 9 9 20
7 7 8 13 7 15 1 5 11 0 9 0
10 4 8 2 17 5 10 9 12 7 3 2
1 3 2 8 0 1 2 6 6 2 0 3
6 5 0 3 3 6 12 4 2 3 6 0
4 5 3 0 4 2 8 0 3 7 0 0
0 13 5 7 3 1 16 17 7 6 6 6
1 1 0 3 6 3 14 1 2 1 1 8
3 0 5 2 5 6 6 2 3 2 4 5
6 0 4 7 3 7 3 1 1 5 7 6
6 7 2 1 3 3 3 2 0 5 2 1
9 6 13 6 2 17 17 0 9 13 1 12
4 4 6 9 11 0 4 4 1 13 6 0
3 9 2 5 11 12 17 6 1 8 19 9
2 2 3 8 0 2 3 0 2 0 8 7
2 4 0 5 3 2 4 5 4 3 0 1
4 2 6 0 6 3 2 2 3 3 8 6
3 4 1 1 6 7 0 13 1 7 4 1
1 3 1 8 8 6 6 2 0 5 1 3
5 5 5 2 1 3 7 2 1 4 3 8
8 3 17 8 5 1 1 0 0 5 0 2
14 14 2 7 0 0 2 8 6 6 5 15
4 6 8 12 14 7 6 3 4 1 2 6
8 2 7 4 3 7 9 10 16 15 0 3
2 2 6 2 1 22 4 26 14 11 10 0
3 2 1 2 0 1 5 6 1 8 1 5
5 18 5 5 17 11 1 11 13 5 5 5
0 12 16 0 1 10 6 18 2 9 5 0
12 4 16 3 11 8 0 13 22 9 4 6
5 2 0 3 3 1 3 7 2 3 9 2
4 2 3 2 7 14 0 1 3 0 2 3
2 4 3 7 5 1 2 3 2 2 9 0
5 0 0 1 8 4 4 3 5 2 3 0
7 3 12 9 10 9 0 14 7 9 1 5
0 14 4 7 0 6 4 0 1 5 6 3
1 11 7 7 6 15 7 3 19 5 3 14
15 0 4 2 1 6 4 1 4 0 2 5
4 14 1 9 10 3 12 1 4 3 2 4
10 17 5 8 19 3 4 2 0 6 13 5
4 0 6 2 11 1 1 4 4 1 0 0
11 2 1 13 1 10 2 12 1 0 26 9
5 5 4 0 0 3 4 7 14 4 9 19
1 7 0 1 1 3 1 3 4 1 4 3
13 10 10 2 1 1 4 3 0 4 3 6
12 12 5 11 13 13 4 2 7 19 10 4
2 0 1 16 12 12 2 16 2 0 2 9
6 16 10 7 4 3 10 7 9 1 21 13
8 3 4 1 4 6 12 2 5 20 2 22
6 2 5 3 6 5 14 1 1 2 6 11
17 2 16 12 13 4 17 7 7 9 8 0
5 2 4 2 6 2 11 15 10 6 4 3
0 2 3 4 3 8 2 1 4 4 1 1
7 5 11 4 19 23 0 16 2 2 9 10
1 1 8 9 0 7 1 2 6 0 12 1
7 3 11 0 5 13 5 15 1 2 18 17
0 4 10 2 5 2 12 0 1 4 3 3
5 4 5 2 1 3 2 2 4 3 3 4
3 1 2 6 2 10 8 10 4 5 7 2
1 5 1 3 5 10 2 5 6 1 10 6
7 0 9 7 10 16 4 5 18 10 1 13
2 3 12 2 7 1 12 6 8 10 2 0
1 8 7 2 6 10 4 2 6 6 0 5
10 2 9 4 14 21 5 6 8 2 7 7
4 1 5 1 2 8 6 8 11 2 11 11
3 11 5 12 1 4 5 8 9 12 2 4
5 13 11 0 19 20 4 8 12 8 9 1
17 15 6 14 9 3 6 20 4 10 9 5
12 5 5 1 9 9 4 4 3 4 5 3
16 17 8 2 19 9 7 5 1 9 7 7
3 7 1 8 5 5 11 2 1 7 1 10
9 2 3 3 6 3 11 1 9 10 5 5
4 8 3 5 0 0 1 0 2 10 1 2
2 4 11 5 3 1 4 2 12 1 1 7
0 3 2 0 2 3 4 3 2 6 7 5
2 3 21 7 8 4 14 5 5 3 7 8
9 11 2 9 2 5 5 9 3 1 5 4
6 10 14 3 12 9 10 13 2 1 2 1
5 2 11 1 7 1 5 1 3 1 5 3
0 8 0 6 1 3 10 15 14 16 3 5
12 17 12 2 6 11 5 17 8 10 18 0
3 4 1 3 4 2 3 4 10 1 1 1
9 4 6 4 5 4 4 9 5 7 5 1
0 5 11 6 2 0 4 6 5 0 9 0
1 4 7 0 4 9 7 3 15 6 3 16
6 6 20 10 6 4 2 7 9 1 5 15
3 1 1 5 1 1 5 7 1 1 2 4
2 6 10 13 2 1 3 1 5 3 3 13
8 7 5 2 0 3 9 4 3 3 1 5
10 1 15 2 18 11 6 16 3 15 0 15
13 12 2 11 3 15 2 4 3 18 1 1
2 0 7 4 5 0 7 5 2 1 0 1
6 11 8 22 3 7 2 14 12 14 6 6
4 1 11 2 0 14 5 7 3 13 19 3
0 0 2 0 3 7 3 2 2 4 5 3
7 4 5 8 1 7 7 1 1 8 3 5
1 4 3 11 13 15 10 2 3 2 0 5
9 6 4 9 3 2 0 5 5 6 2 7
3 17 1 11 3 1 9 4 15 15 12 3
3 10 0 11 1 4 6 9 8 5 12 2
2 16 25 0 5 2 11 2 10 9 15 8
7 4 1 1 1 2 1 5 5 3 7 0
5 4 11 4 5 10 2 4 1 10 9 20
2 6 5 10 1 3 12 7 4 6 1 6
1 9 2 2 1 7 1 2 5 9 10 6
8 9 3 8 7 23 10 2 1 17 5 6
14 3 3 16 3 9 11 2 3 5 0 0
6 6 1 7 2 12 0 1 7 5 1 5
11 11 1 8 3 1 3 10 4 0 0 8
5 15 6 7 3 10 4 7 7 7 0 6
8 1 4 18 6 1 12 18 0 4 12 12
2 16 8 16 1 8 5 1 20 11 11 2
3 8 20 6 13 3 6 13 8 8 1 1
6 7 3 6 10 6 1 4 5 10 4 1
0 4 7 2 4 3 5 3 8 0 5 7
7 1 9 1 8 2 0 5 0 3 3 3
16 13 7 2 5 2 2 3 0 3 7 1
8 12 7 11 7 13 0 6 8 3 25 4
1 1 19 8 8 12 5 4 10 3 2 17
10 12 5 8 15 10 10 9 8 13 5 2
5 8 3 9 2 4 11 2 14 3 0 8
0 5 13 9 1 6 4 3 10 3 7 7
0 10 4 9 3 0 9 0 2 2 4 2
3 3 4 3 5 7 2 6 2 0 2 2
2 7 14 3 3 0 3 11 12 12 10 12
7 13 5 0 8 4 12 12 6 7 10 2
0 6 1 4 2 3 2 9 3 4 5 7
4 12 12 6 6 8 23 7 8 0 2 6
2 2 10 4 2 3 7 10 10 2 1 0
1 3 4 7 3 7 5 12 13 7 3 0
2 4 1 1 2 0 9 0 7 6 1 2
1 4 3 19 8 15 1 0 6 3 26 7
2 5 3 4 1 4 1 0 3 6 4 8
1 5 4 5 10 9 4 10 5 8 11 2
1 10 16 2 16 1 11 21 7 3 4 12
7 9 6 2 1 8 19 5 6 7 10 0
6 7 7 19 4 8 1 1 1 4 3 10
4 18 1 4 1 12 7 3 4 2 10 6
3 7 17 3 3 6 11 7 10 2 4 7
3 0 18 1 1 16 0 10 14 8 5 5
2 4 6 5 2 0 4 1 8 9 2 6
1 6 16 9 17 11 4 9 5 8 4 6
11 5 5 0 14 5 2 14 8 24 5 18
3 5 2 3 2 1 4 5 0 0 2 2
4 4 16 2 0 12 8 16 11 4 10 8
2 3 1 4 0 6 4 3 3 1 6 1
6 5 2 1 11 3 11 7 1 4 0 2
5 0 1 0 5 6 1 1 3 7 5 3
1 3 4 0 1 1 3 6 6 1 1 2
7 10 8 18 18 4 9 15 2 11 5 9
10 8 4 11 0 2 9 8 4 1 0 15
4 2 4 2 1 4 3 1 3 2 6 2
6 2 1 5 2 2 5 5 5 6 1 1
18 11 0 19 5 8 7 5 1 8 8 7
3 1 18 8 6 7 8 10 3 16 7 16
15 4 4 12 4 8 1 6 7 3 5 4
1 1 4 10 3 2 5 3 1 1 4 1
17 5 17 10 8 0 4 3 11 1 3 12
7 13 6 7 2 7 2 2 13 1 7 0
9 5 5 18 12 3 6 23 5 11 4 3
6 5 3 3 9 10 5 3 14 8 29 5
10 10 13 6 6 14 6 5 6 3 1 1
11 4 4 5 4 20 2 7 10 5 5 9
11 0 22 2 6 5 5 0 9 11 5 7
10 7 2 8 0 4 2 0 4 7 7 5
4 2 4 10 5 1 2 2 8 3 0 1
14 4 10 7 0 7 7 8 10 7 19 7
1 4 6 1 8 6 12 4 0 15 22 4
2 0 4 9 18 10 10 12 1 1 10 9
10 1 5 11 22 3 15 0 6 7 12 4
14 10 12 6 2 12 2 7 1 7 1 16
8 3 5 1 5 6 3 5 1 9 2 4
7 11 1 4 2 10 6 3 7 8 8 12
12 20 8 16 3 7 13 10 1 0 7 2
7 2 5 8 11 3 13 5 1 9 1 6
11 5 2 7 9 1 8 7 15 14 2 10
2 13 11 17 5 0 10 20 1 13 6 16
10 2 3 6 9 7 3 6 1 3 8 2
2 2 15 8 4 3 1 1 4 7 11 1
11 8 12 6 7 5 2 8 3 2 4 5
5 5 2 1 30 1 7 10 7 2 2 9
9 1 4 1 2 4 2 1 4 3 7 1
1 2 13 14 5 4 8 3 9 11 19 5
15 5 6 1 6 0 9 19 1 12 6 4
2 0 5 9 8 6 4 2 3 1 3 4
3 1 2 14 6 4 2 6 7 2 7 8
2 2 4 2 3 4 6 0 4 3 3 10
5 19 7 8 2 7 11 10 5 4 3 14
4 1 7 3 3 1 4 4 5 1 5 0
8 5 7 8 6 25 3 1 2 1 4 8
3 24 14 0 4 11 6 17 7 3 3 12
2 7 2 21 12 11 10 2 2 15 7 17
7 5 6 8 4 1 2 16 0 1 7 7
10 5 2 0 1 13 9 0 19 14 7 14
1 1 1 2 1 4 0 6 7 11 0 8
2 1 3 7 2 8 1 3 2 2 2 3
8 14 14 11 4 4 5 5 5 11 14 3
10 7 7 6 3 0 5 2 5 9 5 1
1 3 8 4 16 11 2 15 19 22 1 3
4 0 8 4 0 9 1 8 18 5 8 2
2 6 3 9 12 1 7 9 0 3 0 4
0 3 1 2 8 14 7 9 11 15 12 12
4 1 2 3 2 0 1 3 2 8 1 0
7 9 11 10 7 3 3 6 18 8 1 23
2 10 1 14 4 3 10 5 1 0 13 1
3 1 1 10 0 10 19 11 15 5 1 15
4 5 8 8 6 24 5 1 15 2 2 2
0 6 1 9 7 8 8 7 4 4 16 12
7 0 14 1 12 1 4 6 8 1 1 3
7 5 4 9 6 20 14 6 13 5 16 13
9 20 10 14 8 2 3 7 6 5 2 4
8 9 7 21 1 8 6 2 9 4 3 17
12 12 4 7 8 8 12 13 1 2 6 5
7 6 9 13 2 8 23 1 1 3 13 17
9 4 15 7 2 20 5 21 6 8 7 5
6 6 1 5 6 23 3 13 0 12 18 1
15 4 5 4 1 4 2 8 3 6 9 0
2 12 1 1 7 12 2 7 1 0 11 4
3 0 6 5 8 3 3 4 3 9 1 10
3 6 4 4 4 3 5 1 5 0 1 4
5 12 13 6 10 0 21 0 14 5 9 16
5 6 5 10 6 15 5 1 7 18 3 16
18 0 4 11 14 6 4 9 7 1 3 5
5 5 18 4 6 13 14 1 7 8 1 10
5 8 10 6 6 2 0 5 2 3 1 6
10 22 3 2 8 0 5 4 14 3 20 8
6 23 8 4 3 13 8 10 0 2 23 0
3 4 6 0 6 3 1 1 2 6 1 1
16 1 19 12 5 15 6 1 2 10 3 10
3 0 2 1 6 0 1 0 1 4 2 7
3 5 4 3 5 7 3 9 7 2 5 1
1 5 10 5 8 10 12 13 1 3 3 7
11 10 9 1 10 4 8 7 11 7 2 1
11 3 26 10 2 4 10 7 11 1 7 3
10 4 5 4 5 2 2 0 7 2 0 1
1 15 8 4 3 5 2 3 1 5 1 6
4 4 8 1 4 1 6 6 1 7 7 6
8 7 4 12 2 1 3 9 5 2 3 2
4 0 1 2 3 2 0 1 3 5 1 7
6 10 1 5 2 2 6 2 6 3 5 1
13 10 9 20 9 3 7 4 6 2 15 12
12 6 0 3 13 4 18 4 5 6 4 4
4 16 5 2 10 6 1 4 16 5 6 6
4 2 2 3 1 8 11 2 6 2 8 4
0 2 5 1 0 16 3 20 17 2 8 10
5 6 0 0 2 7 5 2 5 0 3 1
8 1 7 3 0 5 6 0 1 4 7 3
12 5 12 17 7 8 5 1 5 11 3 4
1 1 3 0 4 8 5 9 1 1 2 5
4 10 5 10 1 1 18 9 3 10 5 3
7 7 1 4 3 5 1 7 4 4 2 5
17 7 2 7 6 10 3 11 8 7 0 1
6 1 2 15 5 5 10 0 6 5 8 3
13 15 4 8 10 11 7 6 4 7 9 3
4 2 1 3 8 9 6 2 0 6 1 0
5 2 2 1 5 1 6 1 1 6 2 4
4 2 13 5 4 4 4 15 4 7 2 0
6 2 8 4 6 9 4 9 4 4 6 8
1 0 7 1 5 2 1 5 5 2 2 2
4 3 2 5 9 5 0 1 1 1 0 8
5 6 5 2 2 14 13 12 7 7 12 4
9 0 6 9 4 1 10 19 13 12 0 3
8 15 10 7 1 0 11 6 13 7 11 11
1 6 1 2 3 3 8 2 1 3 8 4
3 1 6 5 3 4 1 4 4 5 7 6
10 5 5 8 2 11 4 3 7 18 6 1
3 0 9 7 12 11 9 27 2 10 3 1
14 0 4 9 3 5 1 15 6 5 1 9
6 7 7 1 4 4 4 3 10 6 8 3
12 5 21 16 6 3 15 6 9 12 0 0
1 1 15 9 7 7 8 4 7 4 12 1
7 3 1 3 1 1 2 5 8 6 2 5
5 7 2 9 1 12 10 13 1 15 7 9
8 5 1 1 12 2 2 1 1 11 9 6
3 17 6 8 3 9 16 0 25 6 5 10
7 10 0 11 3 4 10 1 0 3 8 4
5 3 3 11 14 1 9 4 4 5 1 6
1 9 3 4 3 2 5 9 1 2 6 10
7 1 9 8 17 1 3 4 9 3 8 7
1 2 1 9 2 1 1 7 9 2 9 17
5 6 3 3 1 10 8 4 0 0 5 11
7 5 2 17 6 0 21 11 1 6 6 17
0 15 2 13 13 3 9 10 1 11 16 4
1 1 2 2 3 0 4 5 17 0 2 6
5 13 3 13 11 9 10 14 1 2 9 22
5 6 7 4 3 3 2 2 2 11 6 3
14 14 11 5 10 0 13 17 10 1 4 8
17 3 5 6 0 8 5 12 12 19 3 2
8 4 0 7 0 4 3 9 10 4 8 0
2 2 2 7 3 4 2 8 2 1 6 5
3 13 9 13 18 8 5 2 1 17 0 2
6 11 0 4 11 2 2 1 3 2 6 5
0 7 4 6 1 4 1 3 5 0 4 1
1 2 8 2 8 8 3 6 8 0 1 0
6 1 12 3 3 2 16 2 2 4 9 5
9 1 8 5 2 1 14 4 1 13 2 0
13 2 11 6 6 6 7 17 4 4 12 3
4 11 8 26 9 13 0 2 14 2 1 7
4 2 0 2 7 2 9 1 4 3 2 8
12 12 12 6 9 5 5 6 24 4 8 3
7 7 4 12 12 8 0 9 4 11 12 8
6 15 12 5 9 18 5 6 6 17 1 16
3 3 4 2 1 7 6 3 0 1 6 3
2 6 4 9 8 11 2 10 5 4 16 5
4 10 1 12 5 1 2 1 2 11 2 0
1 6 2 12 0 5 5 4 3 2 4 5
3 6 0 8 3 4 0 2 6 12 10 8
7 4 6 6 3 3 5 3 4 3 6 9
14 3 8 1 3 12 5 29 1 2 8 4
14 9 1 1 30 5 14 6 5 6 1 2
10 4 8 1 5 12 1 3 17 3 7 6
7 3 14 5 20 2 6 9 9 6 18 6
0 10 13 12 24 11 10 12 4 4 1 4
2 0 1 3 5 6 3 0 2 1 4 4
14 5 2 7 8 0 4 24 8 5 16 6
3 5 5 4 1 4 10 4 2 2 6 1
2 12 7 1 3 3 0 1 2 1 5 7
0 14 2 15 10 17 9 11 2 0 17 0
0 4 4 1 8 7 5 1 1 0 4 1
12 2 9 15 6 2 6 3 15 0 2 12
5 2 5 10 1 1 15 8 12 13 9 2
6 1 1 0 0 4 2 0 6 6 2 1
9 4 4 13 1 11 1 8 3 9 3 2
0 19 0 7 10 7 4 17 8 1 13 9
2 1 3 3 2 2 2 5 0 1 6 2
0 4 24 2 5 17 2 12 2 5 5 8
2 7 12 6 0 3 7 10 0 4 6 1
0 4 5 15 1 3 0 2 0 9 4 27
10 5 2 18 11 4 8 6 11 6 1 4
18 3 8 3 6 4 11 2 14 8 13 0
5 1 10 4 0 9 3 1 4 11 7 2
4 4 0 16 11 3 7 12 1 4 5 11
7 4 2 1 0 17 5 9 10 7 1 10
12 3 1 2 1 3 17 4 11 3 4 1
3 12 7 11 7 3 4 10 7 10 4 3
3 0 8 20 2 4 13 7 6 3 5 14
12 2 9 3 1 9 1 5 9 1 2 4
2 19 11 2 11 18 11 4 4 1 1 13
1 1 6 1 5 12 5 7 2 5 5 3
0 8 8 5 2 11 2 2 6 10 13 4
4 2 7 9 6 1 2 12 13 2 3 17
10 10 17 0 27 5 6 2 10 11 3 3
1 4 5 2 2 6 4 3 0 5 4 10
1 2 9 7 2 6 2 3 1 2 0 6
2 7 4 2 0 3 1 3 2 1 3 1
0 1 7 0 1 7 13 7 4 0 1 11
11 14 3 3 11 4 8 6 13 11 1 0
8 6 22 9 4 11 7 11 7 1 7 4
3 2 3 11 3 11 24 11 3 2 4 5
4 3 9 7 2 1 7 7 4 1 2 8
8 0 3 2 16 1 5 24 6 11 15 2
6 7 7 5 7 12 10 10 3 2 12 1
7 1 13 4 2 10 16 15 9 12 9 13
5 11 5 5 7 6 2 6 3 9 12 1
8 9 2 6 3 14 21 2 16 8 5 7
8 3 14 4 0 5 8 2 8 1 14 1
1 1 8 8 5 4 1 3 9 13 6 4
6 12 2 9 7 3 6 3 2 3 8 7
6 17 5 3 11 5 3 3 6 6 8 1
5 18 3 2 9 3 3 4 7 5 1 16
6 2 9 3 14 10 23 2 2 8 12 13
1 1 1 4 6 9 1 5 1 1 4 1
4 11 6 5 2 1 2 4 1 7 0 1
1 10 10 2 3 5 5 5 7 5 16 11
11 5 4 6 4 4 1 4 6 7 9 3
2 5 1 7 5 12 9 0 1 15 1 8
3 11 1 8 5 7 6 3 1 4 7 2
2 2 4 7 7 0 5 1 2 0 4 0
1 0 1 2 6 9 7 4 6 4 4 1
14 8 1 1 2 10 5 1 2 5 2 6
5 5 15 12 26 3 2 2 16 4 11 4
11 7 5 8 4 5 4 6 12 10 22 1
6 4 0 4 7 4 10 2 1 4 5 5
4 3 4 9 10 4 2 6 6 1 5 2
6 21 1 6 1 17 13 11 5 8 15 6
4 14 9 10 15 1 12 5 11 4 16 5
6 13 8 25 12 0 5 6 2 8 0 0
8 2 5 1 7 2 3 1 5 3 1 3
4 4 3 8 17 11 8 9 1 5 18 7
12 8 9 11 3 1 5 13 5 7 7 10
9 5 1 8 4 4 7 5 6 4 5 4
6 4 4 5 14 10 2 15 5 2 9 25
3 10 1 7 0 0 5 6 3 8 1 12
7 6 7 8 6 14 5 1 1 11 6 1
10 5 8 4 10 2 2 6 8 1 1 12
6 22 0 12 4 6 7 1 0 6 5 4
0 6 5 3 1 0 6 5 1 4 4 5
3 0 0 1 7 5 3 3 8 5 5 3
8 9 3 4 12 7 2 10 3 1 4 7
6 10 6 26 1 20 5 7 2 1 12 6
12 8 18 9 1 2 4 9 1 5 20 9
3 1 7 3 2 0 1 4 3 2 2 1
6 2 0 3 1 7 1 7 4 5 4 3
2 4 0 4 6 2 1 0 3 5 5 2
7 6 1 14 6 1 2 8 4 0 3 2
8 17 2 2 1 2 8 19 7 10 11 5
3 8 1 0 4 4 12 3 1 10 3 3
8 6 9 0 14 17 5 4 1 3 13 11
6 12 6 8 8 10 12 11 16 8 16 9
1 3 7 11 6 1 9 30 0 9 4 8
8 16 9 2 16 25 0 3 11 2 8 3
0 4 4 1 0 6 0 0 3 2 3 4
7 0 3 0 20 2 0 5 1 19 14 5
12 2 6 13 8 4 1 8 7 3 8 5
2 5 4 6 2 0 4 4 3 5 11 0
6 16 6 2 0 2 8 15 17 4 10 2
19 4 0 12 13 3 14 3 9 2 4 19
5 5 12 7 6 4 2 5 2 6 3 1
4 24 17 1 7 7 4 2 10 1 21 5
3 3 13 5 1 4 1 1 4 7 9 9
5 3 2 3 6 4 3 6 1 4 3 2
3 8 8 16 11 5 6 8 1 1 6 1
8 9 2 14 4 1 8 1 2 8 3 7
21 11 15 9 7 15 4 0 4 0 17 11
3 1 1 16 3 10 2 4 4 1 8 12
20 1 12 16 1 5 12 2 6 1 10 11
0 3 7 7 3 6 11 12 9 3 0 9
2 7 10 9 2 13 2 2 2 12 0 0
3 3 1 0 2 3 1 2 5 7 3 1
0 2 1 7 0 4 1 3 3 4 5 2
7 6 12 7 7 13 6 4 8 6 10 2
7 2 3 1 4 1 4 2 2 4 0 0
5 1 5 12 12 7 5 1 11 10 5 13
4 4 2 0 7 1 5 3 0 3 1 2
3 12 20 12 1 8 7 17 12 5 7 4
0 4 0 0 7 3 0 1 1 0 4 4
16 1 10 8 3 1 17 9 14 3 4 15
6 2 7 4 2 6 3 3 12 14 1 9
5 6 10 0 4 13 6 7 9 1 1 10
6 3 8 17 10 9 11 4 22 6 4 14
1 5 3 2 3 0 0 7 4 5 0 2
5 2 0 7 9 8 1 4 3 3 4 6
13 10 1 28 2 1 5 9 6 9 8 1
4 4 3 3 3 3 0 0 0 5 2 4
5 3 7 0 12 2 3 9 1 8 8 6
0 0 1 0 2 4 7 1 1 3 6 1
1 3 4 4 3 6 3 4 7 5 3 4
1 4 2 5 2 2 3 4 3 4 4 4
2 45
2 71
3 41
3 64
4 93
5 42
5 89
6 73
6 91
10 27
12 100
12 105
13 53
14 38
14 57
14 79
15 102
16 89
17 58
17 66
17 94
17 98
17 100
18 74
18 118
19 118
21 44
21 111
21 121
22 64
22 111
23 73
23 98
23 100
25 31
26 94
26 115
26 123
28 31
28 100
29 58
30 38
30 96
33 36
33 73
34 59
35 42
35 63
36 48
36 62
36 78
37 44
37 65
38 80
38 132
39 41
39 90
39 117
43 122
44 96
46 68
46 123
47 66
47 133
50 65
50 131
50 136
52 97
52 101
53 153
54 65
54 68
55 66
55 81
55 125
55 148
56 63
56 65
56 147
57 96
58 145
58 146
61 95
62 76
62 145
62 158
63 112
63 113
64 141
64 157
65 100
65 133
66 75
67 161
68 115
68 122
69 137
69 141
70 134
71 96
71 140
75 122
75 124
75 164
79 166
79 176
80 101
82 100
82 129
82 145
82 167
84 91
84 136
85 89
85 137
86 121
89 179
91 100
91 129
92 180
94 99
94 149
94 150
94 162
95 184
95 185
97 193
99 161
100 103
100 167
101 188
102 116
102 133
104 199
105 111
105 117
105 119
105 157
106 123
106 162
108 153
109 164
111 113
112 164
114 134
114 169
114 185
115 178
116 161
117 178
118 179
118 185
118 204
119 150
122 208
123 129
123 130
124 144
125 133
125 193
125 214
126 219
128 190
128 219
130 187
131 165
131 166
132 230
132 231
134 193
135 147
136 174
137 170
138 152
139 144
140 175
140 182
140 201
140 232
141 147
141 218
142 168
142 178
148 153
148 204
148 224
149 188
149 196
150 232
151 181
151 208
152 206
152 246
153 207
153 250
154 176
155 227
156 197
157 200
157 213
158 219
158 223
159 199
159 215
160 191
160 209
160 225
161 167
163 196
163 263
166 259
167 241
168 202
168 221
169 177
169 189
171 190
171 202
172 272
173 254
173 266
173 272
175 226
177 221
179 243
179 279
180 270
185 264
186 225
186 260
188 231
188 271
189 214
189 240
189 250
189 277
190 210
190 232
192 202
192 282
193 244
193 252
194 197
194 243
196 222
196 240
198 219
200 284
201 208
202 277
202 296
203 266
204 222
207 224
207 268
207 269
208 256
208 299
209 249
210 278
211 225
211 261
211 279
212 246
213 277
213 281
215 248
217 222
217 310
217 312
217 315
218 242
218 261
219 244
220 236
221 249
223 241
224 245
225 227
225 229
225 246
225 257
226 314
227 240
227 264
228 294
228 319
229 284
230 240
230 248
231 249
233 234
233 284
234 280
234 304
234 318
235 268
236 251
236 331
237 258
237 293
238 249
238 264
238 281
238 306
239 272
240 249
240 255
240 303
240 307
244 261
244 274
244 278
245 274
246 296
246 315
247 262
247 315
248 277
248 293
249 291
250 255
250 294
252 253
252 316
252 331
253 318
255 290
257 264
257 310
258 292
258 300
258 328
258 347
259 297
260 278
260 299
261 358
262 285
262 321
263 316
263 318
265 318
265 334
265 342
265 345
266 298
270 335
271 334
272 281
272 294
272 298
272 352
273 335
275 326
276 319
276 340
277 332
278 296
279 369
281 309
281 340
281 372
282 339
282 351
283 296
283 313
283 329
283 377
284 328
286 353
289 348
290 296
291 350
291 351
292 307
292 311
292 375
299 305
300 391
301 319
301 366
302 357
303 361
304 314
304 386
305 379
307 343
307 382
308 377
310 331
310 335
310 384
311 344
311 394
312 317
312 361
312 377
313 335
315 319
315 364
317 354
317 361
318 338
319 330
319 416
319 417
320 321
322 332
324 403
325 423
328 369
329 340
330 394
331 396
332 335
332 336
334 368
336 339
336 367
336 400
337 346
337 392
338 431
339 368
340 342
340 362
341 422
342 423
343 399
344 389
344 410
346 365
346 427
348 394
349 436
350 364
350 385
350 419
350 423
351 413
351 432
351 450
353 405
353 430
354 384
354 417
355 368
355 370
355 444
356 447
359 391
360 411
362 440
363 418
364 448
365 390
365 461
366 445
367 463
369 436
370 407
372 389
372 427
372 462
372 466
374 412
374 464
378 397
378 436
378 464
379 455
379 465
380 386
381 416
381 429
382 385
383 390
388 399
388 439
388 447
388 455
392 421
392 484
395 397
395 495
396 404
396 427
397 429
400 459
401 460
401 478
401 490
405 447
406 419
406 424
406 432
408 413
408 419
408 503
409 446
409 503
410 458
410 479
411 423
411 427
412 427
414 497
415 422
415 463
415 480
415 493
416 501
419 514
420 431
420 489
422 473
423 436
423 507
424 439
424 467
424 470
426 487
427 441
428 491
430 444
431 452
431 488
431 496
432 436
432 443
432 454
432 479
432 518
433 479
434 471
434 528
435 486
435 496
435 510
436 463
439 468
439 536
440 444
440 473
440 514
443 533
443 539
444 487
444 506
444 535
447 486
447 488
447 535
448 530
448 545
449 534
450 516
451 505
451 519
452 545
452 550
453 528
455 521
456 513
457 498
457 505
459 509
459 528
459 547
461 469
462 535
463 548
463 561
464 494
464 539
465 495
465 502
465 527
465 539
466 504
467 528
467 550
468 475
469 478
470 524
471 483
471 512
471 535
472 478
473 554
474 508
475 494
478 576
479 494
479 543
481 560
482 580
483 513
483 531
483 550
484 539
485 503
486 576
486 577
487 551
488 512
488 519
492 511
493 588
494 561
495 508
496 589
498 549
498 582
502 529
502 547
503 596
504 555
504 556
505 534
505 593
507 559
508 582
509 584
513 583
514 528
515 532
515 559
515 573
516 525
517 521
518 536
518 590
520 522
520 547
520 612
521 548
521 596
522 541
522 603
523 584
524 598
525 579
525 605
526 534
526 606
526 611
527 542
527 594
531 555
531 570
531 585
532 568
533 574
534 619
536 550
537 561
537 598
538 556
538 562
538 606
538 618
539 541
539 605
540 567
542 547
542 589
542 639
543 575
543 595
544 584
545 556
545 639
546 557
546 579
546 603
546 605
547 579
548 630
549 624
550 554
550 611
551 637
551 651
552 624
553 568
554 562
554 605
554 619
556 569
556 572
556 624
556 641
557 647
558 651
559 644
560 570
560 581
560 634
562 604
563 587
563 593
564 614
565 607
565 618
566 628
567 569
567 587
567 650
567 653
567 659
568 577
568 605
573 580
576 624
576 625
576 663
577 601
578 627
579 610
581 608
582 639
584 589
584 661
585 660
586 622
587 602
588 640
589 682
590 597
590 608
593 604
593 629
593 638
593 691
594 642
595 668
597 667
598 614
598 626
598 635
598 687
599 695
601 606
603 665
604 661
606 697
608 631
608 707
610 630
610 694
613 686
613 690
613 713
614 618
618 669
619 670
621 628
621 703
622 674
625 673
626 670
626 679
626 700
627 639
627 659
629 713
630 643
630 708
630 709
631 685
633 713
634 717
634 722
635 663
635 693
637 670
637 726
638 699
638 714
640 695
640 705
640 726
641 698
642 644
644 732
644 741
644 744
646 672
647 705
648 649
648 651
648 723
649 661
650 665
651 680
652 668
653 659
655 662
655 733
657 707
659 712
659 725
660 695
661 748
662 664
663 693
663 750
664 681
666 710
667 717
668 711
668 765
670 672
671 763
673 697
673 734
673 739
674 726
674 743
674 749
675 737
677 699
677 743
678 698
678 732
679 738
679 770
681 695
681 780
683 686
683 773
684 686
684 714
685 725
686 687
686 699
690 728
691 713
691 746
692 709
692 734
693 714
694 761
698 702
699 728
699 730
699 763
699 772
699 777
700 735
700 790
701 727
701 738
704 713
704 729
704 773
706 728
706 803
707 726
707 795
708 730
708 736
708 741
709 767
711 777
713 741
713 755
713 782
716 749
716 757
719 795
719 814
720 769
720 775
721 724
721 730
721 744
721 777
723 739
723 741
724 781
724 804
725 753
725 765
726 770
728 796
730 736
730 765
730 825
731 791
731 804
732 742
733 740
735 776
736 810
737 831
738 745
738 755
738 833
738 836
739 804
739 807
739 832
740 789
740 815
741 806
741 834
744 749
744 816
746 756
746 772
747 759
747 772
747 804
748 799
748 848
750 761
751 771
752 851
753 782
754 796
754 840
755 780
756 826
761 841
764 810
765 815
766 852
767 785
768 780
768 833
768 834
768 841
769 799
769 804
770 825
771 809
771 821
771 848
772 782
772 799
772 806
772 825
772 827
772 854
773 783
774 801
776 796
778 851
778 871
779 864
779 879
780 855
781 862
782 839
782 842
782 845
783 861
784 842
789 802
790 798
790 801
791 802
795 827
796 864
796 868
797 833
797 857
797 878
798 841
798 894
799 812
799 860
799 867
801 816
801 869
802 814
806 856
806 889
807 904
807 907
809 854
811 841
811 846
811 850
813 830
813 866
815 886
818 862
818 914
819 842
820 862
820 873
822 851
824 831
825 847
825 924
826 870
828 869
828 909
828 911
829 879
831 870
831 871
833 927
834 922
835 900
836 861
836 863
836 923
838 852
838 885
838 892
840 913
840 937
841 870
841 889
841 912
842 867
843 920
845 908
845 910
846 918
848 863
848 907
849 883
849 916
850 868
852 891
852 927
852 948
855 898
860 873
860 895
861 923
861 949
862 866
862 911
863 873
863 891
864 932
864 948
865 877
865 940
866 880
866 932
866 951
867 870
867 951
868 914
868 944
869 876
869 884
870 887
870 905
871 948
872 921
876 890
876 948
876 966
878 901
878 941
879 913
879 935
879 939
881 937
881 945
882 917
882 954
882 979
883 901
884 906
885 890
885 931
885 961
885 980
886 921
887 921
887 959
888 974
889 908
889 956
889 961
892 984
893 985
894 902
894 939
894 956
894 982
894 985
896 948
898 899
899 962
900 931
900 951
903 999
904 960
904 973
905 969
907 936
908 920
908 947
908 991
910 927
910 965
910 994
911 945
912 918
912 926
913 997
915 973
916 940
917 919
917 977
917 990
918 968
920 921
920 929
920 948
920 961
921 936
921 985
921 995
922 977
924 933
928 932
930 997
933 990
935 956
936 975
938 990
940 953
942 950
942 971
943 953
944 994
947 948
949 972
950 970
952 961
953 965
953 994
956 961
960 967
964 970
971 1000
972 989
978 999
982 999
985 989
987 996
27 15 4 8 21 14 26 3 9 3 10 5
11 1 4 0 11 1 1 21 5 4 1 6
11 3 6 11 1 7 11 4 9 25 10 4
14 6 10 21 5 24 9 13 18 4 11 1
7 9 5 10 7 10 9 16 12 2 2 3
9 0 11 10 22 1 11 12 24 6 3 11
9 1 12 4 10 11 1 0 14 4 16 1
4 20 16 3 4 13 20 3 16 7 40 16
7 2 8 5 4 18 11 4 22 18 19 8
15 5 14 0 20 3 5 3 4 2 21 5
5 6 5 3 5 4 13 14 7 2 0 2
21 23 15 19 10 3 11 5 3 27 0 16
8 11 21 8 16 25 7 3 3 4 1 6
4 11 19 29 19 1 10 29 2 15 3 23
10 12 16 4 7 0 4 14 6 16 11 2
8 13 6 11 3 11 3 12 5 8 5 4
8 9 11 11 9 23 5 0 13 2 14 10
15 2 21 14 8 23 13 0 7 8 16 6
19 14 13 6 1 29 6 17 10 9 9 8
3 8 1 18 2 20 12 1 4 4 3 17
2 19 8 6 7 11 12 1 4 11 12 12 11 12 12 7 1 8 2 8
30 50 44 21 23 20 46 34 37 47 46 33 34 19 42 33 24 37 27 44
37 53 48 29 34 31 52 33 34 57 52 39 34 25 46 45 37 31 21 52
28 53 43 23 28 41 61 43 49 54 45 29 40 21 41 35 44 34 26 50
28 63 44 22 36 44 51 42 44 43 55 37 49 42 38 44 35 30 20 65
14 66 32 34 42 48 59 30 35 50 55 20 41 36 37 36 44 30 23 48
13 38 32 19 25 22 28 17 20 18 39 20 11 18 27 24 13 20 15 34
6 23 11 13 12 10 30 2 8 19 10 3 10 5 15 13 17 10 10 11
25 71 36 34 39 38 48 13 18 60 56 32 44 36 43 45 29 32 32 41
1 12 7 6 4 8 13 2 6 5 8 4 3 2 4 2 2 7 2 6
1 18 10 5 5 9 17 4 6 8 11 8 7 7 9 8 4 6 4 15
26 42 22 23 34 28 34 19 14 33 45 12 25 22 26 25 25 19 14 35
24 30 25 25 26 16 35 23 23 35 36 12 29 17 24 25 25 23 17 32
35 64 37 30 42 31 53 33 34 50 63 29 51 31 40 46 30 32 33 56
32 59 36 23 44 40 43 44 31 50 63 20 34 36 36 41 34 19 20 56
16 44 21 29 30 28 46 17 20 38 41 8 31 20 19 30 31 28 17 39
24 27 27 16 20 17 32 13 20 22 25 14 23 10 19 15 18 26 11 26
28 63 36 30 36 36 50 16 37 44 51 14 29 14 40 29 22 30 22 24
14 40 35 21 25 26 39 24 36 38 43 22 34 27 21 25 25 34 16 49
25 66 39 22 35 44 68 35 39 68 54 32 44 36 48 36 43 30 18 43
16 39 14 20 28 26 40 19 17 32 28 16 32 21 20 24 35 20 19 33
17 44 11 11 28 25 28 20 17 27 43 17 23 22 25 18 12 6 12 25
4 14 3 4 6 7 10 2 1 10 11 8 6 7 8 1 8 5 3 7
20 30 28 15 17 15 29 14 24 20 27 10 11 3 10 16 15 17 10 29
3 15 2 2 4 5 14 1 3 9 5 1 2 1 3 4 8 5 1 6
7 26 21 9 13 20 23 9 18 20 21 16 20 13 2 8 14 20 5 32
2 7 8 6 5 6 13 1 4 5 7 1 1 1 5 2 2 6 1 2
1 8 2 2 4 4 8 1 1 1 7 2 1 2 4 1 1 1 1 1
16 48 42 37 46 27 44 38 43 28 58 25 37 20 43 46 30 30 33 43
4 9 5 1 4 3 4 1 2 3 6 1 1 1 1 1 2 1 2 11
27 49 45 37 43 28 45 26 30 19 50 38 37 28 40 46 33 35 37 55
31 48 35 19 37 20 38 35 37 33 50 27 26 17 22 37 32 15 29 56
1 7 7 6 5 1 10 3 3 3 10 4 3 2 5 7 4 2 6 9
16 55 22 15 23 32 36 15 21 43 45 25 26 25 35 19 13 17 12 19
19 49 29 17 21 25 47 27 30 42 35 24 33 19 34 28 23 22 24 28
11 18 20 4 2 13 24 14 18 15 9 12 13 5 3 5 13 20 5 25
17 69 40 34 42 46 58 21 36 55 57 22 44 45 44 39 43 31 20 56
10 28 17 10 8 10 26 7 10 23 18 9 12 10 16 15 9 17 5 21
2 11 10 9 8 1 11 2 3 7 13 5 7 3 8 11 1 2 6 7
35 53 35 29 35 20 47 33 31 46 52 23 32 18 33 34 31 28 23 50
20 52 11 14 32 28 33 19 12 30 42 14 32 23 11 30 24 19 11 46
4 13 7 6 4 7 15 2 3 9 8 2 4 3 9 3 4 9 1 4
43 72 56 25 42 40 51 36 42 59 65 52 38 35 43 47 36 34 29 65
6 20 11 6 5 10 15 18 13 16 18 8 8 10 14 8 8 9 13 17
14 42 29 15 22 29 30 15 19 35 40 28 21 31 24 17 17 22 8 38
5 13 6 1 1 1 17 9 4 10 10 2 3 1 6 2 5 5 2 15
1 15 4 4 3 5 12 1 1 6 8 3 1 3 10 4 1 2 1 2
10 26 19 17 13 10 25 14 18 24 27 6 13 9 27 18 8 15 18 15
13 23 8 16 22 14 27 15 7 18 27 7 17 12 13 17 21 10 10 27
9 48 28 23 25 26 34 10 18 30 34 26 30 26 31 35 15 20 22 34
14 57 22 7 18 28 34 15 18 45 37 26 28 27 38 25 17 15 22 20
19 52 26 15 23 31 47 17 24 45 42 21 28 16 26 12 23 22 8 27
31 63 39 33 44 35 48 9 30 38 53 16 32 15 28 37 28 29 21 39
6 29 5 1 3 5 21 12 9 24 18 9 14 15 18 13 10 11 9 17
17 49 16 20 33 28 39 14 14 30 42 18 37 27 24 33 22 19 12 37
45 82 47 27 46 53 50 31 36 59 72 39 47 36 38 45 32 30 33 60
37 59 55 27 36 38 61 34 39 58 49 38 29 26 51 47 31 29 23 40
17 11 11 6 5 7 23 15 13 23 12 13 17 1 3 3 20 16 1 22
20 46 16 6 14 14 31 17 11 45 32 26 32 23 30 19 22 17 17 30
19 30 15 13 21 5 25 9 11 18 30 5 11 5 13 16 12 9 3 24
21 51 34 25 31 32 31 15 30 29 45 18 8 12 19 25 22 15 18 40
20 34 13 17 27 17 21 3 4 24 35 19 32 17 16 24 11 17 11 27
8 38 26 23 19 26 31 17 25 30 33 11 10 14 21 14 19 21 15 26
7 38 24 23 20 21 37 5 18 31 23 10 19 17 23 21 20 18 14 21
23 64 47 33 46 20 50 27 31 41 52 47 47 37 45 56 43 44 45 62
16 36 7 9 16 19 29 21 13 27 29 8 19 13 14 8 17 12 12 25
12 33 22 21 23 8 34 21 17 25 32 20 23 15 26 27 25 20 18 40
35 45 50 32 33 32 46 26 41 35 45 28 20 14 28 34 30 30 23 47
8 24 10 12 15 11 17 9 5 18 24 12 14 12 12 11 10 5 7 24
12 34 16 12 17 16 28 8 7 30 30 16 13 14 26 11 11 11 5 10
1 16 2 1 9 6 5 1 1 9 15 14 14 14 7 9 3 4 1 15
36 50 27 20 29 19 47 27 20 51 47 24 43 20 28 25 27 35 22 43
27 58 28 25 44 29 48 32 30 37 59 15 36 22 38 41 29 19 28 45
5 22 10 8 4 10 21 10 12 17 15 1 3 4 10 3 7 9 8 15
12 34 31 24 24 22 38 15 29 29 36 6 25 16 21 23 20 26 13 28
3 18 8 1 8 14 7 10 6 13 18 16 13 20 7 6 8 5 3 25
4 14 2 1 7 6 8 10 4 11 14 7 8 12 6 2 8 5 2 16
27 65 24 31 43 38 39 16 15 42 50 32 46 36 32 49 33 24 34 55
11 28 9 2 13 10 22 7 5 16 17 13 17 9 8 12 15 8 5 28
2 13 7 4 2 2 16 4 1 10 7 1 2 1 9 7 6 4 3 8
6 15 7 6 6 6 17 3 5 7 9 1 3 2 5 5 8 7 5 14
1 13 4 1 3 5 7 2 2 6 7 4 3 1 1 1 1 2 3 5
29 40 31 24 39 26 43 34 32 34 48 13 32 19 19 28 39 20 8 53
7 24 9 3 9 15 17 4 7 15 13 10 11 9 6 4 11 10 4 16
26 48 22 18 29 25 44 20 22 35 42 11 27 9 23 19 20 20 14 24
16 22 21 15 10 8 34 21 18 30 20 17 23 5 17 20 26 19 11 30
34 46 37 29 44 35 47 21 31 33 52 21 42 20 23 31 32 32 17 46
11 51 22 17 23 35 32 9 14 30 39 24 20 26 25 18 16 17 12 30
41 64 46 12 38 36 51 49 36 64 62 42 36 39 50 41 31 29 26 51
2 12 1 1 4 1 6 1 1 5 8 1 2 1 1 1 4 1 1 9
34 59 42 22 33 36 59 32 38 58 54 24 37 21 42 28 33 31 24 31
11 39 28 21 17 22 41 13 24 30 28 10 19 11 21 19 21 25 14 28
1 12 1 1 3 1 5 1 1 4 10 1 1 1 5 1 1 1 1 4
32 54 28 14 27 24 42 26 27 42 45 17 29 16 31 28 25 19 17 37
15 42 41 31 29 17 52 38 43 35 42 25 27 17 27 29 40 39 26 48
27 55 41 35 48 44 60 30 41 48 58 16 51 29 28 34 44 42 12 52
18 32 17 4 13 14 33 24 21 28 24 6 19 4 19 13 20 14 17 17
3 34 12 15 13 17 31 1 10 28 16 12 14 15 22 16 17 11 10 12
1 18 5 1 1 11 4 4 2 15 13 10 1 11 14 1 1 1 2 1
3 20 9 6 4 9 20 2 7 16 12 7 8 6 7 4 6 12 1 9
1 11 4 1 1 6 10 1 1 5 5 7 6 7 7 6 5 4 4 6
40 43 46 38 36 36 65 35 45 50 43 31 48 12 41 42 46 48 29 38
9 16 14 12 12 7 20 5 8 15 15 1 7 1 12 10 8 12 8 11
44 78 49 41 53 52 57 39 34 63 77 38 37 38 43 51 36 36 31 65
2 16 2 5 5 3 16 2 1 10 11 5 7 4 8 4 2 5 1 4
1 12 1 1 1 3 4 1 1 6 8 5 2 5 7 1 1 1 1 1
25 46 39 20 27 37 41 15 26 41 40 32 32 24 28 24 22 32 14 33
33 73 58 44 48 44 62 24 49 57 63 24 41 32 51 48 40 44 35 52
7 18 11 4 7 11 5 1 5 6 14 7 1 9 9 7 1 1 2 14
5 28 12 11 11 8 19 12 11 16 23 9 3 7 19 14 11 7 13 19
3 15 2 1 4 9 8 1 2 8 8 8 4 8 7 1 6 5 2 7
17 21 22 8 11 7 18 15 15 22 22 17 15 14 14 15 15 14 6 37
1 10 1 1 4 4 2 1 1 3 7 10 9 8 1 3 1 1 1 7
5 8 9 6 6 3 7 8 6 10 9 1 4 2 5 6 9 6 8 13
33 68 38 18 44 40 58 31 32 52 61 34 47 37 47 39 33 23 19 43
1 24 1 1 3 8 9 1 1 10 10 12 11 11 7 8 1 4 1 8
38 76 53 42 58 37 65 34 51 52 70 20 42 16 51 56 42 34 47 45
1 13 5 2 1 13 8 1 6 7 4 3 1 5 6 1 1 7 1 1
13 45 18 17 26 15 33 9 13 35 35 22 34 30 37 34 19 18 18 25
8 32 13 1 13 18 18 1 1 19 21 14 3 13 18 11 7 1 2 10
25 62 37 30 38 25 56 31 37 49 50 22 35 17 54 45 35 29 41 33
7 18 18 15 12 3 11 5 9 15 21 10 14 9 20 20 2 11 13 14
35 65 53 41 48 30 59 43 49 43 64 36 31 24 41 44 45 38 33 64
22 74 37 32 37 45 59 19 25 65 54 33 36 37 46 37 36 33 25 42
2 21 3 3 4 4 12 2 2 14 12 8 9 7 8 6 3 3 2 11
34 66 19 19 42 32 39 24 15 41 57 24 44 28 36 40 28 15 26 45
42 57 34 28 38 29 48 34 16 59 55 39 53 36 35 40 38 43 28 56
1 15 3 1 1 3 10 7 3 10 7 3 1 6 9 6 4 1 4 5
31 64 49 30 55 36 50 39 34 45 71 35 22 37 54 49 27 20 22 45
18 31 21 9 23 17 14 17 16 16 31 17 18 17 9 20 14 12 12 40
12 18 8 3 5 2 19 14 11 20 15 9 14 5 12 4 9 8 8 17
35 59 44 33 44 45 43 13 36 35 50 24 37 31 25 32 34 34 22 54
11 40 22 11 21 28 28 19 18 31 39 22 17 21 29 16 12 11 16 22
26 43 20 14 19 19 37 12 11 41 31 26 33 19 22 19 23 29 6 34
10 30 7 3 11 17 15 12 7 27 26 10 14 10 17 4 9 1 10 8
1 9 1 2 1 2 7 4 1 4 5 1 1 5 4 1 2 2 1 6
21 39 36 26 25 19 44 6 28 34 32 3 22 8 23 26 25 29 17 30
20 41 25 11 19 23 35 29 23 41 40 18 24 21 37 24 20 16 23 25
10 34 15 7 18 22 31 23 23 24 33 11 20 19 18 9 19 15 1 30
10 34 5 9 18 21 19 3 5 19 24 17 20 17 9 10 11 11 1 25
13 32 24 10 6 20 39 17 22 35 19 16 14 9 20 12 22 23 9 21
22 62 33 27 30 39 57 23 35 55 43 16 31 20 40 26 37 27 29 33
15 60 37 27 31 30 43 16 31 42 46 14 17 18 33 29 30 24 21 38
4 7 10 7 6 6 4 7 7 6 10 5 4 5 7 8 5 1 10 10
18 68 43 37 37 34 58 32 47 51 54 23 35 28 52 43 40 37 42 46
10 16 1 4 6 7 18 4 2 11 10 5 9 2 4 1 12 7 1 14
36 64 47 23 35 27 52 15 29 52 45 38 49 31 41 47 32 41 28 48
20 54 24 13 32 30 26 12 13 33 45 28 21 31 24 33 21 6 12 43
1 7 1 3 3 1 10 2 1 8 9 1 1 1 6 1 4 2 1 2
39 48 43 34 44 37 47 29 41 35 52 30 30 25 25 37 34 31 21 53
36 45 38 35 35 33 54 34 36 50 47 21 44 19 25 33 38 40 23 47
13 26 18 17 19 8 20 7 11 16 24 10 15 10 19 21 7 9 13 20
3 11 1 3 7 6 8 6 3 6 11 6 6 11 5 2 7 3 1 12
7 21 6 9 13 13 20 3 5 12 16 7 11 6 6 3 11 9 2 11
1 11 1 1 1 1 9 1 1 5 1 1 3 1 4 5 4 1 4 1
26 41 27 27 30 21 35 13 19 27 39 7 19 3 6 25 20 19 13 40
24 53 24 31 33 47 40 26 22 50 45 16 28 33 26 26 31 32 23 38
9 46 22 20 26 24 34 1 15 28 28 17 24 19 21 24 16 16 11 25
16 33 5 16 17 20 22 18 5 31 32 8 17 10 18 11 15 9 16 19
13 22 10 7 13 7 12 6 4 19 23 7 6 13 11 6 9 3 1 23
16 38 7 10 20 17 21 6 6 19 26 10 18 10 5 14 13 11 1 28
5 18 5 8 9 8 10 8 4 14 18 5 8 5 7 4 7 1 6 11
1 6 3 1 1 2 1 2 1 7 3 2 1 5 3 1 2 1 3 6
9 36 17 13 19 28 25 7 11 21 33 18 13 21 16 8 12 14 5 27
38 62 39 23 34 39 42 17 23 50 49 32 29 28 28 35 31 31 19 49
21 62 46 46 42 36 59 32 44 46 55 30 37 33 45 42 47 45 37 55
1 16 1 1 1 5 9 4 1 10 6 7 6 9 5 2 4 4 1 8
36 39 50 26 30 27 45 26 41 39 46 27 34 20 22 38 32 36 14 60
27 63 33 34 40 44 44 12 19 39 56 28 34 28 34 30 24 27 24 33
4 10 11 10 7 3 10 6 6 8 12 7 6 6 8 11 3 1 9 14
10 26 12 18 16 17 28 5 10 19 22 4 10 2 7 8 13 14 4 14
14 35 25 9 15 21 23 12 15 26 26 16 9 18 19 15 12 13 10 26
9 29 3 4 15 13 15 4 1 12 21 13 17 16 5 10 9 4 2 26
43 72 50 35 46 45 54 22 38 49 60 40 44 31 29 43 41 33 24 69
17 59 33 18 29 24 34 16 21 36 48 30 26 27 39 39 15 20 20 41
15 32 22 12 15 15 31 20 18 30 30 23 23 16 23 16 14 16 12 27
4 15 3 3 6 3 12 5 1 6 13 1 1 6 7 3 2 3 1 13
12 46 29 21 29 37 32 1 18 31 41 21 21 20 27 20 13 23 11 13
22 51 31 27 27 23 47 21 31 43 36 14 33 11 45 39 23 21 35 20
7 32 16 9 18 21 13 11 6 22 31 21 12 24 17 12 8 4 9 26
12 25 16 16 15 14 33 4 11 20 21 4 13 1 9 7 15 18 1 14
5 22 9 9 8 18 15 1 10 12 16 11 7 11 11 1 5 11 1 10
5 25 13 12 10 13 25 1 9 14 16 5 7 4 13 9 6 14 3 8
43 63 47 49 55 51 61 22 38 54 61 24 54 20 32 43 45 50 35 50
32 62 34 26 34 35 56 19 20 55 48 14 24 14 32 29 29 30 15 30
39 71 28 33 52 47 51 30 19 53 63 32 35 41 40 49 40 20 27 54
3 20 6 1 4 6 18 9 6 15 15 10 9 7 12 3 6 5 4 10
18 47 17 22 28 26 35 13 12 34 44 13 25 14 26 25 18 16 17 23
22 55 36 25 38 40 35 2 23 33 50 22 26 29 29 26 17 26 11 35
10 30 7 9 22 11 22 1 2 15 22 14 19 13 13 20 14 4 8 22
14 26 6 14 18 18 24 9 3 21 24 12 17 11 12 9 17 11 5 18
1 8 2 1 1 1 8 8 3 9 6 2 3 6 1 1 3 4 2 14
25 72 36 34 47 39 63 45 30 52 66 27 29 28 48 44 37 29 35 46
12 32 13 9 12 23 24 9 8 27 21 14 12 13 14 6 16 14 4 14
5 14 5 1 6 2 6 1 1 6 9 4 3 2 1 4 4 2 3 11
5 28 10 8 9 9 19 1 5 16 18 12 15 13 16 15 1 11 2 11
23 51 32 19 29 30 43 13 34 31 42 13 24 12 16 20 22 23 13 40
33 75 46 39 49 48 50 34 43 53 69 27 26 22 36 39 36 25 34 55
14 30 22 10 7 13 29 15 15 28 20 23 21 19 22 19 15 21 10 28
6 23 4 2 18 10 7 9 5 10 27 13 14 17 5 11 3 1 3 24
13 32 26 11 16 17 30 22 23 29 32 25 26 18 16 20 15 23 12 36
20 46 16 17 28 25 32 10 16 31 42 10 24 11 24 16 12 14 13 20
23 50 33 26 36 29 32 13 21 28 47 24 28 22 34 37 17 22 25 33
25 48 37 19 27 19 54 34 37 46 37 23 39 12 41 37 33 30 33 36
1 7 2 1 1 2 2 1 1 3 2 1 1 1 1 1 1 1 1 6
14 47 36 16 23 36 40 24 29 42 42 30 25 27 22 20 24 27 8 40
2 14 1 1 6 6 6 1 1 9 10 6 7 6 3 1 5 2 1 8
16 40 30 23 27 18 29 13 18 23 39 15 11 12 30 25 14 15 17 27
3 29 8 2 3 16 14 6 9 17 17 10 4 10 14 1 1 6 5 7
1 27 9 1 8 18 9 7 1 17 23 18 6 21 17 5 1 1 3 11
1 13 1 2 2 3 11 1 1 3 7 1 1 1 5 1 1 1 1 1
14 50 26 8 29 32 30 22 18 34 48 28 21 37 35 25 9 9 9 30
17 33 11 19 27 19 30 11 11 21 33 7 21 11 11 15 16 17 6 26
7 35 13 13 22 19 27 5 7 17 23 16 21 20 18 22 16 7 15 22
4 10 6 7 7 7 14 4 5 8 9 4 1 4 7 4 8 8 4 7
30 60 38 36 33 33 60 37 38 55 52 25 37 17 31 35 43 45 26 58
19 60 34 23 39 35 48 20 37 36 47 14 27 24 25 34 36 20 19 48
4 14 12 10 6 12 12 5 7 10 14 11 7 12 14 10 3 6 8 11
17 46 16 22 34 35 37 24 14 26 44 13 31 24 19 32 26 18 20 45
6 11 6 5 5 5 15 4 4 11 7 6 10 8 7 5 10 8 4 14
21 29 19 14 17 10 29 21 17 30 30 8 15 7 22 12 16 11 14 26
30 65 28 22 40 36 51 19 24 45 47 23 45 23 40 35 30 19 29 31
32 50 48 36 42 41 46 18 35 33 52 29 46 39 29 36 33 39 27 60
2 31 20 18 11 13 27 2 14 22 17 5 10 7 20 19 6 11 13 10
9 30 12 7 14 10 14 9 7 25 31 14 9 21 24 13 4 7 2 21
15 22 14 6 12 12 21 14 13 24 17 20 24 14 6 7 19 18 5 28
1 10 3 4 2 1 10 1 1 7 5 2 2 3 5 3 1 1 1 6
1 8 1 1 1 4 5 1 1 1 2 1 1 1 1 1 2 3 1 2
1 11 7 3 5 6 8 5 4 5 8 8 7 9 5 6 6 5 7 15
1 10 5 4 1 5 9 4 2 4 10 2 1 6 7 3 1 1 3 9
9 20 10 10 14 11 14 1 3 10 18 10 10 9 14 9 5 8 5 14
1 28 1 1 4 5 20 4 3 13 12 3 8 3 14 6 6 1 6 7
21 55 32 29 32 22 49 19 33 42 45 10 28 11 26 30 30 24 21 44
28 75 45 28 42 51 60 33 41 50 63 41 56 50 51 46 40 33 33 58
18 65 41 25 42 53 54 37 43 54 63 19 41 40 39 29 39 30 19 47
28 74 44 36 47 50 60 11 28 62 60 34 45 37 51 43 35 37 22 34
19 22 7 17 19 17 25 14 6 22 22 12 22 10 10 10 22 16 8 25
23 67 35 23 40 38 47 17 28 48 52 33 32 34 45 40 29 13 28 38
18 23 24 12 15 9 21 16 16 23 25 18 15 11 16 12 18 15 10 31
6 25 11 9 9 15 24 10 16 21 21 7 9 4 8 1 11 16 5 14
1 29 11 6 9 19 17 3 11 20 21 8 6 8 8 1 8 11 3 12
25 41 21 11 24 19 30 10 17 24 27 16 22 10 9 21 26 13 10 36
11 56 32 23 35 34 39 17 18 40 44 38 26 36 43 39 23 16 23 32
2 37 15 8 12 21 26 4 13 22 19 9 12 16 15 10 15 13 7 23
1 12 6 4 6 4 10 4 2 5 12 3 4 2 4 5 4 2 4 11
1 6 1 1 4 3 2 4 1 2 8 8 10 12 1 3 3 2 1 16
1 10 2 4 4 4 11 1 1 5 9 3 2 1 5 1 2 4 1 4
29 48 42 23 28 17 40 35 36 43 50 36 28 19 39 33 29 28 23 48
2 24 15 13 11 3 22 15 12 13 17 9 5 4 21 19 17 12 18 23
3 28 10 2 8 22 17 6 8 15 21 18 11 18 10 2 5 11 1 20
1 18 1 1 6 11 6 1 1 6 10 10 7 9 5 3 3 3 1 8
2 30 11 5 8 12 11 4 6 13 21 19 14 18 19 20 3 8 11 25
26 36 28 12 24 31 34 23 17 44 37 44 31 33 30 22 24 21 1 31
22 61 28 16 34 37 46 24 25 42 46 26 38 28 45 36 23 18 32 26
6 8 8 5 6 2 11 6 2 8 11 5 6 7 5 6 6 5 4 19
33 68 30 37 43 42 67 28 36 60 51 7 42 18 35 38 48 38 37 45
1 14 6 1 1 2 14 8 8 10 10 1 1 1 4 3 4 4 7 10
25 45 16 28 26 31 42 34 22 42 44 12 28 23 25 23 27 26 26 39
25 40 25 22 35 29 21 4 16 13 39 20 17 16 14 26 15 6 13 35
1 22 13 8 9 12 15 5 10 10 19 14 10 13 14 14 5 12 8 20
9 18 10 12 11 5 20 1 5 10 14 5 9 3 15 12 6 9 6 7
18 50 28 20 27 38 39 22 15 40 43 23 19 22 23 22 19 21 13 28
12 31 22 13 15 17 25 5 20 20 23 1 4 3 8 8 14 15 3 26
17 40 17 11 22 22 29 16 9 37 38 29 31 33 28 22 23 17 9 38
11 19 20 15 16 11 22 12 14 15 21 10 14 8 14 13 13 16 11 20
11 25 18 18 25 11 15 4 5 9 30 14 18 11 16 24 8 5 15 23
1 15 1 1 2 7 6 1 1 6 9 10 7 13 6 1 1 2 1 12
18 58 20 14 31 36 28 13 17 30 48 19 22 26 15 25 17 10 9 41
20 51 39 35 34 36 56 13 37 49 36 21 42 27 28 32 45 38 28 44
6 18 4 5 5 5 21 7 4 17 6 4 9 6 12 9 16 8 6 12
3 15 1 5 5 7 12 1 1 9 9 5 3 5 10 4 6 2 1 4
10 29 13 8 19 19 14 4 6 11 21 21 21 19 10 20 10 6 14 23
15 40 14 7 23 23 16 11 5 25 36 15 9 18 15 11 10 4 2 25
10 32 9 4 14 10 13 9 10 15 24 13 14 13 14 12 1 1 9 21
42 66 47 29 45 33 64 23 45 53 52 19 39 7 40 44 41 29 35 35
7 4 6 5 5 3 14 11 7 6 8 4 7 7 6 3 10 9 1 18
4 46 18 16 18 26 33 4 18 29 23 14 23 21 20 19 18 18 12 25
14 34 19 13 16 13 37 10 19 29 29 1 15 1 20 12 11 15 13 9
8 33 14 10 13 20 27 8 21 27 25 1 13 7 15 4 13 13 8 11
17 35 18 21 31 26 32 18 16 25 38 14 30 22 15 24 20 19 12 34
3 12 6 1 2 6 2 1 2 3 6 3 1 3 4 4 1 1 4 10
25 70 32 29 39 33 48 18 22 60 58 40 50 41 51 45 32 27 35 48
17 53 29 16 35 30 31 18 15 29 50 28 16 26 30 30 14 10 14 35
4 15 4 4 5 5 16 9 4 12 12 9 10 11 8 3 6 7 1 14
28 52 39 31 33 17 55 37 38 52 50 31 40 26 49 44 40 35 33 49
1 3 4 3 1 2 4 1 1 1 4 1 1 2 4 2 1 1 4 5
20 40 22 19 25 19 35 5 18 22 24 10 15 9 19 24 25 12 15 26
3 43 35 30 34 19 47 36 37 25 37 19 30 28 39 44 38 29 29 48
1 12 1 1 1 1 6 4 1 8 7 4 3 4 4 1 1 1 2 4
1 20 3 1 2 4 17 5 6 11 11 3 4 1 7 2 4 4 5 4
5 46 25 19 24 21 29 12 16 22 37 23 18 18 33 30 9 13 22 21
21 67 35 24 44 41 39 26 25 33 65 34 39 47 46 44 27 14 26 56
1 15 7 1 1 8 9 1 4 7 3 1 1 1 2 1 1 7 1 9
6 24 9 2 6 16 20 6 9 13 11 15 13 10 8 5 9 13 1 14
13 35 24 6 17 31 29 25 25 30 29 30 30 33 20 15 23 21 1 37
1 15 5 1 1 10 12 1 5 5 3 3 1 4 4 1 3 8 1 3
7 24 12 9 11 10 20 9 9 12 20 6 6 7 10 7 3 9 4 15
41 47 43 31 33 22 53 37 41 46 45 25 28 10 35 41 39 23 31 49
4 11 10 9 7 11 15 4 9 9 11 4 1 5 7 4 6 10 4 5
1 12 1 1 1 3 5 1 1 4 3 3 1 2 3 1 1 1 1 5
11 58 26 24 32 32 48 35 33 47 46 25 41 45 52 40 35 23 27 43
3 16 8 6 6 10 13 3 6 7 10 6 5 4 7 3 4 8 4 9
1 11 1 1 1 2 10 1 1 1 4 1 1 1 6 2 1 1 1 2
7 20 15 10 8 18 24 7 16 14 14 10 12 7 6 1 13 20 1 17
22 35 11 18 25 14 28 10 1 31 33 20 30 18 20 26 22 20 15 29
1 15 7 5 5 7 8 4 3 4 12 4 2 4 7 5 1 1 4 8
24 56 30 42 42 29 60 46 37 41 57 12 30 18 37 39 39 38 37 47
31 47 39 42 42 31 53 30 35 43 53 13 35 11 23 33 37 42 28 44
27 34 25 25 29 19 30 10 17 24 33 6 15 5 10 24 20 16 14 32
15 33 19 13 15 13 29 18 17 28 31 12 18 12 27 15 10 12 17 18
37 59 43 34 48 31 47 34 40 38 61 30 35 30 37 52 31 21 34 60
11 49 17 5 24 32 30 14 8 34 37 29 18 35 26 21 13 7 3 26
7 18 9 1 2 5 19 11 10 16 9 14 16 13 8 8 13 15 1 21
14 46 23 30 31 30 44 8 22 36 35 7 26 21 26 23 29 22 15 26
20 42 19 10 21 15 20 5 12 23 30 20 16 16 16 26 15 11 12 33
2 4 1 1 2 1 2 1 1 4 4 1 1 1 1 1 4 1 1 7
35 67 47 32 42 28 62 43 45 50 60 36 43 19 44 45 40 36 31 58
7 18 1 5 7 9 12 4 1 15 12 7 7 7 8 3 11 6 1 9
18 41 19 5 12 16 32 17 16 40 22 30 32 25 26 21 25 25 12 31
7 43 12 3 19 22 14 6 3 27 32 27 16 27 22 17 5 2 5 22
21 64 41 18 39 36 27 19 24 31 56 41 25 41 37 49 18 16 26 52
3 7 3 1 1 3 5 2 1 5 2 2 3 2 3 1 5 5 2 10
14 27 12 5 7 10 32 14 13 29 20 10 13 6 20 4 14 11 5 13
21 49 23 18 27 24 36 32 23 41 46 28 33 19 29 27 27 22 24 41
1 36 21 14 12 9 27 14 21 23 24 10 7 5 20 22 13 17 18 26
33 37 30 26 34 21 40 20 26 34 40 10 28 7 22 25 28 28 16 33
1 22 6 5 14 12 9 9 7 9 22 12 12 18 9 15 6 1 7 23
8 19 13 10 8 11 18 8 11 15 13 4 7 5 5 7 11 11 9 17
29 37 35 21 28 11 40 27 20 39 38 25 35 28 30 34 30 33 22 47
3 20 1 2 9 12 5 1 1 5 14 12 8 11 7 5 1 1 1 12
13 27 33 18 18 12 32 31 31 20 24 25 19 7 21 21 28 31 22 34
21 38 20 19 26 9 26 13 5 31 34 17 26 19 29 35 22 17 25 38
22 28 15 26 26 14 31 12 8 26 30 6 24 5 14 24 20 17 18 18
10 20 7 9 10 9 20 8 4 21 19 9 10 6 13 2 13 7 2 11
13 26 19 7 9 14 17 18 14 30 24 19 19 22 16 12 16 16 8 33
32 42 35 35 34 28 44 27 30 42 45 22 37 18 34 34 32 36 27 42
11 33 26 17 25 26 18 5 18 14 33 18 20 19 9 20 10 15 13 35
13 34 15 6 21 15 31 18 13 22 31 12 20 17 19 18 20 9 4 33
6 31 8 8 17 18 15 8 6 20 31 22 22 29 21 18 5 10 2 24
6 41 27 17 24 22 31 13 24 19 37 11 14 11 16 20 13 20 13 35
7 30 19 9 10 18 25 15 20 25 20 10 15 19 10 11 15 21 6 33
14 39 16 16 20 17 30 1 11 24 26 13 18 13 21 19 12 13 7 18
14 14 13 7 11 13 20 14 12 20 15 22 21 14 10 7 18 16 1 24
23 27 16 13 17 10 36 16 11 26 21 11 21 3 11 14 26 18 8 30
10 7 17 4 3 5 16 15 14 12 8 13 14 1 1 7 13 14 6 24
7 25 11 3 1 10 20 8 9 19 9 11 13 13 13 10 8 16 5 18
26 52 51 29 35 20 49 28 39 42 50 32 37 30 34 39 39 50 31 64
10 38 7 12 21 15 29 12 12 27 27 16 24 15 23 19 15 1 16 17
1 8 2 1 1 1 5 1 1 1 3 2 1 1 1 1 1 1 2 8
21 48 21 29 33 18 46 15 17 46 37 24 39 22 32 33 34 25 20 38
32 49 40 23 30 24 43 29 42 41 47 18 25 8 24 30 29 25 26 44
2 16 9 8 5 9 19 2 7 14 13 3 5 2 6 1 5 12 1 8
27 51 17 27 38 27 37 13 7 27 47 23 34 23 28 33 27 15 23 40
1 40 15 6 17 21 18 9 5 26 31 25 15 25 27 23 5 1 13 18
15 56 38 30 41 41 49 17 29 32 45 24 44 40 34 41 33 25 22 50
34 65 33 16 36 38 49 34 17 56 58 38 32 38 36 36 23 24 14 49
6 19 5 7 11 12 17 4 6 11 14 11 12 10 7 4 10 10 1 11
41 59 37 25 44 36 51 46 43 45 60 19 31 18 32 40 43 20 31 57
36 62 50 42 43 27 51 31 29 55 63 36 40 34 48 46 38 50 38 57
4 40 11 10 18 24 29 17 15 23 26 17 23 30 27 21 20 8 9 25
25 45 30 35 42 29 31 14 16 26 50 22 33 19 31 36 24 21 29 33
3 22 3 1 1 4 18 7 7 11 10 1 1 1 8 3 1 3 4 7
6 8 4 4 5 2 12 2 1 9 5 1 5 1 1 2 10 5 3 11
23 33 25 15 17 24 32 18 16 35 29 20 21 12 15 11 23 22 8 30
20 40 17 11 22 12 28 13 14 31 38 5 12 12 29 16 11 7 9 18
15 30 15 5 12 10 17 16 16 23 24 9 11 11 17 14 9 6 14 24
7 34 18 8 13 7 21 11 10 20 25 21 21 16 20 27 13 18 18 34
25 50 20 22 21 25 54 27 22 51 34 17 36 12 24 24 32 27 21 32
10 16 7 8 9 5 24 7 6 14 12 8 12 1 12 10 17 10 6 14
1 13 9 4 1 11 4 4 4 9 8 7 1 9 10 5 1 1 7 9
7 12 8 3 4 9 15 3 6 11 6 4 7 3 3 1 11 10 2 12
14 26 13 12 20 14 14 2 10 9 24 8 5 5 8 14 9 3 4 20
1 8 3 1 1 3 2 1 1 4 2 1 1 1 1 1 1 1 3 5
29 44 30 26 22 37 44 29 27 51 38 26 37 17 16 21 36 38 14 49
8 15 7 8 9 1 11 1 1 9 12 4 8 5 11 9 1 5 1 9
43 63 36 43 61 50 45 36 31 28 69 26 43 36 30 54 45 29 39 75
27 37 26 18 30 21 27 12 12 21 38 27 30 21 23 23 21 17 18 38
1 13 9 5 1 9 11 6 6 5 8 7 4 7 9 9 6 6 9 10
18 26 23 17 15 11 33 14 16 30 22 16 21 13 25 22 21 18 16 22
24 63 27 24 35 36 37 13 22 33 46 19 28 20 17 32 23 17 20 44
5 20 3 1 6 8 7 4 3 14 11 11 9 11 9 5 5 5 3 11
32 58 50 25 43 16 43 34 32 34 55 48 42 34 37 51 37 41 32 71
11 28 20 10 14 18 19 16 14 23 28 18 13 15 16 8 15 14 9 30
14 47 29 14 27 21 25 14 11 33 42 26 14 26 36 32 7 9 13 27
29 58 30 29 36 34 49 36 31 52 54 23 45 30 23 37 38 42 25 64
21 33 16 18 23 9 28 7 11 22 27 1 12 3 15 18 12 11 6 18
2 11 1 2 7 3 11 12 7 10 15 1 5 10 8 3 8 1 2 14
1 8 1 1 1 4 3 4 1 3 3 1 1 6 3 1 1 1 1 9
1 8 1 1 1 5 4 1 1 1 4 3 1 3 5 1 1 1 1 6
8 21 12 13 16 9 14 17 11 15 25 9 12 12 10 11 11 6 12 25
31 52 39 35 51 28 35 18 25 22 57 25 32 27 33 53 29 15 34 53
21 62 36 17 28 38 21 12 16 30 51 42 33 46 35 35 10 21 25 48
5 23 8 7 15 16 15 6 2 13 25 16 11 19 16 10 7 6 3 19
14 30 14 10 17 15 28 15 17 25 27 9 17 7 21 11 9 10 12 8
3 25 6 2 7 15 10 1 4 15 15 17 12 17 12 6 5 7 3 11
26 53 35 27 29 35 43 13 29 39 42 22 14 22 27 26 29 20 13 39
19 63 44 35 40 24 55 29 42 37 53 19 23 12 43 41 33 29 34 43
20 59 30 16 32 41 34 19 14 35 51 39 28 41 37 29 13 11 22 33
19 46 19 8 22 15 35 17 21 28 37 10 24 17 18 25 23 11 9 41
31 70 45 29 45 43 50 32 38 39 63 36 50 46 40 49 37 31 27 70
34 54 16 12 23 23 43 28 14 57 41 23 42 22 34 29 35 28 25 34
15 46 12 1 21 23 24 16 17 19 35 12 17 15 20 18 7 6 11 22
31 51 27 17 32 30 38 35 25 48 55 32 41 32 31 28 28 20 19 51
9 16 9 8 9 5 21 11 8 16 16 10 12 4 10 5 10 11 3 13
23 27 24 21 19 11 34 11 17 30 25 8 20 3 23 20 23 19 15 21
23 48 35 33 30 32 45 13 30 42 40 17 27 13 32 25 25 33 21 21
8 25 14 9 12 7 16 8 8 14 22 12 12 11 11 15 4 9 7 25
15 30 22 23 29 18 25 12 16 19 34 18 24 17 21 25 16 18 18 33
12 39 16 16 15 20 33 14 19 27 32 11 15 13 25 11 6 17 11 14
19 42 23 20 27 19 42 15 24 32 40 1 17 8 18 16 18 19 9 31
34 68 47 47 59 35 57 29 37 47 65 33 46 26 41 58 45 31 43 65
11 26 17 11 13 13 17 1 9 14 20 8 8 8 16 11 2 11 6 10
10 20 15 10 7 5 24 15 11 22 17 14 16 11 14 14 11 14 9 24
30 55 39 27 34 23 45 35 40 35 45 28 21 14 36 39 35 21 36 48
11 23 11 13 13 3 20 4 8 25 23 7 15 7 19 14 7 11 8 9
3 15 1 1 12 10 10 8 4 8 17 8 14 14 1 4 10 4 1 19
5 33 10 3 2 7 21 6 8 23 18 10 11 10 16 13 7 11 9 19
1 10 7 6 8 6 9 3 3 4 11 10 9 9 7 6 4 4 6 12
4 16 3 4 3 5 15 7 4 10 9 9 9 12 7 8 7 8 3 18
10 37 33 25 35 17 37 34 30 22 43 22 30 26 32 36 29 24 17 49
4 26 9 5 14 10 19 14 9 16 20 11 17 15 11 18 15 7 12 24
26 58 37 14 38 33 31 17 22 35 54 34 29 43 35 36 26 18 16 50
1 11 1 2 2 4 9 1 1 3 5 4 3 2 1 1 3 4 1 7
27 36 27 10 21 25 29 21 25 32 34 28 31 25 15 19 26 24 4 48
16 38 13 9 22 23 14 3 11 18 28 19 18 19 11 15 11 8 3 27
22 49 21 15 25 24 38 19 16 40 42 13 22 13 36 21 20 11 20 18
35 60 36 45 52 40 43 29 27 37 64 40 46 35 42 48 36 29 45 56
7 20 7 6 4 7 20 7 5 21 10 13 11 13 17 10 11 10 2 13
4 37 8 1 12 18 20 4 1 24 22 15 10 16 18 9 11 4 3 16
31 66 41 30 44 41 35 6 23 37 62 35 41 45 36 38 22 32 17 55
21 58 32 33 39 38 45 3 19 35 45 22 38 34 34 33 28 26 23 40
16 43 29 24 31 30 33 28 21 39 49 21 34 37 35 31 27 21 12 44
14 45 37 30 31 24 36 17 31 27 43 16 19 22 28 29 17 28 19 39
17 43 27 23 23 12 36 29 23 34 44 25 24 20 35 28 23 26 25 43
14 33 23 8 12 22 31 13 14 28 23 24 19 16 20 10 14 20 3 21
32 75 38 36 46 46 40 15 18 44 63 34 40 34 36 48 27 25 28 54
19 59 37 15 26 31 36 22 25 46 54 31 22 37 38 27 13 24 19 39
10 28 17 13 18 2 24 20 18 15 30 4 9 6 18 24 14 7 17 30
1 8 2 3 2 2 6 1 1 9 5 7 6 7 5 4 4 4 2 7
38 48 41 21 28 22 51 26 38 52 45 16 37 7 25 26 29 34 16 40
28 59 20 15 33 33 46 27 27 38 49 14 33 18 20 27 29 18 16 43
22 39 23 23 27 21 29 5 15 27 32 10 24 8 19 21 14 17 14 21
2 41 19 19 19 21 34 1 15 28 23 16 21 17 27 21 13 14 15 12
29 65 45 40 43 45 53 22 42 44 58 21 41 32 42 40 25 36 36 40
13 13 12 14 18 4 23 12 9 16 24 4 18 8 8 12 15 10 6 21
20 52 39 30 31 39 38 9 24 46 50 26 31 37 36 28 23 31 18 41
29 39 20 14 22 22 29 15 14 33 30 15 15 11 13 18 28 14 7 36
8 14 5 1 10 3 5 2 2 9 12 10 11 8 1 6 7 5 1 18
22 32 27 17 23 18 39 26 26 34 36 20 30 16 25 27 26 23 14 34
17 47 15 14 27 24 33 14 3 38 40 22 29 30 29 29 24 13 13 37
25 56 43 36 47 29 49 20 39 32 52 7 29 18 36 48 35 21 27 42
16 40 31 23 29 11 44 28 27 29 39 23 27 11 29 32 28 27 24 37
23 60 22 21 44 38 41 19 12 38 51 21 27 31 32 37 26 9 11 35
40 59 43 41 45 54 55 26 35 51 54 31 52 32 28 34 46 45 26 58
13 17 10 14 16 9 22 7 4 16 20 5 15 5 8 8 13 12 5 18
13 30 17 6 15 18 10 1 9 16 23 15 9 15 12 11 9 5 4 22
15 61 46 41 51 38 45 27 40 32 66 29 40 39 42 45 32 32 31 57
29 73 43 24 40 44 36 23 36 37 65 33 32 36 36 45 22 19 31 59
7 53 25 16 23 36 41 19 26 37 41 21 25 36 33 21 24 22 6 36
7 15 9 9 9 9 18 1 5 8 12 5 5 5 11 7 8 9 5 11
15 50 43 27 30 33 46 36 38 42 50 27 40 39 39 37 28 37 18 51
25 51 45 36 39 32 52 24 39 40 49 25 34 13 33 38 33 41 29 36
17 39 16 18 27 27 26 11 13 23 38 23 30 27 14 19 16 19 7 41
1 5 1 1 1 1 1 3 1 4 2 1 1 1 2 1 1 1 1 2
20 46 26 16 20 20 43 15 25 37 31 12 22 9 16 14 26 23 8 36
27 55 25 17 31 28 39 15 23 36 36 24 28 19 21 28 31 15 17 40
7 45 27 17 16 25 39 17 20 36 32 18 13 18 36 23 15 15 20 15
36 47 23 22 31 36 41 32 17 51 42 29 39 31 26 30 35 31 19 48
24 44 51 35 31 28 58 41 52 43 50 22 32 12 39 31 37 44 28 46
25 64 45 31 46 35 45 30 28 33 61 40 50 49 52 58 34 33 34 65
34 48 33 8 31 23 28 29 23 41 48 35 46 31 31 35 25 25 33 48
3 26 9 3 11 18 14 3 7 11 16 16 13 16 8 11 7 8 6 18
8 32 20 16 21 18 30 14 18 20 30 11 19 19 19 23 14 13 12 24
10 40 20 4 20 27 29 27 26 25 38 19 26 27 19 16 16 12 11 38
28 61 20 17 28 37 48 28 23 53 40 13 34 11 34 30 32 23 31 25
15 43 22 19 24 18 40 23 24 33 38 8 22 12 29 24 18 12 23 21
14 26 16 23 22 13 24 18 13 21 30 16 21 11 15 23 20 19 19 30
18 47 18 13 23 25 34 12 14 23 34 16 25 16 27 22 12 12 17 22
14 40 11 17 23 27 30 10 10 27 36 12 21 11 14 12 13 15 7 24
25 42 28 18 21 10 37 12 24 33 34 9 22 5 25 28 18 21 16 26
10 16 4 1 3 1 23 15 9 21 13 3 9 2 7 1 14 7 3 15
1 10 8 6 2 5 10 4 4 5 9 1 1 3 9 5 1 3 5 6
3 13 3 3 1 3 15 4 2 10 4 2 4 2 8 6 9 6 4 7
27 51 26 26 36 31 39 17 20 30 49 26 37 29 39 35 24 22 25 31
23 50 29 12 19 30 49 30 38 46 40 22 34 22 28 22 29 30 9 42
3 10 6 2 4 2 8 7 4 12 10 7 8 5 3 4 7 5 5 13
7 25 15 14 16 14 13 7 8 18 26 21 19 21 21 20 5 10 11 20
21 48 24 11 31 30 36 12 9 35 40 29 18 27 34 27 13 12 5 20
20 41 19 22 21 10 37 17 14 38 36 14 28 13 30 29 20 18 21 29
11 36 15 1 6 6 23 9 8 28 19 15 17 17 23 17 8 17 15 18
23 64 47 44 40 39 56 15 40 52 48 26 39 23 49 46 36 41 36 40
34 67 34 28 41 39 49 23 28 48 59 27 39 24 46 38 28 24 33 35
8 26 17 14 10 18 30 5 12 20 17 8 8 10 18 11 12 18 6 10
30 60 50 42 53 31 39 26 38 19 64 38 32 26 39 51 29 26 42 57
5 15 1 4 6 4 10 5 3 16 10 5 8 7 7 3 8 3 2 9
1 9 1 1 1 1 9 2 1 8 7 1 2 1 2 1 5 3 1 2
1 17 8 6 2 8 12 10 8 12 14 5 1 6 14 6 3 4 10 9
18 47 28 24 24 30 40 23 21 41 36 24 26 20 29 30 31 28 24 35
2 12 7 5 5 1 8 6 6 7 10 1 1 1 3 4 3 2 6 12
17 41 33 29 29 24 41 21 34 35 44 11 24 10 27 28 19 25 22 24
2 17 3 2 4 8 11 1 2 4 6 7 6 7 5 3 4 5 3 10
1 12 6 1 5 8 16 9 9 5 8 1 6 9 2 5 9 7 1 13
1 10 5 3 3 6 10 3 4 5 5 4 3 4 3 1 5 6 4 7
1 23 1 1 1 10 11 1 1 9 8 8 3 8 8 1 1 3 1 8
15 28 26 18 23 20 26 17 18 11 28 25 24 16 19 27 19 18 22 35
22 47 47 34 39 25 51 37 42 34 51 24 31 21 45 40 39 36 29 45
12 39 23 17 22 26 32 14 19 31 36 13 20 27 26 17 17 18 5 30
17 43 18 14 24 17 31 13 16 28 37 13 21 12 30 24 12 11 19 19
40 83 58 40 56 44 67 36 40 65 73 49 49 33 58 59 43 45 35 56
3 17 2 5 5 4 13 3 1 12 12 5 4 6 10 2 6 2 2 5
8 7 11 10 11 2 16 10 6 10 16 2 7 7 7 9 10 8 6 16
49 68 51 35 41 35 55 24 42 56 56 37 39 28 45 46 36 41 30 48
18 72 44 35 48 43 51 35 36 52 72 40 36 33 48 41 29 31 31 48
5 9 7 4 6 8 11 5 4 5 9 9 10 6 5 4 8 8 5 12
4 22 3 6 10 13 11 1 1 14 19 11 6 10 12 2 5 2 1 9
30 44 37 21 31 30 45 22 19 47 43 31 30 21 33 31 26 22 12 30
42 58 45 36 43 33 55 34 35 50 59 34 49 18 31 50 36 38 26 65
7 33 17 5 9 21 18 3 8 19 19 17 6 19 16 9 5 10 4 17
24 76 42 32 47 42 61 43 46 57 65 26 50 38 44 48 46 36 30 67
41 76 53 49 57 39 65 40 49 53 77 20 43 27 48 60 44 46 38 65
3 20 7 4 1 9 24 6 8 16 9 5 4 5 12 3 6 10 1 5
21 57 38 27 31 32 43 6 28 39 45 12 23 13 32 29 22 29 17 28
1 13 5 1 1 7 10 1 3 1 4 1 1 1 1 1 1 4 1 4
3 22 13 7 12 14 11 6 11 9 17 10 10 9 5 11 4 7 9 14
29 44 30 19 31 25 47 20 26 33 40 17 33 15 19 28 29 26 8 44
35 50 28 18 30 18 49 25 26 47 41 25 42 14 31 32 31 21 17 40
42 59 53 48 46 42 67 48 48 64 66 34 51 30 42 48 51 58 30 73
1 10 3 3 3 3 7 1 1 5 7 3 2 1 4 1 3 2 3 8
1 31 11 5 6 13 21 10 14 14 19 6 7 5 14 12 4 8 12 12
15 40 20 16 21 23 28 5 14 29 35 13 15 12 21 12 11 19 4 18
24 45 31 22 35 18 35 9 18 29 36 22 33 17 25 37 23 17 23 38
27 54 43 15 31 24 36 39 38 42 56 32 29 28 44 38 26 28 30 49
13 23 12 7 12 7 27 6 8 22 16 13 18 5 15 11 15 14 2 12
9 17 1 7 9 6 14 3 1 15 13 4 8 6 6 2 10 4 1 15
2 13 8 7 5 4 17 3 3 7 9 7 7 6 11 12 7 4 8 9
7 33 24 15 17 24 21 5 13 21 30 19 13 19 22 15 3 12 10 16
1 10 1 1 1 1 9 1 1 4 1 1 1 1 3 1 2 1 1 1
19 42 23 18 25 18 43 15 20 35 28 26 37 19 25 28 24 22 17 29
27 58 22 17 28 36 48 33 28 49 44 9 30 16 29 28 32 25 29 35
15 37 18 10 14 23 33 16 16 36 31 19 15 14 24 5 16 15 5 17
32 64 45 38 40 32 59 34 39 62 57 34 45 29 54 45 42 38 35 43
4 8 2 4 5 4 8 1 1 7 6 4 4 6 5 1 8 4 2 5
1 15 9 8 7 4 11 7 5 10 16 5 4 5 12 7 1 1 7 9
4 10 1 6 6 2 13 4 1 11 10 1 3 1 7 1 8 4 1 7
28 67 47 34 44 34 70 35 50 60 57 24 52 33 47 45 46 42 25 52
5 39 18 11 16 15 16 6 10 18 26 15 11 18 22 23 7 2 12 25
14 36 19 10 16 20 34 12 17 30 18 24 30 18 15 19 25 18 12 29
13 42 38 36 38 25 48 26 36 23 48 9 22 17 31 33 31 29 19 43
17 23 13 6 17 12 20 12 8 18 21 23 27 17 5 12 18 12 6 32
21 60 31 11 24 34 38 18 21 50 47 34 32 32 25 18 21 27 7 45
4 38 15 13 13 23 27 5 15 26 17 15 14 23 23 17 15 13 13 19
28 58 27 36 44 43 36 29 21 33 53 29 39 31 28 40 31 29 36 48
4 26 11 10 13 9 19 7 6 17 25 8 8 8 19 14 4 6 8 12
7 24 14 5 8 8 7 1 1 24 20 17 12 20 24 12 1 8 5 10
28 63 43 24 41 53 58 38 35 54 54 40 49 42 39 41 45 32 15 56
15 36 18 19 25 13 33 18 18 25 37 10 21 7 24 20 14 14 17 26
33 39 43 28 31 23 48 33 39 34 41 27 28 5 28 37 38 32 23 50
20 44 17 12 25 18 31 13 16 33 40 13 27 17 25 18 12 15 12 28
3 12 4 1 5 6 4 1 3 10 7 9 8 8 5 4 4 3 4 8
19 47 35 17 28 28 48 39 35 45 44 32 36 32 43 33 33 19 26 43
4 12 1 4 5 5 11 1 1 6 7 2 4 2 5 3 7 1 1 3
12 42 27 27 31 31 46 18 28 32 39 6 27 24 24 25 32 22 11 34
32 51 29 16 27 24 42 25 22 50 43 34 44 25 20 24 31 38 19 49
25 46 22 27 34 31 39 10 19 30 38 18 30 14 28 27 23 24 15 24
17 54 28 6 21 33 27 23 20 39 45 32 26 35 32 25 10 17 17 36
18 41 28 18 24 11 34 26 24 29 35 26 27 21 28 33 30 26 23 49
3 12 2 2 1 3 15 8 6 13 6 4 6 4 6 1 6 7 2 8
3 30 7 5 10 16 21 5 6 17 12 12 13 14 16 12 14 9 10 12
6 17 7 5 7 9 16 1 5 10 7 1 6 4 8 8 10 5 7 10
21 46 34 27 25 28 56 20 33 50 33 29 38 18 27 25 38 33 15 40
4 21 13 14 11 7 22 3 6 16 10 5 10 7 20 19 11 5 14 7
1 16 5 4 4 6 11 1 1 6 9 7 3 7 11 6 3 2 4 9
4 23 5 7 12 11 13 7 3 16 23 12 8 13 15 5 5 2 4 13
2 13 6 2 3 9 11 2 5 6 7 2 2 4 3 1 5 7 2 7
31 73 37 33 47 40 52 20 24 58 58 29 34 37 47 47 30 23 22 39
15 32 12 16 21 15 26 21 14 22 31 8 17 4 10 16 18 15 18 31
24 68 46 40 46 47 51 16 26 46 58 39 41 37 48 45 34 29 35 44
1 19 2 5 9 7 12 4 2 9 17 7 7 5 10 5 1 1 1 6
5 15 7 1 4 8 15 7 6 11 6 4 6 6 6 4 9 10 5 8
2 12 6 5 10 8 8 1 1 1 14 7 6 7 6 7 2 1 4 15
15 17 16 5 8 14 20 13 14 21 14 17 17 8 8 5 19 16 6 21
5 24 10 9 7 11 19 12 11 18 18 7 4 8 17 11 9 6 12 11
7 21 8 9 10 9 21 3 5 11 13 5 6 5 14 10 8 9 3 9
13 22 13 7 14 7 11 9 13 12 21 1 1 2 4 11 7 1 8 23
17 39 28 23 30 24 45 18 31 36 42 10 31 18 21 18 27 28 7 30
7 34 19 12 13 12 28 17 19 17 28 9 4 6 26 17 8 11 17 20
29 44 16 13 20 17 34 20 7 44 32 22 33 24 23 25 30 26 17 44
47 60 43 21 43 50 49 37 27 64 58 62 51 41 43 44 37 37 17 57
11 14 6 11 11 7 22 7 5 14 13 5 10 1 8 6 15 9 1 12
16 50 45 27 27 28 39 22 34 44 48 34 29 29 36 26 29 40 21 51
35 48 38 24 28 39 45 19 34 41 41 28 27 14 18 22 36 31 6 45
43 52 48 27 43 25 43 34 32 47 59 39 42 37 35 44 41 35 26 70
3 13 4 1 7 7 10 4 2 7 9 10 11 6 1 3 7 6 1 14
1 20 16 7 7 18 10 7 6 16 18 16 4 17 18 10 4 4 9 11
1 16 2 1 4 7 7 2 2 4 10 6 5 3 1 3 1 2 2 10
1 7 5 1 1 1 4 3 2 1 4 4 2 5 3 4 1 1 5 9
23 31 25 14 16 14 27 25 22 33 33 17 18 13 18 16 20 15 9 41
1 32 9 9 10 20 20 2 12 20 22 7 7 9 10 1 6 10 1 11
25 65 42 21 31 28 45 11 19 54 53 31 27 31 46 36 20 32 22 31
1 18 8 8 13 14 17 14 11 8 20 9 12 21 17 12 11 4 1 18
1 36 21 19 13 17 33 12 23 26 24 4 11 9 23 17 15 15 18 15
7 50 34 31 38 28 39 24 34 22 53 20 23 22 27 30 24 26 25 48
4 5 11 7 6 1 6 9 8 4 8 3 3 3 6 9 7 8 11 19
35 53 35 24 38 40 44 27 29 39 56 41 46 40 43 32 30 26 26 43
22 37 23 16 25 19 30 6 15 28 33 23 34 19 26 27 17 28 13 27
1 12 4 3 2 10 11 1 5 3 6 5 4 5 4 1 3 8 1 3
5 21 12 6 15 11 21 6 13 7 23 1 4 6 5 9 8 8 1 20
20 67 28 32 44 48 49 37 31 48 67 27 36 37 34 35 30 28 28 54
23 31 36 16 17 19 38 32 30 40 37 22 23 9 36 22 22 23 20 23
27 67 40 30 39 35 48 7 25 37 51 26 42 31 37 41 26 32 24 48
32 50 20 38 39 32 50 21 17 45 43 12 38 17 36 38 37 29 32 31
9 34 17 18 19 14 27 6 10 22 21 13 19 15 26 24 13 9 18 18
23 63 35 27 47 31 49 34 40 40 56 22 40 30 36 47 42 16 29 61
13 21 14 6 5 4 27 12 10 27 11 18 25 9 12 16 22 15 7 29
2 14 4 1 3 10 4 2 1 12 9 8 2 10 9 1 4 2 3 4
34 57 59 27 45 37 50 42 40 42 61 49 28 31 45 47 26 34 20 55
7 31 4 1 13 16 7 6 4 15 24 19 15 19 13 10 2 2 6 19
41 55 49 28 41 41 43 19 27 36 53 41 42 32 39 42 28 31 24 48
4 22 7 2 8 3 13 1 3 8 8 1 4 1 8 12 6 1 7 9
1 9 1 1 1 4 7 1 1 1 4 2 1 3 3 1 1 2 1 5
8 28 9 1 7 13 20 9 6 25 18 19 15 14 15 6 15 9 2 14
6 30 15 8 14 24 18 6 8 18 23 23 17 23 17 13 8 11 8 19
35 58 42 25 39 23 40 25 17 54 60 31 32 36 47 42 24 29 26 46
19 34 16 14 19 10 26 10 12 25 21 10 21 9 12 25 23 11 14 32
6 27 15 9 8 17 18 2 8 18 18 10 5 13 13 7 6 8 5 15
16 46 34 14 33 26 31 27 18 30 48 34 16 35 35 35 12 13 12 40
12 32 13 7 14 13 20 2 4 22 25 24 25 21 21 19 7 14 4 24
16 40 10 13 12 19 38 16 17 36 27 9 21 7 15 8 18 20 6 24
28 70 55 28 47 42 47 31 37 46 65 49 33 40 41 44 30 37 22 61
31 56 45 32 43 46 66 48 52 51 62 24 50 26 35 37 46 37 20 63
3 22 13 6 12 18 16 14 13 10 24 11 9 19 14 11 10 8 8 25
17 62 46 39 49 40 55 32 41 35 64 23 32 31 41 41 41 35 23 60
7 33 12 13 12 10 32 4 9 26 19 1 9 3 22 14 11 9 11 5
8 31 7 14 18 11 23 11 5 23 24 12 22 18 17 20 17 6 12 26
8 19 6 10 9 13 16 6 7 17 14 2 7 1 2 3 9 9 2 10
15 29 17 10 13 7 18 5 8 18 22 13 13 13 16 19 5 13 7 23
2 14 1 5 10 8 13 1 1 3 13 6 7 5 5 3 6 3 1 8
20 48 28 24 31 21 37 13 22 29 36 17 17 14 27 35 23 7 22 35
6 30 13 7 7 16 30 16 19 22 22 10 11 11 12 2 11 17 3 19
17 38 34 13 13 19 32 17 28 26 25 15 11 7 17 22 22 22 13 37
5 15 9 3 7 2 6 2 4 1 12 3 2 2 1 9 1 1 4 17
33 50 25 24 23 26 52 27 21 53 36 27 43 18 26 31 38 39 18 39
41 69 53 33 48 57 50 29 41 50 65 45 54 47 33 44 44 39 20 76
5 17 8 1 1 8 12 4 5 13 7 11 11 12 9 9 7 12 6 14
11 21 9 2 10 9 17 12 9 16 15 11 15 12 3 3 14 10 3 27
11 29 11 2 14 12 16 7 10 11 19 13 14 10 3 11 7 10 2 23
20 41 22 14 20 14 27 1 7 31 33 18 23 18 32 25 14 20 14 20
35 55 39 28 33 27 44 22 36 40 47 22 28 18 33 35 24 25 26 42
3 9 2 2 1 1 14 5 2 8 5 3 4 1 4 1 6 6 1 5
22 38 22 15 23 14 32 13 22 27 33 8 19 6 24 18 10 15 16 13
1 16 2 2 1 6 19 2 3 7 6 1 1 4 8 4 6 6 1 9
44 53 51 44 48 31 56 39 41 46 61 25 35 15 37 49 48 40 30 61
20 53 21 20 31 43 45 31 22 47 50 13 24 28 27 19 28 24 16 33
2 10 3 1 1 1 8 1 1 5 1 1 1 1 1 4 4 2 2 10
42 63 36 20 34 40 56 37 34 62 56 29 47 19 33 29 37 40 23 50
29 52 23 19 37 36 27 10 5 27 46 31 30 29 23 28 22 14 13 41
1 9 1 1 2 5 3 1 1 3 8 6 1 5 5 1 1 1 1 2
3 27 1 5 6 9 19 6 2 17 19 4 3 6 14 2 6 1 1 9
2 37 20 11 13 17 30 17 15 26 28 13 4 13 35 20 9 7 19 12
8 19 9 8 10 7 23 13 11 19 21 4 10 9 12 4 10 10 5 17
24 65 22 23 33 34 47 15 19 50 51 22 44 26 27 32 29 32 25 42
16 46 17 10 18 26 35 17 22 34 31 25 29 21 19 16 17 21 11 27
39 75 48 45 56 48 54 14 34 46 63 34 43 35 38 54 39 28 31 61
5 14 5 1 9 12 11 8 6 8 13 12 13 14 5 5 9 10 1 16
29 51 28 25 37 31 32 10 17 34 47 19 28 15 27 28 21 21 16 32
8 28 6 7 7 6 33 8 10 24 13 2 11 3 18 8 15 8 7 9
6 29 7 12 17 24 19 1 6 18 26 15 15 15 10 7 8 9 1 15
26 66 32 26 38 46 55 34 21 55 58 27 22 32 40 36 24 20 22 34
10 40 12 3 18 22 32 23 19 31 30 6 19 20 32 19 22 5 17 16
5 29 13 8 10 20 18 9 9 26 23 17 8 21 22 7 7 8 5 10
11 23 21 13 12 14 36 20 23 25 23 7 14 10 13 8 16 22 5 22
10 39 21 16 14 24 34 8 17 36 28 12 14 18 20 6 17 19 3 26
35 46 37 21 35 26 54 36 35 49 47 26 47 15 38 40 36 28 31 38
36 81 36 23 45 45 49 24 28 60 66 36 50 41 42 39 32 36 29 49
31 45 40 24 27 22 42 27 37 36 36 22 19 9 19 31 33 25 19 50
8 26 13 12 13 17 18 15 12 21 24 9 12 11 11 9 13 13 10 24
4 21 7 5 8 7 15 1 1 7 12 9 9 9 10 9 2 6 2 15
4 6 8 2 4 1 4 6 3 1 11 1 1 1 1 5 3 2 4 19
3 30 20 9 21 25 23 13 21 12 28 7 16 19 9 13 16 15 4 33
24 64 39 25 35 47 38 18 28 40 59 41 36 45 38 30 21 26 27 51
26 52 36 25 29 23 33 11 24 39 48 20 17 16 37 36 17 15 21 30
18 59 32 28 30 32 50 35 33 49 50 27 31 25 31 30 37 33 25 52
6 37 12 8 7 8 28 4 7 30 19 9 15 14 27 18 7 14 10 12
15 44 15 11 20 18 24 8 14 23 34 19 17 19 22 20 8 12 5 26
3 31 11 7 5 13 25 8 14 20 16 6 8 3 12 8 7 10 10 9
1 10 3 1 1 6 7 1 1 7 2 4 1 3 4 1 3 4 1 8
38 52 33 25 37 25 41 14 23 39 46 26 41 18 17 33 27 32 14 48
12 38 24 15 19 23 37 14 22 30 25 20 29 19 12 18 26 21 12 40
9 17 12 6 9 10 21 7 9 15 13 9 11 5 8 3 11 14 1 10
14 59 39 29 28 33 48 13 33 46 39 27 28 28 36 35 30 29 23 42
11 21 9 1 2 1 14 5 5 16 7 10 11 7 7 10 9 10 1 21
19 34 16 5 9 12 26 15 13 36 23 26 26 19 20 12 19 21 8 29
2 15 1 2 3 3 13 1 1 11 4 4 7 4 5 7 7 1 3 4
28 61 41 22 42 48 36 20 25 39 60 39 38 39 49 40 19 16 35 32
6 18 6 9 11 9 13 1 3 12 15 5 7 5 10 4 4 5 1 5
12 33 19 9 17 22 22 15 14 24 28 23 22 18 12 13 16 14 10 32
40 52 60 45 43 29 64 33 52 47 51 34 38 10 38 53 46 46 34 58
9 51 17 17 25 33 35 6 17 35 32 27 30 31 24 23 25 19 15 34
19 40 22 9 20 22 30 17 20 32 36 7 16 8 30 15 10 14 17 11
1 44 19 14 19 33 29 1 13 26 32 17 14 24 22 14 11 16 3 17
22 48 26 18 22 21 36 7 19 31 29 20 21 17 25 29 21 18 13 32
35 49 35 18 34 28 31 15 18 43 48 39 28 31 31 29 26 19 11 44
10 23 5 11 12 8 19 5 3 18 18 8 12 7 8 8 9 6 2 15
24 51 39 26 32 23 41 25 33 33 49 25 16 13 29 26 27 21 21 43
45 51 38 46 50 39 61 46 42 51 59 26 54 27 38 48 51 51 37 63
2 11 4 1 1 5 13 2 4 5 2 2 3 1 1 1 5 8 1 5
33 54 36 18 30 33 40 15 24 43 45 41 35 29 31 37 28 26 9 47
1 22 1 1 7 14 11 4 4 10 12 12 8 12 9 5 6 7 1 8
4 16 14 8 7 6 22 12 12 12 8 2 7 4 13 15 16 12 14 18
2 10 2 3 6 6 4 1 1 6 11 6 5 7 5 1 4 1 2 8
3 5 2 1 1 3 11 3 3 5 1 5 6 4 1 1 6 7 1 10
38 63 49 34 41 31 69 48 47 53 59 24 40 8 42 41 45 43 35 52
18 36 20 16 16 15 45 19 26 33 28 4 22 9 27 19 19 23 15 17
1 12 1 1 3 7 4 1 1 2 5 6 4 6 3 1 1 1 1 6
6 14 3 3 5 4 14 7 2 13 9 4 7 7 5 3 10 6 2 11
18 59 30 17 36 41 53 32 34 43 55 11 33 24 37 28 31 21 16 33
44 62 34 35 44 32 53 24 28 50 56 18 35 11 30 41 39 27 28 45
10 35 15 7 18 24 29 26 22 27 34 18 25 28 27 14 18 11 12 30
4 20 4 1 4 5 15 9 7 12 13 6 7 4 11 4 5 5 8 9
21 47 33 21 30 17 37 22 32 26 48 10 24 19 27 37 17 15 17 42
5 41 14 6 10 22 17 6 12 27 29 20 17 25 17 9 5 18 4 27
41 45 41 28 35 34 59 54 47 51 51 28 45 13 36 36 46 39 33 53
32 64 41 33 42 45 35 11 21 37 59 50 46 52 45 45 28 30 35 57
12 44 28 9 18 27 27 15 21 29 34 16 8 24 19 20 13 14 6 32
17 41 26 9 26 27 32 20 12 39 42 31 22 36 33 23 13 15 4 28
27 43 23 25 36 23 28 18 19 27 45 19 21 22 20 33 22 6 15 46
4 27 5 8 15 16 19 11 11 16 26 9 12 15 11 5 7 5 2 15
1 12 1 1 1 1 7 5 3 12 6 2 4 3 6 2 1 1 5 9
27 58 25 17 38 32 37 19 17 31 53 33 40 40 34 36 26 17 12 52
30 57 24 34 42 41 41 16 13 29 46 29 41 29 31 41 35 22 35 47
15 47 34 23 27 17 43 30 28 35 43 33 28 17 40 33 27 26 27 38
12 55 28 31 42 20 41 33 32 31 52 32 37 30 40 42 31 17 39 49
25 49 35 22 33 31 41 15 29 38 49 10 21 19 30 23 24 23 7 31
6 14 2 5 6 8 14 6 1 10 13 2 5 6 5 1 9 4 1 18
13 48 21 21 24 29 34 6 14 35 39 20 22 23 24 17 15 19 6 22
27 67 38 22 37 44 60 31 45 53 50 21 43 33 41 33 41 33 28 46
12 31 17 22 20 11 35 21 15 28 27 6 15 10 26 23 24 11 21 29
25 42 24 22 27 14 42 26 18 41 43 15 34 19 27 35 26 28 22 42
53 68 52 39 49 42 77 37 50 68 63 20 54 4 39 45 51 48 33 48
6 25 13 8 15 17 16 20 14 17 27 16 15 20 14 14 12 10 11 29
13 32 10 5 21 14 9 2 7 11 28 9 11 9 4 13 7 1 6 24
10 26 19 7 12 13 21 15 19 13 25 6 8 10 8 11 9 11 3 29
17 33 39 30 26 10 45 31 33 24 31 28 26 14 32 35 30 35 28 40
1 9 1 1 6 6 1 3 1 1 10 7 6 12 2 1 1 1 1 11
31 62 23 21 39 31 35 15 14 31 51 25 37 25 31 38 24 10 25 44
27 32 26 19 27 27 48 34 28 31 35 20 38 14 17 28 40 26 13 50
2 20 7 6 3 5 13 10 8 12 16 6 3 6 14 6 2 2 10 11
14 30 16 10 16 14 26 18 15 26 27 15 23 14 23 16 11 10 15 19
4 16 7 8 8 4 14 1 1 9 11 4 6 4 13 8 1 3 3 3
21 52 31 25 25 25 52 10 29 48 37 11 28 16 34 22 29 32 16 26
4 13 3 1 5 3 7 1 1 5 7 7 7 5 1 2 4 4 2 14
19 48 32 11 27 32 34 25 18 35 44 28 7 31 37 24 5 10 9 23
39 57 56 36 36 42 57 17 44 52 50 27 38 27 38 37 38 44 17 49
35 73 40 34 48 45 61 33 36 59 66 18 42 12 52 46 38 34 43 28
19 24 22 11 12 15 33 23 20 25 24 20 22 9 14 12 18 22 7 32
32 64 30 26 43 35 45 18 14 52 59 35 46 41 45 44 30 31 25 39
11 13 3 11 11 6 17 4 1 18 12 3 13 5 8 6 12 8 1 12
1 18 5 5 1 11 11 7 5 15 14 10 4 10 15 1 6 6 5 7
30 64 30 27 40 40 43 21 29 36 55 20 33 27 21 27 25 23 19 52
8 27 6 5 14 12 19 10 8 15 22 6 12 10 2 5 10 7 1 22
46 59 43 35 41 33 50 44 29 60 58 42 47 35 42 47 49 51 38 69
17 34 14 1 15 10 11 5 1 29 28 29 25 26 18 15 13 16 5 32
9 23 21 12 9 8 32 22 23 21 18 8 9 1 18 15 17 19 17 22
28 56 30 25 36 34 41 18 13 47 51 34 41 30 33 39 25 26 21 40
6 8 2 5 7 4 8 2 1 10 8 2 5 1 1 1 10 4 2 9
41 60 44 29 35 22 49 23 32 52 56 21 38 18 39 38 27 38 30 46
10 45 16 6 16 25 32 12 17 25 27 12 22 11 20 18 13 12 18 17
28 57 35 25 28 22 51 15 27 63 44 34 44 31 53 37 35 34 29 29
23 57 35 5 23 31 31 21 17 43 42 38 16 39 41 33 7 16 15 30
18 48 26 17 24 26 34 12 17 30 39 23 27 21 31 27 15 16 21 23
12 17 20 12 13 2 14 13 15 7 20 8 7 8 8 20 11 10 11 35
28 74 42 22 41 40 48 19 19 56 60 45 42 48 56 49 21 21 29 39
23 45 34 21 27 25 42 24 38 38 44 7 25 19 23 21 25 25 21 42
29 61 31 19 31 33 48 23 33 50 52 17 32 18 45 31 22 29 24 21
12 44 31 18 20 29 47 28 33 38 35 22 27 23 27 23 29 25 16 39
25 75 38 32 47 44 53 17 34 50 59 31 44 33 53 46 29 26 38 33
43 58 45 24 43 45 54 38 35 54 60 46 35 35 37 37 35 26 11 53
35 58 40 15 38 49 42 30 19 45 50 45 34 38 30 32 26 22 16 44
10 27 10 4 20 20 21 18 15 15 25 14 23 22 10 12 20 11 1 32
5 34 24 11 15 31 23 7 16 21 29 22 15 20 14 11 10 17 8 23
11 17 10 14 13 2 18 6 3 15 19 1 7 1 10 9 8 6 6 16
1 12 3 1 1 5 10 1 1 3 1 1 1 2 3 1 1 2 1 3
26 73 51 41 50 34 49 10 39 52 62 29 44 30 43 56 31 36 35 51
29 61 27 29 34 36 48 22 18 52 51 18 31 22 38 32 22 24 25 26
7 31 24 15 20 13 34 36 30 24 36 16 23 22 30 23 22 16 16 39
25 58 35 28 35 30 40 8 21 42 41 22 20 23 35 37 24 10 21 33
6 17 14 5 6 6 16 5 9 10 14 1 1 1 5 6 3 8 2 16
23 54 42 32 40 37 38 10 25 31 55 28 43 43 32 43 24 34 27 56
35 74 52 32 44 58 51 16 34 47 57 41 45 49 43 40 39 41 30 58
5 9 6 3 5 6 6 2 4 4 7 1 2 2 3 3 5 3 5 11
30 61 35 24 44 34 45 28 28 42 62 17 22 24 40 37 25 6 17 38
5 5 10 9 8 1 8 4 4 7 12 4 4 1 7 8 4 3 7 7
7 22 12 1 4 14 16 8 10 17 9 18 15 14 9 5 10 13 5 20
16 36 27 10 13 14 33 14 17 30 23 17 16 9 23 20 19 15 11 25
18 38 27 15 20 19 31 20 25 29 33 16 23 22 20 27 23 24 15 45
32 60 28 21 33 29 44 30 33 41 48 31 33 32 35 40 32 19 25 52
2 13 6 1 4 7 6 9 7 8 7 5 7 13 4 7 3 3 5 18
5 26 16 13 13 17 22 1 11 18 20 1 3 6 10 4 10 14 1 16
10 20 8 6 14 7 20 1 2 9 17 6 10 2 5 8 10 6 1 20
12 24 13 4 6 11 28 21 20 23 18 11 16 9 11 3 12 16 9 19
7 8 8 10 10 4 11 1 1 10 12 4 5 5 10 6 7 5 5 6
1 26 9 5 6 14 18 5 9 15 14 9 8 10 6 5 6 11 2 11
27 62 39 20 42 36 47 29 36 34 59 16 38 24 38 43 21 22 30 43
1 33 20 19 24 17 34 15 22 21 27 14 20 20 25 26 26 15 21 30
16 43 34 24 27 27 30 10 23 36 42 25 28 30 30 27 21 32 20 43
1 31 3 7 11 16 18 1 1 18 16 18 16 19 19 14 10 4 7 12
32 42 38 15 27 29 39 20 17 48 43 49 41 34 40 33 23 33 11 40
1 18 5 1 2 13 12 2 5 7 7 10 5 11 9 3 3 7 2 5
5 22 2 3 11 10 8 5 2 9 17 10 7 13 9 7 4 1 1 16
24 49 21 13 29 27 34 28 26 31 47 9 23 17 25 24 20 9 18 32
7 13 11 5 3 9 18 7 6 12 10 12 8 8 13 5 10 10 4 13
19 50 22 24 24 26 52 19 28 45 33 19 32 14 25 20 34 27 20 32
8 18 13 8 7 14 20 11 11 17 15 10 9 12 11 4 12 15 5 14
11 35 24 7 14 24 32 26 25 34 29 17 24 27 21 14 24 18 5 35
8 36 7 3 14 14 22 14 10 26 25 12 20 14 22 16 11 1 16 14
4 48 26 16 25 33 36 20 27 33 46 16 21 28 25 19 22 18 10 39
4 20 10 6 6 11 11 5 5 15 14 8 3 9 13 9 8 3 8 11
6 13 7 8 8 5 15 5 4 9 11 5 6 4 8 8 9 4 7 11
28 28 24 11 16 14 27 17 19 26 21 17 20 8 9 15 25 18 6 35
15 28 19 9 15 14 21 12 8 22 26 18 15 16 16 12 12 12 6 26
4 5 5 1 1 1 5 2 1 3 3 3 4 3 1 2 4 4 3 13
5 15 14 13 9 9 13 9 8 12 15 4 4 6 16 12 3 7 10 11
13 46 20 8 21 28 35 8 11 36 26 33 30 28 24 19 22 13 8 30
30 34 20 15 16 11 41 30 19 47 31 22 37 14 23 26 33 27 16 46
27 66 33 27 40 27 49 14 26 49 55 25 42 31 32 38 27 33 18 49
1 25 7 5 10 15 19 1 6 9 13 10 10 9 11 10 8 8 6 9
8 19 6 8 14 10 13 5 1 13 19 11 11 11 11 6 9 6 4 16
18 49 9 16 26 33 31 24 11 37 41 20 27 29 20 18 23 18 14 35
33 42 38 24 27 26 43 36 31 48 43 32 31 7 34 32 39 30 23 47
16 18 18 8 13 9 31 25 20 29 25 13 23 15 19 12 21 15 3 29
9 32 11 7 14 17 18 4 7 16 22 18 18 20 11 13 9 13 5 28
39 68 36 28 45 38 58 38 42 53 53 19 39 26 38 49 47 21 37 56
19 49 20 11 25 23 22 13 17 26 38 23 21 23 21 30 16 7 19 37
7 14 4 8 8 5 16 7 4 15 14 9 12 11 8 6 11 9 1 16
26 54 22 20 26 31 52 24 18 51 41 23 33 15 29 22 30 27 13 29
7 21 13 17 23 15 18 14 10 9 30 9 13 9 9 16 11 9 11 26
27 78 44 35 42 32 56 13 27 66 59 37 46 44 56 42 34 39 33 43
1 36 6 5 8 16 26 8 11 20 22 6 10 8 16 7 5 6 8 9
7 25 15 15 14 4 31 20 17 20 25 6 8 3 24 19 16 11 21 20
10 25 18 11 10 12 29 6 13 18 17 9 14 3 10 8 8 19 3 14
9 34 23 19 26 7 24 23 18 18 40 22 17 16 24 28 14 17 19 41
16 32 16 15 20 13 28 10 15 29 31 17 29 12 23 20 13 19 12 16
5 31 11 8 9 15 24 1 5 19 18 10 9 10 21 10 6 11 3 7
35 62 46 34 44 34 69 32 46 60 53 26 52 20 48 44 47 39 43 36
29 64 41 35 42 41 57 33 39 46 57 27 43 22 36 37 40 34 35 51
11 18 13 5 8 1 16 3 1 18 16 16 17 15 15 15 9 15 9 19
34 67 53 37 39 44 67 36 51 61 58 32 46 18 50 42 40 45 36 43
14 30 9 12 18 19 20 9 7 17 22 9 15 9 7 8 14 12 7 23
26 51 49 30 34 28 56 33 44 46 47 26 42 26 33 44 38 37 17 60
27 48 16 17 26 29 42 35 19 45 42 22 42 32 25 27 36 29 10 50
10 29 9 1 11 14 19 16 12 24 22 22 22 22 13 10 13 16 3 26
8 20 10 7 9 11 20 12 9 16 16 13 13 9 13 5 11 11 6 15
21 58 30 31 34 31 46 31 31 38 50 10 19 8 28 28 29 29 29 40
1 20 18 14 11 14 16 9 15 9 21 6 4 6 8 9 4 12 9 17
1 20 6 3 4 13 13 5 8 12 10 9 7 9 8 1 5 10 1 9
4 16 9 1 1 6 6 4 3 11 9 9 5 10 8 7 3 4 4 19
9 35 14 13 25 14 21 2 9 16 25 14 17 15 17 24 16 5 12 26
16 33 7 15 22 12 28 15 6 27 24 6 20 10 13 20 26 11 14 28
27 41 30 12 28 28 35 31 28 30 41 31 34 28 22 32 29 20 12 52
31 64 49 22 34 41 44 30 37 56 59 31 32 26 52 39 22 34 34 39
3 15 10 9 6 3 17 3 3 10 11 3 6 3 13 14 6 3 9 6
27 60 41 20 37 25 38 27 29 40 56 32 36 40 31 40 27 34 22 61
20 43 25 20 28 27 36 27 22 34 47 21 28 18 25 21 19 20 19 38
37 69 48 40 48 46 57 24 29 58 64 17 30 26 37 42 31 36 22 45
1 18 1 1 2 10 10 1 1 5 8 8 3 7 8 2 2 2 1 6
17 42 29 14 22 31 27 19 20 30 39 33 27 28 27 19 16 16 19 34
13 31 13 12 13 18 27 15 17 27 25 3 13 1 10 7 13 13 13 14
6 29 6 5 7 14 26 11 12 17 18 7 9 7 18 5 6 9 7 6
9 33 6 12 20 19 23 7 4 22 28 11 19 11 11 11 9 9 5 16
6 25 8 8 12 9 20 6 4 11 20 7 9 10 13 8 4 8 3 15
28 38 35 17 30 39 42 34 31 34 43 39 37 24 32 29 33 28 12 50
12 47 40 33 36 26 52 36 42 31 41 26 31 29 39 41 43 33 34 47
11 35 20 3 20 18 14 6 4 23 36 28 20 34 25 21 8 13 9 34
31 58 45 36 48 25 41 30 31 25 59 41 38 30 35 50 35 29 32 68
29 65 53 33 36 29 59 41 51 48 55 34 28 20 47 39 41 39 36 50
1 16 7 6 6 9 8 4 4 9 11 10 6 9 11 5 1 1 7 7
32 41 42 27 38 37 47 41 38 38 52 42 50 31 31 42 37 30 24 61
1 25 1 1 4 10 16 1 2 10 6 6 8 5 9 7 8 6 3 9
8 25 18 15 15 19 21 1 13 13 21 8 9 8 11 7 7 15 5 16
26 69 49 20 36 50 51 31 36 51 56 38 37 34 45 37 29 28 30 40
1 17 8 3 3 11 8 4 6 5 10 8 3 7 9 7 1 3 7 10
27 47 29 14 28 14 37 24 24 36 46 16 32 24 38 37 18 20 25 36
20 49 10 15 23 18 38 18 12 43 33 24 40 21 23 27 28 19 18 38
4 9 1 3 5 5 4 3 1 8 8 7 7 10 5 2 5 1 1 8
13 30 8 3 11 17 23 19 13 30 28 11 15 13 17 1 15 8 4 18
26 53 47 33 32 41 50 25 40 48 50 35 43 31 35 36 29 41 21 50
2 10 2 1 4 5 7 2 1 5 6 6 7 4 2 1 5 5 1 9
35 47 43 20 35 33 40 20 25 39 44 33 17 21 29 28 26 17 13 38
16 33 16 3 13 13 24 10 16 19 19 11 12 5 8 11 15 15 1 23
37 51 29 32 39 32 48 26 32 45 49 16 37 8 40 29 31 28 29 22
15 37 20 8 17 14 35 28 25 33 34 9 23 15 30 25 21 17 22 28
14 51 19 10 32 24 24 14 11 26 40 22 38 37 26 37 22 10 15 48
14 33 6 8 19 18 11 6 2 19 27 14 14 15 9 9 10 4 2 22
22 34 29 14 21 12 42 27 29 33 33 11 24 2 29 22 22 22 22 21
18 35 22 11 18 20 33 12 8 36 31 25 19 26 29 18 13 17 1 21
5 34 11 10 18 17 27 11 14 25 22 20 28 29 25 26 23 15 14 27
21 42 23 17 17 21 40 22 26 37 32 14 25 10 13 11 22 23 13 35
28 51 26 16 31 19 47 20 25 44 37 13 36 11 40 31 28 20 27 19
8 24 8 4 11 14 13 11 8 17 23 15 14 24 17 12 10 8 1 27
27 64 54 37 43 41 55 16 35 49 54 21 24 31 50 46 28 34 28 36
10 25 14 5 11 16 17 7 6 19 20 18 11 15 16 7 12 9 6 19
12 44 13 11 22 30 18 3 4 24 35 22 19 22 14 11 8 8 4 24
31 37 33 19 20 10 37 20 25 41 35 23 35 13 30 27 21 31 22 33
28 61 45 42 46 31 48 34 43 33 60 31 29 26 33 48 39 35 32 64
5 19 5 7 9 7 16 1 1 10 14 4 5 3 11 4 3 6 1 5
6 19 6 5 7 7 13 4 3 11 14 3 1 5 13 5 3 3 2 10
1 12 4 1 1 9 9 1 5 4 4 3 2 2 3 1 3 8 1 5
10 23 10 11 11 6 26 1 5 19 12 7 13 8 22 15 13 9 7 10
15 41 27 21 23 24 36 21 25 37 36 14 27 24 22 28 28 30 17 46
28 57 34 16 26 32 41 25 31 40 43 33 21 27 29 26 25 17 17 46
12 49 28 20 22 28 47 21 27 47 34 32 32 27 42 23 31 23 26 27
12 23 11 7 9 3 25 8 7 16 16 5 8 2 13 11 9 10 3 15
33 35 39 33 39 28 41 40 32 33 47 42 44 19 24 40 40 34 29 64
10 43 22 3 13 25 25 12 12 26 26 24 19 21 18 18 13 13 11 30
39 65 37 33 43 35 52 22 27 58 54 38 51 32 38 45 42 32 20 54
9 35 15 10 16 25 20 8 11 21 27 13 16 13 5 9 12 13 6 30
14 67 35 25 34 36 47 10 19 57 52 39 36 44 48 35 27 27 23 36
13 42 11 6 21 20 12 4 7 12 28 20 18 24 13 24 7 3 7 33
15 34 7 13 20 15 20 13 5 26 30 14 21 14 14 15 15 11 11 30
1 33 16 12 12 17 28 9 15 18 27 6 8 8 13 11 6 12 7 18
3 33 21 16 19 23 21 6 19 20 28 11 15 18 11 13 14 18 10 33
15 34 33 30 25 23 37 5 27 31 32 3 21 13 24 23 20 29 18 26
21 66 43 41 52 37 46 17 29 43 60 36 39 34 49 51 35 26 39 49
3 16 9 2 3 11 6 6 4 13 12 11 6 10 10 4 6 6 6 10
8 22 10 9 9 13 20 4 10 18 14 1 5 1 3 1 12 14 2 16
22 48 27 20 31 27 29 2 14 23 38 22 27 22 21 26 12 18 12 33
7 27 7 7 18 19 19 13 10 17 26 15 20 22 10 11 14 9 5 29
15 43 15 18 20 25 34 13 6 36 32 10 15 11 26 20 17 12 14 14
3 37 14 8 11 23 25 8 15 23 24 13 8 12 15 9 10 14 8 14
1 12 3 1 1 1 6 4 2 4 7 1 1 1 1 3 1 1 4 6
2 20 7 1 4 9 10 3 2 15 12 13 7 13 12 8 8 4 6 10
2 25 13 7 12 21 22 9 12 14 25 8 7 18 18 9 9 6 1 11
30 67 46 30 48 26 40 33 40 34 65 41 38 33 43 51 30 33 42 62
29 59 27 21 35 39 36 21 20 35 51 37 45 43 30 34 28 27 24 55
2 24 9 8 9 10 19 7 6 13 15 7 8 8 14 13 10 5 11 12
3 19 10 5 5 7 14 14 12 14 15 9 10 8 11 7 6 8 11 20
31 75 47 35 48 56 63 22 32 63 60 42 47 49 48 39 41 33 23 47
18 64 39 30 38 28 44 20 31 37 54 30 35 27 38 43 27 28 32 52
32 53 42 25 36 33 52 39 44 45 49 12 29 7 31 30 36 35 33 44
1 6 6 4 2 3 6 7 4 3 8 3 2 8 3 4 2 1 6 15
21 56 40 29 37 32 42 27 26 33 53 40 30 28 44 38 30 26 32 45
26 40 25 13 26 17 45 25 28 34 40 16 31 14 18 17 21 22 8 37
3 26 6 3 8 10 22 12 9 17 18 9 10 14 13 7 10 8 6 16
29 45 46 32 33 33 45 32 37 42 48 38 38 19 39 36 32 39 27 44
18 33 20 22 19 16 40 11 19 31 28 5 16 4 17 13 18 23 8 14
14 48 19 11 22 30 27 18 12 32 38 20 15 22 22 16 13 11 12 27
13 22 22 15 17 7 22 15 17 17 25 6 15 12 16 21 10 17 12 30
16 52 25 23 25 33 43 15 29 40 41 10 23 22 31 17 23 23 20 25
6 19 7 6 8 9 21 4 7 11 11 6 7 3 7 6 10 11 1 11
1 12 3 2 3 3 5 1 1 7 10 9 7 9 5 4 3 1 3 11
11 26 28 18 14 18 29 22 24 23 28 17 13 14 19 14 15 24 13 30
33 71 42 15 41 54 56 36 34 53 61 38 33 30 48 35 23 27 23 33
35 56 36 26 43 34 44 20 30 27 56 25 32 24 25 35 27 20 18 50
1 4 1 1 1 1 1 1 1 1 1 1 1 1 1 1 1 1 1 6
7 15 4 4 6 10 12 7 4 15 13 12 10 12 9 1 11 8 1 12
2 13 6 3 6 7 5 3 4 7 10 5 5 4 2 3 3 2 5 7
8 19 12 1 2 7 22 18 16 17 14 4 11 2 8 3 8 9 10 12
29 47 34 30 34 40 55 26 34 47 44 32 46 27 23 30 41 39 13 53
10 32 12 16 15 19 32 6 10 22 17 8 16 8 16 15 21 14 13 13
18 50 39 21 39 32 33 19 19 23 52 31 18 30 36 37 11 19 20 38
29 71 42 26 35 34 48 17 23 56 57 40 46 38 42 38 29 30 26 54
39 40 33 27 28 23 56 36 32 49 41 26 39 1 32 30 38 31 23 42
16 61 48 21 39 42 37 25 32 39 59 41 17 44 41 39 16 28 15 51
1 11 1 3 2 9 6 1 2 4 7 6 2 6 8 1 1 2 1 3
22 38 25 37 44 25 34 33 18 19 51 24 34 20 24 38 33 28 34 54
12 29 15 7 19 16 25 27 21 23 33 16 25 21 20 17 15 8 14 35
5 25 5 2 13 14 15 5 5 11 18 12 13 10 3 8 8 8 4 16
25 49 33 14 24 28 42 16 26 44 36 35 42 31 23 29 32 40 13 51
19 61 41 37 44 31 59 37 45 45 56 20 45 30 57 53 38 31 38 40
11 25 12 3 10 7 13 7 10 12 17 2 4 2 5 7 8 6 4 21
31 68 48 38 45 51 39 5 33 30 59 32 37 42 34 46 27 29 29 60
20 36 15 17 29 18 19 5 10 18 34 14 18 14 15 19 11 8 4 24
7 15 10 5 6 9 14 9 8 12 9 8 8 7 7 6 11 10 8 15
14 38 23 5 14 18 30 22 25 24 28 9 15 4 20 16 13 16 17 23
12 35 14 12 15 14 35 15 16 28 30 2 13 3 19 11 12 8 12 12
23 75 52 32 51 52 45 25 37 37 73 27 33 44 43 47 20 18 21 51
17 40 19 12 22 23 29 15 16 32 38 17 24 17 33 17 12 13 17 10
20 61 26 19 43 29 44 27 30 36 53 14 40 31 42 43 26 12 19 36
17 35 17 11 12 9 36 14 13 36 19 17 23 14 27 19 20 19 10 24
13 39 12 6 15 22 21 8 8 28 28 7 6 9 15 7 9 8 4 15
7 12 4 6 9 9 10 1 4 9 11 8 10 8 6 1 10 6 4 8
2 16 1 2 6 8 9 5 3 11 12 7 5 7 8 1 6 4 2 5
13 52 22 8 23 27 23 12 14 29 40 26 18 29 21 24 11 10 9 37
1 2 1 1 1 1 3 1 1 1 1 1 1 1 1 1 1 1 1 6
23 48 24 26 29 18 34 22 21 40 48 20 30 19 38 30 17 19 25 32
1 5 5 1 1 2 9 1 3 1 2 1 1 1 1 4 2 3 4 7
42 69 44 27 33 42 57 30 45 60 57 41 38 26 37 36 38 35 19 55
1 9 8 6 4 8 8 4 6 1 9 5 4 4 6 5 2 4 7 7
29 58 40 26 41 21 52 25 34 50 52 27 49 34 47 48 38 32 28 49
19 33 8 16 18 13 22 8 1 29 29 11 20 15 17 17 13 15 7 27
17 38 27 11 17 20 30 7 13 28 27 21 16 22 28 22 10 19 7 26
42 74 45 29 45 25 55 32 28 64 66 32 49 35 63 53 37 36 46 45
7 8 8 3 4 6 14 5 7 10 4 4 7 3 1 1 11 11 3 11
2 18 11 9 8 10 13 11 7 15 21 9 4 10 17 8 5 5 9 13
31 55 31 15 37 39 54 41 41 47 51 23 45 17 28 28 38 31 22 41
1 7 1 1 1 3 4 1 1 3 4 1 1 1 2 1 1 1 1 2
13 18 17 14 20 9 22 14 12 11 25 12 15 5 9 13 16 12 9 33
1 11 1 1 2 3 4 1 1 1 4 4 2 3 4 2 1 1 1 1
3 18 2 4 5 8 12 2 1 14 11 10 8 10 9 2 7 5 2 11
2 14 2 3 5 6 13 3 2 8 10 4 4 3 5 1 6 6 1 5
