1000 20 14 1296
0 8 1 6 19 4 7 10 0 6 5 3 8 5
5 9 4 4 1 9 10 5 2 3 5 9 4 18
8 3 2 1 2 1 1 1 0 2 1 4 2 1
17 8 1 7 3 4 11 2 6 6 20 2 10 11
16 9 9 0 2 1 1 14 5 5 0 21 1 1
12 11 7 6 8 3 5 13 17 9 5 7 4 3
11 0 14 10 7 7 0 13 6 5 5 11 12 1
8 2 7 3 0 0 0 12 1 5 9 0 2 1
7 2 6 2 12 13 4 4 1 12 1 0 3 4
4 3 14 3 3 4 1 12 2 4 9 0 9 8
1 9 1 5 4 2 1 7 5 1 8 4 6 0
4 9 10 14 5 22 4 3 10 1 15 6 6 7
5 9 4 2 0 1 8 0 9 13 9 2 2 1
4 1 2 11 4 4 3 0 10 5 7 4 3 5
1 1 4 3 7 5 1 10 1 8 6 6 12 7
12 5 7 3 11 4 8 5 0 3 5 7 6 10
1 3 1 9 2 4 0 5 1 0 3 9 2 1
2 4 1 8 1 5 3 6 4 3 4 4 2 1
8 9 5 21 19 1 16 3 10 5 3 6 8 2
3 2 2 1 7 3 6 7 6 3 6 0 2 3
2 2 1 1 5 1 3 3 1 2 3 3 2 5
0 1 4 2 5 6 2 1 6 0 1 2 8 9
4 9 5 12 5 0 13 1 2 12 6 8 19 12
8 4 6 6 11 10 4 4 13 18 13 1 14 3
14 4 10 12 5 5 5 1 17 15 4 15 9 6
4 1 2 2 4 2 2 0 6 5 3 0 0 2
0 2 2 7 2 3 5 4 7 1 3 4 1 5
12 4 7 2 4 2 5 1 8 4 7 11 4 9
1 3 5 3 11 8 9 12 2 2 1 8 16 13
4 8 3 1 7 9 6 10 12 21 3 5 1 10
9 9 4 4 1 8 7 11 8 0 7 3 4 1
3 1 1 0 5 1 5 3 6 0 0 3 7 1
4 3 8 9 5 12 1 2 7 2 7 13 8 2
4 0 0 1 4 4 4 8 6 2 2 6 5 1
0 5 1 7 1 2 3 4 1 9 2 2 10 9
6 4 0 2 4 6 1 3 0 0 1 6 2 5
8 15 0 1 7 2 8 5 2 8 6 4 1 4
0 3 5 9 1 4 3 0 6 10 5 7 1 4
0 6 5 2 2 1 8 7 1 18 1 10 11 4
7 4 4 19 19 4 13 3 3 0 0 1 9 10
1 2 3 4 1 3 4 3 0 5 0 10 5 6
13 6 7 7 10 2 2 2 6 13 2 4 5 3
1 4 1 4 0 1 8 2 4 1 1 2 3 1
10 7 0 8 3 0 2 4 1 2 3 4 1 6
2 6 13 2 11 0 1 1 7 2 7 1 0 1
10 0 18 1 10 6 5 2 13 19 6 6 3 3
6 0 15 16 2 4 2 15 9 2 4 13 13 1
2 16 6 11 3 15 6 13 16 8 5 8 0 17
5 6 7 0 2 4 2 14 16 15 7 4 3 9
5 5 2 13 3 4 19 10 1 7 1 9 5 1
4 7 11 1 7 11 8 1 18 2 5 1 2 9
2 5 4 1 4 1 2 1 16 2 6 2 0 0
5 4 1 3 5 5 6 3 18 7 11 8 8 1
15 0 8 3 9 10 2 5 10 14 7 6 11 8
1 5 0 12 19 2 4 14 1 5 11 1 7 5
5 4 3 12 2 5 5 13 2 14 8 3 17 4
4 2 5 5 12 1 12 13 16 19 7 4 1 5
2 4 19 5 2 2 4 3 5 6 1 6 10 3
2 13 7 9 7 4 0 7 2 1 2 6 4 7
10 3 6 6 13 15 5 9 14 6 4 1 9 3
0 5 3 0 2 1 2 3 6 0 1 2 1 4
1 2 2 2 10 1 8 5 10 10 0 7 4 4
1 3 1 2 2 6 4 3 1 2 3 1 1 6
0 4 6 1 2 1 3 10 0 3 1 3 8 5
10 2 11 5 11 4 9 2 4 5 1 4 17 0
4 4 8 8 14 8 2 1 12 4 4 10 7 1
2 2 2 7 11 1 13 6 10 4 0 8 2 11
3 3 2 4 1 6 3 0 0 1 4 3 2 2
3 2 5 1 1 0 1 7 2 3 3 2 1 1
6 15 5 4 7 3 1 8 12 7 1 1 3 5
4 3 2 12 11 6 4 4 1 6 7 9 19 1
11 8 2 2 16 0 2 8 7 1 0 6 13 8
6 22 14 9 8 16 7 6 2 4 5 7 11 6
11 6 0 3 4 10 3 4 3 13 0 13 1 9
1 12 9 6 4 12 1 1 6 7 15 20 8 1
7 6 14 8 16 1 15 8 6 11 16 6 10 12
4 1 3 3 2 12 6 3 3 6 2 9 5 3
2 1 1 5 0 6 4 4 0 3 7 4 7 14
1 3 3 6 3 4 3 2 5 1 2 3 2 0
1 9 5 7 8 5 8 9 4 27 6 1 15 10
5 14 6 21 1 13 4 3 10 8 0 5 6 13
7 8 7 9 3 0 6 11 10 8 7 4 18 2
5 0 5 6 1 0 0 0 4 3 4 8 4 3
8 2 3 28 9 13 1 6 9 3 8 7 7 2
13 10 14 4 1 5 10 5 3 11 5 8 25 3
0 4 7 0 0 4 4 1 1 1 4 4 1 0
4 10 19 14 1 5 11 0 9 12 5 16 2 2
16 6 0 12 3 7 2 8 12 10 2 2 2 6
9 8 16 1 12 5 12 2 1 3 3 17 1 1
5 6 10 0 6 6 6 6 7 2 5 7 1 1
1 3 5 2 7 8 6 3 7 9 13 0 2 1
12 12 3 4 18 14 11 6 12 8 6 3 6 7
10 25 5 4 13 3 10 10 12 0 2 1 5 7
11 3 5 2 7 8 2 8 20 6 22 1 2 10
1 1 3 1 4 8 9 1 2 5 2 3 1 4
4 7 1 8 2 1 3 1 6 0 7 2 6 4
9 5 3 1 9 3 2 3 4 10 1 0 5 3
23 12 1 1 14 10 2 1 1 2 4 9 6 4
15 1 9 5 8 6 1 10 4 17 15 3 10 8
1 7 0 5 1 0 10 17 19 16 8 10 4 18
16 1 18 6 4 15 1 7 2 18 5 5 9 8
5 4 11 7 1 2 1 7 12 1 6 1 6 2
3 17 3 20 2 12 7 8 1 7 11 2 4 13
16 3 7 10 15 0 7 4 1 21 5 5 6 11
2 5 5 0 10 5 8 8 2 2 9 1 0 9
1 0 5 9 13 9 1 3 14 5 8 8 9 11
4 9 3 18 14 5 6 6 1 12 1 2 8 0
0 6 4 8 1 13 1 1 5 1 8 2 1 7
21 9 2 14 0 7 14 3 5 5 2 3 4 4
5 7 11 9 2 13 10 15 9 14 6 4 6 7
1 2 2 11 1 3 0 7 9 3 1 3 7 1
7 2 8 6 3 5 0 3 6 2 1 6 2 4
7 13 16 0 4 2 13 8 8 7 11 24 4 2
6 4 9 6 5 8 5 2 4 6 7 4 5 11
9 3 3 1 2 4 1 1 1 8 2 3 4 0
6 4 6 16 11 5 5 11 3 5 4 8 13 7
9 6 6 5 0 6 1 4 6 6 19 1 2 3
4 2 8 3 1 3 2 2 1 1 9 0 5 6
8 3 11 5 2 5 0 3 1 8 2 1 1 0
13 5 3 1 3 2 5 6 5 5 5 5 16 27
1 4 4 2 1 1 1 3 5 3 2 2 4 4
12 1 0 10 1 22 10 11 19 6 4 0 7 5
3 10 16 0 8 9 4 8 3 3 9 9 10 1
7 15 4 9 3 17 4 12 2 10 9 3 3 9
6 3 6 1 3 7 8 3 2 0 3 6 3 3
9 3 2 4 5 4 6 5 1 6 3 4 3 12
4 12 7 2 14 17 7 2 0 8 2 5 7 3
1 13 16 11 2 1 3 13 3 6 4 4 4 10
2 3 15 19 11 4 4 10 11 4 10 5 1 6
15 4 19 14 1 13 13 5 8 2 2 4 17 2
8 6 4 3 8 9 11 13 7 9 5 6 7 2
6 5 3 5 10 18 4 9 2 10 6 6 2 5
0 13 3 12 7 6 2 3 20 2 7 20 11 2
4 10 3 7 4 8 3 7 0 6 3 4 8 11
16 2 7 7 0 1 8 2 11 1 1 10 1 4
3 4 1 4 1 7 3 4 5 6 5 1 2 3
5 1 6 4 9 3 4 8 0 10 15 1 2 0
1 1 2 1 3 3 2 6 8 8 2 1 2 0
3 5 3 5 4 4 3 2 6 3 3 6 4 3
12 10 7 5 5 1 0 4 9 4 0 6 0 10
7 12 7 1 5 3 18 3 5 6 7 9 5 13
9 7 6 5 4 13 0 14 5 7 9 3 2 3
6 1 9 11 5 16 1 1 2 1 5 4 5 11
4 8 12 1 9 2 12 1 9 1 8 3 8 10
1 3 7 6 2 4 5 0 5 4 2 1 13 0
0 4 3 7 5 7 6 1 10 9 5 7 2 11
5 6 2 0 8 6 8 6 0 1 8 3 1 1
4 3 2 0 4 4 2 0 5 0 1 6 3 1
11 3 1 0 4 14 7 2 9 9 3 5 10 2
19 10 19 1 8 10 14 3 16 6 6 5 4 0
1 7 13 9 3 6 6 9 0 6 3 5 6 11
1 3 4 5 5 1 1 1 2 6 0 6 0 8
3 9 19 13 1 12 12 4 1 6 7 8 5 2
1 2 5 14 3 6 9 11 1 1 12 11 12 5
9 1 4 2 2 4 7 1 12 7 1 1 9 2
1 4 5 1 4 3 0 0 2 2 0 6 5 3
0 3 2 0 4 1 1 1 2 3 3 7 1 2
11 23 4 2 4 4 7 8 5 1 11 7 0 17
3 1 3 3 16 13 7 6 13 5 3 1 7 12
6 7 8 2 1 5 1 5 5 6 6 4 8 13
3 1 7 0 1 2 0 5 3 4 4 1 3 3
0 5 6 2 11 11 3 2 7 4 0 4 1 1
3 8 0 4 0 5 4 5 2 1 12 2 5 3
8 22 15 8 0 11 1 1 5 4 1 0 15 12
9 3 13 4 3 8 1 3 9 4 3 0 8 0
8 6 5 9 2 2 11 7 1 5 4 6 5 0
8 0 1 0 13 9 8 13 12 2 4 7 5 12
1 0 2 3 2 3 4 2 0 1 9 3 1 9
3 8 1 5 3 3 1 8 2 1 5 16 10 8
6 2 6 6 0 3 0 2 3 3 0 2 2 2
8 3 5 2 5 0 5 3 3 4 2 2 5 6
12 3 5 4 8 9 4 15 8 5 4 20 3 22
3 5 11 4 3 18 7 14 9 10 7 0 6 6
3 8 8 6 6 2 4 3 7 4 5 2 1 7
20 2 9 5 8 3 9 3 4 2 5 18 4 12
16 22 12 4 1 1 0 4 4 6 3 9 16 12
2 2 2 3 0 0 3 3 22 5 5 10 8 9
2 0 7 2 14 1 4 2 8 15 10 11 6 3
8 14 6 6 6 10 3 0 9 2 19 4 12 15
6 3 2 4 2 6 5 3 13 3 1 12 11 1
5 3 7 2 4 1 2 5 4 5 1 5 7 4
4 7 18 1 5 6 18 16 8 13 13 9 0 1
1 9 5 7 4 9 7 3 3 2 6 12 8 6
4 3 9 3 0 1 7 2 3 3 0 6 9 2
7 0 8 10 1 4 0 2 2 13 13 10 1 10
6 2 6 1 6 6 1 5 3 4 2 2 0 7
7 6 13 1 7 5 2 7 4 3 5 0 12 3
12 6 5 0 9 3 3 6 3 14 12 17 11 8
4 8 2 2 6 6 4 4 3 10 2 1 3 1
4 1 1 2 0 0 6 5 3 5 6 3 3 3
3 2 3 1 7 0 5 2 1 6 7 4 8 2
4 4 0 1 3 2 5 4 5 6 1 1 6 2
1 9 7 18 11 4 10 8 3 9 13 0 4 9
2 2 1 4 5 13 13 2 1 8 7 9 3 3
4 2 3 4 4 2 3 5 1 9 5 7 4 5
3 2 5 1 1 2 10 11 5 9 3 4 9 7
1 14 25 2 2 8 3 7 1 5 1 2 3 4
13 2 4 1 5 12 14 6 5 8 5 5 2 0
3 3 1 10 15 2 5 5 9 4 0 0 8 1
3 9 4 10 24 8 2 8 1 5 16 8 0 2
12 7 8 7 11 13 4 3 10 2 0 13 2 11
4 20 10 2 8 4 3 1 11 17 6 7 14 5
10 4 11 3 2 0 2 2 1 1 6 2 3 2
7 5 2 18 6 15 8 1 13 7 12 6 3 10
4 3 8 11 20 12 2 5 27 1 6 5 0 1
2 1 4 2 10 6 2 9 7 3 8 6 3 14
8 3 5 3 5 10 7 17 3 8 6 8 9 9
8 1 1 6 3 1 5 2 1 8 1 3 2 2
16 0 2 14 14 11 13 7 7 4 4 2 0 9
4 9 2 0 2 2 2 3 1 19 12 2 6 19
19 7 1 15 6 15 10 2 3 6 12 7 1 6
1 2 1 2 1 4 4 1 5 3 4 1 2 5
12 8 14 7 1 20 14 11 6 1 3 13 6 11
4 5 3 1 3 6 1 1 1 13 5 1 1 1
2 6 3 2 4 2 6 1 2 2 1 1 2 3
4 0 0 3 0 7 10 11 9 8 0 9 1 3
5 9 7 5 4 1 1 2 5 2 2 1 0 2
9 1 5 3 3 14 8 8 7 11 0 4 1 9
5 4 1 2 8 6 1 1 2 2 9 6 1 4
5 12 2 8 0 17 1 9 15 15 6 7 7 2
5 5 1 9 5 2 4 2 0 13 2 2 3 1
1 4 21 7 2 5 7 4 6 10 1 7 8 7
2 0 2 4 5 1 0 4 3 0 2 1 3 3
3 5 2 3 1 3 3 6 0 3 3 3 1 2
7 18 4 9 12 9 16 4 6 5 11 7 10 10
6 7 8 11 16 22 9 2 1 0 1 0 1 6
3 18 14 4 12 10 10 10 0 6 5 1 1 0
3 10 6 17 10 1 1 16 4 1 11 1 1 8
3 1 1 1 6 7 1 5 3 4 0 2 3 2
10 4 8 5 7 13 15 14 0 4 17 0 13 3
1 6 16 7 1 4 11 5 11 6 0 9 2 0
3 0 6 13 4 6 4 17 1 0 10 4 8 8
4 10 7 7 5 1 10 6 4 12 1 4 10 5
1 2 2 11 8 6 6 2 8 7 9 9 4 10
0 2 1 4 5 1 1 1 4 3 5 4 4 8
17 7 2 2 1 0 12 3 0 8 4 1 7 1
1 16 5 14 10 3 1 3 7 1 9 18 9 8
9 17 2 0 3 19 20 0 11 16 1 0 1 4
5 11 4 0 1 6 0 8 1 0 7 3 5 1
6 8 5 13 17 7 7 5 9 5 3 6 15 3
5 26 0 2 9 5 5 11 11 1 3 10 6 12
6 2 1 5 9 5 4 12 1 1 3 10 1 4
1 3 2 5 0 0 2 3 2 1 1 1 3 7
7 9 10 9 1 6 3 1 3 0 3 3 7 11
0 6 15 14 5 7 2 4 6 17 2 15 10 8
4 1 2 3 3 5 4 6 3 3 3 12 5 2
6 2 10 4 4 10 10 3 4 2 11 3 7 14
2 3 3 2 0 10 4 5 2 1 5 2 5 6
2 4 0 2 3 2 6 4 1 5 14 4 8 10
9 7 4 4 6 9 2 17 8 5 2 1 2 1
2 5 1 4 6 3 1 1 6 2 1 1 6 2
2 6 4 3 2 6 3 1 0 7 5 5 6 2
4 11 1 5 1 2 5 5 6 11 4 9 4 4
14 8 5 3 4 16 15 5 2 13 0 16 4 3
4 3 0 1 6 0 3 5 10 5 4 1 4 4
4 10 1 7 2 2 8 12 7 10 4 9 0 7
12 2 11 12 4 7 20 17 7 10 0 11 12 3
3 4 0 8 6 0 4 8 2 2 0 6 5 4
7 3 2 3 1 2 8 4 5 6 4 4 8 7
2 3 2 2 3 1 4 9 1 1 4 2 9 6
7 11 8 16 16 3 2 6 2 13 13 7 9 5
2 7 4 6 1 7 18 14 3 14 1 2 18 10
3 10 7 4 1 2 15 1 4 11 1 1 3 17
5 10 2 3 10 7 8 5 3 6 11 4 4 9
3 3 5 3 4 2 3 5 0 2 3 1 2 1
2 8 3 8 1 4 6 2 7 17 15 3 4 7
0 3 4 3 1 2 2 4 1 4 1 3 2 4
3 13 7 12 1 16 1 0 17 1 12 10 6 6
2 13 4 5 6 19 7 7 8 9 1 4 3 21
12 5 1 2 4 5 6 2 0 3 6 3 5 2
6 6 8 0 3 1 6 6 4 1 1 1 5 1
7 4 4 2 16 3 3 6 3 2 7 2 2 4
3 0 6 3 0 5 0 4 6 4 3 5 3 5
11 2 6 2 3 6 4 15 2 1 7 0 1 1
1 5 0 4 4 4 2 1 4 3 5 5 6 1
4 4 3 12 1 9 9 3 11 10 1 7 3 2
8 8 9 5 6 10 8 6 11 3 11 11 2 21
6 21 7 7 14 1 15 11 9 8 6 9 14 3
2 4 2 6 1 11 6 6 0 1 8 8 17 9
6 3 2 6 5 0 3 4 2 1 2 4 8 1
6 3 1 2 3 3 1 3 2 2 10 3 1 3
4 15 2 13 3 3 0 2 1 1 3 2 5 13
3 2 4 4 2 3 6 4 2 3 2 5 0 1
2 0 5 6 6 3 2 8 7 0 3 7 4 9
5 14 11 1 10 4 10 9 3 11 3 11 2 2
1 1 9 1 6 5 10 0 11 2 3 2 9 3
4 8 1 12 8 6 0 6 2 2 6 0 0 9
1 3 8 1 5 10 4 11 19 1 15 2 7 7
6 1 0 7 3 1 1 4 1 4 3 0 1 2
2 8 3 4 2 2 3 1 2 2 1 3 5 1
3 5 12 14 8 7 4 2 4 2 3 3 7 6
4 1 10 5 6 0 9 3 8 10 4 5 3 5
5 4 1 12 15 5 3 16 2 12 1 14 6 12
0 2 2 6 9 2 3 0 9 5 3 1 9 8
9 3 13 9 5 5 5 7 0 7 16 4 11 1
21 11 8 3 2 2 2 8 3 17 17 7 1 9
0 9 2 6 1 1 7 13 9 1 3 8 0 2
6 1 5 1 1 5 3 2 4 2 5 1 3 0
0 7 4 2 3 1 0 6 1 4 0 1 1 1
2 1 3 3 3 0 6 1 0 1 3 2 0 6
7 2 6 14 2 7 1 6 22 1 9 3 11 7
8 1 10 2 1 0 3 0 2 0 1 0 0 2
7 8 9 6 5 10 8 2 0 4 8 10 5 8
0 7 2 13 10 3 3 6 22 14 6 7 2 2
5 0 12 8 13 0 3 3 1 11 8 3 5 1
2 5 20 14 4 7 11 11 4 15 7 12 2 7
0 8 13 10 1 24 16 6 15 1 6 1 6 2
8 2 1 0 1 6 8 6 8 5 3 7 7 3
1 14 7 9 4 12 14 3 14 1 14 4 4 0
6 1 3 4 12 17 22 4 4 4 6 8 13 9
5 8 4 3 2 1 0 5 0 3 9 3 1 0
7 2 10 8 2 8 7 13 6 0 3 2 1 5
1 6 2 4 2 2 1 0 6 2 1 2 2 5
6 7 10 5 5 11 8 5 13 2 12 10 8 11
7 11 3 3 5 10 6 2 9 2 11 0 5 5
2 4 1 25 2 5 6 4 7 2 16 2 6 5
15 12 4 3 5 19 9 4 15 8 4 8 0 18
6 3 2 1 3 9 1 2 1 0 0 2 1 1
0 0 2 2 7 3 1 10 7 3 8 2 2 1
3 6 2 19 5 2 1 2 4 7 1 3 12 13
2 12 5 0 3 2 10 1 2 21 4 11 5 0
2 3 2 2 1 0 3 2 2 2 3 1 3 6
4 5 3 3 1 7 15 4 5 2 1 0 3 6
19 8 15 6 1 2 9 17 11 9 5 7 3 6
4 17 0 15 10 4 14 8 0 9 0 12 0 7
5 18 7 2 5 4 16 2 1 15 6 0 7 8
2 3 7 4 9 4 1 6 12 10 6 0 3 3
0 2 6 8 3 6 2 9 12 10 19 6 3 2
4 1 9 1 11 13 7 6 1 11 4 12 1 2
5 0 5 12 8 1 5 6 11 7 5 5 3 1
7 10 15 1 12 4 1 4 12 13 4 1 9 8
4 10 10 4 6 16 7 1 5 1 5 12 1 1
4 10 8 2 3 1 4 6 4 1 3 1 1 11
16 0 1 3 10 11 7 7 2 1 5 10 10 6
2 12 2 10 21 7 6 9 17 11 2 6 2 5
3 8 10 12 10 3 16 14 7 4 9 9 9 1
7 9 4 2 8 4 7 8 2 15 8 10 3 2
3 8 1 13 13 2 2 8 7 13 5 5 14 3
3 4 2 3 1 7 5 2 4 2 4 5 5 4
3 1 8 5 3 2 2 5 4 6 3 4 3 5
5 6 2 1 9 1 12 18 10 0 5 5 24 5
12 7 6 10 17 0 5 1 9 4 14 13 12 4
2 6 3 0 10 2 5 4 2 2 1 7 2 0
1 0 6 0 3 7 5 2 1 6 3 6 4 1
12 5 3 3 0 6 16 2 2 4 1 2 7 8
3 6 2 2 1 1 6 2 6 2 9 1 10 7
7 7 3 10 2 4 8 2 1 3 9 6 7 3
1 8 6 7 6 4 2 9 1 5 4 4 3 14
8 2 3 0 2 5 6 7 7 2 8 7 7 0
0 0 4 3 1 4 6 3 5 4 1 4 3 0
6 10 2 1 2 4 7 6 1 4 6 7 3 8
5 2 1 6 1 3 2 4 0 5 1 2 1 5
6 5 3 6 6 8 5 8 1 15 0 0 2 8
2 5 7 18 7 6 1 2 6 7 1 3 5 2
0 7 1 6 12 6 1 3 2 1 1 10 0 2
6 2 4 5 2 4 2 1 1 2 1 2 4 3
12 4 11 10 8 8 5 2 11 2 10 15 6 6
11 11 8 15 21 18 3 1 8 6 10 7 3 7
14 3 5 20 6 9 7 4 1 6 3 3 11 5
1 17 2 10 15 2 8 3 3 1 6 1 1 20
5 4 4 2 2 2 0 0 5 10 4 8 3 18
5 12 10 13 7 3 0 4 5 6 13 10 2 10
7 8 5 4 3 9 3 7 6 0 1 3 5 2
1 3 3 6 7 1 0 24 8 6 17 7 4 5
2 7 4 0 7 1 13 9 6 11 1 7 2 12
10 7 5 10 2 2 11 3 2 10 9 0 9 11
2 8 11 10 7 16 13 8 5 2 7 11 16 3
1 2 4 5 11 10 9 2 7 2 2 10 1 9
9 5 7 19 14 6 12 5 2 5 14 11 11 4
1 2 6 6 7 15 4 0 3 5 7 2 7 14
5 1 7 10 4 1 13 6 14 10 17 0 6 15
2 2 5 2 5 4 1 4 7 4 1 3 0 3
1 1 9 6 18 1 1 4 2 1 4 12 8 1
6 3 0 11 1 5 1 8 4 10 9 3 3 3
1 7 2 3 5 0 1 3 4 0 7 7 4 0
1 3 8 3 4 1 1 1 1 2 4 1 3 1
4 2 4 1 1 3 9 2 4 4 6 3 1 1
19 3 2 6 4 22 11 9 1 4 8 3 1 14
3 1 4 4 6 5 1 1 1 1 4 2 5 11
12 3 6 5 4 2 2 9 1 1 9 4 4 2
5 9 13 1 5 8 1 10 1 9 2 6 24 0
4 7 13 5 10 7 9 3 20 2 2 3 11 8
2 2 10 0 0 5 5 5 1 3 1 0 3 0
1 8 4 15 6 2 11 4 8 0 22 8 7 7
9 11 3 9 7 10 5 11 13 13 6 14 14 12
6 10 9 3 2 5 4 6 6 2 4 5 9 4
5 2 7 3 2 11 1 3 4 1 5 1 7 2
3 9 3 1 6 0 9 1 0 0 0 2 4 1
8 13 1 9 2 1 0 8 2 8 12 13 8 1
6 8 1 9 9 8 9 3 13 1 6 12 1 5
14 1 7 6 8 11 8 5 5 9 5 1 13 5
2 5 4 1 3 2 4 3 0 3 1 4 2 2
5 3 7 13 2 26 4 16 13 11 3 5 1 5
9 5 6 7 4 4 2 5 1 11 3 3 0 2
1 9 5 11 8 1 7 3 10 3 2 5 0 10
7 7 16 4 2 0 3 7 8 6 12 13 21 0
4 3 8 0 0 0 4 1 7 8 6 3 4 1
2 1 7 2 7 0 4 5 0 1 13 4 17 5
15 1 0 6 11 10 10 11 6 10 17 2 2 1
2 6 0 5 1 3 1 0 5 2 1 2 4 2
7 2 1 3 6 0 11 8 1 2 5 4 2 1
7 5 0 3 1 2 3 3 5 5 12 3 6 2
16 9 4 1 6 2 3 0 9 14 0 1 9 4
3 5 6 4 9 13 2 14 2 11 7 9 10 5
4 3 7 4 3 2 0 4 1 3 3 6 0 0
5 1 1 2 3 0 3 2 2 0 5 3 2 4
2 15 3 5 7 1 5 11 10 9 3 1 8 2
7 13 5 9 9 8 5 7 4 9 4 10 8 4
7 22 3 16 3 2 1 18 2 18 5 1 4 7
9 2 2 0 2 4 5 1 2 0 5 1 1 5
7 4 3 18 23 1 3 2 1 8 8 5 8 0
6 2 1 3 5 0 3 2 4 4 0 2 4 3
0 5 1 6 8 0 4 3 6 4 2 8 5 0
0 3 9 1 2 11 3 10 5 1 0 12 0 6
3 8 2 2 0 1 0 0 2 3 7 1 1 5
2 3 7 4 7 6 10 2 19 3 22 2 0 20
11 6 1 10 9 12 9 0 9 1 2 1 1 9
14 8 2 1 4 2 16 2 16 0 12 5 4 3
11 0 12 6 6 9 10 3 8 1 1 5 9 7
4 1 3 2 2 1 1 2 3 4 1 7 2 6
17 0 7 2 7 3 2 9 1 1 1 3 8 4
5 16 16 8 3 15 1 11 5 18 0 12 1 6
13 3 11 10 4 3 8 2 5 7 1 0 2 7
3 4 9 2 4 0 4 1 3 0 2 4 2 2
6 1 7 1 16 0 3 0 4 7 1 0 7 6
1 2 3 6 2 2 2 2 0 2 4 9 2 3
13 4 2 1 7 3 0 22 3 3 8 8 4 10
4 11 3 2 0 14 2 8 6 2 6 2 3 7
1 13 7 13 9 6 7 11 4 2 2 5 17 15
14 1 8 3 14 6 3 1 10 3 17 5 10 20
3 2 1 1 1 5 7 1 3 2 4 6 3 6
4 2 3 4 3 3 2 4 1 6 3 2 1 2
15 2 2 7 4 9 5 0 4 10 1 12 7 0
8 4 12 7 10 5 8 12 18 3 0 10 7 14
2 7 2 6 10 0 9 11 9 3 2 14 1 19
8 0 1 3 1 8 10 7 2 2 17 3 3 7
12 5 7 10 10 15 2 9 3 4 4 6 9 23
1 12 8 4 0 2 7 11 12 4 22 6 10 8
6 1 1 2 8 12 2 18 1 1 3 7 8 1
1 8 9 7 3 3 4 4 12 9 6 9 2 8
9 5 4 8 2 2 8 3 2 5 7 7 3 10
13 3 7 10 24 5 3 7 4 10 0 9 1 8
5 3 11 9 4 10 12 11 3 8 8 10 17 8
2 8 1 4 9 4 4 3 13 1 10 4 1 1
12 2 26 4 6 10 12 6 3 1 2 0 12 16
7 3 3 14 7 3 0 3 2 1 0 8 3 2
7 11 6 3 4 12 31 6 3 4 5 12 2 6
1 5 11 1 4 6 3 0 1 8 8 9 4 3
1 12 2 4 2 1 11 8 7 5 5 0 2 1
2 3 4 1 1 1 5 9 2 4 4 3 3 0
20 7 2 3 0 4 5 3 0 2 9 9 16 2
3 2 5 3 3 2 4 5 1 3 4 1 1 3
8 6 9 12 3 4 19 5 2 13 2 12 10 6
3 2 4 3 5 13 7 8 1 1 2 1 2 7
0 5 13 8 5 2 1 3 8 2 2 4 1 1
9 7 12 16 1 2 3 1 7 4 17 10 4 9
1 0 6 6 8 17 10 4 3 0 5 1 8 23
1 18 13 4 4 7 3 4 19 2 4 3 4 11
8 4 5 17 6 18 5 12 8 5 5 1 6 8
2 7 3 1 2 2 1 1 1 5 6 0 1 6
4 1 1 2 2 2 1 0 4 6 3 2 2 5
15 1 10 10 9 7 4 6 4 3 12 18 8 1
2 3 5 1 0 1 4 1 2 6 3 6 1 3
2 3 5 7 3 5 1 2 11 18 12 12 14 2
8 0 3 6 3 2 2 0 3 2 3 1 0 1
9 2 15 1 0 1 2 4 4 5 7 7 11 7
2 5 3 2 2 1 4 3 0 2 2 1 3 9
1 1 2 5 11 14 10 9 3 7 17 7 5 13
9 2 3 1 1 1 4 6 0 5 5 1 5 0
5 9 10 12 4 5 10 12 0 2 18 2 14 20
9 15 0 3 5 12 6 4 7 4 13 13 1 23
14 1 11 11 12 21 0 7 3 17 4 3 6 1
1 0 3 5 12 0 6 4 1 2 3 13 9 2
5 11 7 18 2 8 11 11 7 12 12 2 12 2
9 0 13 12 3 6 1 4 10 9 14 2 15 10
1 15 11 8 9 9 3 14 5 23 1 1 10 4
3 14 24 6 8 5 9 10 9 4 8 4 1 13
11 9 4 9 0 1 8 2 1 2 6 4 2 4
6 1 13 9 2 7 14 3 15 2 1 0 4 7
0 8 0 21 5 0 8 8 2 4 1 10 6 0
5 1 2 6 9 8 0 3 16 2 5 26 0 7
0 2 2 2 0 6 1 1 2 5 4 5 10 7
7 3 6 12 2 2 3 5 3 8 2 3 9 20
4 1 1 0 8 5 3 8 8 1 9 1 6 1
7 2 2 2 4 1 5 4 3 7 6 1 3 2
5 7 3 5 1 0 3 12 6 4 2 7 2 4
5 5 3 6 2 0 5 2 3 1 1 2 5 1
5 3 3 5 7 5 7 2 0 6 5 2 7 1
7 6 17 6 0 4 2 10 14 6 7 5 26 5
2 8 5 3 4 2 1 6 3 1 0 0 5 2
12 17 13 14 7 6 6 10 4 4 4 16 4 4
1 2 4 4 4 4 1 1 8 7 1 4 5 4
11 0 0 3 3 3 7 7 1 10 3 7 3 4
2 8 2 5 0 3 3 0 4 5 4 5 2 4
3 4 6 1 0 9 3 5 1 3 2 1 1 17
3 10 12 7 4 2 2 5 2 8 5 13 9 5
3 5 2 1 6 5 1 13 1 7 5 4 3 6
2 1 0 0 2 4 8 6 3 0 2 0 2 7
5 2 1 0 2 1 11 3 5 5 3 1 4 4
3 7 8 2 3 3 2 7 3 8 6 3 2 2
1 2 0 5 2 1 0 2 7 3 3 2 2 7
7 11 1 5 15 3 0 9 4 8 14 4 16 10
5 11 4 12 3 0 7 4 6 14 15 12 4 6
2 3 4 4 2 1 3 7 3 5 9 0 4 5
16 20 9 5 7 0 2 2 19 1 10 6 16 1
12 1 10 6 1 0 5 6 11 10 19 13 9 6
11 4 9 9 21 5 2 5 2 21 2 3 2 11
2 12 26 2 7 0 6 11 5 6 3 7 9 2
2 10 9 1 16 13 0 14 1 4 2 10 4 5
9 11 3 1 4 1 1 1 12 2 4 1 7 4
15 6 10 1 15 2 11 11 8 0 14 5 5 4
2 2 5 3 4 1 3 1 11 3 2 6 7 9
1 0 3 5 3 6 7 6 2 6 3 8 0 2
2 5 2 1 3 4 3 4 22 6 20 11 1 3
10 7 3 8 7 1 1 7 2 9 2 8 6 3
9 9 14 14 17 6 14 11 4 15 3 2 7 7
2 13 8 2 2 1 9 2 3 2 6 10 15 0
2 5 2 4 1 1 10 13 1 8 11 7 4 9
1 10 1 3 5 2 7 1 4 3 1 3 6 6
8 3 8 6 11 2 9 8 8 4 16 6 4 14
8 11 7 14 22 4 10 0 3 8 2 2 5 12
3 5 11 2 4 11 6 0 10 2 2 1 1 3
1 5 4 15 2 10 2 3 3 18 4 9 6 4
1 0 5 1 5 1 9 3 0 5 0 8 3 0
7 12 7 10 10 10 6 2 20 6 5 15 1 9
3 14 6 5 6 4 5 1 12 15 4 12 2 12
3 3 0 3 6 5 3 4 5 4 4 1 2 6
16 3 3 3 8 6 4 3 2 9 2 7 4 5
1 0 2 10 13 16 3 9 8 14 4 4 2 3
7 5 4 0 2 2 1 9 1 7 5 2 5 4
6 1 4 2 1 5 11 1 1 6 11 1 2 8
0 5 2 2 6 0 2 5 7 3 8 7 1 6
11 15 14 4 7 8 12 3 16 2 14 4 2 2
1 4 12 17 16 7 3 1 20 3 2 11 0 2
8 2 3 5 6 3 7 12 4 9 5 9 2 2
1 6 2 6 7 4 9 5 7 4 13 13 5 7
13 2 6 16 7 12 9 2 3 3 5 2 1 1
13 1 18 11 17 3 9 7 11 12 6 4 2 7
7 1 1 8 8 3 4 4 10 5 8 7 11 7
9 2 8 2 4 0 4 5 0 0 2 4 11 3
3 2 2 0 8 1 1 4 2 1 0 4 2 3
3 15 6 13 10 5 5 8 6 2 6 10 1 18
13 10 1 0 7 0 9 3 2 3 17 5 11 8
5 3 2 7 1 5 11 3 6 4 20 4 7 11
5 2 2 1 2 5 6 3 6 2 7 13 1 3
7 8 25 5 10 3 10 15 6 12 0 8 2 7
10 5 5 1 7 15 1 9 6 12 10 10 4 7
4 1 3 6 0 2 2 2 2 0 3 1 2 0
10 1 8 8 5 10 0 1 8 1 12 2 1 7
0 3 17 13 2 18 3 16 11 6 5 11 12 5
2 3 2 2 1 7 6 4 3 3 0 5 6 3
3 2 1 4 4 1 1 2 4 3 5 2 2 3
11 8 4 4 10 12 7 5 2 2 18 2 7 9
13 11 15 9 12 1 9 9 8 10 1 5 12 10
21 8 3 18 3 10 8 1 11 10 0 16 4 6
0 11 16 6 2 10 5 3 18 18 9 2 6 2
10 9 5 11 15 11 1 2 1 8 6 20 15 10
4 7 22 10 7 10 2 11 7 11 2 8 16 6
2 5 4 10 3 1 6 13 14 0 12 9 7 6
5 5 1 3 6 7 7 3 2 4 3 5 8 8
8 1 1 13 5 4 1 17 5 6 6 8 16 1
16 4 5 8 14 0 11 9 7 10 2 2 3 7
0 11 25 1 4 3 2 17 3 6 15 0 0 7
3 6 4 2 14 5 6 18 8 12 6 2 5 7
4 0 13 4 3 8 2 10 6 8 1 13 1 5
2 2 1 1 2 4 2 5 5 2 2 1 3 6
15 5 1 11 5 14 5 7 6 8 7 4 4 0
1 5 4 5 10 3 3 2 0 4 7 10 6 0
4 14 2 19 4 19 8 11 7 14 3 10 7 6
1 7 4 20 2 6 6 0 4 7 11 1 16 17
2 15 3 4 10 1 10 0 13 15 11 3 1 4
20 2 10 0 12 3 12 18 0 4 0 4 10 1
4 3 9 4 7 6 8 0 2 7 1 10 17 2
0 4 0 5 1 1 1 0 0 6 3 2 1 4
2 1 7 3 0 5 2 0 3 5 2 1 1 1
7 1 2 3 22 8 2 3 5 11 2 16 9 8
2 15 10 14 2 4 3 11 16 5 6 0 1 3
6 14 0 14 11 6 6 3 9 2 8 10 0 18
1 1 8 1 6 0 2 11 3 3 1 0 0 10
3 1 4 1 3 4 4 2 6 0 2 6 3 3
1 5 6 1 1 3 3 1 3 5 0 3 1 1
9 5 19 13 15 5 9 0 11 4 13 4 2 14
3 1 0 4 4 2 6 2 3 3 5 2 2 3
2 4 1 0 4 2 4 3 6 3 2 1 0 1
0 2 5 0 8 4 6 4 2 0 1 1 6 1
18 2 13 3 12 2 4 13 19 9 5 1 2 2
9 7 7 10 0 11 9 2 17 4 5 4 7 10
2 1 2 3 1 6 1 1 3 0 4 5 3 3
6 6 5 0 2 3 4 1 2 9 3 1 2 4
1 8 12 14 3 26 13 2 2 7 10 1 6 1
6 4 3 11 16 1 0 10 3 2 10 3 4 14
8 4 8 0 3 14 3 14 18 10 3 3 1 12
6 21 6 10 5 2 4 13 2 9 3 4 8 0
4 9 10 6 9 3 4 11 2 3 14 6 21 5
11 1 6 18 3 2 9 12 14 15 2 6 7 0
5 7 1 6 6 10 6 3 1 1 7 7 6 3
3 12 1 15 6 3 6 7 5 2 4 2 27 3
2 8 10 8 2 2 1 10 9 21 9 8 5 15
9 11 15 13 13 2 1 2 7 1 10 2 15 8
5 10 3 7 6 4 9 5 2 7 8 1 12 14
7 2 4 3 3 1 1 10 1 3 4 3 4 6
9 2 19 4 14 1 5 0 8 1 14 7 13 5
1 9 9 20 5 8 4 2 10 1 9 0 1 11
2 7 8 6 0 2 8 8 3 2 4 4 0 4
5 5 7 2 10 2 7 13 11 18 6 3 16 9
5 4 3 1 1 0 3 2 10 1 7 8 1 2
21 10 7 0 18 5 13 15 6 2 9 6 10 4
7 15 5 4 12 16 13 0 6 5 6 10 4 4
2 4 6 2 2 12 16 14 5 4 16 1 16 3
1 5 4 11 6 4 10 17 3 11 5 10 12 8
3 9 2 14 4 11 5 13 16 4 1 7 12 8
6 1 4 6 1 4 1 4 3 7 0 1 1 6
3 0 8 1 6 2 3 2 6 3 8 9 1 1
12 14 0 23 1 16 6 6 3 10 3 0 11 5
8 1 4 2 1 0 4 1 7 4 1 1 0 5
0 13 5 0 0 4 2 11 14 3 9 0 3 1
2 1 1 4 3 2 1 4 1 1 1 7 0 5
9 2 2 0 2 4 1 2 2 4 0 1 2 5
19 2 5 3 6 6 11 1 7 19 8 11 16 6
6 0 19 14 1 14 4 3 3 8 0 10 7 4
10 0 2 1 13 1 5 1 2 6 3 3 2 4
2 7 3 6 0 2 1 4 2 1 4 6 4 2
2 4 1 1 7 4 8 6 2 1 7 2 4 4
6 11 5 14 13 10 2 5 1 4 8 2 1 2
4 1 5 5 0 0 2 2 2 1 4 8 6 10
9 8 7 1 3 4 3 4 11 3 3 0 7 6
4 0 2 14 5 11 14 1 0 6 6 4 3 6
1 3 7 16 5 2 7 5 9 5 7 6 7 14
17 3 11 9 3 9 1 5 8 5 4 15 10 10
2 8 9 3 1 1 3 4 6 0 3 9 3 1
10 5 7 11 4 4 6 4 1 2 12 2 8 3
14 2 6 1 9 6 1 12 3 7 10 4 5 5
5 6 14 3 7 2 1 12 1 2 6 3 7 1
8 6 8 11 3 3 10 2 2 9 13 4 6 6
11 7 4 8 16 12 5 5 1 6 4 1 1 1
12 11 3 4 3 8 6 2 2 0 1 5 2 3
9 6 7 3 3 17 2 18 3 1 2 1 14 4
17 6 2 10 3 2 10 5 1 3 5 0 21 3
3 9 9 1 6 1 15 7 0 16 12 5 7 14
2 1 7 9 0 1 6 5 6 0 0 8 2 2
2 4 11 5 6 7 3 4 6 1 1 11 1 2
1 10 15 17 4 2 7 7 4 9 9 2 5 6
4 2 4 4 4 2 16 12 9 4 2 1 1 8
2 6 5 10 14 11 1 6 14 5 0 5 14 6
2 3 6 8 1 8 12 7 6 0 4 17 5 5
8 2 2 8 1 9 9 15 7 3 3 7 4 14
3 19 7 6 13 0 1 4 0 2 1 9 9 16
3 2 2 3 1 2 1 3 0 4 5 10 2 3
6 1 3 1 8 1 3 3 1 1 3 4 3 5
16 4 1 16 4 13 2 10 10 5 2 8 5 2
1 3 2 1 7 1 1 11 3 4 5 11 1 4
1 0 13 4 3 8 8 18 19 5 8 9 4 13
4 8 2 3 7 3 1 4 3 2 0 11 9 11
7 10 9 1 4 1 4 9 8 0 6 9 0 4
6 8 7 4 1 6 13 1 4 3 9 8 0 9
10 3 20 4 11 4 2 4 3 7 6 4 11 19
2 4 3 11 4 3 1 1 4 13 7 2 6 8
5 4 5 24 1 10 5 5 10 9 5 7 10 6
12 8 23 8 10 4 11 7 1 9 8 2 3 9
8 1 6 14 9 10 9 7 7 1 4 3 8 3
3 4 3 4 0 3 0 1 11 8 5 1 2 5
1 5 8 1 1 0 3 16 0 1 4 1 0 11
1 4 1 9 7 4 1 2 1 8 4 2 3 9
0 4 1 4 3 2 0 10 1 2 5 2 2 2
8 9 4 7 2 3 3 0 7 1 2 6 1 7
7 13 10 8 7 13 8 13 3 4 3 1 8 5
5 5 5 4 6 3 1 19 4 13 15 5 3 9
21 11 13 15 5 16 11 6 3 3 1 10 9 1
2 1 4 0 8 1 5 8 7 4 6 4 4 5
3 16 1 11 12 2 3 14 10 2 6 14 17 6
6 5 16 6 22 5 0 8 2 5 2 3 7 0
2 5 0 6 2 0 1 4 2 7 1 7 6 8
2 4 4 1 1 4 7 0 3 3 2 9 2 5
3 6 3 1 10 2 7 4 6 0 4 1 3 3
1 4 3 0 1 1 0 2 4 4 5 2 4 0
4 7 5 7 5 8 11 1 4 19 3 2 16 6
4 7 3 2 8 2 6 0 7 1 5 7 7 9
11 12 5 15 1 5 6 4 10 17 1 17 6 9
2 5 7 5 2 3 2 13 9 3 3 1 1 13
5 1 8 8 1 6 5 13 7 5 7 6 6 13
1 1 9 10 3 5 7 6 8 8 1 4 3 0
2 8 6 4 14 7 3 0 5 3 9 9 2 5
6 1 8 2 16 2 1 14 4 8 4 3 12 3
14 15 5 5 3 1 10 0 5 6 8 24 1 7
11 4 6 1 15 7 2 13 4 10 4 4 12 11
5 15 7 1 16 8 12 15 2 11 15 5 4 2
4 2 23 2 3 5 16 20 6 6 0 0 4 1
12 11 10 2 11 2 7 4 3 7 14 10 5 17
7 5 3 0 4 2 8 4 1 4 2 8 1 6
3 1 2 4 4 3 2 7 1 3 0 0 0 1
11 5 0 8 4 3 5 1 9 3 4 2 1 11
7 3 4 6 10 1 1 8 3 2 27 10 9 18
2 4 11 7 0 4 11 4 0 3 3 2 8 4
11 8 15 13 6 1 17 10 5 17 9 2 0 2
2 7 7 14 9 11 13 0 6 1 7 1 1 13
1 12 8 7 10 5 10 6 13 10 3 6 17 2
1 2 7 8 0 0 0 4 5 11 3 3 4 1
4 0 14 0 6 4 10 6 9 8 2 1 2 2
8 5 5 8 17 1 17 0 10 4 11 10 15 12
5 11 11 6 6 14 5 17 20 3 2 6 3 2
9 9 8 0 4 2 6 3 0 3 3 1 5 16
3 11 5 10 4 2 4 21 6 9 8 2 0 11
3 7 3 4 7 7 7 11 5 9 0 1 8 14
0 9 5 16 21 5 5 6 5 3 0 8 6 7
15 14 8 3 5 4 2 5 1 12 12 7 10 16
3 9 3 0 6 5 3 19 3 3 2 4 2 14
6 4 4 13 2 9 9 23 7 9 3 12 3 9
2 4 4 0 4 5 3 2 4 0 5 0 3 3
4 5 3 3 7 6 1 1 1 1 0 0 2 2
14 1 1 15 4 6 14 1 14 2 6 19 5 3
1 5 6 1 3 4 1 5 1 0 4 6 7 6
2 5 1 2 2 1 8 7 4 4 9 11 2 4
1 1 1 3 5 4 13 4 3 3 1 8 0 6
11 2 13 2 1 5 14 8 6 4 2 6 3 13
10 2 6 7 8 8 0 12 2 6 1 13 3 1
3 5 3 4 6 7 3 6 8 18 4 8 8 0
3 4 4 3 4 2 2 10 0 1 1 5 3 0
6 0 6 1 2 1 7 1 1 1 3 0 4 1
3 1 2 4 1 3 3 3 2 0 2 4 5 1
1 4 0 2 6 3 1 3 3 4 5 2 3 4
4 4 5 1 6 0 6 9 1 7 9 10 2 3
1 3 4 1 4 1 8 2 1 11 3 0 5 1
2 0 4 2 6 0 2 4 3 7 2 8 2 2
1 3 6 2 0 5 0 4 1 0 1 2 3 5
3 2 4 0 3 1 3 4 4 10 7 4 2 0
15 2 16 1 12 18 7 8 13 3 0 5 1 15
3 3 2 5 5 14 2 5 1 2 21 1 6 0
4 3 9 2 1 3 6 2 12 8 20 2 7 4
5 1 2 18 14 6 24 10 3 13 4 2 9 7
1 3 3 5 4 0 3 1 5 3 7 4 0 0
1 4 5 3 8 6 2 8 5 6 9 9 3 1
2 1 12 9 4 4 21 10 6 4 8 3 5 0
3 5 2 3 4 0 1 8 8 5 1 1 6 6
6 15 5 17 4 3 5 10 6 12 5 17 1 2
2 10 12 8 3 15 6 15 5 1 5 3 11 4
11 0 15 12 10 17 10 4 1 10 4 3 0 6
0 1 9 1 1 1 1 7 1 2 4 1 3 2
14 7 9 2 6 7 6 5 7 4 6 5 2 7
8 9 16 7 5 8 4 4 4 16 8 14 14 10
4 4 5 16 4 2 2 16 8 11 2 7 4 1
3 5 6 1 3 2 3 1 1 0 1 6 8 5
10 9 8 8 3 7 17 5 5 0 3 14 4 11
6 7 4 6 2 3 10 3 6 4 3 5 6 7
12 12 4 4 13 2 10 5 0 5 0 16 10 13
6 15 0 6 5 1 16 3 3 9 1 9 8 6
4 3 11 2 21 2 19 4 1 11 16 1 4 12
5 10 1 6 3 8 9 2 1 11 6 6 4 5
11 6 10 1 16 2 10 9 6 2 6 12 12 9
4 4 3 3 3 4 6 5 7 5 1 10 6 11
9 10 6 14 5 1 0 9 16 15 3 5 5 2
4 0 6 3 2 2 5 5 5 3 7 2 2 5
1 5 6 12 2 5 2 5 1 0 4 2 5 3
6 8 5 8 15 4 10 2 1 12 4 1 5 4
8 10 14 2 2 5 3 2 5 16 9 6 8 10
13 4 5 2 13 0 16 5 12 13 4 4 13 2
2 2 4 8 0 8 3 3 17 2 1 13 1 6
4 10 4 3 9 2 6 8 12 4 3 12 4 5
0 0 7 0 5 2 6 4 4 8 3 2 5 4
7 2 1 3 3 3 1 4 1 5 2 5 1 3
11 7 3 3 1 4 4 6 8 9 6 8 2 7
5 5 13 7 0 10 8 3 4 12 4 4 3 1
5 18 10 6 3 8 3 8 2 11 10 4 10 1
4 11 9 4 9 17 9 3 9 18 4 6 0 2
3 19 4 1 2 1 7 3 6 5 12 2 1 2
20 1 10 3 1 2 2 1 1 9 14 10 6 25
5 6 1 14 2 10 3 1 4 15 15 4 7 2
2 11 5 6 5 12 6 4 0 8 4 6 3 0
3 0 15 9 6 2 6 2 2 2 18 0 1 10
4 2 13 6 12 1 4 10 15 3 17 6 2 1
9 1 4 1 3 18 7 5 8 11 7 18 6 4
6 12 7 1 2 2 2 3 1 2 3 3 3 3
1 6 4 0 5 3 4 5 3 6 1 5 8 5
6 0 8 2 6 4 5 3 5 6 7 10 11 8
3 3 1 5 0 1 1 3 7 6 4 0 1 1
0 5 2 0 4 4 4 6 2 0 7 6 4 2
7 10 19 6 9 1 15 16 2 5 3 8 12 6
6 1 2 1 7 6 1 0 4 7 6 7 7 2
2 6 9 5 7 14 6 17 2 2 3 2 4 11
4 13 7 10 1 0 4 5 6 3 13 8 21 1
3 3 2 3 4 8 5 0 5 8 4 7 10 3
2 1 4 13 15 19 15 3 6 8 8 10 2 14
9 4 2 3 2 3 6 5 1 9 3 6 2 2
14 8 9 21 0 10 1 2 5 14 5 3 6 1
13 5 2 5 6 9 0 11 20 9 2 3 8 3
4 2 3 4 1 13 17 4 10 2 3 8 0 20
8 2 12 11 6 16 8 11 9 5 1 7 7 9
2 8 7 4 4 7 9 4 1 11 13 1 2 15
4 6 2 10 8 4 1 4 0 2 0 8 6 2
3 1 7 4 4 1 5 0 3 5 1 4 1 8
2 3 2 2 4 3 4 3 5 3 1 4 12 5
6 7 11 1 4 0 17 2 10 5 1 7 2 3
7 3 18 1 1 3 11 6 3 3 7 1 14 3
5 3 6 9 3 2 1 7 6 2 4 2 4 4
2 3 1 0 5 0 5 3 1 6 0 4 1 2
5 2 3 1 3 6 3 1 6 4 1 9 2 3
5 11 6 11 9 6 10 8 6 1 10 2 8 10
5 5 2 5 1 8 2 14 3 1 2 9 5 14
0 9 2 4 2 2 2 11 11 2 3 6 7 2
17 7 14 1 4 8 16 15 5 1 5 11 13 10
5 0 8 4 11 8 11 25 8 4 3 2 2 14
3 5 14 21 1 3 9 10 1 12 8 6 15 3
0 1 1 2 1 3 4 0 6 3 1 1 3 7
3 7 6 3 1 5 4 3 4 6 5 0 1 12
1 2 1 2 2 1 3 6 4 8 0 5 0 0
6 1 3 10 1 1 11 3 2 6 3 12 2 3
6 1 15 6 5 5 2 11 3 4 2 6 7 4
6 0 6 2 4 1 4 0 3 11 0 1 3 1
5 2 2 3 15 17 1 3 4 1 9 6 5 7
3 1 11 15 2 1 2 10 5 0 5 3 10 5
6 2 2 15 4 7 2 3 9 8 9 5 27 15
1 2 5 9 4 3 4 7 5 6 2 0 2 5
11 1 8 12 6 10 1 3 1 7 3 1 11 16
2 4 6 14 14 17 10 6 8 7 13 12 12 7
1 1 3 3 1 4 4 0 4 2 0 4 3 1
0 4 9 0 1 2 2 1 1 0 0 2 2 1
0 7 10 1 0 10 5 1 4 3 0 1 1 5
8 2 10 2 3 1 4 2 4 2 4 3 2 4
3 3 11 0 2 7 8 6 6 14 0 2 6 4
9 7 2 8 22 0 10 7 12 6 1 11 4 7
5 6 11 3 6 16 0 2 12 9 2 8 5 9
7 3 7 4 12 5 7 3 17 2 2 3 0 1
7 7 3 5 1 1 3 3 8 3 11 13 20 6
1 2 3 9 3 1 4 4 7 2 1 6 3 1
3 2 1 3 7 0 4 2 1 2 2 4 2 1
9 0 12 16 2 1 6 0 3 19 7 6 10 2
11 4 4 9 4 8 5 10 4 10 4 3 3 7
7 8 0 2 8 4 0 14 2 0 9 3 2 0
2 2 6 9 3 6 4 1 3 11 8 2 4 16
8 6 3 5 8 4 10 12 8 4 1 7 9 6
1 3 3 5 9 0 0 0 2 2 4 1 3 0
5 7 5 9 6 7 5 12 5 8 14 14 9 19
2 1 9 5 7 1 1 3 5 3 7 3 2 2
9 13 9 8 7 12 1 18 3 1 8 3 0 10
8 1 17 1 7 10 7 3 22 16 2 6 15 5
1 0 2 4 5 5 2 0 0 2 0 1 4 3
12 4 6 1 1 4 8 2 12 1 4 3 7 7
6 2 2 7 2 0 4 3 6 7 6 1 4 5
2 2 4 5 3 6 4 1 5 4 2 1 3 5
7 17 2 1 1 4 12 10 8 12 6 16 13 12
3 3 4 1 13 2 3 0 1 5 14 9 6 1
3 4 1 2 3 9 1 7 11 1 1 4 4 10
3 21 6 3 3 5 14 6 9 14 0 17 10 8
4 5 6 11 5 3 6 17 3 6 7 5 7 2
5 6 4 6 7 5 14 15 12 4 6 14 2 12
8 14 8 3 14 6 1 0 4 9 8 7 12 14
0 3 6 2 4 1 0 2 2 12 11 4 4 8
1 2 4 0 2 1 3 5 2 8 1 0 1 2
13 8 3 9 3 1 3 2 9 4 1 1 7 5
4 12 6 2 9 0 9 11 13 0 6 3 0 3
3 6 7 4 3 6 16 6 4 6 2 9 8 2
7 1 6 6 9 1 1 1 9 14 1 12 5 1
2 3 2 3 5 3 0 3 1 6 2 2 3 1
11 8 2 6 6 6 11 0 0 1 6 9 0 3
9 2 15 7 6 11 4 11 11 7 7 5 3 8
4 1 7 5 1 1 1 7 1 1 2 4 2 0
15 18 1 1 14 4 15 2 15 7 1 1 4 15
1 8 5 3 1 3 2 3 11 9 19 3 3 0
10 1 1 2 0 2 0 8 1 2 6 2 1 3
14 0 0 2 0 6 7 5 6 2 7 14 1 1
4 1 1 1 4 3 6 1 7 0 0 1 1 5
3 4 4 2 5 5 2 1 1 5 1 8 0 2
5 0 5 5 3 0 5 5 1 3 6 0 3 3
8 3 4 1 3 5 7 6 11 5 5 7 7 8
3 3 4 6 2 1 9 1 5 3 3 4 5 1
2 6 0 4 11 6 9 14 3 6 2 0 6 2
1 2 2 2 1 1 10 5 3 3 8 1 3 14
6 7 12 5 12 7 2 1 3 1 8 7 5 8
9 14 3 0 11 2 3 0 8 4 6 8 8 3
3 2 12 4 5 7 1 2 3 4 10 3 1 0
4 3 2 14 5 16 12 18 12 2 5 5 7 2
0 9 4 4 11 11 8 3 6 0 12 4 2 6
7 3 8 5 3 3 2 10 8 3 4 2 5 3
6 13 16 8 4 8 8 7 3 1 5 3 8 17
2 7 4 4 3 5 13 9 6 13 4 14 7 14
3 1 1 4 1 3 5 1 2 0 2 2 9 1
7 8 12 3 2 6 9 9 12 8 4 15 7 4
3 1 5 1 3 0 3 2 5 2 2 1 5 5
1 4 5 1 1 3 2 0 6 7 5 5 2 2
3 3 6 1 2 1 0 0 3 4 1 2 6 0
1 9 0 3 12 1 7 1 3 0 1 3 5 4
4 8 10 2 10 1 1 4 3 4 6 3 3 8
3 2 4 7 6 5 9 8 1 0 0 1 2 3
3 5 3 15 6 1 2 1 4 1 2 11 7 3
2 4 5 16 13 3 22 6 3 7 0 1 3 11
1 3 7 1 7 3 2 6 1 11 6 6 3 8
6 3 7 2 2 10 6 17 2 15 1 6 8 8
2 3 4 2 7 5 4 4 0 2 0 5 1 2
5 6 1 2 6 2 2 3 0 1 5 7 7 1
0 1 3 10 1 0 7 2 2 1 1 1 2 3
3 7 3 2 8 2 4 6 1 2 5 1 0 2
2 10 2 3 12 6 5 11 13 15 11 4 0 21
1 3 0 2 3 9 2 4 9 9 1 2 2 2
1 5 1 1 3 1 6 2 1 1 4 3 8 5
4 6 1 6 4 0 7 2 6 2 2 3 7 4
11 4 4 10 2 8 7 1 4 0 4 15 6 6
16 2 8 0 23 3 3 10 8 6 0 5 2 4
2 2 10 15 5 12 8 9 1 8 9 19 7 11
9 6 6 10 9 0 13 15 2 4 2 2 14 5
13 1 6 10 1 7 14 8 9 2 4 4 5 5
4 14 3 0 1 2 8 8 3 2 11 1 5 4
9 4 4 1 5 3 6 22 14 1 2 2 4 10
11 13 10 5 9 15 16 11 7 6 1 8 12 12
0 2 2 0 4 4 1 4 7 2 1 5 1 3
4 1 6 7 1 5 21 10 25 12 9 5 2 1
0 4 5 1 1 1 1 1 1 4 5 1 5 0
2 5 7 6 3 5 4 7 16 1 13 4 0 6
4 3 1 5 3 4 1 1 2 3 2 1 2 1
5 5 7 14 10 15 0 14 6 5 7 10 11 3
6 7 6 13 6 1 15 19 7 0 8 13 9 5
1 2 2 7 4 0 2 2 5 2 2 1 2 3
2 5 9 3 5 16 4 0 18 0 12 7 4 2
0 3 1 7 3 1 1 0 2 6 6 1 5 3
5 3 8 1 1 4 1 2 1 2 1 7 10 6
3 1 0 2 1 1 2 2 1 1 8 1 1 1
19 1 7 16 6 7 9 12 17 1 2 9 4 5
6 3 15 0 12 9 0 3 15 9 7 5 18 15
3 8 18 10 1 14 1 9 3 4 3 13 4 3
7 7 2 6 7 2 12 4 17 3 4 2 1 0
1 3 2 4 8 4 1 1 5 5 7 3 1 5
11 3 1 1 4 5 0 3 5 7 1 13 13 15
5 4 2 5 2 3 5 3 1 3 10 2 4 1
3 4 4 10 3 1 1 2 2 3 5 3 0 5
6 5 12 7 12 0 6 4 13 9 1 12 8 2
0 3 3 14 2 5 13 21 11 4 1 4 1 5
2 6 6 2 0 2 4 2 5 2 5 1 6 10
0 7 1 3 13 8 8 7 6 4 14 13 15 13
4 4 5 3 0 1 2 7 1 5 9 1 2 5
15 3 3 2 5 17 4 2 3 3 3 8 6 1
7 7 10 5 2 4 6 2 0 3 3 10 0 8
6 5 14 1 7 11 17 5 5 5 5 1 12 2
5 1 4 1 1 2 1 5 1 5 1 6 6 2
3 2 5 5 1 7 0 5 4 6 2 3 5 4
6 5 2 0 3 2 5 3 4 1 1 2 0 2
1 1 2 3 0 1 1 3 8 0 3 0 4 1
1 5 10 8 4 2 9 3 3 0 8 9 3 9
4 5 9 3 3 1 4 1 8 3 0 4 4 12
10 7 6 8 11 1 6 8 0 2 3 7 4 15
4 1 4 5 6 16 6 5 19 4 17 9 18 9
14 4 5 6 8 10 9 14 8 11 15 2 18 5
2 2 14 10 2 3 4 5 4 1 4 4 4 0
0 6 3 1 3 7 11 17 2 10 2 4 13 6
2 0 5 8 12 4 15 1 7 10 9 4 0 5
3 6 4 3 10 3 1 6 25 2 19 6 12 1
2 2 6 6 3 7 0 6 11 1 2 8 9 5
5 10 12 13 6 1 8 9 4 3 3 2 5 2
4 6 3 8 13 6 5 12 9 14 7 5 5 1
9 0 0 2 6 2 4 3 2 5 1 6 0 3
2 6 8 6 0 6 0 10 22 1 1 6 6 7
14 10 8 9 7 6 5 1 5 4 16 3 9 2
8 2 4 1 1 1 4 6 5 5 9 6 1 6
9 4 1 9 15 1 8 0 6 9 14 12 1 6
8 5 8 4 2 17 5 7 6 1 13 8 4 2
7 2 4 2 2 1 6 1 2 1 13 1 4 3
12 4 13 12 9 19 6 7 12 8 8 3 8 3
1 4 4 0 1 9 3 9 7 0 4 3 0 0
3 2 4 8 7 3 2 1 5 3 2 4 4 8
3 3 3 2 5 1 7 0 8 8 2 4 4 4
8 1 2 14 9 8 16 9 0 1 10 14 5 10
1 3 0 1 2 5 1 0 7 9 1 1 3 3
3 4 6 3 2 6 1 0 0 5 3 1 1 2
1 1 0 0 10 7 0 8 12 3 4 5 4 8
10 7 1 12 6 3 3 7 5 2 14 5 4 3
13 3 10 8 2 0 8 6 3 0 15 6 7 2
1 8 6 6 6 0 2 0 5 6 8 0 4 0
3 5 2 2 1 4 2 3 3 2 1 2 6 7
5 1 6 3 0 5 3 4 5 1 2 1 3 4
1 3 1 4 6 4 6 3 0 3 4 2 5 2
0 13 11 10 14 7 14 14 2 8 17 3 10 4
10 2 11 0 3 2 3 2 12 11 4 5 2 8
9 3 11 7 4 9 1 0 2 6 5 2 1 5
8 7 6 0 1 2 0 1 3 2 1 4 8 5
3 2 5 7 1 5 6 1 3 4 7 7 2 5
1 1 6 4 5 3 1 2 0 1 4 3 7 4
3 6 6 2 4 5 11 6 4 3 6 0 6 0
4 3 5 5 3 6 10 16 4 6 3 11 1 12
7 2 3 5 6 3 1 0 5 4 14 2 11 2
4 1 11 1 2 6 9 19 4 11 6 0 21 1
13 7 3 1 13 4 10 16 12 10 2 7 22 1
3 2 12 5 6 6 3 5 2 13 1 2 4 3
6 2 6 5 3 3 3 0 2 1 2 3 5 3
1 8 2 8 3 7 0 3 4 3 5 4 7 7
6 19 1 6 14 16 8 5 5 6 4 1 8 6
7 8 9 8 5 1 15 4 2 0 19 7 7 15
2 12 4 3 6 3 6 8 8 3 10 1 4 6
1 0 3 5 4 2 2 1 7 1 1 2 2 1
5 4 1 2 2 3 3 4 9 7 7 6 0 1
0 8 6 5 2 1 3 4 2 12 2 6 7 0
9 7 3 5 1 7 1 2 6 2 14 7 9 10
2 9 0 3 4 6 14 3 5 5 5 9 8 4
11 1 1 5 6 11 1 1 13 0 4 10 14 3
7 0 10 8 13 7 8 2 8 1 6 21 14 8
15 8 10 0 13 4 10 2 0 21 2 2 1 12
1 10 4 8 18 7 22 2 4 3 3 1 6 6
7 3 7 9 5 1 5 14 4 2 4 14 3 7
1 1 1 1 4 2 5 6 3 5 1 1 3 5
2 16 0 2 1 12 2 2 9 5 8 0 5 2
1 4 6 1 6 4 3 5 4 6 1 1 5 1
3 4 1 2 5 1 3 1 11 7 11 2 10 9
6 11 3 4 0 6 3 4 3 3 7 0 7 4
4 9 1 18 1 1 3 2 1 30 6 13 2 7
1 32
1 70
1 81
2 87
2 97
3 45
4 38
6 21
6 88
8 80
8 104
9 52
10 19
10 103
11 25
11 110
12 18
13 48
14 67
15 89
15 99
16 55
16 93
16 110
20 57
20 89
20 98
20 113
21 89
22 105
23 116
24 62
24 67
26 125
27 81
27 84
27 104
27 107
28 106
29 59
29 75
30 41
32 40
32 88
33 104
34 55
34 68
34 95
34 99
35 125
36 110
37 93
37 102
37 111
37 121
37 126
38 63
38 127
39 97
40 96
40 102
40 111
40 113
40 125
43 65
44 61
44 93
44 140
44 142
45 101
45 132
52 84
52 116
52 128
53 71
53 79
54 133
56 61
56 146
57 69
57 110
57 124
57 139
58 62
58 76
58 124
58 155
59 84
59 105
60 102
62 104
62 152
62 153
63 105
63 160
65 108
66 112
66 161
68 85
69 122
69 132
69 165
71 115
72 104
72 148
74 114
75 110
75 147
75 159
76 149
77 101
78 83
79 91
79 101
79 168
82 125
83 124
83 141
85 135
85 162
85 184
86 126
88 93
88 117
88 169
89 105
91 152
91 184
92 102
92 191
94 108
94 128
94 157
95 125
97 136
97 158
98 140
98 176
100 134
100 170
101 109
102 185
103 154
103 160
103 191
105 158
105 161
107 119
107 131
107 152
109 115
109 122
109 155
110 122
110 131
112 156
113 122
113 151
113 181
117 175
117 180
118 144
118 149
119 167
121 132
122 129
122 179
124 159
125 134
126 187
126 216
126 224
127 159
127 162
127 172
128 212
129 164
130 220
131 154
131 167
132 157
132 228
133 154
134 140
135 142
135 224
136 205
137 205
139 177
140 209
140 220
141 182
142 188
142 234
143 169
144 156
144 224
144 229
145 175
146 167
147 173
149 211
149 227
150 224
151 186
152 252
155 171
155 191
155 209
157 165
159 256
160 238
161 211
161 232
163 246
164 199
165 179
165 239
167 259
169 175
170 224
171 179
172 201
172 259
174 224
176 241
177 205
178 198
179 244
180 188
181 205
185 212
185 224
186 239
187 264
187 278
188 191
188 239
190 256
191 250
192 218
192 223
193 265
193 279
194 199
198 293
199 212
202 275
203 242
203 247
203 282
205 235
205 268
205 301
207 261
207 294
207 301
208 215
209 242
209 250
209 258
209 279
210 245
211 256
213 310
214 293
215 312
217 229
217 292
217 309
218 220
218 277
218 282
219 309
220 255
220 319
221 319
222 279
222 285
222 299
224 280
225 306
226 234
226 247
226 253
226 305
227 239
227 311
229 266
229 270
231 232
231 290
233 273
234 238
234 256
235 274
236 275
236 319
237 284
237 336
241 244
242 255
242 259
243 322
244 279
244 343
249 326
249 334
250 289
250 310
250 322
250 328
251 272
252 332
255 259
255 353
256 327
257 290
257 332
258 268
259 294
260 302
261 334
261 339
261 349
262 359
263 268
264 298
264 335
264 360
265 277
265 339
265 350
267 296
267 337
268 352
269 278
269 326
269 338
270 293
270 333
271 296
272 293
272 296
273 298
275 345
280 284
281 373
284 302
286 309
287 315
287 320
287 345
287 348
287 363
287 384
288 357
288 362
289 362
290 372
291 303
291 308
292 362
293 314
293 380
296 336
296 369
296 389
297 351
299 371
299 382
300 350
300 396
301 341
301 344
303 307
303 370
303 402
304 339
305 375
305 388
307 340
308 318
308 373
311 323
311 371
311 378
312 319
312 405
313 375
314 321
314 352
315 318
315 371
316 320
317 397
318 343
318 416
320 343
321 360
321 372
322 367
323 404
323 409
324 395
325 329
325 342
325 371
325 401
326 406
327 363
327 422
329 400
331 345
331 380
332 392
334 336
334 393
334 408
336 392
337 358
338 347
338 366
338 367
339 370
340 406
342 361
342 416
344 351
344 360
345 350
346 369
346 408
347 382
347 392
347 404
348 406
350 412
350 422
351 410
353 434
354 364
354 423
354 428
354 437
354 438
355 446
357 456
358 455
359 365
359 452
360 428
361 364
362 412
362 426
363 385
363 434
364 399
365 372
365 379
366 465
367 425
368 448
369 391
369 431
370 373
370 453
371 392
372 402
372 440
373 385
373 400
374 448
374 454
375 392
375 396
375 404
375 407
376 419
376 437
378 425
379 419
379 423
379 443
379 466
380 403
380 467
380 474
381 418
382 470
383 405
383 439
384 397
384 402
384 437
384 484
385 479
388 466
389 455
389 486
391 435
392 491
395 421
396 421
397 483
398 475
398 498
400 467
401 477
401 484
402 442
403 449
404 429
405 407
405 415
405 461
406 440
406 442
407 453
408 485
408 489
411 443
411 450
411 462
413 425
413 468
413 492
413 509
414 447
414 457
414 464
415 429
416 483
417 422
417 508
418 490
418 503
419 441
421 461
421 462
422 423
425 513
426 483
426 517
427 482
428 429
428 502
429 444
430 467
430 520
430 526
431 457
432 446
432 511
433 505
433 509
434 486
435 491
435 495
436 499
436 530
438 489
439 501
439 537
440 516
441 523
442 488
443 504
444 528
445 502
446 482
446 539
448 470
449 528
450 535
451 477
451 547
452 509
453 465
453 530
453 539
456 459
456 467
456 553
457 498
457 532
458 468
458 479
458 494
458 539
460 501
461 463
461 551
461 552
462 482
463 478
463 490
463 491
464 503
465 540
467 468
467 523
467 553
468 514
468 551
470 549
470 550
472 486
472 515
472 547
472 564
473 517
473 545
473 559
474 502
475 525
475 538
476 553
478 497
479 522
479 532
480 545
480 558
481 483
481 557
482 570
483 522
485 557
487 508
488 518
488 525
488 556
488 580
490 535
491 513
492 520
492 580
493 505
493 551
494 559
495 501
495 524
495 587
495 593
496 530
496 588
497 540
498 506
498 525
499 566
499 569
500 524
500 528
501 547
502 535
502 542
502 572
504 583
504 600
504 602
505 519
506 547
508 535
510 534
510 596
511 528
511 588
515 534
515 615
516 591
518 532
518 552
519 553
519 555
521 549
521 596
522 549
522 577
523 537
523 563
523 571
523 584
523 587
524 593
524 605
525 587
526 553
526 564
526 569
526 583
526 601
527 565
527 620
528 599
529 562
529 563
529 570
530 541
530 572
530 593
531 567
531 597
532 606
533 566
533 620
534 612
536 592
537 570
537 620
538 608
539 598
540 549
540 596
540 627
542 573
542 616
542 642
544 609
545 582
546 627
547 567
547 604
548 574
548 645
550 551
550 557
550 565
550 577
550 588
550 607
550 620
550 632
552 626
553 590
553 598
554 622
555 602
556 571
556 589
557 639
557 655
560 649
561 583
561 623
562 592
562 606
562 608
563 614
564 580
564 628
565 640
565 647
566 647
567 571
567 585
567 623
567 667
568 612
568 640
569 573
570 589
572 592
572 668
574 636
579 620
579 663
580 634
580 645
580 658
580 666
580 675
581 597
581 614
581 645
582 637
582 645
583 590
583 668
584 629
585 644
587 620
587 623
587 658
587 670
587 676
589 599
590 591
590 620
592 647
593 597
593 629
594 681
596 610
596 618
596 654
597 664
597 675
597 685
600 682
601 637
602 605
602 627
602 698
603 663
603 699
603 702
604 610
604 625
604 632
604 681
606 623
606 689
608 617
610 645
610 684
610 694
610 700
611 661
611 670
615 646
616 697
616 699
616 714
617 707
618 679
619 644
621 712
622 659
623 663
624 657
624 664
625 718
628 683
629 700
630 673
631 719
633 663
633 695
634 663
636 697
636 719
636 727
638 681
639 689
641 728
642 672
642 703
643 646
643 684
643 719
643 726
646 666
647 653
647 674
647 739
648 669
649 694
650 660
651 687
651 748
652 732
652 736
654 730
655 668
656 686
656 734
657 661
657 707
659 708
659 711
659 714
659 716
659 738
659 741
660 697
661 669
661 693
661 701
661 713
664 692
664 693
664 716
664 743
665 751
667 736
667 749
668 673
668 674
668 719
668 724
669 693
670 719
671 702
671 711
671 739
671 762
673 718
673 737
675 741
676 704
676 723
676 748
677 682
677 769
679 723
680 711
680 724
680 767
681 751
682 703
685 699
686 697
686 758
686 776
687 729
687 735
687 739
689 760
689 770
689 781
690 732
690 759
691 782
691 784
692 736
692 743
692 761
693 728
693 763
693 784
694 745
695 701
695 765
695 783
696 700
696 790
698 731
700 726
700 793
704 790
705 715
705 730
706 730
706 767
706 769
706 791
706 802
707 718
707 743
707 768
708 756
709 711
709 735
709 754
710 783
711 781
712 787
713 796
714 769
715 735
717 758
719 766
719 804
721 774
722 753
723 800
724 747
724 771
726 747
726 785
728 750
729 749
729 807
730 734
730 765
730 767
730 804
731 771
731 795
731 806
731 826
733 787
733 812
733 818
735 754
735 775
735 790
736 741
736 755
736 792
737 744
737 776
737 806
737 822
738 750
738 829
738 831
740 805
742 766
742 819
743 802
743 827
744 810
744 838
745 822
746 761
747 846
749 788
749 820
750 759
751 778
752 767
752 804
752 847
752 852
753 844
754 790
754 835
755 802
756 801
756 848
757 805
758 780
758 804
759 796
760 825
760 850
761 815
763 777
765 802
765 842
767 810
767 849
767 855
768 810
769 779
769 813
769 818
771 790
772 778
773 774
774 820
775 852
775 856
775 875
777 802
777 846
778 810
778 833
779 835
780 831
783 801
783 856
784 795
785 876
786 808
786 862
788 793
788 859
789 811
789 819
789 825
789 834
790 849
790 860
790 875
791 805
791 873
794 880
795 804
795 860
796 859
798 826
798 856
800 849
800 874
802 868
803 842
804 866
804 899
807 808
807 812
807 868
807 898
808 812
808 816
808 836
810 910
811 894
812 818
812 824
812 833
812 858
812 893
812 904
813 819
813 870
814 884
814 892
815 830
815 899
816 916
817 835
817 867
817 868
818 827
818 880
819 919
820 868
820 892
821 847
822 840
822 846
823 825
824 847
824 911
825 846
825 886
825 911
826 841
829 841
829 856
829 915
830 839
830 914
832 866
832 898
833 925
834 888
836 936
839 847
839 856
839 880
839 893
840 879
840 905
840 925
841 895
841 931
841 939
842 916
842 938
843 867
843 869
844 849
845 878
845 935
846 857
846 911
846 924
847 870
847 919
848 869
848 891
851 949
852 930
853 870
855 877
856 939
857 896
857 918
858 955
859 872
859 895
859 925
860 887
861 935
861 945
864 902
865 884
867 889
867 942
868 927
870 902
870 941
871 950
872 887
873 895
873 914
873 957
874 904
874 917
875 888
875 911
875 945
875 954
877 928
878 881
878 924
879 942
880 916
881 887
881 980
882 896
883 925
883 941
883 973
885 963
885 970
887 979
887 987
888 960
888 983
889 974
890 958
890 965
894 901
894 950
894 982
895 942
896 962
897 931
897 988
898 916
898 984
899 912
899 925
899 966
899 980
901 903
902 917
902 930
902 981
903 973
903 994
904 961
905 926
905 977
905 980
906 962
906 979
907 911
908 933
908 938
908 963
908 965
909 919
909 969
910 975
911 954
913 967
919 931
919 998
920 947
921 953
922 928
922 931
923 950
923 984
924 925
924 977
924 987
925 998
926 984
927 928
927 981
929 999
930 956
930 996
931 971
933 937
933 982
934 935
934 956
934 984
935 957
936 980
937 944
937 962
938 943
940 941
944 977
947 969
948 960
949 968
949 973
949 982
951 985
952 964
952 988
954 961
954 985
955 989
956 962
959 985
960 972
960 983
964 1000
969 994
969 997
976 979
976 995
979 982
986 999
989 994
993 1000
7 7 9 10 9 16 21 18 9 4 19 1 23 26
7 15 31 8 6 9 6 23 4 8 9 18 2 3
9 4 2 3 4 1 6 1 4 10 8 8 9 8
16 3 13 17 14 8 10 7 26 9 15 3 9 11
2 3 9 5 9 5 3 11 12 10 8 36 18 2
11 14 3 3 9 5 1 2 4 1 8 7 10 0
6 6 5 27 1 12 27 17 1 20 30 8 1 1
1 1 10 1 5 5 9 6 1 4 1 7 8 3
9 1 3 8 20 10 3 6 9 4 7 1 6 1
0 13 1 2 4 12 6 8 9 7 4 3 6 0
6 2 8 4 6 15 10 1 23 20 3 4 10 21
12 6 10 11 30 20 12 15 24 11 9 1 22 4
6 7 2 9 14 12 0 9 6 8 6 10 23 4
1 2 2 4 4 6 11 2 4 2 6 6 0 12
15 16 15 6 3 5 4 25 14 26 4 12 16 2
1 2 30 7 4 13 1 15 21 0 14 20 16 8
2 5 15 1 10 15 3 2 25 10 12 0 2 3
9 16 8 6 14 6 1 12 14 1 10 12 11 20
4 15 1 10 1 9 2 10 3 6 8 4 8 5
19 11 7 11 2 4 3 16 6 7 3 0 6 7
15 22 35 13 23 37 31 38 25 30 32 5 15 43 23 33 40 16 23 28
11 22 36 21 37 41 26 43 42 40 19 26 29 34 28 34 47 15 31 35
3 1 1 1 5 1 3 8 4 10 2 2 2 9 1 9 9 1 5 3
14 43 42 12 50 49 38 66 52 57 38 25 43 54 34 46 57 33 46 35
33 14 47 32 24 44 36 51 51 50 49 28 37 62 11 29 52 24 45 24
29 24 50 19 30 48 42 62 48 50 37 12 37 68 12 38 44 20 48 31
17 16 47 15 20 41 36 49 36 53 38 11 20 62 8 18 47 16 40 31
1 1 15 3 6 18 3 23 12 23 17 1 11 28 3 10 16 2 11 4
8 13 26 5 18 31 16 29 16 27 7 1 11 37 16 26 12 18 28 22
8 15 30 9 18 36 30 35 34 41 27 11 26 43 14 11 29 12 25 21
3 3 13 5 4 6 13 22 11 7 17 4 3 20 3 6 19 1 3 9
22 42 64 26 51 62 45 71 57 61 45 25 48 70 46 35 48 37 53 53
13 13 19 11 19 28 13 39 27 23 14 7 24 35 10 32 19 20 25 23
4 10 15 1 9 23 16 29 10 22 9 2 9 21 10 12 17 9 11 12
12 18 24 12 8 28 26 28 29 32 20 11 10 34 14 14 33 11 22 25
10 20 24 3 24 26 29 31 28 40 20 9 22 34 18 30 36 9 35 23
7 1 13 5 3 11 2 13 10 14 14 7 1 13 2 2 19 2 5 8
1 1 11 1 1 11 1 14 3 7 9 1 1 11 1 6 12 3 1 3
34 52 62 27 54 61 43 71 49 67 52 25 47 75 46 66 68 42 63 55
1 1 10 1 2 14 11 13 4 9 7 1 3 12 6 10 6 4 11 8
4 4 5 1 5 11 11 8 9 10 4 5 6 7 7 8 8 5 7 8
1 13 10 1 7 13 23 12 11 14 1 5 8 12 9 2 14 1 13 10
17 39 39 26 36 54 35 59 61 61 32 19 31 53 30 45 61 35 47 46
21 42 53 17 31 56 40 70 41 59 28 11 34 74 23 37 37 30 55 53
43 41 52 19 37 64 53 69 62 71 32 23 49 76 19 40 55 37 64 48
1 1 1 1 1 7 7 10 1 5 1 1 1 6 1 7 1 3 5 1
1 3 10 1 5 16 9 15 8 10 4 2 5 7 3 3 14 3 7 5
12 14 14 6 17 26 29 35 27 35 16 12 22 31 9 19 29 7 33 20
7 30 41 17 21 44 36 37 43 46 25 14 22 40 25 21 49 14 41 41
23 27 44 21 31 53 27 55 45 38 16 20 32 50 16 38 37 26 40 39
8 11 32 12 22 27 18 42 22 24 26 7 21 39 11 23 34 10 21 19
1 5 3 1 1 6 13 5 3 4 1 1 3 11 1 5 10 2 8 7
10 11 31 12 11 28 24 36 23 34 18 10 10 39 14 7 27 9 25 30
6 6 13 5 4 14 13 12 9 9 10 6 5 17 2 9 19 5 11 10
9 18 14 6 14 28 20 27 25 23 12 9 12 28 11 18 27 14 13 13
5 2 7 4 9 7 8 12 12 14 6 6 2 10 5 7 14 1 7 10
19 8 24 16 28 25 24 37 32 26 26 15 21 36 15 41 32 17 21 25
10 4 12 3 4 23 6 24 18 21 9 4 6 19 4 13 14 12 13 10
25 24 27 23 20 41 18 30 46 35 19 18 23 45 8 31 42 26 34 33
18 44 46 10 47 49 37 54 36 61 35 14 36 51 45 48 57 29 49 41
11 7 9 8 6 19 12 12 18 19 9 12 8 15 5 9 22 8 12 12
18 19 27 7 20 28 28 42 26 39 18 5 18 47 8 35 27 17 33 17
1 2 3 1 5 8 4 8 8 5 2 1 7 4 3 9 10 6 6 6
6 6 12 5 19 15 12 27 15 23 16 6 8 21 6 18 26 5 9 5
3 5 20 1 6 14 21 25 12 22 15 1 11 24 8 11 1 3 23 18
40 31 50 21 35 54 45 58 47 60 27 24 46 63 18 41 32 36 63 54
27 27 60 27 28 58 39 59 51 62 49 25 37 71 14 20 59 28 51 40
30 38 73 39 55 78 49 83 72 60 41 32 53 73 37 45 59 31 55 53
21 26 41 17 25 52 28 55 46 45 21 12 35 54 12 25 32 19 38 28
14 21 37 20 29 45 7 39 40 39 35 17 24 45 22 38 51 31 30 28
10 24 41 6 31 44 38 44 36 37 10 6 33 40 25 20 15 19 42 37
8 12 15 2 6 15 18 25 13 14 6 1 14 18 5 7 2 4 19 17
19 22 24 6 16 31 28 40 31 31 16 9 23 42 15 19 23 16 32 37
25 39 43 13 29 47 47 59 40 56 24 16 33 63 21 35 43 25 51 42
16 29 45 17 32 49 31 53 30 48 48 7 26 56 35 34 44 24 32 32
11 23 35 17 18 45 18 50 40 45 31 3 18 54 11 27 47 27 26 27
30 39 54 21 34 66 32 65 50 60 27 14 44 60 27 43 45 34 56 51
15 7 22 9 11 29 28 23 31 31 16 12 19 35 3 10 22 17 25 21
8 5 29 10 16 19 22 27 26 25 22 12 11 31 9 15 30 1 13 10
11 30 46 6 25 46 40 53 25 40 20 1 21 61 19 28 30 16 41 34
1 2 5 1 3 7 8 9 7 5 4 1 2 7 1 3 3 1 5 1
17 20 21 8 11 33 27 26 25 25 14 9 17 31 16 26 22 19 33 30
1 5 9 1 8 14 8 11 10 9 5 4 8 5 7 8 9 6 6 6
1 5 10 1 1 17 10 6 15 11 8 1 6 20 1 4 16 1 4 2
14 29 37 12 21 34 42 37 34 48 24 7 25 49 17 33 41 25 46 37
16 20 37 7 13 33 34 41 20 38 20 8 13 47 15 20 27 7 34 34
13 29 35 11 26 46 33 39 32 42 23 18 27 32 30 30 40 19 42 38
3 1 7 1 3 7 3 12 6 9 3 3 4 6 2 7 8 3 3 7
2 1 10 1 2 11 2 8 6 9 7 2 5 13 1 6 9 3 5 3
15 13 36 14 20 30 33 43 29 26 22 11 20 47 8 29 28 7 23 17
15 27 36 17 15 35 30 45 31 46 36 10 9 49 22 29 44 23 32 40
18 34 33 16 28 29 48 48 31 43 34 12 16 51 20 31 48 8 38 30
27 31 64 35 52 57 53 64 60 61 46 29 41 75 34 45 58 35 49 55
28 19 28 22 30 39 26 48 39 40 24 22 24 42 17 33 39 24 35 32
25 17 48 28 22 43 35 56 49 42 39 29 30 61 25 16 39 24 39 45
25 49 64 21 55 76 51 80 67 83 53 28 52 80 49 55 66 41 72 66
7 3 12 7 10 20 7 16 14 13 4 5 4 20 7 11 17 13 12 17
2 15 15 3 13 23 18 22 17 23 7 12 14 14 15 12 26 4 10 18
5 4 12 1 4 9 10 15 7 10 7 5 7 10 1 7 11 5 10 7
24 42 54 31 37 60 42 64 58 57 34 24 37 63 20 46 59 37 50 47
27 37 57 24 50 59 36 68 54 48 32 31 41 64 34 46 53 32 41 39
12 26 43 22 20 50 37 58 44 46 37 8 23 65 13 32 51 25 38 32
6 1 5 4 4 10 7 15 10 20 6 6 2 15 1 6 17 1 9 8
24 37 52 19 36 45 26 61 32 52 41 22 28 63 39 35 48 30 44 48
32 38 54 33 41 57 50 62 68 66 48 21 39 73 19 51 63 45 58 50
3 1 8 2 2 7 2 6 11 7 3 3 9 8 1 6 5 3 8 6
39 19 57 29 37 63 35 64 62 59 43 31 48 64 23 39 49 43 54 49
21 26 39 5 30 46 29 56 33 38 29 8 25 52 13 35 37 24 30 16
31 16 48 26 33 42 38 45 47 55 41 26 39 52 25 38 41 28 56 48
4 1 22 4 8 19 13 18 18 19 13 3 12 24 4 14 15 5 23 19
2 6 20 1 8 25 10 28 15 17 11 1 15 26 15 15 3 15 23 22
27 42 57 19 49 55 52 72 40 49 36 10 37 67 37 53 50 31 53 47
25 36 55 22 43 47 53 62 44 50 40 19 42 62 27 47 54 16 48 36
17 38 51 5 39 54 37 66 42 54 30 16 43 60 36 28 31 25 50 43
1 2 9 1 9 17 5 5 10 8 1 1 8 5 9 11 8 12 10 13
1 7 10 4 11 13 15 28 10 17 13 2 4 21 7 11 18 4 5 6
8 10 11 3 10 14 20 25 12 22 11 1 8 31 7 27 11 10 20 10
33 29 41 23 41 29 44 52 35 42 40 24 23 54 25 44 45 19 37 32
24 39 49 13 35 53 40 64 51 66 35 22 41 69 24 37 52 29 51 41
28 41 55 32 43 74 38 74 70 62 30 28 52 63 28 39 58 31 57 53
33 34 51 20 45 60 42 61 53 62 28 24 41 69 19 32 49 40 52 43
5 12 28 1 8 27 23 31 16 27 17 1 16 37 3 7 19 4 20 14
26 34 60 26 57 63 29 71 58 50 48 34 45 63 45 50 58 36 37 45
35 45 47 14 48 60 41 64 49 69 32 24 43 64 29 59 61 37 58 41
1 9 22 1 13 24 15 24 20 25 17 2 16 19 20 17 15 5 21 20
18 34 42 7 24 44 44 52 31 50 24 15 22 48 31 20 36 11 39 45
24 28 42 10 31 40 23 45 32 39 34 12 22 57 25 48 44 28 33 32
1 9 22 8 19 22 11 35 17 21 13 4 9 21 19 6 14 9 11 16
24 33 46 16 50 47 29 56 44 47 39 20 37 51 29 53 55 39 37 23
12 25 54 20 38 66 25 61 50 48 27 8 35 63 21 31 46 35 42 34
2 12 20 1 5 20 13 19 7 12 12 1 4 24 4 6 22 6 7 6
2 1 14 1 5 13 12 15 11 22 4 2 4 16 1 5 15 1 14 6
37 19 59 36 33 61 47 65 66 57 56 37 53 73 28 38 54 37 59 55
7 13 24 4 22 34 27 37 28 36 12 12 22 31 20 23 28 14 26 25
5 1 1 1 4 4 4 12 5 9 1 1 2 17 1 14 9 4 7 1
18 30 44 16 27 48 33 52 44 56 39 17 23 59 26 34 56 22 40 35
7 17 32 10 26 32 15 46 27 38 30 13 24 43 20 26 25 17 27 22
1 3 7 1 4 10 9 14 10 20 4 1 10 14 6 2 7 1 6 4
6 1 16 1 7 17 8 18 13 21 8 1 10 25 1 15 11 9 16 6
10 43 37 25 38 46 52 55 49 53 28 26 34 53 25 41 58 22 47 38
1 3 4 1 2 8 9 9 7 7 3 1 2 10 1 4 6 1 4 1
23 46 60 18 49 68 44 68 46 53 30 3 43 68 35 38 49 42 46 40
20 12 44 21 23 34 36 42 41 40 38 20 26 56 17 22 33 18 34 42
19 20 50 29 45 54 30 69 50 47 40 18 35 63 29 41 48 28 31 35
7 5 16 5 14 18 10 14 19 21 7 7 14 17 9 15 19 10 19 17
9 14 15 4 22 28 22 28 23 28 10 13 19 22 16 27 32 12 23 17
22 25 44 23 36 40 37 44 40 36 25 13 25 55 30 44 33 27 38 40
17 10 43 18 31 47 31 47 47 39 37 20 33 49 12 23 41 19 24 17
22 26 56 8 28 58 34 57 43 57 44 19 38 58 30 27 35 25 46 42
26 45 70 25 52 69 49 69 60 68 47 20 48 77 31 39 63 52 63 52
14 20 39 17 26 42 25 48 36 38 28 8 24 51 20 37 42 25 38 34
13 16 34 17 23 39 20 47 30 36 23 5 13 44 24 31 26 23 29 34
37 31 58 28 25 44 54 66 51 52 42 26 36 65 27 21 48 21 45 52
10 16 29 10 25 32 26 36 29 27 19 16 16 36 16 24 38 12 14 18
22 21 30 9 25 36 29 38 33 44 22 15 30 37 10 25 38 17 40 22
3 2 12 2 6 17 8 21 8 10 8 1 4 15 5 13 8 9 4 7
6 11 26 2 11 29 10 33 20 31 22 6 19 38 17 23 17 17 27 24
1 1 8 1 1 13 7 9 1 1 2 1 1 13 1 6 2 5 7 2
3 2 8 3 2 9 11 15 9 12 5 3 2 12 1 8 11 2 9 6
15 19 29 12 27 29 35 41 32 37 22 17 25 37 12 28 36 8 33 17
17 28 39 27 42 45 36 52 54 50 32 31 41 47 32 47 52 24 46 40
4 4 33 13 21 33 13 46 26 29 25 1 13 45 12 17 25 12 22 17
7 24 37 12 33 39 30 42 31 44 14 13 24 38 31 20 33 19 31 30
9 30 36 10 30 38 44 44 42 45 23 15 37 43 29 31 33 18 43 40
1 11 15 3 2 17 18 16 14 17 5 1 9 23 1 8 18 8 16 9
15 18 24 8 20 39 27 40 31 30 13 16 22 27 20 23 27 18 32 31
1 3 17 2 11 12 6 19 12 16 15 1 9 18 13 19 15 6 14 20
8 5 7 6 5 6 12 12 10 12 6 8 5 11 4 8 12 4 11 11
10 21 20 6 19 27 25 35 23 21 5 1 15 38 10 24 23 21 29 27
41 40 71 27 57 63 59 74 62 63 47 29 60 78 35 52 48 48 70 56
12 15 38 10 27 47 28 35 41 36 26 17 26 40 17 23 39 20 27 23
4 2 2 1 3 13 9 11 14 16 1 6 4 6 5 5 12 2 9 7
23 16 51 22 40 53 21 49 49 47 39 20 35 55 28 31 42 39 37 42
17 27 45 18 26 49 23 44 48 53 41 20 30 48 28 19 54 22 36 41
9 19 15 1 12 24 25 25 16 22 4 1 19 33 4 22 21 13 26 15
3 1 3 2 1 4 8 2 10 9 2 3 1 8 1 2 7 1 7 6
4 1 1 2 1 2 3 3 7 5 2 4 1 2 1 2 5 1 5 7
27 31 48 32 52 44 46 64 58 54 45 39 49 52 34 48 60 17 47 44
14 40 46 10 33 52 47 49 26 39 17 10 28 47 36 31 34 21 45 43
7 19 25 9 21 29 29 35 32 33 14 15 18 35 15 23 32 7 21 19
1 1 8 1 1 11 6 5 4 10 3 1 3 13 1 4 4 1 4 1
4 9 25 5 9 19 16 22 10 13 8 2 7 24 13 15 5 9 21 20
2 6 17 5 12 14 9 24 16 16 19 6 11 22 9 12 16 5 6 13
21 32 56 30 49 51 56 65 53 57 37 28 38 66 23 35 51 26 42 39
5 12 25 1 13 22 27 28 13 24 10 2 17 37 2 12 16 9 24 15
5 8 21 5 19 25 5 25 21 25 19 3 14 30 8 26 35 15 18 13
14 30 43 12 31 47 40 49 32 43 25 14 28 44 28 29 44 12 44 40
3 7 6 1 10 14 10 17 14 18 8 8 13 5 13 6 13 4 10 13
13 10 21 17 9 22 26 33 32 29 25 18 9 32 8 6 40 1 16 21
1 1 9 1 4 9 4 12 5 16 2 1 3 13 1 7 10 1 6 1
1 5 4 1 10 14 15 14 10 17 3 1 10 18 5 15 16 5 14 5
28 36 66 40 42 70 58 78 61 71 44 40 52 72 40 41 70 29 67 53
10 24 47 20 29 60 32 54 43 40 26 3 35 58 23 26 30 32 41 33
1 6 20 4 12 24 21 28 19 23 11 5 14 24 8 16 16 5 19 10
29 28 44 19 33 49 51 53 51 65 35 32 45 47 31 36 57 26 59 39
36 38 50 32 45 49 62 66 67 65 47 37 42 69 16 44 67 26 50 39
22 29 22 6 16 36 37 38 33 35 9 13 23 34 15 9 24 13 30 31
24 22 28 12 12 37 30 40 29 41 21 13 21 46 16 27 24 15 42 39
9 37 52 23 45 45 47 71 49 55 32 30 41 62 34 35 51 15 45 48
13 16 21 9 6 23 25 29 22 26 10 9 12 32 1 11 29 4 26 26
5 6 9 2 5 16 17 12 15 18 6 4 7 23 3 11 18 5 12 8
29 28 68 39 47 74 29 70 72 67 56 33 58 74 32 43 52 49 68 61
13 10 27 16 20 29 24 33 32 30 23 16 16 31 15 15 36 11 21 28
8 11 12 6 9 19 18 13 24 25 8 8 17 24 6 16 24 12 19 18
17 17 28 10 25 41 15 46 39 53 23 20 25 40 20 23 34 18 32 29
4 7 18 1 13 20 17 18 14 23 7 7 11 19 12 14 16 6 17 11
1 8 26 3 10 20 28 25 21 29 18 1 11 39 3 14 18 6 23 17
31 31 39 24 27 45 42 61 53 63 41 26 35 67 25 36 50 25 52 46
5 1 12 4 7 14 9 20 12 9 7 1 5 22 2 22 9 10 10 9
3 1 4 1 6 15 6 12 8 9 7 2 6 12 5 13 13 9 4 9
7 9 7 3 5 13 16 15 13 18 8 5 9 21 10 17 15 11 13 19
4 7 7 3 7 16 14 14 10 8 7 1 7 20 3 17 13 11 9 6
19 34 54 10 42 60 30 61 52 56 45 21 41 59 44 46 46 34 46 39
11 11 22 13 18 32 9 28 27 25 12 8 14 23 22 21 22 25 25 35
10 4 6 3 4 18 9 17 15 19 8 6 5 18 4 13 18 9 11 12
7 16 18 4 12 35 17 24 31 26 9 5 18 30 10 19 31 16 20 15
27 4 48 25 34 42 36 37 43 32 37 26 35 50 17 21 31 27 28 29
16 20 34 12 31 37 18 39 29 31 21 9 25 39 22 36 33 32 38 32
6 22 28 1 14 29 29 31 8 25 20 1 10 38 17 25 26 12 23 20
23 25 54 21 36 46 25 58 33 51 53 15 25 58 38 38 44 25 36 45
20 28 51 19 36 48 46 60 41 54 30 20 31 55 27 31 42 16 53 41
36 38 51 35 31 48 54 63 60 56 33 28 40 71 15 45 47 28 51 52
8 6 13 3 13 13 16 22 16 27 15 4 17 25 4 15 15 7 19 11
21 39 50 14 49 62 33 72 51 57 30 22 41 58 46 41 42 37 52 53
31 40 65 10 38 56 45 65 31 56 31 4 34 62 41 29 29 28 52 53
5 18 29 7 13 29 29 34 22 32 18 14 16 26 23 16 25 2 26 28
11 15 30 16 27 44 23 45 40 43 25 13 24 47 18 25 47 21 35 30
9 3 6 1 11 18 8 18 11 17 7 4 9 19 3 21 18 13 13 9
19 41 55 6 51 59 37 63 34 55 38 14 34 52 42 49 54 35 51 38
19 35 33 25 39 44 28 54 48 45 19 31 37 48 26 42 39 22 34 36
26 36 51 19 57 55 30 69 54 60 43 24 41 58 45 51 51 45 48 43
1 5 6 1 6 13 11 13 8 8 3 3 7 6 5 8 7 7 6 5
24 35 67 33 54 69 47 71 66 67 46 24 50 70 33 38 66 35 60 48
9 5 10 6 8 14 2 21 13 14 5 2 7 19 2 19 6 12 11 12
1 1 3 2 6 8 6 7 9 6 3 1 6 7 3 11 5 5 8 5
14 11 28 12 14 39 13 29 28 24 17 10 17 30 11 22 31 19 24 25
2 1 14 6 9 10 13 21 13 16 9 3 8 18 1 13 12 1 12 3
13 22 31 11 30 47 22 41 32 33 11 9 26 39 21 29 32 26 36 28
3 1 8 2 6 5 9 20 11 19 10 3 2 12 11 10 9 1 9 18
26 28 50 27 32 48 29 64 43 38 27 13 24 65 14 31 40 25 31 39
8 5 11 4 11 20 4 24 14 18 7 1 7 25 3 24 16 16 12 10
21 12 30 11 21 45 32 32 42 40 21 17 28 42 12 15 32 26 35 28
1 1 2 1 1 3 7 4 1 6 1 1 1 4 1 1 4 1 2 1
3 1 9 3 4 11 2 11 8 8 9 3 4 12 1 11 11 5 3 4
21 39 59 27 55 54 47 74 56 65 48 30 41 68 45 54 65 28 50 57
17 35 57 23 51 54 37 55 40 56 33 8 34 55 47 46 41 34 49 42
19 12 55 19 34 44 30 47 39 36 37 14 32 53 21 39 33 24 34 38
9 18 46 14 33 41 22 58 40 50 46 15 30 51 29 26 40 14 32 22
4 4 15 1 6 13 13 10 5 10 7 4 4 16 8 11 10 7 8 12
2 35 58 23 41 58 27 60 50 61 42 10 41 69 36 34 51 35 53 47
20 13 41 14 21 45 24 34 39 35 26 15 31 41 10 21 29 25 38 32
5 16 36 10 24 41 17 39 34 44 31 11 27 41 20 12 43 14 24 21
16 20 30 14 25 39 28 36 41 37 18 11 25 46 14 35 42 23 29 25
11 17 25 5 18 36 26 41 28 35 20 13 18 29 25 21 30 15 29 30
2 6 1 1 5 10 16 15 10 12 1 6 4 5 8 3 13 1 7 9
15 22 20 8 29 27 19 34 29 28 22 7 24 37 11 41 35 27 27 14
30 25 49 27 29 39 49 63 51 56 49 33 33 60 31 27 54 13 40 44
29 44 58 42 60 62 36 72 59 50 32 24 53 67 33 64 47 48 56 53
7 4 22 10 13 10 10 24 16 13 21 8 8 28 5 14 22 1 5 10
20 37 54 19 34 50 44 58 37 52 39 11 23 65 29 43 54 27 47 44
27 31 51 32 35 44 53 60 51 44 40 34 36 56 24 39 56 11 42 42
11 6 26 14 10 24 15 28 22 31 23 11 9 28 10 16 32 5 22 21
1 7 6 1 7 13 11 13 10 14 6 5 7 8 7 5 13 3 5 3
4 13 26 5 25 26 26 34 28 34 14 11 20 32 12 19 32 6 18 12
35 28 51 24 31 60 40 57 59 59 33 30 36 65 19 28 49 34 50 45
9 1 11 7 1 14 11 12 11 15 11 9 4 17 1 7 22 3 11 13
6 26 36 8 35 44 33 42 38 46 15 17 36 35 34 25 37 20 39 40
3 9 16 4 12 19 12 19 11 13 9 5 9 17 12 8 15 9 8 13
6 20 14 4 20 29 20 28 30 27 18 16 22 26 22 17 27 15 19 26
6 9 39 18 24 34 20 45 22 29 27 6 20 47 10 26 31 16 28 16
1 4 6 1 1 4 14 12 3 6 1 1 1 12 1 6 6 1 6 3
10 7 12 8 7 15 10 19 17 14 10 7 8 21 5 17 15 11 10 12
20 9 19 17 16 28 18 36 31 22 21 14 13 35 4 28 31 15 17 17
31 29 50 34 43 56 30 57 57 53 35 23 41 63 27 48 53 44 55 47
1 6 9 1 1 16 17 17 4 8 3 1 4 19 2 10 6 3 10 7
19 13 30 21 24 44 20 47 42 33 30 17 22 40 12 30 43 19 26 21
28 41 69 35 48 78 40 71 71 78 55 25 53 84 29 50 77 50 70 52
5 4 14 5 8 19 13 17 14 18 15 5 4 21 7 12 25 6 9 11
8 16 10 4 18 25 21 26 23 24 9 9 15 25 12 23 31 15 17 15
3 12 10 4 7 18 17 16 17 15 12 5 8 20 6 8 23 5 9 10
31 35 52 17 41 51 36 66 50 66 49 22 34 76 34 49 55 27 46 45
10 40 53 32 36 65 28 59 61 55 35 16 36 59 25 40 62 39 45 41
12 29 34 22 38 48 29 46 50 43 15 22 41 38 28 46 40 26 39 29
11 18 30 10 30 32 28 44 33 34 26 16 23 37 29 34 32 16 26 32
1 1 7 1 1 8 3 7 3 8 4 1 5 10 1 6 6 2 7 2
19 27 34 16 33 46 20 55 42 41 26 22 33 46 23 34 35 31 33 32
1 1 3 1 1 8 1 2 5 5 1 1 1 6 1 3 5 1 1 1
24 33 56 24 41 49 40 68 52 51 34 21 37 64 31 21 37 20 39 44
19 37 59 34 49 63 50 65 57 44 24 29 44 60 41 50 50 30 49 49
10 11 12 5 18 13 17 24 16 19 16 5 15 23 8 25 23 13 18 15
1 1 10 1 7 12 9 10 10 11 6 1 9 21 1 12 13 2 13 3
5 8 18 1 12 16 19 27 5 26 19 1 6 26 15 21 16 2 19 17
4 5 13 2 4 15 12 13 11 16 4 5 5 15 3 6 13 3 9 6
7 7 28 11 18 24 12 32 19 30 26 1 23 32 7 17 27 11 24 11
1 1 2 1 1 2 8 11 5 4 3 1 1 7 1 4 9 1 2 6
13 14 27 4 17 37 10 34 25 27 12 4 17 34 12 25 25 23 23 24
16 33 59 27 45 63 49 68 56 63 32 33 48 62 40 40 53 18 60 57
29 38 64 36 40 62 52 74 61 65 55 24 37 81 29 54 70 28 58 56
7 23 27 17 18 35 24 38 34 36 25 12 13 35 20 11 41 16 24 36
6 9 10 4 8 11 15 17 10 19 9 6 6 22 5 13 24 5 11 12
1 1 5 1 6 6 4 17 8 14 9 2 4 11 6 7 8 1 5 10
12 18 29 14 33 24 27 41 32 31 23 21 21 31 18 28 39 7 14 15
4 1 8 2 4 12 2 8 9 11 4 4 8 7 2 10 14 7 9 8
3 8 18 2 5 21 19 20 15 22 9 8 8 19 7 2 23 1 17 11
28 12 45 24 26 42 31 43 50 42 35 20 31 55 14 43 39 23 41 38
6 21 27 1 11 29 32 18 24 26 4 4 25 28 13 16 19 14 33 27
1 10 26 3 20 22 16 35 17 27 22 6 7 23 19 19 24 5 11 12
8 28 45 3 22 48 34 45 36 38 20 7 34 49 25 4 21 14 37 36
1 1 8 1 7 12 4 14 2 14 7 1 2 14 2 10 13 5 5 2
1 1 4 2 2 2 5 9 6 4 3 1 2 10 1 8 9 1 1 1
10 17 34 3 23 33 29 35 29 38 21 10 22 38 20 22 27 18 27 23
10 11 20 2 11 35 22 25 26 30 6 4 21 29 10 22 20 18 30 23
32 33 54 29 37 64 40 66 52 65 47 27 33 66 33 44 65 29 50 42
3 22 16 1 9 24 33 29 14 23 7 6 12 26 14 14 20 8 22 17
12 19 38 4 25 41 25 43 36 48 34 13 29 57 18 25 39 24 36 34
38 38 51 29 51 57 35 72 67 66 49 40 53 70 27 52 59 37 53 37
10 7 27 18 14 29 13 32 28 19 26 11 17 28 4 15 33 8 20 16
1 3 10 1 6 7 7 14 4 13 5 1 8 13 3 11 8 5 10 6
1 1 9 3 3 8 2 6 6 3 9 1 1 13 1 8 7 2 4 1
3 5 3 1 9 13 9 10 11 13 1 5 11 4 8 9 12 7 11 8
21 39 49 4 34 49 42 60 40 56 25 10 35 59 30 17 40 19 40 38
1 1 5 1 4 8 6 6 5 16 1 1 10 12 1 6 4 1 11 1
9 10 28 13 26 34 23 37 34 40 21 14 22 38 20 23 35 14 30 31
35 35 50 15 29 52 35 61 43 48 31 14 31 59 26 36 31 32 46 45
15 12 26 1 13 31 22 34 18 39 21 3 17 43 15 26 20 17 29 27
34 19 57 26 39 72 29 63 65 65 45 28 46 61 28 33 53 42 53 50
17 40 69 25 47 66 40 62 51 50 38 11 48 65 36 34 41 41 51 50
9 13 17 5 14 24 18 20 17 19 11 7 13 27 7 20 28 12 19 18
17 31 60 22 43 49 31 61 48 41 36 20 44 56 33 30 39 28 43 49
11 46 49 29 44 54 38 59 47 61 32 21 32 54 47 42 56 36 56 61
1 1 8 2 6 4 1 18 9 11 13 1 3 17 2 10 11 1 3 6
1 2 32 3 18 36 13 30 21 30 16 1 18 31 8 10 28 10 21 10
2 5 7 4 7 10 12 16 11 10 5 3 3 9 4 7 9 2 6 3
14 30 48 14 34 53 41 55 49 53 27 20 36 55 29 23 42 17 49 50
7 16 30 13 30 27 29 46 24 26 22 11 24 39 22 26 24 14 26 26
14 31 38 8 33 44 14 49 35 40 37 21 32 43 34 28 39 29 30 32
30 44 59 29 58 63 54 75 64 57 28 27 52 64 35 54 54 32 63 52
1 1 8 1 7 4 1 10 2 7 1 1 1 9 3 5 5 2 4 7
2 5 18 4 1 15 14 21 7 12 16 2 6 20 9 7 12 3 12 14
12 29 27 8 27 35 28 43 37 39 20 17 18 38 24 29 41 18 26 24
31 19 29 28 26 34 16 37 46 31 18 25 31 42 5 40 38 28 35 34
1 1 1 1 1 6 5 7 4 6 1 1 2 2 1 3 3 1 1 1
1 14 21 7 22 26 11 24 21 22 11 5 18 18 17 22 22 16 18 15
31 26 56 23 44 66 41 67 63 63 48 23 51 71 13 42 56 37 57 30
34 28 55 30 45 57 32 61 60 55 51 33 38 59 34 56 63 33 43 45
25 33 42 30 45 48 34 53 56 49 29 27 46 54 27 54 48 34 43 39
9 14 27 1 1 29 25 32 17 26 12 1 14 35 9 17 8 9 27 19
16 23 43 12 17 49 19 49 36 40 32 17 29 49 20 19 30 23 35 36
17 10 34 13 14 40 17 29 29 33 17 8 17 41 16 24 21 21 37 38
9 12 26 1 10 31 17 33 15 27 16 3 14 36 11 22 24 14 25 19
21 28 41 10 27 42 49 53 40 46 23 12 30 62 12 32 27 16 45 33
16 10 39 25 26 33 27 41 38 34 22 16 25 40 19 24 28 19 37 38
4 9 21 8 20 24 23 27 26 23 14 12 21 23 10 19 23 4 19 9
19 27 33 11 29 32 36 42 31 42 28 15 19 45 22 28 46 18 37 35
40 38 63 26 43 64 50 71 47 52 44 15 37 69 35 50 49 33 49 50
13 28 57 24 32 54 31 57 52 59 50 15 37 67 30 38 56 28 49 44
20 9 27 18 18 30 15 40 35 34 26 14 19 45 10 36 34 18 31 31
19 30 40 15 20 41 33 54 35 41 34 8 11 58 17 35 43 21 31 33
1 1 4 1 5 8 7 13 9 8 2 1 2 7 2 7 11 3 3 8
8 6 16 4 7 24 17 18 17 22 8 7 12 22 6 12 18 9 13 9
7 40 52 34 32 53 46 60 54 55 44 11 28 61 27 36 59 31 53 48
22 36 46 17 34 46 48 67 41 65 47 15 30 70 29 37 53 20 54 47
5 2 11 5 4 6 9 10 11 12 12 4 4 15 6 15 10 3 15 15
8 3 12 4 5 16 7 7 13 11 4 6 10 14 4 11 11 11 13 13
3 22 18 5 29 25 17 28 26 31 13 6 24 26 16 30 34 18 24 16
1 14 7 4 13 16 20 27 20 20 11 3 12 21 12 13 19 6 13 14
8 12 21 10 24 23 14 32 26 34 24 9 17 32 17 27 35 16 18 21
8 15 34 14 22 36 26 35 33 32 21 18 20 33 19 23 35 9 22 19
4 6 11 1 6 11 12 19 10 16 13 3 9 23 3 11 23 3 15 15
6 5 11 4 6 14 9 9 10 8 5 6 11 12 5 12 14 11 12 10
8 6 14 10 20 20 13 23 25 21 18 13 13 22 10 22 29 8 14 14
3 3 9 1 8 16 5 14 8 15 6 3 4 13 4 11 15 6 2 3
8 9 23 6 20 35 10 33 23 27 9 5 14 33 10 26 24 17 21 16
15 18 34 5 18 32 20 35 26 31 21 11 17 40 19 27 25 20 26 19
14 8 25 13 11 15 18 25 18 23 23 12 3 22 12 16 22 1 19 24
1 1 5 1 3 6 4 8 3 13 1 1 2 10 1 6 10 1 4 1
20 21 44 10 26 44 43 57 39 57 35 15 34 57 23 23 40 17 47 40
35 45 67 29 59 62 54 85 50 71 53 19 46 81 51 57 55 37 61 54
20 30 40 5 37 44 26 47 37 48 28 13 29 54 26 40 50 32 36 29
17 33 49 25 49 45 47 60 43 50 36 28 37 43 42 50 51 14 39 42
11 17 12 12 18 28 22 35 32 32 5 19 16 26 14 24 26 7 26 21
17 15 41 13 31 40 30 54 46 51 38 24 27 51 25 28 39 14 34 31
1 3 22 4 12 16 13 24 11 13 11 2 6 28 2 12 20 3 11 7
12 16 41 21 24 46 25 52 40 46 42 22 28 51 18 20 41 22 37 34
14 23 31 17 26 45 25 38 45 37 21 17 27 35 24 37 37 23 39 32
7 25 24 4 33 39 23 48 38 47 22 6 29 42 23 38 41 22 30 22
11 30 61 30 32 57 40 57 55 56 42 12 28 64 30 28 52 33 49 54
10 17 29 8 19 33 25 31 24 32 12 13 16 21 24 17 26 12 34 33
27 42 58 16 46 59 35 66 54 75 54 23 39 72 45 49 64 32 59 58
1 22 29 9 23 36 30 37 25 33 6 10 21 30 28 18 23 15 27 30
10 44 49 9 41 69 36 63 50 61 27 19 50 58 39 38 46 31 54 44
5 6 16 1 4 16 15 12 10 13 6 5 8 15 6 9 9 6 15 10
20 18 31 13 10 26 33 27 19 39 27 11 14 39 15 15 33 5 33 33
11 8 22 4 14 29 9 38 21 28 23 4 10 35 13 22 26 16 11 15
9 5 9 11 7 4 14 20 15 14 17 10 5 16 8 9 17 1 12 17
1 1 3 1 1 4 5 4 4 7 1 1 4 7 1 1 1 1 7 2
1 2 7 1 7 12 2 11 9 12 3 1 10 7 6 14 10 10 10 11
17 38 50 20 52 59 36 62 48 55 34 18 43 48 42 45 55 36 47 40
1 11 12 1 10 13 19 17 12 21 1 8 10 11 12 8 17 1 14 12
5 4 16 1 8 14 11 25 14 26 19 1 12 28 3 11 24 1 14 9
18 24 49 28 23 44 39 45 51 44 38 14 18 65 14 30 44 29 39 40
19 38 52 7 34 51 55 52 48 53 19 11 39 56 27 25 33 22 52 47
1 1 15 1 2 15 6 1 9 10 5 1 12 15 1 7 5 7 11 5
17 39 48 19 43 52 27 58 53 56 45 30 42 53 43 35 55 32 48 47
32 40 63 35 40 68 56 86 63 67 45 28 39 81 27 43 70 28 58 56
9 12 26 11 16 22 27 28 28 26 18 10 16 37 4 20 31 7 20 15
1 5 15 1 7 11 11 18 6 14 2 1 4 20 5 3 10 3 9 9
3 5 11 6 13 9 11 11 15 11 7 4 12 16 8 19 15 8 14 12
23 11 31 21 24 30 23 51 38 37 43 22 17 56 12 28 47 13 20 27
13 15 37 11 23 34 27 48 30 38 24 11 17 37 19 24 33 10 32 36
9 25 35 4 24 40 34 44 28 42 18 1 20 50 16 30 36 24 38 27
5 1 8 5 5 11 6 7 12 10 7 5 8 12 1 12 8 7 9 8
25 33 62 28 40 73 30 69 54 56 34 11 42 69 28 36 46 41 49 38
13 7 19 6 14 25 10 29 19 27 15 4 14 32 4 25 22 14 20 11
11 22 34 11 27 38 31 41 34 35 22 16 27 32 24 29 34 16 33 25
20 25 48 28 22 50 45 60 53 56 48 21 28 71 14 23 47 27 50 47
4 3 7 1 1 17 10 18 12 13 2 1 9 21 1 13 6 8 13 8
1 20 23 7 7 25 26 25 27 35 20 6 15 34 15 7 25 10 26 29
18 31 51 10 38 54 26 64 36 51 41 13 35 60 33 44 43 36 48 42
3 5 9 5 5 8 10 16 9 9 7 3 3 13 1 9 11 3 4 4
2 4 13 2 12 17 6 17 13 17 10 2 11 15 10 19 24 10 16 17
5 10 11 4 13 16 13 30 15 20 17 7 12 28 10 18 17 10 12 14
20 27 25 10 25 29 36 43 31 34 16 9 25 51 5 39 30 21 35 17
16 21 40 24 19 43 26 50 42 45 29 10 18 57 21 23 37 21 34 38
4 1 9 2 1 8 3 9 10 14 5 4 4 11 1 6 12 1 9 6
1 1 1 1 3 4 5 9 3 8 1 1 1 4 1 4 6 1 2 4
12 12 31 14 12 30 30 40 28 20 23 7 19 47 3 28 30 10 20 18
22 14 40 19 28 37 33 51 39 40 35 18 18 58 17 39 47 19 30 32
36 32 59 40 56 62 31 78 62 62 53 35 48 76 23 57 69 40 43 34
4 6 5 1 14 11 11 18 9 18 7 3 11 11 7 14 14 6 12 7
33 36 39 16 36 41 33 58 30 56 44 14 28 61 39 51 49 33 42 44
2 3 3 1 6 9 13 12 5 12 2 2 4 13 4 13 11 6 9 6
8 8 13 8 5 14 17 20 13 14 14 8 5 22 6 15 19 7 17 16
8 3 28 12 7 31 15 21 26 22 16 10 12 25 7 1 20 5 20 18
2 3 5 6 10 8 8 20 12 13 11 4 4 12 7 12 9 3 2 6
17 53 63 19 50 69 48 69 61 68 25 33 63 53 55 40 42 31 68 64
3 25 35 6 36 35 28 49 24 35 17 4 22 36 28 31 31 19 34 26
21 36 39 15 41 39 35 55 45 47 33 17 43 48 26 36 37 26 48 41
13 25 37 5 31 39 40 37 33 46 16 11 32 43 20 24 40 20 42 33
7 4 3 5 7 10 10 10 12 17 5 9 5 10 5 8 14 4 8 8
13 19 27 4 18 23 30 24 23 34 21 8 19 40 9 22 34 10 26 11
42 22 69 46 49 69 40 74 69 62 45 37 44 79 18 40 55 37 50 50
11 15 26 1 28 38 27 35 30 40 18 5 28 36 14 30 29 24 33 11
2 1 6 1 2 10 10 8 13 13 2 2 10 12 1 6 6 3 12 8
9 17 16 1 14 24 30 24 12 30 9 1 11 33 16 25 17 9 26 14
11 1 10 9 5 13 8 14 14 19 12 11 6 11 4 6 17 5 11 13
15 14 30 19 29 33 30 48 38 48 38 19 26 44 14 27 46 14 35 25
5 12 30 15 24 26 20 39 23 17 19 9 12 32 16 16 22 10 12 15
15 38 62 30 38 55 52 61 61 57 43 26 37 61 33 40 67 22 46 43
15 52 52 12 43 51 59 67 46 70 29 28 46 63 41 41 51 14 63 53
3 3 3 1 7 11 7 9 13 11 1 5 7 3 5 8 13 5 6 10
5 1 9 1 4 13 5 13 7 12 5 3 5 13 1 12 11 8 6 5
24 14 21 10 20 29 24 38 26 33 19 13 17 40 6 27 37 22 30 24
25 39 61 18 39 66 58 62 57 69 34 23 47 68 30 33 55 20 64 51
13 27 46 26 28 53 41 53 47 48 30 28 32 44 30 33 51 11 47 42
3 18 26 2 30 34 11 35 26 33 22 13 26 28 27 21 33 19 23 28
12 45 60 27 50 58 53 69 52 66 33 25 37 70 43 46 60 24 51 46
17 36 51 25 34 55 37 59 60 51 42 29 47 62 28 29 53 22 44 43
9 14 35 22 21 28 18 33 25 30 25 12 14 43 15 17 37 16 26 28
16 13 28 10 13 40 27 40 36 34 20 13 22 37 8 17 25 12 31 24
12 15 18 9 28 31 19 37 29 40 22 15 23 29 20 29 38 16 26 22
38 36 50 20 40 57 46 62 41 67 46 16 35 64 34 51 56 32 55 39
16 29 51 24 30 65 37 59 58 63 40 15 30 63 29 28 60 35 47 50
10 15 28 8 11 19 24 38 20 23 20 8 18 29 14 18 14 5 24 28
20 33 59 23 53 61 58 58 55 67 31 26 52 60 39 31 58 35 62 51
10 7 18 4 13 14 10 24 15 30 18 9 6 26 11 17 27 7 18 15
22 28 53 39 49 55 23 58 56 51 43 34 41 56 37 46 57 36 49 49
14 2 16 8 6 23 15 19 27 25 16 9 14 27 7 13 11 12 21 23
8 10 26 13 19 27 16 31 24 13 22 8 19 26 10 27 26 16 17 14
1 1 7 1 1 12 1 7 7 3 7 1 4 13 1 7 10 4 3 3
18 24 25 18 22 23 29 42 37 42 35 14 19 44 8 27 45 18 31 25
1 1 10 1 5 15 6 10 8 13 7 1 9 12 3 10 10 7 10 6
25 36 48 28 41 61 29 56 62 66 38 25 42 66 27 49 65 39 53 44
1 12 26 9 21 31 15 23 20 20 10 6 16 23 21 13 21 16 21 20
8 5 26 4 10 23 20 23 18 22 15 7 15 26 5 8 13 9 22 16
17 26 39 10 38 48 27 59 47 60 41 27 37 56 27 29 44 23 43 34
1 39 48 20 40 51 43 46 40 48 12 18 37 41 44 31 42 22 45 46
24 25 50 12 34 45 51 51 46 38 22 21 42 46 16 20 28 13 38 36
14 35 54 19 44 62 35 66 41 51 36 13 36 65 38 38 50 34 45 35
1 3 5 4 8 10 7 16 12 12 8 3 4 11 6 11 5 4 4 3
2 1 1 1 4 9 8 12 6 8 1 1 1 8 2 8 6 4 1 1
24 20 49 13 24 43 40 52 38 61 46 21 34 63 24 26 49 24 47 41
8 1 4 4 3 14 4 9 15 13 4 6 8 11 2 12 8 9 9 8
29 34 42 25 16 47 32 57 47 53 28 23 29 59 11 22 40 25 46 49
3 3 7 1 9 8 8 18 1 17 6 1 7 12 1 12 14 4 10 4
15 15 18 8 18 27 32 31 31 42 21 14 22 39 8 14 29 12 28 24
1 10 8 5 13 17 14 16 16 16 8 8 13 12 10 13 14 7 12 7
9 33 46 14 36 55 28 52 43 47 29 21 30 44 45 30 42 28 43 51
6 8 9 1 11 14 10 17 6 15 13 1 11 24 4 19 19 10 12 7
5 45 67 27 52 69 42 69 70 73 46 29 53 70 44 42 71 28 55 51
20 30 52 36 53 53 47 73 57 53 38 42 45 59 40 44 56 19 50 56
36 44 66 24 49 63 44 69 46 64 40 15 40 81 33 53 52 47 58 48
18 16 22 13 9 24 28 23 22 32 22 15 13 31 15 18 34 10 30 32
20 34 60 19 40 62 25 69 57 55 44 16 41 73 29 45 56 37 43 41
18 41 51 9 36 60 48 67 49 66 38 19 40 68 28 27 47 30 52 44
29 28 66 35 39 59 42 64 56 54 39 22 40 78 14 44 52 34 44 41
24 19 64 27 44 60 53 65 59 57 45 33 52 60 33 34 51 26 50 50
7 6 16 5 24 17 10 30 21 28 19 4 15 24 9 26 29 11 14 10
7 23 41 1 30 48 29 38 31 43 13 5 34 38 18 19 27 21 38 26
19 17 32 15 24 35 12 31 34 27 34 19 19 40 19 30 46 23 25 26
30 25 45 21 14 44 45 56 36 51 29 26 27 44 29 15 37 17 45 47
2 9 3 1 3 9 13 11 13 11 1 4 1 10 3 2 15 1 3 9
8 28 30 9 30 44 32 44 37 46 14 19 27 45 24 34 46 15 30 21
1 9 19 1 2 13 18 22 3 13 14 1 7 25 9 9 12 1 13 15
1 1 1 1 5 12 7 16 5 10 5 1 4 14 2 15 10 8 9 6
5 2 18 12 9 22 9 26 20 21 19 6 6 27 1 14 26 4 11 6
2 4 7 3 9 9 8 16 8 13 7 2 7 16 2 13 16 5 8 5
1 4 9 1 4 11 9 15 7 14 3 1 5 18 5 17 15 8 11 12
25 39 62 32 33 65 58 71 61 67 49 19 35 79 21 30 55 33 52 50
3 5 15 7 7 10 14 14 12 11 13 4 7 21 3 10 14 1 9 4
40 19 65 32 45 57 50 68 62 64 61 34 47 76 24 47 67 31 51 44
6 8 10 1 2 16 17 15 11 11 1 3 5 16 3 7 11 6 12 8
19 12 14 8 18 27 15 25 25 27 17 9 17 30 8 29 32 20 24 18
5 1 7 6 6 11 8 19 14 11 8 5 3 12 1 13 12 5 3 5
1 13 24 7 20 30 16 23 21 24 5 12 19 20 18 17 18 6 17 15
19 6 27 14 13 32 29 34 38 36 27 16 16 45 4 16 34 11 23 23
4 2 17 7 7 21 10 22 20 17 15 3 5 24 6 12 18 5 9 9
1 3 7 1 7 15 7 5 8 8 2 1 8 4 6 5 10 4 6 2
1 9 8 1 13 20 11 15 13 14 3 1 11 13 9 19 16 14 13 9
6 1 17 4 5 20 10 21 19 15 14 3 8 26 2 16 12 8 11 9
3 9 8 1 7 16 16 19 10 13 4 6 6 9 7 5 12 4 9 5
19 37 47 21 35 46 49 70 48 56 47 21 22 66 32 38 56 19 41 44
29 26 41 24 39 53 26 64 55 54 42 30 37 60 26 41 52 32 42 39
4 7 13 1 7 22 13 23 14 20 16 4 12 22 11 12 15 9 9 9
36 44 59 26 39 43 66 74 59 66 46 23 48 78 19 37 52 22 58 51
27 35 43 16 30 59 40 61 53 65 41 25 45 70 22 31 52 29 55 46
32 38 51 17 43 56 39 61 39 65 30 16 38 62 27 53 50 31 53 40
28 7 44 28 27 43 44 43 52 40 40 26 35 60 15 23 43 26 40 36
17 16 50 26 26 42 31 41 37 39 36 12 17 55 22 23 35 13 35 33
11 18 18 10 19 15 33 35 19 21 15 7 17 35 5 21 22 3 21 13
16 32 50 8 36 47 39 54 42 56 44 9 38 60 28 36 44 20 53 39
10 21 14 6 10 25 30 24 22 25 5 13 19 22 11 10 22 7 25 19
12 4 17 8 8 24 7 14 17 17 13 10 11 15 7 15 23 14 16 18
27 30 41 16 26 47 29 52 45 44 31 22 35 49 26 20 22 26 43 46
13 7 17 7 14 20 17 31 20 29 22 6 5 40 5 25 32 9 19 13
30 40 66 21 54 71 43 73 57 71 48 17 48 79 35 60 64 41 60 46
16 17 28 24 17 23 30 32 42 31 27 17 22 38 8 23 39 14 29 32
8 12 20 10 19 38 9 34 38 33 24 11 22 29 18 20 34 16 22 23
8 11 12 10 18 17 24 20 23 13 11 11 15 19 12 21 24 11 14 13
11 36 48 11 38 56 41 58 45 61 35 25 42 54 40 38 50 20 55 47
25 37 50 15 51 54 45 62 43 59 35 15 40 58 41 60 56 30 50 36
1 5 23 2 12 26 17 21 16 14 3 1 16 23 7 9 3 11 23 18
24 20 32 16 24 40 9 42 34 35 19 16 17 43 13 27 34 28 24 28
7 3 8 4 5 15 5 1 15 13 5 6 11 12 6 13 15 11 18 16
33 29 60 23 43 60 52 75 55 60 35 25 42 67 35 37 45 27 55 51
32 24 42 27 29 48 41 59 54 46 22 31 39 50 14 39 42 18 46 41
1 7 13 1 8 17 18 20 10 15 8 5 8 15 10 14 12 8 12 10
19 15 18 3 18 22 24 31 24 33 17 10 16 33 9 31 28 17 28 17
14 23 44 13 22 48 23 48 23 32 20 3 13 47 23 28 25 26 31 34
1 1 9 1 6 15 6 18 12 13 11 1 1 25 1 13 15 3 5 1
1 11 13 1 20 26 7 24 21 28 8 5 21 17 19 20 18 15 19 18
8 8 12 8 8 17 18 24 18 19 17 10 9 18 13 11 16 5 16 19
26 27 61 15 47 48 45 66 53 56 39 20 54 63 26 38 37 27 54 53
40 37 63 13 35 60 47 60 45 62 38 20 40 62 34 31 35 30 60 55
14 3 20 11 11 30 13 33 25 31 21 8 14 33 7 24 33 14 27 21
10 16 29 11 18 36 25 38 33 36 28 17 21 34 22 17 34 13 32 33
16 24 42 7 38 39 19 46 28 43 26 10 30 42 30 38 37 33 39 31
37 38 61 12 47 71 53 70 48 72 44 16 49 72 34 49 52 41 66 49
11 24 25 9 17 31 36 43 24 41 22 12 17 42 19 22 38 12 30 31
3 9 10 1 7 13 19 12 15 23 6 1 11 26 1 9 23 1 18 11
6 5 10 4 5 8 14 10 9 15 8 6 4 13 9 10 10 1 11 13
23 28 58 29 42 51 45 65 54 56 44 36 37 55 35 45 58 14 44 43
10 29 26 10 36 28 32 45 42 44 31 18 31 44 25 34 44 18 35 33
7 34 35 10 37 46 24 49 40 48 27 24 35 37 36 31 46 27 35 38
9 1 10 7 4 15 10 19 15 19 12 9 7 13 4 8 17 4 16 18
33 18 59 33 45 68 44 65 66 68 47 28 48 71 28 39 56 40 64 46
22 25 40 23 31 46 31 59 43 48 31 16 24 60 27 31 35 23 43 40
1 1 5 1 2 3 1 10 1 9 2 1 2 7 1 3 7 1 1 1
2 13 28 1 23 28 22 41 16 37 15 5 19 33 20 10 19 7 27 21
30 36 73 37 40 79 50 73 66 66 51 24 45 82 29 24 57 43 58 53
1 1 6 1 3 11 6 5 8 5 2 1 3 9 2 7 12 5 3 8
2 1 3 1 3 7 10 14 5 10 4 2 2 6 4 6 7 3 5 7
9 34 44 14 45 41 33 58 39 49 36 19 34 54 40 37 43 25 43 42
27 37 56 16 44 61 58 67 59 65 43 19 41 76 23 49 60 30 58 41
48 43 60 29 53 70 47 79 64 67 49 37 51 76 37 56 67 50 63 47
38 32 61 25 41 63 43 68 55 49 30 22 51 72 19 34 32 40 51 51
38 42 62 36 43 60 59 82 59 76 55 31 32 80 44 44 70 34 60 59
25 25 61 31 32 65 48 66 59 62 44 20 29 78 22 24 53 36 49 47
15 25 39 16 24 48 29 52 43 46 37 15 31 51 20 14 42 14 35 33
2 10 10 2 15 18 18 19 19 19 4 6 9 19 12 17 24 8 13 17
15 23 40 24 22 41 27 52 37 49 42 13 17 57 13 24 57 24 34 29
24 35 44 8 39 56 40 59 39 55 36 11 33 58 29 51 50 31 51 29
25 13 58 33 45 60 39 61 62 54 57 34 52 63 30 22 41 36 46 36
16 25 43 19 28 51 33 55 38 42 34 10 28 55 22 38 39 24 43 32
20 4 35 13 12 43 24 33 34 36 23 16 18 40 7 12 28 16 28 25
1 2 5 1 1 9 9 7 3 5 1 1 1 5 1 1 5 1 1 1
15 19 36 8 31 38 22 52 26 31 28 5 18 50 19 34 35 29 28 23
11 9 17 10 4 13 17 23 15 24 20 10 7 26 11 16 19 6 20 23
36 38 63 38 52 69 35 75 66 54 45 28 41 76 34 52 67 44 47 50
10 39 43 17 38 53 33 61 52 53 32 22 34 51 36 36 50 28 40 40
23 24 37 15 28 39 30 55 42 38 22 14 35 46 19 41 26 21 38 42
20 33 53 19 38 50 40 44 47 59 41 14 43 64 22 45 57 33 56 33
13 19 29 16 9 34 31 28 38 40 17 10 16 41 11 23 36 21 37 36
4 2 3 2 4 12 4 13 10 8 4 2 2 9 3 9 8 6 1 3
1 1 9 1 1 10 4 7 5 10 1 1 7 10 1 7 3 5 6 2
36 33 38 24 29 47 50 56 35 56 32 20 25 57 33 37 50 26 49 49
18 15 52 13 24 46 29 51 39 37 35 9 33 54 10 25 29 15 26 20
19 28 49 22 43 44 42 68 46 52 37 31 34 49 36 45 53 11 42 46
1 9 22 6 10 29 21 17 21 25 12 8 18 20 13 10 18 5 20 10
6 4 9 4 4 10 12 9 10 13 4 6 7 10 2 6 10 4 13 9
1 1 4 1 1 7 1 4 7 4 1 1 4 8 1 7 1 3 3 1
28 43 66 15 58 71 57 78 57 80 47 30 58 70 51 48 52 35 71 62
1 1 2 1 4 10 7 10 5 8 2 1 5 4 4 9 8 6 6 8
1 3 6 2 3 10 9 11 5 4 5 1 5 8 2 10 4 6 9 5
1 7 14 1 4 11 14 6 7 10 6 1 10 16 8 10 11 6 16 11
32 32 55 7 32 58 50 63 43 58 36 8 44 70 17 36 32 30 60 34
15 36 46 10 43 53 39 58 42 49 19 12 37 53 29 32 42 25 41 36
7 4 8 5 5 7 9 12 9 12 5 7 4 7 5 4 11 1 5 11
6 3 8 4 11 18 7 20 17 17 5 1 9 22 3 22 9 12 13 5
23 37 62 28 52 64 33 62 56 54 44 17 49 65 46 47 44 52 50 51
11 28 39 10 33 41 34 56 29 52 36 14 21 46 37 32 45 9 32 32
19 32 51 17 36 64 38 62 49 48 18 11 41 59 24 27 31 26 50 36
22 15 42 25 30 39 28 49 43 38 37 18 28 61 11 40 51 21 25 22
9 30 52 26 24 47 42 55 53 59 49 15 26 65 25 27 51 22 42 44
36 42 54 18 39 63 30 61 52 59 35 19 48 71 20 47 61 39 56 40
4 3 17 8 15 15 11 25 15 19 14 5 5 24 12 15 23 7 12 22
14 32 48 26 32 43 42 54 45 41 44 15 20 57 25 39 56 30 34 35
26 33 51 29 34 62 35 65 58 58 32 30 41 64 20 36 52 24 46 42
22 38 54 18 43 46 59 72 49 68 50 20 36 72 31 35 50 20 52 43
3 21 29 10 27 34 31 43 35 38 19 11 22 39 22 32 42 13 26 26
5 8 14 6 12 20 14 22 16 22 14 7 10 24 7 12 26 5 12 8
24 33 43 15 34 45 54 58 44 66 40 22 37 62 30 24 43 22 59 54
11 24 46 7 33 45 28 53 38 43 29 17 36 41 31 26 30 18 36 31
5 5 24 8 14 28 11 22 26 22 17 6 16 22 8 17 25 10 15 13
18 41 48 23 26 60 43 63 54 56 27 13 35 67 18 37 49 28 55 45
9 7 9 7 5 12 11 24 13 19 12 8 10 18 4 10 12 3 16 17
28 41 63 28 49 53 52 68 55 68 57 16 46 74 34 53 67 29 61 42
18 22 46 27 40 40 35 57 42 44 30 16 26 52 30 44 41 23 42 46
1 37 56 28 35 60 25 56 52 50 42 13 37 61 34 26 47 39 47 47
17 25 42 24 28 56 27 52 55 54 36 15 29 54 21 31 58 30 42 35
18 34 52 21 35 56 38 59 49 45 33 15 29 61 23 23 52 23 38 37
2 2 10 1 8 17 6 17 8 18 4 1 4 16 3 11 14 5 6 1
6 1 11 4 1 12 12 15 12 21 9 6 9 17 5 7 8 2 19 17
32 41 56 29 57 57 35 73 56 52 45 22 41 76 34 58 61 45 40 39
2 7 6 1 11 16 13 17 7 17 3 2 11 15 4 15 12 7 14 4
8 8 33 11 10 23 19 35 23 15 24 4 21 37 2 12 15 1 14 13
6 2 5 4 3 8 6 6 10 13 6 7 2 4 3 2 14 1 5 8
4 6 6 1 12 10 12 14 7 17 6 3 7 14 5 14 12 5 9 3
36 47 46 28 38 57 46 67 61 70 31 26 43 65 22 48 63 42 65 52
25 15 43 17 33 52 27 44 42 49 27 19 26 56 21 22 37 35 37 36
13 13 12 1 18 19 23 25 12 26 13 4 11 26 15 30 19 12 24 18
2 1 8 4 2 4 3 13 9 10 10 3 1 12 1 4 14 1 1 4
2 7 14 2 9 16 14 15 13 15 13 2 10 16 14 15 15 8 13 17
12 13 42 9 29 30 17 47 20 36 34 8 15 47 26 34 30 15 22 26
4 8 5 2 7 13 12 16 15 23 4 10 8 12 5 4 22 1 10 9
5 17 22 5 16 23 30 30 19 24 12 4 19 36 4 19 20 4 23 7
11 22 32 10 34 43 13 39 30 37 19 12 23 31 34 32 36 33 26 33
13 31 37 7 28 50 34 44 39 45 24 21 34 41 31 29 45 21 39 34
29 32 51 17 35 55 53 61 49 62 38 28 36 65 22 28 58 26 50 37
12 6 20 14 8 18 17 22 24 21 18 13 14 27 1 12 20 6 20 14
8 18 28 5 27 30 21 37 28 41 29 7 26 43 20 26 34 17 27 21
12 15 31 5 18 29 26 40 27 39 28 6 20 45 15 24 30 10 27 19
8 7 30 10 13 24 22 29 26 31 26 7 17 41 7 14 25 8 23 20
13 23 31 7 34 44 21 47 42 49 27 12 33 47 27 36 39 28 34 28
12 16 38 9 31 32 20 45 14 32 28 1 13 46 22 37 29 20 30 25
15 7 22 12 27 15 19 30 24 23 19 11 19 27 8 27 29 12 19 15
1 20 42 25 28 38 28 46 36 40 27 1 21 55 11 18 39 18 32 22
7 32 35 13 31 38 32 45 36 46 35 2 19 48 16 37 51 30 34 22
19 37 46 24 42 59 32 53 63 57 30 29 49 57 35 48 50 33 51 50
4 1 14 2 4 20 6 12 13 19 10 4 8 17 2 5 19 5 14 8
12 2 27 9 5 24 20 21 22 27 16 11 13 26 5 8 17 6 26 22
22 17 42 9 34 52 29 50 48 44 40 18 37 54 24 33 38 32 35 30
1 19 29 10 21 42 17 33 27 30 16 7 27 27 18 21 33 17 30 19
12 34 49 10 22 45 41 50 30 42 25 3 12 57 22 20 35 13 35 37
13 10 36 13 15 41 20 34 32 35 24 14 21 33 18 11 40 17 28 28
9 22 41 18 37 51 26 49 37 45 25 18 30 40 25 27 54 20 35 28
22 29 42 25 34 35 49 47 46 51 32 31 28 51 25 36 52 2 37 38
8 1 4 6 1 9 4 11 11 15 9 8 1 10 1 5 13 2 6 11
4 6 8 2 8 9 14 13 8 19 5 5 6 15 9 13 13 3 13 11
22 28 45 12 32 46 26 55 33 39 35 14 23 58 18 30 46 27 34 26
8 1 14 10 1 18 12 18 18 19 19 8 2 19 5 6 19 1 13 16
22 28 58 18 36 70 44 58 58 59 31 22 51 56 26 19 44 28 56 50
11 16 18 13 16 18 31 29 30 31 17 19 10 28 13 17 35 1 21 23
12 6 27 16 16 27 24 34 31 29 27 13 18 36 6 18 29 5 27 20
11 16 27 16 31 34 18 41 41 43 22 18 30 27 25 30 37 17 32 31
19 30 43 15 35 46 56 56 46 62 26 25 36 57 29 33 45 17 50 43
12 18 15 6 17 29 19 38 24 31 14 8 15 30 16 21 25 18 18 16
28 37 46 17 36 57 25 60 46 51 33 23 32 62 31 38 51 36 41 42
24 19 51 13 45 56 42 61 51 63 44 18 44 62 32 41 47 35 52 40
6 22 40 1 26 37 25 38 21 37 21 4 20 45 24 27 38 19 32 28
5 8 10 1 4 19 14 27 12 15 3 1 6 19 3 11 6 6 11 8
1 7 24 10 15 31 12 24 28 26 18 7 22 22 8 9 22 5 19 6
3 7 12 1 10 20 14 24 15 19 8 4 4 17 12 14 15 8 10 9
1 1 9 2 1 10 2 12 7 5 11 1 1 10 1 2 11 1 1 3
10 10 18 11 21 19 20 34 22 28 16 13 15 25 8 19 28 5 19 9
8 16 52 22 38 47 34 49 41 41 32 9 30 61 22 33 46 23 32 28
14 18 38 20 30 48 20 57 48 52 34 21 33 52 21 28 41 24 39 32
36 40 70 29 60 63 48 66 65 67 53 30 51 80 35 54 69 48 61 48
4 10 17 3 6 23 21 20 13 18 13 5 10 23 12 14 17 8 18 17
30 37 65 42 33 57 60 78 59 63 63 28 32 77 26 36 71 21 48 50
22 20 46 13 26 38 38 41 24 43 35 7 21 57 19 30 35 19 37 33
8 8 6 5 8 18 13 18 19 17 10 9 4 19 5 10 22 5 7 7
10 5 9 9 10 18 10 13 22 19 9 11 12 13 8 14 17 10 15 15
1 6 14 1 8 12 16 18 9 13 10 1 6 18 9 16 8 4 17 12
2 3 3 2 2 4 7 11 5 5 6 2 2 10 2 7 5 4 4 5
19 36 42 25 35 52 31 54 50 50 18 15 30 53 20 41 49 39 43 42
3 13 10 5 13 14 25 26 21 22 9 9 10 21 12 16 23 2 21 19
41 33 52 28 42 59 39 70 60 59 39 34 47 71 20 48 66 34 52 39
1 13 30 8 13 36 21 34 25 27 14 7 21 27 9 11 24 2 22 8
4 15 34 9 20 44 24 40 30 40 20 12 24 37 16 17 41 9 26 20
7 8 28 1 9 34 15 20 19 20 12 3 17 30 7 17 22 18 22 15
11 8 25 8 13 21 23 35 21 32 22 8 9 29 18 19 18 2 24 27
13 20 35 12 15 36 34 39 27 41 26 2 14 53 14 25 36 12 35 26
38 20 40 31 34 45 43 64 58 57 45 35 46 54 25 43 59 29 46 39
19 33 41 13 29 45 44 56 40 53 31 10 25 59 23 37 47 16 44 34
23 24 60 25 43 55 28 63 53 54 49 16 42 69 32 49 49 30 47 49
18 14 56 29 38 61 31 46 50 49 40 22 48 57 20 29 44 43 51 35
27 36 50 24 49 53 53 66 62 66 45 35 49 67 39 52 56 24 60 50
4 2 5 4 13 16 6 12 18 19 8 6 9 14 6 17 20 7 16 12
1 1 12 1 4 13 6 9 4 10 9 1 5 11 4 9 12 6 7 5
2 14 15 1 22 24 23 37 16 25 10 5 17 21 10 21 25 7 22 11
21 47 52 30 45 55 42 70 57 74 48 44 42 66 49 41 66 21 57 59
6 15 27 5 18 33 19 19 28 31 15 5 23 29 13 19 28 19 22 19
26 28 58 23 48 64 25 70 59 66 47 19 51 71 26 55 53 46 56 44
4 30 48 12 40 48 28 55 39 48 25 14 33 38 43 36 36 25 42 38
21 34 54 21 20 50 47 52 50 46 31 11 30 63 15 36 45 25 49 45
6 3 12 1 1 20 6 18 11 15 4 1 5 22 1 9 12 9 10 4
12 12 34 4 17 41 27 25 26 29 14 7 28 37 12 25 17 25 37 26
19 53 54 26 46 63 54 76 54 78 46 24 42 68 46 48 66 29 69 65
22 22 66 27 39 59 40 61 52 48 32 13 42 69 19 25 38 28 50 41
5 19 23 12 31 30 32 32 32 33 13 16 30 33 18 32 33 8 31 17
10 10 40 19 31 49 24 58 44 42 37 16 31 47 15 32 43 21 29 18
2 18 29 8 20 38 28 37 32 29 13 8 18 36 18 28 34 12 25 21
27 32 48 18 36 46 38 48 34 47 43 18 27 53 34 40 52 23 41 35
28 35 44 23 43 43 47 62 61 61 36 32 45 66 23 47 56 19 47 40
8 13 38 24 29 37 28 40 39 35 27 22 28 36 17 28 39 13 28 21
23 18 52 26 41 68 26 64 55 57 40 25 37 60 22 38 61 36 47 36
1 3 9 3 4 8 12 13 8 11 7 1 7 10 5 7 3 4 10 7
1 1 10 2 5 3 8 12 5 12 4 1 2 12 5 10 4 1 8 7
33 34 49 18 35 53 39 61 46 59 39 24 43 53 29 34 57 33 54 47
7 10 14 7 8 14 16 12 20 18 12 9 9 19 6 5 19 1 12 11
13 6 16 13 13 27 14 26 28 24 25 13 15 24 14 18 26 13 19 25
7 10 14 8 14 23 11 12 22 21 10 10 15 8 15 16 25 14 20 21
11 23 37 8 33 45 30 36 41 45 21 17 37 36 19 30 42 21 42 28
18 7 37 16 15 33 21 38 26 40 30 13 15 47 11 20 39 11 30 24
22 21 29 17 14 32 20 38 28 28 14 15 17 44 6 28 31 21 30 32
1 1 9 3 1 7 2 8 9 8 9 1 2 14 1 3 14 1 4 4
1 4 6 1 9 11 6 8 8 14 1 1 12 14 4 13 11 7 14 5
3 3 5 1 1 5 5 7 3 8 2 3 3 8 1 4 12 2 2 4
1 1 4 1 1 6 10 10 5 6 4 1 1 8 4 6 4 1 3 6
11 1 15 9 7 26 9 23 26 25 21 8 11 30 10 18 21 10 20 22
5 6 4 1 4 17 5 9 13 9 1 1 11 15 3 17 7 15 15 9
12 1 9 7 1 15 11 12 14 16 9 9 6 18 5 13 13 9 15 14
2 4 12 1 4 11 8 6 11 12 5 3 6 11 4 2 9 1 6 4
11 4 7 4 3 16 8 20 13 15 9 5 10 19 5 16 9 13 13 14
25 42 66 17 51 68 60 64 53 63 31 21 51 65 36 40 43 31 69 54
1 19 31 10 21 27 9 35 18 25 22 10 17 35 26 13 20 19 21 30
6 22 27 2 16 39 21 38 33 34 17 9 30 43 17 20 19 20 32 29
25 51 59 21 50 70 28 68 53 67 45 24 41 68 48 60 68 46 54 53
1 1 2 1 1 5 5 14 3 8 4 1 3 4 2 4 6 2 6 8
9 3 21 7 2 19 13 26 18 21 21 7 7 28 10 12 17 5 18 22
5 21 45 14 25 48 19 39 35 41 34 13 34 45 25 27 40 30 36 33
4 14 15 6 10 23 23 24 15 14 13 5 8 27 8 13 20 7 13 8
36 12 49 29 29 51 24 63 53 48 47 29 33 63 16 41 56 28 38 35
8 17 52 24 32 48 33 50 45 39 33 8 28 57 17 18 41 23 33 30
24 31 55 14 48 62 36 58 47 61 32 12 42 60 37 46 39 46 55 46
1 2 14 1 1 15 8 5 9 11 9 1 9 16 1 3 8 3 9 5
8 11 27 3 23 29 28 35 27 32 19 7 22 35 11 26 27 12 31 18
37 30 55 34 41 63 53 74 67 73 44 35 44 76 23 38 61 36 59 58
18 16 36 15 19 44 12 45 35 38 31 11 23 51 10 26 40 24 31 19
3 6 4 3 4 8 12 6 16 16 3 4 6 15 1 5 13 1 8 7
19 26 49 25 43 51 36 56 52 57 37 29 41 50 29 37 61 23 49 38
1 11 15 3 18 23 15 25 21 23 7 5 12 22 8 20 29 9 17 9
33 37 49 28 44 48 56 59 57 63 42 33 41 62 34 52 70 23 56 48
19 18 26 22 32 34 26 41 45 37 26 21 25 43 16 41 49 21 27 31
23 51 58 22 53 72 42 66 56 74 46 25 58 65 57 58 51 46 69 64
15 10 21 12 24 29 13 35 31 26 16 10 16 29 13 31 30 20 17 24
21 34 45 17 32 47 51 53 47 61 40 14 30 59 26 36 56 15 56 45
7 12 13 5 12 26 22 23 23 22 9 13 12 22 8 15 29 6 21 16
30 29 46 16 31 48 31 60 43 46 29 14 31 67 11 38 44 23 40 28
2 4 11 1 8 19 12 18 11 19 9 3 12 16 8 11 14 7 12 9
1 4 19 1 7 16 5 15 11 16 13 1 6 20 4 6 16 4 5 2
13 19 31 7 27 35 21 40 25 38 19 1 17 42 20 42 31 21 32 25
25 22 32 17 32 39 35 51 49 49 24 23 36 52 12 34 36 22 38 33
27 49 47 18 34 53 45 61 47 57 32 12 39 68 24 53 51 35 62 50
23 19 37 13 18 41 29 40 30 38 18 17 24 34 16 9 27 14 31 31
20 18 36 20 18 36 37 43 36 33 29 19 23 47 14 28 37 11 35 31
3 2 8 1 3 20 14 8 13 10 1 1 9 17 4 12 9 10 15 7
2 1 2 1 3 6 2 8 5 10 2 1 1 9 1 8 11 1 3 3
17 14 19 10 20 28 21 41 28 31 23 12 17 36 8 28 31 14 26 17
13 6 29 6 21 37 11 34 28 29 12 5 21 37 8 24 20 26 25 25
24 17 45 22 28 40 31 52 45 41 36 18 31 63 13 35 42 20 27 36
23 28 53 28 35 51 30 56 48 42 19 16 37 56 22 46 33 36 50 48
13 9 25 15 24 24 19 36 30 22 27 16 26 33 13 29 21 14 19 22
29 46 46 26 49 60 51 65 64 75 38 44 55 66 39 47 59 32 61 46
18 25 34 12 32 41 11 55 35 40 26 16 24 51 24 33 34 33 25 34
16 7 31 18 22 29 14 33 29 18 20 13 16 36 14 27 26 21 22 25
7 18 36 6 33 45 26 42 37 51 29 21 38 36 31 20 26 25 39 34
21 28 54 11 26 53 37 56 40 56 41 19 39 60 26 23 32 21 51 49
30 26 41 29 29 54 38 55 42 47 30 19 34 59 29 32 43 36 50 49
6 1 15 8 13 9 12 17 18 14 11 7 11 23 1 17 15 1 8 3
7 9 12 6 8 18 18 12 20 15 10 6 8 23 6 15 19 9 11 12
14 18 21 12 15 31 34 33 33 41 16 16 19 38 16 20 35 12 34 30
3 4 8 1 2 13 7 20 5 8 6 1 3 14 1 10 7 6 5 3
7 4 11 7 5 11 10 13 13 11 16 7 7 14 6 8 15 5 10 15
24 28 61 38 47 63 47 64 69 71 54 29 48 76 28 42 69 37 60 48
9 6 8 4 5 9 16 19 11 19 7 6 1 21 7 15 16 6 14 18
3 18 48 21 32 51 28 45 42 40 25 12 32 45 26 23 37 22 38 29
14 28 45 28 27 40 35 56 48 49 47 19 24 62 19 29 52 23 34 37
7 6 6 2 4 15 15 19 17 14 2 3 2 20 3 12 17 10 13 18
22 43 59 24 49 69 39 70 51 66 37 21 38 56 57 49 52 39 60 62
10 1 4 2 9 16 4 18 15 16 9 3 8 20 1 22 19 11 14 9
33 34 51 18 44 49 25 65 45 52 37 21 37 68 23 49 48 40 42 32
22 27 41 5 24 42 38 53 33 38 19 1 22 59 12 24 31 19 34 28
11 41 49 29 45 58 32 55 48 49 17 31 42 38 42 36 49 27 50 51
11 28 52 15 37 61 39 51 44 52 26 12 35 60 29 28 48 29 47 38
5 19 32 8 29 44 19 41 41 38 16 14 33 33 27 30 26 19 33 31
7 8 19 8 10 13 13 21 15 24 19 7 2 27 9 16 26 5 12 14
7 8 9 4 12 24 17 16 20 23 1 10 17 14 11 14 18 11 18 12
1 11 6 2 2 12 20 12 14 13 3 2 3 15 2 6 17 4 10 11
13 20 33 18 28 40 25 33 41 38 22 16 33 40 18 34 30 26 43 34
9 17 33 11 23 38 31 32 35 43 26 8 29 43 14 20 33 25 35 32
2 7 20 1 10 22 15 25 12 22 14 2 6 26 6 10 22 5 12 5
8 1 6 4 5 15 8 8 13 9 6 6 8 12 6 16 10 12 10 12
6 1 7 4 3 11 9 11 9 14 3 6 2 12 1 8 10 3 12 10
3 23 43 6 32 38 32 50 37 43 30 10 27 46 29 31 44 11 30 27
6 12 28 16 21 32 18 37 31 33 20 16 15 30 13 13 40 3 18 18
11 14 26 15 8 23 23 30 24 16 21 10 13 32 1 12 29 4 15 14
27 41 66 34 54 68 54 71 75 75 56 32 54 74 29 41 74 38 69 51
9 26 59 21 41 64 41 56 45 56 29 20 44 51 29 40 50 27 55 41
29 33 53 22 33 64 25 56 63 64 47 20 40 69 25 39 56 44 46 48
1 7 4 1 6 14 13 10 7 7 1 3 7 6 5 6 8 5 7 2
1 6 14 2 13 21 13 25 20 19 6 6 13 14 8 17 13 5 12 6
9 1 6 3 1 14 5 10 10 5 7 5 4 11 1 11 11 10 7 7
16 10 22 13 21 34 11 29 28 36 20 14 18 28 15 27 37 22 24 23
8 3 28 6 10 29 22 21 23 33 18 7 14 36 1 8 27 8 20 16
7 4 5 2 6 17 8 15 11 16 1 1 11 21 1 19 9 13 17 8
10 22 28 11 25 25 30 42 19 36 19 6 11 33 32 18 24 10 28 36
7 16 30 2 14 33 22 31 27 36 23 6 17 39 11 9 34 11 18 15
20 52 54 27 42 64 54 76 56 67 40 27 32 65 44 43 64 37 53 56
5 7 21 1 11 30 15 22 15 20 14 4 11 23 10 14 19 14 14 6
9 31 40 9 35 43 38 48 34 51 16 13 27 51 28 32 44 18 37 27
25 49 67 23 45 74 48 75 59 70 48 22 39 77 52 41 58 39 64 66
3 1 4 1 1 5 5 5 4 6 1 3 5 4 1 5 8 4 5 5
2 1 9 2 2 9 6 4 11 10 4 2 10 12 1 4 3 3 9 5
3 5 22 8 17 25 15 18 21 16 9 4 16 21 11 14 9 14 16 14
1 1 6 1 7 12 13 13 11 18 3 1 11 14 1 9 9 3 15 6
12 14 27 4 15 39 19 22 28 25 8 4 22 36 7 23 20 23 27 20
29 35 46 19 38 55 47 60 36 55 40 13 30 60 31 46 56 23 52 43
16 24 37 15 25 44 37 47 41 40 12 12 24 50 20 22 23 20 42 37
15 22 36 1 19 32 32 37 22 35 12 4 26 36 17 25 20 12 41 31
15 30 34 28 21 39 41 57 44 52 39 20 20 54 19 23 49 18 39 40
8 8 16 6 8 19 13 18 11 17 13 8 9 17 6 10 21 10 15 12
4 2 5 2 3 6 8 9 6 10 3 4 5 8 5 11 9 5 9 11
30 28 32 13 32 46 22 49 44 57 24 19 37 57 14 40 47 36 43 38
13 13 27 6 25 39 20 45 28 34 23 6 19 41 14 29 36 21 24 16
1 1 23 10 12 11 10 32 17 20 26 2 8 31 8 14 22 1 13 13
6 17 22 5 19 37 21 38 28 36 8 11 23 27 20 23 25 14 23 22
4 18 28 9 18 31 26 34 29 35 20 5 17 40 12 25 42 9 30 22
1 7 11 1 1 6 14 17 5 14 9 1 4 14 9 11 9 4 13 12
17 30 55 28 39 64 42 72 62 66 42 34 38 69 38 36 64 21 50 50
1 1 14 1 1 13 15 16 8 20 8 1 8 17 6 6 7 2 15 13
13 16 57 28 45 47 35 67 47 53 45 21 37 60 28 32 51 18 38 33
42 48 63 25 45 72 62 67 64 70 24 21 52 80 28 36 43 49 73 68
1 2 6 1 1 6 9 3 2 8 1 1 2 5 3 4 6 2 5 5
11 25 22 2 22 27 31 33 27 31 11 6 28 33 10 22 28 11 31 17
6 9 11 1 13 24 16 30 12 22 11 4 8 23 9 18 20 13 13 8
1 1 7 1 2 13 9 11 4 10 1 1 4 7 1 5 6 3 6 2
31 34 51 38 38 59 48 70 68 57 43 33 42 65 23 46 70 27 49 51
11 14 17 4 9 18 16 26 17 30 22 11 11 32 18 17 17 8 25 29
3 14 21 1 12 24 22 26 16 14 6 7 10 21 10 5 18 1 13 16
41 39 58 43 41 64 52 65 72 59 42 41 53 71 27 49 69 37 58 56
4 5 29 11 16 35 11 35 29 33 28 3 18 42 9 21 37 17 19 14
16 26 54 27 32 60 35 62 53 58 38 23 40 51 28 32 56 21 53 45
22 29 38 19 33 33 51 60 47 55 30 22 27 57 26 42 47 7 42 43
12 14 11 5 12 26 16 28 28 27 11 11 18 25 15 14 15 13 21 21
4 1 6 1 1 15 3 6 7 7 4 1 5 12 1 10 3 9 7 1
7 19 21 5 23 23 29 37 17 28 19 4 16 38 6 26 30 12 20 6
13 17 41 15 21 34 31 43 35 31 28 10 29 42 16 28 30 10 33 29
8 14 27 13 16 32 14 24 33 29 18 10 19 33 11 25 35 18 26 25
21 17 25 14 10 30 26 38 24 38 14 14 17 45 6 25 29 13 38 29
4 2 6 1 1 8 7 9 6 7 4 2 1 12 3 10 7 6 6 6
14 10 23 13 26 20 16 34 28 35 23 11 18 24 15 30 35 13 28 27
16 16 45 10 27 54 36 55 35 47 27 12 31 55 18 19 33 21 41 34
2 1 12 1 1 10 2 8 7 13 6 2 5 15 1 3 14 1 5 3
32 52 60 23 60 58 64 74 57 59 38 28 54 66 37 67 56 28 62 48
9 18 28 8 15 29 13 41 29 24 23 13 24 39 14 20 16 17 25 25
6 5 11 3 11 12 8 19 8 17 16 3 6 18 5 13 19 4 8 7
20 10 23 11 17 24 19 33 22 30 26 15 20 28 9 21 34 14 28 24
1 7 7 1 10 15 15 13 9 11 1 3 10 9 8 10 10 7 13 9
8 1 7 6 2 9 5 8 13 14 6 7 4 12 2 11 10 5 11 12
1 1 9 1 6 16 6 13 6 17 8 1 8 15 4 11 13 6 10 6
9 18 18 3 15 29 26 28 23 27 12 9 19 31 9 18 30 9 27 21
2 6 8 1 7 15 8 14 11 14 2 2 10 13 4 13 18 9 12 9
4 12 31 10 15 31 18 29 22 22 22 1 14 34 14 26 27 15 21 17
1 19 17 6 22 31 20 26 25 27 12 13 25 14 25 21 27 14 21 23
9 11 26 5 19 22 29 37 26 41 21 10 15 35 18 17 24 3 27 28
15 14 20 13 18 12 34 37 21 28 24 12 13 41 8 30 28 2 24 24
6 2 22 1 9 18 14 22 16 24 13 6 16 22 11 8 8 9 18 22
11 32 58 23 38 60 27 59 44 47 34 10 36 57 30 31 51 36 44 43
4 14 32 7 24 27 21 39 25 26 20 8 17 29 27 18 18 11 26 31
3 9 25 5 8 27 21 28 16 24 15 3 14 34 3 13 24 5 19 9
18 25 55 22 50 53 49 57 54 52 34 31 44 57 30 37 56 22 41 42
21 29 41 26 28 55 32 51 55 46 26 26 33 46 22 36 54 25 44 40
1 6 2 1 2 5 8 7 5 8 1 1 4 10 1 5 14 3 3 6
23 15 43 17 20 50 36 46 48 42 29 16 30 57 9 26 42 20 42 35
1 6 5 1 4 11 14 9 6 12 1 1 7 11 3 6 7 3 9 2
9 4 9 5 3 15 9 17 15 12 7 6 7 16 3 12 7 9 11 9
3 6 6 1 3 8 11 8 8 10 3 3 6 17 1 9 9 5 8 4
4 8 11 3 12 10 20 17 14 12 10 2 6 17 11 18 16 3 13 14
8 13 24 8 18 24 30 31 26 32 21 11 17 33 18 22 20 8 24 21
1 1 19 1 7 19 5 9 9 16 7 1 8 14 7 9 17 6 12 9
18 15 22 13 17 23 22 32 27 35 24 17 13 34 16 20 34 13 23 23
14 40 51 13 44 61 26 53 45 56 38 22 39 50 47 52 51 37 49 40
9 7 13 2 4 24 14 18 22 24 9 6 11 22 9 13 14 8 19 16
16 19 35 21 29 51 18 41 45 42 19 15 30 51 13 28 45 28 35 27
4 1 12 2 1 9 7 6 9 12 6 4 6 10 4 10 9 4 12 12
8 7 9 9 8 5 13 17 14 16 13 8 4 21 6 14 20 3 11 16
1 1 8 1 8 14 2 8 6 12 5 1 7 7 6 8 12 8 5 3
1 3 15 5 7 11 10 17 9 13 15 2 6 17 7 17 11 5 12 11
26 44 61 30 43 66 49 78 60 58 34 32 48 64 39 51 49 22 56 57
8 8 18 3 6 24 14 22 11 7 6 3 8 22 6 13 7 14 13 15
3 9 3 3 9 11 14 10 16 9 6 4 8 12 6 10 15 6 7 11
1 8 8 2 11 15 16 19 14 13 6 1 6 17 5 14 20 6 10 9
19 15 27 14 27 32 27 43 32 42 26 17 23 38 18 22 45 18 30 25
31 33 49 16 32 49 48 50 31 52 39 10 33 60 25 44 43 25 50 31
26 24 55 20 31 69 34 56 58 60 40 27 39 61 41 26 56 36 49 52
5 30 46 21 34 49 32 51 44 56 39 5 30 60 24 38 58 27 42 29
9 26 41 6 32 44 24 43 29 40 25 7 30 42 19 30 46 23 32 22
6 7 23 11 22 20 16 30 26 19 26 9 20 31 12 23 26 8 10 16
14 23 40 18 34 48 39 50 40 44 28 16 40 49 14 28 43 17 46 27
19 44 69 35 52 65 55 73 69 66 43 25 48 78 37 52 69 33 63 55
3 2 8 1 1 8 10 6 6 5 3 3 1 5 1 1 6 1 8 7
31 43 63 22 41 72 29 68 58 63 35 18 55 67 37 42 44 46 57 57
1 4 4 2 2 6 5 8 6 6 5 1 5 13 2 7 5 4 5 4
13 22 39 6 20 41 27 44 34 38 24 12 31 38 18 11 22 11 32 30
1 1 2 1 1 2 1 8 1 5 1 1 1 5 1 4 4 1 1 1
12 24 53 22 26 48 30 59 41 53 38 9 16 67 26 24 44 20 39 38
16 26 54 31 39 58 32 65 59 66 51 23 40 67 29 36 69 29 51 43
1 3 8 1 5 12 12 14 5 12 6 1 4 8 5 5 9 5 8 5
15 26 42 14 24 40 33 46 38 39 17 9 33 47 25 11 13 20 43 46
4 5 6 1 5 14 11 18 8 12 9 1 3 15 6 9 12 8 4 7
5 10 10 4 6 11 16 10 21 25 4 7 8 21 3 6 20 1 13 11
1 1 1 1 1 1 1 8 1 6 4 1 2 3 2 2 1 1 1 4
34 40 64 14 45 65 44 63 54 67 41 21 49 68 30 38 61 32 60 38
24 46 58 18 33 62 66 70 55 68 29 20 35 71 32 32 40 26 63 63
24 11 55 30 32 52 31 50 47 46 41 24 26 60 20 18 40 28 33 36
10 21 33 7 25 32 25 42 25 30 16 3 25 35 16 29 26 17 35 29
3 5 9 1 3 11 15 21 9 16 7 3 3 11 11 10 8 4 10 13
21 30 27 20 24 34 45 44 42 45 22 25 21 43 17 27 48 13 39 33
3 5 10 3 10 14 6 22 11 18 14 4 11 19 9 15 16 8 10 13
3 5 11 2 11 16 8 22 13 21 12 4 6 14 9 11 16 7 6 7
27 23 40 12 19 48 43 47 40 50 28 14 27 62 13 31 36 19 50 42
13 23 51 19 33 58 20 47 43 43 35 15 38 44 21 31 49 33 38 29
1 10 9 1 10 16 17 20 16 16 5 4 12 14 7 10 13 2 12 5
16 39 51 22 33 54 49 61 52 54 43 27 28 56 39 30 55 21 51 59
3 4 12 3 9 20 7 22 15 21 16 3 11 23 10 13 14 7 7 9
13 17 22 11 23 20 22 31 20 26 14 7 16 34 11 23 26 19 28 22
12 7 21 13 21 29 19 28 34 36 18 16 21 27 10 21 31 11 28 19
4 23 43 14 29 43 29 40 36 40 23 7 27 51 22 30 30 30 42 40
8 6 9 5 5 12 8 7 10 15 8 7 5 20 1 11 18 6 8 8
7 7 18 1 8 21 13 19 13 17 8 5 6 22 7 11 18 9 8 9
1 1 3 1 7 6 5 11 7 8 4 1 4 8 1 12 8 3 8 4
1 3 3 1 1 3 7 8 1 1 1 1 1 6 1 1 2 1 3 1
9 10 22 8 19 32 21 28 34 38 21 13 24 24 19 13 30 12 28 27
6 18 19 7 18 30 30 28 28 29 7 14 24 25 13 19 23 9 27 18
11 22 34 13 33 37 33 44 35 47 28 18 25 43 25 36 48 9 38 27
20 54 62 27 41 70 55 73 60 68 35 23 43 72 45 25 51 39 65 71
18 47 64 24 42 70 46 80 59 70 50 13 43 83 34 44 62 44 63 53
11 7 28 5 14 27 19 24 21 27 20 10 20 29 7 11 22 16 20 16
8 20 33 19 22 44 19 35 44 32 23 6 23 41 12 25 41 26 29 26
12 22 32 7 22 42 21 43 29 43 21 7 25 34 30 34 27 25 37 36
25 48 55 16 32 45 47 63 48 57 38 19 38 67 36 26 34 25 54 58
10 17 26 6 7 26 26 25 21 27 12 9 11 31 6 3 27 2 21 21
10 10 38 9 26 37 24 36 33 34 29 9 25 46 14 30 37 20 27 18
21 24 45 18 23 46 27 57 30 41 34 10 22 57 20 38 40 22 37 37
11 5 8 6 12 14 14 15 12 20 10 8 10 17 7 21 19 10 17 14
18 26 43 9 20 42 35 41 38 38 17 8 26 45 14 7 28 8 30 25
15 27 43 11 37 36 37 56 40 51 38 18 35 60 24 39 44 24 40 32
7 5 9 3 12 20 11 24 16 25 15 7 13 21 9 15 20 7 15 13
27 28 34 14 36 49 34 63 40 59 41 21 28 53 36 42 45 26 49 46
11 19 39 18 29 39 22 47 35 40 29 13 27 49 24 21 31 20 37 36
1 4 5 1 12 12 6 19 11 20 9 2 14 17 10 10 11 6 14 12
24 37 61 13 41 63 50 70 48 60 40 7 42 80 34 43 43 40 56 50
5 6 24 7 8 20 9 22 12 8 14 5 9 20 7 7 13 8 11 13
4 10 14 2 11 19 21 23 13 25 6 8 9 18 13 11 20 6 15 11
9 10 9 3 9 23 19 20 18 15 3 5 12 21 9 20 15 15 20 16
17 30 50 18 40 54 28 59 46 63 45 26 36 52 44 36 62 26 47 50
7 7 9 1 3 16 13 15 11 8 3 1 5 16 3 12 4 10 10 7
3 1 11 3 5 12 5 13 10 13 4 1 7 14 3 11 6 6 8 5
6 17 25 1 7 25 28 26 14 18 11 6 8 24 13 7 16 1 20 22
11 17 32 8 28 29 21 47 27 39 37 13 20 44 22 27 37 16 25 23
12 19 31 3 27 34 22 37 33 47 33 12 32 45 17 22 41 20 34 27
4 4 15 6 7 14 16 27 14 17 14 3 10 26 8 16 11 7 13 10
1 5 3 1 5 7 10 10 8 8 2 1 2 9 2 5 10 1 1 1
1 1 9 1 2 9 7 9 3 12 1 1 4 11 1 4 7 1 6 1
4 6 11 1 6 14 13 12 10 10 7 4 9 13 8 14 15 10 12 13
20 36 73 25 50 68 40 71 65 65 60 21 47 80 43 49 62 38 53 55
21 21 23 6 19 38 33 39 33 39 12 11 31 39 8 24 21 18 39 24
4 1 18 1 15 23 14 27 14 27 9 1 11 26 7 12 14 9 15 12
4 9 8 5 13 9 17 17 18 21 7 5 7 24 3 14 20 1 9 6
6 2 11 4 9 19 7 19 16 24 10 7 11 14 9 11 19 9 11 15
4 8 11 1 4 10 16 9 11 16 4 4 7 14 6 4 14 1 11 10
1 10 21 5 13 20 13 19 17 16 14 1 16 22 11 20 20 13 19 15
15 16 39 21 28 52 22 44 47 46 27 22 32 35 20 27 50 21 38 29
1 15 16 2 11 15 21 32 15 31 14 6 11 32 13 12 22 7 21 22
10 25 48 26 23 56 32 46 49 50 35 5 31 59 13 31 45 38 46 37
28 50 63 34 38 62 55 72 61 66 52 12 36 83 25 55 67 40 70 53
12 6 25 3 8 31 17 20 21 27 8 4 17 32 4 18 14 17 23 18
1 1 5 1 2 7 7 9 5 14 1 1 4 12 1 5 11 1 7 1
5 10 18 7 16 18 20 28 18 19 15 9 5 21 11 11 25 6 7 12
18 30 49 23 45 45 45 59 37 39 32 14 25 59 32 47 45 24 34 40
5 34 45 20 47 51 30 55 56 64 37 30 46 52 41 38 58 24 50 47
3 8 25 8 16 24 24 34 23 18 22 7 19 32 13 19 22 5 18 16
1 3 7 1 1 7 10 10 1 7 1 1 4 7 1 2 6 1 9 5
5 2 7 1 1 13 6 22 8 9 8 2 4 16 1 12 9 5 9 10
17 12 18 14 10 23 14 24 27 20 15 11 15 33 1 23 25 16 18 15
7 22 22 7 26 22 25 45 30 40 23 17 18 35 19 16 35 5 24 26
13 18 24 18 22 28 23 31 35 26 22 15 18 29 17 28 36 19 24 30
15 25 30 13 15 25 37 43 24 36 15 7 11 43 8 10 33 8 34 35
28 36 56 26 29 58 61 63 50 72 42 27 37 64 38 28 61 27 64 60
30 39 48 16 49 54 38 55 54 61 24 22 47 55 24 61 46 35 60 40
12 34 49 22 43 45 33 51 33 45 36 15 32 46 40 46 46 29 41 38
15 8 33 20 21 43 26 43 38 47 33 18 25 43 15 18 48 14 35 22
1 2 5 1 4 16 10 4 6 5 4 1 5 9 4 8 9 7 5 4
13 15 32 20 23 24 26 43 23 14 23 13 19 39 14 24 18 14 13 24
3 4 14 2 2 15 14 10 9 10 7 1 8 21 4 13 8 8 13 6
7 24 14 3 13 28 32 38 26 27 11 9 19 33 17 16 19 10 24 25
6 8 19 10 17 14 18 30 16 20 18 7 11 28 8 21 23 6 7 9
49 37 47 39 47 60 26 70 63 63 45 45 43 62 25 54 61 45 45 47
