1000 20 13 1519
3 1 1 10 4 5 6 9 1 13 1 11 12
9 0 4 2 3 20 1 3 3 15 12 17 20
10 2 6 1 0 8 2 4 15 1 2 3 3
2 3 6 8 3 3 3 1 0 0 1 1 1
13 16 5 19 5 15 11 6 4 8 4 7 7
1 3 2 8 5 4 7 2 1 9 7 5 9
0 5 4 2 2 1 1 1 10 2 5 4 3
1 4 5 4 1 2 3 4 1 3 5 3 1
0 1 4 4 2 6 5 0 2 2 5 2 2
0 2 9 5 2 4 1 7 1 1 5 7 3
4 0 1 0 5 2 6 4 5 0 1 3 3
11 7 4 15 10 6 7 15 3 0 1 10 10
7 8 9 5 0 3 8 7 9 5 9 15 5
1 6 0 3 6 2 4 10 4 7 0 2 10
3 0 13 2 2 3 4 1 5 7 10 6 5
6 1 1 8 2 6 5 2 10 2 3 4 2
4 7 2 1 2 5 0 9 10 6 5 3 5
2 7 4 0 4 1 2 6 5 2 3 1 2
10 3 0 3 2 2 3 2 2 1 4 4 10
14 0 2 2 4 7 1 2 3 18 8 8 4
1 4 17 7 10 6 2 7 12 5 1 21 8
4 0 6 3 3 6 9 0 1 0 0 7 2
13 4 5 9 4 7 25 0 11 2 11 1 3
5 4 19 13 13 12 23 1 4 2 0 6 6
2 1 0 8 4 7 1 3 0 0 1 1 4
8 5 4 4 0 14 16 4 8 7 1 6 1
2 0 2 6 7 2 2 3 3 4 1 2 3
1 3 4 4 5 7 2 6 1 0 0 0 2
1 4 1 1 7 0 0 12 0 4 3 2 1
4 4 4 9 2 3 6 7 6 2 3 8 7
7 6 1 6 15 6 9 6 12 8 1 14 0
4 1 1 3 7 6 0 3 5 1 1 8 0
19 4 2 9 2 14 2 4 10 14 15 10 4
2 1 0 0 6 1 2 3 5 0 5 2 1
11 6 3 1 6 6 8 14 13 3 4 0 19
6 6 8 6 16 2 5 9 8 16 2 25 8
10 7 10 8 2 1 11 12 15 7 18 12 5
11 20 15 2 2 3 3 1 3 6 6 6 14
15 10 0 7 1 4 2 2 9 2 6 1 0
6 6 3 8 1 8 0 5 8 1 2 1 4
2 6 2 1 4 1 2 4 0 6 0 6 1
1 5 7 6 7 2 6 5 3 7 8 1 4
5 3 1 7 4 1 2 3 3 0 4 2 2
6 6 5 14 0 3 8 10 7 10 13 14 6
8 1 1 3 4 1 4 3 1 0 3 5 1
16 10 15 8 11 2 20 9 1 0 5 8 11
1 4 10 1 2 0 3 6 3 3 3 0 9
5 1 9 2 6 9 5 9 13 3 1 0 7
7 5 1 4 2 5 3 14 0 6 4 8 8
0 12 17 1 0 3 6 3 9 12 12 24 5
8 11 5 5 3 1 0 4 16 3 0 9 5
2 5 4 21 4 9 5 3 22 3 6 7 6
10 5 6 2 10 6 15 17 6 7 8 7 18
12 9 2 4 3 18 7 7 6 1 7 0 0
3 3 4 0 3 1 3 3 1 6 10 8 4
0 10 4 7 9 4 1 2 6 0 8 4 8
11 11 15 4 1 2 9 6 13 16 5 9 13
11 4 12 1 5 7 3 3 10 8 3 8 6
5 8 2 4 1 4 2 1 1 4 1 4 5
4 0 11 2 6 7 2 3 6 1 9 3 7
5 2 3 5 5 0 5 3 2 3 3 3 5
9 12 9 7 12 6 6 1 0 0 2 2 10
2 8 3 0 1 2 1 2 0 6 1 5 0
6 2 0 2 1 7 0 3 8 3 5 2 11
17 5 18 13 1 1 11 4 4 12 5 14 9
11 8 2 4 7 1 11 5 5 0 3 3 2
2 7 10 6 3 0 1 2 8 13 3 13 4
3 4 6 11 11 17 13 0 7 4 6 2 4
16 3 10 1 17 3 3 1 7 1 3 25 14
5 1 1 2 0 1 4 2 2 0 6 4 3
2 10 4 9 19 3 15 14 3 1 8 1 4
0 5 2 3 1 6 4 3 9 2 8 0 0
10 2 5 10 4 3 1 5 5 9 5 0 19
1 5 0 2 5 12 19 1 3 1 5 5 7
8 4 6 12 1 9 2 4 9 6 10 5 10
3 1 6 6 1 1 3 5 0 4 0 7 4
0 6 5 1 4 5 3 2 1 4 2 7 8
4 11 4 3 8 7 8 22 3 7 0 5 22
20 5 0 7 11 22 4 0 4 11 1 11 9
9 2 5 3 4 0 0 0 8 6 3 2 1
4 1 2 1 2 1 0 3 0 3 3 6 6
6 4 6 16 9 6 7 2 2 3 12 13 4
4 5 4 4 3 2 0 6 0 4 7 7 6
6 5 4 3 4 1 0 2 3 14 7 3 1
7 13 6 17 20 7 14 1 0 6 5 4 5
1 3 9 2 8 7 0 3 3 2 0 3 0
6 2 1 3 5 1 4 5 0 4 4 2 11
3 4 3 5 5 6 3 3 0 4 7 4 2
5 3 5 6 5 5 4 6 2 10 3 2 2
1 0 1 12 10 2 2 12 1 7 4 2 2
3 5 8 4 3 1 9 0 5 10 12 9 1
3 3 9 7 3 14 2 2 3 4 1 1 5
7 9 12 2 14 1 9 5 17 5 10 10 6
5 9 6 0 2 12 3 3 1 2 5 10 12
5 3 8 6 12 8 7 6 2 1 8 12 3
8 6 1 14 1 8 12 4 4 16 10 4 15
1 5 9 6 8 6 12 2 11 8 16 2 6
4 3 0 7 4 1 3 3 3 7 7 1 8
27 13 6 4 9 14 1 11 1 2 4 4 12
17 5 14 10 10 0 3 9 13 9 3 5 5
5 3 6 0 9 2 4 9 5 3 6 4 4
4 17 3 4 1 1 4 4 6 7 8 2 22
5 13 11 13 4 3 2 0 6 1 2 6 9
3 2 1 13 9 9 20 1 5 5 8 11 11
6 5 2 13 10 7 7 2 10 5 5 5 19
2 6 1 2 3 2 2 4 1 4 4 3 3
2 0 5 8 5 3 3 0 6 2 3 1 1
0 4 3 3 2 5 6 6 2 3 7 6 3
7 0 5 6 0 2 13 19 16 11 4 0 3
6 2 6 14 4 13 5 1 2 3 8 9 6
10 9 19 3 3 4 10 12 16 5 8 7 1
2 19 7 1 2 11 3 5 5 5 8 5 12
16 5 4 10 1 20 10 4 3 7 15 11 16
11 5 12 9 8 3 5 3 8 10 4 2 0
4 15 9 3 4 7 4 9 6 1 5 13 5
14 0 2 14 17 5 3 12 9 6 0 9 3
5 9 9 2 3 1 9 15 6 7 4 1 9
0 1 1 3 8 1 7 7 4 2 6 0 2
11 11 16 10 8 6 3 2 2 13 13 2 4
6 1 2 5 5 2 11 4 11 10 1 0 2
3 1 1 3 2 3 1 1 7 2 5 1 4
17 8 12 15 5 3 9 5 15 7 5 8 8
6 0 16 1 1 4 3 7 2 4 5 6 20
4 13 9 7 4 15 8 5 12 5 5 6 4
0 10 13 7 15 1 8 9 21 14 5 7 4
1 6 3 2 4 2 3 9 1 2 11 1 1
4 8 8 2 3 6 2 4 5 5 1 8 5
21 9 3 8 10 9 17 3 6 11 11 0 11
2 2 1 2 1 5 3 2 3 0 3 8 3
0 1 3 1 5 5 0 0 6 6 2 1 1
2 7 4 7 4 12 10 9 11 8 4 9 6
5 4 9 4 11 6 6 5 8 0 16 15 8
6 8 7 10 9 0 15 4 8 7 6 2 0
3 3 11 3 1 6 0 5 1 3 2 5 11
19 12 18 3 14 7 12 1 0 5 13 5 3
10 0 2 7 6 7 0 2 1 8 2 9 5
6 22 14 10 11 3 8 12 11 13 4 7 6
3 5 3 0 2 3 3 1 1 4 0 8 9
0 1 3 8 8 1 1 2 8 1 6 4 4
1 3 2 0 1 3 8 2 9 11 13 3 4
7 0 9 7 0 2 7 17 11 3 3 11 8
4 9 16 8 16 7 2 10 3 1 0 20 1
1 21 7 16 12 2 9 3 2 8 20 3 0
22 10 6 3 3 13 14 1 6 13 10 8 9
3 4 2 1 0 0 9 6 4 2 7 0 4
0 1 3 9 0 10 4 2 2 2 1 0 2
9 4 7 6 7 1 1 6 10 4 7 14 27
3 9 1 5 4 14 11 5 7 15 16 6 4
3 3 3 5 3 1 2 1 12 0 5 5 6
0 2 3 2 7 1 4 4 2 1 3 1 2
1 2 15 0 4 2 2 2 7 4 2 3 2
1 3 10 5 2 1 2 1 5 0 3 4 5
3 3 0 6 7 2 10 1 7 4 1 1 2
9 9 13 19 8 11 7 14 4 5 12 5 9
11 1 2 1 7 13 9 2 5 5 4 2 9
2 4 2 4 3 4 1 4 0 3 5 5 10
8 8 2 6 1 7 5 4 2 1 3 3 7
8 2 1 9 0 7 6 5 2 2 5 7 1
6 15 15 3 7 4 2 4 12 5 3 7 3
3 1 4 5 1 2 2 2 11 2 5 1 7
3 3 1 12 6 0 7 8 9 1 1 4 4
14 4 10 3 2 6 23 6 3 2 3 10 1
3 8 5 13 13 7 9 8 6 12 14 4 8
11 9 4 14 6 1 16 0 19 14 2 5 2
10 4 7 1 2 5 3 13 3 16 4 21 6
2 3 5 0 5 14 7 1 3 3 4 14 3
2 6 2 3 18 15 1 8 5 1 3 13 7
3 6 2 6 1 4 1 0 3 5 1 1 4
1 11 9 5 2 14 14 9 2 5 6 13 7
10 13 2 2 4 7 4 5 10 2 5 1 6
2 6 5 4 1 0 7 8 2 2 5 0 0
4 4 8 1 7 7 4 4 19 4 12 4 11
6 12 5 6 4 7 5 5 3 9 19 1 17
12 2 2 2 3 10 1 12 18 3 6 23 1
10 5 13 12 14 6 7 9 1 10 5 7 17
4 4 11 5 9 4 1 1 6 4 8 7 27
13 8 1 4 9 2 4 1 10 9 7 1 1
4 12 5 10 16 2 1 7 8 4 5 7 5
8 5 6 1 9 11 12 0 7 9 8 11 2
4 3 3 2 2 1 2 6 1 7 0 2 2
7 1 14 0 10 1 3 0 6 8 12 7 11
1 10 4 2 1 0 10 3 5 11 5 17 0
14 7 9 8 2 1 7 4 1 12 14 4 1
2 7 5 0 3 9 2 8 3 7 2 6 9
24 13 5 5 10 4 4 8 13 0 2 1 4
9 3 3 2 4 2 3 14 10 3 14 16 7
8 10 2 5 2 9 1 4 5 7 1 3 18
0 1 4 1 3 9 1 3 11 0 4 4 1
4 11 8 12 6 6 8 5 4 7 12 18 3
7 2 10 8 11 0 1 6 9 8 19 1 6
4 2 3 0 1 6 1 6 1 1 3 5 0
3 1 1 1 5 5 0 6 7 3 1 6 5
15 2 0 6 1 18 11 4 11 8 8 9 20
4 1 8 1 7 5 7 4 6 2 1 6 17
4 2 0 4 6 4 5 0 8 11 1 11 4
0 1 0 2 2 6 6 1 7 5 2 7 1
2 5 4 0 5 1 1 13 1 1 1 5 1
2 8 3 8 2 9 5 2 8 16 11 7 3
2 11 6 20 13 4 0 5 2 19 3 9 5
2 0 2 9 2 1 2 10 5 5 4 11 2
12 4 0 8 19 3 2 14 1 4 3 9 1
2 1 9 1 2 1 2 3 6 6 5 0 1
8 4 4 5 2 4 7 3 4 3 9 5 1
2 4 2 0 4 5 0 6 10 4 4 2 2
2 1 2 4 4 3 1 2 1 0 5 0 4
2 4 12 9 0 9 12 11 1 1 10 14 1
16 1 5 27 3 5 1 12 8 2 3 14 3
9 7 3 1 14 7 1 5 1 8 1 17 5
1 4 1 7 2 3 7 4 5 4 1 3 5
11 4 9 7 17 5 13 10 2 3 8 22 4
1 3 0 2 8 4 7 4 7 2 3 7 0
5 8 10 12 4 1 1 0 6 12 1 11 11
7 2 1 12 8 0 11 6 8 3 3 4 8
6 5 6 9 10 3 9 5 17 7 17 6 1
5 2 10 5 7 0 1 1 5 1 6 1 0
1 10 4 3 0 1 1 9 3 5 1 0 8
0 6 4 3 8 7 2 5 6 3 1 0 2
12 0 4 1 6 12 6 11 3 0 8 3 1
3 1 3 1 2 1 5 4 4 9 8 2 3
2 7 14 0 1 3 9 8 0 1 3 8 3
8 16 8 2 4 5 2 9 6 10 0 2 1
3 2 5 4 5 5 5 5 8 6 6 11 4
10 1 5 2 16 2 4 1 21 5 9 2 3
11 3 6 10 7 1 9 5 0 21 21 6 8
8 7 3 1 0 13 11 11 14 10 3 18 6
3 3 9 1 3 4 1 8 2 9 0 7 6
13 17 13 7 2 12 9 3 11 5 16 9 5
2 7 12 3 4 1 5 4 9 10 2 2 5
5 10 0 2 2 1 23 11 3 11 4 3 0
3 0 2 1 0 2 0 2 3 6 5 3 5
2 10 3 5 17 4 24 6 0 4 10 10 6
2 1 1 4 1 5 4 0 1 11 4 3 5
8 10 16 1 1 1 16 6 15 13 9 4 3
8 3 1 6 7 11 7 5 3 9 6 0 7
1 11 1 2 1 3 1 2 3 1 13 8 0
3 17 5 1 14 1 11 7 3 7 15 5 2
9 5 10 5 8 11 7 5 21 1 13 11 4
4 10 8 5 13 4 16 12 7 9 2 17 7
1 9 24 10 8 0 4 9 3 10 3 8 1
14 9 12 8 6 7 1 1 23 4 13 1 1
3 17 9 6 3 12 18 1 9 4 2 1 9
5 8 2 2 5 4 2 10 2 1 5 6 1
12 5 11 3 9 5 6 10 13 15 13 0 16
13 9 0 10 5 11 11 2 2 11 7 11 10
3 11 1 5 4 5 4 3 1 10 12 2 0
8 4 4 1 7 5 6 3 1 11 2 6 2
3 2 11 4 13 6 4 5 4 10 14 1 6
6 3 4 2 2 6 2 2 5 7 6 7 5
6 6 0 12 2 7 13 4 4 12 9 1 2
13 7 5 11 16 2 10 11 14 17 1 5 4
2 2 4 3 3 13 9 1 7 12 8 14 0
3 6 4 22 2 3 3 22 9 4 12 4 10
0 0 0 7 4 19 5 7 12 7 13 1 16
18 8 1 2 6 3 13 3 21 11 5 10 4
3 3 5 17 6 4 0 11 2 0 8 6 17
12 6 21 2 9 13 7 5 2 16 8 6 7
5 2 2 6 13 6 4 4 10 0 1 18 14
11 2 16 2 4 3 7 3 5 2 6 0 4
8 8 3 3 5 3 1 7 7 1 7 0 1
6 6 6 1 1 1 3 5 1 4 0 1 7
10 13 11 4 13 4 5 2 13 4 8 7 12
10 1 4 1 22 2 7 7 1 16 8 0 6
2 2 1 7 0 6 4 13 5 0 3 0 9
2 1 14 4 7 6 7 13 8 8 2 15 4
7 9 1 1 4 7 1 1 0 1 6 2 2
0 3 8 2 6 6 0 7 2 5 10 4 0
6 3 4 6 2 0 7 3 3 1 0 0 3
1 4 0 1 0 1 3 0 1 1 1 7 8
0 4 8 4 1 4 3 2 2 1 2 2 4
4 4 7 4 2 12 3 5 2 7 9 0 2
1 14 1 2 7 12 18 8 0 8 12 2 4
1 1 12 1 7 6 6 2 8 3 2 2 0
9 9 0 6 4 2 13 19 12 9 7 0 1
11 2 7 0 5 8 1 4 0 3 19 12 2
12 13 10 12 5 8 4 2 0 3 6 9 15
10 2 14 3 7 9 4 8 6 3 5 3 2
1 1 0 8 0 2 5 4 1 2 2 1 3
4 10 1 14 8 4 7 12 1 5 3 0 1
10 18 15 9 2 7 18 2 8 2 8 8 10
4 1 3 8 4 21 4 1 3 9 4 2 9
13 7 5 3 8 16 7 2 7 3 7 6 8
8 9 10 2 15 7 3 6 7 6 10 1 2
11 3 13 2 16 4 9 2 17 3 10 3 11
3 2 0 5 1 0 5 3 3 2 1 4 3
2 7 0 4 2 1 0 4 5 9 1 1 1
12 5 15 15 14 4 12 3 12 5 8 4 2
4 2 4 5 18 11 4 10 3 7 0 21 4
11 10 1 7 6 5 6 2 7 23 8 4 6
5 3 9 8 10 9 1 1 6 4 7 1 4
5 1 4 1 1 3 0 4 7 9 4 0 0
5 5 11 9 12 6 5 7 11 0 11 2 16
1 2 1 5 1 2 4 11 2 4 2 7 1
5 3 1 7 2 4 6 4 3 6 2 2 9
6 10 9 13 0 2 1 0 9 6 1 20 13
0 8 5 0 5 14 3 0 5 1 11 7 1
20 5 5 14 12 8 5 19 8 9 3 9 8
3 5 5 2 7 4 4 2 3 4 4 2 3
0 5 7 19 20 2 2 3 7 2 7 8 3
5 7 5 1 3 1 2 1 2 2 6 1 3
7 1 6 7 7 3 10 1 0 5 3 6 2
1 3 2 6 5 3 4 2 2 19 3 3 9
9 6 4 4 2 2 4 5 1 7 4 1 2
12 19 6 10 8 9 10 5 6 13 0 3 6
10 2 20 11 1 3 7 1 0 8 24 1 13
1 3 6 4 4 1 2 1 2 5 3 1 1
3 0 4 3 4 10 1 9 1 3 7 0 2
16 6 1 9 1 19 6 11 6 3 5 0 3
7 5 13 5 10 3 19 2 7 10 4 10 3
2 0 5 2 14 6 8 7 2 7 11 1 5
1 19 8 9 3 4 10 6 20 2 11 13 10
2 6 17 1 2 1 0 13 10 3 7 10 8
1 2 5 3 3 3 1 3 2 2 2 5 4
3 2 8 21 14 15 4 8 4 10 10 3 4
11 0 16 6 14 10 0 1 20 7 3 12 11
4 1 2 6 3 0 0 5 3 2 3 7 1
1 4 0 4 2 9 1 4 2 1 2 8 2
3 3 1 3 7 4 8 0 6 2 1 2 1
4 4 2 7 0 5 0 0 6 1 1 3 4
5 3 5 9 3 5 3 4 5 10 8 13 17
8 1 4 0 1 0 5 6 2 9 2 1 1
7 6 0 3 1 4 5 2 2 1 4 1 4
4 8 9 1 4 2 4 4 2 7 9 7 3
0 5 2 11 1 8 4 5 0 7 5 1 5
4 11 5 5 2 1 4 15 14 18 5 9 4
15 8 1 1 1 11 5 18 3 12 4 1 0
3 17 12 4 15 11 8 4 5 6 5 7 16
2 2 0 1 3 1 7 2 2 1 0 4 7
0 0 6 4 3 6 5 4 2 1 4 4 3
3 9 18 5 6 6 2 12 6 0 6 9 6
0 4 6 5 3 0 5 2 13 22 10 6 15
1 1 6 2 1 2 6 2 0 8 2 4 3
3 10 9 9 1 4 4 9 2 6 3 24 6
5 4 12 1 0 3 4 3 4 2 4 4 6
0 8 1 1 1 1 2 2 1 3 3 6 5
2 2 4 1 3 8 1 2 8 0 1 16 2
7 12 2 2 20 6 9 13 2 6 12 4 1
7 12 12 2 3 4 3 13 4 13 0 2 12
5 6 13 13 5 3 5 8 16 6 2 8 2
12 7 12 2 1 4 0 14 5 5 8 16 8
2 20 3 13 1 8 6 2 5 10 13 5 3
11 4 3 10 3 4 4 14 15 2 5 1 12
6 4 5 13 0 3 4 4 2 2 5 3 10
0 1 1 1 1 7 2 2 1 6 7 0 2
14 3 3 4 5 7 9 7 4 3 3 3 3
6 4 3 2 7 0 4 5 2 2 0 1 3
10 12 0 6 5 0 1 2 7 8 18 16 7
6 5 6 6 10 1 3 13 5 3 21 6 5
16 7 5 16 15 3 4 2 3 17 17 4 3
10 7 7 13 5 10 6 2 2 14 4 12 0
0 9 19 13 18 3 0 9 12 18 1 6 4
8 4 14 19 1 3 2 5 4 5 1 4 12
7 2 5 0 5 4 3 7 3 6 8 10 6
1 9 4 5 13 4 9 2 9 2 3 4 8
6 4 3 12 10 8 2 4 1 5 6 1 8
4 15 1 27 3 6 7 7 11 12 9 12 2
2 2 12 2 1 5 5 4 4 2 3 5 4
12 4 16 8 6 15 12 3 9 6 6 9 7
6 1 6 5 15 4 12 2 8 1 7 0 3
3 2 15 6 17 7 1 11 2 14 7 8 3
0 5 7 3 6 3 6 4 2 5 4 0 4
6 4 4 2 9 6 4 12 4 23 13 3 4
6 6 2 5 5 1 12 23 15 16 4 6 3
20 7 15 3 5 10 8 1 16 8 16 4 4
2 7 22 11 5 17 2 13 8 6 8 7 6
1 6 0 3 3 2 5 2 1 1 5 1 0
1 2 0 3 1 4 4 1 1 1 8 1 4
5 8 3 1 7 3 4 8 11 2 3 10 10
6 1 22 6 4 8 0 5 16 6 2 10 4
4 12 9 13 6 2 2 8 8 9 9 7 11
2 3 4 2 16 9 12 3 5 11 10 10 7
4 0 3 1 1 0 10 5 4 19 4 12 3
6 5 5 2 1 3 0 7 7 4 10 8 6
1 6 5 4 1 1 3 5 3 2 1 0 2
1 4 5 1 10 7 1 6 12 4 15 4 1
4 3 8 9 1 8 9 7 3 3 6 5 2
15 14 6 10 11 13 17 0 9 10 3 10 13
7 5 3 4 3 5 4 2 5 7 4 2 3
0 3 3 3 4 13 5 14 12 0 15 1 17
4 3 4 8 0 9 3 3 7 9 4 2 7
6 4 4 0 5 4 8 0 1 5 7 4 5
1 14 8 2 4 8 1 12 15 6 10 3 6
2 2 2 3 2 3 3 7 2 3 1 1 1
4 7 3 1 5 0 1 2 6 3 6 1 3
4 12 13 3 6 4 8 14 11 14 4 9 12
3 4 3 17 4 3 23 9 2 7 11 6 8
0 2 0 6 7 1 0 1 5 1 4 6 0
1 3 4 0 4 8 2 2 2 6 0 15 6
6 3 7 6 3 5 9 1 3 3 4 9 10
1 1 4 1 7 2 1 7 3 2 1 5 0
5 17 7 18 10 8 4 10 0 4 14 3 18
12 5 6 0 1 7 9 1 2 1 6 2 8
11 0 0 6 8 0 20 7 7 6 14 8 0
16 6 4 9 10 17 4 4 8 8 7 14 9
7 3 3 10 6 26 18 1 7 4 8 4 1
5 5 1 5 3 7 22 0 7 12 12 2 24
7 12 13 15 5 14 9 4 5 6 5 5 6
2 8 7 12 4 4 0 11 8 17 14 5 11
9 2 5 0 4 5 1 2 5 3 11 10 3
6 9 5 11 5 11 2 10 13 13 5 5 8
1 4 2 1 1 2 0 0 4 10 8 1 2
6 21 4 1 4 7 0 5 1 8 2 5 13
8 6 3 2 0 2 7 0 5 5 6 7 6
7 5 2 8 4 10 4 8 9 10 6 4 1
3 6 6 4 2 3 8 15 15 0 6 17 9
4 4 9 1 6 8 2 9 4 2 12 8 0
7 1 1 8 2 5 10 4 14 7 13 1 6
1 1 13 1 3 5 14 1 4 16 11 2 17
12 5 5 6 4 13 3 1 18 0 12 5 19
10 9 2 18 17 4 1 3 5 21 5 12 0
4 0 3 4 4 6 3 4 1 4 2 2 4
4 10 1 1 0 4 13 2 7 15 7 5 3
4 5 7 1 2 7 2 0 7 23 1 4 2
7 11 5 5 1 2 6 5 2 12 2 9 8
8 8 5 6 6 16 6 10 1 12 1 4 1
14 12 2 10 16 8 2 2 19 13 8 1 4
6 15 14 20 4 5 2 1 9 1 11 4 6
1 11 23 2 17 12 1 3 8 13 10 2 13
0 8 6 5 5 1 11 1 13 9 8 9 2
1 5 9 8 6 2 8 1 1 4 12 3 14
9 5 1 9 8 6 9 1 13 2 10 8 18
4 2 1 5 1 3 2 3 2 1 9 4 4
7 1 11 6 11 3 24 2 1 10 14 10 2
7 9 3 17 8 10 7 12 6 9 5 14 11
9 1 0 2 7 3 2 5 1 3 11 2 2
12 2 4 5 1 3 4 20 2 6 8 2 4
16 10 11 11 6 11 3 1 4 8 12 2 2
3 0 1 3 3 3 0 5 2 2 4 2 6
2 1 4 1 6 2 3 5 5 6 2 3 5
1 6 9 9 14 11 1 16 5 5 15 12 1
4 5 3 0 3 0 2 6 6 4 2 7 1
1 10 12 3 9 3 2 21 7 6 1 5 6
4 3 7 0 5 4 2 4 2 2 7 2 6
1 15 13 16 18 1 9 5 1 3 8 7 0
9 7 7 21 9 4 8 0 2 3 14 9 2
9 5 8 4 1 13 2 2 1 2 2 14 7
10 1 9 9 3 1 9 8 0 2 4 2 12
5 4 4 10 2 15 9 1 6 10 4 4 14
10 8 2 0 3 4 1 2 0 2 3 2 0
4 8 1 0 4 1 8 4 4 1 3 4 1
5 9 1 17 25 4 1 5 14 9 1 3 10
3 0 3 14 7 1 5 4 12 1 1 2 4
6 12 2 7 3 4 13 4 7 2 8 1 12
0 7 0 17 8 11 8 4 12 8 5 3 11
4 3 7 1 1 6 0 4 2 4 3 3 1
5 2 7 5 1 4 1 3 6 0 7 3 6
2 4 4 2 2 3 4 7 1 1 7 2 5
14 5 4 3 3 1 8 12 3 2 8 2 1
13 5 9 13 1 4 7 5 4 21 1 13 12
5 8 15 2 0 8 2 7 13 11 11 18 3
4 14 17 4 7 20 5 9 13 2 11 7 0
7 6 7 5 6 1 4 2 0 11 8 6 4
6 16 1 7 3 9 5 0 12 4 4 0 3
1 3 7 2 0 1 0 4 0 2 1 4 12
8 1 3 3 11 3 8 15 9 3 0 1 5
6 1 22 9 1 12 1 3 14 3 5 18 3
3 2 3 0 4 2 1 3 7 5 2 1 0
7 0 25 1 1 9 1 7 9 9 6 6 19
9 4 1 2 9 6 8 6 0 3 4 2 6
1 7 7 1 9 4 16 1 9 9 0 12 6
1 4 2 0 3 4 1 3 2 2 7 0 2
0 8 0 4 7 4 3 3 1 4 3 4 1
1 5 5 3 13 1 5 7 4 14 14 10 4
2 7 3 12 18 17 2 2 8 8 3 4 5
4 0 7 3 3 17 1 3 13 9 8 1 2
9 5 3 7 0 7 1 5 6 2 6 1 2
2 5 1 3 4 1 7 8 1 1 2 1 4
2 7 3 3 5 1 0 3 4 5 3 0 3
19 13 3 1 7 21 10 3 2 3 11 4 2
1 11 4 8 2 8 14 1 2 14 8 5 3
9 9 19 1 19 5 15 4 4 3 15 6 0
3 0 9 11 5 15 7 5 6 6 4 15 1
2 6 3 13 1 14 4 10 8 3 5 12 9
4 5 10 2 6 3 1 3 3 7 8 6 1
2 8 2 1 5 6 2 2 4 2 0 4 5
7 3 3 4 14 5 13 5 4 7 3 2 0
2 1 1 3 2 5 5 5 5 1 2 2 7
11 2 12 2 8 6 4 5 1 8 12 5 16
6 3 4 3 4 2 2 3 5 2 1 1 1
3 8 0 13 1 5 15 4 6 22 6 9 9
2 2 3 4 1 4 13 6 9 1 6 4 13
5 13 5 9 13 13 1 9 4 0 6 14 12
9 8 1 5 2 4 3 11 3 11 0 12 25
0 25 11 3 4 6 8 7 16 13 8 3 14
4 2 1 1 3 2 5 6 7 4 2 5 10
2 10 1 15 8 2 5 12 5 14 9 16 6
10 10 9 12 1 17 9 14 4 11 3 2 0
2 10 13 3 6 11 19 15 4 3 3 21 9
5 13 10 13 8 2 4 1 7 1 3 2 9
9 2 0 1 4 7 3 9 0 7 1 10 3
7 5 7 19 2 5 10 4 9 4 7 10 2
4 5 1 6 10 1 1 7 4 1 4 4 2
2 22 9 4 5 4 6 4 6 4 9 6 3
5 10 2 1 15 4 0 7 4 0 0 25 5
1 3 0 3 4 0 0 4 4 2 4 15 4
4 20 13 0 2 5 8 25 7 15 4 0 3
8 3 5 3 13 12 11 7 4 8 9 9 0
4 4 9 12 13 1 2 4 3 5 3 1 4
0 5 4 2 3 2 11 8 5 1 4 3 10
7 4 8 3 24 14 22 12 2 2 1 2 7
4 5 5 6 2 3 7 4 3 2 22 10 9
5 4 1 0 5 3 13 11 4 9 2 2 7
0 11 1 3 1 3 2 0 4 4 4 1 4
2 5 2 1 1 2 3 1 13 0 3 4 2
6 2 4 4 10 0 22 1 7 5 12 4 6
0 2 0 2 0 7 3 3 0 9 4 6 2
2 14 14 7 4 3 7 9 0 1 1 6 3
0 4 3 3 5 2 9 11 13 4 5 1 7
8 21 5 5 3 1 12 3 4 12 6 13 15
6 2 1 4 12 6 7 7 4 5 1 2 5
8 15 15 6 2 4 3 5 4 7 12 2 4
12 0 6 3 3 14 9 11 1 3 2 6 2
7 12 2 10 10 3 15 7 7 3 8 2 3
2 1 4 11 9 22 1 21 2 4 1 13 11
4 8 1 7 1 2 10 8 12 5 15 6 19
5 4 0 0 8 2 3 6 2 6 4 6 2
0 8 14 1 4 6 1 3 1 1 0 0 2
0 2 4 4 1 3 2 2 5 9 1 1 8
17 7 6 8 5 6 5 8 4 1 5 2 3
3 11 10 6 4 3 15 3 20 11 1 15 10
4 1 1 3 5 1 9 6 1 11 1 1 5
3 2 4 4 3 2 1 0 9 8 5 8 4
10 1 14 4 1 8 4 1 11 4 8 3 3
5 3 13 3 11 4 0 8 2 4 9 8 7
1 0 0 10 7 5 4 7 0 4 7 3 1
2 0 1 5 3 0 6 4 1 3 2 5 0
1 8 14 2 4 4 3 7 5 3 4 2 8
1 9 19 13 0 14 1 11 11 12 0 6 14
7 4 5 8 14 11 7 3 7 6 5 8 1
0 12 11 4 2 6 3 0 1 3 16 0 0
2 6 3 10 3 1 6 2 12 2 1 3 8
8 1 6 16 19 8 4 0 14 3 0 14 9
3 0 12 5 7 3 5 7 3 1 5 9 8
0 5 4 3 2 4 2 5 7 0 4 3 7
7 14 2 10 21 7 9 2 7 3 5 4 0
15 0 1 2 3 12 7 6 3 1 3 12 11
1 7 0 6 6 0 1 5 2 1 5 1 5
2 15 9 2 15 6 12 22 8 10 1 11 9
0 5 3 6 8 5 3 3 2 11 5 7 2
15 4 3 5 1 13 4 1 4 14 9 3 7
1 2 2 7 4 0 5 4 1 2 3 6 8
9 8 2 16 5 5 6 1 3 5 14 8 20
3 10 6 5 1 16 2 6 0 3 2 2 0
4 6 2 0 7 7 1 2 1 0 1 1 4
7 15 2 1 10 1 1 4 14 0 6 6 4
6 12 2 7 3 6 11 12 17 13 11 18 10
13 3 2 3 5 3 3 6 9 7 6 3 5
2 1 9 13 12 5 4 2 5 4 0 1 13
3 6 0 3 9 1 8 0 14 1 1 14 11
2 13 7 7 13 4 2 2 4 9 4 6 12
0 1 8 7 8 3 3 9 11 8 1 8 15
6 7 4 1 6 1 0 4 2 1 4 2 6
5 1 11 8 1 6 4 1 2 2 4 8 6
5 4 2 3 7 1 2 14 12 1 4 17 23
3 2 5 6 0 1 2 1 2 2 3 8 2
1 1 2 3 1 6 2 4 4 7 5 1 2
4 3 3 7 4 2 4 1 3 3 4 1 2
3 14 6 4 14 4 2 3 3 13 0 5 1
11 18 4 8 18 7 5 12 3 2 14 15 9
0 4 7 4 8 5 4 4 3 2 9 3 2
2 6 2 1 7 1 3 1 3 0 3 2 4
10 9 7 2 2 14 6 9 11 11 0 10 4
6 12 8 5 11 2 13 2 16 0 5 7 6
8 5 0 10 0 8 0 7 0 3 1 0 8
14 18 0 9 4 12 6 3 4 4 4 4 10
1 3 2 6 8 2 1 10 1 2 7 4 1
7 4 6 4 4 3 2 2 2 8 0 0 4
6 15 5 8 9 19 5 15 2 11 9 7 11
10 15 5 1 7 3 10 6 0 9 2 12 12
6 2 7 17 17 12 7 12 7 0 10 4 11
2 5 6 4 7 8 3 1 4 2 2 5 8
5 7 3 2 5 8 13 5 5 10 11 0 3
6 1 4 6 4 5 9 9 4 9 0 2 1
8 25 1 1 5 7 9 11 5 14 2 15 3
17 0 1 8 5 8 14 11 3 8 14 6 6
3 3 3 2 7 10 4 4 3 2 3 3 11
0 2 3 4 8 0 2 1 4 3 4 3 1
2 3 5 3 2 3 1 5 2 2 1 4 2
2 3 4 10 5 3 2 9 0 5 6 4 11
12 9 17 8 1 24 6 6 6 1 8 16 3
7 10 9 8 7 11 6 2 12 22 9 6 11
2 2 4 1 6 4 3 6 5 7 6 3 8
20 8 14 3 6 1 3 2 0 5 11 6 4
0 1 2 2 18 1 10 6 9 16 4 1 5
4 10 11 2 11 5 4 4 3 12 10 8 8
10 4 18 2 8 1 1 9 1 0 3 0 4
6 2 10 3 17 14 10 7 11 7 10 13 10
8 5 4 16 8 16 16 11 10 2 3 5 8
0 2 4 2 0 6 3 7 9 3 9 3 11
1 1 1 6 1 3 7 3 0 1 2 1 4
21 7 11 2 7 1 1 2 12 4 11 17 8
4 1 0 1 6 7 1 1 3 1 5 2 2
7 14 1 12 3 2 6 1 0 7 4 14 1
1 1 2 2 0 4 5 2 5 1 1 8 6
4 4 2 4 2 5 0 2 4 2 4 5 1
1 7 10 4 14 4 15 5 7 1 7 19 6
4 0 4 4 0 5 4 1 0 0 5 3 0
4 2 1 4 2 1 4 2 3 0 1 4 5
1 1 11 1 7 7 2 1 2 4 1 5 3
0 5 4 3 3 5 0 1 5 4 2 8 6
4 1 2 7 6 10 0 1 4 8 11 5 2
8 4 3 2 2 2 2 1 7 1 0 1 1
6 11 8 4 6 17 10 1 7 13 15 5 19
0 2 6 3 1 2 1 2 0 5 0 3 6
5 1 11 1 14 4 5 7 5 18 2 0 7
9 5 3 10 8 2 3 10 7 1 9 15 4
8 2 10 10 1 15 2 7 16 8 5 3 5
2 15 6 7 1 2 27 5 3 2 14 14 2
6 4 1 8 8 4 3 10 2 14 0 5 4
17 6 3 10 10 16 17 9 1 2 1 6 5
5 3 6 12 3 8 11 7 0 8 4 0 3
3 4 12 4 6 6 1 6 0 16 6 13 12
8 16 3 2 6 20 4 9 6 21 6 9 3
10 5 19 1 10 1 3 4 8 1 13 7 9
6 9 18 8 10 2 4 1 19 3 5 23 6
2 15 15 0 3 4 8 8 0 1 9 2 14
12 10 7 6 7 14 5 6 9 7 16 0 7
6 3 12 1 4 12 10 7 4 8 11 5 11
6 4 5 4 23 7 15 10 7 10 0 10 6
5 4 1 9 2 1 6 1 3 2 6 2 1
5 2 12 0 4 4 9 13 11 4 3 7 11
3 15 7 5 7 5 2 5 3 2 10 6 1
0 2 4 6 1 1 3 1 1 6 3 3 0
4 0 4 12 4 6 4 3 4 4 3 2 1
6 3 1 14 1 7 2 3 2 18 4 10 7
14 2 13 2 2 3 3 7 3 12 4 15 1
1 7 13 3 3 11 1 1 3 10 3 0 1
7 2 1 6 4 1 4 3 4 1 2 0 2
1 9 3 15 8 2 10 5 3 5 8 4 13
1 0 2 2 0 4 2 2 6 6 4 2 1
0 0 3 17 9 8 12 4 1 2 4 1 4
6 1 2 2 14 1 4 11 2 10 4 3 2
5 11 4 3 5 18 7 9 11 9 14 2 4
6 3 10 6 12 0 8 2 10 9 7 12 5
6 1 4 0 2 3 2 3 0 6 2 3 4
10 5 3 3 17 6 12 16 3 2 6 4 7
3 3 5 2 2 0 5 6 3 7 12 3 1
0 0 3 3 7 3 7 2 12 4 2 4 1
1 2 10 2 2 1 4 1 20 1 2 8 3
1 10 10 24 6 17 5 6 0 7 3 5 12
9 5 6 6 1 5 10 1 7 10 4 2 3
4 0 4 3 8 6 0 4 1 14 13 2 7
9 3 14 1 5 1 10 3 10 11 20 11 6
5 7 16 11 8 2 3 5 22 14 7 12 11
4 7 5 3 1 0 11 11 0 5 3 5 6
3 8 7 6 1 1 9 2 12 2 13 13 5
2 1 3 0 4 4 1 7 0 4 6 7 11
11 7 5 10 0 5 3 5 0 5 9 2 4
7 5 4 1 3 6 7 3 4 2 4 2 7
11 8 2 0 7 7 5 1 3 3 6 11 6
6 12 0 20 3 4 11 3 8 2 8 12 14
1 6 13 1 5 1 11 11 4 2 7 0 8
3 1 5 15 6 9 11 1 1 3 4 1 5
16 6 1 1 1 5 9 6 7 0 1 5 7
0 7 2 12 4 10 4 5 6 9 3 5 4
5 4 2 5 6 4 14 4 3 10 6 5 5
3 5 4 2 7 2 12 10 7 14 12 0 7
8 29 10 15 1 1 2 5 2 7 6 16 2
1 0 1 7 3 3 12 3 2 9 6 5 4
4 1 1 9 6 2 1 5 3 3 3 3 0
8 14 1 2 5 15 1 6 22 14 16 6 2
3 0 2 5 7 3 8 0 8 8 6 5 3
13 5 4 2 0 6 3 1 3 3 4 8 8
3 9 2 2 7 1 4 8 11 11 3 2 9
11 1 0 8 4 11 13 1 14 5 3 1 26
9 3 7 7 10 4 2 14 2 3 2 6 2
19 7 2 3 0 7 3 8 18 12 3 7 5
9 20 3 1 2 1 2 7 8 3 25 2 10
4 7 5 5 4 0 2 2 2 6 4 2 2
4 6 4 5 0 3 1 1 0 5 2 6 3
22 6 14 9 13 10 10 2 2 16 0 6 2
14 7 1 11 1 10 9 0 1 11 5 5 4
1 11 11 7 3 8 14 8 3 4 12 15 6
8 9 22 5 1 7 8 6 12 7 19 11 2
7 8 7 5 3 7 9 9 6 15 14 5 12
5 16 19 15 5 14 3 12 8 9 3 6 10
2 0 7 6 4 17 2 0 5 4 5 6 3
7 1 1 5 9 6 6 2 6 4 10 3 6
3 3 11 10 16 2 0 1 6 1 6 11 3
3 1 3 4 5 11 0 5 6 2 2 8 1
2 1 4 1 13 6 1 12 4 3 6 12 17
11 3 0 1 3 6 1 7 4 9 7 10 6
3 26 1 16 1 2 11 16 11 11 2 6 2
1 4 1 1 5 3 1 5 3 5 1 4 1
8 7 5 4 6 3 0 3 1 3 3 5 5
1 4 8 2 2 14 5 8 2 0 7 3 3
3 2 4 3 6 4 4 1 6 2 4 8 1
5 6 6 6 1 2 4 8 6 18 10 7 12
22 2 1 10 5 20 4 0 8 6 10 4 7
2 5 3 4 3 5 4 6 3 3 3 2 6
3 5 11 8 21 14 13 9 2 0 15 8 6
3 8 10 4 8 14 10 11 5 9 2 7 4
4 1 11 11 3 3 21 3 2 8 4 0 6
5 2 6 4 1 2 6 1 0 1 8 0 2
3 13 13 5 17 6 21 4 10 1 6 1 7
8 3 1 2 9 2 6 4 2 2 2 4 8
1 6 1 4 1 4 1 7 5 3 2 3 2
2 12 6 9 6 23 18 13 1 7 0 8 10
6 6 0 1 12 4 1 10 27 0 2 15 3
6 4 5 6 0 4 5 2 3 9 1 3 2
13 2 13 2 1 23 1 7 5 0 3 11 3
4 2 1 7 3 6 15 4 6 9 7 5 0
5 4 4 2 4 4 2 3 6 0 1 5 1
9 20 5 6 13 2 7 0 6 7 22 7 11
1 4 8 7 7 4 10 5 5 8 7 7 1
5 7 1 3 1 1 1 5 9 7 3 4 3
8 8 10 3 2 2 10 1 1 12 1 9 14
3 13 0 6 8 1 8 11 8 11 11 7 19
3 14 16 1 1 11 3 4 6 4 3 8 9
8 9 9 2 21 4 1 12 7 7 10 12 6
3 5 1 11 6 5 4 4 2 4 1 4 6
2 1 1 4 1 3 4 1 3 3 3 1 6
5 5 13 9 15 11 6 16 7 6 13 4 4
5 5 4 7 1 4 7 4 2 2 3 4 2
12 2 7 7 13 9 12 7 2 6 7 9 6
3 3 1 2 11 1 6 4 3 3 7 25 17
27 4 10 9 3 5 10 11 7 8 4 8 1
15 17 1 2 8 1 11 14 3 3 17 13 10
3 4 5 8 5 1 4 2 1 6 12 6 3
6 3 5 13 14 7 4 9 4 5 13 13 17
22 0 2 5 0 0 16 5 10 2 4 6 2
0 0 1 4 2 2 0 3 5 8 1 1 2
3 3 7 1 0 1 0 4 5 3 2 4 2
1 2 4 0 6 2 4 1 1 5 2 4 2
10 15 12 17 5 11 13 2 14 14 2 1 1
4 3 14 4 7 1 3 6 4 4 1 4 5
10 0 5 3 2 10 5 1 1 2 4 11 1
5 5 7 6 23 17 3 8 2 7 9 6 11
2 6 3 2 6 1 1 1 4 1 4 1 0
4 1 1 2 4 7 6 4 0 3 5 6 3
16 12 6 18 5 6 3 3 6 4 11 11 6
13 7 3 6 4 6 2 3 9 7 6 2 5
5 8 11 9 10 7 6 5 1 10 4 10 3
9 1 14 7 1 2 8 11 5 2 10 1 6
4 6 7 1 6 5 8 6 8 14 0 2 2
2 11 6 7 3 7 2 11 1 8 5 4 14
5 3 0 1 5 4 7 3 1 2 1 1 2
6 2 7 4 2 10 1 2 1 7 4 2 8
2 1 4 27 9 5 5 15 0 1 1 3 18
2 5 12 12 2 3 15 9 17 10 9 10 3
6 1 13 4 1 1 2 13 7 2 18 1 25
10 15 0 11 7 7 7 3 7 2 7 7 8
1 11 3 3 5 12 13 8 14 18 12 1 2
3 3 6 2 1 4 1 3 1 1 5 1 5
5 8 3 2 1 5 2 11 10 0 2 1 11
2 6 1 2 1 7 8 0 6 1 4 6 2
12 8 8 4 16 3 7 8 3 3 13 5 3
1 4 3 3 2 1 5 5 0 0 1 1 2
8 2 7 1 14 11 10 12 14 12 6 1 1
2 5 1 1 10 3 0 0 1 0 6 4 6
4 4 19 1 12 11 10 5 2 2 7 7 12
7 3 3 6 6 10 9 13 7 25 5 14 4
8 1 4 2 0 5 3 4 1 3 5 9 4
1 9 0 9 5 12 2 11 2 12 1 6 4
7 8 10 7 2 13 3 10 5 9 12 5 8
7 3 5 2 3 11 0 3 2 3 11 6 10
5 4 0 4 8 3 3 6 2 2 5 4 4
8 4 8 6 1 0 6 6 5 3 1 7 10
5 6 5 0 14 4 6 5 5 3 6 9 4
2 10 7 8 12 21 14 6 3 10 1 7 17
0 1 4 3 2 2 2 1 2 1 4 5 6
1 2 1 3 0 2 8 1 3 2 3 8 3
2 2 7 9 4 18 6 11 5 6 7 2 12
10 5 7 8 5 5 8 2 14 15 0 2 14
5 14 11 15 3 8 11 9 7 10 15 2 8
9 0 3 1 2 0 1 10 5 5 2 2 5
8 8 9 2 11 1 4 2 2 6 4 1 4
9 18 7 2 9 8 3 21 9 8 9 1 13
4 7 3 2 4 2 2 2 0 5 4 9 3
1 3 3 4 4 0 0 1 1 6 8 6 6
14 5 5 8 26 3 1 11 1 6 7 4 13
2 8 10 5 18 6 10 11 5 14 2 7 10
3 12 17 1 4 5 14 17 6 16 3 15 4
4 10 0 9 1 7 4 7 6 3 8 0 1
4 1 0 0 5 3 0 1 2 4 2 2 6
3 2 6 9 17 3 7 4 18 11 1 1 5
9 5 2 0 0 3 1 3 2 3 1 3 0
5 3 7 4 5 12 10 7 9 3 5 7 4
8 14 13 8 7 4 12 10 3 5 0 12 9
6 1 3 3 7 3 2 1 1 6 8 5 6
9 11 13 4 4 1 8 1 5 1 10 10 15
12 8 18 9 2 5 1 6 10 1 13 4 14
17 13 1 14 6 10 14 5 12 3 17 6 7
2 5 4 3 12 1 2 0 3 5 15 11 14
0 14 1 12 0 5 5 2 9 12 7 6 2
0 12 1 9 12 0 7 2 3 7 5 1 2
14 3 8 12 3 4 27 8 4 6 7 15 3
18 5 6 1 5 1 8 8 18 2 22 5 9
6 7 2 1 5 7 2 15 6 13 5 7 4
2 2 4 1 4 3 6 0 3 5 2 2 4
12 2 6 12 14 11 6 6 5 11 7 8 5
2 2 0 0 1 0 6 1 8 6 0 3 8
3 2 7 14 1 9 19 12 1 16 3 5 2
1 9 9 7 10 9 7 16 6 0 14 15 10
1 14 1 9 3 7 9 4 10 3 11 5 8
11 5 8 11 4 5 24 0 5 15 9 2 9
4 6 4 6 20 8 8 7 9 5 3 10 10
2 7 9 1 12 5 4 0 6 1 5 10 26
8 5 6 1 2 19 7 1 5 13 11 5 8
4 8 5 7 1 3 7 1 4 2 7 2 6
9 3 19 7 4 4 1 3 3 5 6 3 7
5 6 20 12 0 0 7 0 15 8 16 6 6
1 1 10 8 2 5 1 2 6 6 0 7 4
1 6 5 0 3 1 4 1 1 0 0 8 3
1 5 5 4 0 0 0 0 4 0 1 2 6
7 15 3 8 7 10 10 16 8 3 18 14 5
4 7 5 1 4 11 4 4 17 2 2 7 19
7 7 7 1 3 5 8 6 2 14 2 5 11
7 1 5 3 8 2 5 1 11 8 3 3 3
2 0 4 6 2 1 6 6 2 6 4 2 1
6 1 6 19 11 4 12 2 7 13 0 4 5
7 4 5 3 0 6 6 1 3 4 1 4 3
14 8 7 1 2 7 6 3 5 4 2 6 6
6 1 3 7 7 9 11 6 14 3 10 2 5
1 17 7 2 5 9 11 4 4 3 5 4 8
7 6 5 1 7 12 2 1 1 1 10 2 14
3 11 5 7 7 10 2 16 6 2 5 6 2
8 6 11 1 12 14 12 11 2 13 3 17 1
10 3 8 4 2 7 10 20 7 9 5 5 16
12 4 4 10 0 1 7 2 1 19 6 11 10
2 4 7 4 3 8 3 0 2 11 1 4 5
2 17 7 6 10 4 8 14 9 10 2 9 6
1 4 7 6 6 18 7 5 6 13 5 0 3
6 2 2 8 1 6 5 0 1 3 3 1 0
2 0 7 1 0 4 0 4 1 4 2 1 5
1 6 6 2 4 7 7 3 6 3 9 3 3
13 2 9 3 17 11 16 4 0 6 15 0 2
4 2 3 4 0 4 4 5 2 1 1 2 0
16 6 6 9 8 20 3 9 3 0 9 5 2
2 4 2 5 3 19 4 9 2 2 9 1 2
4 9 5 1 7 17 4 17 2 18 2 8 16
3 5 6 9 4 4 13 1 4 2 3 5 1
6 9 2 10 2 7 4 1 5 5 11 4 2
6 4 1 3 2 2 2 10 2 3 10 4 7
1 8 23 5 3 5 4 0 2 6 1 5 11
0 3 8 1 2 1 1 1 2 2 0 2 2
3 5 4 3 2 2 2 4 6 8 4 5 3
12 1 9 5 6 6 7 2 3 4 6 3 8
14 1 15 12 12 8 7 3 12 3 2 6 4
3 16 1 15 1 14 7 2 3 14 0 12 10
5 2 9 7 4 11 4 4 9 3 12 3 9
6 5 9 16 14 4 2 4 8 6 5 2 6
3 3 2 3 2 3 1 5 3 4 4 2 3
4 2 1 5 4 1 1 8 8 4 0 4 16
11 4 25 6 13 4 12 8 7 1 5 10 4
1 1 6 1 1 6 0 5 3 0 8 1 1
15 12 13 4 5 0 4 5 11 7 16 4 3
7 1 12 3 10 3 11 6 1 0 3 1 9
6 9 1 2 6 1 1 7 5 1 7 0 2
3 1 1 2 4 3 1 5 2 5 2 4 3
21 4 5 5 8 3 9 4 8 1 8 15 6
14 7 1 14 4 15 0 5 5 11 8 5 7
12 3 9 0 11 22 9 13 7 20 1 7 0
5 4 11 18 8 7 8 10 12 7 9 3 6
6 11 2 10 2 3 17 2 10 14 3 1 7
2 7 5 1 6 12 3 8 5 3 1 3 1
1 6 1 3 2 3 2 2 2 1 0 2 5
6 0 5 8 4 6 8 4 1 17 4 1 1
6 5 6 4 3 5 3 3 3 3 2 4 0
0 9 8 10 3 1 6 2 2 2 11 2 10
6 2 7 6 2 1 1 9 0 4 17 1 11
7 6 13 5 1 5 0 22 2 10 12 12 2
13 11 7 4 10 16 13 6 3 7 3 9 8
4 7 7 5 4 1 4 4 6 2 4 5 5
4 13 9 12 2 13 25 9 2 1 9 13 1
0 2 5 3 2 3 6 4 5 3 2 9 5
6 5 9 11 3 7 0 1 2 2 2 2 10
2 5 2 0 8 1 2 1 3 5 11 0 1
2 3 5 3 0 1 4 6 10 3 1 2 3
14 1 0 11 2 5 5 2 7 18 14 12 0
5 3 1 2 1 1 8 7 5 1 3 5 7
3 4 0 9 3 5 6 6 14 8 13 4 13
16 1 10 9 5 13 1 2 8 11 8 4 9
3 1 1 2 3 11 10 0 3 1 7 4 3
9 1 2 4 9 15 5 8 4 7 2 3 5
2 14 2 4 9 18 2 18 2 5 3 3 4
1 3 3 7 11 5 4 7 1 2 3 2 8
3 5 0 3 1 3 0 2 2 0 2 6 6
0 2 6 1 7 1 3 0 5 8 1 1 13
4 3 8 7 9 0 2 5 13 1 1 8 1
10 17 10 8 3 2 4 10 11 2 1 3 9
0 3 3 12 4 4 2 2 7 9 8 2 5
4 14 2 3 0 18 15 10 14 1 1 1 5
12 1 9 7 12 4 9 9 8 1 13 8 2
4 6 4 18 1 2 8 3 5 1 3 1 2
1 5 4 4 4 2 5 2 5 5 4 3 1
1 5 9 6 11 7 3 0 13 3 7 9 2
2 13 5 16 7 5 9 0 13 2 27 7 7
5 1 1 6 0 1 1 1 3 1 2 1 5
1 2 1 3 3 4 5 2 3 1 3 2 6
2 3 4 2 0 4 4 1 4 1 4 3 2
7 8 1 2 10 6 1 4 2 4 7 7 2
4 23 8 9 0 1 7 13 3 5 14 12 6
2 3 1 2 4 1 3 6 6 3 1 1 1
3 0 4 5 5 1 15 3 12 2 2 8 1
2 6 2 4 3 7 0 3 2 1 1 4 3
4 19 4 18 5 7 4 4 2 1 5 2 8
4 15 2 2 2 4 2 4 15 3 3 2 1
3 5 6 10 8 3 4 3 8 11 9 3 3
14 8 3 3 3 9 1 9 1 4 21 7 5
7 9 20 8 12 10 4 13 20 5 0 6 12
7 13 3 5 1 1 10 12 7 12 0 3 5
2 0 13 14 16 2 8 11 12 15 7 5 14
1 9 10 2 8 14 11 3 1 1 2 2 8
9 0 8 20 2 4 12 7 1 1 5 27 7
2 1 7 10 1 1 5 4 6 5 12 4 4
11 14 5 10 18 15 3 2 2 7 5 5 10
0 1 1 4 7 12 6 1 1 5 1 1 8
0 8 16 16 15 1 12 3 10 2 3 3 8
8 3 7 7 3 3 7 4 4 1 2 5 2
2 17 3 6 12 1 7 7 3 1 8 4 1
4 4 12 9 4 1 9 22 3 19 7 2 18
7 2 1 12 0 8 4 1 1 3 1 6 0
1 2 2 14 12 12 12 1 9 2 23 2 2
2 2 0 0 0 10 9 12 5 10 6 3 7
5 2 7 12 2 3 2 3 1 8 6 7 1
5 4 10 8 17 6 9 6 11 4 10 5 11
1 19 6 16 4 12 3 3 3 4 5 12 6
10 4 2 14 2 1 3 15 9 5 1 8 5
1 19 6 10 6 24 8 2 10 1 13 7 7
2 3 16 6 13 10 25 8 10 2 2 5 6
5 2 15 5 16 9 5 5 1 6 6 11 19
10 2 5 12 12 17 2 7 8 11 15 3 12
7 8 16 7 2 9 11 1 3 11 12 7 1
3 14 2 19 6 17 9 8 10 4 9 9 6
16 0 1 9 11 10 4 6 0 4 3 0 1
10 6 7 5 8 15 2 13 1 5 7 7 9
6 3 11 1 2 7 4 19 5 6 5 1 7
4 1 1 1 1 10 3 9 14 0 2 3 3
4 3 1 1 6 15 13 12 0 5 4 14 6
6 0 3 1 2 1 3 2 6 3 2 5 0
5 13 3 1 0 2 5 2 3 0 6 6 0
8 7 14 9 3 2 11 3 15 3 15 6 2
10 4 6 1 8 9 2 7 3 14 8 12 14
9 4 9 2 1 5 4 5 4 1 7 2 4
6 3 4 7 10 10 4 8 9 5 4 4 4
2 5 1 7 3 3 1 2 2 1 4 6 3
2 3 2 4 8 12 4 4 6 3 4 2 2
4 14 5 2 3 9 9 18 13 8 7 3 20
5 5 2 1 3 2 1 4 3 1 2 2 5
9 5 10 3 6 8 3 0 6 5 4 4 4
0 1 3 4 3 0 1 6 3 4 0 1 2
16 5 1 1 12 9 3 4 0 12 2 3 9
3 5 9 9 1 15 6 2 11 16 10 17 12
2 19 1 10 11 5 0 11 1 1 10 4 15
4 1 2 6 1 1 4 1 9 3 5 1 1
2 2 6 6 0 5 3 3 1 2 3 3 1
15 1 4 7 5 4 10 3 5 6 1 3 0
14 22 2 1 11 11 7 7 2 5 3 9 4
5 0 5 2 2 5 1 5 3 12 9 2 5
8 4 3 15 2 1 7 4 3 5 10 12 6
2 2 4 2 3 5 6 7 1 2 5 7 0
1 4 1 1 0 2 5 1 3 7 2 0 1
15 6 6 16 5 0 2 13 7 18 6 9 13
4 4 6 4 8 3 7 11 19 3 1 1 1
6 14 3 3 0 1 4 2 1 2 3 7 2
15 10 8 1 17 16 7 12 8 1 12 6 0
3 5 2 3 1 3 5 2 2 3 3 1 2
1 1 5 2 0 5 0 0 7 8 3 4 1
17 5 8 0 1 17 1 18 8 13 2 1 2
4 3 14 5 3 10 1 5 19 11 14 14 11
7 0 3 1 4 5 6 5 6 9 8 8 1
2 14 7 22 0 2 2 14 4 3 10 2 11
13 9 5 5 7 9 10 4 3 7 5 2 6
6 0 4 10 5 1 7 3 6 9 8 3 8
4 7 12 19 14 6 9 1 5 3 7 21 5
3 6 15 1 5 1 1 8 4 12 1 4 1
18 3 2 0 14 6 12 1 3 4 9 2 11
7 1 2 2 11 6 3 7 1 13 2 0 6
9 8 9 9 6 16 2 13 5 11 1 2 1
13 13 3 0 7 10 3 14 5 6 3 9 9
10 19 11 2 10 0 3 4 8 11 21 3 4
1 4 1 6 3 2 0 3 3 3 3 4 1
5 4 3 8 9 1 0 2 9 3 4 0 2
3 5 17 2 12 3 9 6 5 15 5 9 9
9 3 15 5 1 8 1 6 0 8 7 16 11
3 2 3 2 3 2 1 4 6 1 4 3 4
1 2 6 10 3 16 0 3 3 4 15 3 5
11 5 2 7 7 4 7 6 6 0 4 3 4
4 11 5 5 0 10 12 10 0 7 9 6 24
2 0 3 3 3 1 20 3 5 2 3 9 0
5 9 9 1 2 4 14 1 5 10 5 7 3
14 10 13 6 4 2 6 5 0 11 7 9 1
19 12 5 3 8 12 9 19 4 4 5 14 1
19 8 8 5 0 1 0 4 2 1 10 7 16
1 5 0 6 1 3 2 3 1 0 2 5 2
5 2 8 1 3 6 7 2 4 3 1 2 4
0 3 3 3 2 8 0 0 6 0 1 5 1
1 2 12 4 7 2 3 2 4 2 4 2 4
1 1 12 5 11 9 9 15 2 4 5 7 16
1 2 3 3 1 6 1 1 4 2 2 7 6
2 7 2 4 0 7 2 2 3 3 5 10 7
11 7 7 13 10 6 12 8 10 5 1 17 1
3 4 5 0 3 8 3 1 6 6 3 2 2
13 6 3 3 4 3 12 11 8 2 5 5 9
2 9 4 4 11 1 12 2 2 3 7 8 6
1 2 0 3 3 7 6 8 4 6 1 3 10
3 0 2 20 5 14 1 7 10 7 5 8 0
4 6 1 1 6 3 10 5 9 14 8 5 17
2 6 7 12 6 8 9 6 3 2 2 7 1
0 2 7 0 8 5 4 11 10 1 4 0 7
1 59
2 70
3 62
4 33
4 53
4 73
4 98
5 44
5 51
5 92
6 35
7 14
9 87
12 14
12 42
12 52
12 61
12 92
13 67
13 72
14 64
16 31
16 75
17 41
18 85
19 36
20 42
22 65
22 93
23 99
24 54
24 58
24 81
24 85
24 90
25 58
25 101
25 102
25 105
25 109
26 126
27 104
27 113
27 119
27 122
27 127
29 104
30 77
31 50
31 62
31 81
32 60
32 73
33 50
33 91
33 121
34 54
34 68
34 123
35 120
36 88
36 117
37 133
40 50
40 90
41 70
41 85
41 89
42 48
42 55
42 59
43 66
44 54
44 131
44 144
45 133
46 102
47 54
48 56
48 62
49 87
50 56
50 124
50 135
50 140
51 53
51 89
53 95
54 80
55 148
56 104
56 150
58 121
58 139
59 116
60 90
60 98
60 143
62 66
63 68
63 91
63 120
63 149
64 103
64 113
65 114
66 99
67 138
69 95
69 114
69 145
69 167
71 128
72 105
72 114
73 149
75 102
76 141
77 109
77 159
78 105
79 108
80 141
81 83
81 112
81 124
81 177
82 96
83 97
83 161
84 126
84 167
85 90
85 105
85 127
85 163
85 170
86 107
86 123
86 128
86 162
86 169
87 161
87 172
88 91
90 113
90 123
91 189
93 161
93 182
94 114
94 162
95 99
95 170
96 122
97 106
97 112
97 189
98 104
98 132
98 153
98 180
99 135
99 195
100 110
102 111
104 138
104 178
106 172
107 142
109 122
109 171
109 178
110 144
111 132
111 192
111 202
112 137
112 183
113 196
114 192
114 201
115 164
115 169
115 182
115 198
116 196
117 146
118 166
118 176
120 129
121 160
122 174
123 212
125 131
126 153
126 169
126 172
126 221
127 174
127 178
128 139
129 171
129 179
129 188
130 188
131 221
131 228
132 202
133 172
134 211
134 213
135 186
136 153
136 224
139 189
139 197
140 173
140 182
141 221
141 222
141 227
142 191
142 225
143 151
143 190
143 204
145 147
145 242
146 191
146 219
146 240
147 161
147 186
147 189
147 213
147 228
148 213
148 232
149 184
150 151
150 207
150 235
150 246
151 214
152 206
154 183
154 188
154 239
154 245
155 239
156 157
157 244
158 189
158 209
159 254
160 172
160 200
163 196
163 229
163 257
163 259
164 230
165 211
166 249
168 241
168 267
169 215
169 221
170 242
170 268
173 243
173 265
176 189
176 227
176 238
177 261
178 184
178 201
178 263
178 272
179 224
179 269
180 237
180 250
181 267
182 250
183 196
183 206
184 277
184 279
185 203
186 211
186 276
187 188
187 234
188 238
188 280
189 207
190 210
190 216
190 256
190 264
190 290
191 193
191 230
191 234
191 256
192 214
192 263
193 281
193 291
195 222
196 216
197 272
198 227
199 245
199 254
199 294
202 221
204 235
204 276
205 271
206 241
206 287
206 295
207 255
207 274
207 307
208 224
208 282
209 296
210 304
211 228
211 284
211 290
212 219
213 244
213 265
213 268
214 235
215 283
215 284
215 291
216 231
216 242
216 279
216 282
216 315
217 261
218 232
218 238
219 255
219 306
220 227
220 261
220 313
221 230
221 251
221 255
221 299
222 256
222 259
224 249
224 302
224 323
226 276
226 312
227 307
229 319
231 311
231 318
235 292
235 299
236 326
237 270
237 334
238 241
238 262
238 281
238 297
238 313
239 281
239 293
239 336
240 278
240 283
242 255
243 302
244 300
244 330
246 264
246 346
249 300
250 255
250 256
252 254
252 298
252 325
253 287
253 288
253 305
253 332
254 276
256 258
256 318
257 295
257 305
258 273
259 344
260 286
260 356
261 271
261 290
261 299
261 326
261 333
262 328
264 315
265 271
267 285
267 348
269 293
269 297
269 347
269 351
270 324
271 317
272 280
272 351
275 308
275 332
275 355
275 360
276 314
278 359
278 366
278 371
279 302
280 324
280 327
280 344
280 364
281 300
281 335
282 312
283 304
284 295
284 324
284 360
286 316
286 355
287 302
288 366
290 295
290 301
290 350
290 383
291 293
291 372
291 380
292 302
292 314
293 384
294 327
294 371
295 323
295 354
296 358
298 322
298 369
299 320
299 345
299 371
300 307
300 311
301 368
302 325
303 353
303 360
304 404
305 365
305 375
305 395
306 314
307 317
307 396
308 355
309 322
309 395
310 315
310 363
310 376
310 387
310 390
311 402
312 331
313 318
313 339
314 390
315 341
316 337
316 350
316 359
316 406
317 404
318 356
318 389
319 408
320 331
320 418
321 322
321 369
321 420
322 363
323 394
323 421
324 335
324 350
324 365
324 390
326 352
326 393
326 415
327 417
327 425
328 381
328 407
329 343
329 363
329 406
331 403
332 375
332 391
332 395
333 390
333 394
334 352
334 357
335 413
335 432
336 344
336 400
336 427
337 428
339 377
340 375
340 415
340 417
341 347
341 404
342 351
342 409
343 351
343 368
346 390
346 393
346 424
347 410
348 435
349 383
349 435
350 442
351 383
351 390
352 363
352 385
352 449
353 449
354 370
355 405
355 454
355 455
357 364
358 394
358 416
359 371
359 395
360 388
360 401
361 375
361 379
362 423
362 448
363 442
364 406
364 419
364 460
365 393
366 385
366 408
366 416
366 453
367 372
368 373
368 443
368 447
369 373
369 387
369 460
370 441
371 402
372 437
373 381
373 384
373 462
374 379
376 384
376 449
376 469
378 394
378 473
380 450
380 464
381 453
382 426
383 411
383 472
384 424
384 440
386 424
387 396
387 424
387 479
389 453
390 418
390 459
391 427
391 450
393 417
394 465
394 476
394 489
395 427
396 474
396 493
397 454
397 461
398 404
398 437
399 446
400 407
401 415
401 425
402 435
402 436
402 491
403 433
403 471
403 482
403 486
404 405
404 407
404 431
404 446
404 451
405 448
405 475
405 489
406 462
406 476
407 414
407 415
407 507
409 463
410 451
410 488
411 421
411 431
412 426
412 433
412 510
414 492
415 448
416 456
417 505
419 425
419 442
419 445
419 476
419 494
422 445
422 476
422 481
422 503
423 475
423 492
423 513
424 506
425 524
426 490
426 509
427 479
427 484
428 444
429 433
429 509
430 433
430 472
430 489
430 499
431 507
432 454
432 510
432 518
433 467
435 479
436 467
437 455
437 474
437 475
437 503
439 442
439 454
440 451
440 507
440 536
443 506
443 517
445 480
446 465
446 475
447 525
448 480
448 482
448 509
448 510
448 524
449 499
449 514
450 488
450 508
451 540
452 515
452 519
453 482
453 545
454 463
455 479
455 515
457 531
459 491
459 511
460 515
460 542
460 545
460 546
461 534
464 527
464 538
464 561
465 517
465 542
465 552
468 565
469 550
470 498
470 569
472 474
473 491
473 529
474 508
475 493
475 532
475 561
476 527
476 550
477 515
478 487
478 550
479 502
479 533
481 503
481 521
481 547
483 554
484 552
485 535
485 551
485 569
488 511
489 564
490 556
492 522
492 544
492 550
492 559
492 563
492 586
493 540
493 549
493 550
493 562
493 567
494 521
495 511
495 532
497 593
498 585
498 598
501 563
502 537
503 531
503 561
503 582
503 595
504 583
505 533
505 586
506 519
507 540
508 549
511 530
511 575
512 565
512 578
513 527
514 524
514 562
514 592
515 567
517 519
517 567
518 549
518 550
518 592
518 609
519 532
520 585
520 606
521 581
521 594
522 556
522 608
522 611
523 583
523 607
523 620
524 543
524 577
524 604
525 536
525 549
525 610
526 545
526 562
528 622
529 533
529 581
529 621
530 566
530 586
531 586
531 607
533 550
533 582
533 606
535 560
538 570
539 583
540 562
540 593
541 563
543 573
544 567
544 573
544 620
545 570
545 576
545 611
545 628
546 566
547 559
547 562
548 588
548 642
549 566
549 596
551 552
551 580
551 587
552 570
552 610
552 625
554 586
555 644
556 590
556 593
556 620
556 634
557 619
559 566
559 597
559 631
560 659
561 600
561 636
562 608
563 578
564 615
565 627
565 640
566 593
566 659
568 572
568 605
569 574
569 596
569 631
570 614
570 636
571 586
571 651
574 612
574 624
575 605
576 617
577 608
578 579
578 628
579 599
579 601
579 640
580 596
580 603
582 647
583 662
584 627
585 622
586 628
586 641
586 654
586 666
587 625
587 637
587 678
588 654
588 665
588 684
589 614
589 628
589 639
590 690
591 603
591 668
592 658
593 666
594 595
594 684
595 609
595 615
596 635
596 658
597 626
597 658
598 688
599 626
599 654
600 601
601 647
601 662
603 664
606 658
607 618
607 652
607 682
609 703
610 613
610 618
611 627
611 644
613 625
613 681
614 686
615 622
615 642
615 665
615 705
616 650
617 708
618 694
619 671
619 681
619 703
620 704
621 666
621 714
622 642
623 697
623 703
624 627
624 630
625 688
626 699
626 726
628 659
628 684
628 702
629 726
630 713
631 719
632 680
632 709
632 731
633 706
634 667
635 677
636 648
637 647
637 705
638 670
639 721
640 662
640 675
642 653
642 673
642 698
642 738
643 690
644 740
645 673
645 700
645 726
650 688
650 697
650 705
651 740
652 737
653 661
654 679
655 673
656 695
656 711
657 703
657 724
658 708
659 758
661 676
661 711
661 753
661 754
662 686
662 725
662 733
663 700
663 715
664 688
664 692
664 730
665 676
665 686
665 703
665 715
666 732
666 733
666 757
667 765
668 687
668 729
669 678
669 708
670 768
671 730
671 750
672 711
672 738
673 713
674 690
674 721
674 766
676 728
676 775
677 717
677 723
677 750
677 767
677 776
678 690
678 756
678 772
680 742
682 684
682 772
683 719
683 733
684 705
684 738
685 724
685 733
686 705
686 714
686 727
686 734
686 742
687 721
687 776
687 783
688 698
688 754
690 725
690 726
690 790
691 715
692 694
692 705
693 706
693 726
693 762
693 783
693 790
694 756
694 785
696 716
696 743
697 707
697 751
697 752
698 724
698 765
699 771
700 725
700 777
700 789
701 702
701 744
701 771
701 775
701 781
702 707
702 736
702 758
702 780
702 791
702 801
703 771
705 722
707 714
708 719
708 762
709 730
711 789
711 800
714 779
715 718
715 722
715 746
715 779
716 782
717 737
719 801
719 816
719 819
721 724
721 760
722 731
722 753
723 726
723 766
723 777
725 742
725 796
727 764
727 767
728 735
728 774
728 815
729 740
729 790
729 812
730 822
731 816
731 817
732 768
734 830
735 737
735 760
735 779
735 823
736 737
736 788
737 755
737 780
737 802
739 749
739 818
740 759
740 779
741 828
742 814
743 760
743 780
743 808
744 775
745 823
746 843
747 794
747 826
748 811
750 756
750 815
751 814
751 816
753 807
754 784
756 776
756 836
757 762
757 792
758 774
758 783
759 794
759 856
760 843
763 835
764 800
764 857
765 829
766 791
767 785
767 837
768 850
769 772
769 807
769 844
769 851
770 820
770 865
770 866
771 779
771 839
772 866
774 787
775 781
775 803
775 862
776 847
777 815
777 819
778 860
779 807
779 819
779 842
779 878
781 844
781 852
782 813
782 830
782 846
782 878
783 830
784 836
784 858
785 810
786 849
786 857
786 884
787 842
787 872
788 796
788 822
788 852
788 858
789 807
790 833
791 814
794 806
794 827
795 841
795 855
796 861
796 878
796 882
797 807
797 808
797 821
797 822
797 863
797 897
799 801
799 807
799 836
800 821
800 849
800 850
800 861
802 813
802 869
803 885
803 886
804 806
804 811
804 867
805 819
806 839
807 891
807 903
807 905
808 822
808 858
808 875
808 902
809 901
811 815
811 900
812 831
812 841
812 847
812 848
812 911
813 866
813 895
814 822
815 841
817 821
817 910
820 823
820 863
821 903
822 829
822 882
823 863
823 900
825 846
825 853
825 919
826 921
826 926
827 867
827 879
827 924
828 848
828 911
830 855
831 900
832 859
832 862
832 867
832 932
833 840
833 848
834 836
834 843
834 921
835 840
835 882
835 917
836 902
837 887
838 853
838 920
838 923
840 847
840 912
840 930
841 842
841 900
842 855
842 893
842 899
842 905
842 918
843 914
845 859
845 905
846 893
846 931
847 888
847 935
848 919
850 880
851 920
851 931
851 947
852 906
853 920
854 906
854 925
856 956
857 878
857 887
857 935
857 938
858 923
860 863
860 896
860 913
861 872
861 941
863 895
863 903
864 909
865 881
865 899
867 878
867 880
867 934
867 955
868 951
869 954
870 886
870 961
872 910
873 877
873 947
873 957
874 895
875 912
875 922
875 925
875 928
875 934
876 909
876 917
877 977
878 952
879 884
880 883
880 963
880 978
881 979
881 981
883 959
885 886
885 887
885 949
886 907
887 906
888 971
889 930
889 934
889 938
890 977
891 966
892 959
892 976
893 895
893 943
894 964
894 994
895 900
895 943
897 923
897 987
898 935
898 943
898 968
899 924
900 928
900 938
900 946
901 950
901 981
902 929
902 939
902 957
904 931
905 984
905 992
906 964
906 984
907 911
909 993
910 952
911 921
911 969
912 923
912 942
912 968
913 947
913 998
915 958
915 971
916 986
917 964
918 922
919 979
919 989
920 980
920 997
921 972
921 997
923 926
923 931
925 952
925 985
927 935
928 954
928 979
929 948
929 959
929 962
932 980
934 952
937 942
938 955
939 966
940 975
942 948
943 980
943 997
944 964
944 975
951 954
952 958
952 964
954 972
954 994
956 958
957 972
958 972
958 993
962 970
972 984
973 978
976 1000
978 985
980 985
981 993
990 998
0 6 1 9 3 5 17 1 5 5 0 5 4
6 1 10 2 3 2 8 5 1 6 12 6 1
3 4 9 11 0 9 15 3 12 3 0 11 6
9 4 2 2 9 24 15 23 16 17 3 17 22
2 13 7 2 4 5 5 3 7 14 3 9 6
3 4 8 5 13 4 6 6 0 18 4 7 8
0 6 2 2 11 14 3 8 3 0 4 11 8
9 2 17 2 3 11 3 5 9 8 7 6 1
12 2 6 1 28 17 30 20 10 19 11 2 3
10 8 6 22 20 11 27 3 8 3 8 11 7
5 5 3 1 12 5 6 5 4 5 7 5 5
5 8 20 34 8 9 5 5 2 27 14 1 3
17 8 1 10 13 4 3 4 9 9 19 10 23
9 1 13 9 7 6 21 11 5 4 9 12 2
7 9 2 3 6 2 15 22 1 23 2 4 17
3 6 9 2 14 25 6 10 7 20 11 6 18
9 15 0 15 21 35 5 5 1 6 2 14 7
7 3 1 2 1 6 13 3 3 3 15 4 20
9 3 12 11 3 0 1 11 6 2 19 14 1
1 19 10 15 2 9 9 12 2 2 14 3 1
39 42 30 11 27 21 35 40 30 24 37 27 17 23 20 16 21 37 36 37
79 62 64 11 54 55 58 51 37 44 63 49 32 51 50 20 41 46 55 67
33 27 13 5 20 26 27 9 6 8 22 20 15 15 27 15 21 23 21 24
11 12 7 13 9 6 15 10 11 1 13 1 8 5 13 9 9 16 8 5
69 73 57 40 56 59 64 60 45 26 65 44 45 50 56 46 31 68 67 48
22 24 22 11 17 10 25 23 18 9 17 13 6 15 14 8 15 19 28 21
14 16 9 6 6 13 13 7 7 3 9 12 5 11 15 4 17 14 10 12
13 5 7 7 5 2 10 4 6 1 5 2 4 3 7 2 8 8 6 1
11 10 9 8 7 7 11 7 5 1 7 3 9 1 13 4 10 8 13 3
24 14 14 15 14 7 15 11 15 10 17 11 14 5 20 7 17 22 9 9
10 8 8 1 5 6 9 7 1 1 1 6 3 1 4 1 6 7 11 11
56 61 43 22 49 42 41 55 35 17 46 38 26 30 35 33 24 52 43 39
45 33 25 18 29 32 42 29 26 13 34 28 19 16 34 20 28 37 24 30
22 28 24 4 15 13 16 24 14 15 16 16 8 17 4 2 13 22 26 21
27 11 18 16 12 14 28 6 12 11 16 8 11 5 24 2 24 19 14 18
15 19 7 5 13 17 22 9 8 1 14 11 4 4 18 11 10 13 14 14
23 23 17 2 10 16 17 11 5 8 10 13 5 13 12 2 15 19 18 16
15 13 13 5 3 8 9 8 5 3 5 4 5 6 7 1 10 15 8 7
18 14 14 1 11 8 11 9 9 1 9 12 1 8 3 5 4 2 11 16
43 33 38 11 23 22 36 22 10 19 29 18 13 22 24 13 27 31 32 40
61 63 39 27 47 42 47 43 47 34 52 41 37 35 57 35 40 65 45 55
15 11 7 8 11 10 18 12 10 1 14 13 16 1 14 9 13 14 18 12
43 50 33 30 50 52 60 42 10 7 48 35 29 19 47 38 46 40 42 39
56 69 41 43 63 53 61 54 37 17 58 39 52 34 60 43 43 64 62 54
10 17 7 8 10 8 10 12 10 1 11 3 5 5 12 8 1 12 13 8
31 37 19 7 31 35 38 22 11 9 34 31 27 19 27 19 24 32 39 34
7 9 6 1 4 1 7 7 2 1 2 1 1 1 3 1 1 9 8 8
15 15 10 6 10 6 7 9 6 5 9 3 10 5 10 4 7 15 13 6
16 11 17 1 9 3 6 10 1 7 4 5 5 1 1 1 6 14 5 4
22 25 10 8 14 12 20 21 19 3 17 17 8 8 18 9 12 22 14 17
44 48 32 11 37 32 40 37 22 14 35 36 18 25 36 24 18 47 40 45
13 13 7 1 5 7 6 5 6 1 5 8 1 1 11 2 3 11 8 14
63 59 47 26 47 51 55 41 27 30 56 35 16 41 55 31 39 52 42 51
9 4 8 1 1 3 2 1 1 1 1 1 1 1 4 1 4 4 2 5
56 55 44 5 45 45 46 44 22 28 41 44 22 34 24 20 42 34 49 45
76 71 60 29 50 40 61 63 41 38 60 50 41 50 49 31 43 76 58 70
68 56 47 32 57 59 70 53 39 34 63 47 32 32 53 42 54 58 34 45
59 47 51 36 37 44 54 35 45 34 47 37 28 39 39 30 37 43 46 39
30 33 25 20 23 31 34 19 17 8 26 19 2 19 27 23 18 26 21 21
18 25 8 7 14 18 17 11 10 1 14 6 5 10 17 8 8 18 14 12
12 9 13 5 4 5 11 8 11 7 6 8 4 10 5 1 5 16 13 13
23 16 20 13 13 7 22 16 8 5 10 1 8 7 15 2 15 22 19 12
10 9 8 4 7 5 8 6 5 1 4 1 1 1 6 5 3 6 2 6
58 50 41 30 44 46 57 50 37 25 51 33 27 31 45 30 37 50 33 37
17 7 15 4 10 9 13 6 8 1 8 10 4 1 6 9 5 9 8 14
67 65 56 40 62 51 60 61 41 26 61 49 37 30 44 44 47 62 55 54
22 13 11 7 8 5 12 10 11 8 11 7 10 9 10 1 15 13 11 9
38 30 15 5 22 22 26 17 9 12 24 17 22 14 24 6 23 30 28 24
32 28 27 4 21 15 21 23 17 15 21 23 11 15 10 12 13 23 23 24
66 54 49 38 36 50 62 43 45 41 56 36 39 44 56 34 51 59 48 48
33 34 17 10 16 27 32 23 25 9 28 27 11 21 25 22 17 34 21 30
53 60 33 33 43 48 51 46 45 16 48 31 36 42 57 37 37 54 50 41
65 61 55 11 55 49 58 53 23 28 50 53 31 33 29 23 51 44 57 57
44 40 38 15 36 40 33 26 12 15 33 26 24 25 33 16 20 36 34 26
23 8 17 10 9 9 18 10 9 6 9 9 4 8 15 3 13 13 11 16
24 31 22 15 14 15 15 24 18 1 15 12 2 15 20 6 13 23 21 16
73 62 52 27 44 47 70 48 42 41 64 44 37 46 41 34 54 60 57 59
41 32 21 9 17 23 33 11 14 11 27 21 12 16 30 13 23 34 26 36
8 13 7 4 3 5 11 10 11 1 4 3 1 8 1 4 1 7 14 9
32 18 17 13 15 16 20 9 9 4 15 8 11 5 24 1 21 17 15 16
15 11 10 4 7 4 14 11 7 1 4 4 4 4 5 5 5 9 11 12
44 44 35 26 31 24 36 39 29 13 32 24 20 27 29 20 16 38 41 30
10 8 10 6 1 5 12 7 10 4 5 5 3 10 3 3 4 12 12 8
22 20 11 1 11 15 15 7 6 1 11 13 1 11 12 1 11 3 17 19
69 64 50 40 56 53 72 53 52 36 66 41 37 40 54 49 48 63 49 59
26 27 25 9 23 23 26 24 11 4 19 18 11 10 12 18 16 23 24 22
36 35 23 16 13 21 36 25 27 17 35 20 17 22 29 15 26 44 21 33
37 48 25 17 39 34 38 37 12 6 34 25 28 23 41 15 23 40 43 32
74 65 56 31 54 50 55 54 43 31 55 60 28 46 57 36 42 59 51 70
14 5 10 5 8 8 10 5 5 1 3 5 3 3 7 4 8 1 8 9
47 55 45 31 49 41 47 57 18 14 41 35 34 27 32 30 32 49 47 31
15 16 9 6 8 15 13 5 4 1 8 6 3 7 17 2 15 9 13 6
45 41 38 15 34 30 45 30 26 21 36 25 6 26 24 17 29 29 31 40
23 38 22 10 28 29 22 31 14 4 26 29 27 18 23 16 22 22 43 28
46 41 27 23 36 36 44 26 25 12 37 23 14 26 40 19 27 33 30 31
17 11 7 11 10 4 18 11 14 6 13 10 9 5 13 8 9 18 11 14
12 15 9 3 1 2 5 11 12 1 6 9 3 9 7 1 4 12 18 13
57 59 52 7 44 43 49 55 32 38 46 44 29 43 16 22 39 43 61 45
60 69 51 16 49 44 44 52 34 28 51 46 22 46 49 24 18 59 60 65
21 13 16 4 9 14 24 2 2 3 13 11 4 6 13 8 13 18 7 20
14 6 7 1 3 2 8 6 8 1 3 9 2 5 4 2 4 5 8 13
47 39 32 28 40 34 42 42 31 7 35 18 21 19 45 27 21 38 29 28
25 15 18 11 13 7 17 14 16 6 10 12 7 10 13 6 12 18 13 17
30 19 29 11 12 13 29 14 9 14 16 7 11 17 12 7 22 23 19 23
50 57 44 38 46 41 57 55 28 5 45 30 35 36 41 37 17 51 58 37
18 14 8 7 8 7 10 6 6 3 9 3 11 4 16 1 11 16 12 7
26 17 23 5 17 9 18 17 13 10 12 13 5 13 5 7 10 11 21 23
18 14 14 9 11 6 15 9 9 2 6 4 5 4 13 4 9 12 15 10
24 18 20 7 11 6 23 12 6 10 13 2 9 8 11 6 12 22 19 16
25 23 25 9 23 11 19 22 8 10 17 7 7 7 12 9 8 29 15 11
33 20 25 20 19 21 39 23 18 15 28 17 16 15 28 11 32 29 21 22
21 23 8 10 15 14 17 11 10 5 19 6 16 11 23 3 9 22 19 13
63 46 43 26 42 41 52 42 30 20 41 38 26 31 46 25 38 52 43 48
40 33 23 11 19 24 19 23 24 7 26 22 14 24 23 9 14 24 31 25
42 29 24 16 30 17 24 26 16 4 21 16 17 8 34 11 16 33 23 23
53 58 46 23 49 45 61 52 33 26 52 29 26 40 31 25 39 35 55 43
44 43 31 26 36 35 50 38 21 20 39 23 22 27 41 20 43 36 41 32
20 18 18 9 13 9 19 14 12 5 11 6 1 11 11 6 9 12 16 18
76 70 65 34 56 53 49 57 40 38 58 51 37 50 46 34 37 61 59 50
61 56 45 29 47 41 56 38 32 31 48 34 21 32 46 32 41 64 38 51
32 21 25 9 19 14 20 17 6 8 10 14 13 8 17 4 20 23 17 21
49 45 44 21 30 38 47 40 37 29 37 33 12 40 26 18 32 28 44 33
35 38 23 28 20 28 36 30 37 11 34 19 17 23 30 21 17 38 24 21
44 59 34 24 51 46 48 53 32 9 47 40 29 23 45 33 33 43 52 47
43 51 33 12 40 35 42 41 31 13 33 30 9 32 31 16 25 31 46 41
12 10 14 6 5 6 9 9 9 5 5 5 1 9 5 1 6 10 13 9
11 13 7 8 6 8 15 7 6 1 10 3 3 1 14 5 10 16 6 7
17 13 14 8 11 8 13 11 10 5 6 9 10 6 14 3 13 12 16 8
47 43 33 5 40 38 56 37 8 29 45 35 35 24 20 30 46 42 40 39
36 31 19 18 26 26 28 23 20 1 28 13 17 14 35 15 10 29 24 20
63 49 48 29 49 53 64 34 33 33 53 38 41 28 46 37 53 57 41 41
49 44 39 27 27 37 37 31 32 23 35 31 27 36 37 15 28 37 45 24
71 66 54 28 65 63 63 60 43 34 65 50 25 47 56 32 39 46 56 55
38 32 28 18 24 22 42 18 14 11 29 10 11 13 29 16 24 40 23 29
47 41 29 21 21 32 30 31 31 18 34 29 27 20 35 18 21 43 27 23
55 58 44 26 49 43 49 44 23 18 45 41 19 29 46 34 23 60 40 48
44 35 35 15 27 29 41 33 19 24 34 27 28 25 16 15 35 37 34 27
20 15 21 7 17 11 13 16 5 7 8 9 10 4 12 5 15 16 16 12
57 47 50 38 38 38 57 35 28 26 46 8 21 29 42 27 34 49 38 33
27 26 20 6 22 22 38 21 8 14 25 19 15 15 15 18 25 27 31 31
11 12 8 4 5 9 12 5 4 1 6 7 1 5 11 2 11 7 8 11
65 60 45 36 51 51 67 49 46 26 59 40 28 39 53 44 42 64 50 50
51 32 37 18 35 29 39 23 33 30 34 27 20 23 27 14 37 24 33 37
49 47 31 25 33 41 46 34 29 22 43 32 35 33 46 22 28 52 47 32
71 68 59 38 50 45 66 59 41 42 61 45 46 48 54 34 54 79 61 57
21 8 21 9 12 11 10 11 3 7 8 2 5 5 8 1 14 12 6 1
24 23 14 12 7 15 21 14 19 7 16 14 11 13 20 7 14 25 21 21
61 69 56 32 57 55 66 60 28 24 57 40 25 42 44 35 47 52 66 56
12 13 7 1 1 8 5 7 10 1 7 11 4 5 13 5 7 7 12 12
10 12 12 3 3 9 12 4 1 5 5 6 5 5 11 1 10 14 13 13
38 45 22 8 25 30 31 30 19 12 36 29 22 23 30 14 24 42 39 30
58 43 36 23 39 32 37 39 30 17 35 30 18 25 48 18 32 39 29 39
34 35 26 19 31 30 46 31 15 5 31 18 17 15 25 22 28 38 31 28
30 21 15 13 17 12 22 15 22 14 20 15 16 14 17 6 18 17 20 19
70 58 64 52 60 55 70 52 38 34 56 37 38 42 58 42 48 58 61 50
27 26 20 6 17 15 23 16 15 5 20 15 4 9 17 15 5 25 21 29
75 70 58 39 50 49 70 59 44 42 63 44 44 45 51 39 48 78 59 48
16 18 10 5 7 7 12 16 18 6 10 16 5 14 9 5 8 13 20 20
19 23 16 12 16 15 17 16 12 1 13 12 4 8 21 9 16 22 13 18
28 22 24 12 17 22 34 20 7 16 21 15 10 21 22 8 31 17 27 21
52 42 25 14 38 36 45 37 26 23 45 42 30 20 31 28 37 44 29 38
62 60 46 36 50 44 45 46 43 28 51 35 39 30 53 34 30 67 38 42
64 56 60 57 52 50 67 62 46 32 55 30 33 48 56 42 40 60 50 26
68 67 57 33 50 58 67 55 34 32 65 51 38 49 50 36 52 57 67 61
13 8 7 1 9 7 12 9 1 1 1 5 6 2 5 1 12 3 9 4
10 18 3 9 13 13 12 10 9 1 14 2 10 5 17 8 5 14 15 3
71 61 51 21 53 49 57 49 47 33 54 53 20 38 48 33 45 50 41 63
48 48 43 20 34 38 47 40 20 25 44 24 25 37 35 15 35 40 47 36
17 19 6 4 9 11 15 10 11 2 11 15 3 11 16 6 15 15 11 18
15 10 14 4 7 5 6 9 4 4 4 1 6 4 7 1 8 12 12 9
23 16 15 15 10 16 24 4 12 12 17 9 16 7 21 8 23 24 13 17
15 14 7 12 7 8 15 9 14 5 13 9 10 6 16 5 16 16 7 9
13 22 12 7 16 15 25 20 9 4 15 13 10 7 13 11 14 18 22 19
72 62 58 39 62 56 62 52 39 24 58 27 40 35 51 33 40 61 48 37
35 34 29 4 29 27 26 23 7 8 23 25 17 18 23 12 17 23 39 34
16 15 12 3 8 2 9 12 14 3 7 10 1 10 6 1 7 7 14 13
22 25 15 8 14 15 17 18 16 1 15 9 6 13 11 11 4 13 22 13
19 15 10 7 18 13 19 9 11 1 13 8 5 1 17 11 4 12 10 9
45 37 30 22 21 30 40 21 28 20 32 21 21 22 34 22 24 45 32 31
18 16 4 4 8 9 16 8 6 1 11 10 2 8 14 4 14 11 11 14
18 26 10 7 19 16 21 21 12 3 17 13 7 8 14 10 11 23 13 14
41 36 26 20 37 36 43 31 16 9 40 36 31 8 34 32 35 36 32 33
61 60 52 36 48 39 55 57 31 24 48 27 26 41 45 22 39 53 52 38
50 63 43 25 46 51 71 54 32 24 58 39 36 39 37 45 43 61 56 53
59 48 44 9 31 30 44 37 23 32 43 35 32 29 30 23 35 49 35 46
31 29 18 5 19 22 16 21 14 7 22 22 23 14 30 10 12 27 26 25
50 55 38 13 36 32 17 41 22 12 34 39 25 32 40 13 11 48 40 43
2 13 3 3 2 3 9 8 7 1 3 1 1 5 4 1 1 7 10 6
45 46 28 17 34 36 34 40 28 16 44 34 37 22 34 20 24 43 41 26
36 35 26 11 16 29 27 19 14 8 22 20 11 22 23 16 14 26 30 23
17 10 12 8 10 7 13 12 6 4 9 4 11 4 7 2 13 13 8 1
55 42 36 20 37 36 44 34 26 25 35 30 23 32 42 16 42 35 42 40
62 52 56 34 42 45 57 49 40 36 48 28 17 45 36 24 40 36 47 39
64 54 44 12 50 55 46 34 28 31 50 51 35 31 51 37 40 53 34 48
71 62 57 31 57 39 60 53 41 31 54 38 28 37 42 24 38 57 53 53
52 45 40 20 38 31 44 37 38 24 37 33 12 29 38 14 40 34 37 45
36 33 35 13 24 26 36 20 9 10 23 16 1 22 23 16 21 33 30 33
42 43 32 25 26 24 33 35 23 6 27 25 11 24 33 16 14 46 29 30
47 42 33 12 33 36 40 28 14 8 34 30 24 20 38 18 30 40 41 42
13 5 10 1 5 2 12 3 2 7 4 2 4 5 1 1 5 10 8 9
54 32 43 24 34 29 43 25 24 23 33 24 15 23 36 13 37 35 30 44
31 29 24 8 13 24 32 27 22 14 28 24 19 19 21 17 22 31 26 25
46 27 39 31 33 29 53 30 21 22 38 13 14 23 30 21 33 35 25 23
25 24 17 3 9 11 11 13 12 8 15 12 10 16 11 1 10 21 24 16
56 57 45 28 39 42 45 44 28 26 42 38 22 37 41 34 32 55 46 42
57 41 40 11 39 42 40 34 22 23 39 39 18 23 35 25 34 36 20 39
36 42 30 8 25 30 33 27 27 17 31 24 7 30 15 11 17 22 37 31
19 17 7 3 9 16 10 2 3 3 12 12 10 9 21 4 16 16 14 11
52 43 38 31 37 40 51 44 37 20 43 23 26 24 46 29 27 49 34 29
57 39 43 32 42 33 50 32 22 24 38 21 11 27 43 21 38 43 22 38
17 8 10 3 8 6 8 3 5 5 4 7 8 3 9 3 7 8 8 7
14 15 8 1 4 7 9 6 5 2 4 12 2 4 10 1 7 12 12 17
69 68 51 16 61 62 64 51 35 35 64 60 25 48 52 31 44 44 65 66
36 30 23 8 22 20 30 26 22 15 23 27 14 18 19 4 27 21 33 33
20 25 13 1 6 10 21 15 10 5 16 14 2 10 14 6 9 24 22 30
10 14 9 1 5 12 15 7 9 5 10 15 8 6 16 4 10 13 18 15
17 11 14 1 8 6 7 10 3 7 6 9 9 3 1 1 9 17 4 4
38 40 30 19 21 27 41 29 18 16 35 12 16 28 32 10 29 38 36 27
62 64 53 38 37 30 53 58 40 24 50 21 32 48 42 29 29 69 55 47
22 22 15 8 17 17 18 18 17 9 20 18 8 1 19 12 13 27 6 16
47 43 42 18 41 28 35 38 15 13 33 34 15 20 29 26 12 46 28 37
17 3 8 7 2 6 17 1 1 4 7 2 6 1 13 1 15 13 4 7
24 15 18 13 19 17 28 13 11 3 13 13 9 5 20 11 18 13 14 14
20 20 14 3 9 13 15 8 4 8 9 12 7 10 16 5 16 18 16 16
12 9 11 6 6 4 7 8 6 1 5 3 3 4 7 4 7 8 9 8
49 40 27 27 46 41 44 38 31 22 48 29 39 12 44 28 36 43 24 20
65 63 48 36 55 58 59 50 43 24 60 38 35 33 58 50 40 65 34 48
45 41 36 8 28 23 27 30 21 12 24 27 13 25 28 17 7 41 34 43
9 20 8 8 11 11 19 18 14 5 11 12 7 9 12 9 10 14 19 12
70 63 54 35 65 51 62 61 35 25 56 53 44 30 57 42 42 62 49 55
16 16 12 1 7 8 11 11 7 1 7 13 4 5 14 2 9 15 16 15
40 42 25 20 21 26 41 34 36 15 40 20 13 26 27 18 23 44 26 36
32 37 23 12 33 26 35 33 20 6 28 25 14 16 21 22 19 27 28 31
56 44 44 30 49 43 59 43 30 26 43 32 22 32 50 31 44 49 38 41
25 13 17 15 16 12 22 8 9 5 13 4 10 2 20 7 19 21 5 13
21 23 17 9 9 12 14 20 15 11 15 12 10 16 5 5 11 19 18 11
18 24 15 7 11 13 11 13 8 4 10 6 9 10 16 3 11 22 20 14
44 28 35 11 34 30 25 18 2 12 23 21 22 10 26 11 23 28 24 20
18 6 15 4 5 6 18 4 1 5 3 1 2 4 8 1 13 9 12 11
32 22 20 18 19 18 25 21 22 16 25 17 26 11 21 14 25 29 22 15
37 31 31 15 13 24 35 18 14 20 28 17 19 19 19 12 19 37 25 18
26 20 13 5 9 12 20 11 10 2 13 14 6 5 22 5 13 24 17 23
55 42 46 25 43 39 50 34 15 19 34 36 23 31 46 26 36 45 42 50
65 49 56 34 51 34 65 53 29 33 53 25 24 38 35 28 45 49 41 49
62 63 40 6 45 53 50 46 29 31 54 52 41 39 42 32 38 55 53 54
23 14 11 4 5 2 16 8 9 11 13 9 9 8 10 1 13 21 13 16
71 62 49 45 53 65 70 48 43 32 65 44 36 42 67 44 46 59 50 41
33 29 23 17 12 19 35 18 18 18 26 13 17 22 21 10 27 36 28 27
34 36 37 14 29 32 42 36 9 17 34 28 30 17 12 23 32 33 38 27
15 9 11 5 6 7 13 7 6 6 4 8 4 8 8 1 10 7 13 14
49 52 44 32 44 35 45 57 21 6 40 41 29 25 38 30 29 47 53 43
16 17 16 6 6 5 19 13 9 11 12 7 7 13 9 5 11 13 24 17
62 52 48 30 46 52 72 40 28 36 56 36 45 35 41 37 59 54 52 50
33 30 27 5 25 17 25 18 8 6 19 10 10 15 18 8 10 22 32 26
24 17 22 18 11 21 17 18 19 9 17 12 4 15 21 10 15 13 12 7
50 37 48 31 35 32 44 43 20 22 31 27 23 30 33 18 29 38 40 24
65 50 39 24 50 48 49 38 31 21 48 35 31 29 58 29 40 52 39 43
62 68 48 23 47 43 58 62 36 28 56 53 40 36 41 34 41 67 57 56
55 50 47 38 38 36 49 39 43 35 49 20 34 30 41 31 38 64 37 37
63 54 49 42 52 57 65 40 36 31 55 30 28 35 59 40 49 56 39 41
39 54 26 25 34 43 49 41 27 15 49 36 38 31 37 27 32 44 54 30
22 14 20 3 10 10 8 10 8 4 7 7 4 4 5 1 8 16 9 7
83 66 67 27 58 51 72 56 31 48 61 41 33 49 46 23 64 58 59 61
52 58 42 22 43 44 49 47 34 16 50 35 20 34 36 32 25 45 52 46
26 19 28 17 11 15 28 19 12 12 18 2 4 17 15 7 13 19 23 10
28 20 24 4 12 9 26 15 8 10 13 11 11 12 11 7 12 23 27 27
50 33 39 27 31 20 39 28 15 21 27 11 16 23 37 8 31 35 33 30
25 19 18 8 11 15 22 9 12 7 12 15 8 11 20 7 16 16 19 24
27 32 24 15 28 28 41 28 12 8 28 8 15 14 21 17 21 23 31 19
63 68 52 24 53 43 67 59 22 29 56 42 33 43 39 32 42 70 56 57
40 35 28 9 24 31 35 23 15 15 35 27 26 21 36 13 27 37 33 33
63 61 52 34 56 55 60 56 38 29 56 35 34 45 41 36 50 54 45 39
55 53 45 15 48 47 45 42 25 34 49 35 23 41 43 12 34 38 50 42
58 61 48 21 44 52 61 51 34 30 53 51 26 42 42 43 47 54 60 64
49 44 38 22 41 31 36 41 34 17 37 24 17 24 27 15 29 33 28 26
74 57 61 30 50 41 56 39 29 35 52 25 42 43 48 23 44 61 61 57
51 55 34 11 40 34 34 43 34 19 37 43 15 32 39 23 24 41 42 53
38 24 28 22 26 27 38 13 15 14 25 15 22 11 30 19 31 27 22 27
31 23 27 12 18 22 22 13 10 6 15 12 7 11 16 10 18 23 13 17
16 9 8 4 5 4 12 8 6 1 5 3 4 8 2 1 4 9 12 11
64 55 47 30 40 40 54 43 36 21 44 41 21 37 47 25 35 51 49 49
57 38 52 19 37 21 45 38 1 17 30 24 24 30 25 14 24 42 45 46
24 31 17 6 20 18 17 23 13 13 21 18 13 11 14 9 17 18 20 14
51 44 34 15 33 33 43 31 26 28 42 32 34 16 37 22 35 53 33 39
18 15 18 7 9 13 12 8 6 1 7 3 3 8 8 6 4 9 14 8
27 12 22 13 15 11 17 9 6 10 12 5 12 4 19 1 19 18 12 8
8 7 2 3 7 5 14 8 3 1 5 1 4 1 4 5 5 5 5 5
9 12 4 1 3 2 3 11 13 2 6 12 1 10 4 2 2 5 12 12
12 13 5 10 5 4 11 9 10 4 10 4 9 7 12 4 11 12 12 5
34 20 23 15 21 18 25 10 8 11 20 5 17 14 26 5 18 24 23 14
44 46 46 23 39 41 41 44 16 22 41 28 34 29 30 22 30 39 54 27
23 17 12 10 11 14 22 7 6 6 14 8 16 3 22 4 20 22 18 14
46 46 41 10 41 44 55 37 11 24 43 34 26 25 18 31 38 43 39 35
50 27 33 22 32 31 34 22 18 14 31 21 11 14 39 21 25 28 13 28
56 51 38 31 37 40 48 42 43 17 48 30 19 31 39 28 23 43 40 33
41 27 26 13 27 24 28 8 8 10 24 11 20 4 28 10 23 31 18 21
7 9 4 7 8 5 12 11 8 2 8 1 3 2 6 7 1 8 9 3
29 32 29 15 26 21 30 33 18 10 23 8 15 14 14 17 8 34 26 9
62 68 46 45 55 64 72 53 48 24 67 50 44 34 58 49 50 57 56 45
35 38 29 7 27 24 28 26 16 17 30 19 19 26 28 6 11 31 39 32
51 48 39 17 37 38 36 33 19 11 35 34 22 31 40 15 25 40 46 43
50 33 40 24 30 28 37 22 10 11 26 15 15 20 35 8 23 39 31 28
65 51 47 27 52 44 58 42 24 22 45 42 28 34 50 26 46 44 49 52
8 10 4 5 6 5 12 9 8 1 6 6 4 4 6 5 4 5 8 8
13 17 15 7 5 10 18 10 10 9 12 5 1 13 7 5 9 18 14 13
57 54 41 37 55 47 65 41 27 14 47 30 29 27 54 36 39 55 45 43
56 55 43 19 45 35 37 43 25 22 41 40 34 32 45 24 20 57 45 49
52 56 51 27 34 36 57 45 26 26 43 23 23 39 27 23 36 48 52 49
35 33 23 21 28 23 31 20 15 7 22 10 16 14 36 11 22 33 24 24
19 8 12 1 3 7 18 1 1 5 6 3 1 5 9 1 13 12 9 14
59 51 41 27 48 38 46 43 29 23 40 28 18 30 43 14 40 41 40 38
17 14 14 5 13 9 14 13 11 11 14 14 10 3 8 7 10 17 9 8
15 18 12 4 12 7 19 16 12 5 10 8 2 10 7 6 5 9 20 16
54 56 33 29 39 47 56 47 53 26 55 41 25 40 44 36 31 53 38 47
31 27 26 16 19 27 16 17 12 7 22 15 15 18 32 4 19 27 24 16
78 80 61 31 61 55 64 63 37 34 63 53 33 50 53 43 43 77 62 63
17 15 14 6 6 5 12 11 5 2 4 3 6 6 11 1 10 14 18 13
50 51 39 41 40 36 43 44 31 4 39 27 25 33 53 28 25 55 36 37
13 6 11 6 3 6 10 4 2 1 1 1 1 4 5 1 7 7 5 4
18 12 14 7 16 8 26 15 8 1 14 10 10 1 11 11 10 18 18 17
28 32 28 7 14 6 27 28 14 19 24 9 13 25 7 5 20 26 34 29
22 12 20 7 12 9 21 8 7 6 11 4 5 8 7 8 7 17 14 14
52 60 41 27 36 41 57 47 27 22 49 29 30 37 37 31 27 56 55 35
67 51 55 49 60 51 74 46 47 41 61 27 29 41 52 41 53 45 41 47
13 9 12 9 5 5 15 7 7 5 9 1 8 6 10 5 11 15 9 8
25 13 16 5 15 11 11 5 1 4 10 3 12 2 13 1 11 15 11 5
48 54 41 20 48 48 43 39 20 24 44 34 27 29 42 23 25 45 39 34
46 47 35 22 37 34 52 38 23 15 43 33 30 17 37 29 40 50 43 50
39 24 34 17 27 16 28 27 4 12 17 14 16 16 26 3 22 26 34 23
65 64 45 39 50 57 63 62 54 35 64 53 40 43 60 43 48 60 51 38
51 40 31 21 30 34 35 24 28 24 37 30 26 22 35 18 40 43 23 32
9 7 5 4 1 2 7 4 6 1 4 5 4 3 6 1 6 8 6 6
68 60 55 40 56 43 53 49 27 23 51 23 39 41 59 22 35 64 53 42
79 73 54 32 61 55 63 47 46 35 65 53 38 46 68 41 46 72 59 74
15 8 10 5 9 6 11 6 11 3 8 8 3 1 10 7 6 13 1 10
13 16 5 2 7 8 4 7 11 1 10 7 5 6 13 4 1 12 11 6
6 11 5 1 5 5 11 8 1 1 3 5 2 1 5 1 6 7 12 8
6 18 1 4 6 9 12 9 9 1 7 6 1 5 11 5 6 9 8 9
46 43 34 15 31 31 42 34 34 20 37 29 9 24 31 16 29 32 31 42
20 5 15 1 7 5 19 2 1 7 7 2 5 3 2 3 7 11 9 12
12 13 11 4 7 8 11 10 7 1 5 3 2 7 5 5 3 4 14 9
34 16 26 20 14 16 29 16 17 12 18 9 12 14 21 7 21 27 21 19
21 27 16 15 19 15 21 20 18 9 18 5 11 17 20 12 9 23 25 12
61 57 47 19 33 37 56 47 28 39 52 37 36 42 31 27 46 62 46 46
49 44 45 9 33 36 39 29 7 27 37 24 24 31 19 20 28 40 41 31
66 61 52 33 45 42 52 50 42 28 50 43 34 45 47 20 33 55 63 45
8 10 6 1 5 5 9 12 8 1 5 11 6 8 3 3 5 4 15 11
15 11 10 9 7 6 11 8 7 3 9 5 11 3 14 4 11 12 14 6
54 49 38 30 33 36 37 32 36 25 41 26 31 22 39 23 37 51 31 32
54 49 43 20 34 31 55 43 29 35 48 29 25 44 29 12 51 43 47 50
14 6 10 6 3 1 18 7 5 7 9 6 10 7 6 1 11 12 17 11
45 43 29 24 28 30 39 40 41 24 41 29 27 24 35 26 22 48 30 29
23 13 8 10 8 9 18 7 12 5 9 7 11 6 15 4 16 12 11 13
6 9 6 2 1 3 3 8 10 1 2 5 1 8 1 1 1 5 10 6
25 26 10 3 12 22 15 12 15 6 20 22 14 11 28 12 14 25 14 23
57 43 57 28 45 41 47 46 14 21 36 33 29 31 32 23 25 42 46 30
49 42 41 15 23 28 43 31 23 32 39 23 25 29 15 13 32 40 36 31
49 45 31 26 37 38 50 34 37 25 44 26 30 24 43 30 33 57 32 36
59 45 43 20 39 41 44 34 30 26 43 38 26 22 38 26 36 46 25 40
43 46 38 37 31 41 51 41 34 23 41 19 24 35 43 26 27 41 41 16
52 54 38 15 46 43 48 41 27 26 44 39 21 31 33 30 38 42 35 39
25 22 12 13 19 13 23 20 19 1 17 7 5 12 15 11 9 14 15 11
11 6 11 4 6 7 9 1 1 3 3 1 3 3 10 1 6 4 13 5
30 28 24 9 26 23 28 21 8 9 20 20 15 10 19 17 19 22 26 22
17 11 13 2 10 6 11 10 4 3 3 2 5 5 4 4 5 12 11 13
59 54 52 31 39 49 54 47 43 27 50 40 13 39 46 37 30 47 30 49
56 43 48 31 45 37 44 43 27 26 36 31 19 27 39 23 40 43 24 35
73 66 70 50 59 48 72 63 35 32 58 28 24 53 55 38 44 64 54 54
48 45 33 20 29 30 44 33 27 12 43 17 24 24 36 24 19 50 35 33
68 72 55 41 50 42 64 53 37 37 62 29 42 50 51 31 44 82 56 55
43 40 29 28 37 32 46 29 38 16 38 16 22 24 32 26 25 36 28 31
34 18 23 7 15 14 19 13 10 6 13 16 6 6 18 7 14 20 16 25
26 36 20 11 17 14 22 30 15 1 18 22 7 21 19 8 15 27 35 23
35 34 26 16 30 18 25 27 19 5 19 9 9 19 25 14 9 28 29 24
67 68 54 42 49 59 68 59 50 30 63 31 40 46 59 46 40 68 56 45
17 10 6 8 4 7 15 3 9 5 8 5 12 1 16 1 14 12 10 8
61 59 39 27 51 51 57 37 31 21 56 40 36 30 55 34 39 56 51 54
35 31 26 18 31 23 36 27 5 1 22 22 17 13 30 15 26 28 32 30
60 46 47 27 38 24 44 32 18 26 40 20 31 23 40 14 33 56 36 39
16 13 14 8 6 3 14 13 7 4 6 2 9 7 9 1 11 17 19 10
55 41 51 15 35 26 43 37 8 31 32 11 25 28 20 7 39 39 38 35
54 55 47 3 43 40 58 49 17 37 50 41 39 37 18 30 50 55 51 51
75 63 60 44 61 66 76 46 41 43 65 42 38 50 66 44 63 62 59 57
70 67 52 39 55 57 57 44 41 37 62 35 46 41 61 30 45 72 49 46
7 6 10 5 3 4 6 7 6 1 3 1 2 5 3 1 3 6 9 1
10 8 10 7 7 6 9 7 4 1 4 2 2 4 9 2 7 2 11 4
38 36 23 3 18 22 19 27 20 9 21 26 7 19 18 10 18 30 27 32
56 47 33 26 40 43 51 26 38 31 48 29 35 28 52 35 39 56 38 49
55 47 40 30 32 34 48 39 36 21 44 25 17 30 35 18 31 50 34 32
45 42 32 13 29 25 34 36 11 7 30 28 19 24 34 9 25 34 45 40
35 26 25 4 18 15 33 26 10 19 25 18 22 16 14 11 26 29 28 34
33 20 20 11 15 19 23 15 13 7 16 18 7 11 22 5 21 19 13 22
9 9 5 6 3 4 7 6 6 1 5 1 4 4 5 1 6 10 6 1
43 32 31 18 30 28 30 23 12 17 23 19 14 22 38 11 32 30 25 24
24 19 10 14 22 16 26 15 12 4 19 9 18 2 23 9 18 19 16 6
72 87 57 33 60 65 71 69 43 28 74 62 36 53 58 46 44 73 78 70
14 15 14 3 6 9 18 6 4 2 6 4 2 6 9 4 8 12 15 15
58 53 44 13 47 48 38 42 22 33 46 37 25 39 35 13 45 32 42 34
24 28 10 7 12 14 23 12 10 4 19 8 6 15 20 5 13 20 23 19
20 12 18 7 13 10 22 14 7 3 5 10 9 8 10 6 13 11 22 17
53 45 38 22 28 40 42 33 23 28 40 30 30 32 38 17 36 46 38 23
13 9 10 4 8 6 9 6 5 7 7 5 7 4 5 4 8 10 9 5
19 17 17 9 8 14 16 11 7 1 6 6 4 10 12 4 14 15 11 15
71 63 53 23 38 43 61 52 38 43 59 44 40 42 35 27 52 64 57 52
49 51 44 35 53 44 57 56 30 17 50 35 37 27 39 35 42 46 48 38
6 10 8 2 5 3 4 5 6 1 4 5 1 1 9 1 3 11 2 8
21 23 10 1 8 13 12 15 16 6 15 16 11 12 19 8 5 21 19 22
27 25 15 11 18 16 27 24 22 5 23 22 14 11 21 14 19 18 24 24
14 7 11 1 6 3 4 5 2 3 2 6 5 1 5 1 7 13 5 7
79 70 67 47 63 57 65 69 53 36 62 34 35 52 52 33 41 56 59 35
26 21 16 8 18 17 22 16 5 1 15 14 11 11 16 9 16 10 24 15
47 40 44 24 49 44 54 41 16 16 43 37 22 14 38 33 39 39 33 43
71 72 55 26 56 54 52 51 37 26 56 49 24 45 61 32 30 66 56 65
43 52 37 17 52 52 53 41 19 14 46 38 37 23 45 23 26 43 47 42
56 64 55 25 55 56 70 60 32 33 59 47 29 44 40 31 60 37 67 59
53 52 39 34 41 46 52 39 37 18 48 25 37 31 46 30 24 53 47 31
57 53 47 27 35 34 54 46 29 30 50 21 20 37 33 14 44 49 35 33
28 15 18 8 13 19 21 8 5 1 13 13 2 1 24 7 15 14 6 20
60 62 43 22 40 42 50 42 31 27 51 32 30 41 39 24 36 59 48 44
18 14 19 8 8 11 19 9 5 10 9 5 5 12 12 1 18 13 15 14
46 41 41 20 24 30 37 33 33 27 32 29 21 37 21 19 19 34 45 30
17 14 12 3 8 12 19 11 10 1 7 14 3 7 10 4 10 10 16 19
37 36 29 11 27 28 33 17 13 14 28 17 14 19 26 13 22 35 28 26
54 50 33 10 39 40 41 45 32 26 45 47 33 30 36 27 41 47 36 39
39 19 23 14 22 20 21 14 10 11 19 11 15 6 28 2 24 25 11 12
33 29 23 13 31 32 44 26 13 13 29 19 10 17 29 20 28 20 29 26
48 41 42 19 36 34 56 39 21 33 45 26 31 29 26 12 54 29 49 41
65 61 49 22 55 57 53 45 36 30 55 47 22 47 52 26 47 41 51 53
70 72 63 39 52 46 63 60 39 23 58 32 31 48 49 39 31 73 54 61
13 10 9 3 6 4 11 6 4 2 4 2 4 2 6 3 3 9 14 10
27 32 25 9 14 23 39 26 10 13 24 18 17 22 14 11 28 23 38 28
31 31 23 10 11 15 34 17 8 19 25 6 21 24 14 2 28 32 31 29
36 30 26 12 12 14 32 28 24 14 27 18 13 23 12 14 13 30 31 28
42 38 36 8 28 24 33 27 10 18 33 16 25 22 18 8 14 42 36 26
69 74 60 36 52 54 66 55 31 29 56 39 26 53 57 39 38 68 63 58
56 52 42 48 40 51 58 40 44 18 50 20 30 35 54 36 35 51 37 28
82 74 69 44 52 54 63 51 38 40 63 36 42 61 60 24 52 68 71 61
32 33 23 15 20 27 39 28 19 10 32 24 16 19 28 18 32 37 32 29
35 27 29 24 31 23 38 36 27 16 30 17 14 20 23 10 30 23 30 20
51 56 39 16 49 47 51 48 36 19 45 42 13 31 40 25 37 33 46 48
16 10 12 10 12 9 14 9 8 2 7 5 1 4 12 5 10 4 8 8
56 41 46 34 50 39 60 46 20 17 49 32 31 17 44 34 45 47 42 46
67 70 52 23 52 51 53 57 43 23 56 38 32 39 43 33 29 62 51 47
30 11 28 10 22 16 21 11 3 7 11 7 3 4 15 8 11 12 12 17
46 33 41 16 38 32 43 29 8 25 32 27 23 20 20 25 32 34 28 29
58 49 48 42 46 49 57 35 30 24 50 20 22 32 51 31 35 53 39 33
14 9 10 3 6 3 7 7 6 3 4 5 2 5 5 2 5 6 9 9
15 10 12 1 3 4 11 6 2 4 2 6 3 4 5 1 7 14 14 15
61 54 47 31 51 44 43 45 27 24 48 32 28 27 53 21 35 59 31 32
13 8 8 1 2 5 9 2 5 1 2 8 1 2 6 1 6 13 2 11
46 44 38 15 27 30 37 34 21 27 35 29 28 27 20 17 32 51 35 32
22 10 12 7 6 4 12 6 3 1 3 2 4 4 11 1 11 9 10 9
59 49 49 51 48 41 56 51 41 17 48 28 38 33 52 36 25 61 44 26
50 41 40 36 43 39 50 44 34 5 41 14 20 23 46 32 27 42 31 27
37 32 16 7 22 22 20 19 22 5 29 23 18 16 28 14 6 28 20 27
39 28 27 18 35 23 38 30 22 15 34 24 20 13 20 19 26 27 23 23
41 49 31 13 36 35 43 37 26 20 41 30 23 34 31 15 28 34 47 38
14 10 14 2 5 8 11 4 3 1 5 3 1 5 3 6 1 8 7 7
14 12 14 5 7 12 14 13 9 2 6 9 6 8 5 6 9 11 15 9
63 73 54 37 53 48 60 60 36 24 53 40 27 57 49 39 27 65 63 58
27 32 14 15 24 23 30 26 18 7 23 14 13 16 26 19 16 32 23 22
35 41 30 19 30 36 42 38 26 11 33 28 16 24 22 22 28 23 38 27
46 59 36 21 42 41 43 44 33 15 44 26 23 41 40 24 26 47 56 37
16 6 6 4 3 4 12 1 2 2 4 1 7 1 10 1 8 7 7 4
26 19 13 15 13 14 22 11 12 4 14 12 9 9 22 8 20 15 12 16
20 11 14 7 9 6 10 10 6 5 5 6 8 7 9 1 12 10 12 6
35 21 31 13 29 26 31 21 6 12 21 20 15 9 16 15 26 23 15 14
59 57 40 24 42 35 60 50 38 30 55 30 28 37 34 27 35 54 45 51
67 50 42 25 40 48 54 32 34 35 52 29 34 34 53 27 46 56 38 45
77 62 56 36 54 60 58 43 38 41 61 39 50 42 65 27 43 69 52 42
33 21 29 16 16 11 32 19 15 10 20 9 10 15 16 8 19 28 23 26
30 39 22 17 21 33 35 25 21 12 29 18 17 25 30 22 14 32 35 19
21 15 10 7 9 6 14 14 16 9 14 14 8 14 7 1 14 9 14 14
39 36 30 6 33 27 33 30 6 15 24 30 20 17 18 17 26 34 32 33
63 56 34 30 51 55 55 32 44 30 58 35 42 31 66 42 42 59 37 50
9 5 5 1 1 4 10 1 1 1 1 2 1 1 4 1 6 8 4 9
71 54 50 26 49 49 58 29 39 42 54 37 32 41 46 23 54 45 50 56
25 20 20 1 18 8 15 17 4 1 8 11 7 7 9 6 5 12 24 19
30 43 19 8 20 26 35 35 18 8 32 32 20 20 26 18 28 40 43 41
12 8 11 5 5 6 7 4 3 1 1 1 2 4 9 1 9 5 7 3
10 14 14 5 4 4 7 11 10 1 5 2 1 6 4 3 1 13 16 7
46 34 40 17 23 16 31 35 14 18 25 16 11 24 28 5 27 38 29 32
45 58 37 22 36 35 36 39 19 10 37 28 21 40 44 15 12 53 49 41
41 29 24 8 23 28 33 11 3 15 29 16 20 21 35 5 25 33 29 28
23 22 14 9 18 19 21 8 8 1 13 7 5 5 20 10 11 16 9 12
9 9 9 1 5 2 5 12 3 2 3 3 5 3 1 1 3 8 10 3
11 13 12 4 1 6 10 9 6 1 3 1 1 7 4 1 6 13 11 10
58 49 52 25 46 52 48 44 21 24 43 36 30 36 44 24 25 42 53 36
27 37 26 18 21 26 41 33 17 12 33 14 24 21 21 17 26 31 41 19
66 53 57 45 58 54 65 46 29 23 50 35 39 33 54 38 46 51 50 48
43 36 22 15 32 31 35 26 24 14 38 24 28 15 44 17 17 47 26 29
48 56 28 18 38 41 30 40 34 15 44 35 26 29 43 20 22 46 35 32
26 8 18 11 9 8 20 4 9 5 9 3 6 4 16 1 16 19 10 13
8 18 7 2 1 8 5 10 8 1 2 5 1 8 5 1 3 9 16 9
26 25 24 5 24 14 28 21 1 3 13 16 12 9 14 10 13 21 30 26
12 15 8 2 5 7 9 10 7 3 6 9 5 6 8 2 6 7 16 11
60 35 49 22 41 32 47 29 25 28 37 24 16 26 32 13 36 31 38 42
15 10 10 5 7 10 15 5 5 1 7 6 5 4 8 6 10 11 6 12
48 63 39 26 40 40 59 57 37 25 54 31 32 40 30 30 40 49 57 49
27 30 16 5 24 22 28 24 14 9 23 28 13 15 15 10 29 12 30 24
66 67 50 27 48 45 36 54 41 22 48 43 28 38 49 25 22 58 45 44
56 59 49 11 41 41 47 49 43 36 51 45 14 38 25 26 33 41 45 52
77 71 64 39 50 58 73 61 51 54 68 52 51 59 53 36 64 66 73 50
22 20 17 1 12 13 19 15 13 10 12 20 7 14 10 4 14 14 21 25
59 61 52 25 39 41 51 58 39 28 50 30 28 35 38 29 29 61 42 40
57 54 43 22 45 47 56 41 20 28 55 29 41 32 37 26 30 57 44 28
64 69 47 23 53 56 53 58 39 30 63 53 56 31 43 39 47 63 57 49
39 41 27 27 23 28 37 35 32 10 33 16 17 25 30 20 18 40 30 22
27 20 20 1 15 14 16 10 7 9 16 16 7 5 12 9 4 21 16 23
44 42 26 29 37 41 51 34 32 6 40 25 25 20 45 33 31 42 32 30
24 24 23 10 20 11 13 20 13 7 10 12 6 10 15 8 11 23 14 18
43 35 35 34 23 31 43 32 31 21 32 25 26 24 38 19 30 41 35 19
50 52 42 21 35 34 29 46 34 21 31 40 24 34 37 27 19 49 39 46
17 17 11 1 7 10 7 13 15 3 10 15 3 5 14 8 4 15 3 17
73 65 64 33 45 54 73 55 33 56 63 43 60 50 39 39 61 71 63 43
52 39 40 15 40 31 37 29 11 12 32 30 24 19 37 15 26 40 39 38
29 26 19 19 22 10 26 23 15 4 16 5 8 13 24 9 10 32 18 19
19 22 16 3 15 14 14 22 11 7 15 20 14 11 7 4 21 13 22 14
63 65 50 28 62 48 51 58 9 17 54 51 54 34 43 32 35 57 63 51
42 32 29 26 31 28 35 37 32 16 31 25 10 23 34 20 30 24 21 26
29 32 27 1 24 21 31 30 9 17 22 24 20 16 7 13 24 23 34 29
11 20 15 11 4 13 13 15 14 6 10 8 5 14 10 8 8 13 19 9
15 18 7 2 7 15 13 9 9 6 10 15 6 13 14 7 16 14 15 15
39 37 36 23 40 36 48 40 11 8 32 33 24 17 32 24 39 31 39 42
16 13 13 4 6 6 12 5 8 9 11 8 6 10 12 1 8 12 20 14
36 32 28 29 23 24 35 30 32 22 34 19 30 17 26 21 22 42 27 14
30 31 21 4 23 22 26 27 11 14 22 25 19 16 16 11 28 27 28 22
59 57 49 24 38 45 60 54 44 30 54 47 30 40 32 34 37 45 52 47
24 25 22 5 21 11 19 21 5 6 8 14 9 10 14 6 8 20 28 24
52 37 45 40 34 39 53 28 32 29 40 17 25 27 41 28 32 42 32 25
38 26 26 7 31 27 28 19 5 12 30 26 27 10 22 13 18 30 26 21
40 47 36 24 40 40 46 44 21 10 35 28 22 20 29 29 28 39 39 30
69 72 52 14 61 53 46 62 38 39 61 53 45 43 46 30 28 67 53 55
52 50 42 22 48 48 55 51 39 31 48 41 15 39 33 23 46 29 44 40
20 10 19 1 10 3 10 8 5 5 2 5 1 5 6 1 3 15 14 17
18 16 12 15 7 12 14 7 13 7 14 1 14 7 15 6 13 20 14 6
14 19 11 5 5 6 16 11 9 8 13 9 4 13 9 3 13 14 19 18
41 40 35 26 33 32 36 31 20 15 31 21 16 18 32 24 26 38 29 26
60 67 39 25 43 51 68 60 50 36 66 54 44 45 46 43 50 64 61 60
17 12 16 1 9 3 20 15 2 9 10 5 8 8 1 3 9 14 22 17
19 16 11 4 5 9 20 5 8 4 13 13 1 9 16 4 15 20 12 22
40 28 22 20 29 32 41 9 13 12 30 16 20 11 38 18 31 29 23 26
44 25 30 17 26 14 23 20 17 11 19 14 13 8 27 6 21 30 18 26
17 15 17 10 17 8 15 13 8 3 9 2 3 1 14 6 5 17 12 5
5 1 4 1 3 1 9 4 5 1 2 3 1 1 1 1 1 5 4 3
29 25 21 15 12 14 18 14 18 11 19 9 14 12 18 5 21 25 20 15
66 72 44 30 49 53 58 45 45 41 68 34 41 49 48 26 45 67 54 46
38 35 25 13 28 22 31 22 12 1 24 21 13 16 35 10 13 37 31 31
35 24 30 34 22 28 34 23 25 19 30 8 18 20 33 17 27 25 20 6
18 31 8 11 16 19 25 25 21 5 21 18 8 19 19 13 16 24 22 19
60 65 35 26 51 46 51 50 35 9 52 43 29 37 58 37 20 59 47 55
37 24 21 15 20 11 20 21 22 11 22 16 16 6 24 9 20 29 18 23
18 21 12 7 7 10 9 12 12 4 10 13 6 13 14 3 14 15 16 13
45 52 40 32 39 41 47 44 23 7 37 33 24 31 41 30 15 45 46 32
44 38 30 6 33 32 24 28 22 14 33 36 16 21 29 19 17 27 34 38
16 19 17 10 11 8 9 17 13 3 8 3 2 10 8 6 5 16 12 9
76 78 59 27 51 54 64 69 37 41 66 63 51 52 43 37 49 75 73 60
24 26 24 10 12 8 19 19 15 10 15 8 7 14 18 7 14 28 26 22
47 44 39 17 32 31 41 29 15 20 36 23 18 32 33 16 28 34 42 39
16 16 12 7 10 5 12 17 17 4 12 12 5 9 9 7 6 14 14 14
53 53 49 28 47 47 54 52 46 20 46 29 10 37 38 28 30 31 43 39
27 24 16 10 15 15 16 14 9 7 21 8 18 16 18 4 4 25 22 7
13 17 11 2 7 7 4 11 5 1 3 1 4 8 6 1 2 11 17 11
40 35 31 12 21 28 26 25 19 11 20 26 10 25 26 17 16 33 28 29
72 71 57 20 53 60 69 65 43 42 67 54 40 46 47 40 51 61 58 55
35 28 29 9 22 22 30 14 8 12 19 21 4 17 20 14 21 26 24 32
32 38 21 20 27 19 32 32 24 9 26 16 12 19 29 10 18 32 32 27
38 46 25 6 30 31 30 42 33 16 33 40 17 30 29 21 23 36 38 45
42 45 37 23 20 18 34 37 30 16 30 25 10 32 28 11 19 41 42 34
43 42 28 10 28 23 34 31 26 23 37 31 13 23 26 10 31 41 34 39
20 13 15 4 6 6 8 11 6 1 3 3 1 8 3 2 5 11 11 12
26 20 10 17 16 14 24 15 22 6 21 11 14 5 26 13 15 21 15 16
66 62 48 4 50 48 44 53 42 38 50 56 22 40 34 29 44 46 42 58
14 10 4 8 6 5 13 8 12 1 11 8 5 2 13 7 8 13 4 9
12 9 10 2 4 6 10 1 1 4 4 1 2 2 9 1 8 7 12 7
10 10 8 6 7 5 13 8 6 1 5 1 2 1 8 5 6 9 7 7
36 36 33 20 13 13 32 29 17 15 24 16 15 28 22 9 14 41 37 27
84 77 71 45 66 62 62 73 46 33 64 55 37 48 63 45 34 67 54 48
22 15 17 12 12 8 14 12 6 2 8 2 7 3 19 1 15 16 14 7
9 13 11 1 2 4 1 10 4 1 1 2 1 6 3 1 4 9 12 9
51 48 31 9 27 37 39 28 17 20 43 33 27 30 34 16 26 50 41 40
47 47 30 20 33 34 44 43 29 13 38 38 27 29 36 28 33 44 45 40
20 26 10 6 20 13 16 17 14 2 17 7 4 10 11 10 1 14 15 12
45 54 40 26 36 42 42 41 34 18 41 34 20 35 36 29 16 39 48 31
22 15 21 7 18 8 11 14 7 6 9 7 6 2 9 3 11 18 6 6
18 15 14 7 8 7 22 9 7 6 12 4 6 10 8 7 10 17 16 18
75 68 65 24 52 49 55 59 33 38 58 41 39 47 43 22 30 64 62 46
56 49 46 18 33 34 46 47 35 25 43 41 25 33 25 29 23 45 50 45
69 61 51 33 60 48 51 52 25 15 51 36 35 36 52 22 34 54 48 39
19 25 11 6 9 8 10 15 13 1 11 10 8 11 15 1 9 18 22 16
36 32 33 15 28 31 39 28 9 15 26 14 21 20 23 13 31 26 39 27
21 18 18 5 17 14 28 15 4 11 17 11 14 4 10 9 17 22 20 15
60 61 54 19 37 48 54 52 34 38 52 45 41 37 35 35 32 58 52 43
53 49 47 26 54 48 56 46 23 27 49 37 23 24 38 33 41 39 43 40
27 26 17 1 15 12 10 16 11 5 12 12 9 15 13 1 10 13 27 19
9 9 10 2 5 2 5 5 2 1 1 2 1 1 7 1 6 10 5 7
11 6 5 4 3 2 8 3 5 2 4 3 5 2 5 1 6 8 4 3
27 25 22 11 21 11 21 23 18 10 18 13 6 11 12 6 14 21 17 16
78 70 57 37 64 68 65 49 49 38 69 47 51 42 73 39 38 72 50 55
74 69 55 33 50 48 69 53 38 36 63 33 39 51 46 24 51 65 66 59
25 19 21 5 10 7 15 11 6 8 8 11 5 10 12 1 15 17 21 20
49 30 43 34 34 32 45 26 27 21 34 19 14 22 34 23 32 39 28 34
44 43 41 13 30 21 39 38 6 20 31 28 25 33 25 13 31 43 49 45
50 35 39 21 20 18 33 30 22 17 27 15 14 25 29 6 25 38 37 33
41 25 31 15 27 19 25 14 14 16 23 8 20 10 20 14 22 32 15 24
75 58 49 23 57 48 52 47 24 24 54 49 37 37 57 22 38 58 55 58
56 69 40 18 59 54 51 54 26 16 55 44 42 33 44 33 33 56 54 45
27 22 15 5 15 17 16 11 7 7 15 16 5 11 18 1 22 10 19 15
5 8 3 4 6 2 10 11 6 1 6 3 4 2 4 5 3 4 12 3
68 52 47 29 46 50 54 43 39 28 51 44 21 35 54 34 44 54 36 56
11 8 9 1 5 5 3 1 1 1 1 1 1 1 7 1 2 3 8 6
30 30 26 18 20 25 35 30 32 10 30 19 12 18 23 27 2 34 21 20
10 14 2 1 1 7 7 10 11 1 7 14 4 5 11 3 7 8 14 14
7 8 4 1 2 3 6 1 5 1 1 3 1 1 7 1 4 4 3 4
48 49 32 21 38 34 40 45 29 11 38 39 29 23 42 23 33 48 41 41
13 6 7 7 7 4 11 4 5 1 5 3 6 1 10 4 8 6 9 4
10 12 7 5 7 7 10 10 10 1 6 9 4 7 6 6 6 6 11 12
16 11 9 7 7 6 12 4 6 4 8 2 11 1 15 1 10 17 14 10
13 22 10 7 4 11 12 14 17 4 11 16 7 11 16 6 11 18 17 19
27 22 24 13 22 20 25 13 9 8 18 7 7 10 25 6 16 22 20 19
11 10 6 1 5 11 13 1 2 1 6 7 1 4 7 4 8 8 4 11
76 69 65 30 54 59 71 61 40 43 67 46 37 58 49 22 54 51 70 58
6 5 1 3 1 1 8 4 4 1 4 3 3 4 2 1 4 6 8 6
48 36 38 13 24 10 37 29 7 22 26 13 23 24 21 2 27 42 39 40
48 44 36 17 39 37 35 36 27 13 34 30 14 14 37 24 23 44 17 35
54 47 31 18 42 41 47 25 22 25 46 29 30 29 47 23 32 49 36 37
55 53 45 45 49 56 61 60 36 20 58 45 43 29 52 48 44 50 43 34
28 32 28 5 20 11 27 26 12 17 21 10 10 15 10 8 14 32 26 27
46 59 39 19 55 45 42 51 21 15 46 41 30 27 37 30 24 51 51 43
30 28 20 16 28 20 36 24 13 10 28 9 23 13 22 18 19 29 28 16
55 42 38 14 28 17 38 33 30 28 39 21 24 25 27 11 31 43 34 42
74 68 65 21 43 50 54 50 28 42 57 39 45 49 42 20 33 68 61 54
58 38 42 27 38 34 40 25 26 18 34 22 15 25 42 18 37 38 27 41
74 71 53 41 57 59 66 56 61 38 63 48 44 47 67 52 50 75 54 66
53 39 44 32 34 35 43 38 35 31 40 27 32 30 30 19 37 35 41 22
65 55 51 31 45 47 52 40 23 24 49 28 22 39 49 24 34 50 46 41
49 31 35 15 35 31 39 23 15 20 33 22 26 20 30 7 34 28 35 30
53 59 38 17 43 37 49 50 14 15 45 46 34 30 36 25 30 54 54 55
14 15 13 13 17 14 22 15 13 1 11 6 6 6 15 12 11 12 10 8
47 36 28 10 31 30 41 28 20 24 35 35 28 18 26 16 39 36 32 34
40 29 33 29 21 24 31 26 25 15 25 16 18 18 32 15 20 34 25 14
9 7 9 8 6 4 14 6 8 5 9 4 5 5 8 6 7 12 9 6
18 19 11 13 14 15 23 13 12 2 14 4 9 4 20 12 9 19 14 10
42 44 29 16 27 22 38 35 28 17 38 16 18 29 27 21 18 36 35 36
51 30 36 15 27 26 39 18 21 26 37 24 21 15 32 22 29 42 20 37
28 25 22 15 13 18 24 8 14 14 25 3 20 17 23 6 20 31 24 15
11 10 9 3 8 8 13 6 4 1 6 3 1 1 5 7 3 7 5 10
41 45 39 27 39 34 42 48 36 14 34 23 19 30 26 23 25 35 44 27
7 5 5 1 1 4 8 1 1 1 2 3 1 1 7 1 7 5 7 6
26 34 20 17 32 23 27 33 17 1 25 9 22 14 26 21 14 28 34 15
39 25 38 8 25 13 25 23 4 17 17 17 13 15 13 6 17 31 26 28
57 48 46 18 38 45 46 37 14 28 42 26 28 37 39 13 32 45 46 32
50 38 31 20 33 27 45 32 23 14 33 30 18 21 40 20 31 46 32 44
11 1 7 1 1 1 11 1 1 1 1 1 1 1 1 1 1 4 8 9
54 53 48 18 50 38 42 48 14 16 35 43 32 28 28 26 31 40 48 42
24 4 19 10 11 9 21 7 2 9 9 2 6 6 13 1 17 10 7 6
16 17 10 2 11 13 19 12 6 5 11 15 9 7 14 7 16 19 21 18
32 26 15 14 18 25 30 18 23 18 29 27 23 19 33 18 31 33 22 27
65 65 53 39 51 47 54 56 50 29 60 27 45 51 50 30 30 65 63 42
25 28 19 10 17 20 38 18 8 7 24 15 14 13 20 14 23 24 27 24
44 28 38 16 23 16 33 27 11 20 24 8 13 23 22 7 26 26 32 30
62 42 41 26 39 43 59 34 27 27 48 33 22 27 45 29 48 43 30 49
77 69 54 34 52 50 67 52 53 40 63 37 35 46 56 38 52 73 53 65
23 20 17 6 16 13 24 24 12 9 17 18 18 10 4 8 17 19 21 14
39 33 18 21 26 33 40 34 27 10 35 26 16 20 37 21 31 31 22 24
24 14 18 2 10 4 10 12 11 7 8 14 3 7 8 1 11 11 15 17
33 28 27 25 28 25 36 23 18 9 24 11 9 15 27 20 17 27 22 19
17 15 10 1 7 9 13 10 4 1 4 8 6 6 8 2 8 5 17 12
32 31 23 7 17 22 18 22 16 1 16 18 5 12 21 13 8 22 26 28
50 57 37 28 42 51 53 53 47 9 50 36 21 34 40 36 28 39 44 38
33 26 25 14 24 21 26 24 13 13 22 16 24 8 16 7 31 25 21 14
25 30 14 17 27 21 30 28 16 1 25 8 22 12 24 18 13 25 31 13
29 34 23 11 24 28 28 26 17 11 23 31 11 21 21 18 21 22 32 30
20 33 17 10 14 19 21 18 17 5 21 7 8 18 21 8 8 31 26 16
25 28 23 7 22 16 32 26 12 9 18 17 14 13 12 14 22 21 34 29
46 38 40 13 29 27 43 39 10 23 33 22 24 25 20 8 41 34 39 34
68 55 52 48 49 54 65 50 58 35 60 38 41 40 57 51 31 66 39 35
15 19 17 10 17 14 28 20 12 8 18 14 11 9 13 13 18 16 26 18
17 15 15 10 16 11 17 13 12 5 11 6 4 1 12 11 7 17 9 12
73 62 63 26 46 57 59 45 31 43 58 40 34 53 53 30 42 58 54 51
21 20 19 7 15 13 27 15 8 6 14 14 7 9 17 7 19 22 25 24
25 23 14 5 12 14 15 13 13 1 14 18 2 11 17 9 10 12 19 23
35 35 28 2 13 16 24 25 12 16 22 17 8 25 9 4 20 31 33 30
53 65 42 13 57 58 62 50 35 29 58 52 26 42 42 37 44 38 63 59
40 32 31 13 31 20 30 25 14 14 26 22 18 10 22 17 19 37 19 25
57 57 43 17 37 43 49 38 30 34 47 42 23 42 39 31 40 52 50 53
62 50 54 36 42 51 52 44 36 33 45 40 20 43 41 32 40 38 34 33
15 11 14 9 5 5 16 9 8 2 8 1 3 7 7 4 7 16 10 9
7 8 4 4 2 1 11 6 9 1 4 2 1 4 4 1 1 10 8 8
63 64 53 38 55 43 66 50 34 33 59 33 38 41 51 35 43 69 62 56
35 42 31 21 34 33 44 33 23 14 37 21 17 28 29 26 20 35 41 30
47 44 31 27 38 42 44 44 34 19 47 30 34 19 41 27 33 42 34 24
71 54 48 42 53 58 68 40 44 37 61 33 34 36 61 42 53 57 40 46
59 49 50 24 39 38 57 45 27 31 49 28 27 36 31 16 47 40 45 38
81 80 63 45 58 64 68 54 55 45 74 41 52 55 61 41 44 81 64 49
29 28 20 13 20 22 23 15 12 10 25 18 21 14 34 6 16 31 25 23
26 22 22 8 20 16 24 18 6 1 11 11 3 6 20 5 13 13 22 22
39 35 23 26 29 22 30 28 23 4 28 21 13 13 41 16 19 42 16 30
24 21 12 4 13 15 12 7 10 3 15 14 11 7 21 5 9 23 14 17
54 47 41 10 37 29 27 40 25 21 30 40 16 23 29 9 29 34 35 41
38 30 30 8 21 23 26 17 14 13 21 24 7 15 24 14 17 25 22 34
63 72 54 39 54 62 75 66 47 45 69 52 51 53 45 52 48 71 63 41
11 11 13 1 6 6 9 7 7 7 1 7 4 7 6 1 6 12 12 11
20 16 15 6 8 7 15 12 11 1 8 7 2 7 6 6 4 15 13 16
29 19 17 8 17 15 10 10 4 8 16 8 21 10 22 1 15 20 19 5
14 11 7 1 2 4 9 4 5 1 5 8 1 1 12 1 8 13 7 12
51 41 41 18 29 23 45 37 23 27 39 22 19 31 23 7 39 38 35 39
56 57 48 27 52 53 53 41 27 25 50 40 21 39 54 27 28 48 49 51
12 15 8 2 3 3 7 10 7 1 3 4 4 6 6 1 5 9 14 7
66 59 48 38 61 47 48 57 26 20 54 39 41 34 57 26 35 54 49 40
47 46 35 15 33 31 37 35 20 22 40 27 34 24 31 12 29 51 44 32
32 33 22 26 33 28 49 33 19 11 38 20 30 11 28 28 33 35 35 29
19 5 12 12 12 7 20 8 4 1 8 2 9 2 12 5 14 8 9 6
56 62 42 38 46 45 56 51 24 13 49 40 40 30 49 33 40 55 59 44
22 17 18 1 14 6 12 16 8 1 6 12 2 9 4 4 3 9 19 21
7 14 7 2 4 6 6 7 6 2 5 5 1 3 5 1 5 9 7 3
61 75 52 25 57 57 60 69 40 36 69 56 55 44 44 33 34 69 71 51
55 55 42 13 42 41 34 44 31 27 37 46 26 33 42 29 29 53 37 51
16 15 10 7 8 7 24 10 8 6 12 4 6 8 10 7 10 15 17 14
59 46 37 16 42 45 36 26 25 27 47 38 36 24 51 20 25 49 31 43
20 25 18 9 23 23 36 18 9 7 22 18 14 7 19 15 24 20 27 23
13 11 7 2 3 8 10 3 6 1 4 8 3 4 10 2 9 11 7 12
71 63 66 46 53 51 67 62 47 34 55 49 23 51 54 37 42 56 53 51
30 25 23 17 22 16 34 21 17 11 23 16 17 9 27 12 26 33 26 21
21 20 17 6 10 16 22 10 11 9 13 12 3 16 11 8 13 19 17 21
39 32 28 11 21 22 42 32 28 18 37 25 17 25 12 14 26 29 37 35
65 61 60 24 45 46 59 60 40 39 54 45 22 45 33 20 45 48 55 48
50 46 31 27 24 36 36 25 37 23 40 28 31 32 41 20 27 43 41 32
68 52 52 28 41 40 47 43 21 18 43 40 24 30 44 20 28 57 37 47
14 25 10 10 13 10 17 21 18 2 11 6 3 10 12 9 2 18 20 14
8 11 5 3 3 4 9 9 7 1 5 5 2 5 6 3 5 3 13 9
63 53 50 32 54 44 54 42 20 25 45 27 33 29 49 19 39 57 41 36
15 14 9 9 12 9 19 14 12 2 9 6 8 5 11 9 9 12 14 7
49 41 33 18 40 27 39 34 14 7 33 29 20 16 36 20 22 40 39 37
57 50 47 17 44 36 38 50 42 28 36 46 21 37 36 22 33 35 45 54
57 51 44 33 48 47 63 41 34 33 55 44 33 26 48 38 48 59 39 43
75 65 67 33 60 62 60 69 43 39 60 57 30 43 44 45 44 51 49 48
24 13 20 18 17 12 27 18 14 7 16 5 5 9 20 7 15 20 13 14
69 60 53 29 58 46 51 57 40 25 49 39 20 35 49 23 33 47 42 48
37 37 26 18 40 39 47 31 18 16 38 41 21 18 31 35 37 33 33 40
5 8 7 1 1 4 11 2 2 4 6 2 1 3 4 1 6 9 8 9
16 9 5 7 4 7 15 4 6 4 7 8 8 4 11 1 13 11 5 10
12 8 13 5 5 4 12 8 5 5 4 6 7 5 5 1 7 13 15 12
69 74 51 39 54 64 81 54 41 32 74 36 54 49 57 50 46 74 66 48
27 19 17 13 16 10 22 11 15 11 14 7 14 5 16 7 17 25 14 20
32 21 17 9 20 21 21 12 14 1 23 19 16 8 26 16 11 23 18 21
72 61 60 33 57 42 47 51 24 27 49 42 36 46 53 18 28 59 59 54
8 8 9 1 1 3 2 4 2 1 1 1 1 2 3 1 5 8 4 4
18 10 13 4 10 7 13 8 7 3 6 8 8 4 12 3 7 9 18 13
64 61 48 46 45 56 59 52 46 17 55 35 23 37 59 43 33 57 43 43
32 34 26 14 20 26 33 17 12 7 22 17 3 19 25 16 19 28 27 29
46 39 33 24 29 22 38 33 29 16 33 14 20 20 34 19 20 49 36 32
42 25 28 22 35 30 42 22 15 16 32 17 23 4 28 17 33 28 14 18
27 25 20 4 8 11 30 17 2 12 18 8 16 15 12 1 23 30 30 23
44 43 38 20 27 27 36 35 30 25 37 25 20 29 20 13 26 36 37 24
11 8 9 1 7 5 12 9 2 1 2 3 5 3 3 4 3 5 14 9
29 20 17 9 15 11 21 10 10 7 19 9 13 15 17 6 12 18 23 19
55 58 47 24 51 39 46 57 39 25 47 25 31 37 30 27 34 45 49 37
58 57 37 31 51 52 67 50 38 32 61 41 42 29 52 39 56 62 44 44
71 49 55 31 56 53 61 45 39 45 56 40 23 36 42 26 61 36 30 42
43 49 33 24 31 37 40 38 32 7 35 29 14 25 36 26 14 37 37 29
58 57 49 19 42 46 55 47 16 34 53 29 41 42 36 21 49 52 59 39
19 11 9 9 6 5 12 8 7 1 7 5 8 8 12 1 12 8 11 9
32 34 21 4 18 24 20 22 14 13 21 21 10 20 12 7 21 21 24 21
11 17 8 4 7 14 12 11 10 1 10 13 9 8 15 3 12 10 19 10
57 40 50 35 45 34 46 42 19 17 35 28 21 27 40 21 32 43 36 34
9 6 6 3 4 1 6 7 5 3 3 1 6 4 2 2 4 8 8 2
65 52 48 14 47 40 53 35 6 26 44 36 38 32 41 19 43 55 51 45
19 19 19 7 11 6 6 17 10 1 3 10 1 13 11 1 7 13 19 17
59 46 41 25 46 33 39 33 30 21 36 27 34 30 42 17 36 41 49 41
62 60 48 12 45 40 53 47 22 32 52 31 40 32 30 24 40 58 47 51
26 14 14 7 12 13 17 9 12 4 12 15 7 5 17 11 10 13 14 20
30 41 29 10 21 22 24 28 18 17 31 14 17 22 17 9 11 40 32 20
58 46 45 29 42 41 46 34 28 27 47 26 27 31 41 16 36 46 37 32
40 25 27 14 26 25 25 17 16 9 24 19 14 20 27 7 21 16 24 25
23 19 21 7 17 8 13 16 11 6 7 8 5 9 11 7 8 16 17 17
30 25 15 11 20 14 29 21 22 9 23 22 13 12 18 11 18 22 17 25
31 25 23 10 16 11 18 21 9 1 7 16 6 11 23 2 11 26 24 26
62 72 51 19 52 45 54 63 38 32 59 48 38 49 40 18 32 58 73 56
12 10 9 7 5 5 7 9 11 1 7 10 6 7 9 4 10 9 11 10
10 11 6 4 7 9 12 13 11 1 10 14 8 5 10 8 10 8 14 11
45 43 34 13 36 32 36 32 16 21 37 26 27 22 33 5 25 38 36 27
51 57 38 16 37 37 61 45 29 29 50 35 26 40 32 25 43 47 54 53
63 57 48 41 47 52 66 51 37 29 59 25 36 38 48 31 42 52 46 26
23 16 19 1 14 15 19 9 2 9 10 15 8 4 7 6 12 16 7 18
33 22 28 15 17 13 25 19 12 7 15 8 10 16 17 8 13 28 25 24
83 72 70 27 55 60 65 54 31 44 61 50 39 52 42 33 51 64 64 51
16 11 13 4 2 5 10 10 12 1 6 7 1 7 7 4 4 15 12 15
19 13 18 11 10 8 17 13 14 6 10 11 5 11 13 5 12 15 13 17
65 57 60 33 56 39 52 52 21 24 44 43 21 38 38 27 29 52 46 51
59 60 49 25 39 30 51 54 27 27 49 38 36 37 34 17 37 59 57 47
66 66 53 22 41 50 66 53 34 45 63 43 56 38 37 37 54 69 56 53
26 29 21 19 21 26 27 20 17 7 21 9 10 12 24 13 14 23 19 9
12 11 11 1 5 5 10 9 5 3 3 6 1 6 4 3 3 7 14 15
43 46 30 18 32 24 47 38 15 16 34 26 21 31 36 19 27 49 45 43
16 12 11 4 10 12 15 6 7 1 7 9 4 7 7 9 6 8 9 12
39 34 21 11 28 27 31 21 13 9 29 26 26 16 32 13 27 33 32 28
52 54 38 26 41 41 50 49 41 24 50 38 34 20 34 34 28 52 41 38
25 13 23 9 15 10 20 13 10 5 8 10 4 8 12 6 11 15 19 23
55 43 42 29 37 43 50 40 41 22 46 36 22 26 36 25 38 37 34 39
63 54 47 39 51 52 59 37 40 30 54 29 20 35 49 31 48 44 35 40
68 73 52 42 64 70 71 63 44 26 66 48 29 48 60 51 43 56 59 48
46 38 39 20 32 26 29 40 30 17 27 28 5 29 31 11 27 27 30 38
30 40 26 23 16 29 40 28 26 15 32 17 13 27 31 19 19 37 34 20
26 34 32 23 22 20 29 34 21 11 21 14 11 22 23 17 12 34 33 20
61 60 48 39 62 58 70 56 31 20 62 52 44 24 57 53 49 62 45 54
74 58 59 37 60 59 65 56 39 41 56 55 29 48 55 41 62 52 46 56
39 36 35 2 18 22 28 23 8 19 24 19 16 20 13 7 24 35 29 30
6 6 6 1 1 1 10 5 1 1 1 2 4 2 3 1 5 6 13 8
58 52 43 25 43 32 47 36 18 12 39 28 21 28 47 20 24 54 43 45
7 12 3 1 1 5 13 7 3 1 5 11 1 9 4 1 6 5 15 15
45 49 33 21 42 34 56 44 17 23 52 25 46 22 29 27 39 50 46 29
68 62 49 28 52 49 46 58 38 29 55 40 34 35 49 26 42 57 42 36
33 41 26 24 27 36 38 36 27 12 34 26 15 26 34 20 23 29 37 18
53 60 47 34 49 46 71 54 22 19 57 36 37 30 42 36 52 51 55 52
53 57 38 21 41 34 39 47 26 12 39 42 24 35 42 21 23 51 52 49
50 49 37 16 30 30 32 41 36 19 33 37 10 33 36 10 33 35 43 44
51 42 42 14 33 35 44 32 14 23 38 28 29 35 37 7 30 36 46 41
18 20 12 15 12 14 23 19 14 1 12 7 7 10 15 8 14 14 18 9
39 30 29 25 28 24 38 15 25 15 28 11 18 14 31 21 25 30 21 29
61 52 42 45 51 53 71 43 48 36 57 27 33 42 59 39 54 54 40 45
15 18 6 14 9 12 24 10 17 7 19 11 10 5 24 8 15 25 12 15
5 6 2 2 1 1 2 6 7 1 3 4 2 3 4 1 2 10 6 5
10 16 4 8 4 7 9 12 11 1 8 8 6 10 9 4 10 11 9 9
74 72 58 34 61 68 64 65 42 34 64 52 39 41 55 46 43 62 48 44
48 49 29 5 30 37 34 32 31 20 37 37 18 38 31 12 31 32 46 42
36 29 30 7 15 14 34 26 16 18 25 17 18 24 9 6 23 26 37 30
28 21 20 4 14 15 29 12 4 8 16 13 8 12 16 9 18 25 24 29
14 5 11 6 8 2 16 7 4 5 7 2 7 1 7 3 8 13 9 4
43 50 34 25 37 32 55 45 24 12 41 23 29 30 35 28 32 48 49 44
10 10 3 1 5 6 15 5 3 1 4 4 6 1 6 2 5 4 13 9
32 30 21 15 16 24 31 20 17 7 22 22 13 18 24 14 18 26 30 27
39 35 23 11 37 33 38 28 10 9 28 21 20 14 32 18 29 28 34 27
36 38 26 20 20 28 30 32 24 12 29 25 28 25 26 16 22 29 43 16
41 32 33 11 29 26 22 24 14 9 23 16 11 23 21 3 19 18 32 26
46 47 36 20 32 35 33 33 22 19 36 27 28 23 31 19 27 48 32 23
71 60 55 16 52 45 51 49 26 34 55 43 49 34 45 27 38 66 53 53
60 53 46 10 46 43 58 41 21 33 51 46 32 33 24 22 49 41 48 46
50 45 36 19 35 26 50 43 28 22 44 27 19 31 26 24 30 41 38 46
21 23 14 9 7 8 22 13 12 11 18 7 14 17 15 4 15 23 26 18
57 59 44 24 31 36 50 51 32 30 48 42 32 37 36 27 34 63 52 38
43 42 34 13 27 25 37 29 11 22 35 17 31 28 34 7 26 45 43 32
12 12 8 7 12 10 18 9 8 1 10 2 6 2 11 10 4 8 12 7
13 5 3 4 1 1 10 3 2 2 3 1 5 2 6 1 6 7 9 6
21 18 15 12 10 17 20 13 6 1 12 8 12 8 21 1 20 15 20 9
59 43 48 32 56 42 56 40 9 16 45 30 31 27 46 27 36 42 48 41
12 7 5 4 7 4 10 4 4 3 4 2 5 2 6 4 5 7 8 4
57 51 48 25 51 45 38 38 21 21 43 30 25 26 48 19 25 51 37 35
32 27 26 7 27 23 17 19 6 13 22 12 20 14 25 1 12 24 22 11
73 69 62 9 45 41 49 57 26 45 57 41 41 53 24 13 39 60 67 57
12 22 8 12 16 16 27 21 14 1 18 14 15 4 17 14 18 19 19 12
24 26 23 21 22 28 32 21 18 6 21 8 6 13 25 14 15 21 20 13
30 18 25 10 22 17 20 19 12 11 15 15 8 11 11 6 17 12 13 15
35 38 31 29 25 26 38 27 39 25 35 16 25 29 29 20 29 37 39 31
8 5 3 7 2 3 9 3 4 3 6 2 8 3 8 1 10 9 3 2
20 17 16 8 7 10 20 9 11 9 11 11 6 13 13 4 16 20 16 19
33 23 22 14 23 16 30 18 11 5 20 15 12 7 22 11 19 20 25 23
56 53 33 32 49 43 55 35 30 18 46 32 28 27 55 34 34 56 43 46
50 64 37 24 34 42 46 54 44 25 55 33 33 46 40 29 16 52 57 37
45 33 25 22 32 31 37 21 18 12 33 18 17 21 39 11 30 29 28 25
43 40 29 26 31 23 39 30 21 4 27 14 12 24 37 15 17 43 31 30
10 6 7 1 3 1 6 2 1 1 1 1 1 1 3 1 4 4 5 5
29 32 23 5 23 21 26 24 21 17 24 27 6 20 11 7 22 19 23 31
64 59 47 35 55 45 55 45 35 25 51 41 37 27 54 38 46 60 45 54
21 8 13 11 10 11 11 3 1 4 7 3 10 1 18 1 16 9 8 3
66 47 54 43 44 51 65 37 34 36 51 31 23 37 50 36 47 53 36 42
37 23 25 11 28 14 26 24 13 10 22 16 20 9 15 12 21 23 27 25
22 15 22 6 11 14 12 10 5 2 6 4 1 5 6 3 9 14 8 10
11 6 11 1 4 3 9 4 4 5 2 4 2 3 3 1 3 8 10 11
57 50 40 24 44 42 48 44 32 17 42 44 20 27 47 35 36 47 38 50
52 55 46 25 42 43 45 37 27 18 44 26 18 37 42 24 21 48 43 41
76 65 60 14 55 46 61 49 14 42 60 45 51 44 45 15 43 72 61 60
59 51 38 30 49 43 57 42 29 20 46 22 34 27 48 26 40 54 42 33
31 48 26 14 25 33 51 41 19 13 41 25 21 28 19 27 29 37 46 36
24 25 17 5 13 17 10 11 5 5 14 10 15 11 16 1 11 25 21 11
2 11 3 2 1 3 2 8 7 1 2 2 1 7 1 1 1 4 10 3
32 23 27 11 20 12 38 22 8 16 26 5 20 14 15 12 22 29 30 23
18 14 12 10 9 11 18 8 11 1 10 8 9 7 13 8 11 14 13 12
29 26 23 27 22 21 31 31 25 9 27 10 11 19 23 11 22 23 21 10
45 25 35 24 34 24 37 29 21 22 31 17 12 19 24 14 31 21 14 21
66 46 52 27 47 45 56 40 30 40 53 32 36 27 37 32 47 54 31 39
62 61 48 21 45 43 46 50 28 22 51 45 35 38 42 29 27 55 61 52
20 18 12 11 6 9 18 13 14 1 11 9 6 9 14 4 13 20 12 14
61 60 42 40 56 60 57 56 34 17 64 43 52 25 56 42 39 61 46 31
13 13 4 3 2 6 11 10 10 1 8 13 6 3 12 3 9 13 12 13
29 31 16 20 24 21 29 24 26 9 27 12 15 18 24 15 16 25 21 18
22 14 25 12 15 14 17 15 6 8 7 4 4 11 16 1 16 15 15 14
16 14 3 3 6 9 16 6 2 4 10 9 7 7 11 3 14 14 10 11
54 47 44 27 40 41 59 40 26 27 50 26 16 29 45 30 36 45 32 44
16 13 10 1 10 9 12 13 8 3 7 15 7 6 5 3 10 6 13 14
44 44 35 19 38 35 48 38 30 27 38 29 13 33 35 18 36 31 39 36
55 47 39 24 39 38 49 27 21 19 46 27 17 28 44 19 34 46 38 43
15 14 11 3 15 16 13 8 2 1 10 10 13 5 15 3 12 6 21 9
38 35 32 2 29 23 22 21 6 13 22 20 18 17 22 8 9 32 34 32
47 51 45 9 33 35 28 40 15 27 35 29 32 34 24 15 14 48 46 26
22 25 18 6 16 3 8 22 10 3 9 9 5 10 12 3 5 19 21 14
12 15 7 5 5 6 7 12 15 1 7 11 1 11 7 4 4 8 13 13
21 22 19 3 9 9 18 15 9 10 14 12 4 15 8 1 17 17 24 25
35 29 16 13 23 19 28 20 20 11 25 21 14 14 31 16 22 38 16 28
53 51 37 30 37 43 51 40 36 27 49 38 29 32 36 31 32 51 35 29
21 27 18 15 14 17 27 17 13 5 18 7 3 14 23 9 17 24 18 17
48 61 32 13 43 54 45 48 23 28 50 46 46 39 36 28 32 47 57 36
53 35 37 25 43 33 44 33 14 13 36 29 16 12 43 19 35 41 24 30
24 29 17 23 24 26 33 29 24 1 25 9 19 17 25 22 18 27 23 13
11 12 12 7 4 7 15 9 8 3 6 6 6 6 10 3 11 15 13 9
40 39 22 20 27 26 30 25 23 10 28 24 17 19 44 15 28 42 30 30
62 66 48 48 50 58 65 64 52 27 59 41 32 48 62 45 45 57 51 39
7 9 3 3 6 5 9 7 6 1 4 2 1 2 4 5 2 3 4 8
8 12 7 2 2 4 6 9 6 1 4 6 3 6 6 2 5 4 14 8
8 7 3 2 1 3 6 2 2 1 1 3 3 1 8 1 8 3 7 3
31 24 29 11 19 17 18 17 14 4 11 12 4 12 19 9 9 21 23 23
65 54 49 45 48 52 61 60 49 38 57 42 39 36 50 40 42 56 39 28
12 11 10 1 5 8 10 5 4 5 6 7 4 5 7 1 9 11 7 10
25 28 10 8 23 25 34 25 15 7 28 30 21 10 22 22 28 28 26 29
11 18 9 7 7 10 8 11 12 1 9 6 7 10 10 5 6 12 15 8
43 47 34 33 30 33 36 41 37 11 35 15 24 32 34 28 14 39 40 14
27 27 18 8 10 24 25 16 16 12 19 18 11 21 20 15 14 24 24 14
33 31 25 18 19 18 36 23 12 8 23 7 7 16 27 8 24 34 25 24
57 44 49 32 44 44 43 38 30 27 41 31 17 33 40 28 34 39 30 34
80 81 60 37 67 62 68 57 52 45 68 49 48 53 59 41 53 78 67 64
36 40 31 12 21 29 44 35 17 22 34 27 24 25 12 19 26 36 35 25
78 69 60 36 61 47 73 61 38 40 64 44 42 46 51 28 56 71 60 58
37 37 25 15 26 25 23 32 19 11 31 20 30 25 24 11 19 32 44 22
60 53 40 33 55 47 57 53 47 19 57 40 43 28 50 48 35 52 40 43
27 18 18 24 20 21 35 20 16 10 22 10 10 10 29 11 24 22 13 14
66 68 58 37 51 47 51 53 34 21 52 42 29 50 52 31 18 61 62 51
18 25 17 4 17 11 12 19 10 6 15 11 13 15 14 4 5 18 33 20
51 60 37 39 47 42 53 50 38 14 50 30 34 37 47 34 36 56 50 39
21 16 13 12 16 14 26 13 13 4 16 13 12 4 17 13 14 19 12 15
37 32 36 25 26 22 27 34 21 12 20 20 17 20 25 15 16 34 29 12
74 65 64 25 60 47 75 63 35 54 66 40 47 47 26 28 66 59 58 54
13 16 4 8 16 14 19 9 13 1 15 5 5 4 15 12 1 12 11 8
50 56 41 35 56 51 50 48 25 17 47 31 26 35 56 32 38 44 43 33
35 34 27 6 25 25 29 24 8 19 26 24 24 20 19 8 26 25 36 22
27 15 16 18 16 12 30 11 17 6 20 6 8 8 22 13 13 25 11 14
54 46 36 26 46 33 49 41 22 14 37 32 22 26 44 16 34 42 43 39
52 58 36 37 34 45 40 46 47 16 49 31 34 37 52 35 18 55 45 25
39 43 27 13 34 35 40 31 23 15 36 31 16 21 26 28 21 42 22 31
68 70 52 39 54 63 60 62 46 33 65 49 44 53 68 31 35 64 62 39
53 61 35 29 52 43 50 43 19 14 50 41 45 25 49 30 45 57 54 47
66 50 46 24 48 33 45 39 36 24 43 32 24 32 43 17 29 45 49 51
78 69 63 31 63 53 60 52 27 32 59 39 26 49 58 24 40 58 53 56
47 36 36 31 37 38 54 27 27 21 45 14 29 22 39 24 38 39 36 27
65 70 48 34 52 60 54 59 41 22 59 41 41 44 58 35 30 64 59 40
36 33 31 15 35 22 27 23 11 9 24 15 8 14 28 19 9 33 29 26
57 47 45 15 42 32 33 34 20 19 38 31 26 26 33 14 23 46 38 37
48 35 35 14 32 31 39 25 13 27 32 25 32 21 24 17 35 36 31 29
28 27 13 1 20 24 16 11 5 12 19 19 16 14 21 8 18 21 22 18
41 41 29 1 35 30 25 36 14 16 32 35 31 17 23 16 16 33 37 34
12 5 7 1 4 9 13 1 3 1 3 9 2 1 7 3 8 7 4 12
23 15 18 14 7 17 18 14 16 6 10 12 10 13 14 10 10 15 17 9
52 42 36 36 48 51 64 37 36 24 51 30 29 25 50 37 49 43 31 35
62 48 45 8 34 29 37 34 21 21 38 28 18 28 30 11 30 40 40 48
31 18 19 14 18 18 25 9 10 8 14 11 14 8 23 9 20 17 15 16
34 34 23 7 26 20 23 18 8 6 19 16 12 14 26 8 15 32 27 26
9 14 9 8 7 6 9 11 14 1 8 6 1 6 11 6 5 12 8 8
20 22 13 1 12 11 8 8 1 1 9 5 7 7 17 1 6 17 19 13
73 69 58 19 52 61 66 56 36 46 61 55 41 55 37 30 56 52 69 48
12 10 9 1 4 6 6 7 5 1 1 4 1 7 2 2 4 6 8 10
28 24 19 10 16 18 25 9 11 5 17 11 12 9 22 7 16 25 20 22
7 6 7 3 5 3 7 4 3 4 4 2 4 1 4 2 6 10 3 5
43 41 38 8 27 17 27 28 11 15 23 20 5 31 19 10 13 32 44 40
66 63 40 19 45 45 58 49 36 33 61 38 35 44 54 19 43 57 52 53
55 57 53 32 45 40 40 56 40 29 42 35 19 37 33 22 27 42 43 25
17 15 10 9 13 15 22 8 8 4 13 10 5 7 17 10 16 14 11 14
15 11 6 11 7 6 15 7 9 1 11 5 9 4 14 7 10 12 10 4
26 26 23 15 26 25 39 22 12 10 25 22 12 10 22 23 21 27 27 27
57 54 50 24 39 41 38 44 29 23 38 40 28 37 40 30 19 52 54 38
33 18 27 12 14 14 28 13 6 15 15 7 12 14 18 5 23 19 22 22
41 34 28 24 35 33 41 36 32 9 32 23 16 18 35 28 18 32 23 28
16 5 10 2 5 2 8 4 4 2 4 7 8 1 9 1 8 10 8 4
7 8 8 1 1 5 12 6 4 6 4 3 4 8 4 1 6 7 14 8
72 68 59 27 49 45 64 56 36 33 62 38 26 44 37 29 46 65 45 55
39 35 25 9 30 26 36 29 14 19 28 25 26 18 26 17 32 39 29 27
21 15 15 11 5 13 18 15 18 5 13 12 8 12 9 12 3 16 15 9
76 58 61 33 57 55 53 47 16 25 52 46 35 40 57 22 38 62 50 43
10 10 7 4 4 5 11 9 7 1 4 1 5 6 5 3 6 6 13 6
10 8 5 1 1 5 13 1 1 2 6 5 2 3 10 1 11 10 9 9
69 61 54 18 47 51 57 39 13 43 57 42 41 45 41 26 46 63 51 51
79 63 52 32 55 55 65 45 48 45 66 42 39 47 65 35 56 61 47 59
28 13 22 4 11 14 25 6 4 6 10 12 5 4 17 4 16 18 16 22
60 56 48 43 45 49 55 55 43 25 53 27 35 40 41 33 39 50 40 24
42 41 34 19 31 30 39 32 17 11 31 21 19 24 26 22 22 35 44 31
30 24 23 14 21 18 35 22 14 6 21 13 6 12 19 11 20 23 22 25
65 67 49 46 58 53 62 61 53 19 55 38 43 38 67 43 39 67 52 50
37 27 31 18 18 18 32 16 18 26 26 11 24 18 19 9 30 39 22 26
48 46 45 21 46 36 43 43 16 15 31 37 15 28 33 22 32 27 50 46
36 28 32 3 18 9 21 21 5 15 16 11 11 18 10 5 12 26 33 32
50 49 40 16 37 37 43 30 15 24 45 21 29 24 31 16 24 55 34 30
58 56 48 15 34 42 37 40 26 25 41 41 24 33 31 25 24 50 46 42
73 54 64 44 44 50 65 45 35 38 52 34 25 46 52 33 47 58 42 43
7 10 7 5 5 5 9 7 10 1 6 5 1 4 7 5 5 8 5 5
23 25 16 9 18 15 22 16 10 2 13 9 3 10 20 11 14 24 14 21
58 48 45 22 33 23 45 38 29 29 39 27 31 32 35 15 41 52 49 50
56 39 35 17 37 29 41 22 33 23 41 25 23 20 37 22 26 38 26 39
15 11 10 4 5 8 10 5 5 3 5 9 4 6 10 1 12 10 7 12
39 35 29 27 34 34 33 28 19 16 34 16 20 24 43 15 24 29 25 19
23 26 20 6 20 15 20 19 8 1 13 13 4 6 15 11 11 21 18 19
59 54 47 21 48 45 54 51 38 32 52 42 29 39 31 21 42 36 57 38
14 18 9 5 14 19 23 19 7 1 19 24 17 1 14 16 21 17 18 20
30 29 23 16 18 24 41 25 17 13 28 21 23 17 21 16 31 30 35 28
55 36 45 33 32 31 53 30 32 26 42 23 23 24 35 29 32 51 33 36
74 67 61 25 57 61 56 56 32 35 59 55 44 39 47 44 40 68 55 50
55 40 41 30 39 36 45 38 37 23 42 33 9 32 32 22 36 31 31 37
2 7 1 2 1 1 2 5 8 1 2 1 1 1 2 1 1 4 4 1
16 12 7 7 8 10 20 8 4 3 8 7 14 4 14 4 14 11 17 12
8 15 4 3 5 11 6 3 7 1 8 9 7 6 14 2 9 11 9 7
19 13 12 11 9 6 14 7 8 4 10 2 9 1 15 3 15 18 9 10
60 51 45 20 50 35 43 46 31 31 46 39 36 28 34 18 42 46 49 38
11 16 4 3 3 7 7 8 11 1 7 12 5 6 12 3 7 8 12 12
21 26 10 8 9 14 10 18 21 1 15 15 5 13 18 8 8 15 20 17
56 61 38 23 51 50 56 50 34 18 53 43 33 27 50 41 32 62 43 47
18 18 12 6 7 13 18 6 5 6 11 8 11 11 18 1 14 18 19 15
38 39 31 9 32 32 35 32 15 12 30 36 17 18 18 18 31 28 31 32
32 33 26 18 23 20 27 36 22 4 21 24 16 19 21 16 20 28 35 27
15 19 13 1 10 8 11 13 7 8 10 12 7 9 5 1 7 10 22 13
50 49 35 23 41 41 39 31 28 16 44 25 28 30 48 26 25 53 37 36
46 44 42 8 30 30 45 38 22 25 33 31 14 35 17 8 39 29 50 46
26 29 14 17 22 19 25 25 21 4 25 12 20 10 25 14 14 32 23 10
34 31 22 7 18 17 18 20 6 12 19 19 17 13 22 5 25 29 24 21
