1000 20 11 2235
4 9 1 2 2 8 5 8 13 8 11
0 5 3 0 5 4 4 1 2 5 4
10 6 15 0 4 0 2 2 2 5 7
4 3 8 16 3 0 2 6 2 3 5
10 3 5 5 2 15 7 21 2 18 14
14 4 0 3 1 6 14 9 14 12 7
4 0 7 9 12 5 5 19 1 3 6
4 10 5 3 1 14 8 19 8 10 4
8 22 15 2 18 8 6 11 2 5 4
15 2 0 5 3 4 21 2 10 12 6
9 1 0 1 4 1 5 5 6 10 0
6 2 2 4 8 2 6 2 4 3 1
17 1 7 4 26 7 1 2 4 15 10
10 5 0 4 2 6 7 4 2 7 8
4 6 1 3 2 7 2 11 10 5 3
0 5 7 1 4 7 4 3 2 10 5
2 3 13 12 3 9 1 6 7 2 5
2 14 10 13 5 0 10 5 8 16 9
18 5 12 4 2 14 14 4 24 2 0
9 11 8 6 7 1 6 12 7 3 7
11 1 9 10 2 1 2 0 3 0 5
2 2 2 7 5 0 1 4 1 5 3
2 0 1 1 2 2 4 5 6 3 2
3 1 9 6 3 7 9 12 1 6 4
1 2 4 0 2 9 2 7 5 10 3
4 3 7 2 15 11 16 2 27 11 1
7 17 6 14 1 17 11 16 7 6 5
11 2 8 2 16 16 7 6 3 10 23
14 5 0 2 17 5 8 5 16 4 11
5 12 6 5 3 4 1 9 2 6 0
0 2 8 27 4 17 5 3 8 2 14
5 2 4 5 2 6 0 2 0 1 1
11 3 3 8 1 4 1 1 6 8 14
5 4 1 1 1 9 0 1 3 4 1
2 2 0 4 25 19 6 10 0 10 7
6 2 5 4 4 8 5 7 0 2 3
3 7 1 7 14 7 12 1 10 5 14
2 7 1 7 1 2 4 0 1 6 1
12 0 0 12 2 3 2 2 4 8 14
6 4 5 3 3 9 1 12 4 9 2
4 9 2 5 3 3 0 3 4 0 7
5 3 2 7 4 11 9 11 11 10 16
5 5 2 0 1 6 1 7 2 1 1
2 2 2 6 10 14 7 7 2 2 9
5 19 3 15 2 6 0 23 6 7 17
12 8 10 2 6 7 3 5 3 13 8
7 7 0 3 18 2 15 9 8 6 2
2 1 5 5 4 3 0 2 6 2 3
3 6 0 1 5 5 10 1 6 7 3
4 3 4 4 3 4 3 1 2 3 1
6 8 1 9 1 7 8 7 11 6 6
8 3 0 7 2 5 4 2 2 1 0
2 13 5 5 8 2 2 1 3 1 4
12 11 5 5 8 14 8 14 8 11 7
1 10 5 0 0 8 11 5 11 3 0
12 8 19 11 7 2 0 1 1 17 19
3 0 4 0 4 3 5 1 8 4 0
6 13 8 6 2 1 4 1 2 9 4
8 10 13 9 5 5 16 2 3 5 5
1 0 8 8 10 7 0 8 1 3 1
5 3 12 12 10 3 8 16 1 10 19
6 9 7 8 0 6 16 22 7 11 11
4 1 2 13 17 7 6 18 4 6 17
3 18 6 1 1 2 5 4 6 0 1
9 0 4 3 15 4 8 9 2 1 2
2 0 1 5 10 2 5 1 14 7 2
6 5 4 11 0 2 1 5 12 5 6
10 6 3 6 2 2 5 1 3 5 10
2 2 14 8 8 5 6 7 10 2 0
9 2 2 4 1 3 3 5 4 5 0
6 7 6 4 11 1 9 5 4 9 15
6 7 3 10 12 3 11 1 1 0 2
6 0 13 0 1 0 5 8 11 2 5
4 3 3 3 5 4 1 6 7 9 6
2 6 4 7 4 1 13 6 0 6 2
11 1 8 15 5 7 9 3 7 2 11
1 0 1 1 2 0 4 2 2 4 7
7 7 6 6 6 2 3 8 1 2 10
5 7 5 13 5 7 0 0 3 2 5
7 4 1 1 3 1 0 1 3 6 2
3 5 1 2 1 1 16 5 1 0 6
11 6 1 3 11 2 9 3 9 14 2
7 11 7 2 10 16 9 5 8 4 7
16 3 14 7 9 12 12 2 2 16 8
6 3 6 10 4 6 7 0 5 2 4
14 1 2 4 6 7 3 4 8 2 5
24 7 17 2 1 10 8 1 16 8 4
4 3 0 2 4 4 7 3 3 15 5
1 1 5 8 3 1 0 5 10 0 1
6 1 2 3 0 2 2 3 8 2 1
12 15 5 9 13 6 13 15 12 11 1
1 4 3 19 13 12 3 5 7 16 7
1 1 12 6 7 1 4 3 3 11 3
1 1 3 1 15 3 1 2 14 11 7
11 5 5 3 13 19 5 17 6 1 12
8 1 2 1 6 4 3 2 0 6 1
3 4 3 7 8 8 3 2 9 3 17
2 0 12 2 5 2 17 0 1 8 6
1 4 0 4 6 8 3 1 6 5 7
6 2 7 1 7 8 2 5 3 7 4
4 5 15 10 19 7 12 13 5 17 14
21 6 3 4 4 7 14 7 3 4 8
1 7 3 3 4 8 1 2 1 3 2
4 14 2 1 1 7 5 6 15 7 7
16 9 0 1 7 2 10 8 9 1 2
1 2 4 0 0 5 2 2 3 2 9
8 1 3 5 1 5 2 1 2 5 2
7 9 2 11 5 9 9 7 7 4 8
1 4 1 3 10 2 8 5 11 3 8
10 6 3 2 10 2 7 5 6 9 14
2 1 9 4 16 9 13 4 6 2 1
12 8 4 7 4 13 4 4 12 1 14
1 2 4 1 11 6 0 4 1 2 0
5 6 12 2 3 10 4 2 7 6 2
4 6 4 5 0 1 4 4 2 7 1
0 0 0 10 9 9 0 3 4 2 2
4 7 19 6 23 18 0 4 2 1 16
13 11 3 4 3 4 16 2 5 11 6
2 2 7 27 6 3 19 0 4 15 11
6 2 14 13 24 6 12 5 13 2 3
13 17 14 5 9 14 3 2 14 13 14
9 15 18 1 15 10 12 4 11 4 5
8 0 1 12 1 4 10 15 12 1 4
14 4 11 5 0 7 11 1 8 15 4
0 1 8 8 1 2 8 0 4 2 1
5 9 9 4 14 5 12 12 3 4 21
3 10 4 4 6 5 3 9 0 1 2
5 8 18 3 3 14 5 14 12 8 12
5 5 4 3 3 0 2 2 1 2 6
2 4 1 2 5 14 10 2 2 8 7
3 15 10 2 1 6 9 5 8 8 7
9 19 15 13 4 4 13 2 2 8 21
4 8 5 5 5 2 5 2 3 0 6
9 5 1 3 4 7 3 0 3 6 4
10 8 11 3 11 2 7 13 8 12 0
1 5 0 1 4 1 4 3 3 9 14
0 4 0 4 7 1 5 2 1 0 3
9 2 1 7 8 14 2 6 7 13 0
3 11 4 8 3 8 16 4 12 21 2
11 7 7 5 3 3 9 1 4 6 5
0 10 32 19 3 4 2 7 7 1 4
5 6 3 0 3 5 7 2 8 1 2
6 5 3 10 8 3 12 0 6 3 4
4 8 10 11 16 6 4 13 2 8 22
3 6 0 4 5 10 10 12 15 7 3
16 10 11 1 9 10 7 3 6 10 0
15 3 2 22 1 4 3 16 10 2 4
6 7 8 6 3 10 11 0 5 4 6
7 11 0 12 7 9 17 12 6 21 11
5 4 5 0 0 7 2 3 3 1 2
5 4 11 0 8 10 0 4 10 7 6
12 5 10 2 6 1 2 13 23 2 9
11 2 13 3 8 11 6 3 5 9 7
5 1 7 4 2 1 3 9 7 6 1
2 2 1 6 2 5 3 0 4 0 3
10 3 3 7 2 4 0 5 1 11 6
11 11 7 1 3 9 8 6 13 14 1
0 10 16 0 1 9 4 14 6 1 1
5 6 2 7 2 5 1 4 9 2 5
14 7 1 14 12 2 16 4 18 6 15
16 2 2 19 2 2 2 8 9 1 9
3 19 15 5 3 11 0 1 12 21 9
1 8 13 0 4 2 4 4 29 7 8
2 6 3 1 13 1 5 5 2 6 11
6 18 5 1 4 20 2 6 4 16 14
8 2 5 0 1 0 4 2 2 1 4
7 11 5 8 1 11 4 2 9 14 4
7 2 1 0 4 9 4 6 10 6 2
8 2 17 5 6 5 0 13 1 14 3
2 15 4 2 6 3 15 2 5 1 16
4 6 4 6 6 3 7 2 12 2 2
13 13 8 5 8 15 8 6 8 13 2
7 4 3 2 8 3 2 5 10 14 5
3 12 8 4 16 1 5 1 9 21 3
3 6 13 11 8 4 2 9 8 7 2
6 0 7 4 6 14 4 21 10 3 23
2 7 0 14 3 8 3 6 2 13 10
15 1 9 15 8 5 9 7 18 9 9
3 3 0 6 23 9 11 7 1 7 5
4 3 2 3 4 4 3 8 4 1 1
5 20 17 7 16 2 2 4 8 5 10
8 14 1 3 1 4 10 5 4 1 6
4 6 17 4 5 8 8 5 5 4 12
17 21 4 7 8 3 6 4 10 7 6
10 6 17 0 5 7 17 2 12 3 7
0 1 4 4 9 0 1 6 2 2 10
5 4 6 15 2 2 11 2 2 2 2
2 9 3 1 2 13 5 4 1 4 6
6 29 1 4 13 11 6 4 4 8 4
10 6 0 7 9 2 8 8 2 5 6
2 5 7 3 9 1 3 1 2 6 0
0 6 6 5 14 1 1 4 4 6 3
8 9 11 11 22 1 19 11 6 7 4
10 17 2 3 6 6 6 7 10 7 8
1 1 4 17 6 2 1 16 6 23 7
7 4 2 8 0 1 12 12 10 5 14
6 6 3 6 5 3 2 0 0 2 7
3 28 4 4 0 8 19 0 11 9 7
2 10 5 7 7 21 19 10 5 4 13
3 8 2 8 3 1 1 1 3 1 4
6 8 3 2 1 6 2 1 4 11 5
3 10 4 4 0 1 3 10 1 2 2
5 5 4 8 8 2 4 11 5 6 2
6 14 8 2 12 11 6 3 18 1 9
10 3 5 23 15 6 3 9 2 10 9
10 18 1 9 5 24 7 17 4 8 4
8 9 9 11 1 4 0 9 16 2 8
10 8 4 1 1 8 5 1 3 12 9
6 4 4 3 5 8 18 0 18 14 13
1 9 2 11 20 13 2 1 3 2 1
6 18 14 7 6 14 11 4 9 11 5
6 6 4 2 1 0 4 4 4 2 7
11 5 2 9 6 1 13 9 12 13 8
2 7 0 6 3 2 1 5 6 3 6
3 3 9 17 3 1 6 11 0 26 3
12 6 8 6 3 1 1 1 16 0 4
3 0 5 2 4 0 6 5 9 4 7
3 3 13 6 22 9 9 16 4 4 6
17 5 4 14 11 3 11 6 3 11 6
0 2 2 11 3 2 3 15 4 1 13
5 4 6 2 3 11 3 5 0 9 2
3 3 1 5 2 6 2 3 5 4 11
4 1 1 2 11 8 6 0 14 9 1
3 21 2 11 19 8 7 4 1 6 17
2 4 4 4 12 1 5 2 19 1 4
3 15 5 3 6 10 4 5 10 9 1
15 4 11 11 1 7 7 8 6 3 19
5 8 5 8 0 2 5 2 3 19 2
1 5 12 2 1 6 6 12 1 5 1
1 4 8 2 1 1 0 4 1 0 1
10 7 3 7 1 7 2 9 3 5 3
4 9 8 1 10 4 3 11 20 2 2
2 2 4 7 8 7 12 1 15 0 10
2 1 6 3 2 2 4 2 4 0 5
17 3 6 5 11 5 9 9 11 3 28
2 4 3 2 1 5 1 6 6 1 0
7 1 2 0 1 3 2 2 6 2 5
1 0 8 6 0 4 4 0 2 10 3
10 0 6 3 3 3 21 4 4 3 2
3 4 11 2 5 3 1 5 3 2 2
11 9 7 6 8 6 10 5 9 4 9
0 1 2 8 8 7 1 3 4 3 2
0 2 4 8 5 9 8 5 7 2 3
2 3 5 2 2 4 2 4 1 0 7
12 8 9 4 5 4 6 7 3 1 14
4 6 11 6 9 7 4 6 6 9 2
6 14 1 5 2 8 0 14 10 10 11
5 13 10 1 11 2 9 3 1 1 12
6 4 8 14 6 2 0 0 10 5 1
8 12 5 4 2 6 6 6 4 4 1
4 13 2 3 0 7 13 4 12 8 15
12 2 1 5 1 26 17 14 1 7 8
7 9 7 2 2 1 2 1 5 0 4
2 1 3 3 7 11 9 6 7 17 8
7 2 2 1 8 5 1 2 3 3 5
1 2 3 5 3 2 6 7 4 4 0
10 6 4 3 14 12 5 11 0 4 4
14 0 9 16 14 18 9 1 7 15 7
19 8 1 14 18 3 14 13 4 13 4
6 1 4 1 4 6 9 9 5 4 1
10 17 1 14 8 7 1 5 2 6 11
2 4 17 4 17 12 4 6 12 3 20
2 22 5 10 9 9 11 18 7 12 3
2 1 3 20 3 12 21 4 8 0 4
3 7 2 3 2 13 16 14 11 10 2
7 7 1 4 5 8 0 20 7 7 6
3 10 5 10 7 18 0 15 13 9 4
4 9 6 6 6 2 1 3 3 7 3
3 6 15 20 13 7 6 1 7 5 10
16 4 9 6 13 6 4 11 2 3 4
0 5 2 3 10 3 1 4 2 6 7
5 2 2 3 7 3 1 0 0 0 2
4 8 7 2 9 17 5 3 5 9 1
12 6 2 10 1 5 3 5 2 5 4
6 6 4 5 19 10 1 6 2 3 27
7 12 5 1 6 1 2 6 4 10 18
10 4 3 2 11 0 11 8 16 7 1
2 10 1 3 8 8 6 6 14 16 7
3 1 2 6 3 8 1 2 2 6 2
0 1 23 5 8 5 8 13 1 11 16
13 17 10 20 0 9 3 15 13 4 11
1 5 0 5 15 13 0 3 1 30 1
3 1 4 17 3 9 18 4 15 11 1
4 10 7 6 2 4 4 12 10 4 4
3 7 11 11 4 14 22 5 10 14 9
8 4 5 3 2 16 2 4 9 13 9
8 1 1 4 17 6 5 2 8 3 4
9 5 1 4 1 5 0 1 1 1 1
9 7 9 14 4 7 6 8 2 2 14
8 12 26 10 4 11 4 11 10 14 3
11 10 6 3 5 15 5 6 7 0 17
3 17 9 7 20 5 21 2 9 2 1
2 24 10 9 3 19 4 5 6 3 3
4 3 0 9 1 1 3 8 3 2 4
4 3 4 1 5 2 1 1 1 6 6
5 13 1 7 0 6 0 4 10 6 7
2 5 3 8 4 2 1 4 3 7 0
7 15 12 7 7 15 8 5 5 11 1
3 17 17 7 7 5 17 9 2 5 5
4 1 5 1 8 2 5 2 4 1 0
6 22 5 9 3 14 6 18 2 11 1
3 0 3 12 11 19 8 1 6 5 9
4 3 5 9 7 7 3 4 9 4 0
3 2 5 15 18 8 22 14 2 11 6
10 5 4 7 7 1 8 18 20 6 1
3 1 3 6 6 3 3 2 3 4 3
1 1 2 1 4 4 3 4 1 0 6
3 12 6 18 14 1 4 0 21 10 9
1 0 1 10 3 9 0 1 6 9 1
4 12 10 7 8 0 5 2 1 8 7
12 14 9 10 4 2 14 8 23 15 1
8 14 7 3 6 4 1 19 12 3 5
9 6 1 7 3 6 9 0 1 4 5
3 5 6 1 8 1 4 5 3 11 2
9 8 7 3 2 2 8 3 5 7 3
1 3 15 7 14 29 6 1 11 6 9
5 2 6 1 7 6 1 6 1 0 1
13 13 7 4 6 5 19 0 5 13 6
12 4 11 11 18 21 12 3 13 6 8
8 7 10 9 7 8 1 2 7 0 4
1 2 6 0 0 2 2 7 4 5 2
6 7 5 6 9 7 4 13 24 3 12
1 17 1 13 1 4 14 3 16 10 9
13 9 2 8 20 11 11 12 1 8 17
6 9 11 10 4 4 13 12 7 6 12
1 5 7 5 7 4 4 3 7 4 4
1 16 8 1 1 15 6 1 1 5 6
1 1 6 10 8 3 10 21 2 8 1
7 8 1 6 0 5 10 15 0 5 4
9 1 8 2 5 2 8 6 7 5 3
2 2 6 3 14 22 7 0 4 9 21
3 21 15 1 1 9 12 7 13 5 14
0 1 4 2 4 2 7 1 1 2 6
2 8 7 2 7 6 8 2 5 6 1
9 4 6 3 4 1 4 3 2 4 3
2 13 12 23 0 8 6 9 12 12 2
17 2 13 8 8 0 9 5 14 0 13
7 2 4 6 11 10 1 3 0 3 1
2 4 4 6 3 2 1 0 15 3 9
19 15 7 2 6 7 13 1 22 0 12
3 5 7 5 0 0 1 2 3 3 0
14 3 2 7 7 4 3 2 0 12 8
3 5 3 8 5 2 4 7 3 2 7
17 3 1 25 8 3 14 1 0 2 19
4 6 6 1 4 3 2 3 2 8 10
7 2 13 5 3 9 9 5 4 10 12
7 6 17 5 0 6 6 12 16 8 20
2 1 2 1 4 0 2 9 8 3 1
1 2 0 1 1 4 4 1 3 0 10
4 7 5 1 13 5 6 16 3 4 3
6 16 11 5 4 5 1 11 2 7 11
1 1 3 1 0 2 4 8 2 0 10
8 3 3 1 7 2 3 4 9 10 10
9 13 13 4 6 1 8 10 10 10 11
2 3 1 6 7 9 5 8 6 7 2
0 4 6 9 1 5 2 4 2 1 5
9 1 3 2 9 1 1 2 2 5 6
15 0 3 4 2 3 6 16 1 1 9
4 3 1 6 4 5 1 2 5 1 10
6 8 0 1 4 2 7 10 4 4 1
7 2 10 1 17 13 12 19 15 1 11
9 3 1 7 3 1 2 7 2 7 6
2 5 7 3 10 2 1 7 2 8 9
10 8 10 8 3 9 7 6 1 4 2
4 0 7 2 1 14 9 15 10 2 7
3 2 2 12 10 13 10 3 14 10 6
2 1 8 1 4 2 1 4 9 21 6
1 9 11 11 3 7 15 5 7 2 2
6 5 14 7 11 1 4 3 1 15 13
7 3 8 1 6 1 2 2 1 3 8
4 3 4 1 0 5 5 1 4 0 4
1 4 3 7 12 1 5 7 10 3 8
0 5 10 4 2 7 10 9 0 6 10
8 4 4 0 13 1 3 6 1 4 3
21 3 6 6 6 11 17 11 1 9 14
4 6 4 8 2 12 8 4 2 4 4
4 16 3 18 14 3 12 5 5 2 1
7 3 6 8 5 11 2 11 2 0 8
4 11 4 4 3 1 3 7 3 6 3
6 10 3 21 6 7 1 13 5 1 16
2 6 3 2 2 4 6 1 4 2 1
8 14 20 1 1 15 1 5 11 6 11
22 4 5 1 1 1 7 4 13 8 11
11 21 22 1 2 8 0 8 10 3 12
4 3 6 11 11 3 8 20 1 19 4
3 3 17 7 28 4 3 9 9 2 9
15 1 10 2 2 5 0 2 9 17 0
1 3 1 23 1 2 3 10 17 1 8
23 11 4 3 4 6 1 2 6 4 8
4 3 3 2 2 2 7 8 2 12 0
5 7 12 14 5 7 9 14 1 2 4
23 9 9 4 1 2 7 2 3 7 17
1 0 7 3 6 4 3 4 0 9 1
16 2 10 1 10 24 5 15 9 2 5
6 9 2 5 8 6 4 4 1 1 0
8 5 4 14 0 0 8 10 2 12 3
8 6 0 9 4 1 4 8 1 7 0
7 17 7 9 8 10 7 6 10 4 3
2 0 9 5 0 4 11 10 2 3 11
6 7 4 16 11 1 10 9 7 3 10
3 1 5 3 2 7 4 7 1 3 5
11 9 4 2 13 7 4 4 8 11 3
1 0 1 7 3 10 4 0 5 9 5
2 6 1 4 9 5 9 8 11 1 5
11 1 0 2 7 9 14 13 5 8 2
3 11 16 13 9 3 3 8 7 16 15
1 3 9 0 5 6 4 1 3 5 1
2 6 14 3 4 14 8 3 14 8 1
2 6 2 4 1 1 1 15 6 0 6
5 18 4 9 2 0 4 11 5 13 8
6 19 5 0 11 1 23 4 2 16 6
9 22 7 0 7 17 4 8 8 1 13
2 5 20 6 7 12 10 3 12 9 24
0 2 3 9 3 6 3 4 8 8 7
14 8 9 5 3 8 1 5 2 14 0
0 14 1 1 4 8 7 5 8 15 3
1 6 5 4 2 1 3 3 4 3 1
4 7 4 3 2 3 5 4 14 3 9
12 3 2 10 16 8 1 3 2 10 2
8 4 9 3 4 1 10 18 5 7 17
1 1 9 0 1 5 1 2 4 0 4
19 22 7 2 2 14 1 4 4 13 4
1 4 2 7 16 1 7 0 5 9 11
4 7 7 6 18 13 9 3 14 9 10
10 15 1 10 5 15 2 0 22 9 6
10 5 1 3 1 3 8 11 0 10 8
2 7 0 2 6 1 2 19 2 6 11
2 7 3 6 1 10 0 9 0 5 5
9 2 3 3 4 11 5 4 4 6 5
4 0 1 1 2 2 1 7 3 8 3
13 24 16 5 13 9 0 3 6 15 7
13 2 5 0 2 10 21 5 9 11 5
3 4 4 8 7 4 0 4 3 3 14
1 1 5 2 4 5 1 5 5 0 0
11 22 6 10 0 4 2 7 11 11 15
3 9 6 3 2 14 13 4 2 9 7
1 3 6 2 3 1 7 1 4 6 1
2 2 1 2 5 1 6 3 4 6 0
4 11 7 14 4 25 13 6 4 8 5
5 13 6 6 5 2 7 6 7 2 2
1 16 3 3 29 7 5 1 15 12 1
8 2 3 0 3 1 2 9 4 6 6
13 14 1 3 0 6 7 11 14 1 2
22 3 11 15 4 6 21 8 1 6 0
7 8 24 13 9 3 2 7 16 3 7
3 2 3 7 5 1 2 2 0 2 1
0 15 7 11 1 7 13 7 14 25 5
6 3 4 4 5 0 8 10 5 11 6
7 5 2 1 2 2 1 2 5 6 4
8 4 6 4 3 10 10 3 2 0 7
1 3 1 5 7 4 2 1 9 0 1
4 2 12 3 3 23 7 6 10 1 0
6 7 2 6 2 2 4 2 0 3 1
18 8 15 1 2 0 9 10 6 11 11
4 7 7 10 5 3 5 8 12 4 6
3 3 5 1 6 3 0 0 3 5 9
7 12 3 2 6 8 10 2 1 4 6
7 0 13 15 6 4 10 1 3 26 9
3 1 0 6 1 4 2 1 2 6 3
1 14 1 17 2 12 2 17 11 7 12
0 1 3 1 7 6 0 2 1 5 6
8 13 1 8 3 1 8 1 0 1 1
7 5 2 0 7 5 10 0 3 5 6
12 12 1 4 20 14 4 10 11 7 9
4 2 11 13 6 1 1 0 3 4 11
21 4 3 5 3 16 6 1 9 4 18
13 12 1 6 2 12 4 11 12 3 6
14 9 3 6 9 15 5 12 10 12 14
8 10 8 9 2 15 1 11 18 20 12
8 3 11 8 9 0 12 8 3 6 2
8 5 3 4 1 5 3 4 4 3 4
10 1 5 2 2 4 4 1 1 2 0
16 1 1 21 0 9 3 4 9 2 3
7 7 6 1 20 16 11 8 5 6 12
8 5 1 4 5 17 9 11 12 15 0
1 10 9 6 10 17 5 19 7 5 6
7 22 9 3 20 6 2 14 10 4 12
6 10 2 0 11 1 12 6 15 7 10
1 8 4 2 1 1 0 3 0 5 1
2 11 1 2 3 5 5 7 7 3 3
11 10 21 5 16 1 8 2 7 4 4
15 19 11 8 8 4 16 14 12 5 3
4 4 14 6 11 2 0 3 2 5 5
6 5 15 3 22 16 2 4 5 19 7
1 1 1 3 0 0 1 10 2 5 2
0 4 1 6 1 13 3 8 4 9 5
8 3 0 20 7 4 11 17 3 3 11
2 3 15 8 2 4 11 2 14 11 11
6 4 16 19 14 9 8 7 13 9 6
18 7 5 1 6 5 7 2 11 9 3
2 1 5 0 4 9 7 6 0 4 1
2 2 10 1 6 17 6 4 5 13 2
1 17 5 3 2 14 14 0 3 20 15
1 5 0 2 3 1 7 8 3 6 1
6 11 6 1 10 1 5 0 3 1 7
1 8 6 16 0 16 4 7 10 4 8
1 3 2 8 6 2 7 1 2 0 4
4 2 4 2 14 8 2 5 2 5 0
3 14 9 2 7 11 4 0 1 8 0
5 13 13 0 21 8 7 5 16 1 11
5 5 6 0 3 0 8 4 13 2 3
20 15 1 0 11 8 4 20 2 1 16
6 3 1 6 4 6 6 3 0 3 5
4 7 6 14 12 7 10 17 4 1 2
24 11 5 20 1 5 2 10 17 2 5
7 10 8 13 6 3 5 15 7 3 18
2 9 8 16 11 2 11 4 7 10 11
1 8 7 2 4 4 17 2 13 3 1
1 4 6 5 10 2 4 2 0 4 6
4 6 7 14 5 1 1 3 12 6 6
1 12 6 3 2 1 3 14 4 8 12
2 5 3 1 1 5 3 2 8 1 3
4 4 1 6 12 12 2 4 2 14 0
1 17 2 3 5 2 7 3 20 6 14
10 6 8 7 21 27 6 3 7 6 4
2 10 10 7 1 13 4 11 1 2 6
2 7 7 8 12 11 4 8 3 16 1
2 16 1 6 1 3 3 4 5 17 1
5 7 2 6 4 0 9 2 4 8 5
3 5 8 4 3 7 8 0 1 5 2
2 9 2 12 12 25 0 4 4 16 6
8 6 9 2 13 3 17 15 4 7 19
11 12 12 14 9 1 6 5 3 14 13
2 12 3 7 1 10 12 6 11 15 16
11 10 2 4 16 13 3 1 4 10 4
1 5 2 0 1 2 0 6 5 8 13
2 0 8 17 4 2 8 14 3 20 9
2 5 5 24 8 6 7 3 13 11 2
6 1 5 3 2 1 4 0 3 1 4
1 3 6 4 7 11 1 4 5 1 4
2 1 18 2 4 0 4 2 4 12 6
2 20 1 4 13 6 3 2 12 11 13
12 3 4 1 8 7 4 2 8 2 0
2 4 1 0 1 2 10 2 6 4 3
11 17 1 1 2 3 4 8 1 7 4
13 4 2 6 2 3 4 1 20 1 13
3 4 4 10 8 5 0 5 6 0 2
11 5 3 2 3 4 3 3 5 2 11
9 1 1 1 1 2 3 0 13 1 4
22 14 4 6 15 5 6 10 3 10 18
4 2 11 4 5 2 1 6 1 11 4
4 16 0 13 8 18 3 4 10 3 19
18 7 10 19 3 0 4 22 5 4 1
7 6 19 1 2 6 1 4 0 15 24
1 11 2 13 9 8 9 23 5 6 1
7 1 10 3 7 6 3 6 2 7 1
11 11 5 24 7 16 3 7 8 15 8
6 6 3 16 1 2 4 7 4 0 5
6 5 6 17 20 3 7 13 20 3 2
4 4 6 7 2 8 2 0 3 3 3
9 5 10 0 5 9 5 1 7 7 4
1 2 8 5 6 4 4 4 4 1 2
13 10 6 3 14 12 7 5 10 10 15
2 0 5 9 3 10 3 2 4 1 3
10 6 11 5 7 5 2 0 2 1 3
9 8 3 3 4 5 1 2 2 2 1
4 4 6 6 12 10 0 14 16 7 12
5 1 6 1 9 1 2 5 14 3 10
11 7 0 9 2 4 4 10 5 3 2
10 11 9 8 4 4 8 0 11 5 7
2 4 8 12 8 2 7 6 3 11 3
3 0 3 1 6 6 9 6 4 2 1
0 5 2 2 2 4 6 3 6 7 4
0 1 5 2 1 1 3 3 13 1 7
13 14 1 14 8 8 11 13 8 14 3
9 7 4 21 6 1 7 6 1 2 1
11 6 9 8 11 6 12 2 2 16 4
9 6 2 12 17 5 6 14 8 1 21
3 1 1 1 1 5 1 8 8 5 2
1 4 2 4 9 7 2 7 5 1 10
2 7 11 20 10 3 5 12 2 12 13
4 3 8 2 1 7 9 6 4 3 6
16 5 15 8 13 8 12 1 13 8 15
1 10 4 4 12 1 2 9 9 9 12
22 1 7 15 9 2 5 1 2 3 17
18 20 6 9 15 6 5 8 13 1 13
9 3 14 6 1 8 2 5 4 4 7
15 2 1 6 5 3 12 5 16 6 6
7 13 7 1 1 9 5 5 3 2 9
10 3 2 16 2 4 2 7 2 22 21
3 3 11 1 1 14 7 11 18 5 3
17 1 12 1 6 2 3 7 3 5 5
19 5 4 3 10 1 20 3 1 18 7
6 1 5 1 12 22 6 12 4 10 0
5 10 6 4 6 7 1 2 2 4 2
3 13 9 3 15 3 4 2 8 5 10
24 6 7 1 1 22 5 8 1 4 5
3 3 5 2 5 4 3 4 5 3 3
26 5 8 5 15 16 5 12 4 0 3
11 2 5 11 0 4 2 2 12 11 15
19 1 17 4 10 9 5 2 2 0 5
13 11 21 12 8 15 3 8 4 13 1
5 12 0 2 8 1 6 0 1 1 12
5 1 5 1 4 8 6 6 0 6 6
27 7 2 12 2 1 2 8 9 10 10
15 15 3 11 1 15 8 9 8 11 3
12 3 0 3 2 7 9 13 3 4 1
13 1 19 4 2 2 7 7 29 3 7
5 11 7 5 0 1 7 7 0 19 3
10 5 1 3 3 1 1 3 10 7 0
11 8 5 5 1 3 4 1 10 15 0
5 2 9 1 8 0 1 5 7 3 6
2 6 16 11 2 15 2 3 7 17 17
3 27 1 5 3 4 12 0 0 8 0
8 6 1 3 0 5 1 1 7 8 0
13 4 7 0 5 2 1 4 15 10 15
16 8 4 20 11 6 7 17 6 6 3
16 9 11 6 6 4 11 0 12 25 11
19 15 8 3 13 13 4 5 6 16 8
5 2 5 3 0 2 10 10 14 9 3
0 5 0 4 1 0 6 1 4 6 1
2 5 1 4 6 0 3 5 1 2 4
4 9 4 5 9 2 11 3 10 1 1
5 1 7 3 7 6 3 3 1 3 2
1 9 9 6 3 1 4 2 0 2 4
14 9 2 6 7 3 13 1 21 8 22
3 3 11 7 1 4 1 7 1 6 6
5 9 3 3 1 1 13 1 0 6 0
3 1 6 2 0 3 5 1 2 13 3
13 6 5 22 5 13 4 1 17 0 1
3 2 1 6 5 7 5 1 2 2 2
13 1 16 13 4 1 1 9 1 0 3
4 3 14 1 3 8 20 9 8 19 3
8 2 4 3 5 3 3 6 7 3 8
5 4 7 8 2 2 9 12 9 6 9
5 2 10 3 6 19 17 7 7 6 5
0 12 9 2 3 10 9 10 2 13 9
4 9 1 7 8 5 2 11 2 6 4
2 3 5 0 9 6 4 7 5 2 4
3 2 1 5 11 2 5 7 2 4 2
3 0 19 8 1 4 7 19 5 1 8
6 15 3 2 9 13 18 1 5 2 3
5 14 21 5 11 12 3 2 4 3 0
3 13 1 5 20 7 7 1 10 5 13
0 4 1 3 6 3 9 1 5 2 0
2 8 6 6 2 4 17 9 3 7 10
8 7 8 17 6 3 2 5 3 7 7
16 18 3 0 4 10 11 4 8 3 12
7 1 1 6 9 3 3 1 7 12 5
5 4 3 4 1 1 4 1 0 5 5
4 1 12 11 4 3 0 3 3 5 14
6 6 2 14 13 5 1 4 12 5 7
1 4 8 10 11 7 10 6 3 1 15
4 7 3 5 3 6 3 6 1 1 0
10 0 20 2 9 2 10 9 16 11 13
7 9 1 4 5 7 3 4 1 5 6
6 6 7 4 6 1 1 0 2 6 5
17 4 3 3 1 0 5 2 5 7 6
7 12 10 1 0 7 4 5 3 14 5
1 4 4 3 1 10 3 13 8 14 1
4 2 2 1 7 2 3 3 5 6 2
13 0 15 4 7 4 7 7 2 2 7
13 0 2 10 11 8 8 11 5 1 1
12 6 5 5 10 14 4 6 0 2 6
4 3 1 6 3 9 7 2 11 5 11
5 2 0 4 9 3 2 1 12 9 2
5 1 3 9 1 6 1 3 6 1 1
1 2 2 2 9 1 6 1 1 5 4
1 7 15 4 10 8 4 0 4 3 2
16 13 21 7 6 15 1 6 14 9 7
1 4 20 27 8 7 2 10 3 11 2
13 15 1 5 17 13 3 12 5 3 4
10 8 6 2 7 3 4 1 2 6 3
3 22 1 1 8 11 0 7 2 6 12
3 1 13 5 8 11 10 0 0 3 7
3 2 1 4 1 0 3 4 4 8 1
4 4 9 7 3 5 13 12 11 10 9
3 4 21 2 1 15 7 18 9 4 12
11 2 4 16 12 1 8 7 4 1 12
1 4 8 2 1 17 8 5 10 0 5
5 6 5 7 6 1 8 5 1 4 4
6 3 14 2 0 3 3 7 0 1 0
2 4 2 8 5 1 3 4 9 0 5
20 0 7 2 16 3 5 2 5 4 16
7 3 1 7 9 4 0 14 5 1 15
2 4 1 9 4 2 3 2 2 3 2
12 6 7 4 3 1 5 2 6 4 4
4 6 4 1 18 1 12 10 8 12 8
8 2 2 5 8 2 1 5 0 15 2
3 3 4 10 2 0 2 1 6 4 1
1 2 4 3 1 0 2 3 2 6 4
6 3 9 0 9 13 2 6 6 4 16
14 3 13 18 9 7 19 3 3 11 10
4 2 3 2 8 4 8 12 2 5 15
6 15 6 6 8 10 8 5 1 6 4
2 3 1 2 12 2 9 1 1 1 1
0 4 7 7 5 0 1 7 6 2 9
4 1 2 12 5 6 4 7 2 13 5
0 1 0 2 1 4 5 3 3 5 3
8 4 4 5 0 12 1 4 9 0 5
9 0 1 3 2 2 2 7 0 2 0
22 6 5 2 1 10 2 5 2 10 9
7 12 3 4 5 2 13 8 5 9 14
12 3 14 4 16 6 10 13 2 6 9
6 3 24 9 2 2 8 1 9 3 17
1 4 0 7 5 14 0 1 0 5 0
1 7 3 3 2 2 2 1 5 3 3
7 4 5 10 6 7 8 9 9 6 11
5 11 4 22 11 0 7 15 7 17 6
1 5 6 12 7 2 19 0 5 0 1
18 0 4 2 0 14 15 3 23 4 2
2 0 1 2 0 3 4 4 13 7 1
6 9 0 9 6 0 3 9 1 6 6
2 5 2 3 2 7 1 11 5 3 7
7 5 16 15 2 13 1 10 12 14 4
4 8 11 4 4 4 6 3 1 8 3
8 4 7 16 7 15 11 8 2 5 4
6 9 10 24 6 14 2 7 2 2 4
7 4 6 2 1 3 1 2 3 2 1
7 1 9 4 8 1 4 6 2 11 5
4 3 4 11 3 11 6 9 8 0 1
4 3 11 6 7 0 2 6 4 4 5
11 3 7 8 6 1 3 4 4 18 14
3 0 1 3 7 1 6 14 2 0 4
9 9 3 4 5 8 0 7 12 6 14
18 10 3 9 15 16 5 5 3 2 9
16 20 2 18 16 11 1 13 3 7 6
4 2 6 1 3 7 2 7 2 1 4
3 8 8 10 1 18 4 8 5 9 4
1 5 3 2 3 2 3 1 1 6 2
10 18 2 1 11 14 2 7 1 2 1
1 2 4 5 3 5 15 2 2 6 2
10 7 6 6 5 4 4 8 1 12 8
1 8 9 10 7 9 0 6 2 6 20
10 3 4 2 8 4 2 1 0 3 8
0 2 1 10 0 3 1 5 1 6 1
3 2 5 4 0 2 3 6 0 4 4
5 21 3 6 2 7 3 1 13 4 17
2 16 3 7 3 6 8 2 9 5 16
2 0 5 3 0 3 3 5 3 2 8
3 1 0 6 5 4 0 10 0 0 1
4 1 4 22 3 1 9 2 3 2 22
7 5 5 1 5 8 8 11 24 2 11
8 3 10 15 6 21 7 5 19 15 3
3 2 3 1 1 11 3 11 4 11 1
5 2 3 3 0 13 6 8 6 5 6
9 5 1 17 17 2 11 12 10 9 16
9 11 5 2 8 2 7 5 6 3 8
7 6 5 0 12 7 9 1 13 2 26
2 3 5 1 4 3 1 6 0 2 0
10 0 5 12 3 3 8 24 21 4 14
2 1 0 7 1 5 1 6 6 12 0
7 3 0 5 6 26 3 4 0 13 12
2 10 4 9 9 17 0 10 1 5 13
2 5 24 4 0 4 11 7 1 7 0
4 4 6 19 2 0 1 9 1 9 5
18 11 7 3 6 14 3 10 1 4 8
9 15 0 2 2 0 2 17 1 4 7
10 6 7 5 6 8 15 6 10 15 6
1 4 6 7 11 4 7 2 0 3 7
2 9 1 10 2 3 3 3 3 4 9
5 2 5 7 8 2 10 5 7 11 4
5 0 6 1 2 2 2 5 3 1 4
5 0 5 1 1 5 1 5 2 3 2
3 2 3 3 4 3 3 3 1 5 0
18 4 8 12 8 8 13 13 7 15 13
4 10 10 4 1 3 8 2 3 9 8
15 10 12 3 8 4 4 2 15 0 3
3 5 2 2 1 2 7 5 3 3 0
3 7 5 15 0 2 4 3 16 1 26
12 1 8 7 3 3 11 7 9 1 18
6 5 14 0 5 4 7 13 15 12 14
5 7 13 12 0 4 2 7 6 7 15
2 0 1 2 1 6 5 3 4 6 1
1 2 15 5 1 4 6 15 24 5 11
2 11 11 17 9 18 13 8 7 15 10
2 9 0 7 2 5 1 2 6 7 1
15 9 3 8 22 6 1 2 5 1 9
20 8 4 7 6 3 13 10 10 2 4
0 9 13 0 10 11 3 2 8 3 4
3 5 3 4 5 2 0 9 1 4 7
1 4 13 4 0 10 10 5 2 8 2
3 19 4 8 16 0 19 4 4 9 11
7 4 1 17 3 5 15 2 1 16 8
12 0 4 13 5 3 4 12 17 5 5
3 3 1 9 6 10 2 6 19 10 1
0 1 3 0 4 7 9 6 4 0 3
0 26 2 10 16 8 14 3 4 0 5
6 2 9 2 14 1 2 5 9 6 12
12 9 5 0 3 2 1 9 11 2 17
4 7 4 5 8 2 5 7 2 3 14
18 1 1 2 10 3 3 3 0 10 3
4 0 10 9 1 2 7 0 5 0 2
14 19 19 6 2 17 5 2 4 6 5
8 2 6 9 1 9 3 7 0 2 8
4 6 12 7 10 21 18 17 5 4 7
6 5 7 0 9 8 7 2 10 28 7
5 7 2 2 10 14 8 1 28 16 6
7 15 3 13 0 1 3 9 5 8 5
9 2 4 3 2 6 7 0 6 2 6
1 6 10 13 0 3 10 2 12 9 2
4 1 6 12 12 2 13 1 4 1 1
2 2 10 7 16 12 3 3 4 9 2
21 7 2 5 19 1 2 10 22 6 2
11 1 6 12 5 4 2 4 9 7 11
15 11 15 11 1 0 1 15 10 14 2
2 9 7 17 16 0 11 4 1 0 4
5 4 5 3 3 3 3 0 7 1 1
7 8 14 9 2 5 4 10 24 12 15
7 1 8 4 13 4 5 6 1 5 8
3 6 7 0 1 16 6 3 6 3 3
5 3 0 0 0 3 9 2 6 3 10
7 3 1 12 8 10 6 2 3 17 11
2 1 7 0 8 12 6 2 2 3 2
6 13 5 4 2 3 8 10 2 2 0
5 16 11 10 0 4 7 21 7 3 11
2 8 13 7 15 20 5 15 17 5 10
8 7 5 2 11 0 5 11 10 4 4
12 2 3 3 2 0 15 4 2 4 4
27 8 1 12 0 3 11 7 2 11 7
9 9 4 1 11 10 8 4 5 3 6
7 8 8 9 3 5 2 11 9 7 1
2 14 14 5 11 9 2 7 1 1 14
9 17 0 4 12 9 2 12 3 4 0
7 5 7 20 13 15 2 1 5 7 4
4 3 2 2 4 3 3 2 9 2 5
2 14 1 6 0 2 4 3 3 2 4
7 6 4 2 2 7 10 1 5 6 1
9 4 4 6 0 8 7 6 3 4 4
0 12 2 19 5 4 1 13 12 12 6
6 4 1 10 15 3 2 10 3 3 14
12 15 7 16 4 9 19 10 7 2 6
0 4 2 2 2 6 7 7 8 5 2
13 7 18 15 7 8 9 8 2 8 21
9 2 1 15 7 13 2 4 6 10 7
10 15 9 7 3 16 0 4 1 3 13
6 22 25 8 5 13 4 6 5 6 9
23 12 22 9 5 5 4 7 4 0 9
12 8 0 9 20 3 1 6 10 8 5
3 12 3 13 7 0 7 3 15 4 1
9 4 0 5 11 2 13 3 7 1 6
10 2 4 4 12 9 7 1 4 14 3
4 4 6 20 5 16 2 8 12 17 10
2 2 5 1 3 3 7 3 5 1 5
1 7 2 3 4 7 1 2 3 11 4
0 20 14 16 5 1 1 18 6 5 13
4 8 3 1 3 6 4 2 0 1 7
4 3 1 0 8 8 2 1 8 9 2
3 4 13 1 2 11 4 2 5 5 7
17 14 8 3 1 1 2 7 5 15 0
3 2 1 3 1 8 7 5 5 3 2
4 4 9 10 15 3 1 16 13 14 4
2 19 7 2 6 24 3 13 6 3 9
4 2 1 1 1 4 5 5 4 1 7
33 5 5 7 0 4 0 1 3 7 15
2 3 1 1 2 3 8 2 0 1 2
4 1 2 1 2 7 4 2 4 5 2
2 2 15 10 5 4 3 8 10 17 5
8 3 4 12 6 16 13 1 0 2 7
0 14 14 3 8 0 13 17 10 4 4
15 1 4 5 7 9 1 1 19 9 4
0 14 21 3 7 11 11 2 7 0 15
15 20 6 4 5 8 8 11 6 2 7
3 0 7 8 11 13 21 11 4 13 0
10 3 2 5 11 1 1 2 6 3 12
9 22 6 6 1 11 12 3 0 1 4
15 3 19 16 7 4 5 0 1 2 3
11 20 10 8 2 15 10 5 8 9 7
4 6 2 9 4 4 4 1 15 8 5
0 4 1 7 0 4 7 3 9 2 3
1 6 8 1 9 9 7 4 6 8 1
8 6 11 10 13 5 1 7 5 0 4
4 16 10 11 9 13 17 4 7 20 7
2 14 1 0 11 18 4 6 1 3 23
6 7 1 1 0 1 5 1 1 1 6
3 9 9 2 5 10 1 4 3 6 2
2 10 1 2 1 3 8 6 1 2 2
3 1 5 13 3 0 6 15 4 8 4
4 3 0 1 6 4 3 5 3 1 2
11 4 16 3 5 4 3 7 4 4 7
3 1 3 16 6 5 9 9 2 3 10
2 17 18 3 6 4 1 8 10 5 16
9 7 4 3 3 4 4 5 1 5 5
4 2 6 1 4 6 3 5 2 5 2
3 13 11 2 3 17 4 7 4 3 5
7 5 6 17 3 2 8 0 1 5 6
3 1 15 9 5 17 9 1 9 2 14
15 16 6 5 11 3 5 17 3 19 12
4 2 2 4 5 2 6 0 2 9 3
14 4 4 2 2 8 0 4 9 4 1
2 2 5 8 4 8 13 5 6 21 7
5 12 8 7 8 7 3 4 1 1 19
10 11 10 1 7 2 9 7 5 8 23
2 6 7 5 5 24 4 5 11 10 25
3 5 1 4 1 5 6 2 5 4 1
6 2 0 10 13 7 3 9 3 5 5
3 0 0 1 8 1 1 4 1 1 3
6 3 0 6 1 2 1 2 1 4 1
3 6 4 4 2 6 6 1 6 4 2
10 11 0 7 10 1 3 3 1 6 4
2 10 1 4 1 8 5 1 4 5 1
7 8 9 1 5 6 13 3 4 3 0
7 3 11 18 1 14 3 11 20 3 3
6 12 7 2 0 4 11 3 8 5 5
2 13 2 4 13 9 10 1 12 10 15
3 3 5 8 6 8 2 6 3 5 8
12 15 7 13 10 1 2 3 5 9 4
7 1 6 5 14 4 4 10 4 3 9
6 2 5 2 20 11 1 12 6 14 5
5 3 5 5 0 3 15 0 4 1 1
1 13 13 2 2 7 1 0 3 6 6
6 13 4 6 12 14 22 15 7 12 4
10 15 18 6 9 6 17 2 15 5 9
8 2 4 1 0 1 5 0 0 0 7
2 0 2 9 8 1 13 4 7 6 6
11 4 0 22 19 4 9 9 6 17 10
1 5 10 1 1 14 10 2 2 0 6
11 8 2 7 3 11 1 3 2 19 10
7 12 12 14 7 2 20 3 21 10 4
4 6 5 2 5 4 5 2 1 12 1
5 2 5 16 6 5 4 1 1 2 6
4 3 3 0 0 2 7 6 3 1 2
10 4 4 9 3 5 25 11 1 3 16
6 15 2 7 1 3 6 0 11 17 12
11 3 6 1 11 1 16 4 9 1 1
10 1 3 5 0 3 3 3 6 1 2
3 12 5 1 11 2 8 4 7 5 6
4 10 2 5 8 8 2 3 6 0 1
1 2 3 5 5 4 1 2 0 6 4
9 3 4 0 0 1 1 3 7 7 5
4 3 18 8 4 1 6 0 14 1 10
7 9 13 13 6 4 7 7 30 0 1
11 4 9 3 4 1 5 10 4 18 14
4 4 3 9 1 1 7 2 5 1 4
3 3 12 12 3 2 2 5 6 3 7
11 0 3 6 1 1 3 7 5 8 1
2 3 1 0 3 1 6 1 8 8 2
8 4 15 1 5 9 9 3 1 3 4
1 12 12 11 6 4 3 8 11 11 16
15 5 7 3 10 7 5 14 4 4 14
9 13 5 2 4 9 6 19 7 6 14
13 2 4 1 22 11 14 12 11 15 8
3 8 1 6 11 0 4 5 4 7 0
13 17 8 4 4 18 3 16 14 2 2
8 3 3 10 10 9 3 7 5 3 0
1 9 8 7 1 4 1 4 4 1 3
10 16 17 3 14 3 7 14 11 10 3
10 9 1 7 0 18 10 7 6 1 15
8 8 7 12 3 2 6 4 4 2 9
11 3 1 3 3 2 3 1 5 2 6
7 1 6 1 2 1 1 6 0 2 4
5 4 7 0 2 4 4 4 3 1 0
4 16 3 3 6 6 10 15 12 0 9
19 7 13 9 10 1 14 0 20 8 4
3 8 0 3 5 0 1 16 0 4 14
7 6 1 6 2 8 2 24 7 22 3
9 3 9 15 11 8 6 18 6 6 10
3 10 1 2 11 10 2 1 13 4 8
13 3 6 6 10 16 7 0 3 0 2
2 2 1 0 1 7 5 8 2 3 4
3 4 6 5 2 2 0 1 3 6 5
3 4 0 1 9 1 0 1 4 4 3
15 6 3 12 14 4 4 11 1 0 12
17 8 6 4 5 2 0 12 8 4 4
14 11 2 15 21 2 8 10 1 7 5
2 5 4 5 4 11 5 2 2 4 5
10 6 18 7 8 13 8 3 2 17 3
1 10 1 12 9 3 7 16 3 7 4
1 5 7 2 0 3 0 5 0 6 3
8 5 0 2 4 7 14 4 5 3 7
4 1 9 4 1 14 2 3 10 0 1
8 12 4 1 10 2 1 4 2 5 2
6 6 0 9 15 12 12 1 2 2 18
4 2 6 7 6 1 6 3 7 1 2
12 4 15 9 19 6 6 7 9 11 7
9 1 6 2 3 3 14 12 4 3 18
10 7 7 2 1 3 3 6 6 12 1
4 13 1 5 2 2 3 3 0 13 1
3 4 0 1 14 8 14 4 4 7 10
2 4 2 4 1 4 0 4 1 4 10
12 13 7 3 11 0 3 7 10 15 2
3 7 3 12 0 3 9 10 3 4 13
7 1 6 5 1 4 4 14 1 5 5
5 3 3 0 3 7 1 2 4 0 0
8 1 15 7 1 8 5 12 14 2 5
7 1 0 1 6 1 3 5 1 5 1
3 0 8 2 5 1 9 2 1 5 3
2 5 6 2 5 1 0 2 1 1 4
16 3 3 8 9 14 5 12 3 13 5
7 1 4 1 0 2 2 1 5 2 1
11 2 2 4 2 1 4 11 5 1 3
5 12 4 1 10 3 7 10 2 1 13
21 5 1 5 9 11 5 1 9 24 8
11 9 17 9 6 12 1 2 5 2 8
6 1 9 5 5 0 3 2 0 5 2
13 9 1 4 12 13 5 9 4 0 17
1 2 2 4 3 1 1 1 0 5 10
6 1 27 4 15 3 12 9 14 1 2
5 3 3 6 1 6 3 1 0 1 1
5 3 13 17 5 14 8 2 8 5 5
14 1 3 3 11 7 3 2 6 1 5
3 1 2 2 10 6 8 6 2 2 3
3 7 12 3 4 11 10 11 17 6 14
14 1 3 14 12 3 9 6 8 1 2
9 7 1 6 8 4 1 13 7 4 4
0 5 12 3 12 13 8 14 1 1 13
25 17 2 14 2 0 4 4 7 6 11
1 8 6 10 11 3 1 9 2 5 13
4 1 13 4 7 3 4 7 5 0 1
7 1 4 2 4 1 1 4 3 2 1
1 37
1 50
2 13
2 19
2 86
4 70
4 94
5 11
6 78
7 53
7 105
8 45
8 89
8 91
9 98
10 24
10 28
10 30
10 57
11 71
12 31
12 46
12 59
12 90
13 31
14 40
14 79
15 76
16 20
16 86
16 105
17 39
17 40
17 71
17 82
17 112
17 117
18 35
18 100
19 33
19 34
19 61
19 81
19 90
20 53
20 114
22 43
22 96
22 103
23 76
24 81
24 115
25 49
26 54
26 74
26 85
28 46
28 123
29 87
29 98
29 116
30 54
30 57
30 60
30 79
30 83
30 103
30 114
32 65
32 76
32 109
32 115
33 47
33 58
33 126
34 71
34 97
34 123
35 55
35 74
37 115
38 89
38 110
39 77
39 90
40 84
41 78
41 84
41 140
41 141
42 85
42 95
43 87
43 139
44 48
44 127
45 55
45 63
45 80
45 105
46 72
46 94
46 107
46 144
47 56
47 75
47 127
48 74
48 82
49 120
49 125
50 93
50 139
50 148
51 142
51 144
52 72
52 82
52 119
53 105
53 121
54 65
54 94
54 97
54 152
55 137
55 140
56 78
56 120
57 80
57 90
58 71
58 77
58 100
58 110
58 149
58 154
60 149
61 101
61 138
62 110
63 84
63 97
64 122
64 128
64 132
65 101
65 122
66 77
66 158
67 68
67 125
67 127
67 128
68 101
68 117
68 133
68 155
69 160
70 77
70 79
70 139
70 159
71 99
71 124
71 151
73 104
73 106
73 138
73 142
73 151
73 163
74 75
74 78
74 109
74 150
75 128
75 139
76 115
76 123
76 125
76 169
77 87
78 120
79 108
80 107
80 159
80 178
82 103
82 161
83 90
83 131
83 141
84 177
85 108
85 110
85 121
85 123
85 153
85 176
85 181
86 106
86 162
86 176
87 171
87 182
88 118
88 139
89 112
91 139
91 157
91 176
91 185
92 94
92 159
92 189
93 124
93 173
93 174
93 184
94 131
95 183
96 131
96 135
96 185
97 115
97 119
98 191
99 102
99 192
100 112
100 125
100 138
100 139
100 168
100 186
100 187
101 136
101 198
102 198
103 106
103 135
103 203
104 107
104 162
104 174
105 124
105 162
105 174
105 195
105 203
107 110
108 124
108 136
108 145
108 158
108 182
108 197
110 145
110 194
111 119
111 210
112 119
112 121
112 164
112 190
112 197
112 205
112 206
112 211
113 136
113 189
113 209
114 179
116 137
116 151
116 162
116 189
117 126
117 129
117 154
117 200
117 202
118 126
119 124
119 152
119 153
119 191
120 135
120 164
120 172
121 139
122 124
122 161
122 179
122 187
123 179
124 127
124 132
124 145
125 146
125 179
125 195
125 205
125 213
125 221
126 128
126 133
126 135
126 175
126 225
127 164
127 172
127 195
127 207
128 206
129 136
129 221
129 225
130 162
130 171
131 167
131 177
131 193
131 201
131 226
132 139
132 168
132 205
132 221
132 227
133 213
133 224
134 183
135 154
135 223
136 140
136 154
136 165
136 190
137 147
137 150
137 152
138 225
139 163
139 180
139 215
140 173
140 199
140 222
141 164
141 165
141 166
141 221
142 146
142 208
142 221
143 216
145 225
146 172
147 194
147 235
148 157
148 185
149 191
149 209
150 247
151 152
151 167
151 178
151 210
151 241
152 190
152 246
153 157
153 166
153 209
154 167
154 176
154 200
154 209
155 226
155 254
156 208
157 178
157 193
157 247
158 164
158 200
158 213
158 226
159 201
160 241
161 261
162 184
162 190
162 194
163 224
163 227
164 206
164 263
165 175
165 176
165 195
165 217
165 249
165 260
166 172
166 210
167 206
167 233
167 245
167 251
169 177
169 185
169 262
170 269
171 199
171 232
172 225
173 182
173 189
173 214
173 220
173 225
173 237
174 180
174 252
174 266
175 221
175 274
176 223
177 207
178 207
178 210
178 221
179 213
180 212
180 237
180 257
181 206
181 226
181 246
181 260
181 265
183 187
183 206
183 269
184 198
184 228
184 241
184 242
184 261
184 267
184 272
186 189
187 191
187 201
187 203
187 207
187 231
187 271
188 203
188 271
189 208
189 254
191 229
192 219
192 225
192 258
192 277
194 243
194 283
194 287
195 218
195 227
195 252
195 295
196 198
196 215
196 219
196 231
198 224
198 268
198 281
198 289
199 274
200 227
200 243
200 250
200 266
200 280
200 289
200 299
201 204
201 210
201 264
202 209
202 217
202 274
202 289
202 300
203 255
204 215
204 223
205 213
205 230
205 242
205 283
205 285
206 215
206 229
206 256
206 262
206 275
207 241
208 245
209 243
210 212
210 240
210 261
210 289
210 310
211 229
211 277
212 239
212 268
213 263
213 270
214 309
215 217
215 236
215 294
215 299
216 226
216 302
217 251
217 264
218 249
218 263
218 268
219 220
219 230
219 248
219 293
219 314
220 289
220 292
220 302
221 261
221 263
221 321
222 226
222 240
223 230
223 253
224 300
225 259
225 278
225 309
226 269
226 300
227 314
228 270
228 273
228 295
229 325
230 323
231 271
231 300
232 246
232 251
232 263
232 267
233 245
233 312
233 313
234 237
234 238
234 265
234 298
235 249
236 245
236 291
236 311
236 313
236 319
236 333
238 271
238 293
238 332
240 274
241 312
242 285
243 341
244 268
244 280
244 288
244 299
244 305
245 259
245 296
247 313
248 254
248 299
248 335
249 344
250 300
251 294
251 334
251 343
252 316
252 347
253 262
253 278
253 338
253 345
253 353
254 352
255 260
255 264
256 280
256 296
256 303
256 318
256 329
256 337
257 280
257 292
257 348
258 267
259 312
259 331
259 350
260 330
260 333
261 331
261 344
262 310
262 314
262 321
263 278
263 316
263 335
264 310
266 324
266 338
266 346
266 366
267 303
267 350
267 351
267 354
268 291
268 358
269 307
269 322
269 340
270 294
271 276
271 329
271 370
272 330
272 341
272 355
273 293
274 325
274 333
274 356
275 321
275 355
275 374
276 280
276 314
276 340
277 356
278 306
278 309
278 339
278 360
278 370
279 290
279 341
280 287
280 297
280 302
280 329
280 350
281 286
281 304
281 321
281 360
282 293
282 316
283 298
283 316
284 328
284 347
284 360
285 295
285 301
285 324
285 374
289 373
290 294
290 302
290 368
290 381
291 337
291 352
292 313
292 381
293 344
294 298
294 385
295 337
295 376
296 301
296 325
296 331
296 357
297 311
298 309
298 329
298 337
298 377
299 348
299 384
299 387
299 388
300 309
300 310
300 325
300 343
300 362
300 372
301 361
303 320
304 305
304 308
304 315
304 320
304 332
305 351
306 327
306 386
307 315
307 324
308 356
308 358
308 368
308 374
309 329
309 331
312 356
312 364
312 367
314 338
314 356
315 357
315 380
316 319
316 371
316 383
316 388
317 319
317 326
317 334
317 347
317 360
318 340
319 338
320 367
320 396
321 335
321 359
321 361
322 328
323 373
325 330
325 361
325 376
325 382
326 333
326 367
326 373
327 348
328 333
328 336
328 387
329 347
329 369
329 392
330 364
331 349
333 339
333 373
333 395
333 404
334 354
334 360
335 412
335 430
336 352
336 394
336 409
337 343
337 348
337 424
337 435
338 345
338 373
338 381
338 390
338 391
338 401
339 347
340 374
340 435
341 398
342 368
342 402
342 435
344 420
345 436
346 347
346 362
346 371
346 398
346 425
346 427
346 442
347 369
347 423
348 424
349 385
349 421
350 401
350 420
350 430
351 409
352 428
352 437
353 431
354 373
354 395
354 406
354 454
355 361
355 389
355 403
355 407
355 432
355 435
356 361
357 379
357 437
358 394
359 362
360 392
360 439
361 378
361 442
361 455
363 396
364 387
364 412
364 460
365 385
365 390
365 404
366 390
366 412
366 428
366 455
367 370
367 395
367 420
368 417
368 441
370 410
370 425
370 430
371 454
371 466
372 394
372 397
372 429
372 440
373 398
373 458
374 411
374 412
375 461
377 418
377 442
378 400
378 445
378 461
378 466
379 383
379 400
379 416
379 474
380 427
380 466
380 477
381 391
381 408
381 414
381 464
382 409
382 418
382 427
384 410
384 430
385 401
385 469
386 449
387 399
388 450
389 397
390 489
391 445
392 398
392 434
392 444
393 436
394 409
394 413
394 429
396 457
397 436
398 433
399 421
399 424
399 444
399 474
401 469
401 480
403 439
403 476
404 453
404 467
404 469
405 486
405 496
406 419
406 450
406 482
407 433
407 441
407 474
407 476
409 428
409 452
409 455
409 490
411 484
411 486
411 497
411 508
412 443
412 459
412 483
412 504
413 450
413 500
413 501
414 457
414 467
415 422
415 428
415 489
416 460
417 458
418 483
418 502
418 509
419 425
419 473
419 481
420 473
420 485
420 499
421 492
421 493
422 476
422 507
424 476
424 501
424 503
424 519
425 491
426 438
426 524
427 439
427 446
427 479
427 480
428 437
428 513
428 515
429 477
429 503
430 434
430 528
431 478
431 515
432 531
433 439
433 476
434 441
434 455
434 475
434 485
434 506
434 526
434 532
435 444
435 463
435 494
436 492
436 515
437 462
437 475
437 478
438 446
438 516
439 493
439 529
440 491
440 500
440 505
442 459
442 486
442 496
442 518
442 539
443 444
443 479
443 499
443 506
444 466
444 501
444 502
444 522
445 470
445 481
445 509
446 449
446 474
446 489
446 497
447 458
447 477
447 510
447 515
447 524
447 537
448 468
448 492
448 532
448 544
449 451
449 548
450 481
450 503
450 529
451 462
451 479
451 486
451 516
451 531
452 473
452 477
452 531
453 464
453 488
453 515
454 468
455 473
455 491
455 501
456 498
456 532
456 536
457 496
457 540
458 490
458 541
459 467
459 505
459 558
460 466
460 519
461 486
461 546
462 490
462 510
464 557
465 480
465 529
465 537
465 550
465 551
466 530
466 561
467 493
467 557
467 566
468 474
468 512
468 525
469 477
469 556
470 481
472 488
472 535
473 531
473 568
474 514
475 490
475 491
475 575
476 496
476 499
476 514
476 519
476 524
476 533
476 551
476 566
477 519
477 546
478 497
478 547
478 551
479 576
480 520
481 492
482 498
482 500
482 517
482 533
482 561
482 563
483 508
483 515
483 534
483 568
484 510
484 559
484 571
484 580
485 499
485 501
485 553
485 554
486 576
487 495
487 508
487 511
487 531
487 540
487 580
488 528
488 558
488 582
489 498
489 514
489 530
490 491
490 497
491 532
492 496
492 560
492 583
493 517
493 548
495 553
496 536
496 577
497 507
497 567
498 556
499 590
500 519
500 576
502 531
502 554
502 596
503 567
503 583
504 559
504 592
504 599
505 595
506 512
506 548
506 561
507 527
507 600
508 543
509 570
510 535
510 552
511 544
511 556
511 609
511 611
512 517
512 539
512 575
512 584
512 596
512 604
513 541
513 574
513 579
513 594
514 541
514 544
514 571
516 518
516 549
516 602
518 556
518 584
518 590
518 604
520 528
520 533
520 604
522 528
522 556
522 560
522 589
522 616
523 534
523 561
523 585
524 527
524 569
524 575
525 591
525 601
526 616
527 627
528 549
528 620
530 579
530 585
531 542
531 543
531 579
531 588
531 593
531 609
532 563
533 571
533 610
534 619
535 618
535 631
536 563
536 567
537 581
537 627
538 553
538 572
539 547
539 555
539 600
539 607
539 616
540 588
540 625
541 557
541 576
541 582
541 585
542 544
542 553
542 563
543 551
543 618
544 617
545 602
547 591
547 636
548 579
548 616
549 565
550 562
550 570
550 595
550 635
551 634
551 649
553 554
553 612
553 637
554 601
554 634
555 647
556 560
556 653
557 639
558 597
558 600
558 605
558 653
559 605
559 616
559 643
559 651
560 598
561 566
561 616
562 653
564 567
564 604
565 573
565 639
565 647
567 588
569 590
569 599
569 650
569 663
570 583
570 606
570 622
571 577
571 583
571 640
571 643
572 617
572 626
572 663
573 665
574 580
574 581
574 597
575 660
577 620
577 630
579 594
579 614
579 648
579 663
580 611
580 623
580 636
580 651
580 670
581 623
581 658
582 653
583 601
583 620
583 647
583 658
583 675
583 680
585 628
585 641
585 645
585 670
585 675
586 612
586 626
587 604
587 605
587 626
587 643
587 646
588 591
589 647
589 684
590 591
590 682
591 623
591 630
591 632
591 652
592 594
592 596
592 675
593 613
593 641
593 655
594 607
594 624
594 646
594 651
594 656
594 690
595 620
595 670
596 633
597 667
597 677
600 669
600 691
601 634
601 660
601 692
601 693
602 629
602 665
602 690
603 666
604 612
604 700
606 617
606 623
606 627
606 694
607 649
607 661
607 676
607 690
607 701
608 634
608 643
608 659
608 663
608 691
608 698
609 684
609 705
610 710
611 632
612 617
612 624
612 667
612 678
613 671
613 683
613 698
614 615
614 651
614 678
615 636
615 665
615 679
615 695
615 709
615 710
616 638
616 652
617 625
617 668
617 678
617 708
618 638
618 704
618 710
619 644
619 670
619 691
619 697
619 710
620 683
621 627
621 683
621 696
622 721
623 643
623 715
624 641
625 663
625 691
626 692
626 699
627 629
627 682
627 704
628 631
628 648
628 680
629 684
630 684
631 666
631 667
631 669
631 710
632 646
632 652
632 666
633 667
633 700
634 647
634 718
634 722
634 731
636 643
636 671
636 686
636 715
637 642
637 698
638 665
638 672
638 675
638 685
638 729
638 733
638 736
639 644
639 679
639 718
639 721
640 664
640 685
640 704
641 643
641 684
641 728
642 653
642 684
642 742
643 681
643 693
643 717
643 743
644 664
644 673
644 694
644 736
645 660
645 668
645 702
646 649
647 663
648 671
648 699
649 668
649 669
649 726
651 676
652 717
653 679
653 748
654 699
654 702
654 725
654 735
655 689
655 717
656 735
656 742
656 756
657 723
659 721
659 732
660 729
661 721
662 687
663 744
664 682
664 696
664 746
665 666
665 735
666 684
666 703
666 716
667 669
667 698
667 735
668 748
668 758
668 760
669 706
669 768
670 698
670 727
671 672
671 767
672 724
672 725
672 730
673 728
674 714
674 736
675 692
675 705
675 763
676 738
676 744
676 746
676 774
677 709
677 732
677 776
678 695
678 737
678 744
678 769
679 758
679 774
680 704
680 705
680 726
680 767
680 770
680 779
681 757
681 774
682 691
682 695
682 696
682 701
682 709
682 733
682 747
683 684
684 695
684 696
684 775
685 757
686 756
687 696
687 745
688 704
688 739
689 756
690 744
691 697
692 705
692 728
693 710
693 717
693 729
693 746
694 736
694 757
694 766
695 698
695 742
695 750
696 733
696 754
697 698
697 699
698 701
698 794
699 712
699 715
699 773
699 780
700 707
700 720
700 773
701 718
701 733
701 757
701 775
701 789
702 724
703 715
703 733
703 757
704 717
704 749
704 751
704 754
704 780
705 743
705 773
705 779
705 783
707 772
707 775
708 743
708 769
708 792
709 721
709 752
710 715
710 741
710 757
710 760
711 713
711 734
711 755
711 767
712 741
712 763
712 788
713 721
713 757
713 767
713 769
713 775
714 734
714 763
714 774
714 781
715 796
715 809
719 779
719 782
719 797
720 778
721 756
721 779
721 807
721 810
722 723
722 755
722 794
723 802
723 813
723 820
724 765
725 727
725 740
725 749
725 767
726 735
726 775
727 812
727 823
728 794
728 797
728 824
729 743
729 781
729 800
730 814
731 782
731 791
731 821
732 764
732 773
732 776
733 734
733 748
734 808
734 813
735 759
736 751
736 754
736 783
736 803
736 825
737 749
737 771
737 807
737 823
738 744
738 756
738 831
739 792
739 793
739 834
739 837
740 806
740 809
740 836
741 744
741 773
741 786
741 802
741 810
742 750
742 762
742 771
742 829
743 781
743 809
743 818
744 830
744 832
745 766
746 781
746 786
746 791
746 841
747 776
747 823
748 804
748 819
748 832
749 758
749 790
750 789
750 812
751 850
752 759
752 837
754 840
756 768
756 769
756 828
757 762
757 832
758 760
759 762
759 777
759 780
759 847
760 774
760 829
760 835
761 836
761 838
762 830
762 853
763 798
763 800
763 818
763 823
763 841
764 781
764 805
764 834
765 806
765 825
765 855
766 768
766 777
766 829
767 815
767 827
769 777
769 815
769 848
769 851
770 795
770 832
770 862
771 825
771 830
771 831
771 848
771 863
773 856
774 777
774 803
774 816
774 845
775 800
777 791
777 821
778 799
778 823
779 789
779 798
779 823
779 834
782 816
782 832
784 815
785 826
785 856
785 862
785 864
785 865
786 832
787 838
787 845
789 806
789 839
789 867
790 828
790 837
790 849
790 877
791 811
791 833
792 854
792 875
792 888
793 820
793 856
794 805
794 845
794 892
795 850
795 866
798 835
799 811
799 816
799 886
800 818
800 865
801 820
801 822
802 821
803 845
803 887
804 826
806 850
807 847
807 854
807 894
808 812
808 839
808 860
808 869
808 873
808 908
809 815
809 840
809 852
809 898
809 902
810 838
810 880
810 907
811 873
811 882
812 823
812 849
812 855
813 828
813 875
814 872
814 882
815 836
815 842
815 894
816 894
816 905
817 840
817 861
818 834
818 852
818 913
820 824
821 840
822 852
822 875
822 896
822 904
823 824
823 861
823 864
823 872
823 884
823 898
824 844
824 911
825 918
827 892
827 898
827 909
828 837
828 839
828 859
828 875
829 861
829 887
831 856
832 917
832 918
833 880
833 916
833 923
833 933
834 846
834 894
834 932
835 846
835 847
835 863
835 875
835 895
835 916
835 920
835 935
836 929
837 897
837 926
838 855
838 865
838 875
838 925
838 933
839 902
840 889
840 904
840 911
841 891
841 927
842 875
842 895
843 901
843 929
844 845
844 871
844 894
844 923
844 928
845 900
845 911
845 928
846 874
846 912
846 942
847 871
847 885
847 926
847 930
848 886
848 917
848 935
849 868
849 898
850 885
850 936
850 950
851 893
851 950
851 951
852 860
852 900
852 907
854 891
855 866
855 869
855 881
855 891
855 954
856 864
856 866
856 919
856 933
856 938
856 951
856 954
857 927
858 905
858 927
859 882
860 881
860 945
861 871
861 917
861 932
862 890
862 926
863 920
864 883
864 904
864 963
865 870
865 913
865 915
866 882
866 925
867 961
868 877
868 884
868 908
868 910
868 919
869 871
869 878
869 879
869 916
870 898
870 907
870 925
871 888
871 931
872 880
872 923
872 935
872 939
872 945
872 950
874 914
874 932
874 942
875 876
875 896
875 961
876 885
876 913
876 949
877 912
877 948
878 920
878 938
879 907
880 920
881 967
882 883
882 948
882 949
882 960
884 911
884 934
884 939
884 944
884 978
885 889
885 926
885 974
886 929
887 976
888 894
888 913
888 975
888 985
888 987
890 930
890 972
890 987
891 914
891 985
892 908
892 953
892 954
893 928
893 947
893 986
894 950
894 980
896 937
897 914
897 986
897 995
898 941
899 954
899 978
900 958
900 962
900 994
901 916
902 926
902 943
903 979
904 925
904 947
905 910
905 935
905 936
905 977
905 985
905 993
906 967
906 999
908 915
908 928
908 957
908 986
909 915
909 935
909 977
910 986
911 949
911 983
911 995
913 930
916 938
916 951
916 955
917 946
917 984
918 937
918 950
919 925
919 980
920 925
920 983
921 970
925 933
926 932
926 968
926 992
928 936
928 979
928 990
929 962
929 981
930 949
931 948
931 959
932 948
932 978
934 979
935 949
936 999
937 940
937 993
938 959
938 971
939 941
939 975
939 987
939 995
940 991
940 995
941 953
942 946
942 953
942 987
943 948
943 985
945 991
946 968
946 987
947 977
949 994
950 958
951 969
951 992
952 956
954 971
954 974
954 979
958 960
959 979
961 972
961 983
962 975
964 994
967 981
970 995
973 974
975 978
976 993
978 1000
984 992
986 990
989 998
990 994
994 1000
3 4 15 0 1 0 4 16 14 13 19
1 10 9 3 5 6 12 11 6 6 9
14 14 30 20 5 2 3 10 5 23 14
13 13 0 13 9 34 22 20 11 18 8
3 4 10 2 17 23 6 11 12 11 18
18 14 0 18 6 9 1 15 1 0 9
4 4 1 10 3 3 7 11 6 15 6
10 2 2 19 9 4 13 3 4 6 5
36 8 10 0 0 2 4 1 15 24 7
2 4 15 10 8 18 15 21 20 16 7
24 12 14 2 1 39 4 9 14 2 14
8 0 6 2 2 15 10 5 14 0 3
2 8 1 3 7 19 6 2 1 1 5
18 1 7 2 4 3 2 23 14 1 20
14 12 19 13 9 6 12 19 5 3 8
15 1 5 1 35 10 12 9 26 31 8
10 1 8 4 3 5 0 5 1 5 19
11 5 5 4 6 1 9 7 12 2 7
3 18 3 5 4 24 3 8 3 32 33
4 4 4 21 20 37 4 19 8 1 2
16 14 14 4 5 25 20 31 21 9 6 26 32 21 16 10 32 21 11 25
7 1 1 1 1 10 4 2 5 1 5 12 5 10 1 2 9 4 1 5
10 13 1 13 12 20 22 17 8 8 5 26 27 15 1 13 14 12 17 26
19 16 1 11 15 13 13 10 24 8 17 26 29 19 3 20 18 16 17 9
44 50 31 15 31 50 46 57 53 20 38 56 64 42 35 32 53 55 29 44
32 31 26 6 25 40 31 35 28 14 23 37 55 32 22 9 48 29 36 44
28 22 19 8 14 22 23 24 41 4 28 36 37 20 1 18 31 28 28 8
30 24 28 4 17 37 31 44 39 7 22 35 42 35 17 24 51 37 23 21
50 38 29 31 27 44 54 52 55 32 33 57 57 54 21 32 57 51 39 39
39 34 25 1 30 40 29 25 27 18 31 38 50 34 23 13 43 29 36 44
12 12 3 1 6 19 6 8 10 7 12 14 24 12 8 1 16 8 11 15
16 7 4 1 3 13 6 1 13 2 10 11 10 11 1 2 13 2 9 4
52 49 29 30 29 46 50 46 39 36 40 59 63 42 35 9 46 50 41 44
25 14 11 1 14 17 15 13 20 13 14 24 25 23 7 10 18 14 14 25
16 10 13 3 6 18 12 23 22 6 9 20 26 16 10 11 26 16 13 11
14 7 8 9 3 23 14 17 14 3 13 22 19 21 10 8 19 18 7 18
25 20 11 15 15 23 23 25 32 4 14 28 34 27 7 23 29 26 23 15
39 31 13 15 33 45 36 43 39 18 40 57 61 54 22 34 57 43 31 47
54 48 45 29 39 54 61 52 41 20 22 38 61 44 32 22 61 43 55 49
26 14 7 6 16 21 24 27 27 12 14 35 38 22 1 19 33 16 24 23
20 17 1 9 16 12 15 8 12 9 9 17 26 10 1 13 12 10 19 15
11 5 1 2 5 7 3 1 15 1 12 15 11 11 2 7 7 6 3 5
4 1 2 1 1 12 1 4 7 1 2 3 10 4 1 1 9 2 4 2
22 9 15 11 10 25 17 21 32 3 20 25 32 24 6 14 24 23 19 19
7 4 4 1 1 16 6 13 12 1 6 11 18 13 7 1 15 13 1 7
52 47 53 28 25 69 55 49 50 16 47 46 61 57 44 10 67 51 52 43
53 39 32 9 37 38 47 46 59 20 33 49 58 54 20 42 65 52 34 31
51 52 41 33 17 60 60 54 59 36 38 56 62 47 42 29 48 55 32 47
41 37 31 17 18 39 43 36 35 26 24 40 51 30 23 8 45 28 42 35
23 10 4 8 15 15 17 22 24 13 11 28 29 22 5 18 21 20 8 18
45 39 24 25 22 40 46 37 53 21 26 43 46 42 31 40 46 46 31 21
16 8 6 6 7 7 9 6 14 5 6 8 10 9 1 7 5 8 5 3
17 19 1 6 11 18 15 13 15 13 9 28 34 13 9 12 13 17 11 23
12 7 7 1 2 7 7 7 9 3 2 8 8 12 4 3 9 10 2 4
49 39 40 16 10 44 39 44 57 18 37 50 38 53 36 14 53 48 26 21
18 7 7 4 4 10 11 10 20 3 5 9 14 11 1 3 11 6 6 5
39 26 29 13 15 40 36 29 42 18 30 43 41 40 20 19 44 33 29 30
15 8 4 4 11 13 6 8 11 6 12 21 12 21 6 15 17 13 6 11
23 25 1 4 17 15 16 11 21 17 15 31 36 15 9 15 16 22 15 25
18 13 10 6 6 18 14 23 25 5 14 23 30 19 10 9 23 21 11 12
18 7 3 4 11 7 9 11 14 9 7 19 14 13 1 14 14 9 4 12
30 31 26 12 12 41 30 40 46 14 27 41 52 33 28 21 44 36 23 34
9 4 4 2 3 4 6 9 11 4 1 8 10 7 1 4 9 5 2 2
34 19 23 6 7 22 24 21 41 6 18 26 21 30 12 13 31 23 13 13
47 47 27 24 43 37 50 56 65 36 44 72 73 41 28 56 56 62 32 42
27 21 6 10 15 27 30 31 18 15 16 38 39 29 11 13 29 27 18 36
40 24 28 9 18 39 31 26 40 18 33 39 44 39 18 11 48 27 36 22
9 1 1 3 1 10 3 3 9 1 4 6 10 2 1 2 5 1 3 1
16 1 9 1 4 19 7 6 13 1 13 14 14 20 3 3 22 9 9 13
12 5 3 5 4 11 5 4 10 3 6 10 10 9 1 6 7 5 3 3
28 18 17 2 17 25 17 22 26 9 16 27 34 30 11 16 36 19 21 23
16 9 2 1 8 3 4 1 11 4 4 7 9 9 1 6 8 5 6 2
20 6 1 2 9 8 15 11 15 6 8 21 11 16 1 13 19 9 3 9
46 35 27 5 24 37 42 46 45 17 28 48 53 44 19 23 57 39 31 35
21 7 20 5 11 28 24 24 19 6 8 14 26 25 8 9 33 15 18 19
42 54 9 32 40 49 52 52 41 34 42 74 68 49 27 44 45 56 36 62
10 7 9 7 1 22 9 9 9 4 9 9 17 9 7 1 16 7 11 7
18 12 1 6 14 19 16 18 11 11 11 27 26 25 5 18 21 18 8 23
42 22 17 14 32 36 36 24 36 14 27 41 43 44 7 30 40 33 34 39
23 10 9 8 5 14 17 14 29 1 15 21 22 18 1 9 15 18 13 5
27 37 19 21 19 41 37 40 53 16 40 61 62 35 16 35 42 47 34 36
41 34 32 13 36 49 43 51 51 16 41 59 69 42 21 38 59 51 42 45
41 41 31 19 19 38 40 38 64 24 45 60 59 37 21 30 48 51 36 22
18 10 7 11 14 19 19 23 16 15 7 18 23 20 7 18 27 15 8 17
29 16 15 8 7 20 20 12 30 12 17 18 26 17 4 1 23 12 22 7
18 18 17 6 6 30 16 13 17 3 19 19 25 19 15 5 29 14 20 14
14 16 4 2 10 17 10 13 12 3 9 19 31 14 6 11 20 8 16 12
17 11 1 3 11 13 12 8 10 11 7 22 22 14 2 10 12 8 8 19
24 20 16 16 12 34 26 25 33 1 17 28 36 27 7 19 35 21 30 17
11 7 1 1 6 10 4 1 8 5 3 8 17 6 1 2 5 3 5 7
26 21 13 15 11 37 29 26 32 18 25 39 41 30 15 17 30 23 20 33
37 19 16 6 19 19 20 9 30 11 26 26 23 31 3 15 32 18 24 12
6 16 10 15 8 31 21 25 14 6 3 16 35 12 8 10 25 11 25 21
12 7 4 3 2 18 6 12 15 2 12 20 23 13 8 4 16 10 6 12
22 6 10 4 14 22 12 9 25 2 21 23 23 26 4 12 24 12 13 16
41 28 15 15 26 28 35 21 38 20 24 34 47 29 10 22 33 26 36 28
1 1 1 1 1 6 1 1 1 1 1 5 3 2 1 1 2 1 1 5
21 12 2 9 12 12 19 20 23 12 10 28 26 15 3 15 18 11 11 18
29 15 5 5 16 9 17 11 23 9 15 25 20 23 1 18 21 17 13 9
9 7 1 2 5 10 4 3 5 6 7 12 13 9 4 4 7 5 5 9
17 7 14 2 12 17 11 10 20 4 13 15 16 19 5 10 21 8 14 18
28 24 13 1 14 33 19 17 18 11 25 30 35 30 14 4 37 16 24 25
43 24 28 8 14 37 41 35 38 14 16 29 35 39 15 19 44 29 25 26
50 43 24 16 32 47 47 39 39 15 34 53 57 52 20 19 53 48 39 50
26 13 9 7 13 19 12 9 22 5 15 17 23 20 1 13 22 13 18 11
29 20 11 5 15 15 22 14 20 14 9 19 26 12 6 5 21 11 20 16
42 45 32 31 35 52 55 52 21 25 13 43 60 42 28 26 58 44 51 55
18 15 9 1 9 26 5 13 16 5 22 25 23 25 15 6 25 19 8 23
10 8 4 4 5 13 7 10 14 1 7 7 20 5 4 6 12 3 11 2
7 6 2 1 3 11 4 3 4 3 1 3 13 1 2 1 8 1 7 2
55 45 34 11 37 46 51 48 55 25 45 60 73 53 22 28 71 48 49 42
47 42 21 14 23 39 34 33 47 15 44 53 51 55 32 24 56 48 28 21
15 15 5 14 8 31 17 17 19 1 21 29 29 26 10 14 24 21 16 21
19 24 21 13 3 37 24 25 19 8 24 30 36 22 24 1 33 23 23 22
42 37 32 10 13 34 47 46 52 18 19 43 43 30 19 24 48 37 30 17
18 11 6 5 8 13 12 1 13 9 12 14 15 12 6 1 10 10 10 12
20 20 14 10 3 24 24 22 30 9 14 30 28 18 13 16 23 21 10 16
22 12 15 13 14 37 24 18 23 3 24 28 31 29 11 14 27 23 25 33
20 7 11 1 5 15 12 13 19 1 13 22 15 20 8 9 20 13 8 12
18 10 8 7 3 18 17 12 18 4 11 16 21 15 6 3 14 15 10 13
47 47 29 29 29 63 50 58 64 20 52 75 79 63 29 31 69 64 47 46
45 25 24 12 31 26 36 28 31 23 18 39 44 30 12 17 38 26 30 39
17 2 6 3 4 6 11 10 14 3 5 13 4 14 2 8 11 10 1 5
18 15 14 4 11 24 22 29 16 9 6 24 32 24 14 10 34 20 12 26
34 21 16 4 23 20 28 24 23 20 13 27 34 20 7 10 40 14 30 25
3 1 1 3 1 7 6 5 4 1 1 8 8 2 1 1 3 4 1 6
15 9 3 3 8 10 8 2 9 6 6 9 15 9 2 4 4 8 5 8
38 18 15 2 21 20 23 22 36 12 20 32 35 34 6 18 38 22 21 22
17 9 15 1 2 24 14 14 21 2 14 20 22 17 6 4 27 6 18 14
26 23 11 11 11 33 26 23 27 20 20 37 40 25 15 13 29 21 21 32
40 20 32 19 12 41 36 25 42 11 29 28 36 37 15 11 39 29 34 18
34 31 17 9 16 26 38 35 30 19 6 29 37 22 18 20 34 24 20 26
20 9 13 9 1 14 17 10 22 6 13 16 13 15 5 4 13 13 11 4
16 10 9 10 4 26 20 21 14 3 4 17 23 22 7 11 23 19 14 14
8 5 1 3 5 14 4 7 7 3 7 15 15 15 3 8 12 6 2 7
30 17 14 1 11 11 15 8 31 4 19 20 17 23 6 12 22 20 14 4
55 54 37 42 24 55 67 63 67 34 34 63 54 57 35 42 54 62 38 36
41 25 17 5 31 35 30 25 27 21 27 41 44 39 14 19 41 29 27 44
49 41 22 21 39 51 40 31 50 22 55 61 63 56 33 36 56 51 42 44
52 45 39 30 31 56 53 39 56 22 41 46 65 52 22 21 61 44 60 30
50 58 28 27 34 58 68 66 47 32 27 64 71 55 38 39 65 60 37 62
54 42 35 27 32 55 63 50 51 29 32 50 61 57 21 28 64 47 50 48
29 28 23 4 25 24 22 22 37 10 24 24 45 21 9 19 41 22 37 18
32 29 16 12 24 43 30 31 18 12 23 35 50 37 16 13 41 31 32 40
15 6 6 9 9 21 9 7 14 1 11 12 19 15 1 11 16 9 15 10
41 29 32 29 21 48 50 47 57 30 37 59 59 40 21 33 45 46 33 43
21 5 5 5 9 8 15 18 24 8 8 22 15 17 1 13 20 12 5 7
27 33 23 21 16 47 46 58 43 13 17 46 55 38 22 33 52 45 32 39
9 5 1 5 5 8 6 7 8 5 4 13 9 7 1 7 7 1 4 8
28 13 21 3 6 26 19 18 28 1 18 21 16 32 15 10 30 22 10 20
22 10 12 10 12 32 26 31 21 10 12 29 37 32 9 18 34 24 16 32
49 45 21 31 44 50 57 45 56 36 41 68 70 54 23 51 51 57 34 63
18 6 3 6 9 12 11 11 13 7 9 18 12 15 1 12 18 6 7 11
22 11 7 3 10 13 13 8 14 10 10 18 16 17 6 8 15 12 8 15
29 27 16 13 17 41 32 37 30 15 28 45 52 35 14 19 47 31 36 31
6 8 1 6 1 19 10 15 14 8 10 27 20 14 12 10 15 14 1 21
15 6 7 1 5 8 7 5 16 1 12 14 4 14 1 9 15 4 8 5
32 29 15 1 11 26 20 21 30 5 21 26 32 31 18 9 33 27 14 15
46 36 27 9 34 52 37 43 36 15 40 46 56 56 32 22 61 44 27 44
26 12 7 7 17 24 18 11 14 12 14 23 28 21 3 12 21 11 19 26
51 43 9 41 48 44 51 48 57 35 40 61 63 55 24 57 61 53 50 39
13 5 9 2 4 16 8 9 9 4 4 7 12 11 2 4 18 4 10 5
30 13 12 1 16 22 13 4 25 3 22 23 25 26 1 11 30 12 22 13
42 42 29 33 22 47 50 54 60 32 44 72 66 47 28 42 51 59 34 39
29 20 29 6 14 33 26 33 36 5 23 28 38 32 20 13 47 26 26 24
40 28 18 13 20 35 40 34 25 20 18 39 43 38 13 15 45 35 32 36
38 42 16 13 37 20 34 28 40 25 27 44 57 25 15 30 48 34 44 17
30 11 15 7 14 26 22 18 23 6 14 21 26 29 4 13 27 19 18 22
56 41 23 3 40 42 41 47 54 22 48 66 66 61 27 29 68 56 32 49
11 7 7 7 4 11 11 10 9 5 1 7 12 9 3 5 11 8 6 4
17 16 14 9 1 28 25 24 18 1 10 23 30 22 11 7 25 20 19 18
24 29 19 20 20 32 40 43 27 13 15 39 54 16 16 12 40 22 40 35
30 24 14 12 11 34 32 24 26 8 16 31 36 31 10 11 31 26 26 30
7 5 1 6 3 20 7 13 13 2 6 13 27 7 4 4 13 7 10 8
15 7 6 4 7 9 5 4 14 1 8 9 9 11 1 9 12 9 5 4
20 19 3 4 13 15 10 11 16 9 16 25 29 19 9 9 12 16 10 21
35 32 23 12 24 43 37 43 26 19 21 34 52 38 25 15 48 32 30 42
17 14 14 17 16 26 31 41 30 8 8 31 35 27 5 26 40 32 24 19
14 8 4 1 6 9 6 8 12 2 3 12 16 10 1 8 14 5 7 5
54 50 31 17 39 48 53 37 49 29 41 60 69 46 28 27 60 44 53 50
35 34 6 12 30 13 28 20 30 25 18 37 49 18 13 21 35 24 33 20
41 45 21 26 33 54 52 64 35 23 32 59 63 57 38 34 59 56 22 57
24 28 25 31 24 51 42 47 25 14 23 44 51 36 28 18 47 35 37 46
19 13 12 12 4 25 21 19 25 13 19 33 25 24 12 10 24 18 13 19
44 42 22 16 22 45 47 57 45 27 23 53 50 49 39 33 50 53 6 44
6 8 2 6 6 11 9 4 3 7 1 5 12 4 1 2 7 1 9 8
33 30 16 7 22 34 27 34 24 14 20 34 40 41 22 20 43 34 18 29
19 16 16 4 7 22 17 17 19 8 10 14 26 17 14 4 24 15 15 13
23 28 7 17 20 31 27 34 33 8 27 42 48 31 11 21 31 35 26 31
30 15 15 12 18 29 33 27 35 18 19 36 32 27 12 24 34 25 15 34
19 12 12 4 7 22 13 13 16 3 11 15 20 16 6 9 27 4 17 9
51 39 25 9 27 44 46 46 41 21 27 44 52 51 24 25 56 42 30 39
16 20 8 2 6 28 13 18 14 4 18 25 32 19 15 3 27 15 14 20
37 34 17 18 20 51 37 43 25 22 37 51 50 49 29 17 53 39 25 35
22 18 6 11 12 28 21 24 30 2 19 37 40 29 5 21 35 26 24 15
34 42 38 22 19 46 52 56 57 19 28 45 58 21 29 35 44 45 29 31
25 20 4 1 15 15 14 22 29 8 23 39 31 34 13 19 30 31 7 21
45 41 23 18 31 42 45 35 39 17 33 48 68 37 20 16 51 37 50 43
47 30 36 17 18 37 33 28 52 19 41 43 39 49 24 10 46 37 31 22
12 4 3 3 3 9 4 7 17 3 5 11 13 6 1 5 13 5 3 1
44 40 20 33 30 47 52 50 48 32 34 62 62 50 22 39 53 47 37 42
29 12 10 3 21 15 19 16 23 17 10 20 24 24 3 16 27 14 14 25
26 18 12 22 15 36 33 34 36 12 16 36 39 33 8 25 32 28 24 33
53 42 25 19 39 37 45 40 37 35 31 54 57 42 24 31 55 37 37 47
33 27 24 16 25 45 45 34 29 12 19 34 48 35 11 20 44 26 43 43
13 7 5 7 3 12 14 11 22 5 11 21 18 9 3 6 10 7 7 10
25 14 6 6 18 17 13 4 23 6 19 18 25 24 1 16 24 13 21 9
23 10 15 5 7 17 19 21 21 7 6 18 11 26 10 13 23 20 4 15
56 39 34 20 29 40 44 40 51 33 38 50 43 57 30 31 55 46 26 37
30 17 9 1 16 16 15 10 27 11 20 31 28 25 2 11 26 12 19 20
16 8 7 10 5 22 16 11 15 5 16 23 17 19 6 11 18 12 12 12
21 11 9 11 5 23 18 14 22 8 20 27 24 23 8 10 22 15 14 10
61 45 38 27 41 60 54 49 63 33 55 69 76 65 28 36 72 55 62 44
36 22 16 6 21 26 32 31 31 22 18 38 41 32 14 18 39 23 19 35
34 37 8 13 32 33 27 36 38 14 48 58 60 39 25 23 51 44 26 27
23 23 18 10 19 34 24 28 36 14 22 37 51 25 15 21 37 24 29 31
17 7 1 2 8 5 8 6 11 5 7 18 11 10 1 9 10 4 4 9
48 35 39 16 36 52 47 47 42 26 37 49 55 56 34 34 60 44 32 52
52 30 34 7 21 45 48 47 62 16 26 51 45 52 25 36 57 47 24 33
17 9 1 4 12 7 7 8 13 7 10 19 11 15 1 16 16 9 5 8
13 8 2 1 5 16 9 12 5 6 7 19 17 18 6 6 17 15 2 17
11 3 1 4 8 8 9 17 15 7 3 19 16 13 1 13 17 8 3 7
19 11 4 3 8 18 9 13 25 3 18 28 29 20 2 12 27 14 15 6
45 35 34 22 21 41 53 48 40 22 21 39 46 40 26 21 53 38 36 37
53 46 20 25 31 35 44 33 55 33 46 62 64 50 27 28 50 48 42 28
65 52 40 9 39 42 52 55 68 31 37 63 58 61 32 50 71 60 29 35
24 22 10 11 20 23 28 32 22 10 8 31 46 20 8 19 32 22 28 26
18 14 5 2 9 19 18 19 8 11 8 25 25 23 9 5 21 19 7 26
36 36 33 15 24 55 41 42 36 12 34 43 56 42 36 15 51 39 34 49
45 27 23 10 14 22 31 24 40 15 25 35 23 41 15 18 41 34 19 3
47 36 26 16 28 49 47 46 46 15 29 46 53 58 23 33 60 46 29 44
5 3 1 2 3 10 6 7 4 4 1 10 13 6 1 4 10 1 4 8
31 29 16 1 23 36 24 26 31 9 30 42 54 34 16 11 47 21 32 37
12 3 1 1 6 7 2 9 12 2 6 17 13 11 1 10 13 5 3 8
37 38 9 23 32 42 28 38 36 20 47 56 59 50 29 26 51 47 26 35
20 22 9 11 17 21 25 22 8 10 6 18 33 10 9 11 23 9 26 22
6 4 6 4 1 21 8 11 11 1 6 9 20 6 4 1 14 1 10 11
43 36 38 28 22 47 46 46 60 17 41 54 57 48 19 24 57 47 46 25
52 41 21 14 35 35 36 26 41 26 41 54 58 45 17 22 52 37 42 38
12 13 2 4 10 9 10 17 31 4 14 30 30 8 2 19 21 19 11 8
16 11 8 5 1 18 13 17 17 2 8 13 18 19 10 5 15 17 4 10
14 8 6 6 5 14 10 12 19 7 8 20 19 13 6 11 12 14 4 14
25 24 26 8 5 35 23 21 23 7 21 21 29 26 21 3 36 23 24 18
60 48 37 32 32 45 54 49 68 43 49 70 58 62 36 42 57 60 31 43
22 22 23 15 9 33 25 22 22 4 19 23 27 21 17 6 35 13 27 14
31 21 18 9 14 30 31 35 30 14 18 31 34 36 20 18 41 28 14 24
35 37 18 26 26 37 41 42 42 28 20 49 61 29 16 32 37 39 35 42
23 22 2 6 20 30 13 22 10 10 24 33 32 34 16 14 32 25 9 25
12 5 10 13 5 23 17 25 23 2 9 24 26 21 3 16 23 21 17 16
1 1 1 5 1 5 4 6 3 1 1 3 6 1 1 4 1 1 2 1
22 12 3 1 13 9 13 13 19 9 6 21 25 17 1 10 17 14 8 12
28 24 25 20 16 37 36 40 31 11 19 35 44 26 18 15 45 28 34 24
32 21 29 12 16 34 32 23 33 5 23 25 35 27 15 11 39 22 30 25
7 2 2 7 2 13 6 5 7 1 3 5 9 4 1 4 8 3 6 6
50 50 40 34 32 53 59 53 55 41 35 58 73 33 33 31 52 43 41 53
6 1 3 2 1 8 3 8 10 1 1 5 10 4 1 3 9 3 2 1
7 6 2 2 4 10 4 2 3 5 1 5 12 1 1 1 7 2 7 7
8 5 1 6 2 20 6 8 6 1 10 14 18 15 5 6 10 14 5 12
31 17 18 5 22 31 24 12 26 13 20 17 34 21 8 11 23 15 28 26
10 5 2 12 2 16 13 14 14 2 5 15 18 10 1 11 12 9 10 9
39 20 19 9 22 31 36 27 32 17 20 34 43 31 7 17 36 21 31 33
24 11 10 4 8 12 12 5 25 1 16 18 15 18 3 9 17 15 10 4
24 8 13 3 7 18 12 11 27 1 13 12 19 20 4 7 24 11 13 5
5 1 1 3 1 4 4 5 7 1 1 5 6 1 1 1 2 1 1 4
24 14 2 12 12 19 28 25 23 18 5 31 32 14 3 17 19 15 16 28
24 16 11 11 8 31 22 24 26 5 19 32 34 32 8 16 32 25 19 17
26 25 14 4 18 21 28 42 35 17 18 43 47 29 18 24 39 35 15 31
30 18 13 17 15 28 36 29 30 21 17 37 33 30 8 22 32 25 23 32
23 20 5 8 14 21 19 13 19 7 19 26 34 21 7 18 24 16 25 11
25 9 6 4 14 16 18 17 20 13 6 18 24 22 1 13 21 13 10 17
29 22 23 10 18 39 35 35 33 19 18 37 45 35 22 22 41 32 20 42
50 39 39 1 26 38 43 40 54 18 23 45 48 45 26 28 50 45 28 30
15 8 1 9 11 14 16 15 7 12 3 13 18 10 1 13 16 8 12 15
28 19 18 2 9 36 20 27 29 1 26 29 33 34 20 2 37 26 12 26
18 10 7 3 5 10 12 2 14 6 9 14 12 10 1 2 10 8 9 9
10 1 2 2 2 14 1 4 15 1 8 11 14 10 1 4 12 3 3 4
41 27 25 12 13 26 34 30 41 19 22 35 33 34 15 14 37 29 26 17
63 55 31 16 30 53 52 42 49 22 43 55 63 60 32 25 64 55 46 37
64 53 33 17 45 43 47 42 55 35 54 73 73 58 27 30 74 57 56 43
20 7 12 6 8 22 13 13 24 6 12 13 26 15 3 1 21 11 15 12
47 32 10 8 31 14 36 25 43 28 27 50 43 40 12 31 35 37 19 32
32 42 33 35 8 56 56 56 53 21 25 50 56 38 30 29 47 45 34 34
55 42 38 15 40 48 47 53 65 20 53 64 66 61 25 40 75 58 39 39
49 33 29 8 31 33 35 21 51 14 35 30 41 44 23 28 49 37 36 17
34 27 36 4 19 43 33 41 43 7 29 35 45 42 26 22 56 38 29 29
25 18 16 1 16 17 21 29 32 6 20 35 35 18 7 18 32 25 19 15
40 37 31 7 19 36 40 49 49 7 27 46 47 43 26 32 58 45 27 22
19 8 1 6 10 15 13 12 15 7 14 24 20 20 4 14 18 13 7 14
41 34 16 26 23 39 43 31 46 19 34 54 51 50 16 34 50 44 41 25
37 26 16 16 17 23 33 29 33 19 19 40 43 25 6 15 34 28 33 21
17 6 7 4 3 14 11 8 18 4 15 25 15 17 5 7 15 11 7 12
14 6 3 2 3 3 6 1 11 3 7 8 4 5 1 3 6 3 5 1
33 21 21 7 5 35 30 28 29 7 16 27 23 37 17 17 38 31 14 16
29 21 6 5 22 13 16 12 21 15 14 27 29 23 5 17 20 18 17 19
47 44 36 34 20 41 52 48 58 38 36 55 51 40 34 29 39 46 20 32
22 25 8 18 15 31 33 36 30 27 20 45 45 25 20 24 28 29 12 40
25 23 22 7 13 37 27 20 25 8 21 25 43 24 14 1 39 14 32 24
28 23 20 3 13 36 25 36 25 5 23 37 36 37 23 10 47 29 17 33
14 5 4 1 2 7 4 2 14 1 8 10 9 12 3 3 6 11 1 3
31 35 18 33 22 52 44 50 56 19 40 61 61 43 22 36 45 51 36 49
53 54 24 27 47 36 64 60 55 39 32 67 81 48 28 50 67 59 50 46
52 45 30 20 25 45 40 44 41 24 47 53 42 59 42 13 52 52 13 32
42 38 31 11 29 45 35 28 43 10 40 36 55 47 30 21 54 41 39 30
16 9 8 5 10 21 16 26 21 6 8 25 33 17 4 17 29 17 16 14
47 39 33 9 29 57 45 50 49 11 39 52 61 60 32 34 63 52 37 47
22 24 15 3 5 31 24 31 21 5 10 22 33 26 22 9 29 25 10 22
33 23 22 10 8 27 24 15 28 16 21 23 27 24 12 4 28 18 26 10
19 12 6 4 12 5 11 7 11 11 5 12 11 11 1 10 7 7 9 9
35 25 8 16 21 22 33 29 39 21 17 41 43 29 8 29 30 30 24 28
46 47 13 23 37 51 47 60 50 22 34 59 70 58 25 41 67 57 41 47
37 28 20 15 15 30 44 42 39 25 9 32 38 26 20 26 34 30 18 31
60 39 42 23 35 55 56 46 56 31 45 55 58 60 28 34 65 48 47 36
49 34 28 20 26 40 44 48 48 20 21 42 40 52 25 44 52 47 20 28
13 11 1 1 10 8 1 8 19 4 9 18 19 13 1 12 17 8 7 5
6 1 1 2 1 8 3 2 4 1 6 13 9 6 1 1 4 3 1 7
21 12 6 1 13 13 15 19 16 9 7 25 27 22 6 15 23 17 8 19
16 9 1 5 9 14 6 8 17 3 16 22 19 18 6 13 16 12 5 9
48 35 22 15 25 43 43 43 45 17 28 43 47 56 21 33 54 45 26 37
49 31 25 24 39 46 48 44 57 21 38 59 56 58 15 42 57 48 37 49
11 5 4 4 1 14 8 2 10 1 7 7 9 6 1 1 12 2 9 1
50 43 31 14 35 38 42 53 57 22 39 54 55 53 26 42 61 55 26 33
46 31 30 7 13 36 33 25 47 10 28 35 32 44 20 22 44 37 23 16
20 12 8 2 5 17 12 10 21 1 12 16 22 17 3 7 21 11 13 2
55 44 39 13 30 47 44 39 67 20 59 63 65 60 28 27 65 56 48 30
36 38 32 15 32 42 38 38 42 11 36 44 59 31 20 21 54 29 47 30
14 6 2 3 4 11 5 1 14 1 11 13 11 10 1 5 10 6 3 4
11 1 5 5 1 7 6 5 13 1 6 9 7 5 1 1 7 6 1 7
49 49 28 29 35 49 52 46 46 28 46 65 67 57 36 32 67 51 47 41
20 12 7 1 7 14 5 9 19 1 16 17 19 21 9 8 18 20 7 7
24 15 5 10 14 24 23 22 21 10 19 39 29 33 5 22 29 23 16 27
58 53 32 25 53 62 54 58 48 26 48 65 84 61 37 31 75 54 54 65
33 29 22 12 27 28 41 44 38 19 22 42 51 22 12 30 45 30 34 29
29 13 11 2 17 14 13 7 20 10 15 20 18 24 2 12 19 12 15 19
12 12 6 8 3 26 13 16 15 4 18 24 24 22 10 7 23 14 10 15
19 8 4 6 12 24 15 12 10 10 10 17 25 19 3 10 20 10 16 22
53 49 47 23 18 66 61 57 59 21 27 57 56 62 40 40 66 57 42 30
18 9 9 9 5 10 16 12 20 6 9 11 15 10 1 5 11 10 11 6
46 29 18 5 34 40 39 33 31 22 32 48 51 45 16 22 47 35 32 50
66 56 49 22 27 64 66 51 60 25 38 57 68 63 35 30 71 55 56 39
29 17 8 8 13 15 24 18 21 7 11 22 25 22 2 17 25 18 21 13
1 1 1 4 1 13 3 6 4 1 1 7 15 3 1 1 6 3 2 4
38 37 33 23 25 41 46 49 47 18 28 49 57 34 25 20 52 38 39 35
45 36 30 14 39 45 40 39 43 21 39 53 59 54 29 34 62 46 35 50
58 46 35 20 28 42 54 49 64 36 42 66 63 52 28 26 57 55 39 41
36 22 18 17 27 40 35 37 45 16 29 51 59 39 12 33 47 39 36 40
19 8 10 10 7 24 16 14 19 4 14 22 21 19 6 13 22 12 15 12
27 12 15 8 9 23 28 29 22 9 6 23 17 33 12 20 28 28 5 23
34 25 25 10 25 35 26 27 48 1 42 42 47 30 10 25 44 35 35 20
28 16 18 4 23 18 19 22 32 12 22 31 32 28 5 21 32 24 22 22
15 6 4 5 5 23 13 9 13 4 8 10 27 9 1 1 14 4 18 15
43 41 40 24 5 57 50 46 54 24 31 49 43 45 40 29 45 51 18 32
36 35 32 32 30 56 58 60 49 26 22 51 65 49 29 37 58 49 35 58
12 1 6 6 3 14 6 5 11 1 8 10 8 8 1 3 10 3 7 10
19 1 8 4 3 22 15 11 15 1 11 17 14 21 1 7 22 12 11 13
14 9 2 7 8 15 12 7 10 8 7 13 18 10 2 7 10 4 11 12
39 38 16 20 30 42 41 46 43 19 31 53 62 55 26 38 63 50 37 33
33 39 20 24 27 39 46 37 33 20 17 39 59 23 16 22 43 27 47 43
28 17 12 4 6 11 19 8 25 6 13 16 16 19 4 4 15 15 11 3
13 15 12 11 9 23 17 21 13 4 10 21 28 12 13 11 22 11 16 18
61 48 42 33 47 48 70 58 44 38 28 54 68 43 34 29 65 48 54 65
8 6 1 9 6 14 9 10 8 4 6 14 15 11 1 12 10 6 6 8
27 24 3 2 16 16 17 13 17 12 20 35 30 22 8 7 22 20 15 26
15 7 1 3 7 10 6 10 19 2 10 22 18 14 1 11 18 5 5 7
59 53 28 28 46 35 53 29 56 42 45 63 61 42 28 41 49 48 49 45
7 3 1 5 1 14 9 12 8 4 6 20 18 9 4 5 9 10 1 16
24 21 12 16 12 36 28 28 31 9 17 31 43 31 13 16 27 29 20 35
25 41 27 35 24 57 50 60 44 23 26 55 71 35 29 37 49 48 39 54
4 3 3 2 1 13 4 10 13 1 4 10 17 2 3 1 14 3 6 2
3 1 1 1 1 4 3 3 5 1 1 7 5 2 1 1 5 4 1 6
27 19 23 12 12 27 27 29 37 13 26 36 34 27 8 16 38 27 26 13
28 18 6 17 19 23 32 39 35 20 17 47 46 30 11 30 30 35 14 36
4 2 2 6 1 9 7 12 12 4 1 12 15 3 3 3 9 6 2 9
16 19 8 7 7 27 19 19 16 11 16 27 34 17 15 6 24 15 16 24
30 28 12 17 23 42 40 46 36 21 22 51 60 38 17 28 48 32 33 48
21 9 11 1 3 17 9 13 27 1 15 21 19 23 7 6 26 16 8 6
15 7 4 7 8 10 8 9 17 1 8 15 15 13 1 13 12 11 8 6
16 11 3 2 5 11 12 1 11 7 10 16 16 8 1 1 7 5 10 12
19 17 8 3 16 7 18 20 23 12 9 24 31 3 1 8 19 14 20 17
16 8 4 4 6 8 8 9 18 6 8 18 15 9 3 10 11 10 5 9
19 8 7 1 11 16 10 16 20 11 12 22 22 18 4 11 26 12 13 15
44 43 49 23 19 55 61 56 57 16 33 45 65 36 26 20 63 48 54 31
19 16 1 4 14 13 8 10 19 10 15 25 27 16 7 11 15 11 11 18
13 6 3 7 1 18 15 17 19 3 14 29 24 16 5 7 16 13 8 16
35 20 13 12 20 22 27 24 28 14 15 28 32 32 6 21 27 24 23 24
20 17 26 5 6 29 26 33 32 1 9 15 34 17 11 11 35 21 23 14
37 32 29 3 13 39 28 22 38 2 30 30 39 41 21 12 49 32 28 22
15 20 5 12 11 38 18 29 9 6 23 30 39 22 23 4 27 24 12 30
36 15 19 11 24 33 29 26 36 6 22 31 38 39 6 27 41 29 30 24
24 33 7 21 17 41 31 34 30 14 28 52 48 39 19 24 35 36 24 38
11 7 1 8 4 12 15 10 9 6 6 17 17 7 1 5 7 5 11 15
5 1 2 1 1 8 2 1 2 1 1 1 5 4 1 1 7 1 2 1
17 12 11 3 2 22 14 16 24 2 15 26 27 18 5 6 28 8 16 8
18 3 11 11 6 25 20 24 27 3 12 27 30 25 5 13 22 20 14 25
15 12 5 5 2 14 14 8 15 8 11 17 19 13 2 1 14 6 12 5
53 42 32 20 33 41 51 47 51 28 31 57 64 42 29 28 51 49 41 52
29 15 16 5 12 20 16 16 28 5 14 18 19 30 8 15 26 19 11 12
58 36 24 19 38 33 41 26 56 31 44 51 51 55 17 35 59 41 38 24
28 17 11 7 11 11 21 24 34 7 13 24 29 18 6 14 24 21 15 12
17 7 1 6 12 16 12 17 18 11 10 24 23 20 5 15 20 12 4 15
40 32 10 17 28 16 38 34 53 28 28 53 50 32 15 39 42 41 26 20
13 3 7 5 4 15 7 7 10 4 5 10 8 13 1 8 16 6 6 7
37 39 20 25 26 45 56 57 40 26 13 43 56 44 25 37 48 47 31 48
23 31 19 18 20 36 33 34 11 23 8 33 51 18 23 12 36 21 34 42
41 42 17 33 36 43 59 61 45 37 18 54 66 41 22 40 49 46 36 55
38 38 21 8 28 41 27 36 45 8 50 55 56 41 18 23 53 44 33 26
37 37 26 34 20 48 45 47 51 22 32 54 59 41 21 18 51 41 44 27
23 28 7 11 17 34 26 29 7 13 15 28 45 20 18 5 26 27 24 33
27 30 14 16 25 24 25 27 35 13 24 37 46 26 21 24 44 28 33 16
36 20 11 11 25 15 32 28 13 26 3 35 35 19 8 17 28 23 21 32
12 12 7 6 6 25 5 16 17 5 17 21 26 21 12 6 23 15 8 17
38 25 18 16 28 25 33 32 47 13 29 43 44 39 5 34 45 35 36 23
31 29 13 25 25 34 40 37 17 33 10 47 49 25 19 29 30 33 27 50
14 6 5 9 3 20 12 11 16 1 15 17 18 15 8 6 12 14 8 13
51 49 43 17 21 46 59 55 51 25 19 48 56 38 28 30 61 48 44 27
25 9 7 1 10 7 15 9 20 8 9 18 10 19 1 11 18 11 7 6
24 24 5 5 21 24 13 18 27 11 27 34 42 33 10 18 35 23 22 21
23 17 4 1 17 13 10 13 23 11 18 28 27 23 7 16 23 15 13 15
49 33 26 14 28 35 41 38 45 21 27 39 47 45 18 29 51 35 30 31
13 2 7 9 5 22 15 17 24 1 9 20 29 14 1 9 16 15 13 20
40 27 16 12 25 29 31 24 45 20 32 45 49 38 10 24 47 27 35 22
11 3 6 5 1 11 8 10 16 1 3 9 12 9 1 2 8 7 3 6
31 23 14 5 10 29 28 24 21 16 18 31 35 30 13 6 35 23 21 20
18 10 8 1 4 17 6 9 17 1 13 16 15 21 9 5 19 18 4 10
27 14 22 4 10 26 20 20 31 6 18 24 25 24 9 11 36 12 22 16
34 20 22 1 17 25 25 19 37 8 25 28 38 27 9 6 37 25 28 23
38 44 11 26 32 52 45 54 50 24 39 73 71 54 25 43 59 57 33 50
9 1 4 8 1 18 12 9 8 1 6 13 13 13 1 5 11 11 7 8
28 26 28 19 13 49 38 40 31 4 16 27 38 39 24 22 47 33 29 31
10 9 9 5 11 10 10 22 22 5 11 24 24 10 4 17 24 12 13 9
24 23 4 7 23 26 18 35 30 16 25 47 48 36 14 25 42 32 11 31
54 44 34 17 43 57 49 47 47 33 53 63 62 64 36 32 64 50 36 59
48 40 30 22 25 40 57 56 50 32 17 46 49 41 30 36 52 44 24 38
41 47 36 37 25 68 60 59 58 23 39 58 65 53 36 42 59 54 37 57
16 9 6 2 6 19 7 11 18 1 14 21 25 18 7 8 19 15 8 11
29 23 4 8 19 22 25 29 16 14 15 33 37 28 11 13 25 28 15 30
24 14 10 1 12 26 15 28 21 7 18 28 28 34 16 10 38 26 6 25
9 2 1 6 5 14 7 8 9 3 5 12 12 11 1 9 12 3 4 6
12 11 12 8 7 24 17 22 12 7 4 17 26 12 10 9 24 9 15 19
40 33 15 7 15 21 25 16 32 16 29 37 36 34 14 9 31 30 24 15
20 23 18 18 17 40 34 38 40 16 27 44 56 20 13 27 34 31 30 36
8 1 6 12 1 15 13 11 8 1 1 8 14 7 1 7 8 11 10 10
51 45 25 22 36 37 50 52 33 35 22 48 54 45 33 32 51 51 25 50
25 19 14 11 5 32 18 18 29 11 29 39 32 32 15 11 33 23 19 19
46 39 40 22 15 55 49 47 46 19 34 45 53 50 34 19 58 43 38 34
56 50 32 15 37 40 48 47 43 22 31 49 53 52 36 29 60 48 33 44
18 13 7 1 11 18 10 18 20 10 15 29 31 20 7 8 23 15 15 26
17 15 13 6 14 17 22 30 33 10 22 42 32 16 9 23 30 25 16 20
19 8 8 3 7 9 12 18 23 3 7 22 16 21 6 11 17 18 2 10
21 10 8 1 4 15 13 6 17 4 6 11 16 15 5 1 14 11 6 11
7 7 1 3 3 13 1 8 11 4 9 12 18 9 7 1 10 9 3 10
56 52 23 28 40 50 58 58 46 34 39 69 69 61 29 35 61 58 38 57
37 32 29 4 24 44 36 31 30 16 26 30 50 36 24 9 43 31 35 40
15 11 1 7 3 12 13 11 24 5 10 26 21 12 3 13 10 13 4 11
10 1 3 5 1 9 7 7 13 1 3 3 11 2 1 1 6 4 4 1
41 46 18 23 35 43 46 52 41 36 29 59 71 41 32 39 49 45 29 54
34 16 24 8 15 35 30 29 32 8 20 28 29 41 17 18 37 31 15 31
5 1 1 3 1 18 2 2 5 1 6 7 11 9 1 1 10 2 5 7
9 1 3 1 1 15 2 1 11 1 10 11 9 11 3 2 13 4 5 7
58 36 32 7 28 45 45 39 57 19 29 49 48 61 25 40 60 51 25 28
28 13 8 8 18 22 20 23 26 14 14 25 30 25 5 20 32 14 17 18
54 48 45 32 31 60 55 57 48 35 47 59 59 62 46 19 71 55 41 42
9 8 1 4 6 14 7 9 12 7 7 17 25 7 4 2 12 7 8 14
32 24 18 5 24 21 30 35 26 21 8 27 40 22 11 17 43 22 28 28
61 45 31 23 49 42 52 38 49 32 38 58 69 51 23 39 56 51 56 48
42 44 15 28 36 45 49 45 43 21 31 54 63 43 15 37 56 40 50 41
11 5 1 2 4 5 3 1 12 1 8 11 7 7 1 6 7 2 2 1
47 39 24 16 40 55 43 51 37 18 41 54 67 59 33 24 68 51 28 53
15 11 5 4 7 26 8 17 22 4 20 27 33 21 8 6 27 12 14 20
12 9 1 5 8 15 8 7 7 9 8 15 18 12 6 7 13 8 9 14
27 12 15 6 11 17 20 14 23 6 10 11 20 20 4 7 19 11 15 17
18 10 11 4 6 14 11 9 17 1 12 14 13 12 7 9 20 8 12 4
30 25 28 10 3 40 33 36 35 5 4 18 29 30 20 21 38 27 19 11
17 10 3 4 12 10 8 7 11 9 8 16 12 16 1 13 14 8 7 9
26 30 11 23 27 41 39 47 26 24 17 51 62 32 16 24 47 36 38 53
23 17 11 9 13 27 18 25 25 6 16 30 37 22 9 18 34 16 23 19
12 6 5 9 1 15 13 11 13 6 11 21 18 11 6 6 10 10 7 15
30 8 11 1 13 13 21 13 22 10 10 20 16 26 1 9 24 14 10 21
45 41 11 22 37 48 39 33 34 20 46 54 62 53 24 21 50 47 31 48
13 8 5 1 7 11 4 1 12 4 11 14 13 13 6 8 9 12 4 9
41 39 23 10 31 27 43 49 56 22 31 57 58 43 26 43 59 53 29 29
13 2 6 3 1 9 9 4 13 1 9 14 7 10 2 1 5 9 3 8
26 12 2 1 19 6 11 8 17 12 10 18 15 21 1 16 21 9 10 14
22 8 12 2 9 19 14 5 16 6 15 18 17 21 2 4 20 9 14 18
55 44 35 14 23 41 53 53 52 33 28 55 57 49 31 21 61 46 37 33
19 17 1 13 12 18 20 14 23 8 17 33 32 20 3 21 18 20 18 18
41 42 30 19 19 37 45 42 33 28 11 39 45 27 30 27 38 37 25 37
39 31 21 4 24 23 34 40 34 21 10 35 43 30 15 22 46 29 26 29
45 44 25 9 21 41 47 52 47 24 25 55 58 42 28 26 57 47 29 40
46 50 26 20 32 53 51 67 43 20 31 57 72 51 42 30 62 59 31 52
29 18 13 11 18 33 25 15 33 7 26 32 42 32 3 15 33 21 30 24
17 10 5 5 10 13 11 8 13 9 5 13 18 13 1 9 12 7 8 11
17 12 6 8 10 13 14 6 9 11 4 8 16 7 1 4 7 6 13 11
46 42 17 15 35 19 35 22 34 28 22 33 46 30 20 24 41 33 38 18
52 36 39 23 17 52 53 47 56 27 32 47 52 51 30 19 55 46 35 32
40 36 31 4 17 45 31 43 41 9 28 35 46 44 32 18 56 35 26 30
45 31 36 13 21 43 47 52 55 11 30 52 47 45 19 38 59 49 33 23
53 46 39 36 32 51 65 67 62 43 40 69 74 49 34 39 63 57 46 44
26 19 22 7 15 37 32 27 26 13 21 34 43 30 15 8 43 21 28 34
6 1 1 3 3 8 6 7 4 3 2 12 7 10 1 7 6 5 1 7
15 1 5 1 5 12 8 15 16 5 2 15 14 15 1 9 21 9 4 9
42 33 15 25 27 45 45 35 36 26 28 47 50 44 9 26 48 31 44 36
60 48 37 22 49 51 62 55 57 31 42 65 79 53 23 42 73 52 58 56
22 20 9 19 12 28 24 19 26 8 20 35 31 28 7 20 23 23 23 20
47 48 28 26 20 59 51 55 44 19 37 56 56 59 36 19 58 55 32 36
2 1 1 1 1 6 1 6 11 1 4 11 12 4 1 2 6 5 1 3
16 10 8 1 1 16 7 16 22 1 8 19 17 23 10 8 23 19 1 8
44 35 20 11 35 23 35 23 57 21 41 51 54 36 11 33 48 38 41 23
22 29 21 23 20 53 34 37 31 6 26 40 55 38 22 24 45 36 36 45
48 49 28 28 28 52 50 42 55 19 42 56 69 58 27 31 66 49 54 34
34 28 20 12 21 32 33 29 16 21 17 32 41 25 18 11 40 22 33 35
16 5 12 6 2 16 12 12 20 1 9 9 13 15 5 1 14 11 7 8
24 20 18 9 1 39 25 29 26 1 17 24 26 35 20 12 35 31 13 19
47 36 26 17 30 53 48 52 43 24 35 53 51 58 38 30 55 55 12 55
8 1 3 1 1 13 1 7 14 1 8 14 13 13 2 4 16 4 3 8
19 8 4 4 7 14 19 13 12 10 7 21 16 16 1 8 21 8 11 14
39 30 23 12 21 32 37 38 40 14 19 37 41 42 22 32 48 37 25 20
21 9 8 5 10 12 7 4 20 1 17 17 11 18 1 12 20 8 12 8
25 15 16 10 2 20 20 14 27 9 17 20 21 21 10 3 19 19 13 5
31 17 14 12 12 25 32 30 26 13 16 32 24 37 14 21 33 32 12 24
45 42 38 34 24 53 61 59 48 30 27 51 60 48 30 24 61 47 47 41
11 13 15 10 8 29 17 19 12 6 8 10 27 13 10 7 26 4 22 17
47 45 29 17 34 23 56 54 49 38 23 62 56 27 19 35 52 50 34 39
23 11 10 4 10 12 9 6 21 7 13 17 13 18 1 10 15 11 10 12
40 25 23 7 23 24 31 26 50 10 34 39 42 35 2 25 49 33 35 8
58 54 27 31 53 34 56 50 40 41 24 59 73 42 31 41 65 49 56 43
29 28 12 15 22 27 36 39 45 22 25 52 55 25 9 37 39 36 29 29
39 26 15 15 23 40 35 28 41 17 38 52 52 47 16 28 49 38 34 33
23 9 21 6 13 35 26 21 19 3 14 18 28 22 10 12 34 15 25 24
18 9 8 9 5 19 14 10 18 4 16 24 16 19 4 10 17 11 12 11
19 17 4 6 12 21 17 15 18 5 17 28 34 20 8 17 27 14 21 15
11 8 2 8 10 20 20 32 25 11 11 37 36 18 7 21 27 24 8 25
5 1 4 1 1 11 5 7 4 1 1 4 7 5 1 2 12 2 3 1
32 28 18 5 9 27 19 23 32 7 28 33 27 38 21 11 34 32 11 14
32 27 23 22 24 42 39 41 35 21 24 45 46 35 30 25 46 33 23 46
62 48 43 17 19 55 55 45 54 29 28 50 50 58 35 28 58 49 38 19
27 14 14 11 12 20 26 35 32 7 8 31 27 31 8 26 33 30 14 18
33 25 14 7 11 33 24 32 33 4 28 40 36 42 18 13 42 36 13 18
22 18 1 1 19 23 11 24 16 10 20 34 30 33 15 17 33 27 1 25
22 12 9 5 15 24 11 10 19 9 21 26 23 27 8 14 27 13 13 22
16 2 8 6 3 18 11 10 14 1 9 13 13 19 1 8 12 10 8 11
58 48 32 7 24 45 42 45 53 20 37 60 45 65 37 36 61 58 19 26
38 36 34 25 24 53 52 47 56 28 42 61 68 38 25 33 49 48 43 48
40 40 5 16 31 38 41 37 39 26 32 62 61 48 15 34 47 43 32 47
34 31 24 10 22 46 36 46 41 16 27 47 54 46 29 24 51 43 18 46
43 30 19 6 13 28 34 26 30 20 22 37 31 40 18 12 39 32 18 21
1 3 1 4 1 15 6 14 9 4 3 21 21 8 7 6 9 10 1 16
32 31 8 14 28 36 26 34 39 12 44 53 59 40 21 24 47 43 27 33
44 40 26 21 28 45 37 30 44 18 44 47 53 51 30 30 58 40 42 26
11 8 4 8 7 14 9 6 8 7 5 7 13 6 1 5 9 1 9 8
23 10 13 8 4 16 19 16 25 1 10 14 14 17 7 9 19 14 10 6
7 15 1 17 8 35 17 22 14 2 16 29 31 23 8 13 24 22 16 28
36 33 23 16 16 40 40 43 38 25 29 52 46 42 30 25 48 40 18 39
24 17 12 4 9 18 22 12 15 10 7 15 22 13 4 2 22 9 20 9
11 4 11 4 7 22 6 7 11 1 11 11 15 17 5 6 21 7 13 13
26 18 5 5 21 14 20 22 20 22 11 31 30 24 9 16 26 20 9 28
23 30 14 13 19 26 28 26 17 14 8 27 39 12 17 10 28 17 26 29
23 13 8 5 9 12 11 10 26 2 16 19 21 18 2 13 20 13 14 1
14 9 1 3 6 10 13 9 10 11 1 16 20 4 1 5 9 4 7 15
9 15 8 3 7 16 12 9 2 7 1 4 19 1 8 1 15 2 16 12
55 50 27 29 32 42 56 56 51 47 34 74 71 46 32 35 56 56 36 54
13 13 1 13 6 24 14 19 17 4 17 27 29 20 10 12 16 18 12 21
49 46 29 12 23 35 50 47 58 27 26 53 46 46 30 44 52 50 18 31
46 46 18 24 47 30 47 42 44 30 35 61 69 32 15 46 57 47 54 30
24 39 13 34 24 48 43 51 35 27 28 54 57 37 27 34 32 49 19 55
49 30 30 6 34 32 37 35 59 14 43 54 50 44 10 37 61 46 37 22
17 8 4 8 3 19 17 12 17 3 10 17 23 15 2 5 12 14 12 13
60 52 20 13 38 40 50 47 52 28 38 61 63 60 33 36 65 53 34 35
23 18 1 6 19 9 12 9 23 12 14 24 27 21 3 20 26 14 16 7
54 52 40 32 35 50 50 46 60 26 50 57 71 50 32 27 70 47 62 24
18 10 7 7 7 13 11 11 16 3 8 13 16 16 3 11 14 13 7 6
24 17 14 13 10 30 27 23 16 11 13 24 31 26 12 12 28 21 23 24
16 5 6 10 5 17 13 9 18 1 10 14 16 12 1 10 14 9 11 6
46 40 28 17 17 47 52 49 43 30 25 49 56 42 29 20 50 42 33 43
22 12 9 6 8 13 12 10 22 1 10 10 14 16 5 9 17 15 8 3
24 14 4 10 12 14 23 13 15 9 8 21 20 16 1 14 15 12 17 15
22 9 4 4 12 7 15 9 12 12 5 15 12 12 1 10 11 8 7 11
29 33 29 17 11 37 39 45 44 10 26 44 54 29 25 17 44 38 31 25
9 14 10 8 1 24 21 18 14 4 6 15 30 4 8 1 18 7 18 16
22 13 1 1 15 7 8 11 19 9 7 22 26 15 1 12 22 11 14 9
33 20 13 9 22 31 30 25 21 15 16 33 42 29 8 21 34 20 29 34
25 19 8 9 12 30 15 17 29 3 30 35 35 34 9 18 33 24 21 19
14 1 8 1 1 13 7 3 18 1 7 4 11 10 1 1 14 2 6 3
12 3 8 4 3 21 5 8 12 3 10 15 15 17 7 7 19 10 8 13
4 8 9 8 2 21 13 15 6 1 1 7 20 2 9 2 16 2 13 12
56 43 22 2 41 33 40 40 52 24 43 59 64 55 18 29 68 49 40 39
41 29 8 14 31 17 27 14 37 23 29 36 36 35 10 28 36 21 31 14
48 34 22 14 30 45 37 29 35 17 41 49 51 51 18 19 47 39 36 42
47 48 34 25 26 40 48 46 63 36 42 62 64 37 26 36 53 47 42 30
9 7 9 4 1 16 7 13 15 4 6 12 21 9 8 1 14 11 8 7
22 10 12 7 5 15 18 18 30 7 13 26 21 17 6 11 22 15 10 11
34 34 8 22 22 36 36 37 48 19 39 65 58 46 20 37 50 49 33 31
18 7 14 11 7 25 16 17 21 5 9 15 25 19 4 9 20 13 16 18
53 54 37 34 35 62 66 54 51 31 37 64 77 52 31 32 64 54 59 60
21 16 10 10 7 30 26 33 30 14 19 43 40 26 16 15 35 24 15 24
42 42 14 24 29 27 43 26 32 33 23 50 52 24 16 29 32 36 37 36
60 53 33 30 38 41 63 59 53 44 29 63 72 42 30 35 64 49 46 48
17 15 3 11 11 19 21 18 18 4 3 21 31 18 1 13 15 17 16 20
32 24 19 5 23 30 25 17 22 10 19 26 43 20 12 3 35 16 33 33
27 15 12 11 16 18 30 30 24 19 5 25 29 25 8 18 26 23 13 27
42 53 12 25 38 41 39 40 43 37 45 64 68 42 38 33 41 52 21 49
21 23 29 17 7 43 32 41 30 1 11 22 41 29 22 13 43 31 29 24
24 22 6 18 18 23 29 23 17 17 10 31 39 14 7 11 23 19 27 30
49 41 25 9 37 44 41 34 29 25 40 55 55 45 27 16 51 37 38 52
38 32 31 7 3 41 34 36 45 11 23 34 37 39 25 14 46 39 20 13
25 8 7 7 11 12 20 16 19 10 10 21 16 21 3 14 17 15 8 13
29 18 15 17 10 34 35 33 28 20 19 42 38 32 14 20 36 29 23 26
48 40 33 19 24 35 48 47 31 29 4 40 41 37 28 29 45 41 28 33
7 1 1 2 1 11 4 3 9 1 2 6 10 4 1 1 8 1 2 1
59 47 39 26 27 38 55 51 45 31 22 48 53 42 27 30 58 47 45 28
20 32 7 10 14 31 25 24 19 15 16 34 49 18 19 15 25 24 22 32
38 32 16 21 22 24 41 27 27 18 12 32 35 25 6 16 32 29 35 29
57 53 16 21 40 47 55 54 54 26 35 63 65 63 21 42 66 60 40 45
22 12 6 4 10 11 20 17 21 16 9 28 15 19 4 16 22 14 9 21
19 9 12 8 5 19 14 14 21 6 12 16 20 17 8 1 15 14 10 16
41 43 17 18 37 31 36 41 24 33 22 56 63 34 26 31 49 38 37 44
53 43 23 7 34 35 40 45 44 25 25 46 56 51 24 29 61 46 29 37
24 13 13 1 14 13 15 15 26 9 12 19 28 16 1 7 24 14 19 15
41 48 30 39 41 58 53 53 40 26 29 47 70 38 26 22 53 37 58 57
27 23 7 11 24 35 21 34 20 16 26 39 41 39 19 19 37 29 13 36
12 12 3 1 7 15 9 8 6 7 6 14 22 9 7 4 14 3 12 13
19 22 4 2 16 29 16 22 4 10 13 26 35 23 14 8 29 16 15 25
13 11 8 12 5 23 18 16 16 6 11 20 27 12 5 8 17 10 19 15
31 42 15 22 20 51 41 52 41 12 27 53 55 48 31 37 47 55 20 42
41 22 23 14 31 32 28 26 36 23 33 40 34 46 19 29 41 34 17 37
16 11 6 2 9 16 10 11 7 9 8 16 20 16 8 8 16 12 10 14
17 31 11 18 13 37 35 36 16 19 14 36 52 14 24 12 28 24 27 41
57 44 24 16 42 30 46 35 54 31 43 61 64 45 15 35 63 48 52 25
53 49 23 26 43 60 57 56 29 33 40 65 75 53 35 24 65 50 42 69
55 45 24 17 30 42 53 55 36 31 27 58 60 50 30 23 58 52 31 48
16 18 19 11 12 39 19 26 21 6 18 20 43 21 18 7 36 17 27 26
7 1 3 1 3 14 1 3 7 1 8 13 9 15 3 7 14 4 4 8
10 3 1 1 3 5 4 5 14 1 7 14 5 10 1 7 10 1 2 4
27 12 16 3 13 26 21 14 23 7 17 20 24 24 4 11 34 10 21 13
14 3 3 4 1 10 11 4 13 1 5 8 9 7 1 1 5 6 6 3
13 2 1 8 8 13 12 13 10 4 5 19 12 16 1 16 14 9 7 12
50 49 37 27 40 56 57 47 45 33 40 61 68 42 36 28 57 46 43 64
14 11 5 14 9 20 14 18 20 4 12 27 29 20 6 17 15 19 13 19
23 8 13 6 18 24 17 11 17 11 17 22 21 28 7 14 25 15 15 23
4 7 1 4 1 22 3 9 2 1 10 12 17 13 8 1 12 12 3 14
53 48 25 19 36 31 49 34 39 24 26 36 49 40 27 28 55 37 44 21
20 8 9 3 6 10 8 5 19 3 11 13 8 16 3 8 15 10 6 4
25 26 1 13 24 13 25 20 28 12 13 30 40 17 1 20 23 21 29 19
36 35 28 17 29 61 39 49 40 12 37 47 63 52 31 21 58 48 37 47
16 9 4 5 7 16 13 12 16 8 7 16 25 7 3 4 14 5 12 13
18 13 12 8 12 29 16 25 28 5 19 30 44 21 8 16 32 18 25 22
42 25 34 10 14 48 40 34 45 6 23 32 39 43 23 22 46 35 29 28
29 15 16 12 15 34 30 43 35 12 21 42 42 41 17 20 42 38 16 39
25 10 7 1 11 11 12 16 29 7 18 33 23 24 3 16 26 21 10 12
14 5 9 5 1 17 13 11 19 1 8 15 16 13 1 2 19 8 10 4
18 10 8 3 3 15 8 6 23 4 16 20 16 17 3 5 18 9 9 4
24 27 17 21 26 36 31 39 44 8 26 41 51 26 1 33 42 36 38 26
49 25 29 3 24 32 40 27 41 17 23 30 30 44 14 22 48 32 23 27
44 33 15 23 25 36 47 40 43 21 22 43 39 48 11 34 47 42 27 29
42 30 28 16 15 38 40 38 43 27 28 48 42 43 24 20 47 37 26 28
18 3 10 3 6 17 7 5 17 1 13 13 10 16 1 7 21 4 12 8
26 9 14 6 17 30 22 24 32 7 21 35 37 31 9 18 32 25 17 31
32 22 1 11 22 17 24 15 27 15 24 38 39 29 7 24 27 24 23 21
45 30 23 13 30 29 46 39 35 31 15 39 47 33 17 20 45 33 24 43
20 19 6 1 8 23 9 8 15 5 21 25 26 20 10 4 23 16 13 16
10 8 4 6 7 14 6 6 8 6 8 16 13 14 5 9 10 6 6 11
17 18 1 17 11 23 20 18 26 9 14 33 36 17 7 22 13 25 15 23
39 33 21 11 20 28 31 23 36 18 30 41 44 35 17 21 40 28 33 20
35 22 21 19 14 33 33 28 47 13 27 39 40 33 12 24 34 31 26 25
18 6 5 4 8 7 9 12 18 6 6 14 11 14 1 11 13 9 2 4
31 42 21 29 24 61 50 48 41 19 30 49 72 37 24 20 52 40 49 56
23 7 4 1 10 7 13 11 17 9 8 21 13 19 2 10 14 12 4 15
17 9 3 9 9 16 15 11 12 8 13 23 19 16 5 12 13 9 11 17
15 14 2 4 12 15 12 10 3 12 4 21 25 10 4 4 18 8 15 21
22 19 7 11 16 30 25 32 15 14 13 33 37 34 13 17 31 31 13 34
17 19 17 7 9 31 17 35 27 1 20 30 37 28 21 12 38 30 14 16
11 6 3 3 2 16 6 2 11 3 11 14 14 11 4 2 14 7 7 6
29 23 10 17 20 27 31 24 29 13 14 31 38 22 1 15 26 18 31 31
45 30 21 7 23 22 27 21 44 17 27 32 41 29 7 14 41 27 35 16
39 26 18 6 14 19 32 24 32 14 12 27 25 28 9 13 29 20 18 16
21 16 17 4 6 24 16 19 24 6 12 21 26 21 14 10 25 17 14 19
18 19 13 2 5 25 14 12 15 5 18 21 26 17 14 5 25 13 17 14
18 11 6 4 10 10 7 6 17 4 8 10 18 11 2 9 13 11 10 2
12 3 6 1 1 14 6 1 12 1 12 14 6 13 1 1 12 5 7 7
22 12 10 14 8 26 27 21 23 3 11 27 21 29 1 17 28 22 18 14
53 53 23 25 38 47 63 63 45 27 23 57 68 51 27 38 64 53 44 55
46 44 15 34 35 45 45 43 59 22 48 65 64 59 24 45 60 58 45 32
53 37 24 9 23 24 43 41 49 29 24 47 44 41 16 22 52 40 27 22
23 12 5 7 12 18 20 11 11 13 11 22 20 18 4 10 18 12 15 19
39 27 22 16 20 25 39 40 45 26 23 47 36 40 24 28 38 40 10 35
26 13 16 10 7 26 26 17 28 1 14 21 21 28 2 10 24 20 18 19
5 6 1 2 3 15 1 4 9 2 9 13 15 12 6 5 11 7 2 8
23 17 20 9 13 40 24 33 34 3 26 38 53 31 14 17 41 29 30 32
28 36 29 25 19 51 48 59 52 12 21 45 56 37 20 38 54 48 38 34
43 36 15 17 27 27 35 20 46 27 32 44 50 32 13 23 39 26 37 24
22 14 24 7 1 31 25 28 25 1 3 9 20 23 15 13 31 18 16 12
19 7 4 3 9 14 9 7 19 3 14 18 17 19 1 9 17 4 11 11
6 8 1 12 5 15 13 15 11 2 1 12 20 8 1 10 11 9 12 10
11 7 2 1 4 10 4 6 14 1 8 13 14 9 2 8 18 2 8 2
38 37 22 29 17 38 45 34 30 35 20 44 51 20 22 16 32 34 37 37
20 20 8 5 9 12 19 20 36 11 16 34 34 10 4 17 21 21 16 13
12 5 1 1 5 5 1 1 12 1 9 14 7 11 1 9 11 5 2 1
18 11 2 6 12 19 15 12 8 11 6 18 24 12 1 9 16 5 17 18
28 22 23 11 9 44 27 33 35 13 34 44 49 38 19 4 49 28 30 25
19 19 1 1 10 17 8 9 15 4 21 24 25 20 10 3 16 15 7 16
10 8 1 3 7 13 2 4 11 1 10 14 18 12 1 10 14 7 8 2
4 1 1 5 2 13 4 3 7 1 6 11 11 8 4 4 6 5 2 8
25 24 19 18 4 34 37 34 35 15 13 32 38 23 18 18 26 31 18 25
62 53 28 24 46 51 59 38 58 31 51 69 75 63 26 39 63 59 58 55
20 15 15 12 6 26 21 22 37 12 20 34 34 18 11 14 24 23 16 23
44 23 20 11 23 26 34 28 40 18 25 35 33 43 13 23 38 31 19 29
17 5 10 1 1 13 8 1 16 1 13 11 5 14 1 1 17 4 11 2
10 3 1 7 4 13 10 16 19 1 8 22 24 9 1 11 15 6 9 10
25 21 7 4 15 21 10 15 29 6 27 33 32 30 12 13 28 26 12 17
7 1 4 1 1 11 1 1 8 1 4 6 7 8 2 1 7 6 2 6
19 15 11 1 5 12 16 15 15 3 1 6 18 12 7 6 17 9 9 5
12 8 1 1 7 4 5 4 11 7 2 6 13 2 1 2 4 1 6 6
33 29 16 15 21 22 34 35 17 24 8 36 41 25 20 14 30 31 21 37
32 19 11 10 22 34 30 30 37 21 23 44 47 34 14 22 38 28 18 41
42 32 27 24 23 42 47 40 50 22 33 53 60 41 13 21 46 40 46 38
28 37 12 33 26 50 40 40 39 23 26 45 57 34 18 38 39 36 39 44
25 12 12 1 5 10 13 12 24 1 12 17 8 24 10 13 17 19 3 4
6 1 1 1 1 8 2 4 2 1 1 8 5 6 1 5 9 1 1 3
30 20 15 8 14 28 23 25 37 9 21 34 44 28 11 15 35 22 25 23
50 48 21 17 42 44 40 45 55 28 56 72 71 60 29 39 73 54 44 34
38 20 20 8 26 31 26 16 36 9 33 31 33 36 9 25 41 23 33 20
48 42 43 18 32 46 50 38 32 16 19 25 51 33 31 8 51 36 45 40
8 12 13 6 4 26 10 14 9 1 8 10 23 11 15 4 21 11 14 14
20 10 1 1 13 6 8 12 22 7 14 31 22 21 1 14 22 13 8 14
9 1 3 1 1 6 4 14 17 1 2 16 15 8 1 5 14 8 2 5
37 47 19 20 28 46 41 50 44 13 30 49 65 50 28 34 58 50 39 36
16 6 3 9 6 22 14 15 13 4 11 23 19 23 3 14 18 16 10 19
51 33 25 12 26 32 38 25 52 14 32 36 43 47 16 27 46 37 33 22
48 33 14 18 27 22 41 31 46 20 24 41 39 44 16 37 44 39 28 16
8 5 1 5 3 9 7 5 4 4 1 5 12 3 1 4 5 2 6 5
14 13 2 7 4 24 14 13 15 3 16 24 28 18 6 5 16 13 13 19
29 20 17 6 12 20 16 22 35 5 15 19 29 25 10 15 34 21 19 4
16 13 5 14 9 23 17 16 22 5 15 27 28 19 4 16 20 14 17 16
27 33 1 13 21 35 27 29 24 18 27 46 51 28 21 17 29 29 18 39
12 7 9 1 4 8 7 11 25 1 14 16 14 8 1 7 20 8 12 4
24 19 10 7 10 22 30 30 26 16 7 31 38 18 15 14 24 19 13 28
63 45 32 17 30 29 52 43 49 33 24 51 46 46 23 29 54 45 34 31
70 56 28 21 44 26 57 47 64 43 45 73 68 58 28 39 68 62 42 35
11 4 5 6 1 9 9 11 15 2 2 7 13 5 1 2 8 7 4 4
32 24 17 8 12 33 26 35 34 5 15 34 33 41 18 27 41 37 13 18
10 1 1 6 4 14 6 7 8 4 9 15 10 13 6 8 11 8 1 9
46 31 22 9 21 19 40 32 40 25 16 33 29 36 16 21 38 31 14 21
25 7 17 6 14 27 15 7 25 1 22 19 22 26 8 10 21 17 15 18
23 17 2 5 14 20 18 22 20 11 17 35 35 24 8 11 23 19 12 27
31 24 16 22 15 29 37 37 43 18 25 49 41 32 19 33 27 40 15 33
22 14 7 6 9 12 19 8 15 11 10 21 19 11 1 5 11 9 14 16
14 8 2 2 9 8 1 3 16 1 13 17 16 15 4 11 10 13 6 6
8 5 1 7 4 13 6 8 11 3 6 12 15 9 3 6 7 5 4 8
30 31 20 19 21 33 39 41 33 27 16 40 45 29 25 31 36 34 13 38
30 20 16 13 18 31 30 32 35 20 19 39 38 32 17 28 34 30 12 34
8 3 3 7 3 13 8 10 11 3 3 10 15 5 1 4 7 5 4 10
17 8 5 1 7 1 6 10 25 4 12 16 15 9 1 9 12 11 7 1
33 34 15 26 27 32 32 21 45 28 34 42 46 29 22 34 31 32 24 26
29 25 28 18 16 36 36 41 36 11 17 31 47 24 21 6 43 24 33 32
59 61 41 23 33 64 55 55 54 17 42 53 68 65 46 35 72 59 47 42
14 14 12 5 1 23 12 23 23 3 13 21 27 22 15 6 27 25 6 12
22 13 17 5 5 24 15 20 25 5 8 16 23 22 12 8 25 18 10 13
50 50 30 22 29 48 47 41 62 34 51 67 75 50 32 32 63 49 51 38
25 10 6 3 12 19 21 17 19 13 9 24 27 19 1 9 25 9 17 22
37 39 39 29 19 51 52 44 42 31 29 42 52 32 31 24 45 34 31 42
5 1 1 3 1 5 3 5 9 1 1 6 7 1 1 1 3 1 1 1
43 51 36 25 41 50 49 50 56 21 40 54 77 27 28 32 55 45 55 44
11 10 3 1 5 16 1 11 15 1 14 18 23 17 9 5 16 16 4 10
41 40 26 5 13 36 36 39 44 19 20 44 36 44 35 27 39 43 9 26
40 26 19 9 13 24 36 38 50 13 19 46 33 39 18 30 37 41 12 21
27 20 12 26 24 43 31 32 35 12 26 37 42 41 11 28 37 31 31 36
21 22 1 12 18 16 14 15 29 11 25 36 38 28 12 22 27 25 19 13
42 25 15 10 21 16 41 40 32 22 7 39 37 26 11 20 36 32 21 31
21 19 8 2 23 8 23 29 27 18 14 36 34 17 4 23 28 22 15 24
43 33 27 10 28 48 37 37 36 13 35 43 56 45 25 17 50 33 35 45
21 7 9 5 3 17 12 7 21 1 16 22 15 20 1 7 18 10 13 9
16 5 1 1 10 6 5 8 15 4 8 24 15 17 1 15 16 13 2 12
27 20 15 8 14 36 17 16 28 6 30 28 38 31 13 10 34 19 24 23
6 4 1 6 2 10 6 6 7 3 1 2 13 1 1 1 4 2 5 5
8 4 3 5 2 9 7 6 9 3 1 3 13 4 1 1 2 5 4 4
9 2 1 3 1 10 3 1 10 1 7 10 8 7 2 3 5 5 1 4
51 46 26 16 36 45 47 48 51 22 41 66 77 46 24 28 62 54 48 50
21 11 9 13 14 31 21 25 17 12 16 33 32 31 9 20 28 23 16 33
35 31 19 20 26 33 45 36 20 21 11 33 43 25 13 20 43 26 40 35
8 2 4 2 2 13 2 5 10 2 4 8 10 11 1 5 13 2 4 6
29 41 24 30 28 41 42 41 37 28 27 46 54 29 31 38 43 37 26 36
30 29 19 20 21 38 36 32 37 23 20 34 54 17 16 21 28 24 32 38
16 32 19 24 15 51 38 51 33 12 22 48 63 30 25 23 48 38 36 46
20 23 3 19 17 31 27 32 30 15 15 44 49 28 11 31 29 33 21 31
11 3 8 3 1 16 5 4 12 1 7 8 11 13 5 3 12 11 5 8
20 31 28 30 23 49 41 50 41 7 24 46 61 30 23 23 47 40 42 41
59 44 30 15 32 55 54 52 63 16 43 67 65 72 31 41 75 64 37 43
21 9 7 1 13 15 10 14 17 8 14 24 19 24 8 17 22 19 8 14
55 39 25 22 31 27 46 36 41 37 30 52 47 38 18 19 45 38 38 28
42 26 20 8 30 26 33 28 29 19 17 37 47 25 9 17 47 21 38 31
25 16 17 14 8 31 34 30 24 7 10 28 25 31 9 17 36 27 21 18
13 5 1 5 5 9 8 14 19 4 10 24 18 12 3 9 12 7 4 11
22 13 17 15 11 34 24 25 27 1 16 23 30 35 11 16 29 26 19 24
54 40 33 21 35 52 49 43 58 33 51 66 62 62 31 36 62 50 35 48
45 36 18 8 36 34 26 21 39 16 45 49 49 51 23 25 45 41 31 38
32 33 16 10 26 28 28 26 32 13 24 35 53 21 14 15 40 25 38 24
28 29 22 8 13 30 22 28 31 1 24 29 37 31 24 9 40 28 21 19
13 1 9 1 1 12 7 5 17 1 6 2 10 9 1 1 14 4 5 4
64 37 39 21 37 39 47 35 61 29 46 53 46 61 24 35 63 48 36 34
17 18 11 16 1 33 28 24 23 13 15 30 40 16 14 8 22 19 23 21
17 23 8 13 13 24 32 36 21 24 4 33 44 8 14 16 24 17 19 32
17 11 3 8 5 17 17 18 25 10 10 30 23 16 4 14 18 12 6 16
31 28 12 9 17 19 23 15 17 20 19 31 31 18 14 6 25 23 23 26
13 8 2 8 7 18 7 7 11 1 8 9 20 13 1 11 16 9 16 7
55 46 22 26 39 45 57 51 45 31 22 52 52 56 21 44 56 53 32 49
22 15 6 5 11 9 16 15 23 6 6 17 25 15 2 9 14 14 11 12
56 43 47 14 29 56 57 55 69 13 39 60 59 59 24 44 70 57 45 33
39 38 25 18 23 54 39 43 24 19 38 46 52 47 33 7 53 39 24 44
50 48 44 19 27 60 46 50 40 15 40 47 51 57 44 12 67 48 37 46
30 24 2 6 27 19 20 24 29 20 21 41 43 34 9 27 38 28 16 25
21 10 11 6 10 19 13 9 14 9 7 11 20 13 3 5 16 7 16 15
24 20 15 11 17 39 23 23 21 5 24 30 42 35 13 22 41 25 31 26
33 18 15 7 16 26 20 5 31 6 28 23 29 27 2 11 31 18 28 9
32 24 19 15 3 35 29 24 33 6 25 32 32 37 17 12 34 34 20 12
52 51 37 30 35 45 52 50 39 34 33 58 67 39 36 16 62 42 53 38
27 24 5 8 17 23 24 17 25 14 18 31 44 17 10 14 22 20 24 24
34 48 14 20 43 41 44 56 37 24 31 63 76 43 20 39 61 50 47 47
44 26 19 18 25 27 35 20 44 20 37 41 37 44 11 26 45 31 36 17
7 2 1 2 1 11 3 5 4 1 1 4 10 2 1 2 9 1 5 1
31 45 22 32 30 56 47 60 42 19 28 60 74 44 33 30 55 52 41 55
22 12 9 9 3 21 20 13 23 8 15 24 27 17 3 3 13 14 17 15
20 12 18 7 2 27 21 23 19 3 3 11 15 24 11 13 27 19 10 10
13 8 11 5 8 20 10 11 13 9 9 16 21 14 6 7 19 9 14 19
40 36 15 5 21 31 25 25 36 13 35 45 40 44 22 17 41 39 19 31
24 13 19 10 1 24 23 16 24 1 13 14 13 22 9 7 22 19 14 10
22 7 4 3 14 13 14 19 23 11 7 20 24 19 1 14 24 11 10 15
35 31 20 17 33 35 39 49 47 18 27 55 61 34 10 44 52 44 35 35
52 52 50 30 24 62 67 72 66 19 35 66 66 59 39 42 76 64 49 38
19 15 12 5 6 25 21 22 22 10 13 25 33 17 6 7 32 11 24 14
26 16 14 5 21 24 20 8 21 12 17 19 29 20 6 8 21 11 23 26
53 43 25 18 46 35 37 37 29 34 32 58 60 48 24 33 55 43 42 52
37 19 20 7 14 25 30 21 29 16 16 26 27 31 7 9 34 20 22 21
27 19 11 11 18 27 22 30 28 12 19 34 44 26 11 23 33 27 25 21
32 24 11 21 15 24 43 42 44 18 13 46 37 34 11 30 34 37 16 30
43 27 19 7 22 16 34 32 43 24 23 41 37 35 12 22 40 33 18 21
50 39 19 16 21 32 40 24 44 19 33 41 42 47 22 28 46 42 32 13
10 7 6 3 2 15 6 7 9 3 4 10 13 5 5 4 15 3 8 6
15 5 1 1 11 5 7 9 11 7 3 18 10 17 1 15 18 9 1 10
20 5 10 2 8 21 13 8 13 5 9 10 19 20 2 4 20 10 12 14
26 16 13 7 14 19 16 14 23 10 12 18 26 23 6 11 21 14 15 16
32 29 9 6 25 23 26 32 39 14 32 52 52 38 19 30 52 38 26 24
30 27 11 13 11 21 22 24 42 18 24 44 40 24 12 19 30 28 21 16
60 37 23 9 44 31 48 39 55 28 33 52 62 49 15 36 60 43 43 39
15 5 14 5 4 23 9 15 20 1 10 14 21 18 8 7 23 11 12 10
53 52 22 34 41 49 61 52 63 37 42 72 74 54 23 47 56 58 45 58
40 33 14 3 19 22 25 18 36 12 27 35 37 36 17 18 36 32 22 19
44 33 16 17 24 25 46 42 41 26 12 41 40 37 19 36 30 40 16 36
58 47 22 37 44 52 61 62 62 36 37 65 66 65 29 54 64 61 38 55
51 41 11 31 45 31 53 50 39 36 17 59 62 41 11 43 52 45 44 50
44 38 21 11 23 31 33 30 35 26 32 48 49 37 21 15 45 31 36 24
28 22 13 4 20 25 23 19 26 9 20 30 33 31 8 20 42 19 24 18
34 20 20 4 18 26 22 10 29 12 24 26 30 26 7 10 33 13 29 20
35 28 18 7 13 33 24 18 26 12 28 30 34 35 17 4 33 26 21 23
47 50 23 18 27 47 44 50 51 18 39 55 64 53 42 33 62 53 31 32
9 1 5 5 1 16 4 4 10 1 5 6 10 6 1 1 12 2 8 7
19 9 8 5 7 18 12 16 16 6 16 25 16 24 12 11 21 20 1 18
36 36 12 26 38 34 48 52 57 25 35 70 68 42 16 54 55 53 35 38
15 4 6 4 6 8 11 12 10 7 3 15 7 13 1 8 13 9 3 10
14 11 10 1 1 18 10 10 12 1 12 16 16 17 9 1 21 14 8 6
15 13 12 15 5 29 23 25 18 3 6 22 25 25 9 14 24 23 15 20
27 26 1 10 26 25 27 36 13 22 13 40 48 26 14 17 35 28 18 38
14 4 10 1 2 14 5 7 17 1 5 6 11 14 2 3 15 8 6 5
32 43 28 20 21 48 35 48 44 12 44 57 67 40 28 26 58 46 44 28
48 33 34 16 20 39 52 60 57 25 19 52 46 46 29 42 58 50 17 29
8 4 5 2 2 10 3 5 10 3 2 8 11 6 1 2 10 4 5 7
44 45 24 34 38 37 46 42 19 42 22 56 59 33 32 37 36 43 36 52
12 4 9 4 5 12 4 4 12 1 8 7 5 11 1 5 13 5 8 7
7 1 3 1 1 10 2 1 6 1 1 3 7 7 1 1 6 6 1 1
23 30 8 16 20 44 24 36 30 2 29 45 53 37 20 21 44 36 26 33
46 27 24 3 21 24 31 16 40 7 23 26 27 38 10 19 36 26 24 18
29 22 24 14 27 42 43 43 45 9 28 48 53 38 8 32 57 35 40 35
35 35 22 12 20 30 35 28 21 11 19 29 42 23 22 2 35 26 30 30
43 30 22 29 27 46 56 51 52 24 24 48 47 48 18 39 53 46 33 47
48 27 20 15 32 26 41 43 41 29 20 44 50 34 12 25 48 31 29 39
49 37 37 10 24 53 39 40 58 11 47 47 56 55 29 24 59 51 37 33
24 21 8 9 11 19 22 13 23 17 15 30 30 15 8 11 18 13 18 19
50 29 27 16 35 29 42 32 41 26 23 32 37 44 16 29 42 34 24 36
46 42 10 27 38 29 43 26 38 26 29 47 48 39 7 34 42 37 47 32
57 43 32 20 37 50 53 52 48 28 31 49 62 59 29 39 60 49 35 51
18 18 11 4 11 25 12 15 13 2 15 24 28 21 13 11 30 16 16 17
16 9 12 3 8 19 6 9 16 1 10 13 17 17 6 11 23 8 14 8
22 8 15 7 2 29 20 19 22 2 16 22 23 28 8 7 29 20 16 15
32 22 9 13 14 20 26 21 31 11 18 31 36 26 2 18 29 22 27 13
64 48 32 14 41 60 54 54 54 21 51 66 68 75 34 37 75 63 36 54
41 36 31 18 14 34 49 48 53 28 21 49 33 41 30 35 42 47 7 32
6 2 1 1 3 3 2 3 1 4 1 8 2 6 1 3 8 1 2 7
20 5 7 8 4 17 21 20 18 5 7 20 18 22 6 12 19 20 6 14
16 2 7 2 9 11 8 12 16 7 5 14 10 17 1 11 19 8 6 12
17 18 8 5 15 21 11 17 32 4 27 32 38 22 5 18 31 23 21 12
8 1 1 1 1 2 1 1 10 1 2 5 4 3 1 1 7 1 1 1
18 15 1 14 13 23 24 21 20 8 7 29 35 17 1 14 20 14 21 25
28 14 7 5 14 13 16 10 38 7 22 30 31 24 2 14 26 19 17 12
29 30 14 31 23 43 49 54 45 26 21 56 57 36 21 40 43 42 25 48
15 5 1 1 7 9 9 6 9 7 3 14 14 11 1 5 7 5 5 12
9 1 2 4 1 12 7 6 11 1 4 7 13 7 1 1 5 7 2 4
32 20 18 13 12 30 35 39 34 12 6 30 28 36 14 28 38 33 12 23
30 20 5 10 22 18 17 8 24 13 24 29 31 29 6 21 25 18 24 18
35 33 25 21 15 46 43 40 46 8 17 35 42 38 21 31 43 38 29 30
52 52 21 20 43 45 54 61 49 38 45 77 76 48 29 34 64 58 35 56
12 6 2 1 2 16 2 2 10 1 14 15 12 15 5 3 13 7 4 10
23 19 11 6 12 17 22 19 14 13 4 15 29 12 8 5 19 13 19 15
37 25 18 9 24 44 24 29 32 6 38 39 47 44 23 10 44 35 19 36
28 21 10 16 13 20 35 31 36 20 14 39 32 23 9 28 21 30 10 27
31 28 16 24 21 44 44 41 37 30 25 51 56 32 19 29 37 34 24 51
39 44 38 22 11 59 53 60 52 24 24 52 53 44 46 40 50 51 12 38
12 3 6 1 3 14 3 5 11 2 6 11 9 15 1 7 14 6 5 6
32 21 13 4 11 16 16 13 36 9 23 32 30 27 7 10 28 24 18 9
6 2 1 1 1 1 2 1 9 1 4 4 1 1 1 1 3 1 1 1
8 5 1 1 4 1 1 1 5 1 3 8 7 6 1 4 2 2 1 2
16 4 9 5 5 19 9 11 13 4 8 13 14 18 3 9 18 9 8 8
32 20 6 2 20 13 21 11 23 18 19 34 25 28 5 17 25 18 16 21
19 4 8 1 8 13 11 12 14 6 6 17 10 23 4 12 20 15 3 11
31 10 17 12 18 30 29 18 24 12 17 23 29 29 4 15 30 20 25 26
43 46 29 26 30 41 47 45 48 14 26 40 61 43 29 32 57 47 46 26
27 12 16 10 19 32 26 22 20 15 13 24 34 28 8 17 32 20 23 30
40 32 30 14 15 45 44 42 43 22 30 48 47 46 29 22 52 40 25 41
23 12 9 7 8 15 16 16 28 4 16 26 25 21 6 11 19 17 9 13
43 34 6 10 31 26 35 25 32 26 30 49 49 39 10 28 42 33 29 32
26 17 12 12 7 23 23 20 32 13 18 30 36 18 6 7 24 19 21 14
33 31 24 13 7 37 29 37 39 13 31 40 46 35 25 3 43 38 25 16
21 9 13 5 14 23 13 6 17 3 14 12 21 18 3 9 21 9 17 13
21 10 7 15 14 23 27 28 19 11 8 31 27 29 7 23 25 28 12 29
61 47 45 7 37 54 54 56 67 24 50 62 66 66 33 37 77 60 43 42
56 45 34 26 45 58 66 51 51 28 37 60 71 58 22 39 65 50 55 63
11 10 5 7 8 11 11 7 5 9 4 9 14 7 1 4 9 1 11 13
25 11 14 1 13 27 12 4 28 1 26 24 28 26 5 8 29 14 21 17
62 56 26 22 40 49 45 41 60 37 59 73 77 63 37 27 69 55 51 38
25 12 22 13 8 28 27 25 24 4 9 15 18 29 11 16 29 22 17 20
36 31 7 3 23 23 26 30 22 17 22 41 37 36 21 14 31 34 8 35
59 53 37 25 51 64 60 50 53 25 51 65 77 67 34 41 76 56 62 61
15 10 5 6 5 22 10 14 12 5 16 22 18 22 10 7 20 15 7 16
30 20 7 10 18 12 18 7 27 11 21 27 24 24 5 18 22 18 20 9
6 3 4 3 2 12 2 5 8 2 3 5 11 7 1 2 12 1 5 3
45 36 29 16 34 39 40 37 56 28 36 52 59 38 22 35 40 40 38 44
28 31 9 6 23 36 25 36 21 19 23 44 47 37 25 22 43 33 14 42
31 22 22 7 17 34 31 16 26 12 21 21 37 22 9 6 34 12 36 21
14 10 1 2 9 10 7 2 7 7 2 6 17 3 1 3 8 2 9 5
28 14 16 10 13 31 25 23 26 15 20 32 31 31 9 14 36 19 21 24
28 11 11 3 11 11 18 15 24 9 11 20 15 22 4 14 26 16 9 7
10 1 1 1 1 6 2 1 10 1 8 12 6 8 1 2 3 5 1 4
9 12 4 6 8 19 11 9 4 9 7 15 25 10 8 4 13 7 13 16
17 25 11 22 16 37 29 31 24 7 14 30 41 22 10 23 35 21 32 29
48 43 30 30 40 46 49 46 47 21 33 47 61 47 23 30 61 40 53 40
20 26 1 14 15 38 26 37 23 17 21 46 53 25 20 15 31 29 18 41
12 7 2 1 7 12 1 2 12 1 8 11 13 13 1 9 17 3 9 3
13 11 1 9 9 18 11 14 18 1 10 24 30 16 1 17 18 14 16 12
13 13 1 1 10 15 7 7 11 7 8 15 28 10 3 3 13 6 9 12
6 6 7 2 1 22 3 8 6 1 11 13 15 14 9 3 19 7 9 10
23 15 12 14 12 25 27 19 24 5 10 19 25 26 2 12 24 18 23 23
27 30 10 19 18 41 38 47 40 17 24 57 59 38 21 35 46 42 24 42
30 25 14 13 14 24 37 34 36 20 15 43 46 18 7 16 32 29 28 28
34 28 21 11 23 31 42 47 45 23 20 47 53 27 15 29 44 39 26 34
52 48 42 14 25 57 51 51 51 23 44 55 71 50 35 4 67 49 49 41
19 11 6 2 7 18 11 10 20 7 18 27 19 25 5 11 25 14 9 9
51 48 37 18 35 41 61 64 51 27 20 47 59 39 29 40 63 48 37 36
35 24 14 6 15 18 21 15 35 10 20 26 31 27 6 13 30 21 20 8
13 1 1 5 7 9 10 11 11 2 2 14 14 12 1 14 12 10 5 7
46 47 29 28 34 56 56 59 52 31 40 64 74 53 25 37 69 51 52 50
41 29 23 6 19 29 36 35 42 19 10 32 35 34 18 27 39 31 17 28
25 14 1 6 17 15 17 14 20 12 12 26 29 20 1 19 22 14 18 19
13 8 1 1 7 7 5 2 4 7 1 11 13 3 1 2 8 1 8 10
10 9 1 9 7 11 11 10 11 8 4 8 18 4 1 4 5 4 10 11
10 7 6 10 5 16 11 11 10 6 4 9 16 9 1 8 12 8 10 7
35 22 28 10 24 27 38 43 45 18 24 39 46 31 14 26 52 29 28 31
52 49 34 27 43 56 56 43 35 20 36 57 70 49 26 26 66 44 62 56
13 14 8 8 12 12 21 30 32 14 16 40 29 14 9 24 23 23 11 21
35 38 19 6 31 36 28 45 34 13 37 48 54 33 25 22 51 44 22 29
43 36 24 15 26 34 42 36 54 18 38 55 62 38 12 31 50 45 45 25
29 20 23 6 8 25 31 29 25 12 13 29 26 27 16 11 37 24 18 21
47 33 26 10 18 28 37 24 36 16 19 24 28 33 14 17 37 27 27 17
9 3 8 2 1 10 5 9 15 1 3 10 10 11 2 2 13 9 3 6
10 6 1 8 5 16 7 8 9 3 10 17 17 13 5 10 9 9 5 12
10 6 4 1 1 10 6 2 10 2 10 15 9 11 1 3 12 5 6 4
44 36 15 15 25 18 36 31 44 29 26 51 48 29 11 23 40 34 34 24
26 18 6 8 19 15 25 28 18 17 9 32 39 11 5 14 28 16 25 22
57 41 19 15 35 29 40 31 50 35 41 61 56 50 16 23 56 42 43 29
19 6 9 2 2 13 11 10 18 1 7 14 7 19 4 7 16 11 1 6
48 44 20 19 31 50 44 41 41 15 36 49 51 58 22 28 53 47 34 44
32 19 15 1 22 20 19 22 42 9 33 46 36 35 4 27 45 32 24 17
4 1 1 5 1 11 5 8 5 1 2 10 12 7 1 5 3 6 2 8
30 12 18 1 16 22 20 13 26 9 16 20 26 24 5 9 27 14 20 24
19 16 17 9 3 24 23 23 19 2 2 6 21 15 13 11 21 17 14 7
28 17 8 8 16 17 25 17 21 19 15 28 26 24 6 14 23 18 15 19
49 37 34 17 19 36 43 32 54 25 34 46 40 44 23 26 43 41 28 30
18 11 8 8 8 20 11 9 19 4 14 14 20 14 4 10 21 6 17 6
42 43 23 23 21 50 43 43 43 19 35 56 65 48 20 19 54 41 47 35
21 18 16 14 13 32 28 25 36 16 18 30 46 12 10 15 22 23 23 33
17 17 4 9 13 28 17 23 11 13 12 25 36 20 12 11 24 18 16 25
16 13 1 1 13 14 7 16 12 9 14 27 20 26 9 14 22 19 1 19
29 14 23 4 5 29 24 16 34 7 25 31 29 33 12 4 33 25 19 21
6 1 1 2 1 5 4 6 11 1 2 15 10 7 1 6 1 6 1 9
35 35 13 11 25 40 37 41 27 24 27 47 55 37 22 18 48 31 29 38
20 12 4 5 13 18 13 18 30 9 15 33 33 23 3 20 27 20 12 19
12 10 6 5 9 13 11 14 20 4 10 19 27 9 1 9 13 14 13 11
10 4 4 2 1 5 6 4 8 2 1 3 7 5 1 1 7 5 2 1
19 26 17 16 16 32 30 34 29 4 8 24 46 20 9 17 36 25 34 24
13 9 3 1 6 9 8 4 13 7 10 12 14 9 4 1 8 5 8 9
14 4 8 10 5 23 13 8 15 3 14 12 17 15 4 6 13 8 14 16
5 1 1 3 1 4 5 4 5 1 1 7 2 2 1 3 3 1 1 2
43 39 21 5 21 29 31 33 40 14 28 45 46 38 19 16 48 40 26 27
9 8 1 6 6 13 8 5 3 7 1 5 15 3 1 1 8 3 9 6
13 10 1 1 9 9 7 9 15 8 4 13 23 4 1 5 15 3 13 7
23 12 7 7 8 17 23 25 31 16 10 33 28 19 3 14 28 19 12 20
57 54 29 17 37 47 48 49 27 32 36 59 59 51 39 17 62 49 33 51
39 29 9 15 25 24 40 33 33 15 13 39 38 35 4 28 36 31 28 30
14 9 1 11 8 18 14 9 13 6 12 17 20 13 4 10 9 10 12 13
43 34 22 12 16 25 43 39 46 29 16 43 39 30 18 22 39 35 21 29
6 1 1 3 1 7 4 4 9 2 6 16 10 6 3 5 1 5 1 11
45 43 30 37 31 62 54 48 54 24 38 45 66 44 24 26 61 41 60 40
12 5 2 1 4 4 4 2 9 1 2 6 6 8 1 5 6 5 1 1
44 35 23 20 25 40 39 29 45 13 29 38 45 48 20 33 49 40 38 24
30 19 11 5 11 15 23 11 19 14 10 19 22 12 3 1 21 13 20 12
23 9 16 5 4 18 14 8 27 5 15 14 15 18 3 3 20 11 13 8
27 24 27 22 13 48 43 50 41 9 17 40 53 34 24 22 48 38 31 41
44 33 17 8 26 25 29 15 37 20 28 31 44 27 7 13 40 21 39 15
24 15 8 1 13 11 15 16 26 8 15 29 29 16 1 13 26 15 18 11
29 21 24 17 6 31 39 41 48 8 18 39 35 31 12 23 39 35 25 21
47 42 14 19 44 26 42 37 29 41 20 57 60 39 22 39 49 41 33 45
30 20 10 16 15 24 27 29 39 16 24 47 39 29 12 25 30 31 19 24
17 13 7 16 9 24 19 19 24 5 11 20 27 16 1 14 22 14 20 12
8 4 1 2 2 6 5 1 7 3 1 3 11 1 1 1 2 1 3 2
