1000 20 10 1595
13 11 12 0 4 3 0 8 1 25
3 4 6 6 11 5 5 16 5 9
2 3 1 4 6 2 5 4 9 4
11 9 6 15 2 0 11 12 7 11
4 5 3 4 2 0 4 5 2 3
8 1 0 2 1 6 1 7 4 5
2 7 13 3 7 6 5 11 13 4
2 5 13 4 1 5 1 3 7 1
3 9 7 15 10 7 4 1 5 12
4 23 5 23 4 8 0 2 7 1
6 3 18 2 8 12 9 16 1 3
4 8 1 1 30 1 14 3 3 5
9 19 5 5 1 9 6 1 0 9
12 21 8 11 3 1 15 13 16 6
2 4 9 1 8 7 7 7 6 1
0 7 3 8 2 7 2 8 3 0
1 15 1 4 17 3 22 2 4 4
5 14 10 6 25 12 11 10 1 3
13 8 9 18 5 7 20 9 5 9
6 5 4 2 8 8 10 2 6 6
7 11 1 1 2 6 2 3 5 6
15 1 7 6 2 8 13 3 4 10
3 7 3 6 1 6 2 23 4 6
8 7 4 1 1 0 1 3 2 4
1 10 0 14 13 4 1 1 1 11
7 0 10 3 2 7 10 9 4 3
2 4 2 7 9 10 6 0 6 4
11 2 6 0 9 14 4 9 17 7
9 8 8 9 0 7 3 5 3 1
5 3 4 3 6 2 2 2 5 1
5 10 13 5 7 18 5 27 9 8
5 3 27 14 5 7 4 1 3 6
1 9 6 7 3 0 9 2 1 10
4 0 5 11 9 2 4 6 4 7
8 8 10 3 6 13 11 7 3 8
10 9 1 15 0 7 10 4 4 3
1 11 9 7 8 1 0 2 6 5
25 6 9 0 1 9 17 10 5 4
1 1 7 4 2 1 1 8 5 9
1 0 4 4 6 4 2 8 2 2
26 17 8 2 3 11 11 14 8 3
8 5 7 18 2 12 4 18 4 5
3 2 2 3 0 14 0 1 1 3
5 8 0 0 1 1 12 0 7 0
10 8 6 14 2 3 2 16 3 2
3 11 16 9 6 8 2 7 3 3
7 1 1 5 0 10 2 0 3 4
5 3 1 4 5 8 5 1 10 2
11 5 3 8 12 9 18 2 9 14
0 11 1 5 0 0 10 18 10 3
2 17 8 2 1 5 9 3 9 14
7 9 11 20 2 2 25 2 5 16
8 4 3 6 11 6 0 7 2 2
5 1 3 5 3 3 1 2 11 3
7 1 0 14 12 7 4 9 1 4
7 2 5 4 3 2 4 6 2 3
10 29 7 1 15 4 5 2 5 3
22 2 3 7 11 3 4 13 0 1
2 13 5 7 2 0 1 0 1 6
6 2 3 1 4 8 2 6 6 11
1 6 4 13 3 4 9 5 5 7
2 3 1 13 4 2 3 2 0 0
7 6 4 6 1 5 3 5 0 6
8 3 7 2 8 8 8 6 8 1
3 6 4 1 4 3 1 5 2 0
3 6 8 10 11 1 4 5 1 7
4 10 11 5 9 16 13 20 2 20
18 12 6 8 2 3 1 17 19 17
8 8 9 5 0 8 4 3 10 2
3 12 7 7 10 0 6 1 9 4
10 4 3 10 8 20 17 6 1 15
10 6 4 7 10 7 12 10 18 10
4 10 2 8 23 4 4 2 20 16
0 5 2 7 7 2 6 4 0 1
4 6 8 0 26 1 3 9 11 16
1 14 12 7 4 5 13 15 6 2
5 3 10 9 3 8 7 8 5 1
6 2 1 9 9 19 14 2 8 21
3 3 6 4 4 1 10 3 2 4
1 3 2 16 1 14 7 3 0 11
0 2 6 3 3 4 1 1 7 4
9 5 11 6 7 3 6 11 13 13
1 0 1 3 8 4 11 3 3 3
21 9 13 0 21 16 7 5 6 6
8 2 18 6 5 7 6 3 6 10
15 2 1 13 5 17 5 5 7 10
11 7 3 7 11 1 2 5 1 3
27 16 5 10 11 3 2 18 2 3
17 0 1 13 14 1 11 5 12 6
6 2 7 13 13 7 6 2 9 5
1 11 12 4 1 2 4 14 17 16
6 1 3 8 3 2 4 6 1 7
24 16 12 2 0 9 6 17 7 7
7 1 10 0 4 1 2 10 3 5
1 1 1 5 1 6 4 3 2 5
9 8 4 10 1 4 2 8 1 2
5 9 1 3 8 12 2 5 12 6
11 19 6 2 7 11 0 1 2 10
19 5 16 5 15 10 14 4 6 11
2 1 6 1 0 20 13 15 22 7
4 11 6 3 13 8 11 7 6 9
2 6 0 3 1 7 5 1 6 0
26 6 2 0 10 21 1 5 2 4
4 5 15 13 3 1 2 18 4 3
2 22 2 9 1 9 11 4 14 14
1 4 4 2 0 6 5 7 1 6
1 5 7 7 2 0 1 8 3 2
9 7 4 3 2 4 3 6 18 7
3 4 4 6 1 2 11 4 1 6
2 3 7 3 1 1 3 1 4 2
4 5 2 2 6 0 4 4 2 2
0 17 6 3 2 1 2 2 9 2
1 5 10 4 9 15 5 5 7 3
8 7 6 3 5 5 10 2 1 0
7 4 5 8 9 11 3 1 9 12
8 1 8 15 12 6 12 2 4 18
2 3 4 4 6 0 3 4 1 3
10 8 11 16 9 12 27 2 0 4
14 10 13 9 20 7 18 5 9 3
2 5 5 4 3 1 3 5 1 1
4 2 6 7 1 7 4 7 2 3
5 9 6 10 13 2 1 8 16 1
12 4 13 2 5 1 10 6 0 11
8 14 7 5 13 18 5 10 8 5
8 0 4 5 1 15 2 5 10 4
1 1 6 0 0 9 2 2 10 4
4 11 20 4 10 16 19 6 8 13
5 15 3 1 7 20 1 9 15 5
18 6 3 9 6 1 1 0 5 12
2 2 8 4 10 3 1 2 7 10
1 8 1 3 6 7 1 7 5 5
4 3 9 5 4 5 4 0 7 2
11 1 18 3 1 9 11 3 20 6
0 3 1 10 5 5 8 1 4 17
20 4 4 10 10 5 2 9 18 5
1 2 8 0 3 1 3 2 0 2
4 2 3 2 7 2 1 3 5 4
7 9 6 4 3 3 3 3 5 6
7 2 2 2 7 11 1 10 18 6
3 2 8 3 3 11 3 4 24 10
9 7 1 7 3 4 3 12 1 16
3 1 12 4 6 1 7 7 1 3
2 4 10 0 4 5 10 8 6 3
0 11 1 6 1 4 3 1 2 1
12 20 10 10 14 6 9 5 0 5
2 6 1 3 20 11 6 4 0 2
18 10 4 3 10 16 5 6 6 0
3 1 0 6 7 1 6 4 2 5
8 19 5 6 19 6 21 1 13 6
2 17 9 9 0 6 2 3 14 3
6 6 0 4 2 2 0 4 7 0
8 4 0 5 8 7 5 1 7 0
1 1 4 4 0 4 2 5 6 9
13 7 11 10 6 5 6 4 1 6
20 8 23 1 7 8 8 17 3 2
12 6 1 0 2 12 0 2 7 4
1 17 5 21 7 15 13 11 10 2
8 8 9 14 7 21 6 8 14 9
9 2 6 6 4 11 7 3 9 4
9 2 1 13 3 7 6 4 8 10
2 3 2 2 5 11 2 5 3 7
3 8 10 6 4 2 1 14 0 9
4 6 0 6 17 1 13 14 6 0
1 9 0 10 4 6 13 18 9 11
12 1 16 13 19 0 2 3 6 17
1 5 3 4 3 4 4 1 7 14
13 3 5 4 7 15 26 2 12 0
9 2 14 17 9 7 15 15 4 6
10 3 3 7 1 7 3 13 5 11
4 8 13 5 13 10 15 6 6 7
12 2 2 10 5 5 6 8 8 1
13 8 4 6 1 16 5 6 18 17
3 2 2 3 1 1 4 6 4 7
3 10 13 20 10 4 4 13 4 2
1 5 5 7 2 1 5 5 2 0
2 3 3 0 2 0 6 4 3 10
6 5 3 11 1 21 13 22 5 10
2 10 22 1 7 8 15 5 1 1
18 5 6 9 12 10 0 5 3 2
3 2 4 8 1 5 2 0 2 3
0 4 4 5 16 4 10 2 6 10
0 24 13 4 18 1 12 12 4 2
7 3 2 8 1 2 4 8 1 6
4 2 10 6 11 1 16 4 5 11
10 5 1 8 17 11 8 14 8 11
5 26 4 4 3 8 4 9 5 0
3 1 5 5 15 9 4 3 11 6
3 9 4 3 5 6 5 1 2 6
12 4 2 7 2 3 16 1 11 1
3 20 2 5 12 8 3 1 8 2
2 5 5 4 9 9 4 2 7 18
4 7 5 12 28 9 5 9 2 15
10 3 4 11 1 13 9 12 5 6
4 3 3 3 2 9 4 7 2 1
2 10 0 3 2 11 6 10 4 3
2 1 3 1 4 4 12 1 7 4
15 1 5 18 9 10 2 15 4 4
6 6 17 5 13 14 2 12 5 2
1 9 2 7 2 6 8 3 1 3
2 0 14 11 3 2 3 1 4 12
1 8 1 8 3 5 1 12 7 16
7 10 6 5 27 9 4 10 1 16
13 11 9 3 11 18 10 5 2 9
5 7 11 0 4 3 1 11 1 1
7 1 6 3 3 4 2 1 1 6
5 2 5 5 0 1 6 3 7 4
9 20 1 6 1 6 7 1 1 3
0 8 10 11 10 6 9 24 0 7
4 7 1 5 4 5 3 1 2 9
24 1 2 5 3 13 6 10 9 13
6 4 9 3 5 6 4 7 10 2
1 17 9 5 10 4 5 1 0 25
4 5 13 4 3 9 13 3 2 2
9 11 3 13 6 4 10 5 5 22
4 9 11 6 2 2 10 10 5 5
3 16 13 4 15 12 10 20 12 9
8 1 9 1 8 1 10 7 1 7
0 1 2 3 2 8 4 2 3 4
12 4 2 1 10 9 5 25 7 18
4 7 3 1 25 14 3 7 20 3
24 5 14 7 15 11 10 14 6 3
4 2 3 11 2 1 14 13 5 2
2 8 5 17 7 3 4 11 4 15
1 1 0 4 2 10 4 7 4 1
3 4 2 2 4 9 4 3 3 4
0 0 5 2 3 3 1 8 6 8
5 1 1 1 2 4 10 2 0 15
9 13 18 7 11 2 2 4 8 4
16 12 8 5 7 9 15 1 7 1
2 18 8 2 1 8 16 18 20 13
3 5 2 1 1 9 3 3 2 1
5 1 8 5 4 5 1 9 8 1
4 2 14 15 13 16 20 7 0 6
1 3 3 8 2 4 3 0 5 4
2 0 15 7 2 1 6 8 6 7
2 9 3 3 5 1 6 2 7 0
5 15 8 6 3 9 3 5 2 4
5 10 1 3 3 18 9 1 3 6
5 2 11 6 11 2 6 5 1 8
17 1 6 7 12 7 15 20 6 6
8 5 14 25 1 4 11 3 6 19
1 1 9 9 14 13 4 2 6 2
8 5 2 8 5 11 8 4 10 3
7 0 9 7 1 7 14 20 8 3
3 3 2 7 3 2 3 5 1 1
5 3 20 7 13 5 5 0 11 4
16 2 7 3 11 4 1 5 0 10
2 1 15 2 3 6 1 11 9 22
1 7 12 2 10 7 9 7 10 18
5 4 9 7 10 10 1 10 0 10
1 1 8 4 2 1 5 1 3 0
2 12 15 11 5 24 5 9 7 4
7 6 7 3 4 5 0 1 2 1
3 6 12 13 11 6 11 4 1 4
7 2 11 3 9 8 7 9 2 9
11 5 5 13 8 5 11 22 8 21
8 5 2 7 2 3 6 6 9 1
1 6 0 10 10 3 7 8 12 11
13 6 10 14 6 7 4 4 8 6
2 1 2 2 10 6 6 2 5 6
3 22 7 12 11 0 6 11 9 15
0 0 2 5 3 3 0 1 8 3
6 28 3 3 16 4 8 13 1 3
5 7 13 11 11 20 8 7 24 4
4 6 8 2 5 1 0 8 4 7
7 6 16 15 15 7 12 18 9 6
11 6 17 3 16 1 2 9 0 3
6 1 1 11 4 8 12 4 7 11
6 2 3 15 11 6 21 3 8 6
0 9 11 10 5 15 23 9 2 17
7 2 1 0 10 0 5 2 4 10
4 2 1 4 1 16 2 11 7 9
6 4 3 2 14 6 0 11 1 4
8 4 8 4 22 7 9 13 6 6
1 5 5 2 0 2 11 4 1 4
3 6 1 0 0 7 1 3 7 3
7 1 19 23 3 11 15 5 7 8
1 21 5 14 10 7 8 7 1 5
5 3 4 0 3 9 1 24 17 10
8 2 2 5 7 21 7 6 0 20
7 1 3 2 4 3 1 1 4 2
17 13 6 5 23 0 2 2 14 2
6 1 4 3 8 8 1 9 10 11
5 0 8 1 9 8 2 5 11 8
2 1 14 5 8 6 7 5 12 7
1 19 6 8 5 19 6 2 4 2
2 8 5 7 14 4 9 11 24 3
18 6 6 17 1 6 5 6 10 3
7 10 7 6 24 9 8 11 3 8
12 5 5 15 5 8 9 2 0 4
13 19 12 9 6 10 5 11 16 7
12 7 0 8 6 10 7 4 1 2
4 9 6 3 2 6 3 10 6 9
3 9 7 9 3 16 3 7 10 3
1 19 6 1 6 6 5 4 4 12
8 1 3 8 6 1 3 5 5 2
2 1 3 6 4 2 15 3 1 8
6 15 0 16 6 12 3 6 4 1
3 3 5 7 3 5 5 3 12 6
6 16 10 15 23 6 1 7 2 1
8 21 5 11 1 10 17 17 1 9
12 2 2 28 16 3 3 4 11 4
5 3 1 3 4 4 11 1 0 5
2 8 7 14 5 6 1 13 1 1
6 7 0 4 1 6 6 1 11 1
2 3 7 17 23 6 8 5 13 12
6 6 8 0 0 2 2 9 6 1
6 8 1 18 6 10 2 6 4 3
9 5 4 3 1 3 13 2 3 1
2 1 6 3 6 9 0 6 2 3
0 1 10 17 7 1 6 4 8 1
7 11 3 7 6 8 3 2 4 9
2 4 29 2 13 1 4 4 6 7
3 7 5 1 0 4 2 2 1 2
7 6 11 0 5 19 13 5 7 9
5 3 7 2 1 3 4 6 1 2
3 3 1 9 1 15 2 8 7 8
14 5 2 9 11 8 6 18 8 9
1 11 11 3 16 2 16 16 7 7
3 8 2 0 1 0 4 1 2 5
4 7 15 8 3 2 4 4 6 4
0 0 2 2 6 2 6 1 14 1
1 3 4 2 2 0 1 9 9 9
1 4 7 3 7 8 4 15 5 7
11 6 1 4 6 1 2 8 7 1
1 5 9 3 3 1 7 5 4 3
5 12 6 2 12 10 1 9 4 14
1 1 5 4 5 9 4 3 3 6
17 10 3 0 12 0 2 13 9 4
5 9 2 2 3 0 1 2 7 2
4 0 4 2 2 9 0 4 5 2
2 4 2 0 5 0 4 4 4 2
14 7 2 1 19 8 14 12 9 7
10 16 17 25 2 3 4 7 4 13
6 6 5 1 0 3 2 3 2 3
15 2 13 4 22 19 9 7 4 10
1 2 9 2 1 0 0 5 7 5
5 4 3 1 10 14 2 16 8 4
26 5 5 16 10 5 10 5 11 13
3 2 9 3 3 3 3 2 1 1
2 8 9 4 2 7 1 1 0 5
5 7 5 8 1 10 10 6 0 4
3 7 7 4 6 0 0 14 0 15
0 7 6 4 1 9 3 20 27 5
5 0 2 4 5 0 3 1 1 4
17 19 1 3 6 2 5 4 12 3
9 18 7 2 4 7 9 13 12 13
15 3 9 0 1 8 13 12 26 3
0 0 2 4 1 3 3 2 4 7
6 3 5 5 5 5 6 6 2 4
3 4 3 0 2 0 2 1 4 7
2 11 1 12 10 16 15 6 23 11
10 17 7 13 1 1 3 5 7 12
2 6 1 1 4 11 6 2 2 4
8 3 7 4 3 6 4 5 3 8
5 9 6 6 10 1 25 10 6 2
12 9 3 3 0 11 4 1 3 2
10 2 7 7 5 8 3 1 2 8
5 0 12 2 2 8 2 3 7 7
4 0 5 2 0 2 3 7 13 8
6 4 1 7 18 8 22 5 0 4
7 7 8 30 18 1 6 8 10 2
12 20 19 5 9 3 5 6 21 1
11 4 2 8 8 3 3 4 7 1
7 1 5 5 10 2 7 1 1 3
4 1 8 1 3 12 9 2 5 3
2 4 3 7 2 9 1 1 2 1
12 6 8 5 3 5 16 1 0 6
23 1 3 14 5 9 7 13 2 13
1 20 4 7 9 23 20 1 5 7
17 2 4 25 5 5 1 4 7 23
7 8 11 13 23 5 7 2 2 9
3 2 5 2 3 1 3 2 1 6
7 2 4 11 4 2 20 18 3 10
2 4 8 0 1 7 6 0 2 7
1 4 3 2 8 4 16 1 8 20
5 14 14 7 22 8 16 10 5 5
6 5 3 2 20 7 2 1 12 7
5 12 2 7 9 15 10 4 7 5
12 15 1 11 12 4 7 7 5 13
23 0 8 11 14 1 18 7 5 3
17 2 8 3 4 11 15 5 4 13
5 2 4 9 8 7 7 3 3 2
2 2 5 4 8 1 8 4 3 10
14 0 4 6 6 2 16 2 3 12
4 2 5 4 1 11 11 8 9 21
0 15 6 8 6 7 4 1 11 21
5 3 7 3 8 1 8 15 11 8
6 1 6 3 11 3 12 9 6 4
13 2 2 8 1 1 9 4 3 7
1 5 3 8 1 6 2 1 4 0
17 0 8 3 9 3 0 9 8 4
6 3 5 7 6 5 1 6 1 9
3 11 11 1 12 14 10 8 5 1
6 4 8 3 6 1 4 5 10 9
19 7 7 4 5 3 6 9 2 11
4 12 2 3 12 5 12 11 5 12
11 1 7 7 2 4 2 4 1 5
4 2 4 1 2 4 4 7 0 8
6 1 7 14 23 9 10 12 13 4
1 5 13 6 10 3 5 4 7 3
3 3 2 19 2 16 10 3 7 11
10 3 8 1 6 9 2 11 1 5
2 8 13 7 3 4 16 2 14 11
6 3 5 8 6 7 7 10 5 4
4 3 7 4 7 2 5 3 1 5
3 17 15 5 6 7 1 13 6 22
2 2 14 12 9 3 4 3 21 7
3 3 1 3 10 4 2 9 16 29
1 7 4 2 11 10 1 13 4 11
6 10 5 2 5 17 2 1 11 15
10 0 12 11 4 7 11 12 3 9
10 3 7 1 7 16 17 5 12 5
8 4 0 4 1 5 0 6 2 0
2 2 12 17 15 12 2 9 11 16
3 2 9 6 6 9 0 6 13 5
1 10 3 3 10 0 5 1 6 5
8 7 6 8 2 8 7 13 5 4
1 5 6 5 14 10 5 6 2 1
1 10 11 3 2 10 5 5 5 9
12 3 8 30 1 1 2 3 2 4
9 5 4 11 18 3 0 9 7 6
10 6 23 4 6 19 3 15 12 5
1 5 5 6 2 9 9 10 7 9
4 2 12 6 14 20 3 1 5 9
3 15 7 14 19 7 9 8 16 6
7 1 4 0 2 2 12 6 5 8
26 3 9 5 17 12 8 9 5 10
16 3 6 5 5 6 8 6 10 17
7 0 0 6 3 4 0 0 0 3
12 1 7 11 2 4 6 3 4 4
6 9 6 7 4 13 9 5 5 6
10 12 21 15 7 9 1 1 7 7
4 2 1 7 4 1 7 6 4 3
2 7 4 3 6 1 3 4 4 0
2 3 4 7 6 1 11 3 13 6
4 2 1 1 8 1 28 0 9 25
9 10 1 13 2 18 1 11 6 4
3 4 4 3 6 1 4 3 8 2
1 3 1 2 0 9 7 3 3 8
3 10 7 3 3 11 10 8 4 1
22 12 10 5 6 2 4 13 2 1
10 4 11 10 7 0 4 10 4 5
1 4 1 2 10 10 8 12 1 7
4 8 2 3 1 4 10 4 10 5
4 0 4 9 2 6 6 21 16 9
9 3 3 7 1 1 2 3 7 3
1 6 22 17 19 15 4 1 1 4
5 2 15 1 9 9 7 9 19 12
4 13 23 1 9 7 3 3 3 3
1 8 2 1 4 6 6 1 0 3
2 1 2 2 8 2 2 2 4 4
3 1 5 1 0 7 3 0 1 3
0 3 10 5 4 5 8 1 6 4
9 3 18 8 5 13 1 2 11 0
17 10 8 2 7 21 12 12 11 9
3 3 0 4 7 4 10 4 1 3
1 14 4 4 5 12 12 4 11 6
3 1 6 0 1 4 11 6 4 19
9 2 17 4 2 1 7 6 1 8
3 4 7 15 10 12 8 4 15 4
1 4 2 8 5 25 9 7 15 1
2 5 1 13 9 6 1 3 2 16
4 5 1 2 7 13 5 9 2 6
3 1 1 6 5 3 2 11 5 1
5 0 6 9 0 8 2 2 5 3
2 5 6 1 5 6 5 6 1 2
10 6 6 3 5 4 4 5 10 2
2 13 11 9 11 7 16 2 17 4
0 8 3 1 5 2 1 1 7 1
14 7 14 9 5 10 8 8 7 9
2 1 10 13 7 5 16 5 6 5
9 5 4 11 18 8 2 8 4 6
1 0 7 1 7 5 4 6 5 1
20 4 8 8 18 4 17 2 9 7
12 5 9 1 13 3 2 2 2 3
6 11 7 1 2 1 4 2 8 3
6 2 1 2 2 0 6 12 4 2
1 3 9 0 0 4 4 5 6 5
2 5 2 3 1 2 3 3 6 3
2 2 1 0 5 2 1 3 8 0
10 16 2 11 4 13 3 22 11 6
12 3 15 5 3 2 0 5 15 4
6 25 13 8 1 6 9 21 6 0
1 19 5 7 2 6 1 10 1 4
6 6 10 10 7 6 1 11 3 1
2 2 5 4 0 11 7 3 3 2
0 1 3 1 4 5 3 9 0 5
7 3 2 1 5 0 0 7 0 2
0 10 3 7 5 0 4 8 2 1
13 3 5 1 3 8 8 1 7 0
14 18 9 3 5 0 3 22 4 2
3 2 1 12 1 9 15 6 2 0
6 1 5 16 2 4 25 7 1 14
6 7 2 8 5 5 5 9 8 2
1 9 6 4 4 3 5 4 1 2
2 1 5 7 3 3 8 9 1 3
9 10 17 15 3 4 6 3 10 12
15 4 1 8 14 5 16 7 14 10
5 4 1 17 1 2 18 1 14 4
4 5 3 0 6 3 8 8 5 9
8 10 4 9 5 9 8 8 7 5
5 9 4 13 8 1 3 20 14 14
6 2 8 1 9 18 21 10 5 6
3 1 3 0 4 3 5 1 7 4
9 12 2 9 1 10 5 2 5 8
13 3 14 11 1 4 1 7 5 7
2 14 11 10 14 10 13 8 2 14
4 8 2 0 13 5 6 3 6 4
2 1 7 1 7 1 18 4 24 13
3 2 6 12 7 14 0 3 11 11
5 9 3 3 1 15 5 4 7 19
9 25 7 1 2 12 0 2 2 15
15 4 0 0 0 1 10 15 9 6
13 8 0 2 9 1 12 2 1 2
0 3 3 7 6 14 1 6 3 3
12 4 2 6 0 9 0 2 10 0
4 5 0 3 2 4 3 2 1 7
8 4 7 10 6 11 26 4 1 17
13 2 5 12 12 5 2 2 9 1
0 0 7 2 5 2 1 3 4 2
13 5 16 16 15 6 9 12 0 6
0 0 0 1 2 4 1 13 1 4
1 1 3 15 6 16 8 12 7 8
2 4 6 4 7 4 6 5 18 16
1 10 12 3 8 12 0 7 2 4
3 2 2 1 4 8 0 2 0 5
3 2 3 7 1 1 7 1 2 2
1 6 0 1 3 0 5 5 6 14
7 10 4 1 6 4 15 10 6 15
16 7 7 8 25 6 10 8 15 6
14 13 3 15 16 13 12 10 8 0
5 3 5 3 0 11 10 0 6 5
9 9 2 22 1 13 1 7 4 17
11 18 8 12 0 6 14 5 13 2
1 4 3 1 5 4 5 4 5 0
12 4 16 2 13 9 2 4 8 0
3 2 7 3 1 2 2 5 6 3
3 17 5 18 19 5 9 4 14 3
9 9 7 5 2 1 0 2 6 3
6 13 9 3 6 1 3 4 5 4
15 3 4 8 2 13 29 4 5 11
11 8 2 1 1 6 11 7 6 9
7 4 5 6 3 1 9 9 6 3
9 7 3 5 2 11 12 27 8 14
4 1 8 5 4 2 4 1 0 12
20 10 2 12 2 7 19 2 8 19
10 8 7 3 1 5 6 3 11 2
2 2 2 4 1 3 1 3 1 7
7 9 4 0 12 20 16 24 4 2
1 1 3 6 2 1 2 5 8 2
4 8 4 1 2 6 16 2 4 5
7 6 3 16 4 14 21 3 10 6
4 6 17 20 8 7 8 1 1 3
3 4 4 9 3 1 2 8 6 15
3 16 1 10 6 17 7 22 5 4
13 1 2 0 6 13 21 2 16 1
6 14 7 13 16 2 5 10 0 14
7 7 13 14 2 0 3 8 6 9
9 19 14 4 6 16 7 5 11 10
3 11 0 0 3 6 3 13 12 6
1 7 2 3 4 4 1 11 7 3
2 4 5 3 3 0 4 0 0 7
0 5 6 4 9 6 3 2 1 9
4 13 5 5 7 8 6 9 12 5
7 24 2 3 18 0 0 7 1 9
0 1 4 10 11 1 6 4 2 16
5 3 1 2 4 3 0 8 4 0
2 5 1 1 10 0 6 8 0 5
0 20 4 11 10 0 3 2 9 15
2 7 2 8 10 2 6 4 3 2
1 7 6 1 8 9 3 2 1 8
7 2 0 2 6 3 5 10 2 3
0 4 5 6 2 4 7 9 4 1
1 7 8 7 10 8 15 8 9 3
1 1 0 0 9 4 5 4 0 2
13 5 10 12 16 15 9 1 14 8
3 8 4 11 2 5 0 13 1 5
11 6 15 4 8 4 1 3 3 2
10 0 13 14 17 7 8 7 3 1
6 2 14 4 1 7 8 17 16 18
6 6 10 8 11 19 4 7 17 13
2 2 9 1 1 5 11 10 7 1
6 14 1 4 2 14 12 19 4 6
13 6 9 4 4 1 1 0 1 4
4 2 0 15 12 0 3 5 5 4
1 7 11 3 7 7 14 7 4 2
1 4 2 7 12 20 7 2 22 11
6 4 9 11 26 4 1 1 1 16
14 8 9 0 3 4 2 20 22 5
26 8 18 2 2 1 1 4 2 5
3 4 3 14 4 7 4 6 7 2
7 13 17 24 1 1 3 12 1 12
1 11 17 14 20 3 9 9 14 5
3 2 4 5 0 5 6 5 5 0
6 6 6 12 3 6 4 5 5 17
0 4 3 13 3 11 3 0 4 5
4 9 4 15 10 15 2 9 3 6
2 7 4 2 8 12 2 7 5 3
2 8 6 16 3 3 6 0 3 1
4 4 1 2 0 3 2 5 1 4
3 5 2 6 3 5 2 7 1 6
5 4 15 11 2 3 1 3 11 10
1 9 3 6 3 6 0 3 5 7
15 9 13 5 13 16 7 1 8 7
6 3 18 5 8 4 4 4 0 4
17 14 23 11 11 3 7 1 2 3
26 2 1 18 4 4 13 6 2 6
6 11 2 6 12 5 8 2 4 1
18 6 6 5 7 8 6 2 24 13
5 2 2 9 2 9 14 0 10 12
13 9 16 2 8 8 5 11 1 9
8 4 2 2 7 6 3 4 9 3
9 4 16 2 8 19 11 15 12 16
1 5 5 6 0 5 3 2 6 0
3 5 11 6 0 9 3 2 0 7
13 2 14 15 6 2 22 13 7 5
6 10 2 10 2 4 6 4 1 13
8 7 8 5 10 6 0 8 1 4
4 6 15 17 13 3 1 17 12 1
10 3 4 15 0 6 3 5 1 3
2 0 14 7 11 1 12 19 3 7
13 5 4 12 2 1 0 5 21 11
1 4 7 5 2 3 4 1 4 4
3 2 3 3 3 6 2 6 11 5
3 8 9 6 20 3 13 11 17 5
9 3 3 6 14 7 9 25 13 12
3 0 1 4 14 17 15 3 11 11
5 20 11 0 26 8 4 2 2 8
9 2 11 6 2 13 12 12 13 7
2 4 9 1 2 3 15 5 10 0
14 4 7 0 2 7 13 1 8 8
1 0 1 2 7 3 9 1 10 5
5 1 7 11 7 3 7 3 5 10
3 4 1 6 1 3 1 1 5 6
15 9 16 7 3 8 10 2 6 27
1 3 3 4 2 5 3 1 3 7
0 5 8 5 18 5 2 2 11 9
2 4 4 3 6 4 5 0 8 7
3 11 4 0 4 18 25 15 10 5
7 5 17 9 1 14 9 1 10 16
8 6 8 7 14 1 3 11 1 9
1 11 9 5 15 18 15 11 11 12
10 16 5 9 16 8 2 1 2 11
1 10 9 5 13 1 10 4 12 9
1 0 4 0 6 5 1 2 6 5
6 1 1 9 5 8 9 6 31 12
0 2 5 5 2 5 1 1 7 1
2 1 5 0 6 4 7 2 9 5
8 10 16 16 4 11 3 1 12 8
3 9 1 6 2 1 4 6 2 7
6 9 7 11 5 8 3 10 1 15
18 9 4 4 1 24 2 2 12 12
4 3 8 4 1 8 2 0 2 7
6 14 4 19 8 18 3 4 7 9
6 8 2 3 0 1 2 3 6 2
19 3 24 16 3 6 3 1 1 14
6 1 2 4 2 3 1 2 2 6
0 6 3 0 4 9 5 4 3 16
1 3 1 5 0 9 11 14 8 2
6 21 10 3 5 19 7 2 0 5
6 6 6 7 1 5 4 0 11 1
2 9 4 2 9 4 0 6 1 3
24 9 6 7 2 1 10 22 4 4
7 6 28 5 9 15 1 6 2 1
12 5 4 5 17 9 6 4 16 4
4 7 14 11 3 17 1 8 5 13
3 10 1 4 5 10 3 8 5 8
16 12 1 9 4 0 0 11 14 5
3 11 18 18 11 7 13 6 7 1
3 0 2 4 0 9 7 2 2 8
22 21 0 7 5 9 3 1 9 16
1 8 8 5 13 14 6 16 9 8
2 2 3 15 1 2 0 1 1 14
2 28 15 3 10 2 10 10 6 11
10 11 11 0 7 2 0 5 4 8
5 2 5 5 0 5 5 1 2 5
13 24 13 13 2 7 4 8 9 7
0 13 8 5 16 12 16 14 4 15
7 3 1 3 1 1 4 4 2 3
0 6 5 3 5 3 15 2 1 5
8 4 4 1 0 6 3 4 3 3
1 15 13 1 2 7 0 6 6 2
1 9 19 3 1 2 1 8 1 6
7 7 7 2 2 4 3 2 2 8
3 6 5 7 2 8 2 11 5 0
11 1 13 2 10 17 13 12 8 13
4 5 0 5 1 2 1 11 4 7
2 1 2 0 14 5 2 5 4 3
7 5 9 1 15 5 7 20 15 1
6 10 0 7 6 7 2 3 0 10
0 1 4 1 15 19 17 0 9 3
14 16 9 17 10 2 4 7 10 7
21 4 7 18 11 8 10 11 10 15
13 7 2 6 3 5 11 12 2 8
4 8 23 4 17 5 3 9 17 10
3 8 8 5 14 7 12 8 11 8
4 2 1 1 1 2 4 6 8 1
6 2 7 5 3 1 2 0 2 1
1 7 9 8 5 21 4 1 7 0
5 10 3 12 2 4 4 5 11 2
6 1 3 7 3 4 2 4 8 0
6 12 9 1 9 6 10 12 2 8
13 9 5 15 0 4 6 4 2 6
7 3 3 6 20 3 12 6 4 3
15 7 14 7 11 9 10 5 4 2
5 0 3 2 6 3 0 5 2 2
4 6 7 1 6 5 6 18 8 13
24 6 12 6 4 10 12 6 10 1
3 13 9 20 13 1 13 2 3 12
5 2 1 5 3 10 4 4 5 3
11 3 7 7 15 9 24 5 10 9
4 7 5 4 11 5 13 5 7 10
1 7 3 1 6 3 6 2 5 9
6 2 4 2 3 7 2 2 6 7
11 2 12 8 7 21 1 3 13 5
1 2 2 9 4 3 10 1 20 3
8 14 18 5 3 10 0 18 4 1
6 17 3 20 2 7 18 3 7 4
3 4 9 0 1 7 1 9 1 1
15 9 13 24 2 5 12 16 6 4
10 13 7 6 12 5 3 5 25 5
15 15 4 3 11 10 3 4 5 21
0 6 11 6 1 8 1 9 5 18
4 2 5 1 0 5 16 11 5 10
6 10 6 4 8 3 4 6 5 11
3 14 15 9 4 22 12 13 2 2
1 8 4 1 7 6 3 4 1 2
12 4 16 3 10 7 5 2 9 9
2 5 5 7 8 12 2 11 26 15
2 5 6 9 2 5 2 3 3 3
0 3 6 4 2 2 0 5 8 0
19 4 9 3 4 5 9 4 5 27
2 1 3 8 6 5 2 1 9 5
2 1 6 8 2 5 4 6 10 0
2 0 5 6 17 2 12 7 8 11
3 0 3 2 4 0 2 1 7 5
1 13 9 17 8 3 10 10 6 24
0 2 1 0 1 5 2 8 1 6
3 1 7 0 2 6 3 0 6 0
5 6 7 10 3 5 7 5 6 4
4 8 0 3 9 7 0 9 7 4
3 4 8 5 7 3 3 9 6 1
8 11 7 9 19 7 3 20 2 3
0 4 3 9 3 3 3 4 3 6
2 7 5 5 1 5 3 0 6 2
12 9 3 12 11 8 5 2 13 9
7 3 6 6 7 11 13 9 8 2
18 2 14 4 3 17 4 11 0 11
8 7 0 7 4 13 5 9 7 3
6 1 8 17 14 26 5 4 12 5
4 3 0 0 2 6 13 5 11 3
12 8 19 10 1 14 8 18 10 16
5 13 3 0 17 7 19 2 9 14
9 12 24 7 0 1 5 1 20 11
12 6 9 21 4 14 1 5 20 3
6 20 24 6 7 10 10 3 14 9
1 1 0 6 3 1 3 6 4 9
17 4 5 20 14 5 3 3 16 9
14 5 6 17 12 6 13 4 12 10
0 10 3 0 3 11 15 0 2 13
5 13 9 4 4 12 16 15 1 8
6 4 4 5 17 13 0 5 4 0
6 4 10 18 4 6 6 2 1 21
13 15 6 15 4 11 13 9 6 21
25 4 4 11 9 2 12 6 3 5
1 3 7 7 7 17 13 12 12 19
7 14 6 4 6 3 1 14 2 1
2 2 8 7 18 1 27 3 9 5
5 0 17 11 12 11 9 1 7 23
1 5 6 3 2 14 4 13 1 5
15 3 20 13 3 10 19 2 11 10
4 2 2 15 0 7 3 17 9 8
2 8 3 19 1 4 14 2 7 6
5 1 5 5 5 5 14 3 0 4
0 6 5 2 0 11 0 12 3 3
3 4 11 15 5 3 10 3 6 5
4 6 6 5 3 2 6 0 5 3
0 5 2 0 5 2 0 1 6 1
6 7 5 1 1 7 15 7 5 1
4 8 2 4 4 0 1 5 1 3
2 2 1 1 5 7 4 5 7 3
11 13 0 2 4 3 4 2 3 5
2 10 1 10 4 2 4 5 10 5
3 1 12 3 4 2 3 4 6 0
14 5 18 7 19 2 2 8 6 7
1 5 8 2 1 1 0 6 4 1
1 5 3 1 2 9 0 3 4 4
8 10 16 5 2 17 18 5 10 4
3 1 5 7 8 6 9 14 16 7
5 13 5 5 10 0 4 7 2 7
4 11 6 4 1 1 0 0 4 2
19 3 2 0 6 5 6 2 5 18
2 10 6 12 1 12 9 0 25 4
1 0 3 1 1 1 6 5 4 7
18 0 3 2 11 17 0 7 2 17
5 4 4 4 8 10 11 14 15 1
14 11 3 14 5 2 3 6 9 5
15 3 6 11 1 0 4 7 12 6
7 4 0 11 3 14 9 10 0 2
3 10 6 5 9 6 5 5 0 10
3 7 7 14 13 2 4 19 1 13
4 0 4 13 6 2 4 2 8 13
7 17 4 11 9 15 9 8 4 8
5 8 4 4 3 3 3 2 3 1
5 7 8 3 11 0 1 11 1 5
3 11 1 4 7 8 15 20 20 4
7 7 2 1 4 2 4 2 1 1
5 12 9 13 21 5 4 1 9 8
1 3 17 2 19 4 4 18 16 18
6 11 3 11 12 3 5 0 9 3
8 0 5 1 6 12 4 3 2 5
15 7 20 3 22 7 3 11 2 5
0 2 7 1 1 1 2 1 0 6
15 3 12 1 2 6 1 9 3 2
3 8 8 5 3 16 2 8 7 9
11 4 15 16 6 15 9 20 3 4
7 3 2 4 10 12 25 1 5 5
8 0 1 1 1 6 0 0 1 10
4 0 1 5 7 0 4 5 1 6
10 3 7 8 4 10 3 5 2 0
1 3 9 6 8 14 9 7 9 5
0 3 10 0 2 3 12 3 2 18
12 13 1 6 5 3 1 1 8 4
3 8 2 5 2 3 5 7 1 6
3 1 3 7 2 3 7 1 4 8
3 2 1 4 2 12 1 3 10 7
10 2 5 2 15 13 1 6 3 20
3 5 5 9 19 1 18 7 1 1
26 11 19 1 6 9 2 4 14 8
2 6 5 2 11 8 8 0 14 18
6 10 4 8 6 6 16 2 18 13
1 5 6 3 2 7 1 3 1 3
5 13 0 4 10 6 4 15 5 4
9 5 14 7 13 11 8 22 8 7
8 4 6 12 12 1 18 1 4 9
3 8 14 7 6 17 5 6 8 3
6 3 5 11 2 3 8 1 2 6
1 13 4 2 4 0 12 8 5 3
3 3 4 3 12 4 11 20 14 22
4 4 10 5 4 4 15 13 26 13
3 12 1 4 3 10 2 3 6 7
10 5 17 13 3 6 4 0 17 2
19 11 9 1 3 9 13 3 7 4
8 9 10 10 0 5 12 1 5 7
29 7 0 5 15 3 7 1 17 7
0 2 6 8 0 15 13 1 8 3
8 13 9 13 4 3 19 1 5 1
7 6 6 1 9 10 5 3 1 15
8 10 1 9 13 8 3 4 16 11
2 2 2 10 3 1 12 4 4 11
1 3 5 1 3 6 3 4 1 2
4 1 1 1 2 5 3 3 6 3
5 2 6 5 3 2 4 1 0 0
2 1 7 13 0 1 8 17 4 1
3 3 4 9 5 3 5 5 6 2
3 11 1 8 3 4 7 1 8 7
1 5 23 9 17 11 1 11 15 8
7 18 5 11 1 2 8 4 7 1
1 2 6 2 14 7 0 1 1 4
8 13 3 2 20 8 6 22 15 1
15 6 13 14 4 3 7 12 10 1
7 11 0 10 4 8 7 11 4 12
4 9 9 10 5 2 0 5 1 12
4 1 2 8 10 5 1 2 4 2
12 1 16 10 2 9 2 6 3 4
13 5 10 6 6 1 6 2 18 3
7 5 2 8 7 1 10 3 3 1
15 0 2 2 15 3 5 5 12 22
1 9 4 7 7 8 3 2 4 1
9 1 1 4 6 8 10 6 2 0
1 1 18 10 2 6 2 5 4 3
4 13 0 19 3 14 7 6 12 4
8 10 14 1 1 17 3 8 5 11
12 10 7 0 10 10 5 2 3 7
10 10 1 0 5 2 4 5 18 4
4 4 7 3 2 2 5 2 3 4
1 1 9 11 14 5 13 3 0 1
0 15 0 7 2 3 5 9 7 4
2 4 3 3 12 1 2 9 1 10
3 2 3 3 16 5 4 7 3 9
16 24 6 1 8 2 6 7 2 13
2 21 11 7 22 7 6 0 1 12
2 6 12 12 5 2 4 21 0 3
6 5 17 6 6 19 6 4 23 6
9 2 2 16 2 0 1 6 18 11
1 3 2 1 8 0 4 9 5 6
18 12 11 0 3 23 17 6 9 1
10 10 22 3 3 3 9 4 7 9
3 4 8 2 7 11 3 4 6 6
2 10 1 1 7 7 6 2 7 6
3 1 3 4 10 6 7 8 1 15
12 9 11 16 1 2 18 22 3 6
2 2 1 0 8 2 2 7 1 3
0 2 1 0 0 3 3 8 7 3
5 0 2 1 4 1 6 0 6 5
3 1 3 14 11 3 25 12 11 11
0 2 4 3 1 8 10 1 13 0
12 2 9 3 2 2 16 9 10 7
7 15 3 9 4 11 18 2 15 12
11 3 1 1 0 4 2 4 1 1
15 7 3 9 9 1 5 14 5 2
1 2 4 4 4 4 5 1 2 1
9 10 6 10 6 8 8 10 2 1
8 5 0 2 1 4 8 1 0 9
3 4 8 8 7 1 6 27 2 10
6 2 4 0 4 2 1 4 0 3
4 4 7 18 6 4 2 6 4 15
1 5 0 2 2 5 4 2 6 0
14 6 22 14 2 4 5 1 8 23
14 4 5 3 2 2 11 13 11 25
4 4 8 1 2 1 4 5 3 0
8 1 4 10 10 12 6 16 10 6
3 3 1 2 0 4 5 7 1 9
17 3 21 1 12 2 14 5 9 7
8 1 4 3 0 1 2 2 4 3
17 7 1 7 1 11 6 12 0 12
10 7 15 8 7 4 6 1 8 1
2 1 10 4 6 1 9 6 4 2
11 6 7 2 5 19 4 19 6 6
7 15 0 5 3 33 2 0 5 7
1 1 10 11 2 2 18 2 1 2
8 15 8 4 6 14 3 6 4 7
2 1 2 3 5 3 2 9 9 4
8 6 2 2 4 1 6 1 0 1
7 23 0 24 5 15 8 4 10 6
2 2 9 6 3 6 1 3 1 2
14 2 13 5 18 9 12 13 11 8
11 11 12 20 8 15 12 4 1 7
1 6 0 3 11 2 17 10 4 5
4 8 2 3 0 3 1 3 4 1
13 2 23 10 0 10 1 6 13 16
1 9 4 3 14 1 9 5 3 1
2 0 7 6 4 4 8 11 1 6
9 0 16 5 2 5 1 8 12 16
11 3 3 3 4 16 7 14 12 10
3 3 2 2 5 6 5 4 6 4
2 11 30 1 0 7 3 5 10 7
0 10 2 11 0 2 15 1 3 1
10 8 10 6 4 10 3 1 0 5
2 6 4 1 8 6 0 5 7 5
14 7 1 1 5 2 8 3 0 14
19 2 14 3 13 13 5 9 2 6
16 4 3 4 0 19 7 3 9 12
3 5 11 3 14 4 1 4 2 5
9 1 8 7 1 3 8 8 8 1
15 2 9 11 11 4 16 11 6 9
1 6 4 1 6 2 6 9 11 5
0 7 2 5 4 8 10 6 8 4
0 9 2 7 4 2 8 11 3 3
12 2 7 17 9 15 0 1 2 4
0 3 0 3 6 2 4 3 1 7
2 16 15 0 3 16 14 6 6 2
11 2 5 10 7 10 7 9 2 26
7 8 5 1 4 4 19 11 5 3
5 2 0 8 1 2 1 6 6 7
6 1 4 2 9 3 3 16 3 4
11 11 5 0 13 16 4 1 15 15
2 0 1 3 3 1 7 4 6 6
5 3 6 10 0 14 3 1 16 2
8 14 25 3 6 9 2 4 1 15
6 11 6 14 14 19 18 10 8 8
11 1 10 2 17 7 2 12 3 11
0 8 8 6 3 7 17 21 13 5
10 20 9 18 1 16 5 15 10 2
4 2 3 3 2 2 4 10 5 4
18 13 7 11 5 2 1 4 29 2
3 10 4 1 4 14 11 1 2 6
0 21 3 19 2 3 16 3 14 10
0 3 4 5 1 3 5 3 3 12
1 7 16 3 8 12 10 4 8 7
11 2 5 1 3 14 10 3 8 6
0 0 4 2 6 1 4 4 11 2
11 12 6 1 8 2 8 8 4 6
16 6 18 1 8 2 6 3 7 1
1 3 7 3 9 8 4 19 5 3
7 2 6 12 12 8 6 2 4 1
17 5 5 11 8 12 21 6 8 1
6 2 21 1 2 0 8 10 26 2
26 6 5 1 10 4 11 21 11 1
8 16 3 10 8 4 1 10 2 8
3 12 4 15 3 5 2 2 6 4
7 6 2 6 5 8 7 9 0 10
5 5 9 2 2 19 12 14 14 0
7 7 3 7 3 3 5 1 0 5
9 1 9 0 0 10 7 15 15 5
7 0 5 7 3 4 4 0 3 3
11 5 26 1 2 14 6 5 22 6
0 3 7 11 4 4 1 5 2 1
16 3 8 17 3 12 6 6 6 5
3 2 2 1 2 13 9 11 7 9
8 6 1 2 2 1 0 2 2 1
0 1 6 14 2 3 1 3 2 1
6 19 2 4 8 19 4 0 10 12
10 14 1 2 14 8 4 0 10 7
8 1 10 1 0 0 4 2 0 16
4 5 3 8 8 1 3 2 2 5
8 4 4 11 1 7 17 6 6 4
3 1 1 1 11 7 16 1 8 12
2 5 5 2 3 3 12 4 6 2
2 58
2 62
2 72
2 97
3 28
3 61
5 85
6 67
6 106
7 13
7 36
7 74
8 57
8 68
8 80
8 84
8 91
9 57
10 32
10 33
10 87
10 98
10 102
12 27
13 44
14 58
14 75
14 86
15 79
16 37
16 78
16 109
17 58
17 89
18 24
19 34
19 82
20 55
20 104
21 49
22 119
23 77
23 81
23 108
24 56
24 66
25 29
25 35
25 91
26 27
27 92
28 68
28 97
29 125
30 73
30 125
31 45
31 63
33 110
33 111
35 87
35 107
36 56
36 75
37 70
37 84
37 107
38 51
40 79
40 80
41 85
41 101
41 121
41 129
41 133
42 54
43 116
44 110
45 73
46 87
46 110
47 78
48 63
48 137
48 144
49 58
50 139
50 147
52 108
52 110
52 138
52 139
53 104
53 129
55 86
55 116
55 142
56 57
56 91
58 65
58 103
58 145
59 157
60 70
60 114
60 118
60 151
61 118
61 158
62 63
62 109
62 126
62 140
63 103
64 120
65 85
65 140
65 145
65 152
69 138
70 142
71 95
71 116
72 146
72 148
73 94
74 117
74 159
75 96
76 122
77 80
77 122
78 125
78 144
79 102
83 105
83 133
84 142
84 157
85 125
85 129
85 158
85 169
85 172
86 159
87 106
87 166
88 98
88 114
89 139
89 151
90 103
90 105
91 157
91 158
91 183
92 138
92 176
93 168
94 168
95 147
95 188
96 177
97 113
98 99
98 170
99 114
99 121
99 177
100 110
100 158
101 162
101 197
102 108
102 127
102 153
103 121
104 111
104 118
104 134
104 203
105 141
105 142
106 149
106 162
108 161
108 186
108 205
109 129
109 144
109 186
110 185
114 116
114 211
115 200
116 129
117 163
117 165
117 179
118 134
118 137
122 196
124 147
124 176
124 180
124 202
124 216
125 130
125 195
125 203
125 225
126 153
127 160
128 207
130 132
130 227
131 165
131 188
132 215
133 172
134 181
136 212
137 226
137 233
138 230
141 237
142 192
143 161
143 180
144 189
144 200
146 212
146 244
147 173
148 153
148 166
148 185
149 157
149 196
149 242
150 207
151 187
151 189
151 201
152 210
154 183
154 253
155 210
156 213
156 225
157 177
157 187
157 215
158 171
160 217
160 232
161 171
161 184
161 226
162 198
162 260
164 250
165 199
165 238
165 246
165 255
166 204
167 204
167 211
168 214
168 224
168 254
168 258
169 251
169 262
170 250
171 209
172 181
173 206
174 188
174 217
174 246
175 191
175 207
175 263
176 254
176 273
177 206
177 271
177 274
178 196
178 244
179 205
179 224
180 252
180 269
180 272
181 278
183 209
183 245
184 234
186 248
187 222
188 212
188 225
188 227
188 260
189 231
189 288
192 235
192 282
193 239
193 268
193 275
195 245
195 264
195 274
196 214
199 290
200 207
202 217
202 234
202 283
203 232
203 240
203 278
204 218
204 224
204 244
204 302
205 270
208 214
209 219
209 235
209 259
210 225
210 248
210 285
211 233
211 247
212 299
213 214
213 224
213 250
213 301
214 269
214 294
214 307
216 246
216 316
217 272
217 291
217 314
217 316
218 289
218 299
218 311
219 226
220 267
220 299
221 265
221 275
221 290
222 234
222 260
222 291
223 262
223 295
226 239
227 239
227 310
228 236
228 243
229 290
229 315
230 255
230 279
232 315
233 283
235 266
236 259
236 274
236 313
237 254
237 263
237 269
237 276
237 286
238 271
238 314
238 331
239 291
241 260
241 280
241 297
242 244
244 291
245 268
246 326
247 300
249 256
249 327
249 329
250 335
251 338
252 295
252 315
253 268
253 325
253 342
254 309
254 340
255 287
255 333
255 353
256 340
257 259
257 277
257 322
257 343
258 331
261 296
261 301
261 348
262 341
263 283
263 350
264 266
264 331
264 345
265 270
265 310
265 311
265 332
266 305
266 329
267 356
268 351
269 315
269 324
270 285
270 294
270 330
272 314
273 300
273 310
273 313
273 364
274 341
274 342
276 281
277 280
277 295
278 318
278 345
278 353
279 283
279 286
279 335
280 286
280 313
280 375
281 309
281 324
283 310
283 328
283 346
284 299
284 371
285 306
286 304
286 344
287 329
287 358
287 375
288 320
288 324
288 339
289 347
290 323
291 350
292 337
292 341
292 383
293 333
293 342
294 302
294 325
294 352
294 385
296 322
296 325
297 303
297 318
300 307
300 334
300 338
300 360
300 372
300 383
301 305
301 335
301 356
302 309
302 326
304 318
304 379
305 382
305 401
306 331
307 358
308 321
309 333
309 366
309 375
309 400
310 334
310 355
310 371
310 392
311 391
312 319
312 342
312 349
313 337
313 396
314 327
314 341
314 361
314 394
316 357
316 364
316 384
317 333
318 330
318 332
320 360
320 408
320 414
321 337
322 323
322 334
322 341
322 408
322 412
325 357
326 384
326 391
329 357
329 373
330 381
330 423
331 362
331 392
333 378
333 425
334 335
334 345
334 400
334 402
335 397
335 421
336 356
336 412
337 364
337 412
338 341
338 404
339 368
340 396
341 417
341 419
341 432
343 366
344 370
345 361
345 430
346 361
346 373
347 401
347 417
348 352
348 443
349 421
351 402
351 412
352 359
352 369
352 407
352 436
352 452
353 451
354 412
356 374
356 404
356 425
356 430
357 419
357 424
359 425
360 376
360 432
362 412
362 420
362 439
363 407
363 450
364 417
365 376
365 384
365 421
365 430
365 461
366 379
366 403
367 409
368 413
369 382
369 388
369 430
369 437
370 383
370 445
370 454
370 459
370 461
371 459
372 446
372 458
373 463
374 398
375 443
377 441
378 469
379 387
379 447
379 460
380 439
380 472
381 401
382 396
383 407
383 438
383 448
383 456
383 464
384 459
385 393
385 408
385 462
385 482
386 413
386 415
386 441
386 452
387 422
387 464
388 443
388 452
388 468
390 421
390 438
391 417
391 459
392 410
392 411
392 471
393 415
393 425
393 446
393 461
394 463
394 479
395 410
399 439
402 490
403 407
403 414
403 503
404 422
404 462
405 415
406 408
407 429
408 420
408 449
409 473
410 429
410 462
411 450
411 491
413 449
414 444
414 487
415 507
416 421
416 441
416 457
416 487
416 488
417 433
417 444
417 445
417 455
418 440
418 507
419 481
420 423
421 478
422 427
422 480
422 487
423 458
423 481
424 433
424 471
424 520
426 512
427 428
428 440
428 452
428 484
428 511
428 525
430 461
430 463
430 484
431 519
432 492
433 530
434 448
434 473
435 490
436 491
437 526
439 462
439 474
439 519
440 449
440 475
440 504
441 522
441 531
441 538
444 450
444 454
445 453
446 545
447 496
448 520
448 523
448 531
449 470
450 508
450 512
451 544
452 487
452 493
452 503
453 473
453 480
453 490
453 523
453 540
454 511
454 532
455 468
455 470
455 493
456 493
456 500
456 551
457 472
457 477
457 503
457 551
458 508
458 534
458 545
459 462
460 478
460 498
460 541
461 509
461 523
461 539
462 481
462 483
462 505
464 506
465 511
466 501
466 542
466 566
467 478
467 548
467 557
467 560
468 476
468 538
468 546
469 495
470 510
470 561
470 570
471 486
473 510
473 522
474 528
475 497
475 512
477 503
477 529
478 491
478 513
478 515
479 510
479 571
479 579
481 575
482 484
483 492
483 515
483 566
484 555
484 569
485 487
485 491
486 488
486 531
486 553
486 586
487 490
487 587
488 513
489 504
489 588
490 539
490 553
491 541
492 532
492 588
493 509
494 499
494 549
495 499
495 588
496 506
496 544
497 546
497 558
498 556
498 582
499 506
499 593
502 580
502 585
503 587
505 540
505 591
506 546
506 596
507 535
507 548
507 573
507 590
508 575
508 590
509 519
510 536
510 586
513 560
513 610
514 602
515 516
515 579
518 556
518 557
518 579
519 578
520 539
520 620
521 539
521 618
522 569
522 617
523 539
523 613
524 567
524 587
526 554
526 585
527 592
528 532
529 562
529 587
529 598
529 611
529 612
532 582
532 616
535 542
535 549
535 582
535 616
535 619
535 628
537 541
537 592
538 558
539 594
539 604
539 608
539 622
541 574
542 549
543 585
544 615
546 608
546 622
547 556
547 621
547 646
548 622
548 640
549 604
549 612
550 634
551 590
551 632
552 635
553 588
553 610
555 571
555 605
555 643
556 618
556 645
558 597
558 642
558 653
559 584
559 610
559 640
559 649
560 609
560 622
561 609
561 619
561 660
562 626
562 642
562 660
562 661
564 573
564 576
565 611
565 630
565 651
567 608
567 647
567 662
568 639
568 651
569 587
570 634
571 653
573 594
573 598
575 623
576 583
576 638
576 639
576 641
577 579
577 591
578 640
579 590
579 635
579 652
582 595
582 612
582 628
582 629
582 651
582 655
584 657
585 661
586 639
587 684
588 609
588 613
588 641
589 625
589 636
589 652
589 655
590 600
590 627
590 658
590 664
590 675
590 680
592 627
592 690
593 651
593 663
594 606
594 676
595 642
595 681
597 608
597 610
597 669
597 682
598 624
600 646
602 622
602 678
603 634
603 650
603 658
603 682
605 694
606 609
606 627
606 666
607 611
607 666
608 638
608 705
612 628
612 645
612 664
612 675
613 683
613 685
614 625
614 627
614 632
614 651
615 625
615 715
616 624
617 644
617 662
618 699
619 631
620 641
621 623
622 713
623 685
625 653
625 700
626 675
626 719
627 711
628 651
628 714
629 664
629 722
630 698
630 701
631 670
632 645
632 681
632 721
633 686
633 712
634 690
635 671
636 666
637 643
637 652
637 666
637 670
637 717
637 719
637 729
638 644
639 685
640 678
641 643
641 661
641 705
641 719
642 699
643 672
643 680
643 728
644 647
644 659
645 670
646 694
646 742
647 650
647 660
647 696
647 732
648 704
648 732
649 697
649 725
650 672
650 689
651 674
651 730
651 750
652 661
652 664
652 710
652 723
652 741
652 748
653 737
655 686
655 745
657 682
657 683
658 733
659 726
660 701
660 716
662 720
663 725
663 759
663 761
664 733
666 695
666 742
667 760
669 689
671 696
672 713
672 766
673 699
673 712
674 701
674 724
675 700
675 722
675 725
676 698
677 685
677 703
678 737
679 688
679 773
680 703
680 717
681 700
682 737
682 778
683 761
683 776
684 721
684 752
685 766
686 703
686 765
688 711
689 713
689 735
690 789
691 736
692 779
696 729
696 735
696 775
698 712
698 752
698 777
698 782
699 712
700 751
700 800
701 730
701 797
701 801
702 787
703 773
704 705
705 758
706 787
707 709
707 744
707 758
707 770
708 730
708 742
708 791
710 786
711 717
712 724
712 742
712 751
712 783
713 723
713 772
713 790
713 806
714 759
714 764
714 775
714 776
715 723
715 776
716 740
718 748
719 800
719 816
720 731
720 796
720 817
722 800
723 822
723 823
724 773
724 777
724 805
724 824
725 731
725 781
727 781
727 794
727 801
727 825
728 761
729 768
729 823
730 738
731 805
732 741
732 816
732 819
733 738
733 753
733 791
734 814
735 780
736 823
737 812
738 789
738 816
738 825
739 796
739 812
740 765
741 769
741 776
742 744
742 807
742 814
742 841
743 775
743 789
746 829
747 834
749 767
749 832
752 797
752 822
753 809
754 814
755 772
755 797
756 801
758 808
759 774
759 816
759 822
761 791
761 832
761 860
762 810
762 849
762 853
763 805
764 802
765 840
767 849
768 807
768 815
768 838
768 847
769 774
769 843
769 869
770 809
770 853
771 857
771 863
772 805
773 797
773 817
774 825
775 792
775 858
775 869
775 870
779 829
780 807
780 861
781 801
781 809
781 814
782 816
782 828
783 786
783 823
784 796
784 819
784 822
785 857
786 817
786 820
786 835
786 881
787 878
789 885
789 886
790 802
790 814
790 856
791 827
791 842
791 883
791 885
792 818
792 824
792 831
792 855
792 857
792 868
793 859
794 839
795 799
795 828
796 889
797 842
798 875
800 839
800 850
800 859
800 879
801 866
801 898
802 883
802 886
803 808
803 856
804 842
804 898
805 843
805 860
806 831
806 845
806 889
807 904
808 830
808 893
810 852
810 869
810 906
811 846
811 853
811 882
811 886
812 832
812 904
813 837
813 880
814 852
814 877
815 871
816 841
816 894
816 900
820 866
820 868
820 905
821 891
823 852
825 832
825 910
825 912
826 857
826 862
826 871
826 891
826 923
827 846
827 849
827 880
827 886
828 921
829 860
829 876
829 900
830 880
831 833
832 854
832 868
835 861
835 895
835 904
837 876
837 881
837 886
837 911
837 912
838 888
838 889
839 873
839 912
841 874
841 931
842 907
842 926
843 852
843 922
844 937
845 893
846 851
846 873
846 938
848 888
848 911
848 931
849 922
850 883
851 858
851 914
851 931
851 948
852 877
852 927
853 859
855 941
856 954
857 904
858 863
861 927
863 915
863 930
863 947
864 921
865 902
865 926
866 871
866 886
866 949
867 898
867 956
868 886
870 884
870 909
870 935
870 965
871 887
871 915
871 942
872 920
873 965
875 913
875 963
876 954
877 910
878 961
879 913
879 919
880 962
881 896
881 936
882 928
882 957
883 906
883 931
884 909
884 915
884 951
886 939
887 911
888 890
888 973
889 901
889 965
889 975
891 924
891 939
891 945
892 896
892 907
892 912
892 944
893 958
894 955
895 967
896 911
896 978
897 903
897 931
898 943
899 901
899 986
899 994
900 921
900 939
901 908
901 947
901 956
902 916
903 959
903 978
904 923
904 965
906 999
907 916
907 943
907 987
907 989
908 973
909 943
909 976
911 950
911 953
911 998
912 917
912 979
912 986
913 934
913 977
913 985
914 933
914 946
914 970
915 918
915 969
916 973
916 976
916 988
917 935
917 966
918 969
918 988
919 960
919 998
922 962
923 929
923 989
923 995
924 925
924 936
925 937
926 959
927 936
927 945
927 959
928 964
929 936
929 952
931 992
932 979
935 998
936 967
937 975
940 994
942 996
943 952
944 958
945 956
945 958
950 975
951 980
953 963
953 968
953 985
956 960
956 975
956 977
957 978
958 964
959 964
960 999
963 991
966 980
966 984
969 974
969 988
971 996
973 991
975 977
978 994
987 995
988 989
16 22 8 25 11 13 15 1 13 32
0 11 11 0 16 3 10 1 2 3
1 16 1 1 11 10 6 3 3 3
6 6 4 0 9 4 5 14 4 15
0 3 6 18 1 5 9 3 13 28
28 8 20 8 2 7 22 8 4 27
13 9 8 11 0 7 15 7 1 17
13 23 14 14 3 13 5 18 13 17
1 27 21 3 4 4 14 16 10 6
6 2 4 11 3 15 2 4 4 2
16 7 13 17 15 21 23 7 19 26
3 24 17 6 11 0 11 16 15 32
1 18 18 16 14 5 6 25 2 10
18 7 6 3 5 13 6 5 3 2
8 4 13 7 3 7 14 3 10 10
35 5 3 9 9 11 7 11 13 7
4 27 18 0 3 21 16 17 4 15
20 1 8 8 1 15 12 3 4 6
15 4 5 39 22 21 8 10 18 3
11 9 17 7 11 14 31 28 10 13
8 40 47 27 32 2 16 6 28 49 2 10 24 33 30 30 17 38 33 13
17 37 35 16 29 20 26 10 18 37 11 7 7 31 23 14 17 32 15 1
6 20 15 12 11 12 17 6 7 17 1 5 11 13 7 1 15 16 4 1
8 48 52 31 26 12 14 4 24 44 4 14 18 36 23 19 22 30 16 5
1 9 7 1 6 1 1 1 1 4 1 1 1 1 1 1 1 4 1 1
3 20 12 3 10 1 1 1 6 5 1 8 7 3 1 1 3 1 1 1
14 31 33 23 27 16 27 3 8 38 3 5 12 26 17 11 15 33 12 2
8 18 21 18 12 4 13 1 4 16 1 6 7 13 2 11 8 13 10 1
1 31 30 23 18 14 15 5 26 31 1 13 6 29 19 17 20 28 13 5
3 51 41 49 36 37 38 11 28 39 23 27 24 41 38 35 28 44 20 31
23 37 39 28 43 17 30 11 15 38 12 14 13 28 26 21 7 30 18 1
19 26 30 31 41 26 30 34 27 46 14 22 26 35 29 29 26 36 18 17
1 33 24 27 28 12 12 1 17 31 11 14 12 20 17 17 9 20 20 9
13 65 66 56 51 32 34 11 24 65 18 18 35 56 40 34 29 48 31 21
7 17 17 13 19 8 14 7 8 22 1 7 8 12 9 6 8 17 4 1
4 17 11 9 9 1 2 1 5 6 1 6 1 5 6 1 5 9 1 1
14 26 27 38 42 22 33 31 22 49 10 20 21 40 33 33 24 40 26 12
22 39 43 47 57 33 37 25 33 53 17 25 24 42 41 34 26 43 18 16
14 62 65 51 44 15 24 21 40 58 4 38 33 46 34 33 34 40 26 13
1 19 17 11 17 7 12 8 11 20 1 9 14 12 5 2 9 11 4 1
3 20 12 11 18 5 9 1 9 16 5 11 11 11 8 7 6 13 11 3
1 38 38 28 22 1 6 8 23 29 1 20 24 18 6 11 15 4 12 2
20 37 31 16 26 13 18 3 12 26 14 11 3 24 21 12 10 24 17 1
2 12 11 4 12 1 2 1 7 9 1 5 7 2 3 3 5 6 4 1
1 23 22 21 19 18 16 9 24 29 2 13 1 30 23 17 23 31 13 9
7 21 25 15 18 1 6 2 6 18 1 8 11 11 3 7 3 6 4 1
1 23 14 18 18 14 19 9 18 18 1 13 12 15 11 1 17 15 3 1
15 51 45 32 40 30 36 13 35 40 4 26 36 30 31 12 28 31 7 9
1 24 22 18 17 1 1 1 14 12 1 13 8 6 6 5 11 7 4 1
1 10 9 2 8 3 8 1 4 3 1 2 5 1 1 1 6 6 1 1
34 63 61 48 60 40 50 16 34 59 21 29 24 51 43 37 23 52 34 3
21 45 48 42 34 18 31 17 27 37 16 29 18 38 25 31 28 33 27 19
1 16 21 16 9 2 3 4 8 24 2 1 3 17 5 12 7 14 14 1
6 27 26 13 16 11 13 7 18 17 1 9 6 20 14 5 18 16 5 5
11 37 38 31 39 13 19 12 23 38 4 21 24 22 20 20 13 23 20 1
5 36 31 32 22 10 9 8 26 26 4 25 19 22 18 15 23 18 9 10
4 17 21 21 21 13 18 7 10 26 6 4 6 22 14 14 16 22 15 4
19 49 51 40 48 3 23 22 30 50 10 35 40 28 29 15 21 22 24 12
7 21 22 8 8 1 7 1 4 15 1 1 3 14 5 6 5 10 8 1
6 12 10 3 10 3 7 2 2 6 1 3 1 4 7 1 6 9 1 1
26 65 59 57 66 27 45 22 35 66 30 37 45 43 49 27 31 42 37 26
17 56 50 35 34 25 28 4 32 34 12 31 18 33 32 21 23 30 13 11
3 19 11 15 14 9 9 3 14 3 1 16 13 4 9 5 5 3 1 1
1 10 12 10 11 1 5 5 2 17 1 2 13 9 2 6 2 8 6 1
12 37 37 21 26 11 13 1 17 24 7 15 7 20 23 13 17 24 8 4
12 27 27 28 31 7 17 3 12 26 5 9 4 22 18 17 10 26 16 2
1 24 14 15 15 6 8 1 17 6 1 17 15 7 6 1 11 1 4 1
1 19 11 11 9 7 12 1 7 9 1 7 12 5 1 1 10 9 1 1
6 53 50 40 38 18 26 23 41 51 1 28 38 43 25 22 32 35 23 4
19 32 32 27 26 21 24 7 6 40 17 4 14 33 24 18 14 33 19 4
1 31 29 26 17 13 16 3 9 42 9 4 14 32 16 25 6 28 27 8
17 62 72 56 40 20 31 29 47 65 10 37 41 62 38 53 37 51 44 19
6 23 18 12 24 9 12 8 19 15 1 11 8 11 12 2 18 17 1 1
2 21 19 13 8 9 14 1 8 9 1 6 14 12 2 1 14 10 1 2
6 31 24 18 23 14 14 6 25 19 1 17 5 21 19 5 23 20 1 5
5 16 16 6 12 1 4 1 7 7 1 6 6 3 3 2 7 6 1 1
15 37 37 41 54 38 42 21 25 54 25 23 27 39 42 37 25 46 30 27
21 44 42 28 45 17 29 20 35 38 15 26 24 25 35 7 36 26 13 14
1 12 12 13 11 3 4 1 3 14 4 1 1 12 7 8 5 11 10 2
7 31 23 9 17 7 12 3 16 16 1 13 15 15 8 6 8 16 10 1
1 23 23 15 5 4 6 1 8 17 1 8 3 17 7 5 11 13 4 3
1 16 13 13 5 7 6 1 11 5 1 9 1 10 7 4 14 10 1 6
1 19 16 5 9 1 1 1 7 8 1 6 3 4 1 1 6 4 2 1
7 28 26 20 24 13 18 10 17 25 1 15 20 14 11 7 17 18 4 1
6 10 9 3 13 4 7 3 4 8 1 5 4 1 7 4 4 12 4 1
1 18 21 13 17 8 8 5 14 21 1 2 1 17 12 6 15 17 6 1
23 59 62 45 54 28 37 20 38 65 14 21 29 55 46 44 17 51 42 8
22 72 71 46 46 26 36 9 41 65 15 23 39 51 47 30 37 50 32 22
1 25 23 21 16 4 8 1 10 18 1 10 15 10 2 6 12 11 5 1
1 16 18 20 19 14 18 5 9 28 2 1 6 20 12 9 16 22 8 1
12 59 54 40 42 19 21 22 46 44 1 35 38 40 32 26 20 32 19 9
11 52 50 33 36 21 27 16 31 50 1 16 30 40 23 13 31 36 10 5
17 49 50 40 37 36 40 24 44 57 9 21 33 54 40 32 42 54 19 24
5 12 10 10 11 7 9 7 9 13 1 5 1 8 8 1 13 13 3 1
26 47 55 32 43 35 41 26 39 61 16 20 33 52 41 35 34 56 25 22
16 33 37 33 35 15 24 7 3 43 13 6 9 35 21 26 8 33 25 3
8 28 28 21 18 3 10 1 13 16 1 12 10 15 7 6 10 12 4 1
6 59 52 42 32 23 31 24 45 44 1 27 43 47 30 28 26 34 23 14
1 7 12 8 4 1 2 3 1 11 1 1 3 4 1 3 2 2 1 1
1 35 26 25 7 12 10 2 25 17 1 21 8 21 14 11 13 12 5 6
1 8 10 6 1 2 7 1 1 5 1 2 3 4 1 1 4 4 1 1
14 47 52 27 31 18 27 6 25 49 5 10 23 38 21 15 25 38 19 4
4 11 9 11 12 8 12 13 6 17 1 6 8 11 7 6 10 9 5 1
24 49 54 52 64 28 45 28 46 59 10 41 40 36 44 28 34 36 19 19
9 35 36 25 23 2 17 4 15 29 2 10 10 23 4 15 11 18 17 1
10 60 48 40 35 23 27 10 44 32 1 38 33 28 29 15 31 23 9 15
5 23 21 16 28 10 12 9 22 21 1 11 11 12 17 5 23 19 4 1
31 62 57 51 68 32 47 25 45 62 34 36 29 48 60 26 45 52 35 29
6 46 48 41 32 23 29 19 36 44 1 23 29 35 28 11 43 26 6 15
1 30 30 26 18 18 20 8 24 24 1 16 11 25 13 9 27 20 1 5
22 48 53 32 31 23 31 5 19 57 12 5 22 49 32 32 19 49 32 13
5 23 21 8 11 1 3 1 11 9 1 7 5 11 4 1 10 6 4 1
26 61 55 48 59 20 38 10 28 63 25 29 30 40 42 24 23 39 37 18
11 19 24 7 21 4 11 1 6 17 3 5 7 12 8 7 4 12 7 1
2 13 6 7 2 1 2 1 4 5 1 6 1 5 1 1 5 1 2 1
8 28 26 16 20 3 3 1 16 14 3 15 9 12 14 6 16 15 5 4
7 37 25 25 30 23 27 8 21 28 5 17 24 21 22 8 20 28 11 5
1 38 29 31 41 22 24 6 26 38 14 21 19 24 28 22 15 30 25 12
15 52 58 50 53 15 34 26 39 60 3 30 34 40 29 27 31 33 27 9
30 61 58 46 42 38 42 24 30 52 11 29 43 48 37 31 19 37 19 18
5 26 27 23 30 14 18 13 16 39 1 8 12 26 19 16 12 28 14 1
1 10 3 5 4 1 3 1 1 6 1 4 4 1 1 1 2 4 1 1
23 50 41 39 57 23 39 29 49 41 11 45 42 24 44 13 30 29 15 23
25 41 46 29 33 17 27 2 16 32 14 12 6 35 25 24 15 34 20 7
1 52 41 43 26 24 26 4 21 48 12 9 27 46 28 26 16 38 29 17
7 16 12 5 8 1 1 1 3 13 1 7 2 7 5 2 3 8 4 1
6 15 16 9 9 1 4 1 3 9 1 1 1 7 5 3 6 9 2 1
7 35 32 18 19 11 16 2 14 27 1 10 21 18 12 5 19 22 4 5
2 15 18 11 6 1 1 5 4 14 1 1 6 11 1 4 5 3 5 1
1 8 11 7 4 1 5 1 2 6 1 2 4 3 1 5 4 3 3 1
6 12 9 5 15 7 10 6 8 11 1 4 6 4 8 1 8 13 4 1
1 15 12 19 13 12 16 1 1 20 8 1 5 14 11 13 6 20 12 6
8 26 23 24 27 18 25 8 17 23 1 15 15 16 17 11 13 19 6 1
3 16 20 16 19 5 7 9 11 21 1 12 13 6 7 10 11 12 8 1
1 41 35 24 24 18 23 8 31 28 1 19 23 27 15 9 24 24 11 3
5 49 54 39 28 20 23 21 44 48 1 25 27 47 28 33 34 33 25 17
1 7 6 2 6 2 4 1 2 4 1 1 1 1 2 1 5 6 1 1
14 52 56 57 51 23 32 28 46 53 3 43 35 44 37 37 37 39 28 7
21 52 62 62 60 26 38 31 42 65 8 37 40 50 37 37 43 47 24 15
5 11 11 6 9 2 4 1 3 7 1 2 2 2 4 3 5 9 2 1
3 18 15 9 7 1 1 1 7 5 1 6 2 4 1 1 4 2 1 1
12 36 38 31 31 26 29 13 26 35 3 11 18 33 29 15 33 39 6 11
12 31 41 24 30 5 12 9 19 40 1 12 18 23 12 19 14 22 20 3
16 48 41 40 52 34 39 15 32 46 10 25 26 36 38 24 23 39 14 11
3 35 26 21 17 11 15 1 17 8 1 17 22 10 7 2 12 5 1 1
1 14 10 10 2 5 8 1 2 7 1 6 9 6 1 1 3 3 1 1
21 57 59 53 56 21 41 27 31 64 8 25 35 54 38 44 17 50 40 4
19 52 38 39 48 39 44 15 30 43 12 24 34 38 41 23 19 44 15 19
1 36 35 19 23 3 12 5 28 27 1 16 19 16 16 3 24 15 11 6
3 21 24 14 15 13 18 9 14 24 1 5 8 22 9 11 16 19 12 1
8 21 12 11 19 7 12 5 7 18 3 9 7 11 13 5 9 19 8 1
1 15 18 13 9 4 10 1 5 11 1 5 7 8 1 5 8 8 3 1
19 51 54 49 36 18 32 17 25 48 6 23 37 38 20 26 26 26 21 11
1 27 25 15 3 4 7 4 19 23 1 8 10 24 11 11 13 18 13 6
20 61 57 43 44 28 39 22 44 48 9 32 38 39 39 11 50 37 10 23
1 1 6 3 4 1 2 1 1 4 1 1 1 1 1 4 1 2 2 1
1 10 7 1 8 4 9 2 4 5 1 1 4 4 2 1 5 6 1 1
5 22 22 14 18 6 10 1 10 19 5 10 12 12 8 10 11 14 12 1
12 43 32 22 29 23 29 7 22 27 1 16 26 24 21 3 21 26 1 6
12 44 39 32 23 23 28 9 25 31 3 18 28 29 17 17 21 26 14 12
9 39 34 10 22 3 6 1 20 29 3 9 12 23 17 10 11 25 16 1
10 14 21 14 18 4 10 5 5 20 1 1 3 12 7 9 7 13 7 1
9 15 22 14 16 4 12 6 2 24 1 5 9 15 6 10 3 15 7 1
1 7 5 11 8 3 4 1 3 10 4 4 1 7 7 6 6 10 7 2
10 41 44 48 50 27 28 16 31 53 14 23 18 40 37 31 30 39 25 19
12 20 14 22 31 22 24 18 24 25 5 20 13 15 24 12 20 25 2 9
13 46 37 37 51 24 33 18 38 38 8 34 35 18 38 15 29 27 12 13
1 12 8 5 8 3 6 3 6 9 1 1 1 6 3 1 8 5 1 1
16 55 57 61 57 39 49 34 39 70 18 31 42 60 43 42 42 56 33 23
5 35 30 38 22 21 23 2 14 32 11 10 15 32 20 20 20 29 18 15
2 17 12 6 10 2 7 1 5 6 1 4 9 4 2 1 8 9 1 1
1 23 16 14 19 10 15 6 17 16 1 13 15 10 6 1 18 14 1 1
3 19 16 5 2 1 4 1 3 9 1 3 3 10 1 2 5 6 5 1
7 32 36 28 29 7 10 5 23 31 1 20 13 18 16 12 23 18 13 6
33 53 55 44 63 16 40 21 27 60 23 30 28 34 43 28 24 40 32 13
1 27 17 16 22 7 12 1 18 14 1 20 22 5 10 1 10 8 2 1
12 61 52 58 46 44 46 21 32 54 18 32 30 52 47 36 31 50 19 23
19 67 63 53 46 37 41 16 47 53 4 36 37 48 40 29 34 46 16 20
1 31 25 23 16 9 14 1 16 16 1 15 20 10 4 1 15 7 1 1
3 42 33 24 14 10 12 1 25 21 1 20 16 23 8 7 22 17 7 6
6 23 12 11 16 9 13 4 12 11 1 13 10 7 10 1 6 11 6 1
14 27 32 13 25 7 12 1 7 29 7 1 1 23 15 14 6 25 18 1
20 32 36 25 39 24 30 23 20 42 10 11 18 35 28 19 23 36 12 7
20 52 48 35 33 23 26 12 19 50 16 17 19 47 28 25 20 42 29 6
19 54 64 46 41 25 35 19 48 54 8 25 28 53 37 38 42 45 26 20
1 21 19 6 4 3 8 1 8 19 1 3 8 16 4 6 6 16 11 1
11 53 50 49 43 22 34 24 38 42 1 37 49 31 28 22 32 27 15 2
18 55 60 42 43 21 30 17 29 51 7 26 20 48 29 29 26 37 22 8
10 42 35 13 20 4 9 1 19 23 4 13 13 21 11 4 12 16 9 1
9 33 37 35 39 13 23 17 19 44 1 14 18 33 18 22 14 30 20 1
5 35 29 20 19 7 11 1 18 18 1 16 15 13 12 1 22 14 1 2
11 65 56 41 35 21 25 6 44 46 1 27 44 36 34 22 29 34 16 14
5 17 13 3 6 1 4 1 3 9 1 1 4 7 3 1 3 5 4 1
15 38 42 32 36 25 32 11 23 42 10 16 6 39 34 27 25 43 15 12
4 12 12 8 6 1 3 1 4 8 1 2 1 4 3 2 7 7 1 1
1 11 9 1 2 1 2 1 3 11 1 1 1 6 1 1 1 6 5 1
31 71 65 47 49 34 36 22 42 49 17 39 33 52 40 34 21 40 27 13
17 27 32 36 41 9 22 21 9 43 11 16 16 29 22 31 8 33 29 5
9 41 35 34 40 16 24 16 39 29 4 31 25 15 29 8 34 20 7 12
1 10 9 6 1 1 1 1 5 1 1 4 1 3 1 1 5 1 1 1
7 19 27 20 18 17 22 19 19 34 2 10 11 29 14 15 21 25 10 6
24 35 45 46 56 35 45 22 14 63 24 8 17 51 43 43 18 53 33 21
9 27 24 11 14 1 4 1 13 14 3 10 8 14 8 1 13 9 5 3
5 29 37 25 25 9 17 18 19 37 1 6 16 33 11 21 14 23 20 1
19 54 49 34 45 29 35 17 39 50 9 26 27 42 34 16 32 40 13 7
15 43 31 32 42 25 30 6 12 35 24 15 21 29 32 25 9 37 25 20
3 25 22 21 18 19 24 9 18 23 1 10 13 21 12 5 21 18 1 2
1 10 8 6 12 2 4 1 3 14 1 4 1 4 5 3 3 10 6 1
1 34 36 31 21 7 13 11 18 29 1 18 30 22 7 9 22 15 8 2
3 30 19 32 36 29 33 11 18 34 15 11 15 29 28 20 20 36 18 14
1 32 26 15 15 11 17 6 23 30 1 8 17 24 16 12 15 26 15 4
22 51 50 35 42 30 31 22 47 50 12 30 23 46 43 31 34 49 18 21
9 46 40 27 25 12 14 2 24 23 3 23 21 22 19 6 16 13 4 2
9 22 14 11 16 5 8 1 11 9 1 13 10 5 9 1 6 10 1 1
7 22 10 13 21 6 11 1 6 17 4 9 7 8 15 3 1 15 4 1
1 14 16 13 10 7 12 10 3 18 1 7 14 14 3 7 7 8 7 1
15 58 50 36 41 28 33 13 41 37 10 35 24 33 40 16 36 31 7 16
21 40 40 31 48 21 36 12 24 34 7 17 15 29 30 21 16 34 14 1
4 15 11 17 11 3 4 5 8 16 4 9 5 11 7 7 9 11 7 1
8 29 36 23 14 6 14 1 17 23 3 9 7 29 9 20 13 19 20 6
10 39 32 14 16 7 13 1 15 30 5 6 10 30 19 12 11 30 18 3
27 53 53 38 53 33 35 26 48 59 20 31 31 48 47 37 35 54 27 22
12 43 44 43 52 25 28 20 38 50 6 30 31 31 35 28 22 31 21 10
11 13 20 6 23 3 9 1 2 18 2 3 2 9 10 8 1 18 8 1
1 14 16 6 9 1 3 1 6 7 1 8 6 4 1 3 6 2 4 1
5 21 20 13 8 6 9 4 9 13 1 6 12 11 1 5 12 7 4 1
1 28 19 28 28 13 13 3 14 28 14 13 13 19 18 16 12 20 17 12
26 42 48 37 41 28 30 18 26 52 19 20 5 46 37 29 26 44 29 5
1 16 12 6 10 1 4 1 8 13 1 5 2 8 3 3 5 11 8 1
15 63 52 36 39 12 29 10 39 42 9 32 39 28 30 6 28 23 17 11
6 25 25 15 18 8 14 1 7 19 1 8 13 11 5 5 12 17 3 1
2 36 36 33 28 18 28 16 28 54 11 5 16 44 36 38 23 46 40 21
6 20 24 25 22 2 10 7 8 22 1 11 13 14 2 15 3 11 13 1
1 46 46 31 22 10 16 10 33 44 1 14 24 38 28 25 26 36 25 14
14 26 35 24 26 6 14 7 8 34 7 5 12 26 14 17 9 22 17 1
26 56 57 54 60 44 54 17 29 72 20 18 22 60 46 40 25 60 36 11
5 17 25 11 21 4 7 8 10 26 1 4 9 15 7 7 8 11 8 1
1 9 2 5 2 1 3 1 2 2 1 6 2 1 1 1 1 1 1 1
26 65 55 32 50 32 39 17 45 60 20 29 30 47 45 28 32 51 32 8
27 48 43 43 51 45 50 29 43 47 10 33 40 40 45 27 38 49 7 23
33 61 67 57 68 27 50 30 47 66 18 39 40 47 47 25 43 43 27 19
11 33 34 20 19 8 11 8 10 21 5 9 13 25 13 10 11 17 8 3
8 41 40 18 19 15 18 5 25 37 3 12 7 35 29 19 19 37 15 10
8 22 10 12 13 5 10 1 9 7 1 12 9 6 9 1 6 7 1 1
3 16 6 8 12 5 9 2 8 8 1 10 8 3 4 1 4 7 2 1
5 16 16 3 5 1 7 1 1 11 1 1 2 10 3 1 2 9 3 1
1 18 18 4 5 1 1 3 11 19 1 4 11 15 3 9 1 8 12 1
15 37 40 39 44 20 34 14 21 44 13 12 16 37 26 27 26 39 25 7
1 38 39 43 43 14 21 17 26 44 5 26 33 24 23 20 24 23 19 8
26 68 64 54 52 38 43 19 27 76 24 21 36 65 46 48 20 60 46 20
3 13 4 7 10 3 5 1 8 5 1 10 7 1 4 1 2 5 2 1
6 24 24 12 14 5 11 1 5 12 1 5 8 11 5 3 9 11 1 1
21 53 58 55 49 26 36 28 41 49 1 36 27 50 37 38 28 38 23 11
1 15 13 10 3 2 7 1 6 6 1 7 4 10 2 1 10 5 2 2
16 30 35 23 19 4 17 4 8 28 5 4 7 26 9 14 11 18 16 1
1 11 9 10 12 7 11 3 2 16 2 1 6 6 7 4 8 15 5 1
4 26 19 24 27 10 12 1 12 21 8 11 8 15 15 15 7 18 15 6
8 30 23 28 30 17 20 12 21 25 6 23 24 18 20 17 7 17 13 8
5 18 24 14 20 7 12 7 14 24 1 2 2 18 8 9 13 16 9 1
22 60 61 45 54 25 35 26 37 58 15 32 32 43 37 24 35 34 24 8
9 61 69 50 28 20 29 20 43 58 10 29 35 56 30 44 36 43 30 25
3 23 23 28 23 19 24 9 23 18 1 17 10 19 17 11 20 15 2 3
1 32 23 23 18 10 15 2 17 17 1 15 20 12 6 1 17 12 1 1
17 44 47 32 31 13 19 8 14 36 10 16 19 33 14 19 14 21 17 1
3 13 10 6 6 1 2 1 5 2 1 2 1 3 1 1 6 5 1 1
13 32 39 34 30 17 34 15 18 38 6 12 14 35 17 20 26 32 15 5
6 33 34 20 31 11 16 13 28 32 1 19 17 17 20 11 25 19 12 7
16 46 48 26 21 8 26 5 18 42 5 5 20 40 21 26 13 37 29 8
11 38 42 29 27 15 25 13 22 53 1 8 22 40 23 26 19 42 27 6
10 35 32 19 30 13 17 7 24 28 3 13 9 25 17 10 15 24 11 1
1 7 11 9 5 1 5 1 2 8 1 2 2 4 1 6 5 2 4 1
27 54 51 52 50 32 41 15 31 46 13 30 26 44 40 35 20 44 23 18
1 10 12 6 12 1 3 1 5 7 1 7 4 1 1 3 5 6 2 1
6 24 31 30 25 13 16 13 20 32 1 12 7 28 16 19 20 24 12 5
14 32 34 20 32 12 19 11 21 34 5 15 13 24 16 13 15 24 15 1
21 72 73 44 41 29 36 19 46 66 15 26 32 59 45 35 40 54 34 14
3 25 21 13 12 3 8 1 9 14 1 7 12 9 2 1 14 11 1 1
6 35 31 20 17 17 21 8 19 36 1 6 11 33 19 6 24 33 9 4
6 44 44 35 29 15 19 4 29 34 1 26 21 26 19 14 31 24 11 10
1 12 6 5 10 7 12 6 7 14 1 4 3 9 5 1 8 8 1 1
12 57 53 41 43 37 39 11 29 63 21 8 20 58 46 36 27 59 35 22
1 13 12 11 4 7 12 1 4 7 1 5 8 10 1 1 11 8 1 1
26 42 41 38 59 42 44 24 21 58 31 19 22 46 50 36 22 55 30 27
28 63 63 61 55 44 51 28 48 57 4 35 42 54 45 36 39 52 17 23
4 16 18 3 15 1 6 1 2 16 1 1 2 8 6 3 1 12 6 1
31 62 71 55 56 37 48 24 36 68 16 29 24 63 42 40 38 56 30 14
19 25 36 25 43 12 24 13 19 38 4 11 9 24 25 19 20 32 11 2
4 41 35 26 17 10 12 9 23 24 1 18 21 28 9 12 18 16 13 5
11 49 47 42 32 23 31 28 36 42 1 31 30 45 26 25 37 34 19 11
23 59 63 53 47 18 29 24 41 59 6 33 36 54 42 45 23 47 42 10
3 19 16 4 18 10 15 9 18 21 1 6 10 16 9 6 12 16 9 1
14 43 31 20 24 16 21 4 20 19 5 18 20 22 18 8 8 17 8 3
15 24 22 11 31 17 20 13 19 24 6 14 8 19 21 7 17 26 4 5
20 38 44 29 41 24 30 20 26 46 10 20 21 35 26 19 26 33 7 8
5 10 14 11 8 1 1 8 1 17 1 4 7 9 4 8 4 7 7 1
3 15 7 7 9 4 7 1 6 9 1 8 10 6 3 2 4 9 3 1
13 63 65 57 39 21 34 22 34 49 10 36 32 50 27 37 28 36 24 16
7 38 31 38 35 28 26 11 21 43 15 16 8 38 36 26 22 40 20 20
28 57 50 29 37 33 39 11 29 43 18 22 24 42 31 22 22 43 22 8
15 55 46 33 35 21 26 19 45 39 1 28 36 34 33 25 20 32 19 16
1 9 8 1 8 1 5 1 4 1 1 5 6 1 1 1 4 1 1 1
17 46 50 51 52 38 46 27 43 56 17 28 39 39 44 28 50 46 15 28
5 35 28 10 19 11 17 2 15 22 1 8 14 20 10 2 13 21 5 1
2 27 24 14 18 13 18 4 14 22 1 8 14 18 8 4 13 17 6 1
8 29 32 25 18 12 23 5 10 32 1 4 11 26 8 9 16 22 11 1
6 35 24 38 34 25 29 8 20 28 11 20 16 23 29 24 9 25 15 15
23 41 45 38 38 34 40 25 28 52 9 16 25 44 36 22 37 47 11 16
8 52 49 40 26 16 22 9 34 37 3 33 28 24 26 13 38 24 7 18
26 46 48 40 53 32 36 27 39 55 19 29 26 43 40 29 33 45 19 17
1 34 33 30 21 11 10 7 28 25 1 26 17 17 16 10 25 15 3 9
19 68 61 57 58 36 44 8 35 64 18 26 34 51 44 28 35 51 29 22
1 28 18 21 25 5 7 3 22 17 1 19 15 5 13 1 17 10 1 1
10 30 27 13 20 6 11 1 9 26 6 8 9 18 13 10 6 22 13 1
12 42 36 36 30 21 24 6 23 25 5 22 24 25 23 16 18 25 10 7
6 30 22 21 27 18 22 6 13 38 15 9 9 27 24 25 7 33 28 13
7 26 23 14 18 8 13 6 17 11 1 11 13 11 9 1 19 11 1 4
3 21 23 17 12 3 5 12 8 21 1 7 11 19 3 10 8 9 13 1
3 40 24 31 31 22 23 3 26 22 6 23 12 22 29 16 19 28 9 13
1 25 22 15 3 7 12 1 7 15 1 4 10 15 1 1 13 10 1 1
18 40 42 45 48 34 35 19 36 45 15 28 13 43 42 36 35 48 16 25
17 64 56 49 52 27 27 11 27 56 23 26 25 51 40 37 15 44 38 15
9 51 52 46 36 39 41 25 47 44 10 37 32 44 38 24 54 42 1 26
1 11 12 8 9 1 3 6 3 13 1 5 8 7 1 3 4 4 4 1
12 31 30 21 23 14 14 2 15 23 7 14 2 21 23 14 16 27 9 7
1 20 14 13 9 5 9 1 7 14 1 7 13 7 2 1 11 11 1 1
15 52 57 47 27 38 40 25 44 55 7 28 26 54 36 31 45 49 11 24
6 16 19 4 15 1 5 1 3 13 1 3 7 7 6 4 2 11 3 1
8 41 29 29 27 20 22 10 31 22 5 28 17 23 27 15 26 28 7 14
2 18 21 15 16 1 4 9 9 18 1 12 17 8 3 8 9 6 7 1
4 15 10 9 13 5 8 2 7 7 1 8 4 2 7 2 5 7 1 1
7 28 33 30 13 20 24 10 19 26 1 14 9 27 17 17 27 24 7 12
3 30 23 19 25 10 14 5 21 23 6 15 13 19 13 10 15 20 15 4
29 36 43 36 42 25 42 28 22 49 19 18 19 42 30 33 28 43 31 17
1 4 4 1 5 1 1 1 1 4 1 2 1 1 1 2 1 4 1 1
13 41 44 34 39 18 26 16 25 40 1 25 32 29 18 25 8 25 19 5
6 13 15 6 10 1 2 1 5 9 1 6 5 3 4 5 4 6 3 1
11 43 31 25 20 14 18 4 23 16 3 20 19 23 17 7 14 15 7 5
20 60 51 35 47 28 34 13 38 51 14 27 25 40 36 14 35 40 18 8
21 31 45 35 46 25 34 21 12 60 11 9 14 47 32 32 16 46 28 4
1 2 2 1 5 1 1 1 1 8 1 1 1 1 1 1 1 4 3 1
10 24 29 22 20 3 15 1 8 22 2 5 7 19 7 14 10 18 14 1
1 13 12 12 5 13 18 4 5 16 1 1 11 11 6 1 14 14 1 3
7 23 21 6 7 5 11 1 2 17 1 1 6 16 5 2 6 16 5 1
12 28 24 10 22 12 18 2 6 26 6 6 4 18 15 6 6 21 9 1
8 28 23 13 25 8 14 4 14 20 2 10 16 10 14 2 18 19 3 1
6 11 15 11 11 2 8 3 1 16 1 2 4 7 4 7 4 10 6 1
10 37 30 20 37 19 24 10 27 39 8 14 16 30 31 21 13 37 21 6
1 15 8 8 7 3 7 1 5 7 1 7 3 3 2 1 4 2 1 1
13 36 35 22 44 21 30 12 23 43 9 14 22 25 33 9 26 34 11 7
2 14 11 9 14 6 10 1 5 11 3 3 10 7 6 5 7 14 6 1
1 16 8 6 8 1 6 1 6 1 1 8 8 1 1 1 1 1 1 1
5 9 6 1 10 5 10 4 4 8 1 1 5 3 5 1 4 10 1 1
22 52 52 41 56 30 37 29 36 62 12 33 39 43 38 23 35 44 18 14
17 66 66 54 48 27 37 16 40 63 23 31 25 58 45 49 33 55 36 27
4 11 11 4 11 1 3 1 7 8 1 8 7 3 4 5 5 7 4 1
25 55 61 51 58 29 41 28 49 56 4 39 38 42 39 33 31 36 13 17
2 11 14 7 3 1 5 1 1 9 1 1 2 7 1 3 2 4 3 1
18 41 31 20 39 29 35 10 22 29 11 18 21 26 29 11 15 31 9 1
14 67 68 51 40 23 38 27 53 63 10 38 41 49 41 19 52 43 24 25
3 8 13 9 9 2 5 1 3 7 1 4 3 4 1 7 4 5 5 1
3 14 16 16 15 1 5 1 7 16 3 9 5 10 6 11 6 11 12 1
6 27 24 22 19 4 5 6 16 19 1 15 14 13 11 8 10 10 7 2
12 31 33 7 23 9 12 2 13 33 6 1 6 24 21 16 6 30 20 1
32 55 50 40 38 36 41 15 26 49 20 24 28 42 38 27 29 45 24 16
1 9 8 3 8 2 4 1 5 4 1 1 3 2 1 1 6 3 1 1
5 42 32 36 40 24 32 8 21 44 14 17 28 24 31 15 28 33 18 19
11 53 48 34 39 24 29 4 19 57 16 12 25 42 30 26 15 44 29 10
27 60 63 50 49 29 37 25 36 59 14 35 50 43 35 28 35 37 21 22
3 13 11 6 1 1 6 1 4 8 1 5 4 9 1 1 6 3 6 1
4 18 16 7 12 2 5 2 8 11 1 7 4 4 4 1 8 8 1 1
1 9 9 1 5 1 5 1 3 7 1 1 4 6 1 1 1 5 4 1
17 65 57 58 48 42 43 29 46 60 7 33 42 59 45 36 37 53 26 21
3 46 42 33 26 16 16 1 24 38 9 14 15 34 24 24 21 31 23 13
1 12 2 8 13 5 8 1 7 10 1 10 6 1 6 1 1 7 2 1
2 23 21 9 12 1 3 1 10 13 1 9 7 6 1 3 6 6 5 1
18 38 42 33 42 15 27 26 23 46 6 16 26 36 29 25 24 38 22 1
1 27 19 22 27 8 9 1 21 18 5 23 21 5 16 7 14 11 8 4
1 28 27 19 19 5 8 3 21 17 1 17 13 12 6 6 16 8 8 1
5 23 23 16 14 3 12 1 8 15 1 9 11 14 1 8 5 8 10 1
4 26 25 10 6 7 10 1 6 18 1 1 12 16 5 1 9 13 3 1
20 39 39 39 44 19 28 34 37 42 5 32 30 37 28 26 32 34 17 9
21 56 63 54 49 46 49 34 49 60 19 38 34 54 48 39 56 58 8 32
23 57 57 56 60 35 50 18 28 66 20 19 32 50 45 38 36 57 32 24
6 30 26 19 23 12 17 8 22 19 1 16 18 15 13 1 26 17 1 4
1 15 18 13 19 11 13 12 17 18 1 9 10 12 10 6 18 12 1 1
3 20 19 20 17 9 14 6 13 15 1 15 18 10 7 10 4 5 6 1
1 16 10 13 9 3 6 1 11 3 1 11 6 5 3 1 8 5 1 1
1 27 34 26 25 1 3 10 15 31 1 18 20 17 7 14 12 10 15 1
18 64 57 37 40 15 26 13 45 46 12 36 29 35 38 12 34 29 20 18
14 53 45 55 54 35 44 30 34 55 14 32 36 51 43 40 19 44 33 19
1 69 65 45 26 20 32 20 54 48 6 35 40 44 40 30 48 40 19 31
14 34 45 38 37 24 27 20 37 46 7 26 14 40 28 29 34 38 15 16
1 6 7 1 2 1 1 1 1 3 1 1 1 1 1 1 1 1 1 1
20 51 53 29 34 13 20 14 24 40 9 20 19 41 24 24 18 32 25 2
1 9 11 7 6 1 1 1 4 14 1 6 2 6 1 4 1 3 6 1
1 32 34 21 15 9 18 18 19 42 1 8 25 35 16 21 15 31 24 6
27 49 55 54 62 30 42 30 32 65 18 27 28 56 40 42 28 52 29 16
9 30 30 24 29 26 31 17 27 33 5 19 23 29 20 11 29 32 5 11
3 33 25 30 32 20 24 11 22 28 3 16 21 24 21 12 15 21 10 2
4 44 36 29 36 18 19 8 31 45 5 16 15 36 32 18 26 37 18 9
17 49 58 49 49 14 29 32 42 51 5 34 35 39 36 21 42 28 19 17
3 47 46 33 34 4 13 13 29 39 1 27 34 21 18 17 15 14 20 4
1 20 15 13 13 6 9 6 16 9 1 11 7 9 6 1 14 8 1 1
5 19 20 10 12 8 12 10 12 22 1 3 6 16 8 8 11 15 9 1
2 37 40 25 26 4 10 15 26 35 1 18 26 24 13 15 19 15 17 3
10 52 48 32 20 12 21 13 29 41 4 15 35 37 23 23 18 29 24 11
1 43 38 35 19 18 26 7 26 46 8 9 22 41 27 27 24 41 30 16
13 35 38 16 24 19 25 7 10 38 7 2 14 29 17 9 15 29 11 1
10 26 30 18 27 14 20 17 14 31 4 9 17 23 16 12 17 20 8 1
6 32 31 22 17 1 6 7 21 22 1 16 19 16 10 5 20 6 8 6
1 12 8 8 2 1 2 1 5 1 1 6 1 4 1 1 6 2 1 1
8 34 36 21 32 11 21 9 20 31 2 16 21 16 20 4 25 17 5 5
2 23 21 6 11 1 3 1 12 11 1 6 2 10 3 1 9 10 3 1
13 26 29 33 43 22 30 16 21 39 6 16 19 27 29 24 12 31 16 4
6 29 31 15 18 12 17 5 12 27 1 6 15 19 7 9 16 21 11 1
8 36 38 19 31 1 11 6 22 38 2 16 16 13 20 7 18 18 14 5
10 33 31 20 34 17 22 15 17 46 8 7 13 35 26 19 12 36 21 3
3 24 25 15 14 1 2 1 14 11 1 13 10 8 4 4 14 2 4 1
9 20 18 4 12 1 5 1 8 14 1 8 6 11 7 5 4 11 8 1
23 56 60 50 43 42 45 25 43 53 13 32 33 53 41 27 45 46 8 22
7 16 21 18 19 10 20 6 8 25 1 2 4 19 8 10 15 21 8 1
2 47 40 36 14 20 22 10 32 27 1 26 23 33 19 19 19 20 7 11
10 29 26 14 29 9 12 3 16 22 4 16 13 12 15 5 10 15 6 1
11 42 51 42 27 14 25 15 19 51 4 13 27 45 14 30 20 36 31 7
6 28 24 12 17 4 10 2 12 16 1 9 8 13 8 1 11 12 1 1
4 14 16 9 13 7 9 6 9 16 1 5 5 9 6 6 10 10 6 1
18 56 52 38 42 19 36 8 24 59 17 6 19 52 39 40 16 55 44 16
13 39 44 36 23 25 33 11 24 38 1 12 17 41 20 19 32 34 13 13
12 56 50 31 23 24 40 23 38 53 6 6 36 50 39 27 37 53 27 23
13 33 24 12 31 18 24 9 19 32 7 11 9 25 26 12 11 32 15 1
5 44 38 28 30 23 27 7 30 34 4 21 32 29 25 22 14 32 19 8
16 46 51 33 33 10 16 8 24 38 6 20 18 34 17 19 19 23 19 5
9 47 45 40 38 22 29 19 29 40 1 29 41 29 22 19 20 24 13 4
5 19 13 7 12 1 2 1 9 6 1 10 7 2 3 1 8 6 1 1
17 60 62 48 36 36 43 16 46 53 3 28 26 57 41 34 38 52 21 19
5 32 29 24 17 14 20 2 14 21 1 8 16 20 10 5 17 18 5 2
1 8 7 8 15 10 14 5 4 21 1 1 2 12 11 4 10 18 6 1
13 38 34 21 27 8 14 3 17 27 7 16 15 19 16 8 14 19 9 2
9 19 16 19 25 16 19 12 19 22 1 14 6 13 19 9 17 21 3 4
9 26 24 23 23 8 15 1 11 29 5 12 10 19 13 17 6 21 20 3
7 45 48 40 26 22 21 16 38 32 13 34 25 31 27 26 38 24 4 24
14 37 40 25 33 22 25 14 29 32 4 20 16 32 26 11 33 32 3 10
32 65 63 48 58 31 49 15 28 54 15 29 35 44 40 30 23 46 24 10
12 36 32 22 18 10 16 7 14 30 6 12 15 25 13 9 12 21 11 1
11 34 37 33 35 23 32 15 32 30 1 21 18 31 21 22 15 24 10 6
18 52 53 55 44 42 44 23 37 62 13 24 26 57 45 34 42 55 17 27
7 24 27 11 16 3 8 9 10 22 1 9 17 17 5 9 6 9 11 1
28 62 65 53 61 25 45 33 55 63 17 44 43 44 46 22 45 39 25 24
6 52 51 31 25 10 18 9 32 45 1 20 34 28 21 15 28 27 17 10
1 16 13 9 11 3 5 1 11 4 1 10 8 6 1 1 11 4 1 1
5 32 32 24 17 6 8 4 22 18 1 21 16 15 11 9 22 7 6 8
6 35 31 28 27 12 16 7 20 25 4 19 21 17 16 13 13 16 12 1
10 48 48 47 41 19 32 9 27 44 10 26 18 40 29 28 28 38 25 12
7 20 16 11 12 4 9 5 9 11 1 5 8 10 6 1 10 9 1 1
1 8 6 2 10 2 7 1 1 7 1 1 1 1 5 1 4 10 1 1
1 23 25 19 6 10 15 6 7 23 1 1 14 21 3 2 16 13 3 1
10 49 50 36 27 14 34 33 37 56 2 16 44 51 31 36 30 45 39 9
17 54 42 38 40 25 27 7 34 29 9 33 27 31 34 18 22 30 10 13
3 15 13 8 10 9 14 4 5 12 1 2 9 7 4 2 11 13 1 1
1 15 5 7 3 1 2 1 5 10 1 7 4 5 1 1 1 2 3 1
8 24 22 23 26 8 13 6 10 24 5 12 15 13 16 13 4 17 11 2
17 37 41 30 47 10 24 9 22 43 14 18 18 21 32 13 23 27 20 11
10 31 36 19 27 7 14 2 17 26 1 9 9 21 14 7 18 19 6 1
14 28 19 15 28 18 21 13 16 31 8 13 10 22 22 6 12 25 9 1
3 21 20 16 11 6 10 5 3 23 1 5 15 15 5 6 9 14 8 1
20 53 48 28 24 23 28 4 22 37 11 13 15 39 23 13 22 32 14 5
5 26 23 16 12 6 10 1 15 11 1 11 16 12 4 1 18 8 1 1
24 45 51 56 48 36 47 29 41 48 13 39 20 48 45 42 37 46 20 24
20 49 49 33 37 24 37 14 28 51 3 14 27 43 26 22 22 42 19 8
17 26 25 30 41 15 30 15 13 38 16 14 11 28 25 28 12 35 27 10
1 3 1 4 8 1 2 1 1 10 1 4 1 1 3 1 1 8 2 1
4 11 8 5 12 9 14 8 8 10 1 5 6 9 8 1 10 10 4 1
1 10 8 7 7 1 1 1 7 5 1 9 6 3 1 4 3 1 1 1
4 14 21 19 9 6 13 6 5 20 1 7 8 15 3 10 10 11 8 1
8 41 40 38 30 13 28 3 21 24 2 19 22 22 13 14 19 20 10 1
17 62 61 49 57 29 38 20 37 62 6 33 44 40 40 25 23 37 20 12
2 10 9 8 10 4 6 8 5 13 1 3 5 7 4 2 7 8 1 1
2 33 25 33 26 20 24 8 10 34 6 12 21 25 18 15 12 24 16 5
6 29 33 13 9 1 7 9 16 31 1 5 19 25 13 20 5 17 21 7
12 27 34 20 22 1 9 3 9 27 2 5 7 18 6 13 7 14 15 1
4 43 39 40 23 30 32 12 32 34 1 20 23 33 25 14 32 30 2 12
19 49 41 43 31 31 36 19 31 34 3 26 35 33 29 17 24 31 4 16
1 30 23 13 10 9 9 3 25 22 1 10 5 25 16 10 17 24 11 6
8 27 16 11 26 12 16 4 15 19 2 14 11 10 17 2 6 16 4 1
13 25 20 10 18 10 16 5 9 13 7 6 8 14 13 1 12 16 4 1
3 25 21 18 10 5 7 1 16 6 1 15 12 11 5 5 13 4 3 4
5 11 9 5 12 3 5 2 4 12 1 6 2 1 6 3 3 11 2 1
7 29 28 18 22 12 17 5 13 24 1 14 20 10 11 7 20 20 6 1
9 40 44 52 40 28 35 23 26 55 6 17 28 49 28 31 30 43 24 13
1 8 8 8 11 8 13 4 3 13 3 4 7 7 8 5 8 16 6 1
12 50 50 39 39 9 21 5 28 44 1 23 24 29 21 15 23 27 17 4
10 36 42 36 24 15 20 18 20 35 1 20 18 35 17 23 22 24 18 9
16 41 39 29 38 22 25 17 36 31 6 28 19 31 29 14 33 31 6 13
3 10 9 4 9 4 9 2 2 10 1 3 1 4 5 2 4 8 1 1
15 51 62 53 49 22 36 35 43 61 8 37 42 45 32 25 46 32 22 18
1 11 18 13 26 8 12 7 17 22 1 11 8 9 12 7 16 14 2 1
1 12 14 11 14 5 9 1 3 17 2 2 9 9 5 8 5 13 7 1
11 21 16 3 16 4 10 1 5 12 5 3 7 8 9 1 4 11 2 1
5 12 15 7 6 2 6 1 1 14 1 4 4 9 2 6 2 7 6 1
2 11 7 5 4 2 6 1 1 7 1 2 5 4 1 1 5 6 1 1
2 10 6 4 6 7 12 2 2 6 1 2 7 5 2 1 6 9 1 1
23 71 55 51 55 42 44 7 35 51 26 33 28 48 47 28 32 49 29 14
15 41 46 35 29 14 26 5 20 34 4 13 26 27 15 16 26 26 13 8
26 55 55 49 52 30 39 7 15 56 30 15 18 50 38 40 14 47 39 15
7 27 19 21 24 11 13 1 4 24 13 5 1 21 20 14 5 24 14 8
14 32 33 20 30 12 17 6 19 23 6 15 9 21 19 11 18 25 10 5
5 20 13 17 11 7 9 5 12 9 1 14 12 5 7 5 7 4 1 1
6 11 8 1 7 1 4 1 1 8 1 3 1 5 5 1 1 7 1 1
8 16 13 4 17 5 7 4 9 9 1 6 8 4 8 1 8 12 1 1
9 16 15 13 18 7 10 4 7 18 6 3 1 12 15 7 11 20 8 3
1 23 21 18 17 4 9 2 15 17 1 17 21 5 5 2 12 6 1 1
22 47 45 36 55 27 34 7 20 50 26 17 15 32 41 30 20 41 30 12
4 30 24 26 15 5 4 9 16 15 1 18 14 18 10 10 11 10 6 4
17 56 59 38 28 12 18 23 38 45 3 32 29 47 29 35 28 35 29 11
8 30 24 14 20 8 14 2 12 19 2 10 11 14 12 2 16 20 3 1
5 10 11 11 13 5 6 3 3 15 4 5 1 5 9 9 7 14 8 1
6 15 17 9 8 1 3 1 3 11 1 2 1 9 4 1 5 6 1 1
12 51 55 43 30 17 27 6 27 49 8 20 19 44 22 31 27 40 28 10
14 59 59 47 44 25 33 28 43 60 1 30 39 48 32 21 43 41 18 15
6 45 46 42 18 21 25 19 28 38 1 24 31 41 20 22 32 30 13 16
8 21 21 5 17 6 12 7 9 25 2 5 9 16 10 4 5 19 8 1
9 39 33 28 30 13 17 7 21 30 6 19 20 23 19 9 20 24 10 5
20 60 58 32 36 34 36 8 34 53 15 14 20 53 41 26 32 55 26 11
19 47 46 35 47 20 32 26 30 42 2 30 35 36 30 25 14 28 18 3
1 7 7 1 4 3 8 1 1 7 1 1 5 4 1 1 2 4 1 1
1 34 23 24 22 8 10 1 21 22 4 18 15 18 13 7 14 14 12 4
14 43 47 31 27 6 13 1 23 29 3 21 17 27 16 15 23 19 15 8
13 43 46 44 45 23 27 19 32 57 8 19 17 50 36 36 21 45 32 12
7 16 13 13 24 16 21 14 16 27 4 11 10 17 17 10 15 24 8 5
20 49 54 40 33 28 36 31 32 57 8 20 41 50 29 35 30 43 31 17
1 42 35 28 15 20 22 2 27 20 1 17 18 26 15 10 20 20 6 3
8 47 37 27 25 15 20 7 31 33 5 20 31 28 26 23 14 28 24 10
1 43 34 31 37 19 21 1 22 39 15 16 24 29 29 30 3 31 32 15
17 42 42 23 32 15 21 10 17 42 11 16 28 27 22 10 19 23 13 7
1 17 18 17 28 6 8 12 16 28 1 11 17 10 14 7 16 14 7 1
3 21 12 14 14 8 12 1 13 4 1 12 7 5 10 1 7 7 1 1
2 34 25 24 18 9 12 1 20 15 1 19 24 11 7 1 21 10 1 2
4 16 12 6 10 1 5 1 7 12 1 8 6 8 4 1 6 9 8 1
16 61 60 47 41 16 23 26 48 51 5 37 42 46 32 36 31 38 36 9
5 38 37 32 27 22 24 12 33 26 1 25 22 25 22 11 38 24 1 11
2 6 8 5 5 3 8 2 1 5 1 2 2 2 2 4 4 4 2 1
20 48 58 44 46 22 30 17 35 55 5 27 14 44 36 26 34 40 15 12
14 17 13 3 13 7 10 1 1 13 8 6 1 12 12 4 3 13 6 1
16 52 44 35 28 29 32 12 30 33 7 27 20 37 31 16 23 29 9 12
6 37 36 19 13 16 21 7 20 38 1 4 20 29 17 14 20 32 11 8
10 21 20 23 32 13 19 5 12 26 3 12 7 16 20 15 8 24 14 1
1 11 4 4 8 2 4 1 5 3 1 7 4 2 1 1 1 3 1 1
1 9 10 8 2 1 1 1 5 4 1 1 2 4 1 1 6 1 1 1
2 19 14 1 6 1 6 1 6 20 1 1 6 13 6 6 1 17 11 1
11 41 42 20 34 12 17 15 20 48 8 14 26 36 24 24 11 37 27 5
24 60 67 57 55 35 44 33 49 68 12 36 45 50 45 28 54 47 15 26
14 58 55 57 57 38 41 22 46 56 10 39 35 45 49 28 42 45 13 20
1 25 23 21 15 9 12 8 14 18 1 16 21 13 7 8 9 7 7 1
7 64 53 40 32 22 22 9 48 40 8 36 32 40 39 30 30 38 20 20
3 51 49 52 35 22 21 8 23 47 10 22 29 39 26 27 27 33 22 16
2 8 4 1 6 3 8 1 1 7 1 3 2 1 2 1 3 8 1 1
12 33 34 32 39 16 29 11 24 33 2 19 20 22 19 16 23 27 10 2
5 15 16 9 7 3 7 1 3 8 1 3 7 6 3 5 6 6 3 1
15 50 50 58 40 49 50 28 40 60 18 28 27 57 48 39 47 58 17 34
2 20 22 17 18 4 8 1 11 17 3 8 13 10 7 9 13 12 8 1
4 18 19 16 25 10 15 3 7 23 6 4 8 14 13 14 9 20 14 4
17 66 61 51 45 14 28 26 48 47 6 45 49 39 31 29 33 27 29 5
8 34 31 20 25 4 8 8 17 34 3 16 22 20 13 11 12 18 15 1
7 24 26 13 15 3 9 3 8 18 1 4 12 13 5 3 10 12 1 1
23 64 58 37 44 24 30 13 33 54 17 26 29 44 33 27 21 40 32 1
1 15 20 6 6 1 1 1 8 14 1 1 2 11 1 7 3 6 9 1
7 66 63 53 38 8 22 21 47 59 5 36 47 47 35 30 37 36 36 19
1 25 24 20 15 6 10 1 10 23 1 11 17 9 6 6 15 13 5 1
1 11 8 3 1 1 1 1 2 4 1 2 1 5 1 1 3 1 3 1
33 56 53 45 68 41 47 34 41 57 20 39 34 47 51 40 20 50 28 8
6 19 16 12 6 6 11 1 5 7 1 3 8 10 4 1 12 9 1 1
1 16 16 13 15 1 3 8 4 20 1 9 13 12 3 10 1 9 11 1
8 57 51 48 33 22 30 19 35 39 1 37 37 39 25 24 30 30 17 8
11 36 42 41 31 20 28 19 29 40 9 24 13 36 26 29 27 35 16 15
7 35 33 11 11 4 9 1 17 21 1 4 11 25 12 9 11 22 12 4
27 59 43 46 54 41 44 15 32 47 26 29 20 45 49 31 21 46 27 15
8 47 42 42 39 20 31 20 34 39 1 32 47 27 25 17 27 24 11 6
15 43 47 32 41 28 27 14 36 52 12 18 12 47 41 32 29 49 24 18
11 39 44 26 23 7 15 1 19 31 1 11 9 30 14 18 18 27 16 6
12 56 50 50 50 30 40 7 27 54 12 21 29 41 31 32 18 42 30 12
14 33 26 17 26 19 24 1 8 33 12 8 15 27 21 10 10 32 15 6
9 19 14 6 15 7 13 1 1 16 3 3 4 10 11 1 6 19 3 1
1 11 13 6 7 3 5 1 4 12 1 1 3 7 1 4 5 8 6 1
4 17 17 11 14 10 12 9 14 22 1 9 4 15 10 8 13 18 11 1
8 36 28 26 29 20 25 5 14 36 8 9 16 26 22 10 17 32 11 6
14 36 33 30 48 31 32 15 22 47 19 10 15 38 38 29 20 46 25 21
2 25 25 13 10 10 11 8 23 25 1 4 5 26 17 12 18 22 12 5
4 13 8 1 10 1 5 1 1 3 1 2 3 1 3 1 1 7 1 1
10 15 11 6 21 11 14 11 10 24 4 1 4 14 16 4 11 21 6 1
1 40 35 31 26 28 29 7 23 44 13 5 14 45 32 27 23 45 28 17
2 13 9 10 15 7 11 7 11 15 1 3 1 9 11 2 14 15 2 1
1 14 10 9 16 8 10 5 11 19 1 9 4 9 10 6 6 15 9 1
12 21 17 6 22 9 13 6 11 17 6 10 9 10 13 1 11 16 1 1
5 14 14 6 5 1 4 1 1 10 1 1 1 6 3 1 3 7 1 1
9 34 35 34 32 16 22 19 17 41 3 15 21 32 19 18 21 30 15 1
6 8 4 1 13 10 12 9 8 12 1 7 1 7 10 1 9 12 1 1
13 57 64 60 48 39 43 23 53 56 4 39 42 49 39 28 47 40 15 20
11 29 26 13 18 7 7 1 10 17 6 9 1 19 17 7 10 20 8 3
12 26 30 23 33 9 20 9 18 28 5 15 14 16 15 16 19 22 15 1
17 38 46 41 39 21 27 17 36 39 2 28 17 34 27 24 34 31 8 13
22 59 62 35 30 18 30 4 25 54 8 9 28 49 26 29 18 42 28 8
19 62 59 45 46 35 42 19 47 52 1 27 38 49 38 29 32 46 18 14
13 23 28 19 17 8 14 9 5 26 6 8 14 20 10 13 7 15 10 1
20 50 39 35 47 25 30 10 20 42 20 22 23 35 34 26 9 31 27 6
1 15 21 13 19 1 2 1 10 16 1 8 9 3 5 4 11 6 4 1
4 26 22 18 16 17 19 9 22 17 1 10 5 22 18 8 24 21 1 8
8 19 24 22 26 4 12 12 5 30 1 9 11 17 10 16 6 20 14 1
15 51 43 43 34 38 43 24 42 45 1 26 34 44 32 22 31 39 9 16
16 41 51 34 35 27 27 23 45 44 11 27 23 46 33 34 37 42 21 22
28 55 58 38 49 30 38 11 28 55 16 25 32 40 38 26 30 44 23 14
21 38 44 36 43 1 24 15 23 41 14 23 23 22 26 16 22 23 28 14
3 29 22 18 10 9 11 1 14 11 1 13 7 14 9 3 16 16 1 5
17 56 60 42 40 22 29 10 30 54 19 20 13 52 38 40 24 49 29 18
29 49 62 59 48 40 51 27 33 69 17 22 23 64 47 41 43 62 24 24
4 17 13 8 5 1 4 1 5 6 1 5 5 4 2 1 6 4 1 1
2 40 37 17 12 4 6 1 25 24 1 13 14 24 14 15 15 23 15 7
1 23 16 18 7 8 10 1 15 6 1 16 6 12 8 2 11 8 1 4
11 44 35 31 36 26 27 11 33 28 5 26 15 30 35 17 23 31 9 10
7 23 14 13 25 13 18 6 14 16 1 13 12 9 18 5 9 19 4 1
1 19 21 21 9 9 10 3 14 17 1 13 2 14 13 13 16 17 5 9
5 12 8 3 8 1 1 1 4 6 1 5 4 3 3 1 3 6 2 1
7 21 16 8 12 2 4 1 7 11 1 6 3 10 6 1 7 11 5 1
6 35 40 26 13 7 16 1 14 25 1 7 10 30 4 14 16 22 14 2
1 17 11 10 8 1 5 1 4 11 1 4 2 10 3 2 5 10 7 1
9 44 47 47 50 24 35 16 37 49 1 29 31 32 30 22 29 30 16 7
14 24 29 20 27 7 19 10 12 25 6 9 6 20 12 16 13 21 15 2
16 43 49 53 55 21 36 23 33 56 18 28 22 40 41 33 37 41 30 21
16 57 56 47 37 13 26 27 41 46 12 42 35 36 34 16 42 25 20 27
1 15 13 16 23 11 15 10 15 22 2 7 7 15 14 8 15 19 5 1
17 64 60 47 44 29 39 24 50 60 10 35 48 39 37 24 46 41 25 24
1 40 36 28 14 8 12 8 20 27 1 16 25 30 5 11 15 16 14 1
18 41 42 28 47 11 21 7 23 48 9 18 15 28 27 19 16 34 23 2
5 25 18 13 19 12 17 6 14 17 1 13 17 11 7 1 17 17 1 1
29 71 73 49 56 34 48 20 40 69 12 26 44 58 42 39 22 53 33 11
2 15 13 11 4 3 6 1 5 8 1 6 5 7 2 3 9 7 2 1
5 21 22 19 15 3 6 1 12 17 1 10 7 14 4 9 7 9 12 1
28 65 74 55 52 22 38 24 37 62 10 35 36 55 38 37 39 45 31 13
1 28 24 13 13 2 1 1 17 21 1 9 6 19 11 10 10 18 14 2
5 22 22 13 27 6 9 5 15 22 1 9 6 12 13 6 14 18 5 1
25 51 58 43 42 37 47 14 29 52 12 18 14 52 40 31 35 55 19 14
4 32 28 21 13 7 4 1 23 12 1 22 10 13 12 7 21 11 1 8
22 35 44 29 37 18 29 14 14 46 11 4 6 41 23 24 15 31 24 1
13 57 55 37 27 22 24 9 38 39 3 24 33 37 26 17 39 34 13 19
1 7 10 6 2 1 3 1 1 7 1 1 1 4 1 2 3 2 1 1
5 25 19 12 9 8 13 1 5 12 1 6 12 12 4 1 10 13 2 1
27 46 58 48 49 37 44 32 31 65 13 19 33 55 39 33 39 52 19 19
25 61 60 39 44 36 42 20 40 60 16 23 24 53 37 24 37 50 23 4
8 44 39 38 33 28 33 24 32 41 1 23 32 39 23 22 21 29 14 6
17 33 36 40 53 35 40 21 30 54 22 23 19 43 38 39 22 47 29 24
15 54 56 42 36 20 29 8 25 43 6 21 34 37 20 17 21 25 17 4
8 23 30 25 18 9 15 13 5 30 1 10 21 22 6 17 10 19 14 1
1 29 33 23 20 1 7 6 15 31 1 17 25 16 3 8 11 8 9 1
1 13 13 12 7 11 16 8 3 20 1 3 11 15 4 2 12 12 3 1
1 27 29 16 11 8 10 5 18 20 1 9 7 21 7 8 16 13 8 3
1 13 10 5 2 1 3 1 3 5 1 1 3 7 1 1 5 2 1 1
9 61 66 54 37 5 29 19 43 63 6 21 42 48 33 40 32 41 42 18
1 9 6 2 1 1 1 1 1 4 1 2 1 3 1 1 1 1 1 1
8 25 32 26 21 23 28 15 21 36 3 12 13 32 17 16 27 31 10 8
1 19 18 10 11 11 16 6 7 20 1 7 10 14 6 4 13 16 7 1
26 54 50 43 52 29 41 23 24 53 11 29 39 45 39 33 13 44 28 3
7 51 54 41 26 11 23 5 29 41 1 18 29 39 17 25 16 27 24 2
13 31 37 18 34 15 18 11 24 36 4 10 7 28 21 13 22 29 12 3
19 53 57 51 52 36 42 26 34 65 7 25 33 56 41 37 23 51 27 10
7 39 36 37 43 26 27 15 38 43 12 25 17 37 33 26 30 38 22 16
7 26 35 32 26 22 27 16 17 47 4 4 15 37 20 21 24 35 19 6
1 9 7 2 5 5 10 2 2 7 1 4 3 6 2 1 4 6 1 1
20 60 53 41 31 29 33 21 40 45 9 27 39 45 28 22 37 38 20 20
1 13 13 11 2 4 9 1 4 5 1 6 6 7 1 3 9 6 1 1
4 16 17 11 10 12 17 8 6 20 1 7 12 14 6 5 11 13 5 1
11 55 55 52 37 27 36 8 34 46 9 29 26 44 28 29 32 41 25 15
7 20 16 11 15 3 5 1 8 18 4 3 4 13 10 6 8 15 11 1
9 43 40 21 27 10 9 2 27 32 5 16 13 29 24 18 15 31 19 6
17 66 58 50 46 29 37 19 49 49 10 42 51 36 39 26 32 34 23 22
1 14 14 9 6 1 1 1 6 7 1 6 3 5 1 2 1 1 4 1
5 54 42 41 36 34 35 12 39 36 6 31 23 39 36 26 26 38 13 18
1 12 8 4 8 1 2 1 2 5 1 1 6 1 1 1 4 6 1 1
22 65 70 54 43 16 33 21 47 55 17 42 32 47 38 38 40 39 37 28
1 12 10 2 5 1 1 1 4 2 1 4 3 3 1 1 4 1 1 1
5 25 18 8 13 6 10 3 17 24 1 11 13 16 14 12 4 21 17 5
13 32 25 20 18 12 16 6 7 24 7 9 15 21 13 7 9 17 7 1
7 36 31 39 44 26 29 8 19 37 12 20 21 26 29 29 5 28 22 15
1 25 25 18 10 8 12 1 12 16 1 10 15 13 4 5 17 13 4 2
4 9 7 4 18 7 8 5 5 15 1 3 1 7 13 4 7 18 4 1
30 56 60 44 52 16 32 21 34 56 26 30 30 37 41 22 33 33 31 14
24 43 42 38 50 20 35 19 28 34 12 27 23 28 31 27 21 33 22 9
11 41 38 36 37 28 33 17 36 40 1 24 31 28 27 11 38 32 1 12
19 54 52 38 37 17 26 6 33 35 4 25 23 38 28 29 14 34 24 9
8 30 18 16 25 10 15 3 13 23 5 11 11 16 17 7 8 22 12 2
11 50 44 35 37 20 27 5 25 41 9 16 27 31 31 8 32 33 12 14
17 47 52 55 44 27 38 26 29 56 12 24 20 51 36 40 31 49 27 16
2 20 13 12 8 3 4 3 11 12 1 10 8 9 3 2 5 3 6 1
5 64 50 48 47 22 35 10 40 56 19 28 40 41 40 24 32 40 36 25
17 43 40 32 41 30 36 11 22 46 9 15 15 36 33 20 19 38 17 1
1 28 28 15 2 7 5 1 21 16 1 11 5 24 12 13 15 16 11 9
21 46 50 43 52 31 43 17 12 68 25 5 19 55 40 42 12 56 43 18
4 18 24 13 28 5 12 1 11 28 1 6 8 15 12 12 7 20 15 1
1 12 12 5 3 1 1 1 5 5 1 5 2 3 1 1 4 1 1 1
16 65 61 57 51 28 35 3 28 58 20 26 29 50 38 35 29 47 34 25
18 48 51 41 51 29 35 23 32 64 13 21 25 53 44 40 17 50 35 10
3 13 9 4 8 1 2 1 6 5 1 5 6 1 1 1 6 3 1 1
1 8 14 11 10 1 2 9 1 20 1 4 6 9 2 8 2 9 8 1
5 18 13 7 13 1 4 1 11 8 1 13 11 3 3 3 7 6 1 1
8 19 16 22 24 7 16 1 1 24 6 5 4 17 12 18 1 23 17 4
18 22 28 21 25 1 13 5 1 30 9 4 1 22 16 20 4 24 22 2
2 17 19 8 14 1 4 1 9 17 1 9 7 8 4 8 6 10 11 1
12 30 24 15 20 7 13 1 12 15 6 11 10 14 13 5 10 17 5 1
19 58 60 41 51 25 36 18 35 56 4 26 37 45 31 29 19 36 24 2
7 22 17 2 11 1 5 1 3 12 1 1 2 11 6 1 2 10 3 1
4 7 5 3 14 9 14 8 9 10 1 5 1 8 10 2 8 12 1 1
25 41 47 32 44 35 42 17 26 52 12 16 20 40 34 22 29 46 14 8
2 26 18 14 20 6 7 3 18 19 3 11 7 16 9 8 12 18 13 1
12 31 33 39 36 30 37 30 29 37 1 29 33 34 27 25 19 28 9 9
10 57 55 50 46 34 37 14 37 59 12 27 25 48 42 29 43 48 23 23
15 74 74 53 45 29 40 25 55 69 10 38 42 55 46 26 49 47 23 23
13 40 39 23 32 7 11 8 20 37 7 17 19 23 19 10 17 21 15 4
32 52 60 46 51 31 49 26 30 65 14 19 25 56 40 37 35 60 28 18
10 35 40 33 33 19 25 18 20 48 2 11 19 37 21 19 23 34 16 4
4 15 10 4 6 3 7 1 2 7 1 2 8 5 2 1 4 7 1 1
1 12 16 9 10 2 5 1 8 4 1 5 6 4 1 5 8 4 3 1
7 30 28 32 26 18 24 8 21 21 1 21 19 18 18 16 11 18 5 6
2 29 25 21 13 11 12 1 12 17 1 10 11 18 12 6 18 21 4 5
6 26 22 14 12 8 13 1 12 7 1 11 14 12 4 1 16 10 1 1
11 26 30 18 36 14 18 10 13 42 9 8 9 28 22 17 8 30 20 2
2 34 33 26 19 7 4 1 23 26 1 22 11 17 18 11 23 15 7 9
17 29 35 28 35 21 26 27 28 35 8 20 23 30 23 19 29 27 7 12
11 38 41 40 45 12 25 16 31 42 2 23 25 24 24 19 27 25 15 5
2 9 7 1 10 2 5 1 4 2 1 3 2 1 3 1 4 5 1 1
18 41 40 15 29 19 25 5 16 44 12 9 13 32 24 19 10 37 23 1
14 50 52 48 44 8 28 16 29 46 5 29 39 26 22 12 30 22 19 10
3 38 46 43 33 27 28 23 33 55 8 18 15 50 33 39 29 43 26 18
5 25 13 14 15 7 12 1 14 6 1 14 14 7 6 1 9 7 1 1
19 58 61 53 49 25 37 33 45 59 3 37 43 49 31 31 42 41 26 6
7 32 33 23 27 15 20 19 19 40 1 11 18 29 16 18 18 29 18 1
2 13 11 5 11 6 11 5 6 21 1 4 4 11 7 5 6 16 10 1
1 20 15 6 9 2 7 1 8 6 1 9 10 7 1 1 5 5 3 1
13 52 50 46 38 27 36 11 37 34 1 30 36 33 24 18 27 25 8 10
4 25 27 27 9 16 20 10 13 23 1 8 19 25 10 7 23 18 1 9
29 51 46 41 55 22 37 6 19 44 25 20 16 37 35 33 12 42 33 8
6 53 45 51 35 25 29 20 30 46 14 32 29 46 31 35 28 39 25 22
9 15 16 8 15 1 4 1 5 12 2 7 4 7 6 6 1 10 4 1
22 67 74 59 53 29 38 21 38 66 20 38 34 54 44 41 39 47 26 23
14 46 44 42 43 33 37 18 33 50 9 20 29 39 34 24 39 43 17 17
2 52 39 35 42 19 29 13 41 50 7 21 32 34 40 26 28 40 28 17
10 36 37 20 16 2 11 1 18 32 1 7 13 29 16 19 9 26 22 4
12 34 35 16 20 5 10 12 11 32 5 12 17 27 11 15 3 19 17 1
6 27 27 12 24 10 14 6 16 30 4 7 10 20 16 13 13 26 16 2
25 49 49 50 53 26 35 15 23 47 13 23 22 42 37 36 8 38 25 12
5 10 6 7 16 7 9 6 7 13 3 8 3 5 11 6 7 16 6 1
11 40 42 32 36 15 28 11 25 44 5 18 22 30 16 18 25 30 19 3
24 65 57 39 40 37 43 19 43 52 12 25 38 50 41 25 35 51 23 19
1 14 12 10 3 1 2 1 6 4 1 6 1 5 1 1 7 4 1 1
5 15 16 11 4 5 10 1 2 9 1 3 7 7 3 4 9 10 2 1
4 51 55 36 24 1 22 18 37 51 1 18 38 31 27 25 29 27 30 19
1 21 18 14 7 9 14 3 9 11 1 7 8 15 4 1 16 10 2 1
7 27 25 19 8 8 13 1 9 14 1 9 11 15 6 5 16 12 3 3
13 32 40 27 26 20 25 22 23 42 3 10 18 38 20 20 25 30 13 7
1 9 8 2 3 2 7 1 1 4 1 1 4 4 1 1 3 3 1 1
12 56 61 47 31 26 36 22 38 67 11 16 25 62 47 44 35 58 38 27
4 9 5 1 2 1 1 1 1 5 1 2 1 4 2 1 1 3 1 1
1 11 12 8 7 3 8 1 5 7 1 7 8 5 1 5 3 4 3 1
2 24 24 16 11 3 6 1 10 15 1 9 7 12 5 4 11 11 3 1
7 24 15 10 24 10 16 5 10 21 2 7 9 14 15 2 11 23 4 1
10 22 24 13 20 10 16 6 9 20 4 5 8 15 12 7 13 19 5 1
26 42 45 37 53 32 34 17 34 47 20 26 13 40 41 28 31 45 18 11
4 17 15 10 5 3 6 1 7 8 1 7 2 11 4 1 10 8 4 3
1 11 10 8 4 1 4 1 2 7 1 3 3 3 1 2 5 6 1 1
1 44 37 33 28 21 22 5 34 38 1 20 22 31 23 8 34 31 8 6
7 37 34 27 28 13 19 11 18 27 1 16 24 20 13 8 16 18 5 1
23 58 57 40 49 15 29 10 37 43 8 33 31 29 31 22 19 25 22 11
6 36 24 20 27 10 16 1 18 18 1 17 18 11 14 2 13 16 1 1
16 58 56 53 40 45 47 24 50 43 2 40 34 47 40 30 40 39 7 24
2 21 18 15 10 5 10 6 4 19 1 7 18 14 1 4 5 11 3 1
32 82 82 60 57 28 42 12 43 70 21 34 40 61 48 43 30 54 42 12
14 43 45 40 46 28 36 31 36 62 11 26 36 52 35 38 26 51 34 14
22 55 61 51 42 23 37 16 29 60 16 19 32 52 30 38 33 47 36 19
15 68 64 60 44 40 43 18 51 46 7 45 45 42 42 31 48 42 10 27
22 64 61 64 57 37 53 23 30 70 27 23 37 61 41 45 31 57 46 25
7 22 17 8 8 3 8 1 8 12 1 3 4 14 5 4 8 10 8 1
9 61 61 50 36 36 42 24 53 54 4 37 34 46 39 23 56 43 8 28
6 59 61 50 35 29 32 23 45 57 1 33 34 47 31 25 46 40 16 18
1 24 23 22 22 8 10 11 16 33 4 16 19 24 15 20 1 22 24 2
17 46 45 37 48 20 24 13 18 49 15 20 22 37 30 30 7 35 32 5
8 26 22 20 31 19 24 12 27 15 1 20 16 13 20 9 19 19 1 4
5 48 51 35 17 14 19 12 39 41 3 23 21 40 25 32 29 35 25 21
10 75 68 58 46 25 31 16 48 66 12 34 42 55 48 41 35 50 37 26
17 49 51 40 43 13 26 28 40 45 12 33 34 32 33 11 41 25 19 21
18 65 63 46 36 30 38 21 38 57 8 23 41 54 37 32 26 44 28 14
16 30 28 18 37 19 22 6 12 31 17 10 9 21 27 18 13 32 18 8
21 39 50 47 39 26 38 37 32 52 7 25 33 49 28 34 38 38 24 7
8 53 57 47 31 18 35 20 42 51 2 17 29 52 32 35 30 41 31 13
13 29 23 15 23 12 15 1 10 19 6 14 9 12 18 8 3 15 7 1
19 72 75 67 48 18 38 24 42 62 9 42 45 55 31 38 38 41 35 16
19 54 46 29 23 24 25 4 24 32 13 21 15 39 25 16 23 32 15 11
1 34 35 32 12 13 14 13 16 32 2 19 16 32 15 19 21 22 12 11
1 17 19 14 12 1 3 9 6 15 1 8 10 10 1 7 6 4 5 1
9 20 13 8 16 6 9 1 5 12 3 9 5 6 13 2 1 12 2 1
4 25 34 28 13 11 16 7 14 27 1 11 9 26 9 16 18 18 9 7
1 15 17 12 12 5 10 4 8 15 1 6 9 8 5 7 9 11 6 1
1 6 6 4 8 7 12 4 3 9 1 4 6 5 5 1 6 12 3 1
4 23 22 15 20 1 3 8 7 21 1 12 17 11 6 10 2 12 8 1
2 10 7 4 12 1 2 1 2 7 1 1 1 1 5 1 3 10 2 1
7 19 10 10 13 9 14 5 8 12 1 10 11 8 7 1 9 13 1 1
4 22 16 17 27 10 13 4 13 25 9 14 14 12 16 11 13 18 14 7
6 28 23 22 16 14 16 3 10 23 5 8 11 22 14 8 19 24 10 6
9 16 21 15 15 6 15 3 4 14 1 4 8 11 4 11 8 12 9 1
28 49 59 44 54 22 39 24 36 55 13 26 25 44 36 28 38 43 21 15
8 13 15 9 11 1 7 1 1 12 1 4 5 7 7 8 5 10 7 1
5 16 7 9 11 5 10 1 8 8 1 12 9 6 6 1 4 8 5 1
22 56 58 58 52 21 36 22 29 52 9 32 42 43 28 38 20 37 31 7
13 41 40 23 22 21 27 9 16 37 4 5 17 34 19 7 21 28 6 3
7 23 21 15 29 14 16 8 14 30 7 3 5 21 21 12 14 27 14 5
1 13 15 14 15 6 9 1 7 14 7 5 8 9 10 12 7 13 11 5
4 40 36 19 24 5 17 11 33 38 3 21 29 20 22 11 22 20 19 13
12 47 45 51 28 32 32 16 33 41 9 28 34 39 31 26 33 34 16 21
4 12 9 2 3 1 4 1 1 10 1 1 2 6 2 1 1 3 4 1
13 55 46 32 45 20 28 18 49 41 3 33 37 28 40 19 27 28 18 15
17 45 40 29 35 28 34 15 22 39 9 14 29 32 26 12 23 34 9 7
8 45 42 35 32 20 22 6 28 36 7 24 23 28 28 14 34 31 12 15
3 42 42 27 16 8 11 1 21 26 1 14 21 20 14 2 27 14 1 7
10 38 30 26 26 13 13 5 24 16 3 23 18 17 18 7 14 15 1 4
5 23 21 14 22 10 11 7 16 29 4 7 4 18 15 12 12 24 15 2
20 45 49 27 36 28 28 11 32 49 12 15 5 45 39 29 26 47 24 9
1 33 32 16 8 12 14 2 21 21 1 9 11 26 11 10 19 20 9 5
9 50 39 38 44 27 29 12 32 39 11 24 21 37 36 22 20 34 19 13
1 10 9 5 11 1 4 1 4 6 1 4 4 1 3 3 4 8 3 1
11 21 24 11 30 13 16 9 12 28 5 3 5 18 20 10 13 25 10 1
24 53 47 43 48 35 40 21 23 58 16 19 30 48 38 28 25 50 25 10
1 8 6 2 13 1 3 1 5 8 1 5 5 1 3 1 4 8 2 1
8 35 42 39 34 30 32 15 31 45 8 21 15 43 29 27 34 41 14 16
37 59 68 44 48 39 55 23 35 74 19 15 27 67 49 45 34 68 35 19
1 22 22 22 23 19 20 7 19 25 2 10 10 24 18 9 25 27 5 5
1 20 13 10 18 7 10 1 15 9 1 15 12 2 6 1 6 3 1 1
30 46 53 42 61 20 38 24 32 57 15 30 23 37 41 29 32 44 18 15
1 7 12 7 4 1 4 1 1 10 1 4 1 8 1 7 4 4 8 1
9 26 28 17 26 1 9 1 13 20 1 15 13 7 10 6 9 10 4 1
7 36 31 23 25 10 16 1 16 22 1 13 15 19 15 12 5 18 10 1
26 62 63 51 51 30 39 12 38 49 13 35 22 43 40 32 27 38 20 8
13 43 38 38 42 20 32 30 35 39 5 33 38 33 26 23 27 28 22 1
1 17 12 3 7 1 1 1 11 8 1 9 6 6 1 1 3 2 5 1
5 17 13 6 13 6 8 5 9 12 1 2 4 9 7 1 10 9 4 1
1 26 21 18 18 2 5 1 17 8 1 16 11 3 6 1 12 4 1 1
6 31 30 28 22 16 22 8 15 27 1 12 17 22 14 9 14 17 5 1
3 18 29 15 7 1 5 7 11 32 1 3 13 25 7 22 2 16 23 4
1 26 21 22 25 11 15 1 14 24 5 11 16 15 14 7 19 19 9 4
4 15 12 5 11 1 1 1 2 14 1 1 1 7 6 1 3 10 5 1
1 17 17 9 4 1 5 2 8 11 1 4 5 12 1 1 7 3 5 1
3 31 19 19 12 12 17 1 13 12 1 13 18 14 6 2 11 10 5 1
7 43 39 25 33 17 24 13 41 35 1 22 27 27 31 21 23 30 15 9
14 26 35 30 33 15 19 26 24 36 1 16 16 31 24 20 24 30 8 7
23 59 58 54 56 17 45 20 36 61 18 32 40 41 39 22 35 43 35 21
2 37 35 26 20 21 27 14 29 46 1 9 27 36 24 19 24 38 18 10
10 53 53 42 34 23 28 22 34 53 6 22 38 48 26 29 30 42 27 13
2 10 7 8 6 1 2 1 3 6 1 7 2 1 1 3 3 5 2 1
16 34 24 18 39 23 28 9 15 36 16 10 10 28 30 15 15 36 17 6
29 58 60 46 56 33 45 17 35 59 16 26 22 49 36 27 31 46 26 2
5 37 44 33 30 15 20 23 32 40 1 21 22 37 19 23 28 28 18 7
18 41 39 39 39 21 32 10 24 34 5 21 23 28 24 23 17 30 16 6
1 20 24 15 7 3 3 3 13 12 1 11 7 14 4 5 13 6 3 4
10 20 20 20 25 11 16 11 1 31 10 4 12 21 18 17 7 24 16 7
21 58 60 35 34 32 43 23 34 65 13 9 31 58 42 33 32 56 32 14
29 63 70 45 43 31 39 26 31 66 15 22 41 59 33 38 30 52 35 18
1 23 10 16 17 8 12 1 8 15 3 8 9 12 9 5 4 14 10 1
11 45 49 43 28 17 28 5 26 35 2 20 23 33 18 20 30 31 11 11
5 36 37 39 39 8 19 13 22 42 6 26 33 20 19 17 18 16 20 9
5 32 40 33 24 7 9 10 19 34 5 18 19 29 11 20 18 17 21 6
23 55 57 52 53 29 49 36 51 65 15 37 47 45 45 14 57 45 23 31
1 27 27 31 12 10 13 8 14 16 1 17 21 18 7 11 10 4 4 1
5 35 42 42 34 13 19 15 22 39 6 23 23 34 21 30 22 29 24 10
1 27 21 8 21 8 10 4 24 27 1 12 14 15 14 10 8 20 13 1
7 46 38 34 33 26 29 12 36 41 2 18 24 38 26 15 34 39 13 10
5 29 29 19 10 5 8 9 15 21 1 8 12 25 7 12 12 13 14 5
6 11 8 7 8 4 6 1 5 6 1 9 4 1 4 5 4 8 1 1
2 13 6 4 5 2 7 1 4 4 1 6 7 4 1 1 3 3 1 1
1 13 16 10 10 4 6 1 9 7 1 7 7 5 1 6 9 6 4 1
16 33 36 22 17 14 15 3 12 24 10 9 5 26 20 15 13 19 9 6
4 20 18 11 9 6 10 2 9 9 1 6 6 9 6 1 13 11 1 2
1 25 22 22 16 11 15 5 11 26 7 9 12 23 11 9 15 20 14 6
35 61 64 56 54 39 56 27 37 62 18 28 29 61 46 33 41 59 27 21
3 33 29 31 23 16 16 3 14 27 11 11 13 25 19 18 17 24 14 13
2 7 9 11 15 11 13 10 12 14 1 9 1 10 10 7 12 13 1 2
34 57 52 48 63 51 56 26 40 65 28 30 31 52 53 34 41 63 23 20
19 53 59 43 40 21 31 8 28 48 8 26 26 36 29 20 35 37 15 14
9 42 33 21 28 10 13 2 22 32 7 15 13 28 21 11 13 28 16 4
6 28 32 19 20 7 7 3 18 26 3 8 6 23 15 17 13 24 19 4
1 15 10 8 11 6 11 5 13 5 1 6 3 9 6 1 13 7 1 1
14 41 40 34 31 5 15 3 24 23 4 23 17 21 16 15 19 15 13 5
9 37 42 35 30 19 26 10 26 39 1 15 29 25 18 13 33 26 7 11
2 18 18 14 16 5 9 9 14 16 1 7 11 11 6 3 15 10 3 1
6 48 48 30 29 19 31 17 41 51 1 17 35 37 33 19 38 38 17 17
1 15 9 13 15 6 10 3 10 11 1 8 4 8 9 4 10 13 4 1
5 23 18 16 21 5 8 8 15 16 1 14 15 7 8 3 12 8 2 1
15 28 30 27 18 3 16 5 10 17 6 12 4 22 11 17 11 16 14 5
5 51 38 45 28 31 32 7 30 35 7 27 25 35 32 20 26 35 9 17
14 41 39 28 37 10 20 1 22 34 2 19 20 26 20 23 3 25 20 1
1 23 19 18 32 11 14 5 22 30 1 17 15 12 18 8 13 17 10 1
8 30 26 21 27 18 22 6 17 32 2 11 24 19 19 9 21 28 6 8
1 9 11 5 6 1 3 1 2 9 1 2 3 2 1 3 2 3 2 1
5 18 27 29 20 14 14 18 18 26 1 14 6 26 14 18 21 17 8 6
11 28 20 22 22 14 19 1 7 29 13 7 8 25 20 13 13 27 15 9
6 17 16 3 17 8 11 6 10 21 1 1 1 16 12 3 9 21 4 1
10 20 20 10 21 13 17 12 17 24 1 9 4 19 16 8 15 22 5 4
5 43 39 29 45 19 24 7 23 54 14 12 21 30 37 25 15 38 29 17
13 37 41 45 47 32 36 19 31 58 20 18 15 49 37 41 25 49 31 22
23 34 40 26 32 19 23 4 15 34 13 12 1 31 26 22 17 34 19 4
31 64 62 57 52 38 52 26 41 53 11 33 43 48 37 35 33 45 24 21
8 52 48 31 16 20 22 5 32 31 1 17 23 36 20 14 33 30 6 15
8 16 12 2 14 8 14 5 4 18 2 1 3 13 11 1 7 16 3 1
24 60 62 63 65 28 42 29 41 61 11 46 55 40 42 39 24 39 30 21
20 41 49 39 39 11 27 15 16 50 15 18 24 36 21 31 19 35 33 9
6 26 21 18 22 14 19 7 15 20 1 14 15 14 12 8 11 15 9 1
4 19 11 15 20 13 17 8 10 26 6 10 11 16 13 8 11 21 12 4
4 26 22 6 15 5 8 6 17 26 1 3 6 20 14 6 8 20 9 1
26 60 69 52 50 22 28 18 33 62 16 33 23 52 40 40 30 43 35 9
5 7 4 1 12 5 7 4 4 8 1 1 1 5 8 1 4 11 1 1
8 13 10 4 6 4 8 1 1 10 2 4 6 9 6 1 4 10 1 1
1 10 8 2 6 2 7 1 2 8 1 1 6 4 1 1 3 3 1 1
23 62 63 45 40 31 41 30 39 60 9 27 33 62 39 32 40 52 29 10
1 18 18 20 3 9 13 4 6 16 1 7 17 13 3 3 11 9 1 2
7 38 45 28 26 4 12 8 11 38 1 13 26 26 9 12 14 17 13 1
8 61 52 52 41 27 33 18 36 54 10 27 41 50 31 30 28 43 32 15
4 17 12 7 13 1 1 1 11 7 1 13 11 1 5 1 9 4 1 1
13 40 37 20 38 15 22 8 25 34 7 16 17 21 29 5 27 27 7 6
1 3 3 1 1 1 2 1 1 1 1 1 1 1 1 1 2 1 1 1
9 33 31 26 31 11 12 6 21 28 6 18 13 18 21 10 18 23 7 4
1 14 13 4 7 1 1 1 7 15 1 6 6 6 1 1 3 4 4 1
28 46 49 28 38 26 30 16 27 47 22 16 6 41 31 26 24 39 29 3
1 6 6 1 7 1 1 1 2 1 1 2 2 1 1 1 1 2 1 1
3 40 40 19 12 12 14 5 27 28 1 15 10 30 20 19 19 28 12 11
1 10 4 5 4 2 7 1 1 7 1 5 4 3 1 1 4 7 1 1
11 63 69 49 31 9 30 12 39 58 6 25 33 50 34 38 37 44 36 22
12 61 64 35 28 12 27 15 33 59 6 13 42 44 32 26 30 40 28 16
4 10 12 5 10 1 4 1 3 9 1 2 4 2 2 5 1 6 3 1
15 53 44 30 37 29 33 8 28 35 9 21 22 34 28 9 27 30 9 3
9 21 16 5 10 1 1 1 8 17 1 7 5 12 7 5 5 12 9 1
22 50 60 49 53 19 40 32 28 64 12 27 37 44 31 31 34 39 31 14
1 11 10 2 5 1 1 1 4 1 1 3 6 1 1 1 4 1 1 1
12 52 41 27 36 8 14 5 33 38 6 26 24 21 27 8 20 21 16 6
9 31 37 31 31 11 23 8 19 34 4 15 17 23 14 16 24 25 15 3
8 14 21 15 15 5 12 8 5 19 1 2 7 12 7 10 8 11 7 1
25 55 49 33 50 29 35 10 30 42 13 31 29 29 36 22 16 32 17 6
19 52 38 44 48 34 38 19 37 37 19 36 36 36 36 31 20 35 26 24
8 23 33 32 17 5 9 15 14 24 1 16 14 26 10 22 15 14 17 6
4 36 27 27 37 16 20 2 19 28 6 17 16 18 22 16 9 21 16 4
10 23 19 10 14 11 17 4 4 16 4 5 10 14 10 1 12 17 3 1
1 7 6 2 11 1 1 1 4 8 1 3 4 1 1 1 4 5 1 1
3 66 51 59 45 45 46 14 36 50 20 34 36 49 44 35 32 46 19 29
2 12 13 12 7 1 3 1 5 4 1 5 1 5 1 5 5 3 3 1
27 60 68 53 58 33 45 26 40 67 12 31 39 53 37 30 40 45 23 14
9 53 56 56 48 29 31 20 43 51 7 38 30 43 37 35 32 35 22 16
12 25 24 18 30 12 20 21 11 37 4 9 14 27 21 14 13 28 14 1
3 12 8 6 10 1 4 1 4 7 2 5 6 3 5 4 4 8 5 1
18 69 67 50 36 15 28 7 38 49 8 28 37 47 31 28 32 38 29 15
7 9 13 15 22 13 16 15 10 26 2 4 4 14 18 12 14 23 6 3
7 19 22 9 11 2 5 1 1 18 1 1 1 13 6 2 4 8 3 1
17 53 56 32 27 10 24 4 25 43 6 13 26 40 19 24 21 34 26 7
19 60 51 33 39 28 34 9 31 42 10 27 35 33 29 14 22 32 14 7
3 16 9 6 9 5 10 2 5 10 1 6 7 5 3 1 6 9 1 1
24 40 41 39 36 17 31 14 12 46 19 18 21 38 24 31 17 39 34 13
1 14 17 22 10 2 1 7 6 18 1 8 7 17 8 12 8 12 10 2
1 23 23 22 25 3 7 1 16 19 1 15 12 9 8 8 11 10 9 1
5 18 13 7 16 10 15 6 8 17 1 7 8 11 10 3 10 18 5 1
1 25 23 10 19 1 3 3 19 30 1 10 16 11 12 7 10 15 11 1
22 49 50 42 56 21 37 19 39 48 9 34 29 28 37 20 31 28 19 13
10 56 47 38 33 19 25 13 39 38 1 34 41 26 24 15 23 20 12 12
7 10 18 13 22 10 16 9 10 22 1 5 1 15 11 11 12 19 7 1
6 28 32 20 15 3 8 2 11 20 1 9 15 15 5 5 15 8 2 1
15 56 62 43 46 20 27 24 37 55 7 29 31 46 32 24 35 35 22 11
6 19 17 7 13 10 16 2 1 24 1 1 7 14 10 1 9 21 2 1
7 24 20 21 16 9 14 8 8 24 1 10 15 16 10 7 12 18 8 1
13 21 20 16 20 9 13 7 7 25 9 6 6 18 17 8 11 22 9 1
5 45 42 40 34 27 27 14 44 26 1 38 25 26 31 19 34 21 6 15
1 7 4 1 3 2 4 1 1 9 1 1 1 4 1 1 4 6 2 1
17 39 37 46 47 22 33 15 15 44 13 21 26 35 28 37 4 34 30 11
6 57 51 33 26 9 20 13 44 42 1 20 30 36 33 20 30 33 21 14
12 29 31 18 31 4 14 13 9 33 3 14 20 21 16 15 7 24 14 1
3 24 19 8 6 1 4 1 8 7 1 4 6 12 2 1 9 5 2 1
12 22 20 1 24 12 17 3 7 18 6 3 3 14 16 3 7 18 4 1
7 49 46 38 44 34 38 15 45 52 4 26 39 40 39 27 28 43 19 13
1 13 9 5 3 1 6 1 1 9 1 1 4 6 1 1 3 3 1 1
1 37 32 31 14 18 19 1 24 13 1 18 24 18 13 7 20 13 1 6
20 49 46 39 48 17 30 14 27 51 19 22 23 40 33 39 17 45 42 15
23 66 66 60 59 41 46 32 49 63 9 42 39 60 50 41 35 54 25 19
17 36 41 22 40 17 24 12 29 40 5 19 15 30 25 18 21 30 13 4
21 49 52 42 36 22 30 14 16 53 14 17 23 45 27 27 19 40 28 2
20 74 65 62 55 46 48 9 38 57 24 37 34 53 52 41 32 51 27 26
6 17 14 1 9 1 6 1 1 8 1 1 3 6 4 1 1 7 1 1
21 61 60 58 50 36 42 23 45 53 18 36 44 41 45 30 52 45 25 34
2 20 18 22 25 12 14 9 13 23 4 15 17 14 15 14 3 13 13 2
1 53 50 52 25 31 33 14 23 56 13 18 25 56 32 36 26 47 29 25
3 18 17 6 1 1 4 1 9 15 1 4 4 13 3 7 6 9 10 1
13 33 35 35 33 17 30 14 15 41 5 14 19 29 19 21 14 29 22 1
6 37 33 29 26 15 20 9 23 25 1 25 32 17 13 11 15 10 8 1
2 13 12 8 5 10 15 2 2 11 1 1 8 8 4 1 11 12 1 1
7 25 26 17 32 10 15 8 14 36 6 10 14 18 21 11 13 23 12 3
10 29 34 27 36 7 25 11 17 38 3 14 18 17 18 14 19 23 14 4
21 33 29 19 32 23 29 10 15 32 15 14 9 25 26 15 15 30 14 1
1 24 21 20 18 12 14 7 24 14 1 16 8 14 12 6 21 13 1 3
10 57 53 49 46 16 28 23 41 43 1 39 42 30 32 17 36 28 14 8
37 52 59 45 44 27 45 25 23 53 20 20 36 47 33 34 30 46 26 22
32 60 62 45 60 30 49 31 39 67 26 34 41 44 48 20 43 47 29 18
8 37 29 21 34 17 18 4 19 32 11 12 6 29 26 12 18 32 16 9
1 26 22 23 13 13 14 1 14 17 4 13 5 21 15 13 16 21 8 10
9 34 27 14 24 6 9 5 19 26 3 13 11 17 12 5 12 20 10 1
21 50 50 39 40 28 35 14 23 42 7 22 36 35 28 23 13 31 13 9
1 16 16 9 13 1 3 1 10 12 1 8 6 7 3 2 10 8 5 1
16 44 42 27 30 20 25 3 18 37 7 15 26 28 20 11 15 23 10 4
1 16 16 9 9 1 5 1 10 5 1 9 7 5 1 2 10 2 1 1
29 62 60 54 51 28 45 20 34 54 13 35 44 41 35 32 31 40 26 18
2 14 16 12 4 3 3 1 6 4 1 7 1 7 5 4 10 8 1 2
6 54 49 43 31 18 23 8 38 33 1 37 28 24 27 15 32 19 7 16
9 34 26 16 19 11 17 3 13 23 3 12 17 19 13 5 3 15 7 1
1 8 5 1 9 1 1 1 4 3 1 3 4 1 1 1 3 3 1 1
1 15 17 15 1 5 5 1 10 4 1 10 1 10 6 7 13 6 1 6
5 50 36 37 42 34 38 10 30 43 11 21 29 38 33 26 16 40 23 14
6 35 27 32 40 28 32 14 27 43 10 21 23 31 27 17 28 36 17 11
5 25 31 12 14 1 4 1 19 26 1 7 15 20 8 18 8 14 20 5
1 12 11 5 10 3 6 2 9 9 1 1 1 8 4 1 10 8 1 1
9 42 40 32 24 7 10 14 23 27 1 25 26 27 12 15 20 18 12 6
3 31 28 23 24 15 21 21 22 38 1 14 24 33 14 18 15 26 19 1
1 10 13 9 7 1 5 4 1 13 1 1 8 6 1 4 1 6 2 1
