1000 20 10 1933
5 4 3 2 6 0 4 2 1 3
10 3 12 4 9 9 9 4 11 18
2 10 7 3 13 22 0 13 5 11
17 2 12 2 5 22 12 2 9 16
13 17 2 13 20 5 20 7 2 2
4 4 3 5 8 2 7 0 3 3
2 4 22 5 9 7 18 3 9 13
7 1 1 3 30 4 12 6 13 16
3 6 2 6 3 0 3 4 2 3
11 12 7 1 3 5 5 9 3 6
4 1 2 10 0 8 11 4 8 5
4 1 2 3 2 1 7 1 5 0
0 6 1 5 4 12 1 2 3 8
12 9 8 4 4 8 2 3 2 2
16 14 14 3 0 10 12 5 12 9
4 0 3 1 6 2 4 7 2 3
13 34 7 7 5 2 6 1 4 9
1 4 5 3 6 3 8 6 3 9
7 0 6 3 4 1 1 0 5 0
6 5 5 2 1 4 6 2 2 1
1 31 13 17 4 3 5 0 2 8
2 10 5 0 7 1 12 3 10 5
8 20 5 9 10 13 14 2 13 17
15 13 1 10 5 13 17 9 5 19
12 4 3 4 3 3 8 10 6 5
15 4 12 20 2 2 5 3 6 13
1 2 7 2 11 1 9 5 2 1
8 9 6 21 17 9 1 8 1 7
9 1 6 16 5 10 7 10 24 14
2 1 5 1 3 2 7 6 1 1
6 10 7 8 13 1 5 3 11 6
7 4 4 1 5 7 7 9 0 0
5 3 12 19 7 24 7 10 4 1
6 2 3 2 2 17 22 5 7 3
24 1 18 0 1 8 3 14 3 11
3 5 1 2 3 3 5 11 1 5
18 6 1 17 1 5 3 2 5 6
15 10 1 3 10 18 6 9 10 6
1 2 9 10 10 21 21 8 1 12
3 0 17 21 2 9 6 14 2 7
6 7 9 11 8 0 3 17 8 0
8 11 5 10 1 6 20 3 7 24
8 1 9 8 10 5 3 2 4 9
13 11 13 12 2 6 4 11 3 14
7 2 9 3 0 3 1 1 4 2
10 9 8 1 7 3 19 1 1 0
2 10 6 5 0 5 1 8 8 5
1 5 2 6 0 3 5 7 1 5
6 7 2 5 0 4 2 13 1 7
1 6 7 6 4 8 1 7 2 3
1 6 1 5 3 1 2 2 2 3
3 21 10 7 15 6 1 20 4 11
5 6 6 10 2 2 3 16 7 2
2 11 2 5 14 16 6 10 9 8
9 7 8 4 4 2 14 8 12 3
12 7 16 13 11 1 4 1 7 1
16 10 22 6 15 11 15 6 3 9
2 7 9 5 3 5 3 1 2 5
3 5 11 0 2 4 18 6 13 1
11 9 8 9 10 10 10 8 1 3
6 11 11 26 1 2 0 13 6 3
1 1 2 6 1 2 0 5 5 5
14 9 13 8 6 4 7 5 1 16
10 4 0 1 11 3 13 5 6 15
14 19 13 3 8 10 12 0 10 7
4 8 3 3 8 0 1 0 24 13
7 7 3 8 3 5 3 16 5 8
2 2 4 5 1 6 2 2 2 5
4 2 1 9 1 3 1 3 12 8
6 0 4 0 2 10 3 4 8 2
2 4 5 1 5 4 2 5 4 6
2 1 3 2 8 13 4 7 0 2
1 4 7 3 3 3 0 0 3 3
8 5 21 1 4 8 6 13 25 4
6 3 2 12 6 2 9 3 12 1
8 7 16 19 6 6 1 11 4 12
0 11 1 9 5 1 8 1 14 5
8 1 3 10 2 1 3 2 4 8
3 3 6 1 1 5 1 3 6 3
0 0 5 1 2 1 2 2 13 2
4 11 4 4 6 2 12 15 14 9
3 2 6 8 3 4 9 6 0 12
3 3 1 1 2 1 7 1 4 2
4 8 12 4 7 0 3 6 10 5
4 11 2 9 4 5 3 4 6 3
2 12 2 9 7 13 12 7 14 26
4 9 22 3 1 5 1 1 2 4
9 2 11 10 11 2 21 14 2 2
4 8 10 6 14 6 12 3 3 3
12 20 9 2 16 13 17 6 5 4
10 1 23 1 19 2 6 6 11 19
15 8 7 4 8 12 9 19 1 15
4 5 9 5 11 3 11 3 20 20
5 1 9 7 1 5 4 8 1 2
10 5 11 4 1 10 1 6 6 6
1 1 4 5 2 2 4 6 3 0
15 12 5 16 5 11 3 10 1 12
3 14 4 1 3 9 3 10 9 13
8 6 15 0 5 2 3 11 8 1
0 3 8 5 16 5 8 8 8 6
6 1 9 3 4 6 1 3 3 2
3 5 11 3 4 2 6 8 13 0
11 2 6 3 4 0 9 8 6 0
7 16 3 11 13 5 6 12 1 6
13 5 6 0 2 4 11 3 2 6
3 1 4 1 6 1 3 3 7 4
11 11 12 6 8 7 19 5 10 0
10 0 2 3 5 4 1 8 10 8
1 1 3 14 14 8 2 12 6 0
6 1 18 8 8 7 15 5 4 9
4 1 1 2 1 5 5 1 0 4
17 5 3 14 2 0 5 20 11 2
0 2 11 1 18 8 8 15 8 3
3 3 12 4 7 7 2 5 2 11
4 5 2 1 0 4 2 4 2 8
12 9 15 4 2 20 8 0 7 5
13 6 2 5 6 3 4 3 18 27
10 9 1 5 8 8 9 4 0 12
15 4 6 11 7 8 4 1 2 1
3 12 11 3 4 6 4 9 1 17
4 11 12 8 4 4 5 13 1 3
1 2 2 3 2 6 4 2 3 5
5 0 11 7 9 4 0 3 5 5
2 2 8 9 0 1 0 16 2 7
14 3 0 5 3 30 13 11 4 5
1 5 5 5 7 9 6 2 6 8
1 3 2 8 4 2 4 15 1 3
4 6 7 1 7 3 7 9 5 1
9 1 9 1 5 1 7 16 10 7
5 10 4 10 0 11 4 3 4 7
5 6 11 5 0 5 8 2 9 5
12 13 7 8 4 2 10 3 14 4
22 5 1 12 8 15 2 3 11 12
1 4 9 5 2 3 4 2 3 4
5 2 1 27 2 7 12 19 6 4
2 1 4 6 2 4 7 1 4 2
0 1 13 5 10 4 4 5 16 5
8 2 2 14 7 1 2 18 2 7
5 1 17 6 2 2 6 3 2 7
1 2 0 9 1 3 1 4 8 4
0 8 6 10 1 2 16 6 20 15
7 4 3 2 1 4 5 0 3 3
12 3 5 2 1 24 2 1 7 3
8 1 3 6 3 19 3 17 4 3
16 12 6 10 9 14 4 16 10 3
5 2 3 3 8 4 4 3 5 3
3 18 12 3 18 1 7 15 0 10
1 6 1 11 4 1 9 0 6 7
2 4 3 1 6 1 5 3 9 3
3 1 3 8 30 4 7 16 11 11
0 4 5 11 4 2 5 1 3 6
6 1 6 3 9 0 4 4 6 5
5 0 5 0 4 3 10 3 8 2
1 21 2 11 1 31 1 4 2 8
2 12 7 28 12 6 11 7 0 14
3 3 4 8 7 3 11 2 1 0
3 1 4 8 19 4 4 8 9 10
14 3 4 16 8 2 12 3 9 1
15 0 11 1 4 12 9 2 4 7
4 1 8 4 0 3 8 4 3 6
8 1 6 1 5 12 3 5 6 3
2 2 1 3 8 2 1 2 4 3
3 26 14 1 10 7 0 6 7 13
3 1 5 13 28 6 13 7 12 4
15 8 1 2 11 4 11 13 12 2
4 11 2 0 6 7 1 16 4 9
14 2 16 2 8 14 23 6 8 5
11 4 2 9 13 2 4 20 1 5
3 2 9 3 6 4 8 8 1 0
14 13 14 13 14 10 8 6 5 3
1 7 17 1 4 10 11 9 7 17
7 6 3 13 3 4 9 6 7 0
4 1 11 1 1 5 13 3 3 2
11 1 2 2 4 4 12 13 8 2
10 0 19 11 3 2 11 6 10 11
7 8 12 2 4 8 18 4 11 2
2 3 5 2 6 1 4 2 0 2
5 1 6 8 4 1 2 4 2 9
2 1 12 13 0 4 7 8 11 12
0 5 10 1 4 1 1 6 10 1
1 8 4 1 3 3 5 2 5 13
2 2 13 13 1 7 8 9 16 18
5 2 7 6 5 3 2 7 0 4
1 7 9 8 5 1 6 4 10 4
0 4 5 0 2 5 5 1 1 3
3 1 5 4 3 3 1 3 14 3
14 4 7 9 7 3 12 5 15 10
8 10 0 7 1 1 7 1 1 0
6 9 16 10 10 1 3 9 5 11
7 7 9 5 6 5 1 7 12 2
10 2 2 7 10 14 6 4 12 2
4 5 8 10 2 20 6 8 0 0
12 4 5 11 10 5 5 4 2 11
10 2 4 6 7 4 3 5 3 8
9 15 20 1 4 3 11 1 18 10
15 3 9 2 24 3 10 2 24 3
1 14 22 0 15 7 11 3 16 1
15 4 13 3 4 5 7 1 8 10
14 1 4 6 16 1 6 14 19 7
7 6 6 4 17 10 2 2 1 1
8 1 8 1 1 5 2 4 0 1
22 0 8 3 1 8 1 18 1 1
9 3 9 10 6 3 0 2 2 7
0 4 1 1 7 8 1 1 2 1
2 6 19 9 15 10 2 6 6 18
7 6 6 4 4 4 0 0 0 8
3 1 6 2 3 9 7 3 2 5
6 1 1 12 12 14 1 1 10 0
7 4 7 4 2 5 16 1 5 9
3 3 3 1 8 4 2 6 3 6
3 1 10 13 1 3 15 17 11 13
8 2 3 0 10 15 6 4 3 5
8 8 4 1 11 6 3 8 14 2
2 9 22 7 2 9 0 3 15 5
11 12 1 21 6 1 2 4 3 1
2 3 10 6 2 1 1 8 6 6
2 16 18 0 12 11 11 1 3 9
3 9 1 14 2 10 7 11 9 9
18 0 2 2 6 5 4 0 5 13
8 0 13 2 4 6 8 10 3 4
1 5 5 3 5 0 3 3 4 0
6 14 9 2 2 5 7 6 5 7
2 20 3 22 1 5 2 1 12 15
3 4 2 7 5 0 2 3 8 8
4 4 11 12 0 9 11 14 1 22
14 6 5 12 6 7 6 4 13 4
1 9 0 1 3 0 6 1 7 1
3 7 10 6 21 24 10 1 1 9
12 2 18 17 1 19 7 2 1 8
23 10 14 16 7 14 1 7 2 6
1 11 5 4 13 6 0 16 11 3
14 14 10 3 5 20 11 2 8 13
12 1 0 4 16 13 19 7 1 3
3 6 0 0 8 2 5 0 4 5
13 2 0 1 2 0 8 4 7 8
1 12 3 2 6 8 10 14 9 8
8 6 10 4 12 2 4 3 5 5
19 4 1 5 6 5 5 12 5 3
5 3 16 3 0 7 3 1 1 1
16 14 1 7 6 13 15 6 4 13
8 2 1 3 5 3 3 5 4 4
12 10 1 13 19 7 3 6 3 1
16 7 2 15 7 18 8 5 8 17
8 0 11 8 7 3 11 1 3 13
7 0 2 5 5 2 4 0 7 4
6 8 24 2 16 7 2 1 8 4
14 8 2 6 3 7 15 7 8 2
0 7 2 3 4 2 8 9 4 7
3 2 11 12 3 15 3 6 7 1
3 2 6 13 7 16 7 14 3 1
2 0 5 3 9 7 5 14 5 4
6 3 5 10 2 1 6 3 4 3
1 20 14 8 16 5 23 4 7 0
3 3 15 6 17 2 12 16 6 3
1 9 8 4 1 0 5 4 6 5
17 6 7 5 1 2 9 14 2 4
19 6 8 7 11 2 21 11 2 1
1 2 9 6 1 0 2 3 18 2
5 6 6 5 4 3 6 10 6 2
9 4 12 9 6 2 8 16 1 2
21 5 0 2 8 15 6 10 2 20
5 3 6 17 7 3 6 2 1 11
2 9 6 1 3 1 0 1 1 6
3 1 2 8 7 14 11 9 9 14
3 6 10 11 8 5 9 11 13 6
8 8 12 5 2 5 7 17 8 5
3 8 3 4 11 5 4 3 10 22
4 0 4 0 5 0 1 4 2 10
10 21 5 3 14 1 10 10 8 11
7 8 4 3 11 2 8 7 19 5
3 5 1 0 6 2 4 2 4 2
0 16 3 17 4 3 3 16 5 4
1 3 5 7 3 2 2 0 1 4
24 5 4 2 15 3 4 2 5 13
9 9 3 2 10 8 1 5 6 4
9 8 13 19 9 9 0 9 1 2
16 9 5 27 1 1 6 2 5 4
6 15 6 1 1 1 3 7 3 6
12 1 9 3 5 8 8 2 3 8
3 1 11 5 5 3 5 0 4 3
12 7 2 0 3 9 11 0 3 7
3 1 6 6 4 9 12 0 1 0
2 9 4 1 4 9 1 7 4 1
2 13 1 1 13 2 7 18 4 16
9 12 5 6 9 16 6 2 13 5
7 0 1 1 7 10 15 28 4 5
20 3 9 6 5 7 10 8 5 17
11 4 5 4 7 11 6 12 7 0
3 9 1 5 1 0 2 10 6 1
1 11 6 1 3 2 5 1 3 1
0 13 1 3 4 5 8 7 5 7
6 7 5 4 5 8 11 2 1 5
26 18 2 1 3 16 9 11 0 2
1 13 6 6 6 1 3 7 18 0
3 4 2 8 12 25 9 21 5 11
1 4 2 0 13 1 2 2 2 7
22 0 4 9 16 1 2 5 12 1
3 7 1 3 12 3 7 4 15 1
5 4 4 3 2 0 0 0 7 0
2 4 1 7 1 5 5 5 4 2
0 3 5 17 1 18 1 6 4 4
13 1 9 16 5 7 15 3 3 7
7 14 1 3 15 9 7 22 7 11
2 3 1 7 3 1 0 7 7 3
4 15 1 6 9 15 7 8 6 4
4 3 3 3 4 4 1 5 6 3
1 9 4 2 12 8 8 7 15 7
4 2 1 4 7 3 4 4 1 6
5 8 8 3 17 6 5 7 3 1
1 4 5 5 2 3 10 2 0 0
11 5 6 7 13 11 11 3 3 2
13 5 1 4 6 3 2 3 8 5
4 0 2 5 2 10 12 1 19 15
1 2 2 9 7 8 12 1 3 4
5 2 6 1 0 1 12 13 9 6
11 13 18 18 15 12 9 9 2 6
0 1 1 3 5 3 1 5 4 4
10 2 2 2 14 14 5 2 1 9
10 13 7 19 3 3 7 0 2 12
2 7 3 3 1 2 1 1 4 5
1 9 0 2 4 3 12 16 13 10
1 3 3 12 12 10 13 18 0 0
4 2 10 10 9 29 1 16 5 0
5 3 7 1 4 9 2 0 1 0
2 15 25 7 4 15 0 4 11 0
16 5 18 8 5 8 3 7 7 12
7 12 4 13 0 2 5 2 5 3
11 6 10 16 0 2 8 1 2 6
1 1 1 19 1 5 1 2 0 1
3 10 5 7 2 6 3 3 2 17
0 3 4 6 7 2 2 11 6 2
7 1 2 3 6 2 14 4 1 0
5 6 3 2 4 2 2 3 2 9
11 17 2 12 14 0 10 2 1 10
4 2 6 15 20 5 4 11 10 11
9 6 0 4 3 3 12 12 2 9
12 9 11 7 12 10 4 11 3 9
10 10 6 10 11 15 10 19 15 1
3 4 4 1 9 17 5 1 8 18
15 1 6 1 15 5 14 2 8 17
11 12 1 5 1 15 2 4 4 3
13 9 18 10 10 9 10 16 1 11
9 11 4 3 9 1 0 8 21 2
7 0 4 3 4 11 1 2 2 1
19 12 6 2 15 8 4 10 15 5
0 11 11 21 15 3 3 9 13 1
4 10 10 2 9 3 15 10 5 4
6 26 7 5 9 12 2 15 20 2
2 13 17 5 17 12 7 13 1 11
10 20 2 1 1 5 7 7 7 10
4 9 8 4 7 9 14 18 8 6
10 2 4 20 1 4 5 9 13 4
0 4 1 2 3 8 5 3 7 15
2 9 1 10 5 2 2 3 4 11
0 14 6 15 13 7 2 4 2 9
8 11 0 7 12 1 4 0 9 3
20 2 2 11 1 1 23 4 4 13
12 1 28 12 4 7 0 5 8 9
3 10 9 7 11 14 3 2 2 2
6 11 2 4 1 1 1 3 1 1
6 4 8 0 5 15 4 11 2 2
10 6 6 2 2 13 5 2 8 7
10 24 2 17 4 1 2 4 2 5
13 13 6 0 4 1 10 4 6 5
5 7 5 7 3 16 6 12 6 5
6 1 11 4 20 5 10 5 5 5
4 5 3 7 11 0 13 9 8 3
5 7 9 11 17 14 8 2 9 18
0 2 18 22 8 12 6 12 7 0
7 3 8 0 15 11 9 3 4 6
9 5 8 1 10 9 7 11 12 13
6 2 4 1 1 2 5 1 3 2
6 3 5 11 5 0 6 2 9 1
1 4 12 6 4 3 1 9 1 5
10 5 2 10 15 6 1 24 11 6
2 3 0 0 12 8 3 1 7 3
2 12 6 1 3 1 0 1 0 4
2 2 5 4 13 17 19 8 17 12
11 1 25 8 6 19 5 0 11 13
2 5 9 1 7 18 9 6 2 4
0 5 0 9 5 5 1 0 4 0
14 2 0 11 5 11 5 2 8 4
8 12 19 10 12 1 9 21 4 1
3 3 15 2 2 1 8 1 0 0
5 7 10 9 5 7 4 5 2 8
3 4 5 4 11 9 3 4 3 12
3 2 9 10 4 2 11 8 7 11
14 3 5 5 23 4 0 11 8 14
7 2 0 6 2 4 1 1 0 1
2 4 4 4 6 7 2 2 0 7
4 8 6 2 11 2 4 4 2 15
14 10 3 15 1 8 12 2 19 8
0 12 5 7 3 9 16 1 3 9
16 6 2 2 12 2 9 7 16 7
8 18 11 10 12 15 5 6 5 22
2 9 14 2 5 8 10 3 24 6
3 1 3 2 9 2 3 5 11 4
1 12 5 2 5 12 9 9 4 4
4 1 5 12 7 4 4 6 5 9
3 3 3 0 3 7 2 6 5 0
2 2 11 9 13 9 4 2 17 22
15 20 5 0 22 3 3 17 5 11
1 3 2 4 7 1 4 1 1 4
4 3 4 1 13 0 4 2 5 4
12 14 7 6 14 12 7 2 6 9
1 3 9 15 23 4 7 7 12 7
5 5 6 5 7 1 2 5 7 9
10 5 4 1 13 5 14 1 1 0
24 9 3 0 13 16 14 4 6 2
5 10 3 15 11 7 7 4 9 9
7 8 13 6 5 2 28 5 4 0
7 13 8 11 3 6 7 16 2 13
4 6 2 2 1 4 1 5 2 0
5 17 3 16 5 1 5 7 4 4
8 2 5 6 7 3 5 4 7 3
3 2 3 5 2 9 6 2 6 4
5 16 6 2 5 15 8 5 1 5
7 6 7 8 8 6 3 2 2 8
13 7 6 1 7 22 7 2 13 4
7 3 9 1 18 14 15 4 3 6
7 12 8 2 9 0 11 3 5 7
6 8 1 3 6 1 4 8 3 3
5 6 3 2 8 7 2 12 4 1
10 5 11 1 0 9 7 3 24 19
1 3 6 10 6 8 3 5 14 7
11 9 9 5 16 9 15 6 11 2
9 4 5 8 1 8 2 2 1 12
0 0 2 0 5 4 15 1 8 2
1 7 2 1 1 3 10 6 4 4
6 8 5 10 6 16 11 12 10 7
4 10 3 5 8 2 12 10 19 2
2 1 1 1 1 1 3 19 5 1
7 5 11 2 16 13 9 1 8 1
6 7 7 15 5 0 11 15 2 16
3 11 1 7 10 4 1 1 2 5
1 25 16 1 0 4 4 16 2 16
4 3 1 4 10 3 3 9 2 9
12 4 9 11 13 3 6 1 8 5
4 4 7 3 14 9 5 0 2 6
2 1 8 13 3 12 15 29 6 6
8 10 1 14 7 3 3 10 8 3
8 0 1 4 10 13 13 9 22 7
8 3 0 1 3 0 1 3 24 8
10 14 19 12 4 12 4 0 0 7
5 0 2 20 3 6 7 12 7 12
4 6 5 5 1 9 11 1 3 1
8 9 7 6 2 1 5 17 14 3
3 5 1 3 4 4 1 5 2 1
9 3 5 8 3 5 0 3 2 3
2 4 1 11 15 3 0 0 9 8
4 11 19 9 5 7 4 4 20 4
1 5 0 7 10 6 1 1 8 1
4 7 1 14 29 5 18 3 4 1
4 14 7 14 21 7 4 1 3 2
1 32 14 5 2 6 1 12 8 1
8 22 4 2 9 2 15 4 5 5
0 2 4 4 5 8 5 5 4 8
5 11 7 5 9 3 3 2 22 2
2 4 0 1 4 5 4 19 1 5
7 2 4 3 11 3 10 8 3 11
15 11 15 3 2 6 1 18 8 9
4 1 2 4 1 0 1 6 5 3
3 6 3 14 30 1 13 8 6 4
2 4 3 3 0 3 6 2 3 9
2 25 9 1 11 11 15 2 9 16
4 4 3 10 24 12 20 11 1 0
3 0 2 5 5 5 2 7 1 0
5 2 8 4 5 18 13 5 2 8
10 4 8 16 4 12 11 15 4 7
16 3 4 0 10 3 19 4 7 5
7 23 7 7 3 1 7 6 2 5
10 6 5 6 1 9 5 2 4 1
3 1 4 2 0 9 11 7 4 1
7 13 10 11 8 15 19 15 6 11
2 4 0 2 2 2 3 9 1 4
5 13 23 0 7 5 16 5 7 4
0 4 0 10 8 3 2 3 9 2
1 5 11 8 23 0 8 8 17 1
16 1 9 22 3 6 2 8 20 1
9 7 10 24 11 5 14 2 3 2
11 13 7 15 15 15 15 3 2 14
21 8 4 11 2 6 3 9 4 21
1 3 9 8 1 1 0 2 2 4
2 3 6 1 19 1 8 9 23 8
5 2 2 2 5 3 5 3 4 1
14 10 6 17 2 4 20 5 0 1
9 5 3 5 6 35 10 5 1 1
4 11 17 7 19 7 14 6 6 1
7 5 4 13 6 7 10 0 1 1
6 5 7 4 9 3 17 19 9 10
1 7 5 1 1 0 5 6 4 9
3 6 7 8 13 1 12 4 4 3
2 1 10 4 3 7 4 11 0 8
1 4 3 7 2 1 4 6 13 9
15 4 2 10 17 12 4 4 2 3
5 3 2 1 1 0 4 2 8 7
7 4 1 10 10 5 1 9 2 12
3 3 1 6 5 8 0 2 4 2
3 2 1 0 1 1 6 1 7 4
0 3 2 4 1 6 4 5 6 1
1 13 6 8 12 3 23 9 8 22
7 2 2 6 9 9 7 9 7 0
4 10 4 0 6 3 2 11 8 3
3 3 3 5 8 1 7 3 8 5
6 4 11 0 1 9 18 2 3 9
16 8 6 12 7 11 20 10 4 14
30 2 5 5 4 11 8 3 7 2
5 7 3 16 6 3 6 10 5 10
4 11 2 7 15 11 1 4 11 2
3 12 9 5 20 11 22 0 7 9
11 3 9 1 2 20 15 13 1 4
12 10 1 10 6 12 3 6 1 7
8 6 20 0 2 9 19 3 5 14
7 16 9 11 0 13 8 10 21 12
7 16 11 0 5 11 4 17 14 1
3 3 4 5 7 5 9 8 3 2
4 8 14 21 4 3 8 7 13 5
16 0 5 2 18 1 9 7 3 8
3 2 6 6 3 1 3 3 3 0
20 5 8 16 18 9 9 16 9 6
5 6 1 8 3 6 6 4 4 18
11 11 11 2 5 2 25 5 4 8
3 8 3 9 1 3 8 9 2 3
5 10 5 18 18 2 10 13 0 19
4 6 26 7 2 13 10 9 7 5
0 4 9 1 11 1 7 7 1 3
5 1 3 1 4 0 8 2 4 4
2 10 8 2 2 11 1 3 1 6
9 5 7 8 1 7 7 6 13 5
11 0 0 8 22 18 3 0 13 8
1 8 9 6 14 15 15 5 4 3
6 15 7 2 9 18 2 11 10 12
17 11 9 7 9 17 16 1 15 11
16 1 27 7 14 3 8 3 0 0
0 13 9 5 0 11 7 9 5 10
12 5 11 11 5 4 3 6 2 4
5 5 5 1 9 13 4 15 5 6
0 5 9 1 11 4 2 3 0 9
11 1 8 12 16 5 3 2 2 5
5 10 1 3 4 9 7 2 2 14
6 13 1 6 6 1 0 4 13 1
9 3 5 13 14 6 28 11 3 6
1 1 7 0 3 24 7 3 6 12
4 3 3 13 8 2 5 1 10 9
11 11 1 15 10 3 5 15 7 10
19 5 8 13 5 11 25 2 1 6
4 10 2 11 19 14 7 13 10 11
2 1 2 2 19 13 6 16 11 20
2 5 3 7 2 1 5 6 4 3
0 0 18 5 2 10 7 11 14 3
16 8 3 16 11 2 21 6 6 2
7 10 24 2 9 8 1 4 9 2
5 4 9 2 4 7 13 2 3 0
1 1 7 7 6 1 1 8 6 4
1 5 3 2 5 7 5 1 8 1
11 1 1 3 1 4 2 3 4 3
4 1 2 1 4 6 4 2 0 4
9 4 2 1 3 13 0 7 1 4
5 4 7 12 7 2 9 7 2 1
12 15 18 2 5 13 21 8 11 3
3 9 2 0 3 3 0 3 4 5
9 11 11 2 11 5 2 4 4 3
13 5 9 13 8 21 3 4 14 9
0 2 7 13 12 31 12 8 6 4
9 5 4 9 3 13 4 18 1 2
4 4 3 18 20 5 3 4 17 1
10 14 23 4 11 2 13 5 16 4
16 12 5 8 0 16 7 7 3 5
10 21 6 10 15 2 8 11 13 12
7 9 8 3 14 4 6 5 11 4
2 0 9 5 10 5 2 1 8 8
8 1 4 9 3 9 9 5 11 9
12 3 1 2 6 12 14 3 10 10
9 5 8 0 15 14 7 14 2 8
15 11 2 6 9 10 1 7 1 8
6 13 6 12 3 17 19 20 2 1
6 9 1 5 4 4 2 3 6 6
0 6 3 4 1 11 6 0 8 1
15 8 8 2 14 8 5 6 7 26
5 1 13 20 11 5 3 8 5 5
6 14 7 4 15 6 1 11 11 1
4 12 3 17 4 4 12 4 6 4
1 2 2 5 0 9 13 4 12 0
10 1 16 9 8 6 5 13 14 21
3 8 6 4 6 7 8 8 12 13
1 4 5 10 1 1 1 12 5 6
11 1 16 13 0 2 8 2 28 11
8 15 1 9 3 14 2 1 4 1
7 1 7 2 9 5 10 5 11 14
1 1 3 4 5 3 2 5 5 1
0 7 0 5 3 6 10 3 1 9
5 2 1 10 5 16 7 1 1 0
2 6 14 1 4 5 2 4 6 9
5 1 12 14 1 8 11 22 0 3
3 8 6 1 2 4 1 5 7 2
17 1 11 12 12 6 11 9 4 5
1 0 5 3 1 4 1 10 2 5
8 11 7 12 4 2 4 4 13 10
5 5 7 1 1 7 4 0 3 16
5 14 9 5 1 9 8 5 17 5
2 6 9 17 1 5 3 18 5 0
8 5 6 9 2 3 6 5 0 10
2 13 7 5 6 9 0 2 0 10
2 4 3 0 9 4 2 1 4 2
0 1 4 10 2 2 5 6 7 1
5 9 2 10 9 0 6 4 2 2
3 0 3 1 12 1 1 3 11 3
4 0 0 1 4 6 8 5 4 6
21 5 11 18 11 2 6 16 9 4
9 12 6 2 4 2 1 3 0 3
7 7 7 16 8 1 18 7 2 4
1 17 12 2 6 5 6 2 1 6
14 5 0 5 4 9 6 12 6 1
1 4 6 8 10 16 3 0 3 2
5 1 4 3 10 2 9 6 2 1
1 0 0 4 1 2 1 6 4 7
9 4 4 8 0 5 4 6 14 10
2 3 6 4 3 10 2 2 4 14
1 4 3 13 3 1 8 6 5 0
2 1 4 2 4 7 4 4 5 0
0 5 1 1 2 4 3 6 6 2
4 4 8 3 14 23 13 0 2 16
7 7 1 6 0 14 9 16 12 5
4 5 2 4 1 5 2 8 4 10
11 3 13 11 9 0 9 9 15 1
4 12 0 2 17 3 2 1 11 10
6 14 3 12 7 6 3 11 1 6
7 9 7 19 4 3 16 8 1 2
3 17 10 0 7 1 18 5 4 2
12 14 20 10 4 11 7 3 9 17
7 1 8 8 0 4 1 5 2 2
14 2 0 4 12 15 3 4 7 5
5 2 6 4 6 9 16 8 15 21
3 10 3 6 7 3 1 5 4 5
15 12 3 5 16 4 8 23 5 8
2 10 1 3 14 2 0 18 5 8
1 3 2 4 3 6 2 9 0 3
12 17 7 5 8 1 15 1 17 15
1 3 6 0 2 0 2 8 9 2
13 4 5 4 9 7 7 0 1 3
0 8 2 12 15 9 1 2 7 12
9 8 15 4 3 3 1 7 7 6
14 4 5 3 1 6 18 2 5 5
12 18 18 1 7 6 4 3 12 4
3 6 5 8 0 6 4 2 11 4
1 14 3 8 10 5 8 8 7 5
1 1 4 1 2 4 7 5 2 1
15 16 7 8 0 7 3 14 14 21
1 8 5 2 1 5 4 5 6 0
12 7 1 3 11 5 10 11 0 3
11 19 3 4 4 3 11 7 4 12
17 5 9 8 13 6 6 9 13 22
14 3 12 20 7 5 5 3 14 6
6 8 4 8 2 2 9 0 12 8
13 1 3 1 8 4 8 7 3 19
5 11 11 5 13 10 9 4 10 1
10 23 10 6 13 21 1 5 0 2
19 11 0 4 21 4 3 4 10 13
0 11 6 1 4 1 0 6 0 0
12 2 7 3 3 2 5 3 13 7
19 5 1 6 8 2 18 26 1 8
5 5 0 0 9 5 4 2 2 1
3 3 0 1 5 1 5 7 0 2
13 1 8 7 1 6 16 8 6 11
14 6 1 16 8 3 7 5 6 8
7 5 4 4 4 1 1 8 3 6
0 3 15 11 5 0 15 7 8 10
1 6 9 6 4 2 3 10 1 11
0 4 3 14 11 4 12 3 21 11
4 8 24 6 6 14 4 19 15 1
11 5 6 2 2 17 4 18 4 8
6 7 19 1 5 8 0 30 1 5
4 9 4 1 15 4 8 9 6 5
4 10 4 8 7 8 4 19 2 11
12 0 7 1 0 10 13 2 9 5
7 3 8 15 7 8 23 8 2 4
6 0 6 0 12 9 6 0 0 8
1 2 20 1 3 3 2 13 9 5
10 2 6 7 3 6 4 0 4 5
2 7 1 1 5 7 4 1 3 1
2 9 8 7 11 3 4 15 18 8
7 0 2 2 7 3 3 8 5 2
12 2 7 14 2 1 13 11 1 0
8 6 16 18 3 5 4 0 5 9
4 4 2 0 7 10 4 13 13 2
19 4 1 2 3 11 3 2 4 2
17 20 3 6 7 6 2 9 2 15
1 2 0 2 1 4 9 3 4 4
3 3 0 1 1 13 3 9 8 1
3 6 0 8 3 0 0 1 4 3
11 18 10 6 13 5 7 3 3 26
1 1 1 2 3 3 7 5 3 3
0 1 3 1 6 0 6 5 4 2
5 0 4 5 2 1 4 5 4 3
11 13 1 7 12 4 5 0 12 23
8 0 1 3 12 1 4 10 2 5
3 2 5 6 2 7 2 4 3 6
12 5 4 13 20 2 5 0 2 2
9 3 2 22 13 3 16 19 0 5
5 6 6 15 3 3 9 1 5 6
7 4 0 1 2 2 6 0 2 1
7 16 11 4 13 1 9 5 11 5
4 1 19 5 4 8 8 9 5 0
3 14 20 4 4 8 7 5 9 3
6 4 8 7 1 1 7 3 4 4
4 8 0 5 0 2 2 9 1 4
11 4 6 8 1 5 2 11 13 7
18 5 3 0 9 6 16 6 8 1
7 1 3 1 4 3 10 3 2 1
6 6 4 3 3 7 18 4 12 1
7 1 3 3 4 0 0 5 4 1
7 3 11 3 6 1 7 1 12 0
7 14 3 7 4 1 3 1 1 15
9 17 1 3 17 5 6 4 8 16
11 9 0 5 5 7 23 0 5 0
0 8 4 3 12 10 4 2 1 7
10 3 3 1 16 6 10 9 2 5
11 3 23 10 10 6 8 12 17 13
1 7 1 9 12 10 2 6 3 4
4 4 7 4 2 1 2 0 1 1
7 2 3 8 3 5 7 1 12 7
2 4 7 2 1 1 1 5 9 3
2 3 11 4 8 0 3 5 1 1
1 2 5 4 7 10 4 9 10 4
9 1 9 10 0 15 5 5 1 0
2 4 1 2 7 0 3 2 6 1
4 2 11 15 17 1 9 6 10 19
3 0 2 1 6 4 4 1 2 4
4 16 9 3 4 11 9 0 11 14
9 4 3 4 7 2 0 3 2 6
1 6 4 4 2 5 7 5 1 11
21 4 5 8 23 5 7 8 17 6
1 1 0 5 1 1 1 11 4 8
13 4 13 11 5 8 1 3 5 8
32 0 18 2 1 6 4 5 4 5
10 3 10 10 5 5 3 15 3 12
11 5 8 6 2 12 14 0 3 5
19 7 0 11 6 4 0 1 6 6
0 4 7 6 3 2 2 3 3 3
1 6 9 7 3 1 3 4 6 1
9 6 17 3 15 16 17 16 7 0
7 7 9 1 6 1 2 7 6 6
10 8 3 5 2 0 12 1 0 1
12 6 12 9 3 6 13 8 9 0
2 2 15 6 9 2 6 7 2 4
14 3 10 6 0 26 11 4 3 1
3 1 11 26 8 7 18 3 11 10
5 11 2 2 6 0 1 18 4 7
7 0 10 1 4 10 3 4 3 14
10 12 9 13 0 9 7 21 9 4
0 4 1 1 3 4 0 12 4 4
0 8 5 6 3 6 2 2 2 1
5 4 3 4 3 1 5 4 5 5
4 0 3 9 11 0 6 5 6 8
1 3 3 1 3 3 3 2 2 7
2 8 1 2 1 0 4 3 3 2
6 14 4 8 2 8 7 7 8 8
4 2 2 3 0 6 2 3 7 1
1 5 7 4 10 8 13 5 14 2
11 4 8 3 4 6 6 5 3 15
7 14 12 4 1 13 13 5 4 11
5 0 1 4 2 1 3 9 4 1
5 6 4 3 10 9 3 14 9 3
5 22 10 1 1 8 1 9 3 6
14 2 4 7 3 12 9 5 3 3
19 6 7 15 1 4 4 6 3 5
0 14 11 2 12 0 6 20 6 11
1 6 6 3 3 1 9 7 11 15
3 1 7 3 6 13 7 7 2 1
10 2 8 1 5 7 6 1 3 0
14 1 3 11 0 3 6 1 4 8
12 11 0 13 22 1 11 13 6 9
8 9 20 7 1 8 4 10 3 3
4 12 15 4 4 5 5 8 3 19
8 0 5 0 6 10 3 4 2 3
4 2 0 4 3 5 6 4 2 3
15 1 11 12 1 1 3 7 25 3
22 0 12 4 7 4 10 7 4 1
1 8 1 5 4 0 2 2 8 3
4 5 3 3 3 3 8 4 4 3
16 12 7 11 1 4 1 8 6 9
1 2 6 6 4 10 6 7 3 0
15 9 14 1 14 13 9 3 0 15
3 5 3 1 6 1 8 15 4 11
6 1 5 3 1 0 2 6 4 5
17 17 9 8 14 14 3 18 7 4
8 6 3 0 3 3 3 2 3 1
9 7 9 3 11 1 1 9 15 18
12 4 4 4 13 20 4 1 17 5
2 5 7 4 4 2 3 0 9 3
3 2 1 3 9 1 5 6 2 7
9 8 9 3 11 2 2 6 16 3
8 5 9 1 9 4 6 2 18 13
1 4 4 9 2 11 3 3 3 9
0 7 2 14 4 10 13 8 10 0
1 13 12 6 7 24 7 2 7 13
8 8 4 11 9 1 3 9 4 18
4 7 6 1 1 3 1 1 5 6
4 0 8 3 0 2 1 1 3 2
0 18 4 14 7 5 2 7 6 4
3 1 8 5 6 6 0 2 8 15
0 4 1 0 1 7 5 4 6 1
1 5 1 11 13 0 4 7 2 13
9 22 12 4 2 1 0 10 7 7
3 3 11 2 12 26 8 8 15 14
1 7 20 12 11 5 4 6 18 6
3 18 2 7 12 19 6 3 13 21
12 2 17 5 4 15 12 3 6 7
3 0 7 18 9 16 1 21 13 13
5 34 1 1 3 10 5 5 0 3
4 0 8 0 6 5 4 4 12 4
7 3 11 7 2 8 5 3 1 0
15 6 2 6 9 24 8 21 5 6
3 0 11 3 12 3 11 8 4 10
4 5 14 2 3 7 1 13 14 7
9 20 9 4 3 6 8 6 12 0
1 16 19 22 6 11 4 6 8 1
9 6 5 17 14 5 1 3 1 9
10 11 7 2 9 14 9 18 7 9
7 5 11 11 2 2 0 3 8 8
6 8 18 9 7 1 10 5 12 1
6 5 14 32 8 2 1 9 11 1
15 6 1 1 11 6 12 22 6 3
23 15 16 11 0 11 0 2 3 6
0 1 7 3 0 4 3 5 5 1
2 4 5 2 3 3 2 6 2 1
2 2 3 0 3 3 3 1 3 11
15 16 5 10 1 7 17 2 5 0
24 7 1 13 7 4 5 6 8 3
10 6 3 16 14 9 5 7 3 19
7 1 9 15 2 5 6 20 2 1
3 2 0 5 4 6 2 2 2 6
2 7 4 1 3 3 6 3 6 2
1 18 6 11 3 8 4 1 1 3
0 6 15 4 9 1 6 3 15 0
8 5 6 5 10 2 8 9 1 4
10 2 6 8 1 1 12 16 17 11
17 4 14 6 13 16 6 10 4 6
6 4 10 8 17 12 8 15 14 3
3 2 1 5 4 1 8 4 8 1
2 6 1 2 4 5 15 7 6 9
1 3 1 3 1 4 13 3 10 6
1 9 4 2 5 0 9 9 8 2
7 12 5 16 1 12 6 11 15 14
3 11 7 2 6 1 3 2 14 6
7 11 9 12 7 1 1 2 0 16
3 6 21 12 20 9 7 9 12 7
5 4 3 3 0 1 3 7 2 5
5 1 1 10 1 3 3 6 7 5
3 10 2 2 4 0 11 1 4 8
9 4 1 0 4 1 4 1 6 0
0 4 4 6 3 6 4 4 4 0
1 1 22 6 8 15 12 10 13 18
12 8 10 8 6 2 19 8 11 4
13 4 8 1 3 17 1 10 22 3
9 0 12 8 3 1 11 0 3 8
1 14 0 8 6 25 6 1 1 18
2 2 1 1 6 4 6 0 3 3
10 9 11 22 2 7 9 2 11 12
4 5 2 0 6 3 2 2 3 1
13 12 1 4 9 5 16 10 6 6
7 2 0 0 7 9 1 2 3 3
0 12 5 2 8 5 3 2 5 4
2 3 21 2 11 11 0 11 25 2
8 10 1 1 9 17 7 3 6 6
26 0 12 12 7 12 4 10 5 8
3 7 1 13 10 12 16 5 8 2
3 7 2 20 20 7 7 7 2 10
0 2 3 4 1 4 3 1 8 4
5 3 5 6 5 2 1 4 5 0
4 12 1 7 6 0 1 6 4 3
5 5 9 4 3 4 4 1 7 7
3 3 2 1 2 5 10 4 5 5
7 14 8 2 7 5 0 13 16 19
6 2 9 8 10 5 10 7 9 16
0 13 2 11 3 6 0 8 5 0
1 9 12 11 0 1 16 9 6 7
2 5 11 6 5 10 11 4 18 8
7 2 3 15 15 11 7 8 5 10
4 3 2 4 12 6 0 3 2 0
8 1 2 3 0 4 5 2 1 3
1 1 6 1 12 5 9 3 9 11
7 9 6 11 17 14 1 14 6 11
6 8 4 4 7 8 10 4 2 8
4 0 4 4 1 6 1 1 3 3
4 20 3 16 16 13 4 11 3 0
1 1 1 1 1 14 4 6 4 2
7 1 5 4 17 12 10 2 2 10
3 4 2 7 3 4 1 8 4 2
7 13 9 5 7 6 12 11 16 2
5 7 9 4 5 0 7 5 5 9
2 5 1 2 3 1 5 2 6 2
5 8 0 10 8 4 1 8 7 4
6 1 3 2 1 5 5 1 8 2
24 12 5 11 6 2 18 5 11 11
1 0 2 1 1 5 4 12 3 5
4 9 5 4 16 10 6 7 4 6
1 5 8 11 6 20 1 12 7 2
3 1 10 0 9 5 4 6 6 6
4 5 1 11 0 6 8 2 2 1
1 5 26 7 0 12 13 6 12 7
3 13 19 21 9 0 18 8 5 8
1 7 10 13 12 8 11 14 13 9
6 17 0 4 14 4 9 4 3 7
2 2 1 0 15 1 1 5 5 6
1 16 4 22 1 11 14 18 12 2
1 0 3 1 0 3 0 9 6 7
3 6 5 2 4 3 9 13 1 3
16 14 7 1 3 8 0 4 18 7
7 3 21 2 13 3 3 7 8 1
2 7 9 7 2 1 3 5 5 5
3 14 11 20 3 5 8 8 3 12
1 3 1 0 0 9 6 8 6 5
7 7 5 4 10 5 7 5 2 4
1 2 6 2 1 7 7 3 0 1
1 6 13 2 8 6 7 12 13 25
2 7 9 1 12 16 6 1 6 10
1 10 10 13 10 4 2 12 0 11
3 12 11 7 7 3 1 26 4 0
2 1 2 15 9 9 1 16 4 3
0 3 1 1 3 6 1 6 4 4
3 5 1 14 2 13 26 12 3 14
8 5 14 1 5 0 6 5 9 6
26 3 16 5 14 0 9 0 14 3
5 1 5 6 1 5 1 1 2 1
10 5 2 9 3 9 3 6 4 2
6 10 9 12 11 9 3 8 0 13
3 2 0 12 12 26 2 7 19 3
2 11 5 0 7 1 12 3 1 9
12 2 11 9 3 5 3 1 3 5
9 7 3 4 4 20 3 5 18 7
9 3 14 3 24 9 9 21 3 9
3 1 1 1 2 2 4 0 0 9
11 1 8 10 15 17 6 1 9 6
2 2 2 8 10 0 11 7 0 7
1 6 3 1 6 7 3 0 11 6
0 13 1 5 4 1 0 1 1 5
5 3 5 5 1 6 3 5 8 5
3 3 0 1 6 6 7 5 8 3
8 7 13 6 1 3 5 12 1 11
9 3 9 5 7 11 3 3 3 7
19 5 6 6 14 3 9 17 7 17
0 5 0 3 2 2 7 4 4 2
1 19 7 10 13 18 7 12 15 10
3 9 3 3 1 6 3 2 5 5
1 9 12 1 13 7 3 4 11 1
0 4 0 2 5 6 0 8 2 6
7 3 27 16 9 19 1 3 1 9
5 8 2 2 2 2 2 2 4 2
7 9 12 16 11 16 4 3 20 15
12 8 7 1 2 7 3 7 12 1
7 4 3 2 9 3 12 4 6 3
1 9 8 6 5 4 12 12 4 18
3 3 1 5 5 3 2 7 1 9
25 11 3 14 8 6 0 9 6 8
2 1 13 7 0 10 7 1 0 8
14 1 1 3 9 16 25 5 5 5
4 8 4 6 2 6 3 1 2 1
1 4 2 11 8 1 6 7 17 3
10 0 18 11 1 6 11 16 1 1
3 6 1 5 7 1 5 11 6 1
7 3 2 17 10 10 3 7 5 8
7 5 0 1 4 5 5 0 6 1
2 2 4 6 5 4 4 2 3 2
0 7 5 3 2 4 4 7 2 4
7 2 8 5 6 12 4 2 5 10
15 13 4 13 15 3 7 12 1 11
10 1 9 5 9 8 6 9 18 14
12 6 8 9 7 21 11 2 21 14
4 7 1 5 3 3 2 2 4 9
0 4 5 6 0 6 10 5 3 3
6 7 4 8 1 3 6 2 1 1
14 4 18 9 10 11 4 7 20 2
10 21 7 18 1 18 6 10 4 4
0 15 14 1 0 3 1 3 3 5
4 5 10 12 6 7 5 4 7 4
6 5 7 2 6 4 0 4 4 4
5 3 8 7 1 5 9 5 4 3
8 4 0 1 1 8 0 3 10 7
7 0 6 6 5 11 6 2 7 9
8 2 8 2 9 8 0 3 2 9
10 8 2 6 1 8 4 19 6 1
14 1 13 4 7 8 4 2 1 9
3 4 1 5 1 11 4 3 1 6
3 2 1 5 0 13 1 5 2 2
11 1 2 4 13 12 13 5 3 2
3 4 1 0 3 3 6 7 1 0
21 11 3 9 4 3 9 14 9 8
13 4 9 12 2 10 6 9 8 3
7 3 0 5 0 3 1 2 1 5
11 2 2 11 21 2 2 3 13 3
7 7 2 3 11 15 1 12 21 2
1 1 2 7 2 2 0 0 6 15
7 5 12 11 16 13 18 12 7 5
18 5 8 20 9 15 10 2 1 14
8 5 5 9 4 12 1 6 15 8
0 19 4 2 9 0 5 7 1 3
15 20 5 6 14 14 0 9 9 19
0 6 3 5 12 5 0 5 2 5
0 1 7 8 1 8 1 3 3 0
1 31
1 47
1 91
2 75
3 38
3 59
4 16
4 37
4 40
5 91
5 99
6 24
6 29
6 59
7 35
7 37
8 22
8 27
8 52
8 101
9 49
11 33
11 49
11 95
12 90
13 104
16 42
17 100
17 104
18 34
18 104
19 72
19 103
24 45
24 110
25 104
25 108
25 116
25 122
26 28
26 38
26 62
26 90
26 126
27 70
28 54
28 70
28 105
29 94
31 91
31 125
32 66
32 102
32 125
32 128
33 96
34 57
35 105
35 124
36 42
36 53
36 92
37 68
37 81
37 103
37 106
37 117
38 42
38 51
38 95
38 135
39 54
40 43
40 75
40 95
41 67
41 104
41 121
41 124
42 74
43 90
44 64
44 115
44 134
45 88
45 132
46 98
46 106
46 142
48 99
48 120
48 126
49 125
49 138
50 77
50 122
50 142
51 110
51 151
52 137
54 64
54 76
54 94
54 119
55 57
55 58
55 77
55 86
56 67
56 108
56 118
57 64
57 89
57 136
57 139
57 140
58 117
59 62
59 80
59 115
59 142
59 143
60 79
60 142
62 157
63 64
63 76
63 106
63 108
64 88
65 100
65 129
68 95
68 114
69 123
69 148
70 82
70 100
70 109
71 144
71 163
72 101
72 136
72 143
73 90
73 131
74 81
75 103
76 90
76 139
76 148
77 131
77 139
78 103
78 117
78 153
79 86
79 122
79 162
79 165
80 106
80 126
80 178
81 83
81 88
81 129
82 141
82 160
83 89
83 101
86 131
86 174
87 117
88 98
88 174
88 181
89 96
89 156
90 125
90 148
90 180
91 120
91 133
91 155
92 111
92 147
92 148
92 180
92 192
93 141
93 157
94 100
94 101
94 138
94 161
94 194
95 160
95 193
96 125
97 131
97 165
97 184
99 180
99 188
100 146
103 113
104 134
105 165
105 175
105 181
106 111
106 139
107 160
108 115
109 182
110 138
110 183
111 126
111 154
112 128
112 133
112 165
112 203
113 146
113 201
114 166
115 160
115 199
115 203
116 205
117 125
117 202
118 140
118 159
119 202
119 211
120 175
121 136
121 175
121 186
121 195
123 174
124 203
124 211
125 203
126 166
127 192
128 162
131 200
131 202
132 184
132 202
132 207
132 217
132 219
132 227
133 136
133 178
133 196
134 179
134 193
135 157
135 171
135 197
136 139
136 166
136 185
136 212
136 223
137 185
138 142
138 169
138 188
138 194
138 228
139 143
139 170
139 237
140 217
141 173
141 200
142 154
142 216
143 184
144 231
144 241
145 208
145 211
145 231
147 166
147 171
147 207
147 229
147 244
148 212
148 228
149 165
149 200
151 239
152 154
152 171
152 214
154 213
154 251
155 206
155 237
157 160
158 169
158 171
158 207
158 258
159 255
160 187
160 193
161 207
161 215
162 176
162 216
162 234
164 183
165 170
166 169
166 170
166 241
166 242
167 222
168 169
168 188
168 257
171 185
171 192
171 271
172 178
173 208
174 179
174 262
174 271
175 187
175 231
175 234
176 262
176 263
178 199
179 230
179 246
179 279
180 201
181 274
182 192
183 206
183 226
183 265
184 196
184 217
184 277
184 279
185 284
186 196
186 233
186 248
186 281
187 245
188 280
189 209
189 216
189 286
191 207
191 231
191 235
191 272
192 263
194 201
194 209
194 230
194 234
196 207
197 210
199 233
199 238
200 214
200 225
200 231
200 283
200 295
201 284
201 294
201 299
202 229
202 256
202 289
203 241
203 258
203 282
203 288
203 298
204 223
204 234
204 254
204 268
205 233
205 241
205 245
205 282
205 291
205 302
206 223
206 256
207 223
207 258
208 240
208 245
208 255
209 222
209 238
210 243
210 268
210 270
210 292
210 295
210 296
210 306
211 225
212 237
212 283
213 217
213 231
213 266
213 284
213 289
214 228
215 250
215 260
215 267
215 272
215 283
215 310
216 231
216 237
216 283
216 295
216 314
217 261
217 265
217 314
217 316
219 260
219 261
220 265
220 310
221 224
221 263
221 281
221 314
222 234
222 243
223 253
224 259
224 303
225 258
225 278
225 301
225 323
226 317
227 229
227 318
227 326
228 272
228 308
229 231
229 245
230 250
231 257
232 311
233 303
233 313
234 245
234 269
234 290
236 254
236 334
237 292
237 331
238 334
239 247
239 295
239 301
240 328
241 242
241 255
243 244
243 285
244 254
244 261
244 334
245 263
245 293
245 300
245 303
246 292
246 315
246 322
247 303
247 335
248 261
248 310
249 297
249 301
249 341
250 332
251 261
251 308
251 319
252 295
252 297
253 277
255 351
256 296
256 304
256 321
257 303
257 323
258 269
258 275
258 301
258 326
260 268
261 266
261 322
262 274
262 340
264 298
264 313
264 314
266 283
266 291
266 309
266 316
266 319
268 335
269 322
269 356
270 315
270 323
270 327
270 329
270 332
270 336
271 273
271 314
271 347
272 328
272 344
273 344
274 286
274 301
275 285
275 362
275 372
276 281
276 292
277 308
277 314
277 354
277 377
278 363
279 365
280 308
280 322
281 310
281 359
281 374
282 316
282 370
283 308
283 335
283 339
284 287
284 299
284 325
286 336
287 375
288 376
289 344
289 388
290 295
290 321
290 360
290 387
291 314
291 370
292 325
292 329
292 381
293 386
294 362
294 382
294 391
295 369
296 381
297 358
297 370
297 373
297 379
298 305
298 381
299 326
299 394
300 370
301 364
301 368
302 341
302 362
303 329
303 379
304 305
304 322
305 308
305 347
305 360
306 307
306 376
307 320
307 375
307 400
308 349
308 365
308 368
309 340
309 367
310 314
310 352
310 409
311 373
311 379
311 384
312 344
312 349
312 380
314 360
315 362
315 394
316 394
318 369
319 350
320 365
320 388
320 412
321 371
321 374
321 375
321 394
322 408
322 415
323 324
323 361
323 407
323 423
325 376
326 377
327 330
327 406
328 395
328 399
329 355
329 369
329 410
330 335
330 340
330 350
331 384
333 392
333 425
334 346
334 376
335 365
335 381
335 397
336 403
338 428
339 391
339 393
340 410
341 345
341 424
343 352
344 363
344 399
344 417
344 426
344 431
344 443
345 351
345 435
346 400
347 398
351 393
352 442
352 452
353 421
353 426
354 357
354 414
355 419
356 389
356 424
356 445
356 455
357 367
357 421
357 429
357 456
358 366
358 387
359 393
359 394
359 406
359 427
359 439
360 365
360 389
360 431
361 457
361 459
362 369
362 427
362 444
362 447
363 377
363 417
363 456
364 396
364 447
365 455
366 413
366 463
367 400
367 414
368 390
368 463
369 404
369 431
372 394
372 420
372 452
373 387
373 405
373 459
374 396
374 438
375 405
377 392
377 420
377 455
377 458
377 465
377 467
377 473
378 465
379 391
379 405
379 462
379 474
380 476
381 404
382 385
382 472
383 409
383 459
383 467
383 469
384 418
384 447
385 457
386 400
386 410
386 440
387 430
387 432
387 474
388 426
388 471
388 479
389 404
389 417
389 433
389 487
390 431
390 443
390 477
391 397
391 401
391 405
392 413
393 425
394 398
394 451
394 453
394 473
395 402
395 444
395 476
395 486
396 413
396 458
397 438
397 481
398 410
398 425
398 441
398 461
399 414
400 419
401 407
401 430
401 447
401 481
402 404
402 419
402 429
402 443
402 453
402 456
402 482
402 494
403 434
404 462
405 457
406 429
406 431
407 415
407 450
407 456
407 474
408 418
408 427
408 471
408 478
409 414
410 426
410 449
410 475
410 500
410 507
411 466
412 414
415 433
415 499
416 433
416 452
416 480
417 496
418 481
420 481
420 500
420 503
421 486
421 512
422 436
422 448
422 453
422 483
422 521
423 445
423 454
423 501
425 452
426 452
427 503
427 507
428 498
428 511
428 517
429 501
429 521
429 528
430 447
430 525
431 434
432 454
432 520
433 464
433 467
434 446
434 474
434 505
436 503
436 527
436 530
436 532
438 488
439 484
439 495
439 504
440 480
440 494
440 502
440 534
443 466
443 530
443 540
444 539
446 469
446 507
448 451
448 460
448 512
448 548
449 455
449 497
449 528
450 454
450 461
450 480
450 513
451 483
451 513
452 453
452 492
452 521
452 545
453 487
453 549
454 551
455 473
455 531
456 457
456 458
456 464
456 466
456 502
456 503
456 510
456 554
457 459
457 462
457 476
457 484
458 481
458 533
459 519
460 476
461 472
461 525
461 541
462 546
463 472
463 479
463 490
463 560
463 561
464 524
464 535
464 552
465 492
465 517
466 525
466 532
466 565
467 486
467 503
467 520
467 550
467 551
468 505
470 476
470 502
471 489
471 534
471 562
472 481
473 499
473 502
473 543
474 476
474 536
475 565
477 522
477 547
477 567
478 565
479 536
480 504
480 537
480 577
481 487
481 568
481 574
482 490
482 511
482 546
482 565
484 499
485 542
487 551
488 518
488 548
488 574
489 554
489 570
490 535
490 545
490 559
490 576
491 504
491 537
492 494
493 538
493 593
494 508
494 577
495 583
496 537
496 564
497 522
498 540
498 551
499 510
499 524
500 507
500 543
500 575
500 583
501 544
501 549
501 584
501 599
502 538
502 569
503 524
503 547
503 556
504 505
504 583
505 549
505 574
505 576
506 522
507 517
507 527
508 573
508 580
509 543
509 557
509 596
510 536
511 527
511 574
511 607
513 531
513 582
513 583
514 539
515 569
515 570
515 573
515 590
516 519
516 521
517 521
517 575
518 541
519 614
520 546
520 596
520 604
521 541
524 538
524 568
524 600
525 536
525 549
525 573
525 601
526 539
526 566
527 605
528 573
528 588
529 577
529 597
530 550
531 586
531 625
532 552
532 588
532 591
532 613
532 631
533 553
533 593
534 564
534 608
534 634
535 548
535 553
535 608
536 543
536 602
537 584
537 614
537 615
538 561
539 594
539 618
540 569
540 582
540 628
541 562
541 632
541 633
542 576
542 621
543 579
544 571
544 599
544 629
545 579
545 616
545 623
546 612
546 641
547 581
547 602
548 588
549 585
549 641
551 580
551 601
551 614
551 630
551 635
552 606
553 573
553 628
553 642
554 593
554 601
554 653
556 623
556 627
557 579
557 625
560 578
560 613
562 588
562 602
563 637
564 577
564 607
564 623
564 639
565 588
565 623
565 643
566 615
566 657
568 600
568 638
568 657
569 663
570 614
571 596
571 602
571 608
571 641
571 665
572 670
573 575
573 610
574 583
574 587
574 609
574 613
574 630
575 599
575 663
575 671
575 675
576 577
576 654
577 619
577 646
577 665
578 583
578 623
578 678
579 627
579 658
579 669
580 612
581 588
581 594
581 632
581 640
582 641
582 655
583 594
583 600
584 642
584 658
585 589
585 674
585 678
587 590
588 595
588 596
588 600
588 615
588 664
588 684
589 623
589 681
590 659
591 633
591 664
591 675
592 613
592 687
593 650
593 659
593 661
593 673
594 596
594 618
597 605
598 605
598 619
598 623
598 668
598 669
599 601
599 646
599 656
599 685
599 686
599 691
600 605
600 656
601 660
602 616
602 622
602 683
604 676
605 608
605 614
605 679
605 703
608 627
608 640
608 690
609 626
610 658
610 700
612 617
612 627
612 635
612 700
612 710
613 702
614 641
615 657
617 696
618 693
619 663
619 674
619 689
619 694
619 711
620 648
620 652
620 672
620 687
621 651
621 672
624 659
625 719
626 695
626 697
627 658
627 722
628 631
629 665
629 675
629 680
629 719
630 640
630 706
630 729
631 651
632 697
633 678
634 660
634 726
635 695
636 663
637 673
637 713
637 725
638 708
639 680
639 737
640 712
641 648
641 727
642 686
642 738
643 685
643 691
644 661
644 678
644 721
644 729
645 681
645 717
645 725
646 650
646 687
648 651
648 723
649 676
649 690
649 703
650 694
650 721
651 662
651 705
651 742
651 747
652 698
653 663
653 690
653 714
653 733
654 694
654 695
654 717
654 740
655 677
655 706
655 714
655 732
656 713
656 726
659 680
659 725
659 748
659 757
660 711
661 690
662 748
663 666
663 680
663 705
664 760
665 710
667 695
667 746
668 704
668 712
668 716
669 689
669 710
669 754
669 757
670 678
670 715
670 739
671 699
671 712
671 715
672 730
672 736
672 753
672 767
673 680
673 682
673 716
673 735
673 750
673 766
674 693
674 696
674 745
674 760
674 763
675 775
676 707
677 773
677 776
678 685
678 709
678 726
678 738
679 707
679 735
680 780
681 692
681 696
681 766
682 716
682 741
682 749
683 709
683 762
683 763
683 768
683 770
684 703
684 711
684 718
684 742
684 755
684 781
684 784
685 712
685 713
685 767
686 715
687 768
687 774
688 750
688 753
688 776
690 787
691 775
692 755
692 771
693 698
693 699
694 759
695 699
695 768
696 699
696 784
698 723
698 786
698 790
699 706
699 771
700 711
700 723
701 740
701 784
703 714
703 755
703 758
704 753
705 751
705 754
705 772
705 778
706 738
706 774
707 710
707 753
708 792
709 735
709 808
710 765
710 790
711 722
711 755
711 792
713 726
713 785
714 730
715 724
716 773
717 749
717 784
719 775
719 776
719 798
720 738
720 746
721 821
722 773
722 797
722 818
724 735
724 741
724 751
724 771
725 785
726 740
726 778
727 756
728 826
729 735
729 827
730 768
730 796
731 819
731 820
731 823
733 736
733 785
733 786
733 821
734 814
736 771
736 816
736 835
737 783
737 814
738 754
739 753
739 794
739 807
739 822
741 825
742 753
742 823
742 835
743 793
743 822
744 755
744 764
744 783
744 785
745 752
745 790
746 770
746 797
746 829
748 783
748 784
749 801
750 809
751 819
752 756
752 765
752 793
752 800
753 779
753 835
754 810
755 839
756 816
756 838
757 768
757 780
757 812
757 831
759 764
759 792
759 830
759 850
760 772
760 773
760 816
760 827
761 835
761 854
761 856
761 858
762 804
762 819
762 834
763 767
763 831
764 780
764 827
766 785
766 816
766 844
768 811
768 866
769 786
770 793
770 806
771 810
771 815
771 822
771 858
772 777
772 784
772 840
772 872
773 785
773 794
773 849
773 850
774 839
774 849
775 797
775 802
775 826
775 864
776 803
776 863
777 869
778 876
779 782
779 819
779 856
779 867
780 832
780 860
780 864
781 793
781 821
782 840
782 860
783 786
783 835
783 853
785 802
785 806
785 859
785 867
786 818
786 843
786 844
786 879
788 877
789 861
789 879
790 840
790 851
790 886
792 877
793 844
794 876
795 877
795 888
796 829
797 826
797 835
797 846
798 817
798 838
798 840
798 871
800 804
800 841
800 882
801 808
801 847
801 860
801 869
801 900
802 825
803 835
803 866
804 859
804 860
804 872
805 810
805 833
805 837
805 853
806 893
807 809
807 822
808 833
808 839
808 857
808 871
809 844
812 839
813 814
813 892
814 852
814 870
814 886
815 839
815 848
815 869
815 895
817 842
817 892
817 909
818 905
819 833
819 874
819 895
819 899
820 826
820 843
820 885
821 822
822 840
822 873
822 876
822 882
822 891
822 895
823 868
823 907
825 827
825 883
826 865
826 883
826 919
827 878
827 919
828 833
828 918
829 860
829 919
830 854
830 879
830 904
831 900
832 914
833 848
833 856
833 866
833 886
833 903
833 906
834 849
834 850
835 878
836 852
836 932
837 863
837 906
837 937
838 877
838 926
839 895
839 919
841 849
842 903
842 916
843 855
843 882
843 910
844 890
844 918
844 935
845 925
845 926
846 945
847 858
848 945
848 948
849 878
849 903
849 936
850 865
850 944
850 946
851 855
851 912
852 853
852 857
852 903
853 856
853 922
853 927
853 948
854 892
854 952
855 868
856 884
858 873
858 917
858 924
859 866
859 903
859 913
859 947
861 914
862 878
862 958
863 905
863 933
864 891
864 915
867 962
869 925
870 942
871 877
872 873
872 938
872 952
872 972
873 911
873 920
873 950
874 916
874 964
875 881
876 891
876 945
876 958
876 973
877 905
877 964
879 885
880 966
882 902
882 918
882 920
883 900
883 901
883 919
883 949
883 965
883 979
884 886
884 899
884 904
885 959
885 965
885 966
885 969
886 909
886 946
887 919
888 927
888 983
889 927
889 929
889 953
889 977
890 904
890 943
891 955
891 964
893 932
893 951
893 971
894 906
894 955
895 926
895 982
896 906
896 964
896 968
896 972
896 978
897 969
898 945
898 967
898 996
899 900
899 904
900 901
900 915
900 921
900 952
900 970
900 991
901 916
901 920
901 951
901 956
901 973
902 906
902 907
902 928
903 957
904 922
904 937
904 953
905 921
906 925
906 935
906 948
906 972
908 910
912 955
912 997
913 933
913 943
913 965
914 915
915 920
917 927
918 966
920 963
920 973
921 980
922 944
923 931
924 976
924 983
924 989
925 928
925 938
925 967
925 988
926 978
927 945
927 946
927 954
928 943
928 1000
929 986
929 997
932 990
933 947
933 961
934 975
935 943
936 946
936 958
936 982
936 1000
938 946
941 956
942 952
943 959
946 975
946 976
947 974
948 983
951 966
954 965
956 989
958 996
960 967
962 968
962 975
962 991
963 988
964 977
965 992
967 984
967 997
968 977
969 984
971 977
973 994
974 977
978 987
988 999
990 992
993 995
12 0 1 23 30 4 13 0 2 24
14 10 10 6 4 4 31 18 1 13
5 1 8 4 8 17 7 4 1 6
26 13 23 8 16 1 0 6 21 15
11 4 1 17 7 16 15 4 7 27
13 12 6 6 29 8 24 14 27 15
8 9 6 0 20 5 8 1 1 12
3 13 35 12 15 5 19 6 31 15
1 13 12 3 0 2 2 10 0 1
16 2 15 7 8 2 21 3 11 28
29 10 19 9 3 4 16 23 6 17
8 13 14 3 0 27 8 16 6 20
6 4 8 9 5 9 11 3 7 1
0 21 10 25 5 31 5 3 1 4
36 2 8 7 15 9 6 18 5 27
10 1 4 19 9 2 8 18 3 3
6 19 13 0 15 6 10 21 6 2
17 11 10 12 3 3 19 12 3 5
9 31 10 23 4 21 29 1 16 18
4 10 8 12 26 23 18 5 7 5
5 1 1 1 1 1 1 1 12 1 1 3 1 3 1 1 1 1 1 1
32 27 36 20 17 10 36 14 61 10 17 18 34 45 14 41 32 35 11 27
49 30 36 27 32 14 37 23 51 42 27 12 46 30 20 45 27 37 21 13
47 37 47 36 27 27 53 34 77 23 25 23 48 48 29 61 50 42 15 32
36 34 64 40 39 14 47 24 72 42 35 53 55 50 42 47 37 29 28 23
9 8 8 10 5 1 9 3 25 4 7 12 7 13 5 5 8 7 6 1
45 30 47 26 30 18 46 4 66 17 19 34 41 50 34 54 39 38 21 26
21 44 56 33 34 5 41 23 79 32 37 44 54 69 32 53 45 52 34 28
10 1 7 2 2 1 9 1 12 4 1 5 4 4 3 4 6 1 2 1
30 6 25 13 20 2 19 12 28 20 4 7 25 22 11 22 11 5 11 15
19 18 20 23 5 7 29 7 40 13 10 15 10 22 14 19 21 13 6 4
8 6 6 9 3 1 9 3 17 1 1 4 1 12 3 4 5 4 1 1
14 7 7 9 1 1 12 4 23 11 6 3 9 3 4 17 14 10 1 1
23 5 16 9 13 2 16 12 25 13 5 9 12 13 7 20 12 6 5 8
54 29 52 24 36 17 50 21 58 25 18 21 45 47 34 58 35 29 17 33
8 2 3 5 4 1 7 1 14 3 2 5 6 9 1 1 1 2 7 1
45 30 51 29 39 25 42 32 59 33 27 36 46 36 33 47 37 31 9 38
12 1 8 7 3 1 7 1 21 3 1 3 9 12 1 8 7 4 4 2
11 7 9 4 8 1 10 7 18 1 4 7 4 14 1 7 7 6 1 6
12 2 7 10 6 1 5 4 15 6 1 2 2 9 4 8 3 2 2 3
43 36 51 34 39 37 47 23 50 40 30 36 47 19 44 45 35 32 3 34
26 13 24 13 14 1 17 1 33 9 9 16 17 22 20 24 10 12 6 4
50 47 62 39 32 21 55 25 85 38 36 39 55 50 43 65 48 51 10 35
43 30 62 40 22 18 59 29 77 33 20 30 55 54 31 57 52 32 18 34
18 3 20 12 7 1 20 11 30 8 1 6 15 26 3 9 11 1 10 11
25 22 45 18 18 22 41 20 54 15 11 26 36 31 20 30 40 21 10 31
10 5 5 6 8 1 6 1 17 2 5 9 5 11 1 4 1 5 8 1
25 31 40 23 26 14 30 20 54 40 29 33 40 26 21 29 31 29 18 16
43 40 52 30 27 11 55 18 75 36 32 36 47 50 29 41 52 42 17 39
8 1 1 5 3 1 3 1 7 1 1 1 1 4 1 1 1 1 2 1
29 22 30 6 23 4 23 4 43 15 16 24 24 27 16 28 18 20 12 8
17 2 8 14 6 1 9 7 19 11 3 3 5 13 1 6 1 4 7 5
47 42 38 46 28 36 57 33 59 43 35 24 39 22 34 34 38 36 18 19
35 18 23 37 10 8 37 17 50 17 19 16 22 30 25 33 26 20 3 5
51 26 48 20 42 25 48 34 56 30 6 23 51 54 12 44 36 30 38 47
19 1 14 15 11 1 15 8 18 15 1 6 16 15 6 10 8 1 13 9
20 22 37 18 11 18 34 22 48 21 11 27 29 26 16 23 35 13 12 22
41 27 33 23 20 9 38 25 56 29 22 18 40 35 19 38 29 27 17 16
44 28 39 46 27 21 50 21 68 30 31 31 46 36 32 49 47 35 14 15
38 31 41 38 33 30 53 24 53 37 20 26 41 29 26 29 36 29 23 32
37 15 34 16 25 10 36 13 36 22 8 18 23 29 12 15 12 14 19 15
31 23 55 35 15 12 44 15 66 15 15 24 41 48 27 51 44 26 7 25
12 10 14 5 9 3 13 3 36 4 6 13 14 19 1 14 15 12 5 7
37 14 47 17 27 12 40 15 46 25 5 15 42 35 18 36 30 14 16 29
11 1 5 1 6 1 7 2 10 1 1 1 1 8 1 6 2 1 1 2
24 4 26 22 17 3 17 8 36 9 8 21 20 27 21 25 15 5 5 8
33 11 24 10 19 1 23 5 21 19 6 7 19 18 14 24 13 10 10 7
14 1 10 9 6 1 13 2 13 9 1 4 10 7 4 8 10 1 7 3
23 1 20 14 15 1 19 12 21 19 1 4 21 21 7 14 12 6 14 14
24 6 12 10 12 2 18 5 18 15 6 8 9 7 5 15 10 7 7 3
8 1 7 2 2 1 7 1 9 4 1 5 4 2 4 5 6 1 1 1
55 31 57 29 51 21 47 24 58 48 26 32 57 41 24 48 19 41 31 35
30 8 27 14 17 4 29 10 26 18 1 8 15 22 7 9 9 6 13 10
38 28 30 22 20 5 32 12 48 33 24 16 36 28 17 37 21 30 16 8
31 9 30 15 17 1 29 6 37 9 5 16 19 32 18 23 16 8 5 11
28 26 39 9 23 17 33 10 45 15 13 28 27 30 21 26 23 19 16 17
49 32 56 23 40 20 49 17 74 32 20 39 55 56 31 59 40 34 33 29
18 3 10 8 12 4 10 1 17 9 2 6 9 5 7 17 9 3 1 2
34 10 29 18 19 2 29 1 32 7 6 16 17 29 23 30 12 9 3 7
33 18 31 25 22 10 31 18 48 27 16 24 26 29 17 27 22 17 18 13
40 26 49 25 34 24 49 23 39 37 17 23 38 22 31 26 26 18 15 27
9 3 6 1 1 1 13 1 12 1 1 3 5 7 1 3 8 1 3 1
27 9 36 10 20 10 28 11 47 11 2 16 35 33 13 35 29 17 13 25
16 17 35 18 8 1 23 10 55 11 11 21 31 45 13 29 24 24 15 19
46 30 46 26 33 16 43 21 61 24 23 27 41 38 33 53 25 31 11 28
35 30 40 7 27 1 30 4 50 22 26 29 39 42 28 41 35 37 15 28
30 8 31 18 18 5 28 15 37 23 2 9 25 29 7 17 16 12 16 18
8 2 2 6 2 1 7 1 13 3 1 2 3 3 1 6 7 2 1 1
13 12 17 2 3 1 20 1 28 2 4 11 10 17 7 14 19 10 1 6
19 13 8 12 4 2 15 8 25 9 8 4 4 14 4 13 6 12 3 3
15 4 7 5 5 1 8 1 17 6 2 5 7 9 2 10 5 5 5 1
17 11 1 15 4 3 14 7 21 13 12 6 10 7 2 9 7 13 8 1
11 2 5 2 6 1 6 1 9 3 1 3 2 3 2 7 4 1 1 1
64 38 52 23 47 14 54 14 60 38 25 29 46 53 35 49 33 39 31 42
17 19 24 14 6 6 26 3 39 7 12 22 9 22 16 12 18 12 4 7
35 24 46 20 25 21 41 16 51 28 13 22 41 32 23 30 32 25 16 30
26 20 31 11 16 5 26 1 37 16 13 21 20 19 24 25 22 15 3 10
10 10 17 8 5 7 17 8 31 6 4 12 13 18 6 9 21 7 4 10
18 8 9 7 7 1 10 1 16 6 3 3 4 10 4 12 4 7 4 1
17 12 12 2 10 1 14 1 16 2 7 9 7 12 8 11 8 10 1 6
44 19 45 25 31 4 40 13 50 27 15 22 39 45 27 34 24 24 19 25
13 2 15 12 7 2 14 1 30 6 1 9 14 18 4 15 18 8 5 8
8 5 7 9 1 1 6 1 16 3 1 4 3 10 4 5 3 3 1 1
33 14 22 3 20 6 24 1 26 9 8 12 20 21 15 24 11 13 10 8
21 10 20 8 8 3 19 1 25 15 3 10 10 10 12 16 10 6 3 1
40 40 54 34 16 16 54 17 71 27 29 28 48 47 28 57 47 44 14 29
33 15 24 6 27 17 21 2 23 18 5 10 23 18 22 31 15 15 13 15
36 15 44 34 32 11 45 18 54 19 16 34 37 46 23 25 26 15 23 22
25 16 26 19 22 6 21 4 41 18 15 23 20 24 16 28 11 16 14 4
51 36 52 37 39 17 47 26 69 41 34 37 51 43 36 57 27 35 21 21
38 44 56 14 40 21 42 15 72 22 27 35 58 66 25 53 41 51 35 40
44 16 43 33 30 12 41 32 64 32 13 20 49 49 13 39 32 31 28 35
34 33 46 18 26 8 40 6 65 16 25 30 40 51 24 49 38 40 15 29
18 2 8 10 12 4 17 4 16 8 1 5 7 10 1 8 7 2 7 5
33 14 21 12 15 9 28 14 32 16 8 6 19 23 10 27 18 14 9 13
13 4 7 7 7 1 14 1 11 5 1 6 5 8 1 1 7 1 7 3
36 21 45 25 22 15 41 26 54 35 18 25 44 30 21 35 40 22 16 29
41 19 36 18 23 5 30 11 37 28 14 9 33 29 18 38 20 25 11 21
38 14 30 10 25 10 27 11 26 13 5 9 21 29 15 22 7 13 17 19
23 18 21 12 19 1 19 1 38 15 14 18 20 26 5 22 10 19 17 3
16 5 5 7 9 4 12 5 18 5 4 5 3 9 2 10 4 5 3 4
37 16 26 12 24 8 30 5 26 13 11 14 18 25 17 24 13 15 11 15
22 8 21 14 12 1 22 13 30 8 4 11 13 28 7 11 11 7 12 13
30 20 36 21 27 8 28 12 44 34 18 23 36 26 17 24 15 17 19 16
17 4 20 17 11 1 14 13 35 8 1 13 16 25 11 20 15 5 9 13
12 8 6 3 3 1 9 1 19 1 4 7 4 10 2 5 4 7 4 1
41 16 41 22 24 3 40 7 50 13 13 26 29 38 28 39 22 15 9 13
15 8 18 4 6 1 19 7 31 5 4 9 17 26 3 12 15 11 7 13
21 25 27 19 15 6 31 9 37 26 18 23 21 22 6 12 14 19 19 7
27 17 27 18 16 11 33 2 51 8 5 21 24 34 17 30 23 19 13 13
1 1 1 7 1 1 1 1 11 1 1 1 1 2 1 2 2 1 1 1
42 24 53 26 30 19 53 31 55 29 11 32 40 45 19 22 31 19 28 35
36 25 32 25 32 5 29 14 44 27 20 19 30 35 10 27 8 28 28 13
21 8 12 7 11 5 16 1 26 7 6 7 17 16 4 22 13 15 8 9
10 1 7 5 2 1 5 1 14 6 1 1 9 10 3 11 7 4 3 3
43 26 31 26 23 20 37 23 51 24 16 8 32 26 28 44 29 25 7 14
28 31 50 16 14 10 42 20 65 10 23 30 45 52 15 46 47 38 17 40
16 7 21 15 5 1 13 9 42 13 8 12 23 25 9 23 20 16 7 12
17 14 21 14 9 7 22 15 39 12 10 22 13 18 6 16 22 9 9 11
34 10 31 15 24 8 26 7 30 21 6 5 34 24 14 37 19 19 10 22
34 4 26 14 26 7 27 7 22 21 1 8 22 15 13 19 8 4 13 12
11 7 6 12 4 1 10 4 18 7 5 5 7 7 1 10 9 6 4 1
16 11 11 3 12 6 18 2 28 3 6 13 11 15 3 13 10 10 8 4
24 3 19 10 18 6 26 9 20 14 1 5 18 18 1 8 13 5 14 12
45 30 42 48 25 24 55 42 67 38 27 20 44 35 30 43 44 29 25 24
18 11 10 12 3 1 13 2 31 8 7 7 8 11 2 18 12 14 2 1
20 3 18 15 13 4 23 10 20 15 2 10 15 14 3 3 10 5 15 11
21 4 11 9 10 1 11 1 18 8 1 4 7 15 2 8 1 3 8 1
31 8 25 15 21 3 27 14 38 11 4 8 24 34 5 14 11 13 14 20
25 14 19 16 9 7 22 8 32 20 8 7 15 11 13 23 20 11 2 3
25 9 17 11 13 4 18 1 27 6 3 4 10 17 12 22 10 8 1 5
32 16 37 9 21 2 32 7 43 13 10 21 23 28 23 29 22 12 3 16
39 40 46 21 18 23 49 30 74 28 25 37 45 44 21 47 53 38 20 30
14 1 6 5 7 2 10 1 12 2 1 3 3 2 2 9 6 1 1 1
30 28 47 48 23 24 54 30 61 39 19 31 36 33 26 21 30 27 20 28
10 6 8 13 6 1 12 1 21 5 1 8 4 10 4 6 9 5 1 1
34 26 26 9 27 9 33 1 39 13 19 24 27 28 18 29 20 26 15 16
23 14 32 22 17 14 34 21 43 24 11 22 32 31 9 7 23 16 22 23
19 7 12 6 15 10 19 1 25 1 1 7 14 16 8 16 14 8 8 11
9 7 10 1 1 1 16 1 16 1 1 6 2 6 2 5 10 2 1 1
37 22 49 16 22 1 42 1 53 18 12 27 37 41 31 43 40 24 6 21
8 3 8 9 3 1 5 5 18 5 1 2 4 10 3 6 5 2 1 4
35 28 24 27 15 18 33 30 45 25 23 8 25 20 20 33 30 27 8 11
35 16 21 30 16 12 37 28 42 29 13 5 26 23 8 16 20 20 14 14
55 32 50 29 35 15 54 32 63 39 23 28 46 42 23 38 33 29 27 28
8 6 3 5 1 1 7 1 21 1 3 6 3 10 1 3 2 6 4 1
47 27 49 26 50 16 35 20 47 41 26 26 55 41 27 44 17 35 33 30
12 12 22 14 4 7 19 1 33 10 5 15 12 15 14 15 18 8 1 4
18 12 13 7 6 1 13 1 23 4 8 11 7 13 8 11 7 11 6 4
31 41 56 37 44 8 46 28 74 41 35 43 55 63 26 42 40 49 44 28
7 4 9 6 1 2 10 1 20 3 1 9 4 1 3 4 12 1 1 1
11 7 4 1 4 1 8 1 23 1 3 6 6 14 1 4 3 6 5 1
12 6 9 11 4 1 10 1 25 1 2 7 1 16 6 8 1 5 1 1
54 45 45 43 34 38 54 35 56 54 41 22 50 8 46 55 45 42 14 23
30 33 52 35 31 21 42 16 62 41 30 38 49 30 34 42 39 36 17 27
6 3 8 11 1 1 10 1 23 1 2 13 1 9 5 4 7 2 2 1
18 24 30 11 20 1 22 5 47 18 18 26 29 35 8 24 22 27 21 9
15 19 33 18 6 8 33 12 50 7 12 31 18 29 17 13 26 12 8 13
25 13 19 20 14 11 25 19 45 10 9 12 21 26 9 28 21 14 8 16
15 4 5 12 9 4 13 3 21 4 1 3 8 14 4 10 10 3 5 3
22 13 8 13 5 3 16 11 30 11 9 4 8 14 3 14 9 13 4 3
5 6 3 1 1 1 6 1 14 1 4 7 4 7 1 1 3 5 4 1
53 35 48 19 40 22 40 15 51 34 27 24 48 35 32 55 22 42 15 31
27 47 52 39 36 10 47 19 73 38 40 52 44 52 36 42 40 41 33 13
36 21 46 23 28 4 37 21 54 24 16 29 37 50 20 30 20 21 27 26
31 7 26 15 18 1 20 11 30 25 5 4 27 24 7 20 6 14 15 14
52 28 44 37 31 18 55 25 71 19 25 34 45 53 34 52 40 32 21 26
25 14 35 20 23 9 31 22 46 26 10 26 34 37 6 12 17 18 30 22
17 1 6 12 11 2 12 1 16 6 2 5 6 11 2 7 2 3 8 3
40 31 46 19 31 16 42 14 57 31 21 27 39 34 23 38 24 24 21 18
46 26 44 28 27 18 42 13 52 24 11 14 38 42 25 51 29 34 18 28
17 11 24 15 4 5 23 3 33 13 3 13 8 18 13 10 13 4 3 3
15 3 10 16 9 4 14 1 21 2 1 5 5 14 9 14 3 2 2 2
18 4 24 19 8 1 25 12 35 9 1 10 15 32 6 9 8 5 11 13
35 26 46 18 26 21 46 10 59 14 9 28 36 47 28 36 38 25 18 30
41 16 34 25 22 6 34 7 44 13 12 19 22 33 28 39 18 16 5 11
6 1 1 1 1 1 1 1 7 1 1 3 1 1 1 1 1 1 1 1
7 1 5 1 2 1 9 1 20 1 1 6 6 9 1 5 12 2 1 2
27 17 31 15 17 11 34 1 38 11 7 13 26 27 15 25 26 17 7 17
30 11 19 3 17 6 21 1 16 8 7 10 11 14 12 19 7 10 7 8
14 2 16 5 5 1 5 1 22 5 1 1 14 12 4 18 10 8 1 6
38 31 46 23 24 15 49 7 55 20 16 19 39 41 22 41 38 32 9 30
15 1 6 5 9 1 13 3 16 5 2 8 7 9 1 6 8 2 7 3
25 10 18 4 12 3 21 1 25 5 4 12 9 10 10 17 12 7 2 2
9 1 2 8 3 1 1 1 10 4 1 1 1 1 1 6 1 1 1 1
22 15 15 5 13 1 21 1 25 6 10 14 11 18 11 15 15 13 4 9
29 19 40 14 17 4 37 10 60 10 12 31 29 44 19 33 35 20 11 22
8 1 12 4 3 1 5 2 15 5 1 2 5 7 6 6 6 1 1 1
39 23 42 11 31 17 35 9 45 22 11 22 38 37 21 34 25 24 23 23
33 14 24 6 19 3 25 5 30 13 10 14 16 23 13 23 12 14 8 11
25 26 20 17 7 5 30 14 50 14 21 20 19 26 10 21 23 25 8 9
33 17 14 26 13 15 31 15 31 26 14 6 15 7 14 23 21 14 4 1
16 16 28 15 11 8 22 12 50 15 13 25 27 29 9 21 29 18 15 17
14 8 16 9 7 1 17 10 35 7 7 15 18 23 1 11 19 11 11 12
48 29 52 12 38 14 39 5 56 23 16 25 43 45 40 53 29 32 9 35
37 43 54 22 45 4 41 20 72 30 38 50 47 61 33 50 38 41 34 28
53 43 51 16 46 16 41 1 54 34 30 35 41 42 40 56 19 42 23 25
26 11 28 10 16 8 23 11 43 4 3 12 23 32 10 31 21 15 8 21
37 30 48 14 37 1 43 20 65 27 26 38 48 58 15 31 33 33 33 33
21 21 18 14 19 4 12 13 35 23 22 20 18 21 9 25 13 23 16 5
16 4 6 9 10 5 9 8 14 7 4 4 6 12 1 10 6 5 6 7
36 9 28 17 29 12 36 31 34 24 1 14 28 34 1 19 18 13 27 28
14 8 16 5 9 8 17 7 31 6 5 15 13 15 6 13 19 6 4 9
6 5 1 5 1 1 2 1 12 5 5 4 1 1 1 6 1 6 1 1
37 36 44 12 27 18 40 5 57 25 16 23 41 40 16 49 32 41 22 22
9 1 7 1 5 1 2 2 18 4 1 3 8 9 2 12 9 3 1 4
13 5 1 14 4 1 8 3 22 6 4 2 3 6 1 10 7 5 1 1
22 35 24 20 10 14 32 14 50 23 28 27 20 24 17 24 26 29 10 7
16 3 19 18 5 1 15 2 37 3 1 9 12 25 10 23 16 6 1 5
15 9 9 8 8 1 11 1 23 9 8 11 14 16 4 10 8 10 12 5
35 14 46 30 23 11 48 9 54 18 6 21 37 43 20 29 31 19 13 24
20 19 8 20 5 7 15 15 41 16 18 10 18 18 6 17 14 19 9 4
34 23 31 11 23 1 23 9 39 22 19 20 26 33 16 25 12 23 15 15
53 34 41 10 36 20 45 6 45 27 19 25 33 31 33 49 33 32 16 24
15 19 34 13 10 13 30 15 35 23 15 25 25 13 22 12 24 11 5 16
22 3 13 1 11 2 20 1 15 4 1 3 10 12 2 12 8 2 5 4
39 28 35 21 31 16 27 6 48 27 19 19 36 27 28 47 15 31 13 17
34 23 37 28 15 11 38 13 47 31 15 17 30 27 21 29 29 20 11 15
13 13 26 10 10 7 19 17 47 7 6 18 27 34 1 25 27 18 13 24
27 9 19 19 20 9 23 12 30 13 5 6 19 25 9 16 8 9 14 16
14 4 7 3 5 1 8 1 10 3 2 5 1 4 3 6 3 3 3 1
32 9 22 12 20 5 19 4 27 18 5 3 20 18 14 27 7 9 5 10
37 43 60 30 31 27 50 20 60 40 33 36 51 27 43 49 45 43 1 38
13 8 14 1 1 1 15 1 25 1 3 10 7 13 4 12 14 9 2 3
34 22 45 39 21 20 48 21 55 26 14 15 39 41 16 40 37 27 19 30
29 22 33 15 14 6 34 12 52 16 15 27 23 28 16 25 29 16 9 15
18 9 17 9 8 1 10 1 17 10 4 7 8 11 12 15 5 7 1 1
38 38 37 39 35 21 33 26 66 41 39 27 45 30 33 55 38 44 21 8
34 32 33 32 19 32 46 26 60 28 21 21 39 24 29 37 45 30 10 24
48 34 46 20 31 31 53 31 60 37 18 32 49 33 25 44 43 27 24 29
39 19 34 12 30 1 29 8 34 28 15 16 31 29 12 24 7 22 21 13
47 26 43 29 25 17 43 25 64 28 22 15 42 34 31 57 37 33 5 23
26 24 33 35 20 8 36 22 62 26 28 35 38 44 21 34 31 26 24 14
9 8 9 7 4 1 4 1 22 5 6 9 10 11 5 9 4 7 5 1
13 7 19 9 3 1 16 11 35 2 2 9 16 28 5 14 16 8 8 13
41 18 36 27 24 1 33 13 42 29 14 13 31 32 20 32 15 22 17 18
23 14 20 7 18 6 16 7 33 10 11 15 19 22 8 20 11 13 12 8
27 12 30 15 16 6 31 22 41 17 4 19 25 33 2 17 19 9 23 22
20 7 8 7 13 8 13 2 13 5 1 1 6 9 7 17 5 8 4 7
36 20 46 27 16 10 43 21 65 25 15 25 43 41 24 47 39 24 13 24
10 5 9 6 2 1 11 6 22 4 3 6 8 14 1 5 8 4 6 5
21 28 41 18 22 8 28 17 50 34 24 34 34 32 19 27 25 22 24 11
37 39 49 34 13 24 52 31 80 31 26 29 49 43 27 47 54 39 14 28
10 6 21 11 8 5 17 3 42 1 2 13 17 26 7 19 20 11 2 13
8 9 11 7 3 1 13 6 27 1 5 10 6 15 4 7 11 8 3 5
38 33 36 6 34 15 26 3 46 25 20 25 32 35 23 42 16 33 23 16
31 12 38 24 14 3 36 16 48 17 7 23 24 37 20 30 24 11 13 15
22 6 19 15 12 1 17 6 23 14 4 7 18 18 10 14 11 7 11 9
35 25 21 22 13 19 39 11 36 22 16 14 16 14 17 26 23 18 7 5
34 24 22 35 15 15 39 20 45 31 20 17 24 20 14 17 23 20 16 10
26 14 17 21 18 1 24 12 32 19 11 11 20 23 1 11 8 16 20 11
10 5 10 6 2 2 13 1 22 2 1 7 1 8 2 2 9 1 1 1
52 34 58 33 45 17 50 11 60 32 31 43 45 40 44 57 24 35 18 20
36 22 41 23 35 10 38 11 48 22 13 24 34 44 16 27 12 25 32 17
23 4 12 4 11 1 13 1 14 7 1 1 9 7 7 16 6 2 2 1
33 6 33 20 26 7 32 24 37 18 1 15 29 35 9 19 20 4 23 24
42 17 50 30 37 12 47 26 58 21 16 42 42 53 22 36 34 15 30 27
29 17 21 2 19 3 28 1 23 7 12 16 13 18 14 21 18 15 4 12
22 2 14 9 10 1 16 3 19 9 1 3 7 15 2 8 2 1 6 3
29 5 27 18 21 9 29 14 32 15 1 11 20 26 8 9 10 7 17 18
37 32 43 31 20 22 45 39 68 30 21 23 53 51 11 47 46 38 29 39
9 13 19 16 4 10 17 6 40 11 11 20 19 14 10 12 25 14 3 11
18 1 11 1 13 1 4 1 13 10 1 6 13 7 10 16 8 4 1 4
28 24 29 27 8 8 38 12 57 19 17 18 28 35 15 32 32 30 11 15
41 25 38 24 28 12 41 8 50 24 18 27 31 35 24 31 25 21 17 18
42 9 34 21 28 8 33 15 37 22 2 6 28 33 13 24 11 13 17 20
25 29 38 18 16 10 28 10 53 15 21 21 37 39 14 41 31 37 16 23
4 1 2 1 1 1 1 1 16 1 1 2 7 9 1 4 5 4 1 2
43 30 54 24 37 11 37 21 59 34 26 30 50 47 28 43 22 34 22 31
38 28 37 13 29 1 30 8 49 24 24 27 34 42 25 30 23 27 19 20
7 3 5 3 1 1 2 1 13 1 1 4 1 5 1 3 1 2 1 1
35 19 42 25 24 15 41 16 35 36 13 19 34 15 22 17 17 15 13 20
9 3 7 5 6 3 9 1 13 3 1 9 5 3 3 6 11 1 1 1
25 25 41 6 25 11 24 21 58 19 12 31 41 47 3 37 31 29 27 28
23 14 19 7 10 1 14 8 32 16 10 10 17 20 7 18 8 14 9 4
37 29 40 25 28 24 42 23 46 35 24 29 36 25 26 26 28 25 19 24
27 28 47 26 25 25 41 29 53 28 19 34 37 24 28 27 40 18 13 28
29 8 21 7 20 4 16 7 18 18 6 4 21 15 14 20 6 6 7 11
17 8 14 16 10 4 17 13 39 7 7 10 15 22 4 19 18 11 6 13
15 7 9 9 12 7 15 1 21 3 4 9 7 9 5 11 8 6 4 5
16 9 22 21 7 3 15 15 41 14 7 12 17 25 12 24 17 10 5 12
12 6 8 21 6 2 15 5 28 8 7 12 2 11 7 14 12 8 1 1
23 5 11 7 8 1 11 2 13 15 3 1 6 6 4 13 1 5 3 1
35 20 46 23 31 8 31 15 48 33 15 17 49 44 14 32 17 32 28 29
41 31 30 21 20 8 34 17 55 27 27 20 32 27 25 38 29 30 6 13
36 20 35 44 22 14 41 29 58 31 13 24 35 46 18 26 19 26 28 24
34 19 43 21 22 13 42 24 62 16 6 23 37 48 7 41 37 24 20 33
33 17 24 23 13 4 31 21 41 21 13 13 19 30 7 19 16 17 17 15
20 2 17 3 8 1 16 1 8 11 1 1 9 12 5 8 2 1 6 2
17 2 11 5 11 1 4 1 8 8 1 2 6 2 8 11 1 1 1 1
21 5 18 10 9 1 14 1 21 15 2 1 16 11 10 18 5 6 3 4
14 2 8 15 4 1 8 3 28 8 3 6 4 10 7 15 7 4 1 1
59 35 50 37 40 30 53 47 59 51 23 30 53 41 29 51 34 32 30 39
40 21 33 3 27 1 32 1 27 21 17 20 24 22 23 28 17 19 9 15
48 36 45 46 30 24 51 33 73 46 28 21 49 41 23 41 34 46 30 22
4 7 7 1 4 1 1 1 18 4 7 10 11 10 1 8 2 9 7 1
26 32 40 1 27 10 36 18 53 17 17 40 32 44 8 26 30 25 27 21
27 25 27 12 19 1 23 1 38 18 21 24 22 30 19 25 15 24 14 11
12 6 9 1 3 1 9 2 13 2 1 3 1 11 4 7 4 4 1 1
14 7 12 11 3 3 16 1 19 9 3 7 5 9 4 9 9 5 6 1
26 25 18 24 5 18 35 15 35 27 19 12 20 3 17 18 28 18 2 3
21 18 34 31 12 15 39 18 59 16 14 32 27 30 21 26 36 14 9 18
45 29 50 31 35 10 38 24 62 44 21 22 49 50 18 41 17 40 31 29
14 6 13 1 2 1 18 1 16 4 1 7 5 11 2 5 8 3 5 1
37 25 25 24 16 9 33 14 43 31 21 13 28 19 20 30 16 24 11 7
11 2 5 1 1 1 9 1 14 2 1 1 1 8 1 4 1 2 1 1
33 23 28 13 21 1 22 1 42 22 19 18 27 29 16 30 15 25 11 9
9 6 4 9 1 1 10 4 23 5 7 11 11 12 1 8 11 8 9 4
28 20 24 15 27 5 17 9 34 26 19 20 23 26 11 26 8 20 22 6
7 1 4 9 1 1 5 1 10 1 1 3 1 3 3 4 2 1 1 1
22 20 25 22 13 5 24 15 50 18 18 24 18 28 11 24 19 19 14 8
17 11 21 6 6 1 20 12 34 6 7 16 16 24 8 17 18 10 10 12
23 24 31 19 11 1 33 4 56 14 17 19 26 38 19 38 35 31 1 20
7 10 11 18 1 1 16 1 33 6 6 15 4 10 6 10 13 7 1 1
24 5 20 16 13 1 22 6 28 7 1 4 15 29 7 13 7 5 9 9
47 43 57 33 40 29 54 24 70 48 32 38 57 42 38 47 38 38 29 31
5 1 1 1 1 1 7 1 10 1 1 2 2 2 1 1 2 1 2 1
12 17 12 15 5 3 11 13 44 15 18 13 23 21 2 21 18 23 9 7
21 19 41 22 19 17 29 16 49 26 15 23 36 23 26 27 35 18 3 25
15 6 12 5 8 1 9 1 13 8 1 4 10 9 8 12 9 4 1 1
38 14 43 26 25 4 35 12 45 25 10 17 36 41 23 32 21 22 17 24
30 21 35 39 22 13 40 18 49 34 19 29 29 32 15 19 20 23 26 14
54 37 37 40 35 30 56 34 56 43 31 17 39 24 24 35 32 37 27 18
14 5 2 10 6 2 6 6 16 8 6 4 1 5 1 12 4 7 1 1
63 42 44 18 39 30 55 12 48 37 28 26 39 28 42 56 33 40 18 26
42 23 44 11 26 17 43 17 56 17 7 23 36 42 16 43 36 26 22 31
22 15 28 13 13 9 23 7 28 18 8 12 17 13 18 15 17 6 3 8
16 11 27 17 11 14 24 12 36 13 7 16 21 17 17 15 25 5 2 14
7 17 18 19 5 16 23 10 23 18 14 20 13 4 15 6 22 12 4 10
21 10 26 12 12 5 19 5 33 14 4 8 24 19 10 30 24 17 4 14
22 9 17 9 11 1 22 6 19 10 5 11 12 16 3 6 7 8 14 7
6 1 8 14 1 1 11 3 24 1 2 11 5 17 7 5 7 2 4 2
12 2 10 4 5 1 6 3 19 5 2 5 11 12 5 12 10 6 3 6
19 22 42 17 20 10 25 11 54 25 20 31 38 30 23 30 24 21 12 18
26 34 44 23 27 8 33 13 60 30 27 35 41 42 17 31 32 34 25 17
15 1 23 17 7 1 18 9 32 11 1 6 20 28 7 13 13 1 8 13
37 18 37 18 28 8 33 19 49 27 15 20 38 35 11 34 24 21 22 21
55 34 52 36 35 13 54 27 69 44 26 31 44 48 29 38 29 36 23 25
27 30 23 24 7 12 26 15 54 18 22 11 30 28 13 38 30 38 5 14
18 23 41 19 17 3 26 13 67 9 14 29 38 53 10 40 30 30 17 23
30 17 22 17 9 8 28 19 33 25 14 7 23 16 17 27 21 15 6 10
49 24 55 31 40 20 49 25 68 36 14 29 52 52 25 44 35 32 34 37
41 26 39 2 30 1 33 8 39 25 22 25 34 38 25 28 21 24 17 23
10 6 1 9 1 1 9 8 19 7 6 2 1 6 1 7 7 7 1 1
54 39 55 18 46 9 45 26 63 40 30 38 53 54 23 51 32 35 33 33
38 37 51 18 37 17 45 9 45 36 29 37 41 26 31 33 25 29 17 20
33 8 29 20 22 3 26 4 33 16 5 15 25 28 18 25 8 7 13 6
73 48 58 35 54 20 63 32 65 56 44 38 55 46 42 55 32 50 23 41
48 29 43 24 42 14 37 14 52 40 23 20 51 38 24 49 24 37 30 24
31 14 34 16 17 5 23 12 38 22 9 8 30 25 18 30 12 17 4 20
44 13 34 32 25 5 38 15 49 27 9 16 29 37 16 31 15 20 18 13
25 26 39 23 17 14 42 18 48 23 18 27 30 28 21 15 33 19 9 24
16 12 18 12 1 1 16 3 33 8 5 4 14 17 4 25 18 19 2 10
11 5 19 2 2 1 12 1 24 7 1 9 13 9 7 14 16 6 1 3
26 26 33 16 21 11 26 6 41 31 23 26 33 15 20 30 23 24 12 11
20 20 30 6 16 3 19 7 38 15 15 21 22 25 15 21 15 17 10 9
27 14 49 26 18 12 45 21 65 11 9 36 41 51 21 37 49 16 14 29
39 31 43 12 27 25 48 8 58 22 15 30 37 41 25 39 40 29 22 30
31 20 18 17 19 11 23 10 34 24 19 16 20 11 15 29 16 20 9 2
14 1 10 1 7 1 7 2 7 8 1 1 6 5 8 9 3 1 1 2
31 11 10 21 12 7 21 16 27 21 11 3 13 13 6 18 7 12 9 6
25 13 15 14 5 2 17 12 36 12 8 3 14 17 8 24 17 14 1 6
32 29 45 25 24 26 41 26 47 36 26 34 40 19 35 28 32 22 7 28
27 8 28 10 16 1 19 10 34 12 4 11 21 25 16 24 10 6 7 12
38 17 21 26 14 8 33 18 40 27 11 6 22 20 12 25 19 15 10 7
22 24 26 20 26 7 21 10 48 19 20 25 26 36 14 29 14 24 23 7
19 12 25 13 10 1 24 1 36 9 7 19 15 28 10 13 10 10 12 2
37 44 47 31 26 20 41 19 76 33 33 31 45 45 26 55 43 47 17 20
45 43 44 38 32 33 59 24 57 38 28 33 39 28 31 33 35 37 24 28
23 22 17 20 16 6 15 11 47 18 20 17 19 27 7 27 11 23 14 5
35 19 32 17 20 1 27 12 52 18 15 14 31 41 8 32 21 27 13 21
6 1 3 5 2 1 2 2 12 1 1 1 1 7 1 1 1 1 1 1
15 13 17 8 5 4 19 2 30 4 6 15 3 14 8 8 13 7 1 3
26 4 16 8 18 8 22 5 15 11 3 9 16 12 8 16 11 5 12 10
39 31 50 24 32 12 44 24 63 36 19 35 44 51 16 29 24 34 33 28
16 21 15 13 8 1 12 6 32 14 17 16 12 18 6 18 7 21 11 1
15 1 8 1 10 1 1 1 4 7 1 1 8 1 7 11 1 1 1 1
47 37 43 36 28 8 49 13 74 30 36 35 49 52 32 54 44 44 16 20
49 44 46 25 31 32 55 22 77 28 29 30 49 46 34 57 54 50 19 36
34 19 12 27 14 14 25 14 37 23 19 9 20 13 17 28 16 20 9 3
11 11 15 9 4 6 15 1 21 11 6 14 4 6 8 11 12 8 4 1
20 21 25 19 5 10 32 18 50 14 14 22 17 22 10 21 29 16 8 12
55 31 59 28 50 26 52 22 57 41 14 32 49 51 32 36 20 31 39 35
20 7 12 10 16 11 13 1 15 3 1 5 9 13 12 15 6 7 7 9
24 8 17 11 13 7 20 4 31 14 5 11 14 12 9 22 16 9 5 6
17 13 13 10 7 1 12 3 35 12 12 11 17 19 1 21 16 20 9 6
21 8 25 14 10 5 27 1 37 6 1 13 15 25 9 19 19 9 5 8
29 30 52 18 34 4 36 27 65 29 25 36 51 60 15 42 38 38 37 29
3 1 5 4 1 1 6 4 13 2 1 5 1 7 1 3 7 1 1 3
14 7 6 10 5 1 9 4 21 9 8 9 9 8 4 14 12 11 5 4
19 12 22 7 15 1 11 3 34 12 10 13 27 25 8 25 17 20 12 12
34 28 51 23 20 7 45 14 65 27 20 33 37 40 33 41 43 24 6 25
23 7 25 21 10 1 21 1 36 14 4 12 18 15 17 30 20 8 1 3
29 22 38 8 22 1 29 11 53 14 16 28 35 46 15 29 24 21 18 22
50 47 57 35 33 31 55 29 75 41 36 28 59 43 30 63 43 50 20 35
54 35 43 23 38 11 43 6 54 29 27 28 36 39 39 53 30 36 18 27
15 13 10 2 7 1 14 1 24 1 9 12 11 17 4 7 7 12 7 2
38 17 24 26 20 7 27 13 32 29 15 9 23 17 19 28 13 16 12 9
16 15 19 13 8 8 23 3 38 12 9 18 18 20 7 13 21 13 10 7
15 5 6 6 2 1 9 1 13 7 1 1 1 8 1 7 1 4 3 1
34 43 46 20 26 16 45 11 67 20 31 32 42 45 17 52 43 48 16 30
45 31 63 27 50 11 38 35 65 45 27 35 64 55 23 47 24 39 38 37
4 2 1 3 1 1 3 1 13 1 3 7 4 2 1 2 5 3 2 1
10 12 10 3 8 1 5 1 25 5 9 12 10 15 1 8 2 11 9 1
31 24 33 16 21 4 26 14 55 25 20 19 33 30 14 39 22 27 11 13
26 37 42 23 30 10 36 10 58 29 30 39 38 37 24 34 32 33 23 11
23 12 18 5 10 1 18 5 31 8 8 13 16 23 8 19 16 15 10 8
14 13 24 21 13 1 12 10 41 14 14 24 19 30 14 20 12 15 13 9
46 38 46 31 28 21 43 34 71 37 24 37 45 49 25 51 34 35 29 22
28 29 36 22 16 11 31 9 56 27 22 28 31 29 23 30 28 27 12 12
45 10 44 32 33 14 43 16 48 18 17 31 32 41 36 40 28 18 11 21
40 13 43 27 30 12 37 17 48 34 9 13 39 34 18 32 25 19 17 27
15 4 10 7 7 1 10 4 11 11 1 4 7 10 7 10 5 4 7 1
27 20 33 17 17 14 32 10 35 27 15 21 26 11 23 17 17 12 6 13
16 10 13 8 5 1 16 6 31 3 6 12 8 18 3 8 11 9 7 5
18 13 10 17 5 4 18 7 29 10 8 7 6 12 4 15 13 12 4 1
36 17 16 24 17 10 22 14 35 28 18 7 23 10 21 31 13 18 4 6
14 7 12 6 7 1 10 3 31 7 5 11 11 13 3 15 13 9 3 4
43 32 30 27 21 13 35 26 59 26 28 18 33 28 26 41 32 32 8 14
28 26 25 30 19 9 25 16 57 24 25 25 30 35 19 38 22 27 17 5
23 9 21 9 15 1 14 2 33 9 6 10 17 22 13 22 7 9 5 5
16 3 13 5 7 1 11 4 17 10 2 5 11 13 5 6 3 2 8 4
27 12 18 16 15 1 20 12 25 20 10 10 16 22 6 13 5 12 17 10
48 38 51 25 31 13 47 18 66 26 28 23 46 54 29 58 46 45 16 43
31 25 25 14 15 6 32 5 42 17 18 23 19 22 15 27 27 23 8 11
41 29 46 25 30 6 39 15 62 27 25 35 36 47 26 45 26 29 21 15
16 8 19 11 6 4 15 11 34 11 6 9 16 19 5 21 25 14 3 14
7 5 12 15 1 1 11 1 26 1 1 11 3 14 9 11 4 5 1 1
16 3 14 12 6 1 11 1 17 9 1 3 9 12 9 11 3 1 5 1
43 26 35 33 18 11 43 19 58 31 19 19 30 33 25 35 29 24 12 13
42 25 42 20 30 1 40 8 46 26 21 30 33 42 31 32 23 24 19 20
22 4 18 15 14 4 22 12 16 15 1 3 15 21 1 2 1 8 17 13
29 27 24 19 19 8 21 11 46 20 22 17 19 28 15 33 11 27 11 5
25 11 41 25 17 9 35 13 50 22 5 17 33 34 15 22 27 16 12 23
15 12 19 7 13 4 13 1 27 16 11 17 19 13 12 18 13 11 9 4
57 26 56 31 49 27 48 24 44 40 16 15 58 38 32 52 25 37 22 46
9 4 10 5 5 1 10 1 23 7 4 8 16 18 1 7 8 8 11 5
21 23 32 13 18 10 27 11 51 14 16 29 24 31 12 24 24 17 14 12
18 19 13 16 16 5 12 8 37 18 19 17 17 19 5 24 13 21 13 4
51 31 47 54 32 28 62 31 67 42 18 33 42 45 30 38 36 31 28 26
24 16 33 13 11 6 29 9 35 21 9 18 23 22 16 13 17 9 10 10
35 33 35 26 20 2 43 13 65 27 29 29 37 48 25 37 34 35 17 22
27 22 29 3 16 1 25 4 40 13 17 20 25 34 19 27 26 23 9 23
39 26 37 19 27 24 38 14 47 30 15 20 36 21 30 41 32 23 9 22
23 25 39 33 15 17 41 20 56 29 17 24 34 33 19 21 34 25 14 26
18 8 13 20 7 2 15 6 26 12 6 7 3 13 10 17 10 7 1 1
47 16 42 19 34 7 39 19 41 27 11 17 33 38 19 25 20 19 19 26
11 2 7 5 3 1 9 1 11 8 2 5 4 7 4 7 4 3 5 1
9 2 9 2 2 1 10 4 21 3 1 7 3 8 1 4 10 1 1 3
12 25 28 6 11 6 20 1 42 15 18 27 22 25 11 22 21 22 12 6
56 38 47 13 40 18 50 5 53 32 22 32 37 35 39 50 34 34 19 27
15 17 17 7 6 2 16 2 27 10 12 17 8 14 7 15 10 16 7 2
21 40 54 44 31 11 41 20 69 39 37 53 42 47 41 43 39 34 30 8
28 37 41 25 33 14 28 15 50 40 33 36 35 25 28 36 24 30 20 9
64 34 52 30 49 27 54 25 38 42 25 24 43 31 38 49 20 32 15 35
35 22 38 26 24 11 30 15 48 23 19 26 34 30 30 33 16 20 9 17
19 11 10 15 7 1 17 6 29 11 9 9 12 12 1 16 15 14 8 6
39 27 33 6 30 1 30 2 40 22 23 27 27 30 26 33 21 25 12 17
27 5 21 24 18 8 22 16 27 24 5 10 23 22 6 12 7 13 21 17
11 6 17 11 8 1 11 3 36 6 5 10 19 29 1 11 10 11 11 9
57 19 54 21 43 18 49 28 50 31 8 17 50 50 22 44 26 26 31 40
12 5 7 2 4 1 14 2 13 4 1 3 6 12 1 3 6 3 6 2
23 42 55 38 34 12 44 22 66 41 35 49 45 49 37 38 37 35 36 12
9 2 8 8 2 1 6 1 17 3 1 1 8 10 2 10 10 4 1 4
54 43 57 41 38 23 49 22 73 38 36 36 54 45 42 69 37 50 11 32
35 35 48 49 34 11 46 26 67 42 37 46 43 49 34 43 38 34 33 11
12 5 7 10 7 1 14 4 16 10 6 10 7 10 1 6 8 7 10 5
31 19 15 33 13 15 32 18 49 21 19 14 23 23 19 34 28 23 8 7
34 19 37 37 16 15 45 25 58 31 14 20 30 32 17 23 30 18 13 20
28 17 36 24 18 6 31 16 57 8 14 33 31 46 19 30 26 14 19 16
34 14 29 16 26 12 27 13 33 23 12 16 26 15 21 26 14 11 4 16
19 8 15 13 6 1 16 11 27 11 5 6 6 13 4 14 13 7 2 6
18 8 10 20 6 1 18 5 22 11 5 3 4 16 5 11 6 7 6 2
60 30 58 47 36 20 61 25 75 42 26 29 55 50 39 55 41 33 20 27
15 1 10 9 7 1 12 5 10 10 1 4 11 10 4 6 6 1 10 6
48 25 42 19 32 17 38 1 48 23 12 24 35 38 37 46 18 24 19 18
15 17 18 7 4 5 21 1 27 7 10 19 8 12 10 11 14 12 7 3
35 35 44 14 38 4 36 7 48 27 28 36 34 41 26 36 24 32 25 13
38 36 50 20 32 19 57 23 58 30 26 41 39 37 28 32 43 27 15 36
23 29 45 35 24 23 39 19 60 29 25 40 34 27 33 29 32 23 10 20
35 36 53 36 23 18 45 21 78 39 32 37 53 42 34 53 46 38 15 22
33 25 53 20 22 19 45 28 59 25 8 24 47 47 10 41 45 24 23 37
11 1 6 1 6 3 11 1 9 1 1 4 2 1 1 6 8 1 1 1
38 37 43 16 38 1 31 7 56 30 33 36 43 51 25 39 28 39 30 23
11 7 7 10 4 1 10 5 20 4 5 8 1 11 1 6 5 6 6 4
28 10 44 31 19 11 39 16 48 21 11 33 32 30 31 28 34 6 8 16
43 33 31 44 23 27 42 36 58 38 34 19 33 21 33 39 37 35 20 17
42 33 48 24 38 13 39 8 55 31 21 33 37 43 32 48 21 31 28 12
11 12 18 21 4 7 17 7 36 14 10 18 7 13 13 11 15 8 2 4
42 15 44 33 29 7 41 17 59 22 11 26 39 53 20 32 23 25 24 24
21 5 16 7 11 1 11 1 18 10 1 3 16 14 7 16 10 7 7 7
19 15 23 13 15 4 20 1 37 12 11 23 15 23 12 18 12 12 13 1
21 1 8 12 13 1 17 4 17 10 1 1 14 11 1 13 8 4 7 8
25 15 25 6 12 3 26 1 31 9 9 15 19 23 12 21 23 16 7 13
17 24 26 15 12 7 25 18 51 22 20 28 25 26 7 23 25 20 19 8
9 4 7 1 1 1 6 1 18 1 1 1 4 12 1 8 5 4 1 1
17 15 28 13 11 7 22 10 42 19 12 20 27 30 8 19 24 19 17 17
11 8 7 7 1 1 13 3 21 7 6 8 1 6 1 9 8 8 2 1
5 3 4 3 1 1 3 1 14 1 1 1 1 7 1 3 1 1 1 1
15 7 8 9 2 1 14 1 14 7 2 2 2 7 2 9 4 6 4 1
44 30 65 36 34 11 53 15 69 26 27 37 57 58 33 58 44 38 21 31
23 17 18 19 9 2 25 12 38 15 13 14 12 26 4 13 12 17 14 8
29 8 22 8 16 1 17 5 20 16 4 7 17 19 10 14 2 7 11 6
13 10 9 6 3 1 13 1 28 1 6 11 7 15 4 8 9 9 5 1
24 5 20 23 10 3 19 4 37 6 4 8 15 24 14 30 15 8 1 6
40 19 53 35 22 9 49 21 72 24 15 33 47 50 24 45 46 20 16 25
41 31 36 24 25 22 43 35 60 25 12 31 29 41 8 37 37 28 25 28
21 15 31 19 10 9 28 9 41 21 9 18 26 23 13 15 23 13 10 14
34 32 32 13 22 6 30 9 45 28 27 26 27 27 19 35 19 30 16 7
43 33 51 38 38 8 39 16 70 34 35 39 47 48 38 62 37 39 18 13
41 15 28 40 20 14 40 29 49 28 15 11 33 30 21 33 26 17 13 15
27 17 28 19 12 11 30 19 45 27 15 20 29 22 17 28 30 17 13 14
39 17 41 24 22 12 34 6 56 13 6 16 34 43 26 49 30 24 9 23
62 40 58 30 40 17 58 19 66 46 32 26 52 45 41 58 44 40 14 36
65 31 49 31 45 18 50 27 49 43 26 20 42 38 31 45 17 35 21 34
18 8 13 17 9 1 17 4 27 11 7 12 10 18 6 8 7 8 12 5
38 30 45 23 29 22 46 10 50 26 19 28 35 27 35 31 31 23 9 22
17 19 31 13 24 4 20 18 51 15 16 28 35 44 7 23 22 19 28 18
10 1 4 2 4 1 9 1 11 1 1 5 1 4 1 2 5 1 1 1
46 41 61 35 40 20 56 36 82 44 28 45 53 58 20 42 41 37 38 32
15 13 25 15 3 6 22 7 42 11 4 9 21 25 6 26 25 18 4 15
40 6 43 26 28 6 36 14 49 15 12 25 38 41 31 41 28 13 8 21
17 2 17 12 9 1 16 1 18 13 1 5 10 11 8 6 8 1 6 2
30 35 61 37 34 19 43 25 69 42 29 38 59 51 29 40 41 39 30 32
56 34 42 30 34 28 53 14 55 34 19 23 36 40 34 48 33 32 26 24
19 7 10 8 15 3 10 1 19 9 8 11 13 12 4 10 2 8 13 3
5 1 2 6 1 1 3 1 19 1 1 2 1 9 1 1 1 1 1 1
24 4 6 8 10 2 10 3 15 14 4 1 10 1 7 22 8 6 1 1
30 16 25 12 14 2 28 7 40 13 9 13 16 26 12 23 21 13 4 11
25 46 39 26 23 12 38 28 74 33 40 37 44 44 25 45 45 47 20 16
39 27 31 32 23 13 36 13 52 30 25 27 31 28 25 41 24 27 17 4
53 32 38 25 30 13 40 22 53 37 28 14 45 34 26 48 27 38 14 22
54 37 55 32 33 17 55 26 83 30 29 39 54 53 38 65 53 38 13 29
35 31 41 15 39 26 39 14 56 20 20 40 39 46 22 36 32 29 37 32
37 11 24 17 19 4 27 6 27 23 7 1 24 15 12 32 15 14 5 10
23 10 26 11 16 12 28 11 34 14 6 19 20 19 12 18 21 6 12 14
36 18 20 25 18 6 27 19 41 27 15 9 26 27 7 21 12 22 19 12
14 5 9 3 11 1 4 1 19 6 6 9 14 9 2 17 6 11 7 3
12 21 24 12 17 9 20 10 46 17 18 29 24 25 7 18 22 16 16 8
20 10 21 18 9 4 15 9 38 18 9 7 22 21 12 30 21 19 4 13
31 20 30 1 18 4 28 6 30 17 16 19 20 23 22 25 16 18 8 14
38 23 53 45 33 13 49 24 73 34 31 47 48 55 31 37 40 27 22 25
33 24 17 29 13 16 26 18 46 21 19 2 25 15 16 36 27 30 4 7
14 20 23 11 6 7 22 2 42 7 13 22 18 21 12 15 24 17 4 8
29 20 48 21 19 8 38 18 55 30 13 24 42 38 17 22 27 20 20 24
39 19 44 39 25 18 49 28 70 24 21 42 38 40 29 45 49 19 11 23
44 41 52 35 33 13 44 23 72 47 34 33 52 48 29 48 38 43 29 19
36 41 47 36 29 12 43 27 71 35 33 24 54 56 14 46 36 53 32 30
12 1 9 2 2 1 12 1 13 3 1 3 3 5 1 2 5 1 2 1
49 30 34 24 34 17 48 13 43 25 17 19 31 34 24 36 26 29 21 26
35 27 57 33 26 16 50 22 68 24 23 48 44 49 34 34 40 20 22 23
45 28 33 6 30 15 32 4 40 22 15 19 28 31 25 38 16 28 19 18
17 4 11 18 7 2 14 3 26 6 3 8 2 14 9 17 5 4 1 1
22 11 15 6 13 5 23 5 22 8 6 13 12 15 4 10 12 9 12 6
18 12 12 12 5 1 12 3 22 9 8 8 3 9 7 15 6 12 2 2
3 1 6 2 1 1 8 5 16 1 1 1 4 11 1 1 6 1 1 4
5 1 1 8 1 1 2 1 15 3 2 3 2 3 1 4 2 3 1 1
18 6 7 10 1 2 13 12 23 14 6 1 11 10 3 12 10 7 3 4
18 11 18 16 10 8 22 4 30 12 8 18 10 17 11 8 13 5 10 4
63 30 56 34 40 17 59 20 64 29 23 30 49 48 45 59 34 31 16 30
13 1 9 1 4 1 3 1 12 6 1 1 7 5 5 10 1 1 1 1
31 16 26 9 24 8 19 9 31 19 13 15 25 23 15 26 9 15 14 12
49 43 44 30 26 25 55 29 74 34 36 33 46 37 33 50 52 41 13 24
46 46 41 48 29 30 55 28 69 43 39 29 41 23 34 43 41 40 24 11
37 14 29 31 20 14 37 28 42 33 11 14 26 26 11 17 21 18 19 20
27 46 46 22 27 13 38 13 60 36 39 47 36 37 31 32 35 40 21 17
57 41 60 17 48 21 54 10 65 32 28 41 53 56 47 55 35 39 27 36
37 17 28 20 17 10 35 22 43 26 11 10 30 22 16 31 28 11 10 13
51 41 67 27 46 16 49 23 73 42 34 42 60 54 35 50 36 42 25 39
27 17 24 6 21 1 16 1 37 14 13 16 21 26 10 25 8 17 11 4
15 13 12 5 11 2 14 1 30 4 9 13 13 17 3 18 12 16 5 4
23 18 24 18 8 4 28 9 49 11 10 15 16 29 11 22 26 18 4 12
25 21 31 27 6 6 32 18 60 13 17 22 27 39 19 36 32 26 9 18
39 25 31 31 29 11 29 26 56 36 25 19 40 40 12 34 20 31 27 20
27 12 27 10 16 3 25 17 41 21 12 18 31 26 9 27 24 15 16 16
58 26 51 54 36 23 60 30 62 49 23 28 46 39 40 43 33 25 20 22
18 7 17 7 7 1 14 5 26 11 3 8 12 15 10 18 11 8 4 5
19 12 10 14 3 1 15 4 21 11 7 2 3 6 7 17 9 11 1 1
35 34 51 23 24 15 39 26 69 21 25 28 50 55 8 54 38 41 29 33
26 30 33 22 24 22 39 13 47 25 21 29 32 25 19 20 24 24 18 18
40 25 36 10 33 1 29 8 36 29 21 20 30 32 16 32 7 24 19 14
24 20 36 26 12 13 34 8 44 25 13 24 23 19 29 23 23 13 5 9
22 16 19 21 6 1 28 4 32 9 11 13 8 21 14 22 17 15 3 5
43 36 55 24 32 19 56 21 71 20 19 27 52 59 19 45 43 42 26 45
35 17 31 17 19 1 26 5 45 18 13 14 28 33 16 34 23 25 10 17
23 8 21 9 12 4 25 6 20 14 1 8 15 16 5 9 14 3 11 8
47 43 59 24 39 21 57 12 71 27 29 40 51 57 42 49 55 41 24 46
26 19 23 16 9 10 25 14 32 25 13 9 16 9 18 25 17 14 1 7
22 17 25 14 13 1 21 4 50 6 12 16 24 38 10 27 20 25 9 16
11 5 5 4 3 1 12 1 12 3 2 6 2 7 1 3 4 4 5 1
13 3 14 16 4 1 11 2 27 10 3 8 12 11 10 19 13 8 3 5
14 16 6 23 1 11 20 12 35 16 14 11 7 6 10 14 19 14 1 1
25 7 16 3 12 5 14 1 21 5 1 1 14 14 8 24 6 11 4 7
39 19 37 41 30 23 48 24 46 33 10 22 31 33 21 22 20 20 24 25
20 3 11 1 7 1 8 1 11 7 1 1 4 8 5 12 1 2 1 1
30 24 40 24 27 16 42 19 59 21 15 34 35 42 14 28 28 15 26 21
16 3 9 10 12 1 15 6 11 11 1 3 13 12 1 7 8 3 11 7
32 19 37 9 19 7 30 5 44 17 12 20 28 27 22 30 29 16 3 16
16 9 17 12 8 3 11 6 31 9 4 2 17 20 4 26 17 16 1 13
50 28 36 20 32 9 40 10 45 30 23 18 30 30 30 44 25 26 8 19
35 15 36 27 23 17 40 16 32 31 8 16 25 20 14 14 16 14 16 18
15 3 17 9 7 3 13 5 29 8 1 8 14 17 5 14 19 5 4 9
26 10 17 8 15 3 15 4 25 18 11 8 19 9 11 29 16 16 3 8
7 6 5 3 2 1 1 1 15 3 4 7 3 7 1 4 1 6 3 1
15 10 14 8 5 4 21 1 19 6 2 10 4 9 5 4 11 4 5 1
11 7 13 5 5 1 11 1 24 9 4 13 9 9 7 5 7 3 5 1
13 17 13 1 10 1 12 1 26 3 13 16 12 19 5 10 6 16 9 3
7 3 3 11 1 1 7 1 24 4 1 2 5 12 1 6 3 4 2 1
46 34 59 26 39 26 58 33 67 34 19 41 51 49 20 30 37 28 34 38
22 4 17 4 15 1 10 8 16 12 5 7 15 11 12 15 8 4 4 9
24 14 34 26 15 10 33 8 47 17 13 30 27 27 25 19 26 8 9 8
29 10 18 12 22 9 15 2 21 16 9 8 21 5 17 28 4 12 3 10
28 10 27 20 12 2 31 21 38 19 6 12 18 29 4 18 16 10 16 17
20 20 9 16 6 8 19 9 32 17 17 13 11 6 8 18 16 18 4 1
13 10 10 13 11 1 13 5 26 8 10 14 11 21 6 5 6 10 14 5
5 1 3 1 1 1 9 1 9 1 1 1 6 7 1 2 6 1 2 1
28 18 32 10 14 4 29 8 43 14 11 16 24 33 14 26 29 20 7 20
18 10 13 11 5 2 15 5 30 9 6 4 14 15 2 24 20 17 1 9
12 8 16 10 1 4 19 1 21 8 1 10 4 8 7 2 10 1 2 1
16 9 6 12 5 1 13 4 19 8 6 6 3 9 1 9 5 9 5 1
13 3 9 4 1 1 9 1 10 6 1 1 3 6 2 7 1 2 3 1
29 32 31 35 20 17 32 19 65 28 29 18 39 33 22 50 36 41 11 10
45 23 37 34 22 10 44 25 52 33 18 12 33 38 22 32 26 26 17 21
15 2 13 6 4 1 12 1 19 9 1 1 13 16 1 13 10 6 5 6
34 24 39 12 24 9 41 8 47 13 14 27 27 39 20 22 22 18 15 21
19 22 31 2 19 1 12 1 38 17 18 19 30 29 15 32 14 25 10 8
28 14 28 17 18 7 27 9 33 28 12 16 27 17 16 19 15 10 12 12
24 11 36 29 16 12 33 11 41 23 9 26 25 21 27 18 24 6 5 11
35 10 30 19 23 6 26 1 31 14 10 18 24 20 26 30 5 8 4 6
50 37 57 22 32 25 54 18 70 29 17 25 49 45 34 60 46 40 15 38
14 4 9 5 9 5 16 5 17 6 1 6 5 11 2 7 10 2 5 4
23 24 19 16 7 7 28 20 50 17 20 19 25 28 7 26 24 24 15 9
33 26 40 29 15 4 43 11 64 13 18 22 36 50 17 45 38 34 9 25
18 5 14 2 8 1 13 1 20 10 3 9 13 10 7 12 8 4 6 1
41 22 54 26 40 9 39 28 63 38 13 30 53 55 16 35 21 29 38 32
33 16 37 15 29 6 27 14 37 31 13 18 39 36 10 23 11 24 29 18
18 5 10 13 9 1 16 7 13 14 5 7 11 10 4 9 8 6 11 7
44 32 60 22 34 9 47 16 72 24 26 39 53 55 39 57 43 38 11 38
24 9 15 5 12 1 16 3 13 7 4 6 9 15 6 11 4 7 8 6
14 10 14 15 10 1 13 14 37 10 11 17 15 21 5 14 15 12 11 11
20 27 33 12 12 6 22 3 48 24 20 24 27 23 12 32 25 28 11 6
31 8 24 1 18 6 23 4 25 8 1 4 20 23 12 23 11 7 8 12
21 5 26 22 9 1 24 11 42 5 3 16 18 31 13 25 21 4 5 9
49 31 44 13 36 17 39 14 49 23 19 25 39 32 32 46 19 30 15 30
22 13 18 8 9 1 19 1 26 8 6 9 8 12 10 18 14 10 1 3
31 20 31 16 20 5 27 4 37 24 14 18 25 22 18 24 13 17 14 8
12 4 5 13 7 1 9 1 14 7 1 5 5 9 4 5 4 4 7 1
55 34 68 27 40 16 61 32 67 35 22 25 60 57 25 58 46 39 23 50
24 8 15 10 11 1 13 1 14 13 3 3 8 10 9 16 4 7 6 1
22 11 29 22 18 1 22 17 39 22 12 20 28 34 12 18 13 13 23 17
32 14 42 22 22 9 31 17 48 24 12 19 37 34 24 35 22 19 10 27
37 34 56 18 29 13 48 22 73 19 21 33 51 59 10 50 43 37 26 38
33 34 45 22 25 22 48 20 63 21 25 39 38 34 28 33 41 29 13 31
18 10 24 7 9 1 17 1 35 5 3 11 13 22 14 19 17 9 1 7
10 10 25 14 6 2 19 13 47 4 5 11 30 38 1 19 23 18 13 23
41 28 32 20 28 9 32 9 46 25 23 22 25 30 23 39 15 27 15 10
53 38 40 30 39 27 45 32 54 46 39 27 47 21 34 50 28 39 13 20
27 29 50 8 29 3 28 19 62 25 20 34 49 51 17 47 35 33 27 24
19 1 9 1 11 1 5 1 1 9 1 1 7 1 6 9 1 1 2 1
19 9 18 3 10 1 19 6 33 1 4 11 15 24 5 17 18 9 2 13
43 17 55 39 35 18 52 36 69 29 10 42 54 62 23 36 38 24 39 39
9 8 7 9 4 1 3 3 21 8 8 10 6 11 4 8 1 9 7 2
11 2 6 7 4 1 8 2 12 6 3 6 6 8 2 3 2 3 8 3
27 9 35 24 15 4 36 14 52 10 3 19 28 42 12 31 30 13 12 19
14 16 31 14 4 8 28 12 50 13 9 24 26 27 12 15 27 12 10 14
14 1 9 1 5 1 10 3 16 5 1 2 9 13 1 4 6 1 4 4
32 18 38 19 18 14 40 1 46 9 6 23 27 32 24 32 28 17 12 15
21 1 16 5 13 1 15 1 16 8 1 4 17 12 2 15 12 4 6 9
26 33 44 19 18 6 38 1 63 22 26 39 34 38 29 35 38 33 12 20
73 41 54 31 50 29 65 23 62 47 27 31 50 49 38 52 34 47 34 38
42 15 28 31 20 12 36 31 47 32 12 6 35 32 10 27 23 23 18 22
56 23 41 28 44 26 43 27 45 39 10 21 42 40 25 38 18 31 36 35
24 15 25 13 20 1 13 3 35 21 11 14 24 28 9 20 3 15 18 3
33 8 31 21 21 4 28 14 41 28 5 12 31 27 7 21 16 19 18 17
23 16 23 24 11 5 27 16 45 10 11 14 17 31 14 28 22 15 6 12
31 16 35 38 18 10 42 15 56 21 20 33 28 32 25 27 32 15 9 13
11 14 8 15 11 2 5 8 36 12 15 13 15 19 1 18 10 19 9 6
38 15 27 8 27 11 32 4 25 13 1 9 25 27 13 23 11 14 19 19
9 4 10 7 3 1 11 6 28 2 1 7 6 12 1 8 12 2 1 4
12 6 8 10 3 1 5 2 16 10 5 5 3 4 5 11 2 6 1 1
45 23 42 13 36 2 38 7 47 28 18 25 39 39 18 33 23 27 21 22
9 4 7 4 2 1 10 3 18 3 1 4 6 15 1 1 1 3 7 3
20 9 32 25 15 10 35 17 38 16 6 23 22 29 15 12 24 3 14 17
28 26 40 21 21 25 35 14 50 22 13 23 32 26 26 31 33 23 9 25
35 21 24 20 16 2 29 13 37 22 17 14 20 28 11 21 11 22 15 14
20 13 18 11 6 7 21 20 34 12 5 12 14 20 2 20 18 9 9 13
36 19 46 15 27 10 37 23 51 27 14 24 47 35 16 40 29 24 17 35
10 6 9 15 1 1 11 1 20 5 1 5 6 11 6 9 7 5 5 1
30 19 17 21 9 8 27 14 26 21 14 6 14 19 11 21 13 18 11 8
8 4 11 1 1 1 10 1 15 4 1 7 3 5 4 5 8 1 1 1
36 35 56 29 31 23 42 26 69 26 30 32 56 47 21 56 37 42 23 40
5 1 1 7 1 1 6 1 12 1 1 1 2 5 1 1 1 1 2 1
9 4 3 5 2 1 7 1 14 1 2 5 3 6 1 1 1 3 5 1
9 2 4 3 3 1 11 1 15 1 1 3 3 9 1 1 5 1 3 1
22 32 52 15 18 9 35 15 64 17 23 27 47 47 17 46 38 38 14 32
10 9 14 8 11 1 13 9 27 11 9 12 20 24 1 5 8 9 17 9
14 5 5 8 4 1 13 2 20 6 3 5 6 8 1 10 11 5 3 1
10 26 35 17 20 9 20 17 49 23 23 36 29 30 16 19 26 20 21 11
27 27 54 46 29 22 50 30 69 39 24 45 50 46 28 22 35 28 28 30
13 11 20 16 5 7 18 3 35 11 4 14 11 13 13 12 17 4 1 3
1 1 3 4 1 1 1 1 11 1 1 1 1 6 1 1 1 1 1 1
41 27 39 13 34 10 32 8 46 22 22 24 35 34 27 38 14 25 15 17
35 17 22 18 23 13 33 7 33 16 5 11 17 26 13 23 13 17 17 15
50 27 35 16 33 17 39 5 39 26 14 16 29 26 30 42 18 26 15 19
16 4 10 7 7 3 14 3 22 2 1 5 3 11 3 9 9 1 2 2
16 1 12 5 8 1 12 3 8 11 1 1 12 9 5 7 6 1 7 3
34 17 35 13 20 4 35 15 41 18 10 18 27 36 13 25 27 16 14 23
31 19 37 22 17 6 32 17 53 14 11 30 27 44 17 30 21 16 20 17
7 2 7 13 3 1 7 5 22 2 2 7 2 14 5 4 3 2 3 4
30 13 27 23 12 1 28 4 40 10 10 18 14 30 22 28 17 12 2 6
13 6 9 1 6 1 13 7 17 5 4 7 6 15 1 4 7 5 7 6
27 17 21 10 18 8 22 7 32 5 12 15 13 25 15 21 13 16 6 14
19 9 29 6 14 5 17 7 33 14 7 11 27 20 14 27 23 16 1 19
29 32 47 17 25 7 27 14 60 29 25 25 46 43 21 46 25 39 17 25
23 6 33 27 11 1 27 12 46 12 10 23 20 31 22 29 22 10 1 10
21 16 14 15 14 4 11 7 31 20 17 14 20 12 9 24 14 20 11 4
16 15 24 18 16 1 15 12 43 19 15 20 25 34 6 17 9 16 21 10
53 40 62 20 42 20 58 14 78 32 24 39 56 65 32 50 46 44 32 46
17 16 16 9 7 2 18 2 29 19 12 15 14 10 5 15 12 13 10 1
8 1 1 1 4 1 3 1 5 1 1 1 1 2 1 4 2 1 1 1
14 12 17 9 5 1 17 2 38 3 5 12 10 21 7 15 18 11 1 8
23 9 13 2 10 2 16 1 14 5 4 5 7 13 7 13 7 7 5 3
21 8 9 6 15 8 16 1 15 6 8 12 11 11 7 12 7 9 12 6
29 18 15 16 12 2 26 8 31 14 14 12 15 18 6 18 14 18 11 7
23 13 10 19 7 12 26 14 30 16 10 6 11 9 8 16 20 10 2 4
12 10 10 5 1 1 10 1 17 4 6 9 4 11 5 8 4 9 6 1
24 36 48 19 23 16 40 8 65 18 24 32 43 46 19 38 36 37 18 22
1 2 1 6 1 1 1 1 16 1 2 5 3 4 1 2 2 3 1 1
43 27 39 25 27 13 35 13 53 26 22 16 35 31 29 52 28 34 1 23
11 6 10 3 4 1 10 8 25 4 6 11 12 16 4 8 13 7 7 8
14 1 10 10 5 1 7 1 21 8 1 2 13 11 4 15 12 7 3 5
42 46 59 21 45 11 48 29 79 38 33 53 54 65 25 50 47 42 40 32
17 6 16 9 10 1 21 8 18 11 1 6 18 19 1 9 14 7 13 12
28 18 30 12 15 13 33 14 45 13 9 19 22 25 12 29 27 16 11 18
49 34 44 18 42 34 49 33 55 28 8 32 45 49 13 46 39 30 38 41
32 11 37 21 23 12 35 19 47 22 7 17 33 35 9 23 27 17 19 28
20 8 19 23 6 4 24 13 42 11 6 12 14 21 12 25 22 7 1 5
17 15 30 4 9 9 25 14 43 12 3 23 22 25 8 21 26 8 10 14
17 5 10 6 9 4 14 1 14 5 1 9 5 5 5 9 10 1 5 1
22 6 14 3 10 4 18 1 14 5 1 7 4 7 6 13 7 3 3 1
58 35 52 41 39 20 55 26 69 39 25 28 49 56 32 50 27 39 32 24
28 9 19 5 16 5 17 7 25 11 5 8 17 21 9 19 8 9 10 9
9 1 16 10 4 1 9 5 21 4 1 8 7 15 10 9 9 1 1 4
36 17 41 23 22 11 42 14 46 17 7 23 23 37 23 32 23 13 14 19
24 12 16 9 20 10 23 2 26 6 7 14 19 18 8 14 11 12 17 10
39 22 28 34 20 21 43 30 50 24 20 10 26 21 23 37 33 21 11 13
33 37 49 41 26 24 54 15 73 23 31 45 42 36 39 43 47 36 9 25
30 4 26 11 20 2 22 12 26 22 2 6 27 25 7 13 5 10 17 15
19 8 13 11 8 5 16 8 34 8 6 3 17 19 2 24 17 16 2 13
52 24 50 34 34 17 52 26 53 40 13 19 39 37 24 32 24 22 20 27
19 4 15 10 9 1 16 7 15 14 1 4 13 13 3 8 4 3 12 8
13 1 7 4 5 1 6 1 9 7 1 3 1 1 3 9 3 1 1 1
16 7 10 8 5 1 14 5 23 6 1 7 8 14 5 10 10 5 6 4
10 14 15 6 6 2 17 1 36 6 7 16 14 21 2 9 14 13 10 2
7 1 4 5 2 1 3 1 13 2 1 3 6 5 1 7 6 2 1 2
11 1 8 3 3 1 5 1 7 5 1 1 4 3 5 6 1 1 1 1
33 16 29 15 16 3 28 7 38 22 9 9 21 22 16 28 17 15 5 11
12 7 6 6 1 1 11 1 13 3 2 1 1 9 1 8 3 6 1 1
32 23 26 20 18 1 30 3 43 16 19 24 18 29 19 30 17 23 10 7
22 9 24 14 11 5 21 12 42 11 6 10 24 30 5 27 24 17 9 20
41 18 34 26 22 13 35 13 45 25 13 8 33 29 27 46 24 22 6 17
8 1 5 3 2 1 12 2 9 3 1 1 3 11 1 1 1 1 5 2
34 18 24 18 19 1 27 13 36 23 14 12 21 28 7 18 9 20 18 11
48 21 33 23 35 17 34 20 31 35 19 13 34 19 25 39 13 20 11 23
22 12 19 21 8 7 28 19 43 13 9 15 16 23 7 17 23 10 10 11
29 19 37 17 21 19 37 22 45 23 9 27 31 28 15 24 34 9 18 22
47 19 45 20 40 12 35 14 42 32 12 16 46 37 17 35 10 29 27 27
24 9 26 7 11 1 20 1 32 5 2 6 21 27 10 25 18 15 3 13
21 10 2 18 7 4 17 7 24 13 10 4 7 9 3 12 8 11 6 1
13 5 7 11 6 1 8 8 25 4 4 6 3 12 1 9 5 5 1 5
6 6 19 9 3 4 18 9 35 3 1 12 15 20 2 9 23 2 3 11
27 30 60 28 31 6 40 23 68 38 23 38 51 54 27 36 33 27 32 21
46 20 37 18 33 18 38 15 36 28 8 14 31 30 22 33 22 18 22 24
35 15 36 14 25 12 31 6 37 17 5 5 37 30 16 40 22 22 12 25
14 9 4 12 4 2 9 10 26 9 9 6 7 11 1 9 7 10 5 4
6 1 1 9 1 1 7 1 17 3 1 3 2 6 1 3 4 1 2 1
45 33 49 13 36 14 55 14 53 24 23 37 40 45 29 35 42 24 23 35
33 19 33 17 28 18 38 23 46 15 7 27 29 41 11 28 23 16 27 27
16 7 15 2 5 1 13 1 16 6 3 8 7 8 9 12 8 6 1 1
11 1 6 8 1 1 7 1 17 3 1 1 2 9 3 4 2 1 1 1
34 14 41 9 23 9 35 15 40 21 4 17 33 31 15 31 28 9 14 21
19 6 6 14 6 1 17 4 20 10 5 5 3 6 1 9 8 6 4 1
36 25 40 20 28 14 29 19 61 23 19 21 46 42 19 51 30 34 21 26
24 5 24 17 14 1 18 9 33 15 3 6 24 29 5 13 10 13 16 16
12 2 5 1 5 1 10 2 13 2 1 1 6 12 1 3 5 1 4 2
62 37 58 31 47 23 59 38 69 49 28 34 56 46 23 49 29 37 34 33
14 5 13 8 7 1 6 8 18 8 1 6 7 13 7 9 5 1 4 7
40 29 48 10 31 9 38 15 54 21 21 24 47 52 19 43 34 36 18 34
41 43 36 25 26 14 41 26 68 33 39 31 41 39 27 45 40 43 15 20
15 5 9 1 6 1 10 1 15 1 1 5 2 7 4 10 5 4 1 1
9 7 7 6 5 1 10 1 23 5 7 10 14 15 1 6 9 9 11 4
35 21 31 2 26 2 26 5 36 16 17 21 27 32 17 26 16 20 11 15
31 22 33 9 22 3 23 5 52 13 18 21 31 39 17 36 26 30 8 24
17 11 12 13 2 5 18 5 28 12 6 7 9 7 5 17 20 11 1 3
32 25 37 32 13 12 42 11 46 27 18 26 21 24 27 28 27 19 9 10
54 37 41 33 31 26 46 22 59 36 31 14 45 25 36 59 39 44 12 19
21 17 37 11 13 7 27 10 45 16 8 16 34 34 9 22 28 19 12 20
17 5 11 4 9 1 6 2 16 7 1 2 9 11 6 15 6 4 1 2
11 4 4 4 9 4 9 3 9 1 1 1 3 8 1 6 5 1 1 1
33 25 35 18 20 14 34 8 35 30 18 23 28 11 24 24 16 18 9 12
20 15 19 7 10 4 21 3 38 6 9 12 18 24 5 27 22 23 5 13
15 8 8 11 1 1 10 2 15 8 3 1 1 6 3 11 1 7 3 1
11 14 26 7 9 4 18 1 36 15 11 20 26 22 6 17 21 17 14 9
45 17 39 10 32 13 36 16 30 24 10 11 35 25 23 34 13 16 8 25
57 47 46 36 38 24 52 24 73 39 41 22 54 44 34 60 44 55 22 27
50 42 49 13 40 21 49 1 57 32 26 39 44 40 36 46 36 37 25 26
47 51 52 34 28 23 52 24 76 38 42 28 56 39 33 64 45 57 12 29
35 22 28 25 16 17 40 18 56 14 11 16 27 33 21 39 30 24 11 18
51 45 52 42 33 29 64 33 77 47 35 37 57 47 30 41 47 53 26 37
48 33 37 38 34 27 38 31 44 45 33 27 38 23 36 44 24 33 10 28
19 11 8 5 9 1 13 1 26 2 7 9 7 14 4 14 5 11 2 2
18 4 8 10 8 4 15 5 20 5 2 4 2 6 2 13 8 4 1 4
52 31 45 44 32 23 54 44 73 43 24 22 51 44 22 38 35 37 32 27
20 12 22 15 19 5 21 2 37 10 9 15 24 31 8 22 12 16 16 11
49 23 36 17 33 11 40 13 39 24 14 14 33 37 21 37 20 25 19 26
48 25 40 22 33 13 38 16 43 28 20 20 30 28 30 39 16 23 7 24
54 48 54 32 39 37 61 20 55 46 32 36 44 22 46 48 36 41 17 30
11 19 28 11 10 8 17 8 45 20 17 26 27 20 11 17 24 19 9 11
49 21 40 33 28 10 39 27 59 36 17 14 42 43 18 35 21 30 22 23
24 13 25 4 12 10 25 4 31 7 4 12 15 19 13 21 20 9 3 10
40 25 38 11 27 15 38 3 44 14 10 25 23 34 29 32 20 21 15 17
48 47 57 32 42 37 61 29 58 37 36 45 46 39 43 38 41 40 28 39
35 17 44 31 26 8 37 27 57 28 8 26 37 50 13 25 12 22 32 26
54 37 52 18 41 34 54 31 56 37 17 30 48 36 30 54 43 28 24 36
14 3 4 5 6 1 11 1 7 3 1 1 1 5 1 6 2 2 3 1
11 1 3 1 3 1 5 1 4 3 1 1 1 3 1 2 1 1 2 1
6 2 8 5 2 1 2 1 19 1 1 3 10 11 1 10 9 6 1 6
38 21 48 31 25 13 43 20 53 25 14 30 31 34 31 40 30 14 10 20
32 28 44 14 20 19 42 23 56 25 11 36 34 37 15 28 35 19 24 24
20 32 45 25 13 14 36 19 66 29 24 28 43 39 12 32 39 34 17 25
31 14 32 32 25 19 39 22 40 29 8 19 26 27 12 11 17 14 20 23
5 2 2 6 1 1 7 1 18 3 2 5 4 5 1 7 8 4 1 1
18 6 12 9 7 1 9 1 17 7 1 4 5 9 7 11 2 4 3 1
31 20 27 22 22 14 26 11 30 29 17 19 21 4 23 28 17 15 1 11
36 24 27 6 26 9 29 1 32 9 15 20 21 24 21 28 15 23 12 15
19 6 16 12 14 1 13 8 29 11 7 12 17 22 5 8 9 7 14 8
40 20 50 24 29 6 47 19 60 22 13 25 40 55 21 31 36 26 19 35
45 30 36 24 30 19 45 28 60 28 21 24 43 41 14 41 31 28 29 24
46 34 42 27 35 9 44 19 62 35 28 28 36 44 19 36 23 35 25 19
11 6 9 7 1 1 14 1 21 1 2 7 1 13 4 5 6 5 2 1
19 5 23 19 4 1 19 1 34 10 1 10 17 25 13 23 13 9 5 5
11 6 14 13 1 1 16 1 26 1 1 7 7 17 10 16 11 6 1 1
25 6 20 10 12 1 16 1 19 11 2 6 11 16 11 12 2 5 7 3
46 33 52 28 25 12 50 18 61 39 24 21 46 38 30 43 42 33 8 30
29 14 21 1 18 1 17 1 26 10 10 12 18 17 16 25 12 13 1 7
20 12 30 5 14 9 21 4 36 13 7 15 28 20 14 27 26 14 3 15
49 48 54 25 44 21 49 11 69 40 32 41 49 50 34 52 38 44 34 23
15 3 9 6 7 1 12 5 13 8 1 1 10 13 4 7 8 1 8 5
11 9 13 6 1 3 20 1 24 6 1 8 7 14 4 6 13 3 4 1
17 6 21 14 10 1 12 1 29 11 4 10 16 19 16 21 12 8 1 6
10 6 13 5 1 1 7 7 21 3 2 6 4 15 4 7 4 5 1 6
17 7 10 11 5 1 15 3 18 9 4 8 3 6 4 10 8 6 5 1
55 45 52 34 35 27 64 18 75 30 28 31 55 57 35 61 50 53 26 39
37 11 43 19 23 3 41 8 50 9 8 28 30 39 25 32 27 8 9 15
53 32 36 20 29 9 48 24 52 33 27 22 37 39 25 42 34 31 17 27
14 8 22 13 13 10 22 8 37 3 1 14 16 25 12 18 20 7 4 14
38 36 39 36 21 26 41 26 59 38 31 14 46 19 31 53 45 43 8 21
5 6 5 11 1 1 5 1 20 4 5 8 5 8 1 5 4 6 4 1
33 30 52 29 24 21 43 19 64 27 21 29 40 33 34 41 42 30 3 30
8 3 5 3 1 1 2 1 12 3 2 5 1 6 2 4 1 2 2 1
29 11 38 22 17 1 32 12 48 19 7 21 34 40 19 29 19 11 16 15
11 11 6 10 1 2 8 9 26 8 10 8 6 12 1 9 6 11 5 4
25 14 18 10 16 1 13 1 23 16 11 11 17 10 13 21 7 13 8 5
66 51 51 21 51 20 59 13 59 43 38 39 50 53 38 54 36 51 39 39
30 23 18 23 9 9 21 17 47 24 19 9 25 21 18 30 18 24 7 5
47 36 46 24 33 30 57 35 66 33 16 35 47 46 13 42 45 30 32 35
31 30 36 34 11 13 41 10 57 27 23 32 26 30 29 32 29 24 12 4
21 37 45 33 26 17 32 19 63 42 34 40 45 34 27 33 37 37 25 18
8 4 5 3 1 1 8 1 13 1 1 1 1 4 1 6 5 3 1 1
11 2 5 1 1 1 10 1 14 1 1 5 1 7 1 2 3 1 1 1
20 8 19 1 10 1 18 1 19 13 5 10 14 11 10 12 8 5 7 3
19 6 12 7 9 3 13 2 25 5 1 5 8 14 6 19 10 7 1 4
10 3 7 12 1 1 8 1 22 3 1 2 3 12 3 9 2 2 1 1
50 30 53 17 36 9 44 17 55 31 22 19 51 50 24 50 31 38 17 39
27 22 35 18 18 8 33 7 57 12 13 22 29 42 12 33 27 28 14 20
29 16 29 12 16 8 29 5 22 26 9 13 18 11 17 20 13 9 9 8
39 15 42 25 25 14 41 6 37 20 5 19 31 31 29 34 25 10 13 13
39 23 30 18 20 5 37 3 49 17 18 21 22 29 23 40 27 26 5 15
21 30 32 25 13 11 31 14 60 28 24 26 32 33 10 24 28 29 17 13
8 10 6 4 5 1 7 1 21 8 10 12 6 11 1 8 3 11 9 1
5 1 4 9 2 1 5 6 16 3 1 1 5 9 1 3 7 2 2 5
16 16 18 12 11 1 11 1 40 6 12 15 18 26 6 22 12 22 9 7
44 35 48 28 32 13 40 25 65 45 28 27 48 44 21 43 33 38 28 20
17 6 12 15 5 1 11 4 34 11 6 8 12 17 8 18 10 10 4 3
4 1 1 3 1 1 4 1 11 1 1 1 1 3 1 1 2 1 1 1
41 41 46 34 32 21 45 24 54 52 37 34 44 23 30 35 23 34 20 18
18 12 4 16 1 5 17 8 19 14 9 1 8 6 4 12 8 11 4 1
17 24 21 24 16 6 17 15 55 21 24 22 27 33 11 30 23 30 16 10
13 2 11 4 3 1 15 1 14 7 1 5 4 9 1 4 5 1 5 1
48 23 43 22 33 4 42 10 47 28 19 23 32 39 29 38 18 22 13 22
20 2 12 4 9 1 12 1 25 4 1 3 11 15 4 16 8 5 2 3
13 7 11 7 3 1 10 1 16 5 1 5 4 9 6 9 4 5 3 1
19 12 21 6 7 2 21 2 29 14 5 14 14 17 9 12 11 8 9 2
9 6 6 7 1 1 7 1 19 1 1 1 1 11 1 6 2 5 1 1
50 32 67 25 36 19 57 24 77 27 17 48 55 60 35 55 54 28 24 35
14 2 9 13 8 1 13 5 14 11 1 1 12 12 1 4 3 1 10 6
31 24 25 19 24 5 21 11 44 30 22 20 29 28 12 31 16 25 21 6
46 30 29 30 21 20 46 22 43 35 23 16 26 18 21 31 27 25 14 8
22 12 11 9 14 5 15 1 28 8 8 10 15 18 4 16 5 13 11 5
6 5 10 13 1 2 11 1 20 8 1 5 1 5 6 5 8 1 1 1
54 36 45 27 33 25 55 7 57 28 21 27 38 42 38 54 40 36 21 26
45 34 60 31 38 27 57 9 62 33 21 40 53 40 46 44 39 29 19 27
44 30 49 30 32 10 47 11 61 33 23 31 40 41 25 39 29 30 20 21
25 22 31 19 23 8 21 10 45 27 21 23 32 28 21 31 12 23 16 14
12 17 15 3 11 1 10 1 28 11 14 17 19 22 1 14 6 17 17 3
54 39 64 52 38 26 68 30 64 53 31 36 50 35 45 41 36 37 16 33
14 4 10 4 6 1 13 2 12 6 1 1 11 14 1 7 5 4 7 5
22 1 15 17 14 1 14 6 19 14 1 4 13 16 6 7 2 1 11 7
51 30 45 11 35 9 41 20 52 29 23 27 41 40 28 50 33 28 15 32
34 25 30 4 28 13 28 3 36 15 12 20 25 35 15 27 11 24 24 17
20 2 12 1 9 1 15 1 14 4 1 3 7 6 3 12 7 1 1 1
33 21 44 26 26 20 38 10 45 32 15 20 39 21 29 32 29 20 7 24
20 10 11 16 4 1 16 6 21 13 5 1 9 13 2 14 6 9 7 3
20 11 15 14 14 1 12 7 33 15 11 14 17 20 9 15 10 12 13 6
16 6 4 16 8 1 9 5 14 8 6 4 1 6 4 11 6 7 5 1
42 31 47 26 27 15 44 15 55 17 20 18 47 49 16 48 30 39 23 36
29 22 17 18 13 8 17 8 43 20 18 9 24 18 11 35 16 27 5 3
29 11 33 14 24 9 27 5 32 25 9 18 34 20 14 24 20 13 15 14
50 18 42 23 40 18 43 20 34 34 9 21 36 32 21 28 12 21 29 26
25 22 27 26 15 12 37 17 41 29 17 21 25 22 8 8 19 20 20 14
11 3 5 4 1 1 8 1 12 6 1 1 4 4 1 6 1 2 3 1
39 19 50 49 19 14 54 22 67 34 23 30 46 44 33 43 48 27 10 25
31 14 23 7 18 9 22 6 33 6 6 9 19 26 14 24 12 14 10 14
45 42 54 10 45 24 48 24 69 22 20 46 47 59 22 48 38 38 34 38
4 1 1 2 1 1 4 1 10 1 1 1 1 3 1 1 3 1 1 1
18 10 18 11 3 3 22 10 30 14 4 10 8 15 4 11 15 6 5 6
31 18 33 17 22 10 28 9 45 28 16 20 33 26 14 33 26 22 14 14
51 57 46 35 33 27 60 25 71 48 50 37 48 35 39 47 49 51 25 20
20 6 20 14 13 1 10 1 29 11 7 13 20 18 17 23 11 10 7 7
17 9 20 10 13 10 22 11 33 7 3 15 15 18 7 17 20 5 6 13
43 30 29 19 18 9 38 18 53 29 26 15 33 28 26 40 35 32 3 15
40 31 49 37 44 13 40 31 67 39 23 28 51 58 19 41 23 41 41 28
3 1 5 7 1 1 3 1 16 1 1 4 10 10 1 8 10 6 1 6
30 37 28 25 19 16 36 21 66 26 30 29 32 33 16 36 34 34 14 11
11 9 16 13 8 3 18 2 32 8 8 19 16 21 7 10 15 10 13 5
23 18 18 12 11 1 16 5 31 12 14 14 15 17 13 24 14 19 5 8
11 1 10 1 6 1 6 1 8 8 1 3 10 1 8 11 5 1 1 1
17 6 8 5 3 1 14 1 21 4 1 2 4 12 1 11 7 5 1 1
18 13 12 14 4 1 15 3 29 9 9 10 8 17 7 13 6 13 8 3
28 1 26 10 20 4 21 8 26 12 1 1 26 24 7 21 14 6 11 19
21 11 10 12 7 5 18 11 35 9 10 9 13 15 3 19 17 13 4 7
39 25 58 24 34 11 45 29 73 27 12 31 53 65 8 40 35 34 36 39
12 4 8 9 2 1 10 1 13 5 1 3 4 7 5 6 4 2 4 1
64 50 56 38 45 22 59 25 73 54 43 35 59 40 40 60 39 50 20 29
21 9 15 11 10 1 12 4 20 14 5 4 12 11 10 19 9 8 4 1
35 23 26 8 25 5 21 1 29 17 17 17 21 21 16 32 6 23 13 7
15 5 9 8 5 1 12 4 17 12 5 6 11 9 3 11 7 7 9 5
45 45 39 29 29 40 51 20 67 38 34 33 47 31 37 46 49 45 22 28
16 6 13 6 8 1 9 5 14 9 1 5 8 11 9 11 5 4 4 4
50 49 54 24 30 21 54 16 77 39 38 35 54 42 39 58 51 51 12 31
36 16 30 12 21 3 27 14 33 18 11 14 21 29 15 28 16 15 11 17
12 8 14 12 2 1 12 2 32 3 4 11 7 22 7 9 4 7 6 1
32 11 40 26 22 7 34 11 45 20 5 14 34 36 15 36 26 19 14 22
7 1 6 2 1 1 8 1 16 3 1 4 9 9 1 6 9 3 4 3
38 28 49 11 26 17 44 25 57 32 10 33 44 40 14 34 36 21 25 28
21 11 11 17 13 11 20 6 27 9 7 5 14 12 8 23 18 14 4 9
34 20 32 39 15 9 44 27 67 20 26 31 38 44 25 38 38 26 13 16
16 5 12 10 9 1 10 4 17 12 4 7 6 7 8 13 8 5 1 1
30 28 32 13 18 8 36 4 42 19 21 30 24 28 21 20 26 22 14 15
37 17 40 31 31 21 46 20 46 26 6 20 31 39 21 23 23 17 26 29
18 5 15 7 6 1 17 2 18 9 1 6 9 15 2 5 2 4 10 3
23 30 31 25 10 16 35 18 54 28 24 27 29 27 15 21 31 27 15 16
13 9 14 12 4 1 9 7 25 9 5 7 5 15 7 13 5 9 1 6
5 1 2 4 1 1 6 1 14 1 1 5 1 1 1 1 3 1 1 1
15 1 7 5 7 1 7 1 8 8 1 1 7 2 2 7 2 1 3 1
23 15 13 16 8 7 20 12 41 11 12 9 15 19 4 25 21 20 4 9
29 20 49 18 30 8 33 17 56 32 17 30 49 41 16 30 29 19 26 26
41 30 41 19 29 6 43 16 64 23 25 28 42 51 17 40 38 38 19 34
54 47 56 35 32 21 60 28 89 38 39 38 52 53 42 65 61 52 15 34
12 4 14 5 4 1 10 2 22 7 1 6 12 13 6 15 13 6 2 5
13 1 8 12 2 1 12 1 17 5 1 2 1 6 3 7 4 1 1 1
12 2 11 8 6 2 9 3 17 7 1 6 3 7 6 7 8 1 1 2
55 43 51 16 39 19 58 18 67 31 28 40 43 50 31 48 41 40 29 35
54 41 50 46 33 33 59 39 61 54 35 27 50 22 40 42 39 33 11 29
31 10 21 4 23 10 18 1 11 13 4 1 20 6 18 26 4 7 5 10
27 18 21 16 11 11 28 4 37 15 11 17 12 13 13 21 17 12 6 3
20 8 11 6 10 4 12 6 23 9 6 9 9 14 6 14 7 8 8 5
19 6 12 14 9 4 18 3 26 7 2 7 5 15 5 12 9 4 5 2
21 15 18 9 5 1 17 10 32 10 10 7 13 22 9 22 16 16 4 11
20 15 14 17 6 4 20 11 43 10 11 10 12 20 5 22 21 19 3 8
13 7 6 4 6 1 7 5 29 4 7 6 11 15 1 14 10 12 4 5
38 12 36 26 22 7 36 25 38 30 6 11 26 33 10 19 14 17 21 22
22 11 18 12 16 9 22 15 40 7 9 15 24 25 6 26 22 17 13 20
16 9 6 16 1 5 15 8 24 13 9 5 9 7 6 17 16 11 4 3
19 13 7 16 4 8 21 11 21 16 12 5 10 9 7 15 15 13 7 1
14 17 18 22 6 2 23 13 47 15 16 20 19 29 8 18 16 17 13 5
14 1 9 12 6 1 9 4 14 10 1 6 7 11 5 7 1 1 9 5
44 20 54 21 32 12 47 27 59 29 6 28 43 49 19 35 34 17 26 33
35 20 33 23 17 12 41 19 46 22 12 19 22 28 13 25 27 13 13 16
2 1 2 1 1 1 3 1 11 1 1 1 2 5 1 2 6 1 1 1
20 37 42 14 24 8 32 17 57 22 30 42 34 42 21 27 33 31 24 16
50 38 39 21 30 7 44 20 54 40 34 26 40 42 27 39 28 38 23 24
3 5 14 1 1 1 12 1 23 1 1 3 11 14 1 12 17 10 1 7
47 34 50 39 32 16 52 19 70 35 27 35 43 49 30 46 32 29 25 14
33 37 47 38 22 30 49 35 80 34 30 40 49 39 28 45 55 38 17 33
38 27 32 15 17 9 37 14 51 24 20 21 26 31 20 34 34 27 7 18
27 12 20 10 21 5 16 5 19 20 13 13 23 6 15 16 1 12 9 9
51 43 61 25 36 18 54 33 75 40 34 32 63 51 25 62 42 49 23 39
16 12 14 6 12 1 12 1 25 15 12 16 17 13 6 15 10 13 14 1
14 7 5 7 5 2 15 2 14 6 3 5 1 1 1 8 9 4 1 1
