1000 20 13 1155
5 6 0 0 6 3 12 3 4 6 1 0 3
7 6 8 7 13 6 12 6 4 7 2 0 10
6 5 1 14 0 11 15 4 4 1 10 7 7
2 7 1 3 2 8 0 1 7 6 3 3 7
5 6 9 3 2 2 11 3 8 6 4 8 14
8 0 0 8 8 3 11 6 8 3 8 6 7
4 1 7 5 3 3 3 6 1 1 2 1 2
4 0 7 10 1 1 3 6 3 3 8 2 11
5 19 5 17 3 3 4 4 2 5 2 4 0
9 16 15 3 0 3 0 12 10 7 11 13 6
5 3 2 3 8 1 1 7 3 2 3 8 12
1 5 5 9 1 10 9 1 4 8 3 2 4
2 4 8 2 3 8 2 2 2 0 4 8 1
2 2 4 0 1 0 7 17 4 2 13 1 16
2 6 7 1 0 14 1 7 3 13 6 4 19
8 9 3 30 4 9 5 3 17 1 3 4 7
5 2 1 1 1 1 3 6 1 1 4 2 2
3 4 4 6 6 2 11 1 2 5 1 1 5
3 0 2 6 1 1 1 5 4 11 1 4 11
16 16 10 22 16 3 10 8 4 3 7 4 2
10 0 5 7 7 3 1 7 4 1 7 7 3
3 11 1 1 4 6 4 2 10 3 4 6 3
5 7 8 5 10 5 9 7 16 8 8 9 10
2 4 2 5 6 5 4 3 4 6 3 2 13
5 7 11 7 22 0 2 7 10 10 5 13 1
1 4 0 4 2 1 4 1 6 3 1 3 4
12 2 1 3 13 4 0 1 9 10 20 20 8
11 1 9 7 2 3 5 16 2 1 0 12 6
0 1 6 1 4 1 2 3 4 2 5 3 1
7 5 8 11 8 13 5 3 6 11 5 14 3
1 1 5 3 1 0 3 5 3 2 5 2 3
4 3 5 6 6 1 3 5 4 5 12 2 7
16 7 19 2 2 5 4 6 2 11 4 4 0
10 5 8 10 17 2 14 8 11 15 9 9 8
18 7 7 5 9 5 16 9 6 8 5 2 5
11 6 5 24 7 9 3 7 2 5 6 1 8
7 5 7 2 1 2 12 14 13 8 3 17 17
4 9 2 2 1 6 7 1 7 8 6 2 4
7 5 3 1 6 7 1 1 4 0 5 1 7
2 8 12 3 1 9 4 5 7 7 0 4 4
2 3 2 2 5 0 0 1 9 4 0 1 1
5 1 5 5 16 3 5 9 7 1 1 17 1
11 7 1 1 1 1 3 1 9 7 1 1 9
1 5 8 6 9 6 7 0 13 10 10 8 5
15 11 7 9 5 7 3 2 9 8 2 13 4
11 2 2 2 7 3 12 7 3 20 2 1 6
2 8 8 7 3 10 4 6 7 5 5 1 0
3 10 11 1 23 6 8 1 2 15 11 4 3
4 8 7 6 5 1 5 6 5 4 0 11 9
13 12 16 9 5 8 5 5 9 3 5 2 14
11 3 1 11 3 5 9 0 1 5 7 3 9
1 6 2 11 11 6 7 9 1 2 8 4 8
9 0 7 6 3 4 0 9 2 4 3 4 2
3 0 4 4 5 9 5 4 1 1 4 5 1
9 2 3 3 7 14 8 13 1 12 0 2 8
6 5 22 16 2 3 2 9 6 1 8 1 17
12 9 7 2 11 3 7 11 10 5 8 1 5
9 4 2 1 4 6 8 11 4 4 8 5 8
12 2 0 2 1 4 8 3 2 8 8 10 6
1 4 10 13 2 5 16 10 2 7 10 3 3
2 0 10 8 8 5 10 7 8 1 2 3 2
0 3 2 5 6 5 3 2 1 0 5 1 3
5 10 6 2 1 2 2 5 0 5 1 2 5
1 3 10 13 3 8 13 8 16 1 13 2 5
4 2 8 3 4 3 6 7 3 0 3 2 6
4 5 6 7 4 3 5 5 3 4 7 0 2
7 13 11 5 1 13 11 7 16 1 4 8 6
3 3 4 2 5 7 2 6 2 1 1 7 8
7 0 3 3 5 8 1 6 7 4 3 6 7
1 0 10 9 1 3 9 5 5 12 2 7 6
17 2 6 3 14 4 14 3 6 4 3 6 3
5 3 7 15 10 4 6 3 16 1 10 21 14
10 19 0 2 2 3 2 10 12 11 9 9 1
13 5 6 6 9 3 2 8 8 1 1 0 2
7 2 3 1 4 7 3 5 1 1 6 5 10
0 3 1 4 5 5 6 2 5 11 2 10 0
11 19 3 5 14 6 1 13 2 14 2 1 4
14 6 3 9 17 10 3 1 13 9 12 1 10
17 19 7 9 7 14 10 3 7 5 12 2 9
1 4 7 7 4 18 7 6 2 8 1 11 0
8 2 0 4 8 1 4 1 1 0 1 2 0
3 6 1 8 3 0 20 1 3 9 7 6 0
3 4 1 5 5 2 7 2 1 3 16 4 3
7 8 15 3 16 6 1 5 8 12 6 22 0
15 5 13 13 12 8 16 2 10 0 4 2 7
6 1 10 0 4 4 1 13 7 4 13 5 2
7 8 3 4 2 3 1 3 1 0 6 6 6
13 7 5 8 13 3 13 7 8 14 0 1 13
1 2 7 17 2 6 7 7 1 12 6 11 4
3 6 3 7 1 6 1 2 6 3 2 7 0
3 1 2 0 1 1 0 3 1 0 3 6 6
8 7 15 2 11 2 3 11 3 8 11 8 2
3 6 12 3 8 5 5 21 8 5 2 0 1
10 0 3 10 15 1 1 1 2 1 1 12 9
12 1 4 13 2 7 7 3 5 3 4 12 5
3 12 3 4 6 0 2 0 1 2 3 3 0
10 4 4 3 1 8 9 2 2 0 1 7 4
5 0 8 1 2 0 5 1 3 4 6 1 3
10 2 11 3 2 7 3 1 3 3 2 9 2
4 8 9 5 4 7 10 2 4 16 9 19 5
5 3 0 0 2 6 9 9 3 11 9 8 2
13 11 2 18 14 7 15 4 8 7 15 2 9
6 5 5 3 6 5 4 4 9 10 3 6 11
6 2 7 2 6 2 5 3 11 8 7 18 10
2 8 1 1 2 1 5 5 3 4 0 1 2
2 3 1 1 2 3 1 6 3 0 8 1 2
12 9 6 7 1 7 5 2 11 2 28 7 3
5 4 17 12 5 2 11 2 10 6 7 11 5
17 7 12 13 2 1 6 6 7 2 2 9 3
1 0 3 7 2 10 2 4 2 1 4 3 2
4 4 3 2 0 2 6 0 3 5 1 1 5
0 3 4 4 3 2 2 4 6 4 2 4 1
7 1 15 3 0 13 2 1 0 7 6 7 2
13 2 0 10 15 15 16 3 9 9 0 7 13
2 10 8 1 2 8 7 1 10 8 10 2 4
6 6 4 0 3 1 1 5 3 2 5 1 0
9 13 11 13 7 19 2 12 8 5 8 1 1
2 1 2 11 3 6 2 10 4 0 1 1 6
7 3 3 1 1 1 1 3 7 6 6 7 1
3 8 1 11 15 2 14 2 3 7 7 10 4
1 2 4 5 6 3 4 3 0 1 3 2 1
7 15 10 12 3 11 22 12 3 9 4 10 1
2 6 9 0 4 2 10 5 3 1 9 5 2
0 1 11 0 4 6 3 4 6 8 22 10 3
3 3 1 5 10 6 1 2 2 0 1 3 5
3 17 1 9 14 6 8 12 5 15 17 7 1
2 2 14 6 1 2 14 6 12 12 6 6 5
0 5 2 2 0 2 1 3 5 2 3 4 3
7 1 4 2 7 3 5 6 4 5 4 5 2
6 10 16 7 6 6 2 3 3 3 5 4 19
2 0 1 2 6 4 3 2 2 1 3 1 5
1 6 19 5 6 6 11 7 2 18 9 7 7
3 3 1 8 9 9 13 10 3 10 7 7 9
4 2 3 3 1 0 2 12 5 4 3 0 6
4 2 12 4 9 10 2 1 9 3 3 10 20
11 2 3 24 2 5 12 20 13 11 5 1 5
3 8 1 3 3 0 5 9 1 1 1 6 6
2 3 1 6 5 5 2 6 2 1 5 0 5
2 10 14 14 3 10 9 12 12 2 14 1 1
2 1 5 13 1 6 5 2 6 7 2 4 3
10 7 1 15 5 13 0 6 6 9 10 0 6
1 7 12 8 2 2 23 13 15 4 3 14 3
7 2 6 12 7 18 0 6 8 11 2 2 2
5 11 6 1 7 3 6 8 5 2 5 2 8
0 15 16 2 7 5 6 1 12 2 10 8 18
3 1 0 0 2 7 9 3 3 1 4 4 2
1 15 20 5 1 8 7 1 0 7 0 2 1
1 5 4 5 1 7 6 5 4 5 4 3 1
12 1 10 4 1 8 9 7 5 5 2 5 2
1 8 4 12 6 11 5 29 6 2 3 1 7
0 2 8 6 8 4 0 3 11 7 6 4 0
17 1 3 11 3 9 2 14 13 1 3 7 5
12 2 5 14 18 6 4 2 4 16 11 5 1
10 9 4 12 7 4 8 2 18 4 13 14 15
1 2 1 4 3 7 2 4 5 2 0 2 3
0 6 3 4 1 4 6 11 4 4 6 3 1
2 2 3 16 13 5 10 4 2 13 4 8 17
5 5 7 1 2 3 13 5 7 6 1 2 2
0 4 0 1 5 2 5 2 2 3 1 8 1
3 9 4 5 6 2 6 6 4 4 4 2 7
12 5 10 9 6 1 6 9 2 8 3 3 7
1 1 11 10 9 10 3 9 0 7 2 10 9
8 7 2 13 3 2 5 6 1 6 2 2 1
8 1 1 4 3 16 15 9 2 21 13 9 0
5 0 0 7 0 5 8 4 6 0 3 9 7
2 6 0 3 5 0 2 1 0 4 1 3 8
20 6 0 3 4 7 3 4 11 0 0 0 0
0 0 6 4 3 0 7 14 1 3 0 6 11
7 6 6 14 10 13 3 6 3 1 10 14 13
1 5 3 6 15 4 10 7 4 4 8 6 9
1 7 6 1 17 5 13 1 4 2 6 9 1
1 4 1 0 3 4 7 6 1 3 4 2 4
14 7 2 17 2 7 14 14 10 2 18 7 1
8 5 4 5 13 5 4 4 2 3 1 2 12
10 2 7 2 1 17 4 15 10 9 19 1 15
8 3 11 6 11 6 5 1 4 17 13 1 10
1 0 5 0 1 1 2 9 8 4 1 3 3
19 10 2 2 10 1 13 3 8 8 3 6 11
7 2 6 2 5 12 16 2 3 11 10 11 18
3 3 4 15 1 7 11 2 1 5 4 10 4
9 4 1 12 10 12 10 6 14 5 8 17 19
22 5 4 2 2 8 6 2 13 9 16 7 9
11 13 6 11 5 2 6 7 1 1 8 5 5
0 5 2 5 0 3 1 4 2 6 1 0 1
13 10 2 3 2 8 13 16 3 3 15 8 9
2 4 6 2 10 5 0 2 9 6 1 3 7
3 4 11 4 5 13 3 0 7 8 1 3 5
3 12 5 1 17 3 10 3 6 22 17 7 5
3 7 2 2 2 8 6 1 5 8 5 3 7
5 8 8 5 14 10 5 4 0 4 2 8 6
5 11 7 1 3 3 1 7 1 2 8 4 4
1 3 2 2 1 5 3 2 3 4 2 3 2
6 4 2 0 3 2 1 5 1 1 0 2 5
6 0 24 17 0 11 5 9 7 5 15 8 4
0 4 5 3 7 2 3 0 0 3 3 0 0
3 3 9 5 5 5 11 7 8 13 3 1 4
2 2 16 4 1 14 14 3 3 3 1 5 4
8 5 7 6 4 14 4 0 12 9 8 2 7
1 1 12 6 7 21 3 7 4 23 4 1 8
6 4 18 1 7 11 21 0 3 14 13 14 5
3 7 14 3 15 6 8 14 3 6 16 7 1
5 0 8 3 4 6 9 4 14 8 4 6 2
4 8 11 5 4 4 5 1 1 12 2 9 1
8 6 3 0 6 4 5 4 2 11 3 4 1
15 13 8 5 2 7 14 5 5 6 8 0 1
0 6 8 14 6 2 12 2 3 4 2 0 0
3 5 16 10 3 5 10 13 2 7 14 15 8
7 5 7 7 5 9 14 5 1 5 5 4 0
9 7 8 5 2 1 1 1 4 2 0 0 1
2 1 10 16 2 16 15 16 1 9 0 3 8
1 3 8 8 7 8 9 3 7 9 12 8 2
6 12 5 1 13 6 1 9 5 20 9 9 3
14 4 8 8 12 2 20 3 13 1 11 10 12
12 13 6 4 9 8 1 2 7 3 4 3 16
11 9 9 9 7 8 3 1 8 7 7 8 0
9 1 7 1 6 0 10 0 19 4 8 2 1
5 1 1 2 1 6 4 2 2 3 9 2 2
1 1 6 1 1 6 3 4 5 3 4 1 5
1 1 7 14 5 16 8 5 10 8 7 4 5
14 0 4 5 13 2 12 5 21 3 9 7 12
4 6 0 8 3 13 23 20 1 1 2 4 2
1 5 3 1 5 4 2 1 2 2 5 7 4
6 6 11 2 6 17 9 9 10 3 4 0 5
1 2 1 0 1 2 0 1 9 1 8 0 9
5 6 1 19 5 7 10 8 1 1 14 0 14
20 11 4 9 15 2 6 0 9 8 11 4 10
8 0 1 1 11 9 1 3 6 12 3 13 15
5 6 16 3 7 2 6 8 7 15 4 11 1
5 0 2 15 1 8 9 4 2 5 12 7 8
1 6 1 7 1 8 8 1 0 6 1 2 12
6 1 3 7 2 5 0 0 3 0 12 3 4
3 9 2 13 16 0 10 12 10 8 1 21 2
1 4 4 5 0 5 1 2 8 4 3 4 5
5 3 6 10 8 1 1 4 16 4 1 7 9
11 14 10 14 13 5 2 15 0 6 5 6 11
5 5 0 19 1 0 17 3 4 14 13 1 16
8 7 3 2 0 8 18 1 0 5 2 6 0
3 3 10 1 4 1 0 2 7 7 30 18 8
1 3 4 4 4 4 5 2 2 1 1 4 7
2 7 0 2 0 15 4 1 9 14 1 2 19
8 0 6 2 1 9 2 1 3 11 1 0 1
1 1 4 4 11 3 8 7 3 6 6 5 1
3 7 11 2 0 3 8 4 12 5 7 2 6
6 6 2 3 4 1 4 1 3 2 1 4 7
1 1 6 2 3 7 14 18 4 5 6 4 20
3 3 8 8 3 11 23 6 10 5 5 1 4
11 3 17 8 1 9 0 3 13 12 5 12 11
2 1 3 2 5 5 6 1 8 4 4 3 9
4 6 3 0 12 4 7 9 7 8 5 3 10
19 5 7 10 9 10 11 9 2 7 12 2 3
6 4 2 3 1 3 1 1 3 1 1 6 0
1 11 6 25 2 21 7 1 7 1 9 5 7
2 8 11 1 3 5 6 0 2 11 10 9 2
0 8 23 4 11 4 2 3 4 6 2 14 8
10 5 1 6 3 6 8 4 2 1 6 4 6
6 12 1 4 4 18 7 8 1 14 3 7 0
4 5 1 9 8 5 6 4 8 15 3 1 5
4 8 0 1 6 2 7 4 4 7 13 10 7
2 0 4 0 2 6 4 1 1 4 2 5 2
4 17 9 5 2 5 1 9 7 22 2 0 5
2 2 1 4 6 12 1 5 6 4 1 4 2
3 1 6 4 6 7 4 1 1 5 9 2 4
4 9 13 6 14 10 4 3 10 0 4 9 18
5 0 10 5 11 12 2 7 16 3 4 24 2
0 19 6 5 15 11 2 5 5 5 17 11 15
6 12 6 10 2 1 7 16 2 14 15 1 3
9 5 7 2 4 5 1 5 9 3 6 4 5
9 14 15 12 2 14 3 4 7 5 2 14 5
9 6 3 0 2 1 4 3 2 0 3 0 2
4 4 10 6 1 9 0 19 15 1 16 14 4
5 2 4 1 5 4 3 1 2 2 6 5 0
1 1 1 7 4 1 3 3 4 7 8 7 6
6 2 14 10 9 4 6 4 10 7 4 1 16
3 6 17 5 8 5 5 9 2 1 9 8 13
9 6 11 1 8 2 1 12 2 15 16 0 11
1 4 5 4 8 7 0 4 4 1 1 0 2
10 9 3 4 5 1 2 13 5 5 5 5 7
2 3 2 10 0 2 3 7 3 4 2 11 0
4 3 5 0 13 6 2 6 0 0 1 6 5
0 5 2 6 2 7 2 1 1 3 4 4 5
5 5 0 13 9 2 15 5 2 11 22 14 4
0 2 23 4 16 0 2 5 9 2 2 4 5
1 1 1 0 3 4 6 2 0 1 7 2 1
7 1 11 1 7 2 4 5 10 4 3 11 10
4 3 6 6 1 4 14 19 8 7 7 5 1
3 2 9 5 6 12 3 6 8 0 17 19 4
7 4 16 3 4 0 3 1 7 12 5 2 9
1 3 0 5 6 0 2 6 4 1 0 5 5
6 2 25 3 14 5 8 8 12 12 5 15 5
4 4 2 1 4 1 1 2 0 5 3 5 4
2 9 3 2 2 0 1 3 0 3 5 2 5
8 6 5 7 11 10 13 10 6 0 1 5 3
8 6 16 17 11 5 11 4 3 3 2 2 5
2 10 6 1 2 3 12 1 6 8 4 7 4
6 1 2 8 8 7 4 6 7 3 8 3 4
7 8 8 5 14 16 2 13 0 7 6 19 1
3 7 12 7 7 11 10 1 2 0 6 7 26
2 4 3 8 7 6 5 4 5 4 1 0 0
23 0 9 13 5 13 1 11 13 5 2 4 5
3 1 10 9 5 19 8 3 7 1 13 9 13
6 0 9 1 3 7 0 5 9 10 9 3 5
1 6 1 0 4 1 8 4 4 2 5 5 1
9 0 11 9 10 14 15 7 9 13 20 7 6
1 2 3 9 22 10 2 3 7 10 13 16 16
10 4 15 16 4 7 2 0 13 2 8 11 6
0 0 8 3 2 4 11 1 6 5 4 8 10
5 12 5 2 1 2 7 4 2 3 6 8 3
20 8 3 0 9 7 5 1 3 17 2 13 14
2 17 11 6 20 4 13 4 7 1 14 3 4
3 2 1 1 1 4 6 3 2 2 2 1 5
1 5 9 7 3 10 3 9 10 8 2 5 9
5 7 3 10 6 4 8 5 4 6 4 0 9
11 10 17 4 2 3 1 7 3 1 7 0 4
4 0 6 1 3 0 3 8 2 2 3 1 0
2 15 0 0 4 6 5 1 2 11 5 18 8
5 1 2 1 1 5 6 3 3 5 3 2 11
8 6 7 5 6 1 2 0 10 2 1 13 15
4 1 2 4 9 1 5 2 3 1 3 3 6
6 2 2 1 18 3 5 0 15 12 2 2 5
2 2 7 1 1 5 1 0 1 2 4 0 1
7 11 7 2 3 11 7 2 2 5 2 13 1
6 6 4 3 14 3 4 1 4 9 2 4 13
0 13 8 10 13 5 4 1 3 4 6 8 3
3 3 3 5 1 1 4 3 2 0 3 5 2
3 2 6 10 2 20 0 8 2 10 10 8 1
2 2 9 2 5 1 6 4 8 8 1 7 3
2 4 2 0 1 12 6 0 1 4 2 4 8
5 6 10 14 1 6 7 2 2 14 11 9 15
6 5 4 7 6 2 2 2 2 8 11 3 4
6 7 8 11 0 5 13 11 13 14 14 5 3
2 3 7 3 4 1 3 4 2 3 1 2 4
1 7 3 1 0 3 1 3 2 6 3 0 2
0 2 6 14 4 5 1 7 4 0 11 6 4
4 1 9 3 4 9 2 4 1 4 6 12 23
8 6 4 2 2 4 3 3 7 2 0 8 0
1 7 4 2 2 3 1 1 5 3 2 1 3
1 3 5 5 1 13 5 3 11 4 3 2 5
4 1 4 2 8 12 6 2 4 8 4 2 6
4 5 6 10 3 10 5 1 4 2 0 11 7
7 3 6 2 15 9 0 5 2 1 2 5 1
4 6 1 12 6 11 4 7 9 1 14 8 3
3 12 9 11 4 2 13 9 3 5 0 4 12
9 1 0 13 13 8 12 4 6 12 12 10 11
10 4 8 17 4 14 21 10 9 1 3 10 9
3 5 1 2 4 4 1 2 10 1 2 3 5
5 12 16 20 1 7 1 5 3 1 11 8 7
5 4 0 8 4 1 9 5 4 5 7 0 1
4 5 3 0 4 3 4 1 5 3 0 6 1
2 4 2 4 9 4 3 11 5 1 0 2 0
6 2 1 1 2 14 6 0 9 2 7 4 4
6 3 1 9 1 10 15 7 9 8 3 8 8
20 10 15 15 7 1 11 0 15 3 1 6 15
11 4 3 4 4 7 0 17 15 3 16 16 2
6 9 3 1 2 1 14 8 7 7 7 3 12
7 8 7 8 3 10 15 2 21 8 1 3 21
6 12 10 9 3 7 4 3 12 2 7 3 1
0 3 8 3 12 20 16 6 9 5 4 3 5
4 3 2 6 3 14 6 10 11 5 8 2 3
2 20 10 12 0 3 6 3 9 4 4 15 22
4 12 16 4 9 24 9 3 0 3 0 2 3
13 0 1 1 9 4 5 3 9 5 5 0 12
2 0 6 4 3 1 1 4 3 4 1 0 1
3 2 2 11 5 0 18 1 11 7 4 4 4
2 10 11 1 1 0 4 1 20 17 0 16 11
0 16 15 11 8 7 5 1 13 2 3 12 7
4 5 9 25 10 3 9 10 3 4 1 21 1
11 10 10 5 2 7 14 2 12 12 11 4 4
1 7 2 7 22 4 0 8 4 11 4 4 1
16 2 13 8 6 7 14 10 1 2 21 9 2
1 3 6 1 0 6 1 0 0 4 0 2 2
3 1 9 11 2 4 5 4 2 3 11 1 1
9 10 4 0 8 8 0 5 2 5 4 3 0
6 3 6 10 17 8 12 9 5 7 14 10 15
11 2 5 11 6 6 9 14 16 5 0 4 3
6 1 4 7 1 1 2 4 8 1 2 13 0
1 1 5 1 20 7 8 7 10 13 19 7 1
1 4 6 0 2 3 11 2 1 2 4 5 8
8 7 5 5 4 0 9 6 1 8 0 0 1
6 1 3 8 1 7 15 0 5 2 1 3 4
7 7 2 3 9 7 5 4 3 23 14 4 10
3 6 5 5 1 5 3 11 3 0 7 4 0
9 10 6 7 4 1 16 12 2 4 10 10 3
0 10 2 4 5 4 24 1 4 0 0 5 15
18 3 8 1 14 8 15 2 8 4 13 4 2
0 4 14 11 9 1 7 3 4 2 3 9 10
1 3 4 7 3 3 1 2 1 0 4 1 3
10 6 6 11 7 15 3 16 10 5 9 8 2
7 4 5 3 1 7 6 3 1 0 6 1 0
3 4 3 2 5 6 9 3 3 2 2 0 3
6 7 0 1 7 3 11 6 5 2 1 4 1
3 7 12 8 2 5 9 5 5 1 9 5 3
5 5 4 5 7 5 4 4 1 7 5 5 2
2 0 1 13 6 1 8 2 3 2 3 6 3
12 10 6 2 19 3 4 5 2 2 8 3 9
0 3 1 5 3 1 1 1 3 5 4 2 1
3 11 10 5 3 0 8 1 3 8 10 4 5
3 3 3 0 2 5 1 5 3 2 2 6 4
9 14 7 22 6 3 4 13 2 13 1 5 16
10 7 6 20 6 1 4 5 2 1 3 12 7
4 2 5 1 10 10 4 16 5 13 5 9 20
1 3 2 4 5 3 2 1 2 1 0 6 2
10 8 7 1 13 27 2 0 1 7 3 14 10
12 0 5 8 3 0 4 0 6 8 12 1 3
3 8 0 4 7 0 0 7 4 4 5 3 3
2 1 6 1 5 2 7 6 4 3 5 3 2
3 7 4 6 1 5 2 7 0 1 8 2 2
1 2 8 6 4 2 8 5 2 4 1 4 2
11 14 16 3 14 18 3 2 7 4 7 0 2
3 7 1 2 4 3 4 3 1 2 5 8 2
3 5 1 1 12 0 18 0 6 7 1 10 9
0 3 0 5 4 1 2 0 4 2 9 3 0
2 7 3 11 2 4 5 7 9 7 17 2 17
3 0 3 2 1 3 7 4 0 2 3 8 2
9 12 1 2 2 23 17 15 5 13 4 8 4
3 2 3 2 1 2 1 1 5 5 1 2 3
7 4 8 1 3 12 5 5 4 3 6 7 18
12 4 11 6 17 8 9 1 13 7 2 13 15
9 6 13 2 1 16 9 11 7 5 0 16 13
0 7 3 4 1 2 0 2 3 3 2 5 4
7 11 19 0 5 13 11 10 1 15 10 7 11
3 9 2 11 2 1 5 3 4 3 1 10 0
3 1 0 6 1 2 1 7 1 10 1 0 3
14 6 14 10 6 8 7 17 6 7 17 10 9
5 12 2 3 6 9 2 2 8 8 4 8 13
9 3 18 15 13 15 4 14 3 7 8 3 8
1 8 1 9 4 5 3 8 6 10 2 3 4
15 3 5 11 4 2 23 8 11 10 11 7 12
5 3 5 4 1 8 8 3 6 4 7 7 4
0 1 0 2 5 17 0 5 1 3 3 7 4
10 2 0 3 3 2 5 1 2 7 6 2 1
0 5 8 17 2 9 7 4 7 16 4 8 19
5 2 17 4 6 5 0 4 0 3 4 2 9
3 6 9 6 14 8 4 6 5 0 10 14 3
0 1 10 0 1 1 5 4 4 7 1 3 2
4 6 4 3 1 0 1 6 2 4 12 3 6
5 3 0 1 1 2 2 4 3 2 0 5 2
9 4 8 5 1 7 5 5 6 6 1 1 5
3 2 4 6 3 4 2 2 5 2 4 1 1
9 9 5 3 2 22 2 6 5 1 1 8 2
13 20 1 1 11 10 17 6 1 7 1 5 13
5 2 7 5 3 4 4 1 2 4 2 2 4
1 12 14 3 5 7 1 0 6 12 15 6 2
0 15 4 3 2 4 3 12 8 1 3 2 6
5 8 4 5 11 6 10 9 11 7 9 9 5
9 5 3 2 8 12 23 3 10 15 15 4 6
5 9 6 0 20 9 0 1 6 11 1 6 22
2 17 3 3 4 3 2 4 3 0 3 7 1
16 4 3 6 4 0 4 9 21 19 8 13 5
0 10 4 5 7 10 1 6 2 2 5 8 2
5 11 2 0 13 4 3 1 6 5 4 4 6
8 3 14 2 4 10 9 7 6 8 3 3 0
3 4 6 3 1 3 1 4 3 1 2 1 0
4 11 16 3 3 2 7 0 3 4 1 1 4
10 4 0 3 10 0 11 0 10 4 5 7 4
8 7 17 14 1 5 2 5 7 21 13 7 2
14 1 16 24 12 3 7 1 7 0 10 4 4
2 14 16 11 0 8 6 8 5 11 6 3 8
3 4 7 18 3 13 8 3 6 7 8 0 15
8 12 4 0 3 14 11 6 2 6 13 2 4
16 5 10 2 4 4 6 14 9 7 7 9 2
8 1 2 3 1 1 9 1 1 0 2 5 5
4 21 15 4 15 1 4 11 5 3 6 14 3
0 6 3 7 1 13 8 11 7 0 8 5 11
5 3 2 6 6 7 9 4 20 3 7 0 1
4 4 2 9 10 1 6 4 1 2 3 1 2
3 2 20 4 2 7 1 1 2 12 6 23 10
14 1 15 5 5 7 11 2 10 14 10 2 8
12 4 5 12 1 11 10 6 11 8 2 7 3
4 8 7 2 14 2 17 14 5 7 16 5 4
1 4 2 2 7 1 1 3 2 3 6 1 5
6 4 1 2 7 0 7 6 2 2 11 1 4
0 4 2 0 6 1 6 0 1 1 1 2 4
1 9 7 1 9 12 10 8 6 4 4 1 16
3 4 7 5 7 1 1 4 15 7 7 3 4
5 8 7 4 20 10 3 2 3 3 13 8 0
18 7 14 6 10 0 12 14 10 10 9 7 8
7 1 3 6 3 8 2 4 3 4 6 7 5
20 7 1 1 16 12 8 1 1 2 12 16 9
1 3 5 2 3 2 6 5 2 0 0 1 0
12 10 3 8 9 2 9 3 8 3 6 3 13
1 4 4 1 6 2 4 4 3 4 1 0 0
2 4 2 5 1 1 4 6 0 2 2 1 1
1 5 4 3 6 0 12 3 1 11 9 8 28
5 10 8 16 2 16 2 7 9 7 6 8 5
2 6 6 7 11 6 5 5 12 10 0 9 2
3 1 9 3 3 5 9 13 5 6 2 7 5
5 8 3 7 19 2 12 10 2 8 6 0 10
0 10 5 13 19 3 16 4 5 12 10 11 1
4 6 0 7 6 2 1 6 1 1 9 4 8
13 18 2 9 4 23 4 2 1 9 9 7 0
7 0 0 6 1 8 1 4 3 1 1 0 18
3 5 11 2 7 5 9 3 1 5 14 4 5
1 2 1 2 3 4 1 2 6 0 3 3 1
0 4 1 12 0 5 2 0 6 2 3 1 2
1 1 1 0 6 6 1 14 13 11 3 9 3
8 6 5 14 12 12 0 9 5 5 22 3 0
7 11 8 2 12 14 2 7 8 15 3 11 21
2 1 1 1 4 3 5 0 5 4 1 1 4
2 5 0 16 6 2 7 19 7 1 16 15 6
5 5 2 4 2 0 5 3 7 4 2 1 4
7 6 7 5 2 9 3 3 4 9 29 5 8
15 8 10 3 8 14 2 5 5 12 2 7 2
6 8 10 9 3 11 21 0 3 4 13 3 3
7 3 6 5 8 0 12 7 1 11 3 10 8
1 6 4 0 2 3 22 9 3 0 13 12 5
9 4 1 4 1 6 5 7 0 3 1 3 10
2 2 1 8 6 5 1 5 2 0 5 1 2
3 1 6 7 2 15 3 5 4 11 11 13 8
2 5 4 2 1 3 1 2 4 2 3 3 1
2 2 9 13 11 2 3 13 5 4 25 0 5
8 1 12 11 4 10 1 2 1 6 13 3 1
1 3 9 7 10 0 1 13 8 15 3 0 5
6 18 4 3 14 4 16 3 8 9 5 1 15
14 1 7 5 21 3 17 2 9 7 1 1 6
2 7 11 14 7 18 8 7 3 17 2 2 10
1 3 1 3 5 1 3 0 4 1 5 0 2
13 4 8 1 5 3 2 3 8 7 0 4 1
3 4 14 4 9 4 10 20 17 3 1 7 9
1 2 8 0 13 9 11 17 1 2 4 3 5
3 10 4 2 4 1 1 1 5 4 1 0 1
6 1 0 4 6 3 10 1 8 11 18 23 2
1 2 4 6 1 1 8 3 0 3 1 0 9
3 4 6 3 3 4 1 7 9 10 3 12 8
3 2 5 3 2 10 7 1 2 2 2 4 1
2 1 8 3 3 5 3 4 4 1 1 3 5
0 8 3 2 1 8 7 7 2 3 13 0 4
1 7 3 0 0 0 2 3 2 7 5 1 0
11 9 1 8 9 15 2 2 7 17 14 2 5
1 5 2 7 3 10 2 3 3 10 6 1 7
1 7 10 12 2 1 17 1 18 16 12 3 6
3 2 10 13 11 3 2 10 2 1 3 5 8
4 1 6 1 2 0 3 5 16 10 2 21 1
4 4 6 3 3 5 1 2 10 2 2 2 5
3 16 11 4 0 0 10 2 16 7 7 5 5
8 5 6 6 2 11 3 9 4 18 9 10 16
2 6 2 1 0 2 8 7 5 5 1 3 5
2 2 5 4 4 1 6 4 1 1 5 2 1
2 7 1 3 0 1 4 2 3 7 10 8 2
11 7 2 7 5 10 6 5 26 1 8 0 8
3 4 4 8 4 20 5 14 2 6 6 1 3
17 9 16 5 1 6 26 5 0 6 0 8 0
5 6 8 0 2 14 10 10 2 0 9 1 1
12 8 8 22 11 11 3 12 8 10 1 12 4
1 0 2 1 6 4 4 3 6 5 5 12 4
4 6 9 4 3 8 12 4 3 0 17 4 3
1 15 7 5 11 2 11 10 12 8 8 9 7
3 5 5 1 14 2 10 13 0 1 0 7 12
6 0 4 3 9 2 3 3 7 2 6 7 0
4 1 3 1 4 4 4 1 0 3 4 1 4
2 4 6 3 17 0 10 10 5 15 23 1 8
1 8 6 18 9 11 8 0 11 9 2 11 19
6 7 12 9 7 9 1 3 12 6 20 4 2
10 12 13 4 3 1 10 1 8 1 6 15 2
3 9 3 0 10 4 9 4 0 5 11 3 11
3 7 1 8 19 1 2 6 7 12 4 10 7
6 1 16 8 5 2 5 8 10 2 10 8 13
5 5 5 2 5 3 7 2 0 1 6 5 2
7 1 6 7 4 1 6 10 5 23 1 10 1
1 0 3 7 7 0 1 0 2 6 4 9 10
12 0 1 2 5 14 1 9 3 6 13 3 2
2 6 5 3 5 4 4 1 6 1 2 7 3
6 3 1 13 11 1 24 9 5 3 8 8 13
14 9 6 24 7 4 8 16 1 9 7 5 7
16 3 1 8 6 2 6 3 2 7 0 5 11
2 4 6 4 0 2 4 2 3 7 7 4 4
18 2 11 12 3 15 4 10 12 9 1 6 4
2 2 4 2 5 10 8 3 17 5 8 6 14
1 0 4 1 8 0 11 1 2 1 6 0 1
14 9 5 4 16 1 9 15 19 14 5 2 1
1 1 5 5 3 5 1 1 10 6 6 2 2
16 1 21 6 7 10 10 7 11 0 4 18 6
12 21 11 13 12 2 5 10 3 1 20 2 2
0 5 1 11 0 2 18 7 0 4 4 2 2
1 0 2 4 2 1 3 2 1 4 6 3 8
5 1 4 2 4 1 1 2 9 6 3 6 3
14 5 12 1 1 1 2 2 11 12 4 2 6
7 7 5 2 6 3 9 7 16 24 0 9 9
6 4 8 4 5 5 3 1 3 4 8 2 4
3 8 5 12 9 4 5 9 3 2 11 4 6
1 13 1 12 1 4 5 4 3 7 10 9 6
4 5 11 1 6 17 4 2 4 3 26 6 8
2 7 0 4 4 2 3 3 1 3 6 2 5
2 1 4 11 4 2 9 4 10 5 6 10 24
1 1 3 6 2 1 1 4 5 3 6 7 1
25 4 4 7 2 3 7 7 10 10 4 5 4
14 12 1 10 4 3 16 0 20 6 15 5 7
3 6 2 8 5 2 5 1 0 19 1 5 2
1 0 18 3 7 9 4 2 4 2 3 5 1
6 3 4 2 13 1 1 3 1 8 3 16 5
3 1 6 6 0 2 9 11 1 5 3 13 1
5 8 5 0 1 2 1 3 2 4 1 1 6
18 19 4 12 1 0 7 9 4 18 9 5 1
0 0 1 5 2 2 4 11 3 2 2 1 1
0 3 2 11 2 8 10 6 8 13 1 10 1
2 6 2 0 0 9 7 3 5 6 12 8 5
3 12 5 6 7 3 7 6 3 9 1 3 1
3 8 3 3 1 15 2 0 1 3 6 7 2
4 2 16 4 10 2 13 3 8 6 2 4 3
14 7 7 5 0 4 7 15 1 2 6 5 1
1 3 4 2 0 8 1 5 5 1 4 5 1
15 5 5 6 6 6 6 7 10 14 17 14 6
4 1 8 1 0 3 11 1 3 2 3 6 3
7 7 1 2 5 3 2 2 0 2 1 0 4
4 1 12 10 3 15 6 8 2 10 2 9 5
4 2 4 3 2 7 13 15 11 13 3 17 1
4 1 1 5 13 0 2 2 1 9 7 7 1
6 7 6 8 0 1 2 16 12 9 5 7 5
1 4 4 1 4 5 1 1 2 4 3 1 1
4 2 14 7 7 9 5 5 6 0 3 1 1
2 0 3 5 0 6 1 3 1 11 1 1 5
8 5 6 12 1 10 9 2 8 4 5 3 4
4 6 0 1 1 1 6 4 2 1 3 4 1
2 15 1 5 9 2 4 5 2 9 3 4 2
11 18 12 7 5 18 7 5 17 12 1 4 5
1 6 5 3 4 8 2 2 0 14 1 4 2
6 4 8 12 4 14 5 5 10 2 5 1 0
5 2 6 7 9 7 7 2 4 18 11 6 6
0 13 2 4 4 2 4 5 4 3 0 3 4
18 9 7 8 4 6 14 21 4 2 7 14 5
7 3 22 11 8 4 2 9 10 10 1 8 16
2 3 0 3 2 0 2 5 6 2 0 1 3
1 0 7 6 1 0 2 3 2 3 2 5 4
14 3 8 10 1 5 3 17 1 6 9 4 3
9 5 9 5 8 3 5 4 2 6 9 6 8
9 1 3 15 6 18 16 7 2 8 3 15 11
0 4 1 2 6 3 5 1 4 1 6 3 2
1 0 16 2 13 12 6 12 9 8 10 3 10
1 7 11 5 2 9 3 7 1 15 9 1 4
3 0 1 14 14 7 7 7 1 4 10 8 9
1 1 1 3 3 6 5 9 1 0 4 0 1
4 3 6 3 2 4 4 3 4 11 5 8 2
7 0 5 7 15 7 4 3 1 4 4 1 9
2 1 4 1 3 7 0 2 4 5 1 4 1
3 7 3 2 1 9 2 7 1 21 6 13 4
7 1 4 26 7 5 5 16 6 3 5 3 2
3 3 0 1 7 3 3 8 1 6 3 2 6
2 3 1 0 1 12 1 8 2 0 2 5 1
0 8 3 7 8 7 3 5 1 1 3 1 2
0 2 0 5 10 1 15 4 8 4 4 2 5
3 8 0 1 1 4 4 3 13 0 6 6 4
4 0 2 1 1 6 3 6 3 1 2 5 6
10 6 4 10 12 5 14 4 1 12 2 16 14
1 2 11 10 10 0 15 18 4 16 14 10 1
4 9 3 2 12 1 3 2 0 7 6 9 7
5 13 6 13 2 0 3 9 6 6 0 12 2
0 2 7 1 1 9 1 0 2 1 1 3 2
14 9 8 16 6 1 1 10 11 3 20 1 2
14 10 22 5 7 10 6 2 5 0 17 4 2
6 15 3 10 14 2 6 2 0 12 5 12 9
2 5 3 1 3 1 5 0 4 1 3 0 2
13 6 9 7 1 2 1 2 11 2 8 4 3
17 9 11 1 10 7 9 3 15 12 3 1 7
4 4 3 1 1 5 5 4 0 11 3 3 1
0 0 1 4 1 9 4 1 1 2 11 0 3
6 2 11 2 1 13 6 2 9 25 9 8 2
5 11 4 9 17 3 0 0 12 13 9 5 5
11 5 4 14 12 9 7 4 2 3 2 22 19
0 9 5 7 4 6 1 6 5 11 11 19 6
1 2 13 7 1 7 4 5 11 14 1 4 4
6 4 9 16 3 11 3 10 2 15 3 5 16
5 4 4 0 4 2 3 4 3 5 5 3 1
1 2 2 2 4 8 3 1 1 5 12 1 4
4 16 2 2 4 2 3 4 8 14 0 13 1
19 5 10 2 6 3 8 3 3 5 14 6 15
0 2 10 3 1 1 4 2 0 1 2 1 3
2 5 1 6 9 3 8 3 8 8 8 0 4
1 8 4 2 5 15 5 3 9 7 1 3 14
11 1 3 11 1 2 8 8 13 19 3 2 6
2 15 5 2 5 0 0 3 2 4 7 3 0
2 2 6 1 10 9 4 8 18 3 8 9 14
1 3 3 7 1 5 0 5 9 1 8 1 5
3 0 4 9 8 10 1 2 1 1 6 3 7
5 1 1 1 5 1 1 0 2 2 2 7 4
11 17 3 10 5 3 15 7 1 11 13 10 19
6 12 12 10 4 3 10 2 6 0 3 2 3
4 3 4 2 1 6 6 3 2 1 5 0 1
7 0 10 9 13 4 18 4 4 2 10 3 4
0 16 3 8 10 12 18 10 2 4 9 10 5
6 3 3 8 4 10 13 6 10 8 1 13 2
1 3 2 3 1 3 0 8 13 7 1 2 3
8 3 1 6 11 17 10 7 8 6 9 5 3
1 0 3 9 0 2 3 10 2 3 1 6 3
3 3 2 2 0 0 8 0 2 5 3 4 6
25 14 9 6 14 1 11 11 1 14 3 5 0
5 11 13 5 11 16 2 17 4 11 11 15 8
12 2 13 1 14 3 3 9 14 3 2 0 6
12 4 1 15 6 3 18 23 7 1 3 4 0
2 3 4 1 3 1 5 4 2 6 2 3 6
7 14 5 9 9 3 5 11 4 1 9 20 8
22 3 12 9 15 4 6 10 5 12 2 2 6
1 10 2 2 6 12 6 8 10 6 7 6 11
2 3 7 28 0 5 20 6 6 13 3 7 5
7 7 5 2 1 3 8 8 3 9 2 1 1
7 0 5 4 3 6 2 2 1 7 15 4 2
2 2 12 1 10 6 22 1 11 12 4 4 5
9 10 6 25 1 2 5 13 9 15 0 13 6
1 2 6 2 3 1 3 10 0 1 0 1 2
3 6 8 1 11 2 5 5 7 5 4 10 11
4 7 5 9 2 14 0 5 5 13 9 2 6
4 1 0 5 2 3 2 2 5 3 3 3 1
2 5 4 4 12 0 5 4 16 7 2 20 12
2 7 0 1 1 4 2 0 2 4 3 3 1
2 0 1 7 4 4 4 5 6 2 3 3 2
12 4 7 4 11 12 2 5 7 7 2 11 12
14 9 16 10 10 7 5 2 20 8 14 0 8
0 2 2 4 1 1 6 5 4 6 5 2 2
10 8 5 6 0 3 8 10 16 7 4 0 9
2 7 4 0 7 2 3 1 1 15 3 2 1
3 12 7 6 5 7 4 4 2 1 5 9 7
13 15 7 9 12 7 3 3 21 14 9 12 4
4 2 3 3 2 1 9 0 6 6 1 3 2
0 3 4 8 4 2 2 1 4 4 2 2 2
1 4 2 8 1 5 7 13 12 2 6 8 0
1 0 6 0 8 1 4 13 10 1 5 0 3
7 4 7 2 24 0 20 5 2 3 0 5 13
5 4 4 0 12 8 6 5 14 2 2 1 7
18 1 6 6 1 5 6 13 5 9 6 5 8
2 7 3 9 5 2 5 1 4 1 1 2 1
3 6 8 2 12 4 7 2 1 0 1 4 10
5 9 6 3 8 0 4 2 4 3 8 11 1
5 0 1 8 19 1 10 5 12 5 0 7 1
2 6 4 14 0 8 16 11 8 4 7 5 15
13 0 6 6 13 2 6 5 3 1 1 8 1
7 11 10 1 7 3 0 2 5 8 11 3 2
2 1 6 1 2 1 1 4 2 1 4 4 2
2 0 5 0 2 4 7 1 0 2 4 1 7
16 5 5 7 1 11 2 5 0 0 3 11 3
4 5 0 3 4 0 3 6 3 2 7 5 1
5 0 3 7 7 6 6 0 9 1 11 5 8
7 4 5 1 9 13 4 12 1 7 2 9 2
2 6 6 1 3 1 7 6 0 4 4 5 4
18 0 7 0 4 14 6 0 4 10 11 14 6
7 2 8 5 4 3 8 6 5 5 7 15 9
0 3 3 5 17 4 17 17 8 13 10 10 3
2 8 0 2 8 4 7 0 3 0 5 1 2
6 2 7 20 10 19 4 2 4 19 3 12 3
2 13 4 9 9 6 2 6 10 6 4 9 14
6 8 10 1 1 8 2 15 1 9 9 5 5
2 5 6 1 1 1 1 5 7 0 5 1 3
0 2 3 2 3 1 4 4 0 0 6 0 3
5 2 1 3 9 6 2 7 3 8 7 2 12
8 2 4 0 2 1 7 2 7 6 7 2 3
3 1 6 0 10 2 5 1 4 7 14 0 6
13 6 1 4 7 5 0 13 7 3 9 11 4
8 13 4 1 6 0 10 6 12 4 5 0 2
3 15 5 8 0 4 0 15 4 13 5 8 9
3 3 2 4 2 9 10 3 0 1 1 3 4
6 3 3 11 2 2 1 13 0 6 2 9 23
6 5 2 3 23 12 4 5 2 12 1 4 1
5 4 2 3 9 2 2 5 15 6 2 10 6
1 8 4 7 7 11 9 26 4 1 1 5 3
4 5 5 7 2 1 4 5 12 2 1 8 1
4 3 3 2 4 2 11 1 3 12 4 2 4
10 6 10 5 4 3 8 1 8 3 2 6 1
7 7 12 5 18 10 3 2 16 5 1 5 1
8 5 8 4 3 3 10 7 5 0 1 5 4
4 9 5 0 4 7 5 0 8 9 2 3 5
3 11 5 10 11 4 5 6 5 0 2 0 0
3 1 1 4 1 9 2 2 5 2 8 1 8
5 11 7 2 1 8 21 9 1 6 14 1 6
5 3 4 7 0 0 4 2 12 7 2 8 5
13 5 10 10 2 15 13 16 19 10 9 4 3
3 6 0 0 2 18 27 20 8 1 0 3 4
1 1 3 3 1 3 6 3 2 3 1 7 6
5 12 5 12 6 5 8 23 19 7 10 5 4
4 7 7 10 7 11 7 3 12 6 7 13 7
8 6 11 5 7 4 1 3 9 13 17 6 9
19 6 3 3 8 13 2 17 4 1 7 12 9
16 5 13 1 2 1 0 8 2 6 7 28 2
5 1 2 3 4 5 9 5 14 12 8 8 2
8 9 3 10 3 3 5 1 3 12 3 10 4
9 10 5 8 6 8 5 11 13 12 12 4 9
6 8 12 0 4 6 9 11 2 1 4 9 4
1 2 3 2 3 4 4 0 4 3 1 5 0
7 8 0 5 3 6 2 17 2 7 1 1 13
3 0 1 8 8 7 2 2 2 2 9 5 2
3 5 16 7 0 3 5 6 6 3 5 3 1
10 4 25 5 10 15 11 0 8 0 13 7 5
6 3 0 4 3 3 1 1 4 4 2 3 4
1 11 11 21 2 3 1 11 2 1 7 7 10
12 2 1 11 4 5 17 7 5 1 2 5 1
5 3 1 1 6 7 6 2 8 1 3 1 2
2 11 16 1 9 13 6 4 12 3 7 5 8
1 2 4 6 3 4 7 1 5 9 2 15 4
11 9 19 3 4 22 3 5 2 9 9 1 1
2 11 9 8 10 9 13 10 0 0 12 1 2
0 8 9 1 8 2 1 2 7 6 2 9 3
6 7 7 7 5 6 14 10 2 2 3 8 9
5 0 8 3 15 9 1 1 7 4 4 5 5
5 10 4 8 9 16 2 2 13 8 0 5 18
0 0 3 7 5 5 0 1 0 4 4 6 5
22 2 7 7 1 2 14 3 3 3 3 6 15
8 10 16 11 10 14 7 6 1 6 1 7 10
5 2 1 0 3 6 2 2 1 1 5 0 2
3 3 8 12 3 5 1 4 3 1 0 8 0
25 0 3 9 3 2 5 2 10 0 9 8 3
0 3 3 6 5 2 3 1 5 1 0 1 6
0 11 12 4 1 11 5 9 15 4 14 12 11
3 1 1 4 1 4 2 9 5 3 2 3 4
1 0 0 2 2 3 0 8 5 2 1 1 6
16 13 8 4 12 6 8 17 15 6 15 6 0
3 3 21 7 7 14 2 2 4 17 9 14 4
12 1 7 4 6 11 11 6 0 6 4 7 8
5 3 6 3 4 0 1 1 1 3 12 1 8
4 7 13 3 5 2 19 13 10 5 12 3 2
15 5 6 2 5 5 7 19 7 17 12 1 14
10 11 4 5 15 3 7 4 8 9 10 2 3
5 5 4 2 12 12 11 2 4 5 1 5 3
11 4 1 8 2 4 5 11 12 8 9 2 6
2 14 5 1 3 7 9 1 9 1 5 7 12
10 7 11 2 2 3 10 3 7 7 0 9 11
3 7 19 7 7 4 22 19 11 4 6 4 3
3 6 4 1 0 6 4 3 9 22 13 2 10
0 11 11 8 14 2 0 5 17 6 21 9 15
10 8 1 11 8 10 1 6 4 12 6 3 5
16 14 4 10 14 8 9 3 6 14 9 11 0
1 1 2 10 6 10 4 5 2 10 6 7 2
3 2 1 4 3 4 1 2 3 3 6 7 6
10 9 2 0 2 3 0 10 3 3 1 5 5
3 10 2 6 8 5 3 2 7 3 3 10 11
1 5 3 9 8 2 3 4 6 2 0 3 0
5 18 11 8 1 10 15 8 3 4 9 0 7
11 0 1 1 2 0 0 6 2 1 0 3 5
9 8 3 14 12 15 17 7 5 10 6 6 2
4 4 2 3 13 9 12 20 9 9 6 12 6
6 1 3 7 10 5 15 5 6 6 6 7 3
5 4 5 2 3 3 13 4 11 3 14 2 2
0 9 5 10 5 3 0 8 4 1 1 3 8
14 12 4 4 1 3 2 6 5 3 10 12 9
2 23 5 3 1 11 8 4 6 14 2 10 1
9 5 8 11 8 0 16 6 2 5 17 8 12
12 0 10 5 11 7 2 1 7 1 6 5 2
7 8 1 5 1 3 2 1 0 2 1 1 1
2 1 1 1 0 1 5 3 1 3 1 1 7
7 5 1 5 2 0 1 8 4 5 3 4 9
6 3 1 1 3 14 2 1 6 5 2 3 6
3 3 13 9 8 5 5 2 10 3 9 9 16
11 1 3 1 0 5 3 0 6 0 3 2 6
5 3 3 1 1 5 4 2 3 6 5 6 3
6 3 3 3 1 4 4 1 2 2 9 6 5
8 6 4 4 12 6 6 11 13 13 1 16 9
8 4 2 8 5 17 6 7 10 7 8 10 7
14 12 5 13 6 1 15 4 5 5 3 6 2
14 3 1 9 4 0 7 11 2 3 3 2 5
1 3 8 3 8 4 2 4 11 5 4 7 3
2 11 6 15 18 3 5 9 6 1 2 5 13
4 5 11 7 2 4 11 4 4 0 2 7 3
1 5 9 1 6 1 2 1 3 2 1 3 4
9 14 9 6 7 15 0 5 16 7 14 1 9
1 9 12 3 14 0 14 11 1 7 3 4 24
9 3 20 7 5 7 5 6 6 4 2 1 8
4 6 1 16 7 3 7 6 3 1 2 0 12
5 5 1 6 12 2 1 1 3 5 3 3 3
3 1 0 15 1 3 6 11 1 3 4 4 9
0 2 3 30 7 6 10 1 14 7 0 13 3
1 6 3 1 0 2 1 3 3 1 4 7 3
4 10 5 13 10 7 1 4 4 3 5 9 6
7 2 0 10 4 0 7 3 4 8 1 2 0
3 1 3 8 3 1 0 3 7 9 11 3 8
2 7 6 8 7 5 3 7 2 16 6 15 17
1 3 2 5 11 3 0 7 10 2 5 10 1
10 16 2 0 1 25 0 8 1 19 2 6 7
1 3 2 3 3 1 0 1 0 5 0 6 3
1 1 5 2 4 5 7 2 3 6 5 0 2
0 3 1 2 3 9 2 6 6 19 10 2 5
5 7 4 1 1 4 4 5 9 2 15 8 3
6 5 3 5 1 8 7 0 9 10 4 6 6
2 4 0 6 8 0 1 1 4 2 7 4 8
2 0 3 3 4 1 2 3 2 1 6 0 3
11 4 5 1 2 9 7 3 4 11 7 6 1
10 6 8 3 6 13 8 5 9 0 0 6 1
14 22 17 12 2 2 10 1 8 8 5 8 12
11 4 9 11 2 2 10 3 5 3 5 9 5
4 11 7 4 0 7 9 5 2 4 7 9 2
8 14 2 2 1 7 7 7 4 3 14 0 8
2 0 2 6 4 4 2 4 1 2 1 1 2
2 4 2 9 10 0 4 11 1 5 1 3 4
8 12 3 4 5 10 15 3 4 12 8 11 4
3 2 15 7 9 12 3 9 4 3 16 3 6
4 19 1 10 11 3 4 2 4 14 23 9 9
4 1 3 8 1 5 2 1 7 2 5 6 3
6 2 11 6 3 3 13 0 1 2 4 4 9
9 7 8 1 3 0 3 4 1 0 3 0 1
6 4 5 9 17 6 12 3 6 12 1 12 2
4 1 2 4 0 3 2 8 9 9 1 4 0
3 2 3 4 1 6 4 0 2 8 2 6 0
7 3 3 6 12 2 0 10 2 2 4 7 9
1 4 0 8 5 5 9 1 2 7 4 6 2
17 3 12 1 2 6 11 17 2 16 7 13 7
3 8 2 1 7 8 7 5 2 3 4 6 4
1 1 2 4 0 9 1 8 5 4 6 11 7
3 10 2 5 1 1 0 8 9 2 0 2 2
0 7 13 2 7 5 10 13 17 5 5 0 10
2 13 10 8 16 14 13 3 7 4 2 10 11
7 5 2 9 2 1 1 5 1 2 1 7 1
3 5 1 1 3 2 0 0 5 2 2 5 2
2 1 5 22 3 1 2 4 16 7 7 12 5
1 7 1 8 2 2 9 5 2 3 6 5 5
14 5 2 9 1 4 8 3 23 5 9 1 12
15 9 3 6 11 9 6 4 3 7 2 9 0
12 3 5 23 0 7 16 4 3 7 3 3 1
6 3 6 0 0 10 9 4 5 2 2 4 25
6 13 13 7 10 5 1 3 11 8 5 2 16
4 4 1 5 13 1 1 1 2 0 8 6 3
1 2 6 1 6 1 1 1 8 0 1 1 4
3 2 3 1 5 5 6 11 5 9 7 5 3
9 5 5 4 3 4 12 6 7 2 6 6 2
10 2 9 11 15 11 2 8 2 1 7 2 3
11 10 15 8 8 3 0 4 3 4 22 3 17
1 11 1 2 4 1 4 9 9 11 1 1 8
7 3 2 9 4 2 10 10 5 5 0 17 7
6 6 2 0 6 1 18 3 11 5 14 2 1
1 2 13 5 5 6 1 0 0 0 3 2 8
0 6 1 3 2 5 6 1 2 4 11 7 2
13 2 2 12 1 1 4 5 5 13 5 8 5
10 9 26 12 7 11 4 8 6 9 12 1 2
4 2 4 4 9 8 4 3 4 6 2 2 7
11 0 10 7 7 4 4 1 18 2 5 1 1
1 13 4 10 4 6 1 6 3 7 3 2 1
5 7 14 7 7 2 10 1 4 2 10 10 5
4 1 4 6 0 5 6 15 2 9 7 3 6
2 10 5 2 4 6 18 0 5 5 2 0 4
7 21 10 10 3 22 10 2 3 8 4 6 3
1 3 4 5 16 11 6 22 17 2 8 2 8
4 2 19 15 5 6 11 5 5 1 5 10 8
3 0 9 2 10 6 0 9 22 5 7 20 13
8 8 2 11 10 7 2 4 5 15 11 7 4
7 9 2 0 5 6 4 1 9 9 3 7 4
20 2 1 4 14 6 1 0 3 3 7 10 4
1 2 10 2 5 9 9 3 3 10 12 8 3
1 7 5 4 5 4 12 1 8 2 1 4 2
1 2 0 9 2 2 3 2 3 8 1 0 3
4 2 6 7 1 1 2 3 2 1 2 4 0
2 8 2 2 4 2 5 3 1 3 2 6 5
0 0 7 4 6 0 1 3 3 1 1 2 6
14 15 11 6 17 8 6 2 6 2 1 8 10
4 3 0 10 5 1 11 12 5 7 6 14 3
15 6 8 7 13 5 5 4 12 17 10 10 0
3 7 3 8 4 3 3 4 5 4 12 5 0
1 11 2 9 1 6 8 3 4 0 25 12 9
15 0 2 1 7 6 5 11 5 6 11 9 1
0 1 4 0 6 3 4 4 1 3 2 4 8
1 3 4 4 0 1 5 10 3 1 3 1 1
3 3 5 8 1 1 0 1 5 0 3 6 1
5 18 12 3 0 2 12 20 2 7 1 5 1
5 6 1 4 3 2 1 3 1 4 1 7 1
1 4 6 1 1 7 2 3 3 1 3 3 8
15 2 4 1 3 3 4 4 5 5 1 10 2
2 6 1 4 11 20 14 1 16 4 3 3 5
1 2 2 1 3 5 4 1 5 1 5 2 4
1 2 3 7 8 3 3 11 8 2 5 6 7
1 0 7 1 14 1 7 6 0 6 11 0 5
3 17 12 9 12 10 3 5 1 10 13 8 9
8 6 2 5 11 5 7 10 5 5 7 12 2
17 0 3 13 4 11 10 7 11 2 17 8 4
4 7 5 18 9 10 3 6 22 2 9 5 9
3 18 9 15 2 1 2 3 0 9 14 3 12
4 7 5 12 5 2 5 0 4 3 1 5 7
3 1 3 1 3 3 3 2 8 8 7 4 1
4 1 3 1 3 21 2 9 1 12 7 5 8
1 2 12 0 1 5 4 2 3 6 1 6 3
12 2 4 2 16 1 2 4 1 7 9 3 4
2 8 15 6 8 9 18 14 7 7 1 2 6
5 5 2 8 5 3 6 31 8 7 4 1 6
16 2 15 3 8 11 11 0 0 9 13 1 7
3 10 6 3 8 5 12 2 2 11 7 9 7
10 2 7 4 4 9 5 6 3 8 8 8 2
3 4 8 6 7 6 0 7 6 14 6 8 3
13 1 9 3 18 1 10 3 8 11 23 9 1
1 1 3 6 8 2 4 3 5 3 2 4 8
15 2 4 2 14 6 12 3 14 3 1 18 8
5 2 4 5 3 3 2 4 8 18 4 1 5
0 8 9 4 0 13 1 3 0 0 10 11 0
2 3 1 4 1 1 4 2 0 5 1 7 2
15 17 7 3 0 2 11 7 5 7 26 1 9
2 2 10 7 4 14 8 8 9 13 2 8 5
7 1 1 4 8 7 4 2 1 0 0 2 0
4 1 5 1 1 2 6 3 2 5 1 2 4
12 5 13 7 16 1 6 7 15 15 6 13 3
1 4 4 3 2 3 3 2 1 1 3 4 4
3 2 1 5 6 6 2 3 4 0 2 5 1
3 3 2 15 11 10 18 6 13 2 2 16 12
8 9 13 5 17 6 5 1 15 15 7 2 1
13 0 1 5 5 4 22 1 0 3 8 2 7
17 3 8 2 1 6 4 7 2 18 4 15 4
9 1 10 1 6 12 10 4 9 0 2 2 3
15 4 1 1 21 3 14 1 11 2 0 5 7
2 10 3 4 3 15 13 2 12 20 6 0 2
1 6 8 8 16 5 13 11 11 20 0 6 3
14 2 0 2 1 7 6 11 2 7 1 1 0
3 3 3 1 4 12 5 7 1 7 5 6 10
7 10 14 10 1 2 1 5 3 4 2 4 12
3 5 4 5 1 3 2 6 3 5 4 3 1
2 7 13 2 5 3 13 7 16 2 8 10 2
3 10 14 6 5 12 4 17 2 1 1 11 4
4 6 14 10 9 3 7 3 3 3 8 9 4
2 1 3 12 4 3 1 0 6 6 3 8 1
8 7 8 5 0 15 1 4 9 1 23 11 5
11 3 3 11 3 3 2 3 3 6 12 1 2
8 1 10 3 3 6 3 5 6 1 7 1 1
1 49
3 4
3 6
5 13
6 99
7 87
8 41
8 94
9 30
9 94
9 104
11 108
12 63
12 81
12 90
14 87
15 46
15 77
15 105
16 43
17 91
17 104
18 49
19 91
20 36
20 73
20 118
22 111
23 57
23 59
23 82
23 104
24 60
24 91
24 114
24 120
26 46
28 71
30 66
36 88
37 48
37 85
39 97
39 115
41 65
42 62
42 69
42 106
42 129
43 94
44 76
44 78
45 60
46 92
46 100
46 137
47 87
48 49
48 105
48 124
49 53
49 78
49 79
50 80
51 122
51 128
52 80
53 90
54 71
54 123
56 120
58 82
58 146
59 68
59 118
59 155
59 158
60 69
60 70
60 96
60 124
61 81
61 101
61 150
62 69
62 85
62 149
63 104
64 78
64 100
64 143
65 110
65 162
67 146
68 78
68 88
68 139
68 166
69 111
70 95
71 108
72 110
72 146
72 168
73 79
73 82
76 137
77 101
79 140
79 173
80 173
81 139
82 106
83 135
84 177
85 156
85 184
87 135
88 129
88 158
90 126
90 149
91 134
91 178
92 143
92 144
92 183
92 190
93 119
97 136
97 154
97 165
97 188
98 177
99 110
99 170
99 186
100 161
100 192
104 131
104 146
105 201
106 182
107 192
109 189
109 200
110 178
113 127
113 159
114 191
115 127
115 183
116 175
116 187
117 141
118 149
118 216
119 129
119 144
119 171
119 175
120 155
121 177
121 203
123 160
123 218
124 217
125 149
125 181
127 186
127 216
128 227
129 183
129 184
131 134
131 157
131 207
132 141
133 151
133 179
133 230
135 179
135 189
137 236
138 170
139 205
141 148
141 211
142 157
143 167
145 191
146 149
146 153
147 210
148 151
148 246
151 161
151 250
152 224
155 203
157 164
158 161
158 207
159 202
160 181
160 246
162 185
162 191
162 238
162 244
163 188
165 222
166 201
166 238
166 265
168 226
169 199
169 250
169 265
170 171
172 176
175 205
175 217
175 218
175 246
176 188
177 229
178 223
178 224
179 203
181 248
182 184
182 277
183 277
184 236
185 246
185 249
186 225
186 234
186 263
188 246
188 251
189 199
189 260
190 193
190 280
191 198
191 239
192 227
193 232
194 280
194 291
197 209
197 279
199 262
200 216
200 261
201 220
202 231
202 266
202 287
203 229
203 261
204 252
207 274
208 211
208 232
209 224
209 284
211 256
211 292
211 299
213 264
214 269
216 296
217 249
217 259
218 250
218 314
219 270
220 259
221 316
222 232
222 270
222 299
223 247
223 278
223 294
226 249
227 245
227 255
229 261
229 302
229 321
230 276
230 295
230 303
231 272
231 274
232 235
232 258
232 262
233 280
233 284
234 248
234 294
234 295
234 298
236 324
238 269
238 282
238 299
239 287
240 271
240 284
240 305
240 316
241 330
241 340
242 327
243 283
244 292
245 326
246 252
246 265
246 317
247 255
247 322
249 278
250 285
250 318
252 293
252 309
252 314
252 350
254 264
254 284
254 294
254 295
254 331
255 284
257 357
258 279
258 339
259 317
260 350
262 328
264 303
265 291
265 314
266 313
269 272
270 296
275 286
275 289
276 288
278 283
278 302
279 375
280 358
280 360
281 367
282 335
283 289
283 352
283 355
284 285
284 286
284 380
284 383
285 374
286 341
287 318
287 384
288 381
290 311
291 328
292 344
293 315
293 324
293 364
295 376
295 395
296 305
297 341
297 391
298 337
298 377
301 322
301 373
301 374
303 315
304 379
304 384
306 354
307 355
307 359
307 362
307 396
308 312
309 360
309 403
310 370
311 395
312 337
312 393
313 395
315 319
316 319
318 371
318 392
319 325
320 396
320 414
321 326
321 327
321 363
321 396
322 332
322 364
323 395
324 404
325 354
326 393
326 423
327 342
327 349
328 385
329 403
330 347
331 363
331 399
332 346
333 401
334 422
335 419
336 340
337 408
337 430
340 408
341 421
342 415
343 349
343 403
343 404
344 378
344 386
344 418
344 421
345 371
345 409
346 446
348 355
349 431
351 434
352 421
353 447
355 399
358 366
361 437
363 457
364 398
365 428
365 434
365 462
366 445
366 451
367 392
367 410
367 445
368 451
369 384
369 395
370 446
371 459
371 467
372 457
373 376
374 450
374 471
378 396
379 388
379 415
379 455
381 389
381 427
381 481
382 480
385 419
385 454
387 407
387 477
389 394
389 418
389 483
392 436
394 425
395 400
396 423
397 415
399 457
400 460
400 471
400 490
401 468
401 485
402 484
404 425
404 453
406 411
406 434
406 445
406 464
406 493
407 423
408 424
408 434
408 460
408 461
411 421
411 422
411 501
412 500
413 497
416 475
417 440
417 496
418 456
422 425
422 476
422 483
422 510
423 438
425 506
426 479
427 454
428 453
428 493
430 506
432 452
433 530
434 526
436 497
436 514
436 527
437 462
437 514
438 499
438 535
438 536
439 534
440 476
440 488
443 521
446 452
446 485
447 490
448 508
448 512
450 538
451 507
451 545
452 550
453 505
454 462
454 466
455 488
456 458
458 474
460 550
461 509
462 511
463 468
466 491
466 493
467 564
470 544
471 490
471 507
473 475
473 519
473 530
474 484
474 549
475 486
475 557
476 523
476 525
477 532
478 551
480 483
480 538
481 484
481 532
482 521
482 543
482 568
482 577
483 514
484 517
484 534
485 518
485 534
486 568
487 492
489 524
490 539
490 582
491 514
491 552
492 570
492 590
495 510
495 520
495 532
496 573
497 519
497 521
501 593
501 598
503 511
503 523
503 544
503 555
504 554
505 511
505 520
505 549
505 559
506 526
507 530
507 535
507 575
508 539
508 565
508 572
509 574
511 568
511 599
511 604
512 532
513 569
513 603
514 528
515 555
515 583
517 605
519 546
520 546
523 609
524 589
531 540
531 630
532 579
532 605
534 575
534 577
535 586
535 615
535 629
536 560
536 622
539 562
539 565
539 624
540 570
541 574
541 615
542 617
544 578
545 560
546 587
546 597
547 588
547 640
548 604
551 571
551 633
552 573
552 623
554 640
554 648
555 651
556 570
556 586
556 614
557 617
559 591
559 634
561 568
561 604
561 620
562 641
562 661
565 639
565 647
567 605
569 642
569 646
570 637
571 592
572 576
572 591
573 598
573 629
573 639
574 597
574 648
575 645
576 583
577 585
577 650
578 663
578 674
578 677
579 643
579 656
581 644
582 624
583 596
583 620
584 590
584 605
585 599
585 653
585 668
585 673
587 675
588 603
588 618
590 611
590 612
590 619
590 648
590 666
594 667
595 603
596 603
596 693
597 644
600 671
601 630
601 681
602 613
602 650
603 641
604 642
605 624
605 636
605 684
606 633
606 652
608 665
609 641
610 646
611 623
612 623
612 704
614 669
615 672
616 647
616 658
616 672
620 689
622 668
622 719
623 637
624 697
626 633
626 644
627 661
628 693
629 729
630 643
630 714
632 633
635 644
635 661
636 724
637 691
640 729
641 647
641 654
641 694
641 707
642 687
642 695
643 718
644 704
645 677
645 680
648 660
648 681
648 692
648 693
649 655
650 666
650 697
651 688
651 691
653 718
654 737
654 741
654 752
656 698
656 715
658 688
659 740
660 694
660 718
661 724
662 674
662 708
662 729
662 748
663 679
663 683
663 744
664 760
666 742
667 670
667 760
668 696
668 760
670 679
670 681
670 717
670 749
671 719
671 751
673 703
673 772
676 713
676 735
677 689
677 701
677 702
677 703
677 704
677 727
677 747
678 728
678 754
680 774
681 682
683 725
683 781
684 699
685 730
685 744
686 689
687 701
687 760
690 765
693 757
694 720
694 724
694 757
694 778
695 724
698 710
698 740
699 705
700 703
700 737
700 799
701 710
703 737
706 748
706 801
708 739
709 712
709 736
709 743
709 802
711 782
712 719
714 741
714 752
714 786
715 739
715 786
717 792
719 770
721 798
721 817
722 774
722 821
723 757
723 813
725 801
727 827
728 821
729 732
729 790
732 733
733 776
734 743
734 782
735 769
737 773
737 805
738 744
739 743
739 746
741 748
742 751
742 757
742 815
742 833
743 750
743 813
744 821
745 765
746 769
747 750
747 791
747 819
749 846
750 774
750 806
751 801
751 813
751 814
752 768
752 808
752 852
754 772
755 778
756 758
756 814
756 835
757 786
757 793
758 849
758 857
759 782
759 842
759 854
760 804
761 774
762 844
762 857
763 771
763 839
764 770
764 840
765 836
766 779
768 789
769 813
770 785
770 829
770 831
771 806
771 859
772 860
773 812
775 843
776 786
777 778
777 831
777 846
778 801
778 827
780 818
780 835
780 861
782 820
784 858
784 879
785 829
785 867
787 826
787 838
788 807
789 817
789 822
789 844
789 862
791 800
794 867
794 871
794 889
796 805
796 846
796 889
797 850
798 896
801 823
801 842
802 878
804 859
804 887
805 895
806 878
807 853
809 828
810 823
811 868
812 838
812 844
813 829
816 851
818 886
820 835
821 837
821 897
822 855
822 914
823 843
823 851
823 864
823 875
825 849
826 843
827 898
827 913
828 844
828 901
828 926
829 870
829 918
829 920
831 905
832 866
835 913
835 928
836 839
837 863
837 894
837 922
838 843
840 882
840 938
841 907
842 866
843 862
843 897
843 932
844 925
845 921
849 939
850 872
850 936
850 945
851 912
852 948
854 902
854 949
855 884
856 931
859 924
859 953
860 936
861 911
862 876
865 875
865 922
865 949
866 893
867 883
867 924
867 939
867 943
868 933
870 880
870 949
871 887
871 899
873 879
873 949
875 939
875 964
875 974
876 893
876 921
876 951
876 952
877 881
877 900
877 940
880 919
880 950
882 949
882 953
883 899
883 953
884 923
885 893
885 914
885 928
886 945
887 945
887 963
888 918
888 965
888 969
889 918
891 905
891 962
894 959
894 961
895 926
895 929
897 910
898 957
902 935
902 984
903 948
906 984
909 922
910 939
910 971
911 958
913 928
913 955
914 996
915 944
917 963
918 945
921 933
922 924
922 942
924 989
925 993
925 998
926 940
926 976
928 945
930 934
931 994
935 948
935 983
940 996
942 947
947 988
948 998
950 965
951 960
951 978
951 991
952 972
954 988
957 974
957 988
957 1000
966 994
967 976
970 972
970 977
982 989
983 986
990 998
992 994
8 4 4 4 10 11 3 10 0 12 3 2 2
21 2 12 12 0 1 4 4 1 5 7 7 7
11 25 5 7 10 32 13 2 22 10 24 2 2
8 5 3 24 21 2 18 15 24 19 1 9 10
10 1 4 18 15 3 15 17 5 4 5 3 7
2 1 0 5 3 11 4 5 5 8 5 8 5
15 26 17 5 4 6 8 18 10 18 20 13 27
15 13 7 2 8 10 30 13 12 10 3 17 19
0 10 3 15 6 11 9 2 9 9 2 10 2
10 3 14 4 2 3 4 4 7 2 14 0 3
23 2 11 30 11 7 7 4 4 8 6 15 10
6 5 8 8 2 3 7 3 1 4 5 5 9
2 2 11 9 9 8 14 2 2 21 14 10 7
4 18 6 12 7 5 14 1 2 1 14 15 13
3 10 7 24 7 10 1 11 17 11 15 11 5
12 6 2 7 4 6 33 4 1 0 12 7 0
10 4 1 14 5 1 4 8 11 9 3 6 0
18 4 7 17 23 10 35 3 0 5 10 2 21
1 1 4 1 8 15 9 4 11 7 7 5 1
14 9 5 2 21 3 1 24 15 18 7 1 35
19 27 5 5 10 22 9 1 13 22 12 18 13 13 16 17 19 10 17 14
35 42 20 13 20 46 17 13 36 44 15 33 24 27 29 39 42 14 42 24
44 32 21 18 21 36 21 20 27 42 19 33 20 16 20 23 37 12 39 43
15 20 5 9 14 10 1 1 7 19 8 14 9 12 1 21 16 11 14 7
39 27 20 11 24 33 1 1 25 31 13 20 18 15 20 32 32 16 31 19
33 26 13 7 8 29 9 10 26 30 11 25 15 17 17 23 23 14 25 21
5 7 6 6 3 10 1 3 12 5 2 4 6 6 3 10 10 4 13 7
29 13 21 15 13 27 8 16 30 22 8 15 15 12 12 29 25 9 31 17
32 26 12 16 19 36 10 19 18 35 15 25 28 12 12 30 22 18 37 29
57 46 33 37 48 59 1 18 52 44 35 54 44 37 22 57 51 51 59 32
20 21 22 5 13 22 5 2 24 27 7 19 16 11 11 25 19 14 26 9
16 21 1 9 13 15 6 4 3 25 5 14 4 11 5 21 20 5 14 20
14 15 10 15 18 12 3 3 10 16 4 11 3 7 3 12 19 10 13 17
41 37 31 23 20 41 1 16 45 32 28 34 28 24 25 39 43 23 38 14
36 44 31 33 44 39 10 12 41 50 30 40 30 37 22 52 49 25 38 18
54 51 28 16 36 55 32 30 35 56 19 49 48 40 14 51 42 34 53 40
1 1 1 1 1 3 1 1 8 1 1 1 4 3 1 2 1 1 5 1
12 14 1 1 1 16 3 1 6 17 3 7 1 1 7 12 14 1 13 11
15 13 13 1 10 11 1 3 15 22 3 12 8 14 4 24 12 12 20 5
69 57 41 35 37 82 34 41 60 68 29 66 58 48 42 63 62 33 73 48
18 13 9 9 5 21 3 7 22 16 2 18 13 12 5 14 14 11 21 9
24 27 5 13 21 18 1 1 8 23 15 21 18 12 4 20 16 21 15 13
52 53 25 19 41 53 15 17 42 56 26 47 33 35 21 53 49 36 45 28
17 22 12 8 13 16 2 3 15 24 5 15 11 9 11 24 19 5 20 9
45 47 31 16 38 52 17 22 39 51 24 49 34 41 21 54 38 34 48 22
12 11 5 1 6 6 1 4 5 8 6 7 8 8 5 14 6 9 11 9
56 55 27 35 46 57 15 25 53 54 27 61 37 40 31 55 52 41 56 33
38 26 35 17 18 40 5 13 40 35 15 30 28 28 24 35 35 30 48 27
6 4 1 4 1 4 1 1 4 2 1 2 1 2 1 7 5 2 1 1
34 39 19 22 34 38 15 13 24 46 11 38 21 27 13 44 36 26 36 36
7 4 4 6 1 5 1 3 10 3 1 4 4 6 2 11 9 5 6 4
20 15 7 12 10 21 2 12 23 15 7 16 7 9 4 20 20 7 22 11
35 30 29 35 40 46 6 18 43 35 21 39 34 43 31 39 37 31 46 27
67 63 41 18 41 76 28 32 61 71 40 65 39 51 41 64 57 38 68 37
38 40 19 20 22 49 13 6 42 46 18 44 31 35 29 37 42 15 45 24
38 37 29 19 23 49 26 26 39 48 10 41 36 34 14 44 39 16 50 31
59 57 43 20 42 61 10 1 52 62 35 52 47 40 35 61 51 42 57 28
21 25 2 13 18 18 1 3 10 21 10 18 14 13 7 21 21 15 16 10
14 20 7 11 10 19 5 4 17 17 5 14 12 9 8 16 21 7 18 6
22 22 12 17 25 19 1 4 14 20 11 22 14 23 6 31 25 20 20 18
12 17 1 1 9 13 4 1 5 11 9 14 11 13 1 17 5 12 7 1
33 41 29 12 19 38 17 12 32 39 16 39 30 26 22 39 32 29 35 24
25 21 10 8 19 27 1 1 21 22 13 21 26 23 17 28 16 17 27 5
41 42 13 19 36 38 10 15 26 42 19 37 15 26 10 40 38 27 30 27
42 35 19 25 38 43 4 5 23 45 12 41 30 27 15 41 33 28 45 28
25 35 17 4 16 37 7 8 33 37 18 35 13 31 27 32 29 20 34 11
23 28 9 22 23 22 8 10 16 24 16 23 19 23 6 27 24 17 22 20
49 57 29 31 47 60 21 34 46 54 35 53 25 38 33 53 62 27 49 28
29 21 19 6 17 25 1 1 17 29 6 16 15 9 6 28 22 18 31 17
56 44 31 40 43 59 8 19 47 46 27 47 44 37 35 53 51 29 58 32
31 17 14 14 12 31 9 15 25 30 6 18 16 13 22 20 25 4 32 23
31 33 23 15 16 37 16 20 28 42 14 28 19 17 16 29 34 14 34 25
9 11 10 8 4 18 1 3 20 14 4 11 13 16 5 16 11 9 21 9
8 15 6 12 9 9 5 4 9 16 3 11 5 8 5 9 15 6 6 17
19 41 19 13 21 37 11 7 33 46 21 38 25 37 23 41 37 22 32 20
58 43 49 35 37 62 17 35 55 43 31 45 47 39 32 58 50 29 65 34
38 42 18 22 24 52 9 10 42 38 24 42 38 37 21 43 39 25 40 11
26 28 19 13 13 30 1 6 31 30 13 24 22 22 17 23 27 16 27 16
31 19 17 17 21 24 1 8 26 29 6 24 14 20 20 21 27 16 28 21
40 34 25 20 21 44 17 22 33 39 22 35 17 23 19 32 38 16 40 39
26 28 12 11 11 29 9 9 17 25 10 24 11 17 13 26 24 16 19 24
5 11 1 7 4 7 2 5 4 8 1 6 1 1 2 5 11 1 8 7
14 14 10 11 15 21 1 1 17 18 12 11 17 12 6 22 20 11 24 7
56 48 22 27 34 53 23 30 41 43 33 49 27 31 17 44 47 29 45 43
17 16 15 11 8 20 1 5 22 15 6 11 11 12 11 20 20 11 21 13
16 14 5 11 9 19 3 10 16 12 6 9 10 9 6 14 16 7 18 11
55 51 22 31 46 52 17 16 41 52 37 49 41 37 26 50 53 43 48 42
10 13 12 3 8 10 1 1 11 18 1 10 4 4 1 13 15 7 13 8
14 18 11 6 8 13 1 1 15 20 4 17 12 17 4 21 14 12 15 9
33 22 23 11 20 26 7 14 20 33 10 23 8 24 15 35 28 24 29 28
40 35 21 19 18 47 21 12 39 41 15 40 28 32 37 34 40 13 38 27
72 59 43 32 48 70 31 31 53 64 28 58 45 32 30 64 59 36 63 46
44 50 18 27 44 48 4 15 41 47 39 53 45 38 19 46 34 49 47 23
16 23 7 7 10 32 4 3 23 17 9 24 24 22 11 22 15 12 27 4
12 11 11 7 8 13 1 1 19 16 1 8 8 6 8 11 18 3 14 7
15 24 8 4 17 11 1 2 1 25 4 20 3 13 4 18 11 18 13 17
30 53 19 20 30 53 8 17 44 54 33 53 40 39 27 50 44 34 55 14
52 56 22 28 43 61 26 28 49 57 31 59 42 46 30 55 52 23 55 23
62 53 15 47 48 67 16 25 50 58 33 56 43 32 37 53 64 25 56 45
31 39 18 25 36 30 17 16 20 46 18 34 20 29 17 35 34 28 27 41
5 11 1 1 4 15 7 5 13 11 1 11 9 8 12 7 6 4 14 9
33 28 11 8 19 28 14 9 18 36 18 24 11 14 18 11 21 12 27 29
22 20 3 15 15 21 1 16 18 15 12 14 5 5 7 11 20 9 20 21
50 58 39 35 51 60 19 25 49 55 29 61 41 48 31 60 54 47 55 33
58 46 29 27 30 67 27 23 47 53 23 53 36 39 41 47 53 18 57 42
27 26 17 19 17 31 1 11 33 17 17 27 18 24 6 28 27 24 25 14
19 13 12 12 14 20 1 8 19 17 9 9 15 8 8 12 20 12 25 10
45 52 24 11 27 61 15 13 45 56 27 49 35 38 37 50 45 22 55 16
37 31 32 17 26 35 14 22 24 46 9 33 16 26 9 40 34 23 39 38
15 14 4 5 12 11 1 4 2 16 5 10 8 7 1 8 9 12 14 13
6 1 6 1 1 1 1 1 6 6 1 1 1 1 1 3 4 2 5 2
34 38 27 25 33 48 8 20 44 36 22 44 28 36 20 42 40 33 45 24
32 42 27 21 24 44 8 15 34 34 27 40 32 38 21 45 36 34 35 15
29 20 22 2 8 33 13 12 25 34 1 24 16 11 17 28 24 9 37 16
36 21 21 16 15 29 9 12 21 33 1 26 20 18 16 26 26 15 34 32
7 13 1 6 8 15 1 1 3 13 7 8 8 1 1 8 8 7 13 5
14 13 4 6 9 17 1 1 10 16 2 11 7 7 12 6 17 4 16 17
12 4 3 9 4 12 1 3 14 3 1 2 3 6 6 14 13 3 9 6
16 9 10 13 15 18 1 2 15 11 1 14 6 13 10 16 18 11 21 18
48 47 27 29 45 45 6 16 34 50 21 43 16 24 22 43 52 35 46 37
18 26 11 9 18 18 1 4 18 27 11 24 9 18 7 18 20 18 18 17
66 62 25 27 32 72 28 31 50 64 30 65 43 38 33 51 59 21 64 42
26 31 16 9 25 29 3 2 22 33 12 25 21 22 13 35 23 21 27 12
41 32 24 16 31 36 5 2 31 37 8 31 22 21 16 43 32 27 30 20
8 11 2 2 6 8 1 1 4 9 6 6 9 7 3 10 6 8 9 3
9 11 5 9 6 8 1 6 13 4 6 9 7 7 1 7 10 7 8 2
56 44 10 41 47 54 10 28 42 39 34 47 38 33 24 37 46 37 50 39
57 36 31 24 35 51 13 26 33 44 21 41 25 28 24 47 40 32 45 44
49 22 33 23 31 49 12 20 33 35 13 37 36 33 26 39 31 27 52 36
5 10 1 9 5 3 4 4 3 11 1 7 2 6 1 7 12 2 5 13
11 9 5 1 6 12 1 1 9 11 4 5 7 7 8 15 12 5 13 7
9 11 5 3 5 8 1 3 4 8 4 8 8 11 2 13 6 10 6 7
20 16 14 27 28 22 6 14 24 22 9 23 13 25 15 28 31 17 21 27
55 56 27 18 33 55 30 17 42 69 27 59 38 43 43 51 50 20 49 38
34 36 6 26 33 31 3 9 19 28 20 29 17 21 8 34 35 21 22 20
7 10 3 6 5 13 1 2 13 6 5 6 12 8 3 7 7 7 11 1
47 51 20 39 40 61 22 27 43 51 35 58 47 44 22 57 47 37 50 37
13 15 14 2 1 12 4 7 12 19 4 15 10 10 1 17 12 9 20 11
12 6 3 2 8 10 1 1 9 8 1 9 9 12 1 11 4 10 7 3
42 37 18 8 17 39 21 18 22 49 16 36 14 14 19 31 35 15 37 29
1 7 1 3 1 7 1 2 3 6 1 3 1 1 2 5 6 1 4 6
58 61 37 34 47 64 26 17 44 72 41 62 43 41 35 50 58 39 65 59
23 17 7 12 13 22 1 5 16 14 8 12 5 5 8 10 22 9 13 16
41 35 17 34 39 32 2 23 31 29 18 40 14 28 13 38 41 34 30 35
6 16 3 3 4 10 5 4 9 16 1 11 2 4 2 11 14 2 13 7
53 67 23 29 43 60 11 33 46 66 43 64 34 36 25 53 54 46 57 38
42 31 20 13 27 36 6 13 32 34 21 34 14 31 18 39 33 30 32 28
8 7 3 1 4 5 1 1 2 5 3 3 6 5 1 8 5 7 6 2
8 13 5 3 1 13 1 1 13 14 1 11 9 12 6 15 9 8 8 6
45 37 31 35 37 48 4 16 40 40 22 32 31 24 27 44 48 20 50 24
3 8 1 2 1 2 1 1 4 6 1 4 1 1 1 7 7 1 4 1
51 49 38 30 46 53 8 30 46 54 33 49 18 38 32 49 57 39 51 39
32 41 20 12 21 34 15 10 30 52 17 37 13 24 17 35 37 19 34 29
10 12 13 1 1 13 1 1 18 12 8 12 14 16 3 22 11 13 18 1
45 44 35 32 42 44 11 11 37 46 21 44 27 31 26 55 50 24 42 28
61 61 40 16 29 67 29 34 54 66 34 65 54 60 29 63 49 44 64 36
14 14 14 2 9 14 1 1 13 20 10 10 13 7 4 13 11 14 21 9
9 13 7 7 4 7 2 6 12 11 3 9 5 5 1 10 11 5 14 7
56 54 25 36 41 59 15 29 37 43 39 55 37 36 15 50 49 37 48 43
22 16 10 8 10 16 9 12 6 23 3 17 9 14 5 25 14 11 17 22
37 41 18 26 29 40 20 25 30 42 22 46 34 36 13 41 31 21 43 28
66 57 42 23 43 64 24 14 47 60 42 55 43 43 32 49 54 45 59 48
23 37 9 18 26 35 20 17 22 40 18 40 26 35 10 44 26 23 28 25
25 29 13 14 13 31 3 2 25 26 14 20 22 12 11 30 28 17 27 9
64 53 30 40 53 58 2 15 43 48 35 50 36 23 29 55 59 35 48 31
13 16 4 9 6 7 3 2 7 14 3 9 4 6 9 7 15 6 4 16
33 35 16 34 39 38 6 19 24 35 24 31 23 24 25 38 42 27 35 37
9 14 2 7 7 8 1 2 5 14 2 8 6 10 3 11 12 6 7 12
24 20 14 18 16 27 3 5 24 23 7 24 18 28 20 24 25 15 24 24
41 50 34 26 25 46 22 24 32 53 34 47 40 36 22 52 44 34 46 24
25 26 9 15 20 25 9 11 17 25 10 24 13 23 5 30 19 19 13 14
38 30 27 15 22 38 11 10 34 43 18 43 38 38 15 38 28 26 41 22
46 46 28 23 33 57 26 39 45 53 23 55 29 43 31 47 43 22 52 29
71 57 28 29 47 70 17 24 47 61 32 57 44 26 26 55 55 36 62 38
6 13 3 5 5 2 1 2 4 7 1 10 5 9 1 10 9 6 6 8
12 18 8 6 5 15 1 3 11 16 9 12 13 13 3 14 14 13 13 8
48 48 39 14 28 49 23 24 35 65 18 47 24 30 30 52 47 18 49 33
20 23 4 4 10 24 4 1 15 17 12 15 13 15 13 19 19 10 16 14
12 13 8 1 10 8 3 1 1 16 4 9 4 5 6 9 7 10 8 13
21 23 11 10 10 23 4 6 17 25 11 16 16 12 9 25 22 14 24 11
28 21 22 14 17 40 7 11 33 34 9 25 21 28 20 34 24 17 42 20
27 29 30 17 25 31 13 12 25 45 7 32 11 25 11 44 36 19 34 31
17 16 12 5 10 26 10 13 14 25 9 17 21 17 11 18 9 10 29 18
42 56 24 25 41 46 17 26 46 55 39 57 19 41 32 37 49 37 43 43
26 15 14 5 9 13 2 5 13 22 3 13 9 8 11 14 18 14 20 22
8 9 6 1 5 9 1 1 7 15 3 3 4 2 3 12 9 2 14 3
28 27 14 21 28 33 10 9 27 26 14 35 36 33 22 22 21 19 29 16
22 18 24 2 7 22 1 1 22 27 9 13 14 13 13 26 23 14 24 12
47 46 33 30 37 52 21 22 41 55 17 47 33 20 21 47 50 21 52 39
33 34 19 7 11 33 12 14 27 39 13 26 16 17 19 29 34 11 28 18
37 41 16 14 20 38 19 13 24 40 18 34 16 14 23 27 41 15 26 24
10 15 8 7 6 10 1 3 11 14 6 7 8 9 8 11 13 6 10 10
69 60 33 32 38 71 21 33 52 61 42 67 51 45 32 44 52 39 65 51
18 26 15 6 11 31 9 8 28 28 7 20 20 15 21 27 28 4 31 9
54 59 26 42 48 60 9 23 62 51 44 62 49 54 33 65 58 40 53 29
41 44 24 26 38 53 10 30 50 40 19 44 16 34 30 49 52 25 51 25
11 13 9 2 4 12 1 1 11 11 9 13 13 17 1 22 8 15 8 3
49 42 23 20 33 54 16 7 39 55 20 47 38 34 38 44 42 23 47 24
49 52 28 30 42 49 13 8 43 57 27 49 22 27 32 44 58 18 45 36
34 24 21 13 17 29 17 17 13 39 8 24 11 13 13 26 29 12 31 39
68 67 41 35 51 68 29 21 54 77 35 69 52 44 40 66 60 34 61 45
59 45 26 39 54 57 15 24 51 52 27 54 41 46 32 51 53 36 52 36
37 24 17 22 21 43 8 15 32 34 17 27 28 14 17 26 29 18 43 25
6 9 4 3 8 8 1 5 4 9 5 6 7 10 1 10 7 7 10 5
55 51 29 31 34 56 7 16 51 52 36 51 37 31 31 37 57 33 58 34
15 23 5 4 11 20 4 1 12 22 5 18 8 14 3 29 19 9 13 3
22 30 12 21 28 23 10 11 18 27 13 28 15 27 11 38 29 20 22 24
60 66 27 28 48 63 18 34 50 61 45 61 27 39 33 58 64 42 54 31
22 26 9 15 18 16 5 5 14 27 10 18 12 16 10 25 25 15 19 15
27 33 21 19 25 33 16 12 26 41 14 28 20 23 17 35 40 14 35 26
22 20 13 20 19 27 1 7 25 19 16 16 19 11 5 21 26 16 26 10
1 5 1 1 1 1 1 1 1 4 1 1 1 2 1 5 4 1 1 3
1 4 3 1 1 6 1 1 9 4 1 1 6 3 1 4 4 1 10 1
63 49 45 45 47 58 25 46 52 51 35 60 42 50 26 62 57 43 61 62
1 7 1 1 1 9 1 1 1 4 1 2 1 1 1 6 4 1 3 1
22 32 11 8 18 28 1 5 20 27 14 27 10 24 11 32 24 19 24 16
37 33 21 28 29 33 17 18 29 33 22 31 16 27 29 34 45 22 28 44
33 37 8 24 34 36 12 14 30 36 22 35 26 33 15 41 34 22 30 23
41 51 30 34 45 46 23 33 47 54 32 52 23 51 32 64 55 41 44 35
62 66 40 44 60 66 23 26 57 63 40 66 28 41 41 53 74 39 60 60
47 52 30 31 35 56 10 28 48 46 32 52 29 37 25 46 55 35 47 34
31 32 11 14 25 28 7 7 21 31 14 28 19 28 13 31 25 25 18 22
23 24 16 15 30 28 1 10 16 30 11 22 9 17 11 27 26 24 31 23
5 18 2 2 11 18 1 1 10 19 4 14 9 14 6 13 9 10 13 5
43 37 12 33 31 47 8 10 38 36 23 40 31 28 30 30 44 19 42 30
26 21 8 5 7 31 13 11 6 25 7 16 8 7 10 19 17 4 23 24
63 50 46 37 45 61 11 30 53 55 30 51 29 30 29 54 61 43 63 53
25 29 10 17 17 32 14 9 24 34 15 22 14 18 19 17 29 8 27 31
15 12 5 10 12 23 1 6 16 7 7 10 16 12 9 15 13 10 24 8
50 50 38 23 26 53 29 27 42 64 31 50 32 44 32 57 54 29 51 49
39 39 14 25 33 35 12 19 21 37 17 36 10 23 12 33 37 23 27 37
41 58 30 24 43 53 13 23 45 57 35 57 30 41 22 54 51 43 50 20
69 52 32 23 39 71 23 17 57 57 29 54 37 33 40 42 58 20 61 38
39 43 18 31 33 48 8 5 38 42 22 40 36 25 26 44 45 18 45 15
37 32 13 26 33 40 10 14 24 37 14 37 23 26 13 33 30 24 35 26
35 31 2 12 20 40 13 12 30 26 20 31 24 26 17 30 27 19 21 17
12 12 1 15 10 11 1 9 15 9 6 11 6 8 8 9 16 5 11 12
9 8 4 8 3 4 1 1 9 5 1 6 3 7 1 14 14 4 4 4
39 36 14 21 25 31 17 19 19 43 15 37 21 30 10 43 31 20 20 34
58 47 21 14 30 58 21 20 54 53 27 52 40 38 36 46 50 25 48 25
41 54 31 23 27 46 27 16 38 57 42 45 38 36 35 27 47 25 46 41
14 14 9 8 11 11 3 4 8 16 5 9 5 3 3 11 15 10 11 10
32 42 13 24 28 40 11 9 30 34 24 36 29 34 19 41 38 26 26 25
24 16 10 10 13 16 1 8 17 11 10 14 12 10 7 21 18 12 13 4
46 44 28 21 24 50 16 26 38 44 21 39 28 16 18 33 42 12 50 35
60 46 27 30 39 66 21 28 49 58 24 54 44 39 37 55 52 25 59 28
33 47 30 20 35 37 12 7 36 52 15 46 27 33 24 50 41 26 39 20
35 40 29 17 36 43 1 14 32 38 21 40 22 35 18 45 33 40 39 25
40 24 22 18 19 31 14 23 24 37 10 27 13 15 14 25 33 11 33 38
17 19 7 6 14 16 1 2 8 27 5 9 6 5 11 17 22 1 19 15
17 12 2 13 8 15 1 13 17 8 5 10 4 2 2 6 18 5 18 13
58 64 41 16 36 63 30 23 36 73 35 64 48 42 29 62 44 46 57 40
12 11 3 4 7 8 1 1 4 11 4 7 6 8 1 16 10 8 9 6
39 29 21 6 24 39 18 15 29 39 16 29 26 25 10 42 26 25 35 19
50 45 39 25 29 65 16 23 52 62 24 50 45 36 30 58 50 28 67 28
58 49 33 16 32 57 21 29 46 54 30 47 29 29 30 44 48 17 60 37
19 23 6 6 15 26 9 1 14 29 14 19 12 12 19 6 23 4 21 24
59 45 30 42 51 51 12 28 49 43 28 48 29 32 25 55 53 45 50 42
10 9 6 2 3 9 1 1 6 11 1 3 1 1 5 10 13 3 10 9
37 49 22 25 45 35 10 10 29 49 34 43 32 37 26 52 42 27 34 17
4 16 1 9 14 14 2 1 12 14 4 16 7 18 5 20 15 8 13 7
18 26 12 10 8 22 10 11 19 28 7 22 11 19 14 24 22 14 12 16
36 23 13 18 24 33 3 9 26 22 16 22 19 23 13 33 31 21 23 15
15 12 9 3 8 16 1 3 13 15 6 7 11 6 10 13 12 9 20 9
46 47 36 24 21 43 5 7 45 51 29 41 29 30 33 45 52 19 39 19
40 42 18 21 26 37 21 8 30 40 27 36 24 32 22 30 40 13 32 37
52 41 33 30 49 51 7 19 45 48 21 47 33 44 24 57 47 38 54 33
18 18 6 4 5 12 1 1 9 17 2 10 6 7 7 20 16 7 8 7
26 39 18 7 15 33 8 6 28 38 13 29 24 25 17 38 30 19 27 9
44 44 24 37 36 60 24 25 49 53 24 53 33 40 31 43 52 17 52 41
7 7 4 1 6 9 1 1 6 7 2 3 7 3 3 3 3 7 11 6
64 54 26 36 44 56 34 39 36 58 28 50 42 33 20 55 58 35 49 55
30 27 14 23 34 29 1 12 20 28 13 26 6 15 9 27 34 23 27 24
44 41 36 29 39 45 12 19 34 45 16 40 26 28 25 52 49 35 46 33
19 14 6 9 7 18 1 5 18 17 2 10 11 8 13 6 17 4 21 15
25 45 13 23 38 34 10 12 25 50 29 39 28 33 20 34 32 34 33 30
26 37 15 8 23 31 11 15 21 37 17 31 16 27 14 36 24 23 30 17
38 33 18 19 28 30 5 13 25 34 16 30 15 14 12 28 33 25 30 24
3 5 1 4 3 2 1 1 1 8 1 1 1 2 1 6 8 2 1 8
37 47 24 23 41 45 2 19 38 42 35 43 28 35 19 54 42 43 50 19
11 25 7 12 14 9 10 6 8 22 10 22 13 20 4 22 16 14 9 16
10 12 1 14 9 12 1 6 13 12 1 11 1 4 1 14 20 1 10 11
53 51 34 31 44 52 13 15 40 52 27 48 36 32 28 55 55 26 50 28
46 55 31 33 45 49 28 21 44 54 27 56 40 45 23 59 50 45 43 40
63 68 30 48 56 60 15 30 52 67 42 65 43 30 30 66 73 38 61 42
44 46 24 26 34 57 6 28 45 45 38 44 31 32 20 47 45 38 57 27
25 23 13 16 18 27 1 6 26 19 12 21 23 22 9 25 22 17 24 10
52 40 29 37 46 50 13 20 34 47 23 48 40 32 24 54 47 39 53 48
9 10 4 7 8 18 1 1 14 6 7 8 15 10 12 7 9 7 17 6
57 54 34 36 47 55 9 27 52 47 38 56 39 39 14 54 55 50 55 35
6 7 1 6 3 9 1 1 8 7 1 4 1 1 2 4 7 3 3 5
19 8 8 5 8 6 1 8 10 18 1 11 1 8 1 14 10 9 12 12
43 35 27 21 28 47 9 16 38 37 14 35 26 31 27 51 38 19 40 22
40 34 33 26 32 42 1 16 41 36 18 33 21 17 20 37 45 23 43 27
38 44 29 25 37 58 3 21 57 39 29 46 26 37 22 51 49 32 54 14
5 19 2 7 8 13 5 2 7 11 2 14 6 8 1 14 15 5 8 6
23 23 17 8 9 29 1 2 27 28 15 24 27 23 10 28 19 21 33 5
18 11 17 3 10 14 5 8 8 22 4 14 9 10 2 16 7 16 21 20
9 19 12 4 7 18 7 3 18 22 3 16 9 10 6 17 20 5 16 7
8 9 3 6 7 5 1 3 3 13 1 2 1 2 1 7 12 2 11 10
54 52 23 23 36 55 20 29 42 59 28 53 23 24 25 42 47 32 56 50
40 37 33 22 27 42 19 27 37 33 24 40 30 39 27 50 39 30 37 25
7 8 1 8 3 5 1 4 6 6 1 4 1 1 5 2 10 1 1 7
37 27 28 14 25 35 5 6 32 31 9 29 22 25 18 42 30 27 31 21
36 36 19 12 14 37 5 11 31 36 25 33 23 27 19 31 31 26 29 20
50 50 29 44 48 44 16 25 42 42 28 52 29 30 18 47 53 41 43 48
25 22 17 14 24 32 1 11 30 20 11 22 16 26 17 38 26 20 33 12
8 9 7 1 1 3 1 1 5 11 1 7 4 4 1 10 3 7 9 5
57 62 45 32 48 63 19 26 56 62 31 63 41 53 37 70 58 52 56 41
3 4 3 1 4 6 1 1 5 10 1 1 2 3 1 7 3 1 7 2
11 10 5 9 9 12 1 3 10 12 8 5 9 5 1 13 15 6 15 2
24 41 10 8 13 38 15 5 25 39 18 34 23 23 18 25 32 15 31 25
39 34 24 15 16 51 19 24 32 38 10 35 25 26 25 38 39 12 46 36
34 31 11 15 23 27 7 4 15 32 18 24 15 14 14 28 30 23 24 22
21 24 9 13 10 21 9 12 21 22 8 23 14 18 8 22 20 12 19 17
39 56 33 35 42 54 24 19 47 62 29 55 42 43 27 55 55 38 49 36
54 47 35 40 45 52 11 20 41 55 28 42 28 24 35 45 61 20 49 34
14 22 6 7 9 17 9 9 8 19 6 16 10 13 7 16 13 9 14 16
49 38 35 32 37 55 26 24 46 56 21 56 49 55 24 60 42 32 51 36
56 44 23 36 41 45 15 26 38 44 23 42 21 22 24 44 54 26 39 46
24 25 11 19 23 23 1 8 26 21 11 26 14 27 5 32 26 19 20 12
13 12 2 2 4 8 1 1 3 11 2 5 5 3 4 3 6 7 2 8
65 67 28 41 51 71 26 38 62 68 43 73 34 55 40 64 68 45 61 58
65 69 46 37 56 61 32 34 53 72 36 69 39 43 35 70 68 32 61 40
55 35 31 27 36 52 14 27 37 39 16 45 32 32 16 46 39 29 51 39
32 20 16 9 14 20 2 2 16 25 5 14 6 9 15 26 29 12 19 21
25 17 9 14 18 23 1 3 16 21 10 13 15 6 10 17 24 17 22 16
52 52 42 32 54 61 14 16 49 69 22 59 38 41 43 59 59 35 61 29
64 61 22 36 41 66 23 36 52 49 42 57 34 27 37 50 66 31 56 41
6 5 2 1 1 3 1 1 5 4 1 1 1 1 3 6 8 1 5 4
28 33 20 14 28 27 5 6 21 37 16 27 21 30 7 41 27 24 28 21
24 23 11 5 9 26 5 7 15 28 5 15 14 10 11 24 21 8 26 14
30 21 18 28 24 38 1 15 36 14 17 26 28 24 17 28 32 22 40 14
6 10 9 7 4 13 1 1 16 8 6 9 10 10 5 13 7 9 11 5
37 40 21 25 38 30 3 4 24 48 17 34 20 12 17 38 39 33 37 28
13 11 8 4 5 11 1 1 14 15 1 5 7 6 11 16 16 1 12 6
40 33 26 14 31 41 2 3 29 36 15 30 29 16 18 39 31 23 41 18
7 9 2 1 1 9 2 1 9 11 1 6 1 1 5 11 9 1 9 5
30 44 15 4 24 39 21 17 32 41 24 40 28 39 21 47 31 24 31 7
5 5 2 10 6 8 1 1 8 2 1 2 1 2 1 8 12 1 5 4
30 35 16 27 35 33 8 4 18 39 16 29 23 18 17 31 37 24 31 33
22 31 15 5 15 31 8 5 24 34 9 23 19 17 19 35 27 10 30 5
37 32 17 22 25 37 15 18 21 40 14 30 18 13 14 36 37 20 36 28
10 6 7 5 7 9 1 6 8 9 4 4 6 5 6 7 7 8 12 13
29 32 13 27 33 29 16 22 27 40 20 36 17 28 7 35 32 25 29 33
21 16 11 5 16 16 1 1 10 18 3 17 7 18 6 25 13 18 12 14
15 19 10 13 16 13 8 4 11 25 9 11 9 12 12 20 24 7 13 19
53 38 35 26 43 52 8 26 38 51 19 38 19 23 23 46 49 23 56 37
16 17 2 10 13 22 3 12 17 18 7 14 6 9 3 16 17 7 22 11
58 56 27 26 44 65 17 29 49 55 44 55 34 41 22 52 50 44 57 40
8 7 7 5 6 11 1 2 11 7 2 5 4 7 3 14 11 4 12 7
4 8 1 4 7 8 1 1 2 7 4 4 5 6 1 10 8 5 6 1
33 23 22 19 17 28 12 23 22 27 11 27 15 13 1 24 24 16 30 27
37 30 34 31 34 32 1 7 36 39 12 29 20 20 20 39 45 13 36 20
17 18 9 6 15 19 1 1 12 14 9 15 18 14 9 13 12 17 18 12
11 15 3 7 8 12 1 1 5 8 8 8 10 7 1 15 13 10 11 1
18 23 2 13 17 14 6 4 10 20 12 18 14 20 5 27 20 12 9 16
15 29 6 16 15 17 12 5 16 30 7 24 10 20 12 31 28 11 12 17
28 22 17 12 20 22 8 7 12 31 5 18 10 7 6 26 27 13 29 29
15 29 15 14 15 28 17 10 25 28 11 26 19 22 15 25 27 10 22 14
37 38 16 22 30 32 13 21 21 35 23 40 23 18 4 29 28 25 33 34
44 35 26 14 22 47 10 10 31 47 22 30 25 15 22 40 38 20 47 30
55 54 31 21 33 54 24 28 44 62 22 58 26 34 31 49 51 25 54 42
67 63 47 28 40 70 36 23 51 71 37 63 51 48 39 54 58 32 66 61
17 21 6 5 12 14 1 1 9 15 11 14 14 11 1 17 11 14 13 5
57 36 37 34 39 52 15 34 41 43 20 43 32 25 14 45 51 31 59 46
17 14 3 5 5 16 3 9 12 15 5 11 9 10 9 10 9 5 14 13
11 13 4 1 7 10 1 1 4 11 4 7 8 5 4 9 6 10 8 8
6 25 9 2 4 17 5 3 14 18 10 20 14 15 4 17 11 13 15 6
25 27 6 20 21 19 10 10 18 22 15 23 19 21 14 24 25 17 11 21
38 38 21 10 23 31 15 7 24 47 20 35 21 28 20 34 30 22 35 35
80 50 44 34 51 83 26 29 54 68 32 63 57 45 45 68 59 35 74 45
54 59 31 34 44 59 11 24 54 50 39 63 49 45 22 49 49 51 56 32
35 33 15 9 17 36 3 1 29 34 21 27 24 17 20 30 30 17 30 12
61 63 22 23 48 62 22 14 45 66 42 53 44 42 35 58 58 26 57 34
40 33 12 28 33 41 10 17 27 30 22 31 28 24 14 34 32 27 34 27
42 54 16 26 29 45 30 17 36 51 31 48 29 40 31 48 51 24 30 38
25 36 9 19 23 26 10 13 24 31 23 33 26 31 10 32 26 22 19 22
75 52 43 43 55 65 8 23 46 64 34 51 48 26 38 68 60 41 67 44
40 51 13 42 44 53 24 26 37 47 34 45 34 35 36 49 58 31 41 46
26 24 11 11 12 28 3 1 28 24 5 25 22 22 21 29 23 7 22 3
6 6 4 4 3 7 1 3 8 4 1 5 4 8 1 12 7 5 7 4
38 31 13 3 14 32 18 10 18 38 18 30 16 19 17 26 20 15 25 29
64 55 38 23 63 60 15 21 46 61 37 55 38 42 29 71 56 58 59 32
61 50 30 34 48 57 15 22 33 55 28 51 34 25 23 59 52 44 52 46
54 54 48 19 33 64 34 30 42 64 16 52 41 37 24 57 49 39 59 54
48 45 9 27 39 52 6 13 37 40 29 45 24 32 22 37 45 28 44 30
22 40 18 5 19 32 17 18 24 42 20 35 23 31 12 35 25 17 31 7
59 46 31 44 43 67 15 32 59 51 31 58 32 39 39 41 61 33 63 56
5 9 4 10 10 11 1 1 7 10 4 6 4 7 1 13 15 1 8 8
25 12 11 19 13 24 7 20 21 12 6 14 6 9 7 17 22 7 22 23
10 24 3 15 14 24 5 1 16 24 9 22 17 16 6 18 19 10 17 7
58 59 36 25 35 61 21 25 52 63 29 57 29 31 31 55 60 22 58 38
39 40 18 8 18 48 14 13 32 45 23 43 36 38 18 41 29 28 38 23
19 11 10 3 10 15 1 2 9 14 1 13 12 8 3 13 7 17 16 15
49 63 24 26 43 53 18 32 45 56 38 62 30 47 27 54 52 37 37 30
24 17 13 10 11 22 6 4 17 21 9 7 6 5 16 17 26 7 17 18
15 22 7 7 14 27 4 6 17 23 12 18 18 19 16 18 16 13 24 14
25 23 7 6 5 22 12 7 15 24 10 17 9 10 18 14 24 7 22 27
41 52 26 25 43 50 12 27 47 49 29 47 19 34 28 45 51 32 48 25
12 16 9 10 9 17 1 5 17 15 10 13 13 9 1 10 15 13 17 8
47 41 25 21 26 53 12 14 40 46 31 41 29 23 24 29 43 27 52 36
48 48 28 19 30 44 18 3 29 49 31 36 29 15 34 24 46 14 42 32
51 47 19 34 32 60 23 21 49 44 25 53 30 38 38 39 55 15 43 36
39 23 28 12 21 37 10 16 23 33 4 23 12 14 19 37 32 17 36 31
4 4 1 3 1 6 1 4 3 3 1 1 1 1 1 3 7 1 8 3
43 47 23 26 32 51 16 21 38 51 31 53 41 41 17 47 39 34 42 31
6 9 1 10 7 14 1 2 12 6 1 4 6 5 7 2 13 1 10 8
10 19 2 5 6 14 2 1 5 12 4 10 5 5 8 9 15 3 8 11
17 26 5 2 6 21 5 1 12 21 11 17 15 10 12 12 14 12 14 12
34 21 13 20 20 29 2 15 21 19 11 18 11 11 11 19 30 16 26 27
8 15 4 7 10 14 2 4 11 19 2 10 7 9 4 13 13 7 12 11
19 10 8 1 1 13 7 8 1 20 1 10 2 1 4 12 5 4 13 20
34 31 19 17 19 45 12 13 41 33 16 31 30 22 25 33 40 8 41 5
4 5 1 2 2 2 1 3 1 6 1 3 1 4 1 7 1 2 5 3
32 22 8 20 24 28 1 11 20 24 12 19 9 10 9 26 30 16 28 21
7 8 7 2 5 4 1 1 6 8 1 5 4 4 1 8 8 7 7 5
55 56 47 20 39 70 18 23 52 70 31 56 51 42 27 68 51 37 74 33
42 27 33 13 20 45 18 19 30 42 7 33 30 19 14 36 29 21 51 34
41 58 42 25 37 47 10 11 49 64 31 56 35 45 29 64 55 33 48 18
4 7 2 1 3 4 1 1 1 7 1 3 1 1 1 3 3 4 5 6
49 57 25 41 51 59 31 22 50 66 28 55 44 41 39 61 62 36 54 40
24 14 1 15 13 24 1 13 23 12 6 21 12 17 10 18 16 9 25 12
10 17 5 5 5 12 1 2 11 16 7 13 12 9 1 16 9 11 15 2
16 17 9 10 5 15 4 5 15 15 5 12 9 12 9 18 16 11 9 12
8 12 3 11 9 15 1 7 13 11 8 9 9 4 1 7 15 5 16 7
14 10 7 4 5 14 1 4 8 14 1 5 2 8 7 13 13 6 11 16
50 56 18 50 48 63 25 32 51 46 38 60 49 49 41 59 61 37 50 37
15 14 9 9 13 11 1 4 9 16 7 9 9 5 5 8 13 12 15 12
36 38 19 1 17 33 15 1 22 44 14 31 14 16 23 29 32 14 29 23
11 9 1 7 5 6 1 8 6 5 3 8 2 2 1 4 5 4 7 7
53 47 27 30 39 49 9 26 40 45 34 44 35 29 21 49 43 28 49 28
10 7 8 3 5 7 1 1 6 11 1 4 3 4 6 6 11 7 7 13
58 74 31 35 50 62 29 22 55 76 56 71 54 58 46 59 64 55 62 49
3 3 1 1 1 2 1 1 1 2 1 2 1 4 1 10 3 2 3 1
38 35 30 31 35 35 9 9 39 39 19 31 30 28 27 40 44 17 36 25
64 60 39 29 49 68 21 19 52 67 26 61 43 46 44 65 61 31 60 36
53 51 39 33 46 56 11 9 47 54 28 51 44 40 36 58 57 40 51 41
8 6 2 1 5 6 1 1 1 8 2 1 3 1 1 8 7 6 9 3
57 63 41 43 59 68 13 27 59 67 45 62 39 47 40 62 71 45 62 45
26 16 13 5 15 20 6 9 4 25 7 15 13 6 4 16 11 17 25 22
7 13 9 1 9 9 4 7 13 16 8 13 9 18 1 19 8 13 18 7
73 60 48 46 52 76 12 36 65 65 37 68 47 53 39 66 69 49 76 50
32 39 15 18 33 28 3 1 18 42 17 33 24 17 11 38 32 23 31 16
51 51 41 34 33 64 27 38 57 59 28 60 44 54 35 67 57 31 59 42
19 29 12 8 17 20 5 8 11 31 15 25 17 21 3 28 14 22 26 14
69 53 39 26 43 70 22 17 59 65 37 62 45 45 41 46 51 27 65 42
26 21 11 17 18 20 5 9 18 22 9 18 12 16 12 21 27 14 18 23
16 24 12 19 20 10 14 9 14 29 13 23 14 20 9 22 23 17 11 22
11 10 1 9 7 13 1 6 16 11 1 12 10 14 13 11 8 6 14 8
56 50 43 23 44 50 14 22 34 61 24 46 30 39 25 60 50 26 53 36
22 18 22 21 19 29 3 14 31 19 7 17 14 18 17 30 32 12 30 18
37 39 23 25 29 37 12 17 32 36 13 38 19 19 13 33 42 22 37 30
14 8 9 8 10 12 1 4 10 10 1 10 5 16 8 21 13 12 8 12
21 16 12 16 15 23 1 13 26 16 15 15 13 11 5 18 23 13 25 11
4 3 3 1 2 3 1 1 5 3 1 1 5 4 1 4 1 5 5 3
15 15 7 9 12 18 1 2 18 13 3 14 14 20 9 22 17 8 22 12
6 8 1 4 1 5 1 3 4 3 1 4 2 3 1 7 6 3 6 4
30 38 11 28 34 33 17 14 27 36 26 37 36 31 20 33 35 32 33 29
50 60 24 30 41 60 19 9 50 70 35 57 45 33 47 47 59 24 55 37
10 8 5 8 6 12 1 4 12 9 1 4 4 6 6 15 14 3 16 11
37 40 12 34 44 39 1 19 27 30 25 41 15 23 7 39 41 34 35 27
25 33 14 15 18 29 1 3 21 27 25 27 29 17 9 33 27 28 29 11
41 50 19 17 30 44 11 13 32 50 25 46 28 30 16 41 40 31 35 26
54 68 22 30 48 62 25 19 51 60 46 64 33 47 36 44 60 30 48 42
49 63 38 28 49 57 21 18 46 66 37 56 43 43 34 66 59 24 54 14
21 23 7 15 20 20 1 5 12 23 15 19 18 4 8 15 19 22 21 16
57 51 34 18 52 60 13 27 56 61 36 63 44 56 29 59 45 51 62 28
19 30 12 20 23 20 9 7 11 32 15 26 16 13 1 23 28 19 21 20
21 28 7 9 12 25 7 4 17 28 11 22 18 13 10 28 24 13 22 6
23 32 15 21 24 31 5 7 25 26 14 32 21 34 20 32 27 21 24 26
4 6 2 4 4 9 1 1 7 1 1 2 5 3 1 6 6 3 8 1
25 19 10 16 19 28 1 7 17 15 11 14 14 11 14 26 27 16 27 17
28 27 6 5 11 29 8 4 21 28 11 26 18 19 19 22 18 14 22 16
60 49 41 36 55 64 15 46 51 49 38 59 33 49 29 57 51 49 66 45
62 42 37 29 30 66 27 42 52 44 13 53 40 42 31 51 52 25 58 45
46 39 28 32 38 46 7 22 36 47 25 41 28 32 20 54 46 35 50 36
47 42 26 26 30 43 19 23 31 46 17 38 29 28 19 49 45 11 39 35
32 42 5 31 31 39 10 13 32 36 29 38 25 22 20 29 44 20 30 30
39 31 26 20 29 44 1 6 37 36 16 40 33 39 21 38 33 30 38 18
13 6 6 1 2 13 1 1 11 12 2 4 6 4 13 5 11 4 13 13
58 57 39 40 45 64 14 30 56 56 37 60 49 37 36 65 60 52 64 42
39 41 23 22 28 35 11 15 28 42 26 33 29 25 18 34 41 25 31 29
33 38 3 12 24 34 16 17 24 30 21 33 25 27 14 27 28 22 21 22
8 13 3 1 2 19 9 8 10 16 1 9 6 6 8 11 9 1 16 11
53 46 49 44 56 50 17 29 51 53 24 48 29 38 34 61 61 46 57 46
53 45 25 34 42 57 7 24 50 44 26 52 27 45 37 50 53 29 49 33
37 34 16 16 28 38 15 11 22 44 18 40 31 35 19 36 26 23 34 33
52 59 27 22 28 60 19 20 52 53 40 54 33 35 28 46 56 31 50 31
8 10 4 5 4 10 3 3 10 10 2 7 3 4 1 12 11 2 8 1
14 17 4 8 7 20 1 6 20 11 7 13 8 6 7 10 15 4 16 8
9 13 5 1 6 13 5 1 5 13 5 7 5 1 8 10 11 4 9 9
37 51 22 27 30 43 13 4 32 48 27 40 30 27 24 48 49 18 32 20
29 28 10 13 24 30 11 13 26 27 17 28 21 26 1 36 23 22 22 10
37 45 19 28 36 43 21 25 35 40 26 42 24 25 18 35 47 17 39 27
62 49 36 28 41 72 11 20 60 60 31 62 43 52 39 59 56 38 64 33
18 14 12 13 12 12 5 9 18 21 3 15 10 15 7 16 20 11 19 18
58 52 36 42 48 62 26 24 54 63 23 58 42 34 44 47 67 24 57 42
6 9 3 2 3 9 1 1 6 5 2 4 4 4 5 5 7 4 5 5
40 33 12 14 18 45 6 7 28 37 14 29 28 17 24 31 33 12 37 14
2 9 1 1 1 8 1 1 2 5 1 5 3 5 1 8 3 2 1 1
1 4 3 1 2 5 1 2 5 4 3 2 5 5 2 4 1 2 9 5
47 45 32 25 39 47 5 15 39 54 30 40 23 25 32 42 49 19 43 19
46 41 24 27 37 41 19 22 26 50 23 43 36 35 8 51 38 32 41 37
28 39 11 7 28 31 10 7 16 41 14 35 18 27 7 36 25 27 26 20
28 27 24 11 14 24 2 4 24 31 13 25 16 24 13 32 29 24 25 22
37 46 24 7 18 49 20 18 40 51 24 38 29 28 29 42 43 15 46 15
56 57 28 16 33 59 28 28 33 63 31 57 27 29 25 46 51 25 51 37
23 19 15 12 14 23 7 14 24 24 12 15 14 8 7 16 21 11 28 13
49 48 9 47 53 52 21 31 40 59 36 54 42 36 34 41 47 37 51 47
21 21 18 14 16 19 3 4 25 22 9 18 19 15 17 23 25 4 28 9
32 27 13 25 25 35 5 16 29 24 14 23 6 12 13 25 39 13 26 27
5 9 1 2 1 1 1 1 1 3 1 5 2 3 1 4 2 5 1 1
12 9 3 3 4 10 5 8 1 10 2 9 7 3 1 12 4 4 13 11
22 38 18 3 21 22 2 1 18 38 19 38 20 32 1 37 19 34 19 8
39 51 15 32 31 54 23 35 42 49 30 54 38 39 17 46 42 26 48 36
58 75 46 41 64 69 19 19 57 78 45 71 52 56 39 80 69 46 65 30
9 11 2 1 1 3 1 1 4 7 1 6 3 6 4 12 7 5 4 4
62 54 42 24 30 55 15 32 42 55 30 54 38 28 19 50 46 42 58 42
12 12 3 1 6 12 1 2 8 7 6 6 12 11 6 14 7 8 14 6
46 45 18 41 47 46 13 30 46 43 31 41 30 36 24 46 51 33 50 40
28 37 17 28 39 40 10 8 31 43 17 45 29 41 20 42 38 28 36 23
46 42 15 32 33 48 20 19 35 39 29 37 19 21 25 25 51 13 44 46
28 31 22 7 20 37 9 5 30 43 13 29 13 21 20 34 31 20 37 25
48 45 30 23 30 44 15 11 39 41 32 40 23 18 23 21 48 25 41 39
9 12 11 2 6 16 1 1 19 16 2 8 14 11 12 13 13 2 23 8
7 11 3 6 2 7 4 7 7 11 1 8 2 3 1 6 8 3 10 7
35 34 19 27 35 27 8 16 30 40 14 35 14 23 9 39 41 26 31 33
7 10 2 5 5 9 1 1 5 6 4 4 6 5 1 9 8 7 7 3
51 47 29 33 29 57 23 41 53 45 32 52 34 40 23 58 50 35 56 38
29 22 14 31 27 35 12 26 30 25 13 30 13 23 12 28 33 13 33 33
28 40 26 11 24 41 11 17 35 39 24 40 22 41 14 52 32 33 39 12
57 67 24 28 38 65 21 17 50 64 41 56 45 32 46 58 61 29 56 29
51 49 27 14 25 58 29 19 48 51 28 51 37 45 45 48 50 14 49 24
47 54 32 26 43 56 23 30 38 64 28 51 28 42 29 63 53 33 51 40
3 6 1 1 1 2 1 1 1 1 1 3 1 1 1 4 1 1 2 1
22 21 11 14 20 30 4 4 22 20 9 23 23 28 15 26 16 16 22 10
58 58 41 20 37 63 18 24 53 57 39 54 43 48 33 63 56 48 54 31
31 44 28 20 14 41 18 14 38 45 24 38 23 32 26 41 48 20 32 24
11 16 1 6 9 15 1 1 4 11 9 11 12 6 1 15 10 11 12 1
54 57 25 35 46 50 17 27 41 50 33 55 30 33 30 47 48 46 46 47
15 8 9 2 4 15 2 5 11 14 2 2 4 5 12 15 17 1 15 12
24 27 19 7 23 22 1 1 18 30 9 24 15 19 1 35 20 25 26 11
7 13 1 9 8 8 2 1 3 12 1 6 1 4 4 9 15 2 4 15
10 8 7 6 4 6 1 1 10 6 1 5 2 5 1 13 14 5 9 8
22 27 7 21 20 23 2 10 18 18 17 21 11 11 6 17 30 13 20 17
4 5 1 3 6 6 1 1 2 7 2 3 3 5 1 7 4 4 3 1
39 52 8 30 42 48 14 27 38 46 32 53 25 38 19 45 45 30 44 24
12 19 3 10 15 10 3 5 9 23 5 14 4 14 1 20 19 6 16 10
70 56 28 23 49 68 27 37 49 59 46 57 30 41 29 56 57 41 60 44
29 24 31 12 12 38 17 19 32 36 8 26 18 20 13 39 29 17 39 23
37 37 23 16 37 34 14 8 29 39 21 39 30 33 13 45 27 42 30 24
12 15 1 4 9 13 1 1 8 8 5 9 9 7 1 17 11 7 11 2
55 40 15 28 43 49 11 20 36 43 33 40 32 29 22 49 45 40 40 32
45 52 40 29 50 50 8 21 50 58 33 51 32 42 28 56 54 35 58 28
13 13 6 1 3 10 1 1 7 15 6 8 9 10 4 14 10 9 10 6
10 9 5 9 5 12 1 7 12 9 1 6 5 6 8 8 12 5 9 11
23 16 9 14 22 15 1 11 13 20 12 18 9 11 6 16 17 17 19 17
52 52 16 25 42 53 26 27 46 48 36 50 47 43 28 44 47 34 49 32
27 40 16 26 25 34 19 22 32 42 27 36 29 35 19 39 37 26 31 29
56 42 39 38 48 61 20 14 50 54 32 52 42 45 48 30 56 23 61 52
25 35 12 27 25 35 11 12 30 28 24 28 22 22 17 23 38 17 23 26
55 64 44 26 45 68 31 27 46 74 26 71 54 58 21 71 54 45 69 46
21 19 13 9 12 10 2 2 9 21 2 18 7 10 4 21 17 16 10 15
34 32 7 27 26 34 4 16 29 22 19 26 10 11 14 17 40 15 29 33
54 56 24 22 38 55 13 14 40 60 34 53 34 32 22 56 50 41 46 31
30 37 29 3 13 41 11 5 34 44 19 29 24 18 24 34 38 15 35 14
12 13 3 3 4 14 2 2 12 11 1 13 7 9 4 12 9 9 7 6
6 9 4 7 3 8 1 3 10 8 1 5 4 4 6 10 12 1 8 6
51 63 28 26 38 63 19 36 59 57 43 59 32 46 35 62 60 36 56 28
64 67 40 29 50 62 26 20 32 78 30 62 42 39 26 71 57 32 55 44
50 48 15 40 48 55 15 32 41 42 33 49 31 38 16 49 47 36 45 39
51 36 22 31 37 50 5 12 33 33 20 39 32 20 29 36 41 36 45 37
26 30 9 14 17 33 4 7 24 31 12 22 12 7 14 23 36 5 23 12
34 39 26 3 24 35 15 17 27 48 19 38 22 30 13 44 29 25 41 13
54 36 37 27 35 49 6 24 47 37 24 39 31 30 26 47 41 32 48 33
12 13 3 8 8 18 1 3 11 13 3 4 6 2 8 7 15 4 11 10
35 40 33 11 31 41 10 21 35 47 25 41 21 40 24 44 31 41 44 28
21 14 15 3 11 15 5 6 12 28 1 13 3 5 5 23 18 10 19 13
24 35 12 31 26 31 12 17 36 31 22 41 27 34 16 28 31 21 27 22
15 16 5 5 11 12 1 1 4 13 5 11 7 3 2 12 12 12 12 10
60 52 44 18 27 60 33 21 52 64 31 53 39 32 40 41 49 19 60 44
57 49 43 22 30 69 22 29 51 68 22 55 48 45 25 57 52 33 66 35
28 16 18 8 16 30 5 6 25 33 1 19 19 19 23 25 20 6 33 16
15 8 6 10 12 12 1 7 13 12 4 8 4 9 4 18 15 8 13 10
45 35 29 28 40 49 18 19 40 51 20 53 41 53 24 56 36 33 46 37
46 45 20 23 37 38 15 13 33 47 26 40 28 30 19 45 44 24 27 25
15 18 1 8 3 19 9 5 12 15 6 14 1 3 13 11 19 4 4 12
54 68 28 18 40 75 24 27 59 68 48 70 58 65 39 66 54 47 61 17
18 20 1 13 14 14 1 9 11 16 9 18 11 16 1 23 16 14 9 9
66 55 46 46 51 65 21 21 57 61 29 65 48 50 44 60 62 45 59 55
60 54 22 46 43 78 15 43 62 53 39 63 50 37 37 56 58 40 73 46
23 20 13 2 6 26 15 9 15 29 16 17 13 12 16 12 18 4 26 26
10 2 6 4 1 5 1 4 10 9 1 1 1 3 4 11 11 1 9 5
11 10 2 1 6 9 1 1 5 11 2 10 7 11 1 16 3 11 5 2
30 20 15 17 29 38 1 7 33 24 14 29 24 36 18 39 25 23 34 8
55 62 36 13 49 61 18 21 46 65 41 55 37 49 32 62 50 52 54 26
14 14 5 15 12 20 1 8 19 11 4 10 7 8 6 17 20 4 19 11
35 33 21 20 19 41 15 22 31 37 19 32 21 15 10 33 34 19 39 25
43 28 21 22 30 31 10 20 21 40 18 31 20 13 11 32 32 25 38 33
54 50 20 50 52 52 21 36 50 46 35 48 31 36 31 52 61 38 45 49
11 11 5 8 8 9 1 6 11 12 6 6 7 5 3 10 13 5 15 6
54 37 34 19 29 41 5 15 30 49 20 37 27 24 25 45 38 20 37 24
18 9 10 8 8 8 4 10 10 13 4 11 8 11 1 12 10 14 10 13
39 29 23 21 30 43 11 15 36 41 14 37 37 43 27 40 28 28 41 25
75 58 19 30 47 71 25 30 54 62 46 61 46 38 35 48 56 39 65 45
20 27 15 3 24 27 7 17 15 35 17 21 7 20 14 25 19 21 29 17
20 22 14 22 20 20 5 10 16 18 7 22 8 18 12 26 26 16 14 25
21 26 21 10 19 28 12 5 25 35 4 26 16 18 14 33 26 18 29 15
24 20 22 10 14 25 3 5 20 31 10 20 14 15 11 24 23 21 25 26
8 6 2 2 5 13 1 1 9 8 3 1 7 3 1 13 12 3 14 1
56 44 30 33 46 66 10 33 51 61 35 57 45 42 37 53 46 41 64 36
3 9 6 1 1 4 1 1 6 6 4 7 7 9 1 9 2 8 8 3
28 33 16 4 23 24 7 9 6 39 13 32 10 23 8 29 20 24 23 29
30 27 11 20 26 18 4 10 17 27 14 24 10 15 7 20 31 17 19 25
16 27 2 7 14 24 1 1 9 28 10 19 13 11 5 23 17 16 20 12
15 19 3 19 22 14 7 7 9 23 12 16 12 10 4 15 24 13 12 18
33 32 15 14 19 38 11 13 27 28 15 31 15 26 25 36 33 20 27 28
29 22 21 19 17 39 1 8 35 29 16 24 30 26 21 22 30 19 37 16
6 10 3 7 6 3 1 1 4 8 1 8 4 7 1 8 9 7 1 6
55 53 28 33 50 59 3 21 50 55 28 59 35 41 25 51 50 42 57 35
21 12 9 9 8 18 4 2 14 14 5 8 4 5 13 14 20 9 13 19
6 13 3 4 7 15 2 1 10 9 6 7 11 6 6 9 10 4 17 2
33 31 26 23 32 31 14 18 27 44 15 35 17 32 16 44 36 29 35 40
45 59 34 19 37 49 14 9 39 59 34 56 34 42 28 51 44 49 42 36
11 14 5 3 8 13 6 9 13 23 1 17 3 12 5 16 11 7 13 7
39 34 26 12 26 40 7 13 34 43 28 35 35 37 11 45 27 39 43 16
1 8 1 3 2 5 1 1 1 5 1 2 1 1 1 5 5 1 1 1
20 23 11 19 17 24 7 11 19 16 7 23 12 19 11 24 24 14 20 23
5 11 5 4 10 6 1 4 8 16 3 10 1 13 1 17 14 7 13 6
28 23 7 13 14 29 10 10 14 27 10 20 18 17 11 26 24 8 25 26
8 7 3 2 5 8 1 1 6 8 3 2 7 2 5 2 4 6 7 7
15 27 3 10 18 20 3 4 12 30 13 23 14 12 8 25 16 19 22 13
60 64 16 40 61 67 21 29 51 66 45 65 53 55 35 68 59 54 59 46
6 23 5 8 21 16 1 4 7 25 10 17 3 16 3 20 19 12 15 9
26 27 8 18 20 29 12 14 18 25 13 25 23 23 9 28 20 14 21 25
36 39 18 19 31 39 9 23 34 43 16 36 6 26 19 38 42 23 36 26
18 21 7 9 13 16 1 3 9 19 13 16 17 9 7 19 16 17 20 12
65 51 43 37 37 67 14 19 56 64 30 58 46 37 39 47 62 37 68 39
54 50 47 26 45 61 14 23 50 58 30 55 42 47 31 68 46 41 61 34
8 10 5 1 4 4 1 2 7 3 5 8 9 10 2 12 4 9 9 3
9 1 5 2 2 5 1 1 5 6 1 1 1 2 1 10 7 2 8 8
34 23 28 25 20 44 6 20 43 34 18 33 30 34 21 34 34 20 46 21
28 19 16 16 19 33 4 11 32 25 6 19 13 17 16 26 29 11 31 18
57 58 39 27 37 58 35 22 44 75 25 60 40 37 40 55 54 31 57 58
8 12 1 4 2 7 1 1 2 7 1 6 2 1 2 6 7 3 3 4
44 53 31 30 35 48 13 21 46 48 27 53 31 46 26 61 55 31 37 28
22 29 17 24 33 29 2 17 28 28 19 29 10 28 9 34 36 21 32 18
37 32 27 12 14 34 18 23 29 46 8 32 16 18 15 33 34 9 36 30
4 14 7 7 3 6 1 2 10 10 5 10 7 9 4 6 9 7 7 8
18 19 12 12 20 16 1 7 16 21 7 17 9 17 7 24 19 19 20 16
22 26 16 13 10 31 17 16 31 32 7 21 17 21 22 31 33 4 31 15
8 14 4 8 8 6 3 1 5 14 1 11 4 11 1 14 12 8 3 9
26 36 26 17 37 28 3 11 26 43 20 35 12 27 10 36 36 32 34 19
36 40 31 8 8 44 21 26 34 43 11 41 37 35 12 43 31 26 41 29
3 13 8 1 2 9 1 1 13 16 3 10 6 10 1 17 8 5 11 1
8 20 11 13 15 9 8 4 11 20 12 17 13 16 4 14 14 14 9 15
5 18 1 7 8 14 4 2 3 17 4 12 6 4 1 9 14 4 12 8
22 25 4 1 1 19 10 3 14 24 9 21 7 13 14 19 19 6 14 15
28 23 8 11 21 18 4 5 15 20 16 19 20 14 4 19 17 22 16 10
12 12 13 7 7 8 1 1 14 15 4 10 9 9 6 13 14 11 12 11
47 50 33 16 32 59 19 11 42 65 18 48 28 24 37 45 50 22 58 35
63 62 44 28 40 70 21 39 57 66 41 68 24 46 36 60 62 49 63 47
24 25 16 11 20 28 10 9 21 36 10 24 14 14 12 30 29 16 28 12
34 28 22 12 24 36 6 9 18 38 16 31 29 17 6 38 21 30 41 27
8 12 5 13 12 10 5 1 6 11 4 9 3 7 1 14 18 5 7 12
55 46 23 34 37 68 14 32 48 44 34 56 49 42 17 51 40 34 60 30
56 51 23 55 52 62 13 33 50 42 35 56 40 39 34 45 61 36 56 47
42 43 25 16 32 50 14 19 33 59 19 38 26 20 25 48 44 27 53 29
10 13 1 5 7 11 1 1 6 7 6 7 8 5 7 10 9 8 9 7
37 20 12 22 26 39 6 15 31 20 16 25 27 26 15 26 25 20 34 16
48 50 21 29 45 63 16 14 46 54 25 55 38 50 33 58 53 32 49 22
1 12 2 3 10 10 1 1 7 14 3 8 4 11 3 11 8 6 8 6
14 16 4 20 15 10 6 13 13 9 10 15 4 8 6 11 22 5 12 18
49 49 30 36 55 48 17 31 42 48 34 52 23 50 32 55 53 45 41 40
41 46 15 13 31 48 16 22 32 48 28 43 27 30 12 48 37 27 41 12
62 59 51 37 45 69 32 24 52 74 25 59 50 39 47 61 61 27 69 48
41 42 24 28 39 36 6 14 28 45 20 41 21 21 7 39 41 35 42 28
28 26 17 13 29 26 2 13 21 27 14 29 12 33 10 39 25 28 25 21
36 42 40 20 35 47 13 19 39 56 22 41 30 38 20 56 41 22 54 29
5 8 2 4 3 10 1 1 10 8 1 5 7 8 3 9 6 4 6 3
14 18 4 19 16 13 4 11 15 14 9 17 1 9 4 13 23 5 12 14
32 40 16 14 37 33 1 6 19 40 23 38 26 21 13 37 26 40 33 20
52 30 29 35 38 55 4 16 50 38 15 37 28 26 34 39 50 14 49 27
8 1 6 8 7 11 1 4 8 1 1 2 1 5 6 12 12 3 11 9
25 31 5 10 16 24 8 12 16 25 12 24 12 19 11 26 22 14 18 14
33 44 15 22 34 32 11 6 20 43 24 35 29 27 19 44 37 22 22 19
38 35 22 4 23 44 9 18 35 43 24 40 27 42 23 45 25 31 42 17
22 22 5 21 20 26 4 9 18 23 17 19 17 8 8 21 22 17 20 11
45 49 26 21 38 43 17 13 42 50 26 48 31 33 16 53 47 30 35 22
21 17 7 11 12 15 3 11 14 12 10 16 12 12 1 17 17 12 15 9
16 18 9 15 9 18 13 11 16 26 4 16 4 8 4 21 26 3 17 17
9 6 7 1 4 6 1 1 7 11 1 6 3 2 2 8 5 7 9 6
67 60 33 35 48 72 10 20 56 70 42 61 40 27 40 50 61 32 74 42
37 28 12 20 21 41 8 14 21 26 17 24 21 14 20 28 31 20 37 29
9 12 3 11 7 12 1 4 11 7 3 6 6 5 8 7 15 4 8 10
43 36 20 18 15 48 23 22 42 35 17 36 17 23 30 28 45 9 40 35
48 58 22 27 35 51 22 16 35 65 36 53 28 23 25 40 58 28 47 47
32 40 13 9 25 30 9 3 15 43 15 36 19 24 14 30 26 24 27 34
11 19 4 1 10 12 1 1 9 14 11 17 15 21 1 23 5 17 9 1
33 46 9 22 26 38 20 19 32 43 23 44 28 36 24 36 36 22 26 32
13 9 16 1 4 13 5 8 11 19 7 11 9 12 3 17 9 14 18 15
11 4 4 1 2 8 1 1 6 12 1 1 1 2 6 10 9 2 8 8
55 55 40 36 47 78 26 29 62 73 36 65 51 56 50 61 59 42 71 40
64 74 47 51 61 73 22 34 66 76 44 76 50 54 36 79 79 60 72 48
32 32 21 13 18 46 11 11 43 27 17 39 33 41 22 45 32 23 37 7
49 49 34 12 14 58 24 20 40 52 32 51 45 39 35 33 32 26 53 30
8 6 6 1 3 7 1 1 8 11 1 4 2 7 4 14 9 4 7 5
50 47 32 28 33 56 13 15 45 53 24 45 36 19 23 47 49 37 57 34
46 41 41 28 33 64 24 30 57 56 19 56 41 57 41 63 51 30 64 31
36 44 18 21 33 32 7 5 22 46 24 38 29 26 12 41 35 27 24 19
57 50 43 13 34 53 33 27 40 62 21 52 32 42 23 49 48 31 56 53
9 19 3 3 9 21 1 1 12 17 8 13 14 16 8 17 11 12 17 4
19 21 5 23 21 23 1 17 25 17 12 21 9 15 8 18 26 13 22 20
44 50 23 20 34 48 21 10 38 49 27 48 19 38 30 43 48 25 34 34
65 60 53 17 46 71 23 31 49 72 32 65 55 54 23 73 51 57 76 44
1 6 6 1 1 9 1 1 9 5 3 5 5 6 1 10 6 4 8 1
35 32 25 12 24 34 8 6 28 36 10 27 20 20 16 40 34 21 31 17
31 38 15 27 34 33 15 23 30 40 25 36 22 31 11 41 39 25 35 24
9 10 3 5 1 4 1 5 7 7 3 6 7 8 4 10 5 8 9 8
49 51 32 15 40 48 21 13 38 56 23 47 37 33 25 57 43 38 43 26
7 11 2 7 8 7 1 1 4 11 6 5 6 4 2 8 8 7 8 5
9 11 2 2 1 3 1 3 4 8 1 8 5 7 1 8 3 7 7 9
36 43 27 24 36 42 14 8 37 48 14 45 33 36 24 49 43 23 42 25
67 57 22 40 56 75 21 37 59 54 35 65 44 50 32 65 63 40 67 38
8 7 2 3 2 4 1 3 5 8 1 6 4 10 4 11 6 6 5 7
36 35 13 9 22 43 5 7 34 35 23 31 36 33 16 40 29 27 39 10
7 23 5 5 17 21 3 5 11 24 12 18 5 14 6 22 16 14 15 3
31 25 17 21 25 26 4 7 20 32 11 21 14 7 8 25 33 19 32 25
68 68 26 36 64 76 25 33 58 74 41 74 50 52 31 70 65 52 71 41
13 13 1 1 4 12 1 1 4 12 4 9 6 9 9 14 9 8 7 11
10 11 3 4 4 12 5 8 3 12 3 7 5 7 3 14 8 6 12 10
31 30 17 7 17 26 4 8 18 31 18 26 22 22 7 23 18 27 22 20
19 26 13 7 7 24 4 2 22 18 15 25 19 21 6 30 18 20 13 4
50 50 40 12 28 60 32 16 54 56 32 43 37 33 48 43 54 8 53 28
25 38 11 9 18 33 15 7 26 32 16 31 24 27 15 36 30 17 22 11
37 25 28 21 21 38 4 10 42 40 11 34 31 37 25 40 35 22 42 20
13 14 1 1 5 15 4 6 1 14 4 8 6 1 3 9 7 6 14 11
24 26 16 9 15 32 9 6 23 29 6 14 12 9 18 25 33 7 26 14
29 26 13 19 24 31 7 9 20 27 12 25 16 10 9 25 27 21 26 19
39 39 20 1 18 38 24 19 27 45 22 38 28 33 25 36 25 21 29 23
55 48 36 20 27 52 20 17 38 58 32 45 35 29 26 45 47 22 48 37
22 18 13 6 8 28 8 7 24 25 1 23 17 18 19 18 20 9 26 15
26 28 5 23 25 34 2 10 24 21 14 27 16 17 7 29 29 19 27 12
6 2 4 5 2 5 1 1 8 3 1 1 1 2 1 7 7 4 3 3
12 9 6 8 3 11 1 2 12 10 1 2 1 2 9 13 19 1 9 8
22 18 17 22 26 27 7 6 23 30 7 25 23 21 14 19 28 12 34 25
9 9 5 4 6 8 1 3 11 9 4 7 8 5 1 5 4 8 9 5
32 27 9 14 16 27 5 13 21 25 10 22 11 9 10 21 27 13 21 21
11 32 14 11 20 26 9 1 21 37 13 31 19 27 10 31 26 19 21 18
14 12 10 7 9 15 1 1 13 17 6 5 8 8 6 14 15 8 13 11
46 37 24 40 44 43 11 14 42 47 13 48 27 34 27 44 51 25 40 38
42 29 30 21 25 36 5 11 36 36 8 27 22 20 23 37 38 25 38 30
56 70 40 16 33 61 24 28 49 67 45 68 35 49 36 55 59 40 54 34
16 25 1 12 11 18 7 5 10 19 9 15 10 5 10 13 20 10 13 10
50 58 35 26 46 57 35 38 41 69 23 61 31 49 27 67 54 40 55 51
47 49 28 23 38 45 12 12 31 57 26 45 33 25 18 52 42 33 44 26
26 29 22 22 27 34 1 9 34 33 20 29 21 29 9 35 36 25 35 15
10 8 2 4 5 9 1 1 9 1 4 5 8 6 1 11 8 7 7 1
4 2 2 4 1 4 1 2 6 1 1 2 1 2 2 3 7 1 3 2
16 26 14 11 14 21 4 5 27 29 5 24 13 17 11 29 24 9 22 5
17 13 2 8 8 19 1 5 16 10 5 13 12 16 12 18 14 9 11 8
22 23 4 15 13 24 5 12 25 16 7 22 3 10 7 27 28 9 17 11
34 36 24 19 24 38 3 8 35 35 19 41 32 28 12 30 31 28 40 16
28 34 2 11 17 37 4 1 21 27 22 29 29 20 15 28 22 22 22 11
39 39 28 16 30 40 1 13 35 51 27 36 29 26 13 48 40 39 50 18
10 17 4 7 8 11 5 2 7 16 6 9 4 6 9 8 19 1 11 19
40 34 45 16 28 44 8 15 40 51 25 35 36 31 25 47 36 22 54 19
20 46 20 12 30 35 25 20 30 47 25 41 28 40 25 40 35 16 32 18
27 31 15 2 22 27 10 5 21 34 14 30 21 25 6 35 20 26 25 11
35 51 26 22 24 41 17 17 26 51 32 42 33 31 22 39 43 33 35 25
22 16 7 1 15 18 2 3 10 17 10 14 16 13 2 17 7 19 17 13
16 24 6 5 12 21 5 5 15 24 11 18 6 14 14 21 20 12 18 13
27 20 8 11 16 30 1 5 16 17 8 17 17 17 16 18 17 16 24 19
39 47 18 19 38 49 24 22 35 45 28 46 36 44 22 50 42 27 39 24
21 20 12 5 9 25 1 2 20 17 9 13 16 14 14 16 19 13 24 17
20 29 4 12 21 21 1 1 9 26 12 22 15 16 5 28 21 18 18 10
24 32 10 13 14 33 14 13 17 29 14 27 22 14 11 26 23 17 29 17
15 14 5 13 9 7 2 6 14 11 4 12 5 8 3 16 20 4 12 9
45 48 22 33 36 52 16 12 46 44 38 43 27 26 25 32 56 20 48 37
28 18 12 5 20 21 7 8 15 26 12 20 17 21 8 29 14 23 23 18
69 68 30 37 53 77 31 35 64 71 52 73 56 67 40 67 65 51 65 49
51 66 32 28 35 51 30 12 45 59 52 57 49 48 40 37 55 33 44 40
12 4 8 1 2 4 1 1 4 11 1 1 1 2 4 9 11 5 7 10
68 68 33 31 46 72 25 36 52 71 51 66 56 48 27 66 57 54 62 35
47 42 21 24 37 42 14 12 25 51 17 39 24 23 11 46 42 27 35 35
45 42 21 27 43 51 3 24 44 38 25 42 23 33 17 47 44 34 48 25
50 50 43 37 40 57 18 19 55 62 27 59 50 45 35 53 59 37 56 31
51 34 46 44 49 57 17 23 56 45 24 49 44 45 37 50 48 42 57 38
28 33 8 7 24 24 2 7 19 32 16 32 15 25 8 26 22 26 17 16
25 24 14 7 22 28 4 9 13 34 10 23 14 15 9 27 20 22 36 20
49 58 24 28 44 60 13 21 47 57 38 55 40 43 18 55 48 41 55 27
32 31 26 20 25 37 2 7 29 33 17 28 21 20 17 28 37 27 35 27
5 6 1 1 1 1 1 1 1 5 1 2 1 1 1 4 2 4 1 5
26 37 27 13 20 33 1 8 34 40 23 31 33 27 20 37 32 23 43 8
12 14 1 10 7 11 5 9 9 16 1 12 1 2 1 8 14 2 9 14
25 15 14 16 15 24 1 14 21 12 10 14 15 19 11 23 20 18 24 20
62 59 28 49 51 65 26 38 56 50 39 62 38 44 43 51 66 39 53 57
4 6 1 1 1 3 1 1 5 4 1 1 4 4 1 8 3 2 10 1
48 30 39 18 26 47 13 24 35 43 14 33 30 21 7 44 41 27 52 30
30 25 14 5 6 31 12 6 22 31 11 28 20 17 22 10 17 9 30 28
9 20 1 5 7 12 1 1 4 10 3 13 8 8 5 11 9 6 5 7
50 49 23 37 45 49 15 18 38 46 30 46 33 36 24 54 54 36 33 33
28 27 17 12 21 19 5 6 11 32 4 23 10 13 12 29 24 24 23 27
41 46 16 50 51 52 17 30 47 41 34 52 40 48 33 47 51 36 46 37
35 47 13 30 28 50 17 19 35 42 29 41 19 19 18 30 50 18 41 35
26 26 14 12 24 26 6 4 11 26 11 24 13 17 5 32 24 23 20 14
34 34 23 11 18 39 8 4 30 42 17 25 18 13 19 25 36 17 41 29
26 32 17 18 17 28 17 13 27 31 12 28 18 26 14 38 34 14 24 17
50 61 23 31 50 54 24 17 37 66 37 53 44 41 27 63 51 34 45 28
13 11 9 8 7 9 5 8 7 20 1 8 1 5 1 13 14 6 13 14
48 20 29 22 24 47 12 9 43 41 9 29 27 23 39 32 41 8 48 30
48 46 34 32 43 58 22 26 42 60 24 47 37 38 34 56 55 31 55 46
1 6 1 6 2 3 1 1 6 2 1 2 1 1 1 1 7 1 4 2
24 14 19 11 16 21 10 14 13 22 4 16 11 9 4 18 16 14 25 25
45 19 21 23 27 38 12 21 32 31 9 35 29 28 24 27 28 21 37 29
14 14 7 1 5 12 5 7 7 12 5 10 7 6 6 16 12 8 15 9
59 53 30 38 55 53 7 19 43 49 36 53 36 33 15 58 59 45 51 38
7 12 9 2 1 5 1 1 11 10 5 10 10 12 1 15 7 11 12 5
6 9 7 1 1 1 1 1 8 5 2 6 6 8 1 13 5 7 7 1
68 70 31 43 52 81 16 29 66 67 48 75 59 57 37 63 65 51 66 36
54 56 39 45 60 54 20 38 48 58 32 60 26 45 30 63 63 48 53 50
30 30 21 23 23 34 13 7 33 42 13 32 21 28 26 31 39 13 33 31
21 14 10 17 15 25 1 13 27 12 10 12 8 6 8 18 25 6 25 10
50 49 25 23 31 57 11 15 45 39 39 48 32 35 26 37 46 31 44 33
53 57 38 29 41 66 1 19 62 54 37 58 42 48 38 57 57 35 61 12
36 44 9 20 24 47 12 18 33 36 23 42 32 32 23 38 36 21 38 16
18 34 4 9 14 26 15 4 14 34 11 25 13 18 17 25 30 8 15 21
35 34 17 16 23 38 8 15 37 34 23 36 33 37 16 36 24 26 39 17
45 41 17 24 33 36 4 5 23 41 23 31 26 11 21 35 42 26 30 25
41 28 22 13 27 39 1 3 28 31 11 26 22 23 25 35 34 22 37 22
66 65 43 33 39 71 23 26 57 61 50 61 48 51 41 53 61 44 59 44
38 41 19 19 39 39 2 20 35 35 28 37 15 29 17 41 41 29 35 15
80 69 37 42 64 77 24 42 63 70 49 70 50 48 31 77 72 52 72 41
24 35 14 18 23 33 14 14 26 42 15 38 24 30 9 36 27 19 37 18
55 56 24 32 45 64 17 24 41 66 27 63 36 39 33 50 54 32 56 38
17 22 11 13 18 13 11 11 9 33 6 25 6 18 3 23 18 14 16 24
14 7 8 6 6 4 1 4 10 12 1 6 1 3 1 10 12 7 12 8
16 19 14 7 10 23 1 1 21 20 13 17 24 18 7 19 15 18 27 4
34 35 19 14 26 30 7 6 17 38 14 28 20 11 11 33 31 23 33 20
14 18 6 1 6 18 9 8 6 17 6 14 10 10 4 15 8 10 13 12
54 48 23 40 38 57 17 24 48 50 37 45 32 26 33 46 60 29 56 47
10 6 9 4 2 12 1 1 19 9 3 10 14 13 9 10 7 7 17 3
50 62 25 25 34 60 38 27 40 70 34 63 42 46 35 49 49 30 51 48
50 66 37 22 33 53 20 18 44 68 35 62 38 46 31 58 54 42 48 31
32 34 13 10 12 31 17 12 26 38 13 32 15 21 22 24 31 16 26 29
36 36 5 19 22 38 9 14 30 21 26 30 19 18 17 23 31 19 24 23
26 25 19 10 13 29 9 11 17 30 14 20 20 12 6 29 22 18 32 13
40 26 21 24 28 38 1 6 35 31 14 31 30 17 16 30 36 23 44 17
38 50 11 28 46 37 2 13 21 51 31 45 27 28 21 45 44 41 35 36
57 41 29 23 31 61 17 23 51 51 26 43 25 21 31 39 50 19 58 43
25 23 10 21 17 31 8 12 28 21 3 28 17 23 17 25 28 13 25 17
3 7 1 2 5 11 1 1 5 5 4 2 9 2 3 3 5 2 15 2
6 1 4 1 1 2 1 1 6 5 1 1 1 2 4 8 6 1 5 2
12 11 12 1 5 14 1 1 18 17 4 7 15 13 5 18 7 9 23 3
11 19 2 10 12 9 5 1 10 18 7 15 12 16 6 21 16 8 9 11
56 40 34 30 40 50 11 22 40 43 21 41 24 25 25 50 48 26 45 34
15 11 6 10 6 16 1 1 18 10 4 14 15 13 13 14 15 8 17 7
10 8 4 6 8 7 1 1 8 11 1 6 4 7 4 11 10 7 8 9
15 7 6 9 9 12 1 6 15 8 3 6 4 2 5 8 15 5 15 11
46 64 38 16 43 60 17 13 48 67 30 59 44 47 29 63 50 48 56 28
44 46 22 26 38 41 18 21 34 52 26 46 33 39 22 45 38 34 37 38
45 32 17 17 20 50 17 11 27 46 19 39 32 22 27 30 30 18 45 33
19 14 15 6 4 27 2 5 25 24 6 18 20 20 15 18 13 8 32 12
20 20 9 8 16 19 3 1 13 19 6 19 10 17 1 26 16 16 10 10
53 52 41 17 27 58 27 26 39 59 29 47 44 29 27 58 46 25 57 27
32 21 17 14 19 29 8 12 20 23 10 17 12 13 18 18 28 18 29 31
14 13 9 8 11 18 4 4 11 12 5 9 6 7 5 19 16 9 14 9
55 59 13 41 54 61 18 26 52 51 40 58 44 41 20 60 58 40 51 32
56 59 47 31 39 68 18 19 57 67 41 55 41 42 46 63 64 28 61 26
34 29 25 24 24 39 7 18 36 27 14 30 26 33 26 39 34 22 41 28
28 26 20 2 7 31 11 11 17 31 5 19 20 7 11 26 20 5 33 17
8 16 2 1 3 16 7 6 11 18 2 11 8 9 5 16 10 3 17 4
27 18 27 5 4 24 11 15 22 32 8 16 19 16 10 28 19 12 32 22
62 60 38 17 41 56 37 33 29 68 16 60 39 40 20 59 47 43 47 55
10 5 5 2 7 6 1 1 3 8 2 3 4 1 1 5 8 8 7 4
30 27 16 13 17 30 12 12 16 38 5 27 16 10 2 31 29 15 33 21
13 12 3 1 4 14 4 7 7 18 1 11 8 13 9 13 2 6 16 14
29 21 12 13 17 22 6 17 22 23 12 21 11 18 6 28 21 16 25 15
49 52 44 29 48 52 11 18 45 64 26 48 28 28 26 57 53 36 57 28
20 27 12 4 12 19 5 6 13 24 8 25 14 17 2 23 14 20 15 10
46 58 25 38 56 56 21 28 52 67 48 59 46 52 39 60 55 52 58 36
3 2 3 1 4 2 1 1 1 8 1 1 1 2 1 6 2 2 5 4
10 14 1 9 5 9 1 2 6 11 1 8 1 7 6 13 15 4 3 8
22 35 15 15 28 20 3 15 24 29 21 34 9 30 8 33 29 22 23 11
35 30 13 22 29 30 1 15 26 20 23 29 22 17 8 24 29 28 27 22
24 27 8 9 22 21 2 4 13 30 11 20 14 21 10 27 21 19 22 19
16 12 6 4 5 12 3 6 13 16 1 9 3 2 2 15 13 4 14 5
6 5 2 5 1 5 1 4 8 2 1 4 1 2 1 6 8 2 5 2
22 26 8 20 25 27 5 7 23 28 10 26 17 27 16 23 25 16 21 19
30 37 12 21 28 36 11 7 22 32 19 33 29 29 20 27 29 23 24 28
75 47 33 40 52 70 6 28 51 61 32 55 49 35 46 63 58 42 71 48
39 17 19 13 15 34 8 13 25 27 6 20 17 17 19 25 26 14 37 30
27 22 10 19 23 25 1 4 15 27 11 19 12 8 8 19 31 16 23 24
37 38 13 29 29 40 3 14 37 29 25 33 28 18 20 30 41 24 40 24
1 5 1 1 1 2 1 2 2 4 1 2 1 2 1 2 4 1 5 4
12 20 15 1 5 23 11 10 18 29 10 19 13 18 7 25 14 11 25 13
38 48 14 22 35 41 10 7 27 50 25 45 21 23 20 33 45 26 40 35
34 37 19 34 29 39 10 26 41 31 21 40 17 29 13 42 46 24 37 34
65 64 24 39 56 65 17 43 53 69 42 62 37 32 34 64 62 50 70 47
21 14 9 10 10 13 6 11 11 15 6 12 10 9 5 16 14 14 16 17
31 17 16 13 12 31 7 10 28 23 7 11 7 9 24 21 32 8 31 26
7 6 3 8 8 19 1 1 15 3 3 5 12 8 7 6 9 4 16 3
39 50 23 10 28 48 22 19 29 55 20 45 22 31 27 43 41 24 43 33
10 17 7 1 9 11 1 1 9 16 9 17 14 21 1 20 2 19 11 5
8 11 5 6 12 6 1 3 4 16 1 10 2 9 4 11 8 10 9 14
20 24 23 4 9 30 10 10 31 32 9 22 20 19 14 28 24 15 34 11
17 19 5 6 11 13 5 7 3 26 4 12 2 6 8 12 12 8 12 21
56 44 48 32 42 63 3 19 61 59 26 57 33 49 42 56 62 41 62 33
19 27 11 14 17 19 7 3 13 29 10 19 12 11 8 18 24 14 16 18
22 20 20 14 15 11 3 5 17 27 7 22 11 17 2 26 24 19 19 18
13 18 3 2 10 16 1 1 6 13 14 15 19 12 1 17 6 17 17 2
51 53 29 21 35 56 14 15 44 48 34 47 38 40 24 57 52 38 43 23
64 64 32 32 45 62 30 23 41 70 35 56 36 34 39 62 68 33 55 49
9 3 7 1 5 12 1 4 7 12 1 3 8 5 1 3 1 6 18 10
6 8 1 1 3 3 1 1 1 5 1 2 4 1 1 5 1 6 4 1
51 34 29 10 29 38 22 27 29 46 12 42 30 32 1 49 31 33 38 32
27 18 13 10 12 19 7 12 14 25 11 11 11 9 11 15 20 13 21 21
57 41 18 19 38 56 18 25 47 46 29 42 43 38 32 44 44 25 51 26
25 31 11 16 25 33 8 4 19 41 6 35 23 26 18 25 28 15 31 21
38 31 20 10 15 44 24 18 29 42 7 37 27 30 21 27 31 10 40 39
38 37 28 27 30 37 5 6 34 38 22 30 30 26 31 39 44 12 33 19
47 47 22 30 41 54 8 14 42 47 25 43 36 32 25 57 47 28 49 19
15 16 7 6 8 18 8 12 17 18 5 15 7 5 6 12 15 5 18 8
11 12 2 2 5 12 1 1 5 6 3 10 5 5 1 16 9 7 5 1
14 23 10 6 9 15 1 1 15 23 7 21 10 18 2 22 15 17 11 8
26 25 8 10 12 28 4 5 22 20 13 21 19 16 17 15 21 15 23 19
25 29 19 22 15 40 21 22 36 33 12 36 24 29 18 35 34 9 37 22
63 49 30 50 49 71 10 34 63 47 36 52 43 37 37 56 63 32 69 35
26 36 17 9 25 29 1 4 20 35 25 32 27 28 10 40 21 31 30 8
36 31 29 7 16 35 9 6 27 42 12 30 23 20 20 33 27 26 40 31
41 43 8 16 26 45 15 13 32 32 32 38 24 23 22 22 32 19 28 27
18 14 16 18 16 21 3 11 20 16 4 13 5 10 11 22 27 8 23 17
21 18 6 15 18 15 1 10 10 17 10 13 5 4 6 8 20 11 15 19
32 16 23 10 19 27 8 16 27 34 8 30 21 29 16 31 18 22 39 21
50 53 29 46 48 62 21 36 47 48 36 62 43 48 27 57 50 39 59 44
10 20 6 8 8 15 7 3 14 22 1 17 5 14 8 25 21 5 14 11
36 30 8 19 24 41 16 19 34 25 17 33 28 31 18 34 28 24 32 20
15 23 4 12 15 20 2 5 7 27 10 20 14 10 1 21 15 14 20 13
43 28 18 21 26 40 5 17 27 28 13 27 11 10 16 27 39 20 37 33
21 22 18 10 9 23 1 10 27 30 13 22 15 22 11 29 26 19 26 13
31 37 9 14 19 31 12 1 17 32 22 28 17 14 19 22 35 13 26 23
56 54 13 46 52 57 23 32 40 62 37 51 40 36 39 55 57 42 53 58
47 62 29 21 29 53 25 28 49 57 40 57 44 49 26 60 56 34 43 17
58 39 42 28 30 49 19 30 37 48 17 42 26 27 29 46 48 30 51 52
63 63 43 33 54 63 28 24 62 67 35 64 48 47 30 73 64 51 56 36
34 40 18 18 32 41 13 24 31 45 19 44 20 29 13 36 35 26 43 24
23 30 8 11 25 23 2 1 11 30 14 27 20 20 8 26 17 24 22 13
33 24 23 23 23 35 15 17 35 37 4 38 24 27 24 30 36 13 37 20
31 31 13 25 31 27 5 12 21 30 12 31 3 20 11 28 37 19 21 31
22 27 1 5 11 23 4 1 5 20 13 17 10 6 10 15 19 12 13 16
6 5 1 1 2 2 1 4 1 8 1 4 1 6 1 12 1 3 9 6
8 1 3 3 3 10 1 4 7 6 1 1 2 1 1 5 4 3 11 9
16 14 10 6 12 13 1 1 8 19 8 8 9 6 6 12 14 11 16 11
9 7 6 3 2 10 1 1 8 8 1 5 1 3 1 15 12 2 10 4
55 47 29 29 40 59 15 18 45 54 21 49 39 33 39 52 57 26 59 32
38 35 27 11 18 33 11 12 26 44 15 36 22 21 16 34 26 29 36 32
54 52 28 27 49 63 14 26 49 56 28 59 34 49 30 50 48 37 54 28
27 23 9 17 18 24 6 18 18 20 15 19 14 12 5 14 19 17 23 20
58 45 19 35 42 46 7 27 33 47 27 39 25 14 21 35 52 34 49 46
29 30 19 20 21 32 2 7 33 33 12 40 24 29 15 25 28 21 28 19
11 10 11 4 3 11 3 1 10 15 1 6 4 6 7 16 15 5 8 7
6 11 9 4 3 13 1 3 12 9 8 10 11 11 5 13 8 11 12 7
17 9 8 7 9 14 6 9 9 13 5 8 8 6 1 12 8 12 16 14
47 45 29 28 34 56 7 19 44 50 39 44 39 33 36 48 48 44 51 33
6 6 4 1 7 7 1 1 4 11 2 2 6 4 1 3 3 6 12 6
14 14 11 12 12 14 3 1 14 15 4 8 7 7 6 18 21 6 14 10
22 13 15 11 15 21 1 1 19 20 2 22 19 22 16 20 17 15 22 14
41 57 4 19 31 42 31 17 30 53 34 47 30 34 25 43 45 27 29 33
13 14 5 10 6 6 1 5 9 9 4 10 6 6 6 12 14 8 7 9
26 27 21 8 10 25 9 10 23 30 14 25 18 21 8 31 22 23 24 15
19 21 10 11 8 25 7 11 26 20 7 20 6 15 10 25 28 2 16 9
49 48 24 38 49 53 13 27 44 56 27 50 24 26 20 54 59 32 56 41
24 34 16 10 16 32 4 7 25 36 9 32 22 21 13 26 27 21 30 19
61 48 28 37 41 56 21 31 45 54 31 61 42 42 29 45 48 32 51 51
56 56 25 20 39 58 34 33 43 60 31 54 44 39 14 58 50 32 51 38
49 34 21 31 38 51 7 28 37 42 24 35 26 13 15 47 43 22 55 33
27 16 14 5 10 26 9 11 12 27 6 13 13 5 8 24 17 11 28 19
13 14 1 6 9 8 1 3 7 11 4 13 6 13 1 16 8 12 2 4
22 34 16 23 29 26 13 15 33 42 22 33 21 33 15 39 36 26 24 21
19 10 14 14 18 15 1 7 13 14 3 13 4 15 10 23 20 15 14 19
23 23 15 16 14 35 15 17 37 28 11 31 22 29 22 28 29 8 29 8
49 59 33 24 34 56 20 15 43 56 38 55 34 44 32 53 57 34 50 40
40 46 32 18 22 44 15 23 38 46 32 39 39 41 26 47 34 37 45 16
39 35 17 38 36 50 10 18 45 37 17 45 18 33 32 40 54 13 42 34
34 36 13 16 27 36 7 5 22 44 16 31 8 11 13 32 41 20 31 23
20 21 11 19 21 21 2 6 23 24 5 26 13 23 10 22 23 14 23 21
27 35 22 17 30 30 7 15 27 37 16 34 15 29 7 38 30 29 32 20
57 52 20 30 42 63 16 31 53 50 31 60 33 47 37 51 53 33 51 35
15 13 8 1 1 11 4 3 9 17 1 9 4 7 6 19 13 6 11 9
55 51 30 20 33 58 22 8 46 58 20 54 39 37 39 49 52 29 47 31
20 26 14 6 19 22 1 13 23 23 15 24 12 28 11 33 21 23 25 5
27 25 14 31 35 26 7 14 18 26 16 25 13 13 5 20 36 18 24 29
3 1 2 1 4 1 1 1 1 7 1 1 1 2 1 4 1 2 6 8
67 54 21 49 51 71 10 29 65 54 44 58 51 40 45 57 65 41 68 42
33 39 20 17 33 30 7 12 22 44 19 38 16 36 13 44 34 32 28 32
1 12 1 3 2 9 3 1 7 10 1 9 3 5 6 3 7 1 7 8
10 7 5 4 4 11 1 1 11 10 1 4 5 8 8 15 13 4 9 8
56 52 34 20 45 66 16 27 54 57 28 60 40 54 32 61 48 44 60 27
5 6 4 4 4 7 1 1 5 6 2 1 2 1 2 7 9 3 8 6
8 14 4 5 6 6 2 3 4 13 1 10 4 5 1 6 7 7 7 11
62 64 40 16 36 59 35 15 39 72 27 61 40 32 31 54 53 28 54 50
48 57 22 26 47 63 20 32 48 51 36 58 38 51 31 59 52 38 51 21
32 24 13 15 11 34 12 5 34 30 14 26 16 16 30 9 33 1 33 24
41 35 40 30 45 47 7 15 48 48 17 46 29 42 32 48 45 36 53 29
22 28 5 16 16 28 7 2 18 20 10 27 17 23 17 24 27 12 14 21
46 43 22 6 20 51 22 11 40 46 24 43 34 33 39 37 38 12 39 16
45 62 12 26 47 47 20 22 30 54 44 54 27 42 28 49 50 40 34 31
51 65 34 10 37 62 23 25 43 67 41 58 29 49 31 59 50 41 51 30
13 20 13 12 13 22 2 1 24 24 8 25 22 29 17 19 16 13 23 10
18 25 17 14 20 16 6 4 20 33 9 20 14 19 11 27 26 13 17 18
40 23 30 22 28 43 8 18 34 32 17 24 29 22 21 41 35 23 49 24
5 8 3 3 3 8 1 2 8 9 3 4 7 8 1 10 6 6 10 4
49 42 19 19 34 46 10 13 32 36 28 41 24 26 16 36 40 35 34 29
37 41 32 27 33 40 5 14 30 43 26 41 29 28 15 43 45 37 45 33
38 24 21 19 23 38 9 20 26 29 8 24 11 14 15 30 35 18 35 31
21 14 12 4 9 13 8 11 4 23 3 17 8 10 1 20 8 14 16 18
51 45 15 42 50 47 10 27 42 39 33 47 35 33 17 43 52 39 45 42
24 16 7 17 14 29 8 20 24 16 9 22 16 17 11 17 18 8 30 17
13 11 5 14 9 16 1 5 20 3 1 14 10 14 7 13 16 8 13 8
