1000 20 11 1451
2 31 5 3 2 1 1 0 15 2 12
3 4 3 0 3 2 9 2 2 5 1
1 5 0 7 1 7 3 4 4 5 1
11 0 6 14 2 9 2 13 10 2 2
3 2 1 1 9 0 5 0 5 1 1
2 3 4 6 5 1 5 5 3 1 3
27 2 13 3 5 7 6 10 6 17 5
1 2 2 0 3 5 6 2 5 2 4
4 2 0 7 3 3 1 7 8 1 4
6 6 3 3 3 2 2 4 0 1 4
5 2 2 3 4 1 1 1 2 7 1
1 11 14 2 3 8 3 4 1 2 9
5 31 10 7 7 5 1 10 5 4 5
5 6 5 5 7 9 1 8 3 5 0
7 3 5 2 9 10 9 1 4 2 2
4 2 18 1 11 4 3 3 3 1 5
9 11 6 5 7 6 0 4 5 9 11
7 9 5 10 10 15 2 10 17 6 19
8 0 7 5 14 5 3 2 2 3 1
13 4 12 13 8 3 10 3 10 9 14
12 2 2 7 8 10 12 7 2 4 2
1 8 0 16 15 3 3 6 3 1 16
3 14 3 4 7 2 29 9 1 6 9
8 7 2 5 4 5 3 7 5 6 1
5 2 6 1 8 0 10 2 6 3 10
12 1 12 19 7 4 12 3 13 7 1
5 1 24 2 8 6 3 4 0 2 11
14 10 13 2 9 15 7 13 4 0 3
22 11 16 1 4 4 2 10 7 3 7
14 2 13 10 7 6 1 4 9 3 3
1 12 13 8 6 1 18 4 8 1 4
2 3 1 8 1 6 0 6 5 6 5
3 6 12 1 3 5 2 12 2 1 2
12 8 26 6 2 4 8 9 10 0 5
0 16 7 3 10 5 5 9 5 24 3
5 1 4 15 7 8 5 3 4 1 2
2 3 6 4 4 3 11 2 4 9 6
3 4 1 4 1 2 5 2 2 4 5
19 8 4 0 5 10 13 7 12 10 12
5 2 8 1 10 7 1 4 2 6 14
8 22 2 10 11 5 7 13 0 3 5
4 0 3 14 18 8 12 7 4 2 15
4 3 8 7 4 17 2 1 3 8 7
2 9 7 6 1 17 3 0 4 7 17
1 6 2 2 20 10 5 2 0 3 11
5 2 6 1 3 4 3 2 3 3 3
9 6 12 4 1 19 10 4 10 25 2
3 3 2 15 10 0 15 12 5 5 11
1 2 1 9 8 0 5 3 3 3 3
5 8 8 1 1 8 12 10 11 8 14
11 0 1 2 7 11 2 9 19 3 6
8 19 8 0 3 6 8 12 25 8 14
1 13 9 16 13 1 8 3 5 10 3
18 1 0 16 2 1 0 3 3 6 8
13 2 6 4 13 1 2 8 1 6 1
0 14 3 1 15 6 2 4 6 3 6
4 3 12 8 0 5 6 3 0 1 3
2 14 1 1 2 15 3 2 6 16 7
15 10 1 7 0 10 1 1 1 1 8
3 4 4 17 3 17 17 11 5 11 20
16 14 4 6 2 2 8 4 19 4 11
2 4 16 25 4 7 15 5 5 2 0
3 12 11 5 14 3 9 2 6 13 13
7 2 3 2 7 9 0 17 1 4 10
4 4 15 5 2 19 7 18 8 7 3
8 3 1 5 12 18 2 12 3 10 11
28 4 1 9 5 5 6 6 15 11 6
0 4 13 1 5 6 1 16 1 3 6
11 5 12 1 11 1 9 2 9 1 6
5 7 2 3 0 6 4 4 1 4 4
15 6 13 15 8 4 3 6 7 13 12
8 4 10 5 1 17 6 2 8 4 2
6 9 19 0 3 6 4 6 13 2 3
14 2 13 6 8 14 3 5 23 8 3
7 1 3 11 10 2 5 6 5 17 1
2 9 2 9 7 6 2 0 5 5 7
5 2 1 14 2 6 6 2 3 0 4
3 0 13 8 3 1 2 5 0 7 1
16 4 3 1 6 0 13 1 13 4 1
1 0 7 2 5 11 7 2 4 3 1
2 2 9 2 4 2 4 7 1 5 2
5 15 20 9 3 1 9 4 18 2 12
2 0 5 6 1 2 10 4 5 3 3
15 19 2 20 2 15 6 10 6 7 4
1 14 4 3 5 0 6 6 15 15 2
0 5 5 6 8 16 5 2 0 1 7
2 2 3 37 0 6 2 2 5 1 1
8 11 20 1 1 15 5 2 6 1 11
13 10 4 3 2 4 7 8 7 2 10
6 2 5 7 0 5 1 0 13 2 0
12 9 5 4 2 5 9 10 2 4 0
1 0 2 1 0 1 17 1 6 3 10
12 2 13 3 6 6 2 5 10 2 1
2 4 7 4 2 11 3 0 3 2 2
12 6 4 11 10 4 6 9 2 7 4
3 4 5 0 5 5 2 1 5 2 8
1 0 10 4 6 11 1 8 19 11 15
11 14 2 8 6 3 14 0 2 23 2
4 20 5 4 6 14 8 15 17 7 8
5 3 24 3 3 13 19 3 7 1 4
4 18 2 6 6 10 22 4 3 7 0
1 4 5 8 1 2 3 4 0 1 2
14 8 10 2 1 1 2 0 1 6 12
5 8 2 11 4 13 20 16 5 2 10
1 5 4 3 1 0 4 5 2 1 0
2 9 13 2 3 19 16 1 12 7 7
2 0 17 1 2 5 0 3 8 2 7
2 2 0 15 7 26 2 17 7 8 11
2 4 0 10 2 2 2 1 6 9 5
12 1 5 3 4 3 0 4 0 4 1
1 2 7 12 11 11 0 18 7 15 11
9 0 4 1 7 2 5 2 4 2 1
7 3 0 5 1 6 1 4 7 0 1
6 19 2 3 15 3 18 8 12 11 4
10 14 7 4 1 10 2 16 8 5 2
1 13 4 0 20 0 3 6 0 3 1
2 7 5 4 3 16 11 8 10 3 1
7 5 6 1 7 3 1 9 19 1 4
18 2 10 14 2 16 10 6 6 2 2
1 2 4 1 5 21 7 1 2 10 7
3 4 11 10 5 12 4 8 3 1 4
4 5 0 3 14 4 3 6 8 9 7
26 3 7 3 7 5 3 22 1 4 6
2 2 2 4 3 0 3 7 0 2 4
6 9 8 6 16 1 26 9 0 11 7
3 18 13 9 18 10 2 1 17 7 10
18 3 16 2 14 8 7 13 10 13 9
3 11 17 7 22 5 4 5 4 17 3
2 5 2 2 2 3 5 3 1 4 3
7 15 3 9 3 1 4 4 7 4 12
12 13 4 13 12 10 11 8 18 6 7
3 12 3 16 6 8 8 1 16 1 3
14 7 1 8 6 2 2 1 3 7 4
4 1 3 5 0 10 7 6 5 8 0
1 4 2 2 3 0 0 4 7 2 10
0 4 0 8 1 3 3 1 1 4 6
6 5 1 5 4 3 9 1 4 3 1
11 2 2 5 1 4 4 2 16 5 3
1 11 1 5 4 2 1 7 1 13 6
1 14 22 2 6 13 5 12 16 8 13
10 1 21 4 10 7 5 13 3 6 18
4 4 1 1 1 1 2 3 1 4 7
6 0 6 2 3 3 3 2 4 1 2
4 9 1 4 0 2 1 2 3 9 4
8 3 4 2 6 9 1 12 2 4 11
2 1 8 7 3 2 7 12 3 8 4
7 2 3 2 2 9 0 4 8 4 9
10 7 8 3 14 2 18 23 2 9 10
3 10 3 9 11 3 8 3 9 12 16
3 6 3 9 13 8 0 18 10 17 7
7 2 6 2 2 13 5 10 2 13 6
3 21 4 5 13 12 9 14 11 6 3
0 4 2 2 9 4 7 7 1 5 8
4 13 5 25 13 13 9 5 5 10 5
3 4 1 6 2 2 2 1 4 5 1
1 0 3 2 12 5 7 2 5 8 8
25 6 4 0 6 16 2 6 11 4 7
1 7 5 2 8 0 4 8 3 7 11
9 1 1 7 4 8 6 2 2 10 7
4 6 5 0 5 7 8 1 4 6 9
2 3 1 2 2 6 4 12 2 12 2
3 5 1 3 3 9 14 2 4 1 5
1 4 11 19 6 1 6 8 6 8 9
6 2 0 4 4 3 4 12 3 0 2
3 4 6 8 24 13 6 6 9 18 5
0 10 11 1 19 4 19 4 20 2 7
6 10 21 6 4 2 7 7 4 9 15
14 3 2 8 2 22 3 4 7 9 10
6 14 11 6 5 3 3 18 3 1 1
2 5 3 12 1 1 2 0 9 1 10
8 9 4 4 16 4 6 5 8 6 6
7 9 0 5 1 4 2 1 2 3 3
9 4 1 5 4 8 5 1 1 6 7
2 4 16 6 13 9 15 12 10 0 4
5 5 1 1 6 0 3 5 1 1 6
10 5 8 10 8 6 10 9 3 9 16
0 9 6 8 12 1 2 9 0 2 0
7 1 2 3 1 2 9 3 6 16 0
22 5 13 4 6 17 6 10 8 12 1
8 2 6 3 19 7 1 5 21 4 0
9 14 1 3 4 1 13 8 3 4 5
5 2 6 2 12 21 20 1 16 10 2
2 7 2 1 2 0 7 3 7 8 5
13 4 3 0 0 19 3 0 4 4 3
8 5 8 3 9 6 5 12 6 7 11
0 2 2 2 2 2 1 5 6 5 3
13 15 6 1 0 3 6 1 8 0 4
9 22 12 18 18 1 3 5 6 7 3
7 4 1 2 5 2 3 3 3 10 4
14 2 2 10 5 10 5 26 3 1 5
12 16 4 2 5 3 7 9 8 0 11
9 11 21 4 2 0 6 7 1 13 1
2 5 9 2 9 1 4 13 8 7 14
2 3 1 2 5 2 7 9 5 5 3
2 6 0 4 5 3 2 3 4 0 1
1 3 7 1 15 7 19 15 12 12 15
2 1 6 0 13 3 9 0 7 1 2
2 14 0 11 10 6 9 6 0 4 12
10 2 6 16 8 27 3 14 8 8 7
9 2 2 11 1 5 3 1 1 5 1
12 2 0 0 6 12 10 11 10 4 6
3 3 1 1 16 1 4 1 3 10 8
6 1 3 7 5 1 9 4 9 5 7
9 14 0 3 25 2 20 2 10 10 7
6 6 4 8 5 8 9 1 3 11 7
5 1 8 6 0 0 0 1 2 4 5
8 6 4 0 4 6 0 2 10 3 9
7 3 3 8 9 10 1 5 0 10 2
6 11 0 3 6 2 12 7 4 7 2
1 3 6 4 0 3 1 3 3 6 0
3 12 1 7 0 6 20 9 23 2 5
12 12 3 8 1 5 18 1 11 9 5
6 7 6 8 13 18 7 8 2 17 2
10 7 5 14 0 6 3 17 3 8 3
13 9 1 2 15 12 7 2 2 9 6
8 4 3 5 8 10 9 11 1 1 2
5 6 11 2 9 10 6 14 5 6 7
6 5 23 1 0 11 11 3 0 6 5
1 3 8 2 5 5 3 3 1 9 4
0 3 2 0 3 1 9 9 3 3 1
3 2 4 6 4 2 3 1 4 12 4
5 0 14 11 26 9 9 7 2 12 2
1 14 2 15 3 9 12 12 4 8 11
8 6 6 12 18 1 5 9 13 3 4
14 15 11 1 6 16 8 14 8 19 9
2 1 0 1 3 12 0 1 1 4 0
5 2 3 6 6 8 5 12 4 4 11
2 8 5 4 5 2 4 4 2 6 4
8 3 19 5 19 1 8 11 1 15 5
0 0 1 5 10 8 9 0 10 7 1
5 2 13 11 7 8 15 4 1 4 7
6 3 2 3 4 4 18 4 2 0 16
11 6 12 9 1 2 4 6 4 2 4
4 6 6 3 3 8 8 3 4 9 15
2 13 6 0 4 5 6 11 9 9 10
9 2 10 1 3 11 19 6 0 6 3
2 4 2 13 8 1 14 6 2 8 5
11 4 2 3 6 21 11 5 15 4 1
5 6 3 0 4 9 7 5 5 3 6
2 8 4 6 2 7 2 5 5 6 3
2 6 1 6 1 4 6 4 2 7 3
2 9 2 4 4 4 1 6 5 4 10
3 4 3 4 10 1 1 8 8 0 4
4 15 5 2 14 4 2 25 15 6 9
5 16 2 1 10 1 3 12 3 4 4
1 8 7 0 7 1 0 9 4 9 6
17 7 1 8 2 2 11 12 1 1 0
9 10 1 22 6 7 11 12 17 2 7
4 3 2 0 1 1 10 1 2 10 10
1 1 3 6 1 3 3 2 6 7 4
8 10 2 7 5 16 4 5 9 3 6
13 13 19 4 14 14 12 8 15 2 8
5 10 11 9 10 6 13 14 22 7 2
1 0 8 1 3 0 8 1 3 9 3
17 9 1 18 12 9 9 0 8 3 2
3 21 11 8 4 17 1 7 4 2 7
4 6 2 9 5 2 3 8 10 3 3
3 9 14 3 14 8 2 11 6 12 2
20 2 9 1 23 7 1 5 5 6 16
3 1 16 12 10 7 2 3 8 16 7
6 5 19 1 16 13 0 10 11 1 5
0 8 10 3 2 9 2 3 7 1 0
3 7 15 8 15 12 9 6 9 13 19
9 1 10 14 0 5 8 4 1 2 2
19 11 14 11 5 2 3 15 2 4 3
2 2 1 3 6 2 2 5 7 9 13
3 3 4 8 2 1 5 11 1 2 7
6 6 0 4 2 5 6 2 0 4 8
4 2 1 3 3 3 1 2 6 5 4
18 2 5 15 9 3 3 10 6 13 3
5 8 5 3 0 1 2 4 3 6 1
3 5 1 9 8 3 1 1 3 3 5
10 9 2 4 3 1 8 4 12 2 1
5 9 3 15 5 2 3 7 4 17 14
2 7 6 19 1 9 5 11 10 19 1
7 3 8 1 8 7 1 1 3 1 5
9 2 18 13 2 11 9 16 3 14 15
3 2 1 14 7 3 3 9 5 13 5
9 1 1 3 11 19 4 6 9 1 1
0 8 2 13 15 1 15 9 4 12 11
0 6 8 1 5 13 8 14 3 6 4
15 9 14 2 21 6 3 4 6 7 16
1 7 3 3 4 3 7 6 4 4 4
2 2 3 13 2 3 3 14 3 4 5
1 8 8 3 3 4 7 5 7 9 1
2 1 4 2 5 1 4 3 10 1 1
5 13 12 5 10 1 8 1 4 9 6
7 3 6 2 12 0 2 1 7 7 5
1 3 2 4 2 2 3 1 9 4 1
0 7 2 3 2 5 6 4 6 4 1
1 1 6 5 1 6 6 2 4 2 1
2 5 2 2 4 4 3 0 1 7 3
12 9 6 4 13 5 8 0 7 9 6
2 1 4 13 7 2 4 0 4 12 5
9 6 3 0 6 4 5 5 2 1 8
3 5 0 0 1 6 7 1 4 0 2
5 3 2 13 8 13 15 16 5 6 19
5 10 5 5 15 7 13 3 13 12 3
3 2 9 7 13 2 7 2 7 6 6
10 1 8 15 4 9 3 6 5 1 4
7 4 1 0 0 8 9 1 0 4 6
19 13 2 3 7 3 0 15 1 3 9
1 1 5 3 9 5 4 4 14 1 6
11 5 6 10 5 1 2 9 2 16 6
1 1 9 7 4 5 13 9 7 7 4
14 4 0 3 4 19 5 0 6 10 3
14 2 6 11 18 2 12 9 10 19 9
11 19 6 9 3 2 9 8 13 3 2
9 15 1 4 8 8 4 8 1 8 14
9 7 3 5 0 10 8 7 0 14 2
9 17 22 15 11 2 1 8 0 14 2
7 13 8 0 12 9 8 15 12 18 9
3 10 6 6 1 2 2 5 1 2 4
15 13 21 1 1 4 13 3 10 19 9
8 13 3 15 8 1 2 9 12 5 8
2 2 4 6 1 6 2 4 2 2 2
1 12 3 3 3 1 1 10 2 0 4
16 5 6 27 3 7 8 2 1 4 15
10 7 3 1 2 10 9 9 5 6 8
5 6 3 15 4 13 10 4 5 18 2
18 2 0 4 3 6 4 5 12 17 4
4 0 1 3 1 2 8 3 1 1 2
1 7 2 5 1 12 4 8 11 7 9
7 8 17 13 6 2 2 2 2 4 4
7 1 2 3 1 5 15 3 5 3 6
8 7 6 1 18 10 4 4 8 4 13
3 8 0 0 4 4 7 1 6 1 3
3 3 3 5 1 4 4 4 5 1 1
4 3 0 7 1 3 0 6 5 11 12
3 13 4 4 6 12 8 2 17 17 6
16 1 9 7 2 3 10 3 14 0 7
3 4 3 12 3 1 7 9 3 1 9
4 2 7 8 4 3 2 3 6 2 4
12 14 1 5 2 8 0 3 16 4 8
20 15 5 3 3 6 5 1 16 9 19
8 2 1 14 5 0 5 0 6 2 7
7 9 22 13 0 1 5 5 16 2 0
3 3 15 1 11 1 4 1 6 6 4
2 6 4 9 4 0 4 7 5 4 2
1 6 6 6 4 1 1 0 4 3 3
4 10 29 14 0 5 10 4 14 3 8
1 1 11 9 0 4 18 20 9 19 10
9 24 12 14 9 2 1 3 15 10 13
1 0 7 3 10 2 5 3 9 8 1
2 0 12 9 1 10 1 13 9 7 15
9 5 6 12 7 12 0 3 7 4 2
10 12 15 21 13 3 7 15 6 7 4
10 10 3 17 5 8 1 6 19 2 1
4 3 2 1 7 2 1 2 5 3 7
2 8 8 8 9 0 1 5 22 12 9
2 7 4 16 5 11 3 5 12 5 4
9 6 7 9 13 25 9 6 8 2 14
12 15 8 3 2 8 8 14 6 0 6
5 5 0 2 0 5 3 6 6 2 1
1 3 3 11 15 12 2 23 4 22 7
5 3 7 13 3 13 13 15 7 5 11
4 1 4 2 2 5 1 3 4 12 3
7 5 0 7 4 4 17 7 6 1 5
5 7 1 6 17 12 19 1 3 15 2
12 7 4 3 20 6 3 3 6 1 11
2 4 3 4 1 0 2 1 0 6 9
16 6 6 19 9 2 11 4 20 8 5
1 7 1 13 2 4 15 12 5 11 2
8 3 5 10 8 3 7 2 9 7 5
3 6 3 3 8 7 4 2 8 3 7
6 3 4 10 5 6 10 3 9 3 4
16 6 3 2 0 4 3 3 6 2 5
5 3 0 10 16 3 2 1 8 10 4
7 6 9 6 9 14 2 2 20 5 0
0 6 10 15 2 10 2 0 7 19 0
2 9 18 1 5 14 16 1 2 2 3
6 2 3 4 1 2 3 3 3 1 3
9 8 5 4 13 6 16 10 2 3 11
0 1 9 5 3 8 12 14 10 7 12
3 4 16 2 6 0 3 1 13 3 5
4 4 9 6 6 3 14 12 6 3 19
1 0 21 10 10 17 17 12 5 8 6
0 1 12 8 9 1 10 2 10 1 5
16 4 6 11 7 7 3 14 16 2 7
2 2 3 4 2 11 1 7 19 3 10
1 3 0 5 0 4 3 0 6 9 4
5 5 19 9 2 4 1 8 0 5 3
18 10 1 14 1 7 8 7 18 0 2
14 5 1 6 3 4 10 6 10 13 18
6 12 0 0 6 1 1 2 12 3 0
9 15 5 13 5 17 5 5 20 9 7
9 3 12 2 10 4 5 2 1 1 12
6 7 22 0 7 11 6 11 1 20 13
2 11 13 2 13 12 1 0 0 7 14
4 1 2 17 3 7 8 13 1 1 2
12 9 25 1 15 10 5 3 1 14 6
15 4 9 9 8 19 6 8 15 8 0
9 1 6 10 10 1 7 13 5 1 3
10 17 3 2 4 11 4 4 4 0 6
14 3 12 11 11 18 9 6 4 13 6
10 4 0 3 4 0 5 1 6 0 5
14 14 0 4 0 12 5 11 2 16 3
9 1 10 2 3 13 2 9 12 4 3
3 3 18 6 2 5 4 3 0 4 7
2 3 16 14 6 11 1 0 2 6 10
9 7 2 4 5 9 20 0 6 6 10
5 3 6 4 1 1 8 14 14 10 18
11 1 23 6 9 3 9 5 1 2 13
6 7 1 3 4 8 4 9 1 12 3
4 3 4 13 8 4 26 8 4 5 4
3 9 0 1 9 6 6 1 6 5 6
0 3 0 3 2 3 2 11 3 9 3
7 3 9 7 0 9 3 10 1 5 3
2 9 0 12 2 7 13 0 6 6 6
11 10 1 10 7 13 18 5 1 3 9
2 4 2 8 3 1 3 4 6 4 0
8 4 19 1 3 0 8 3 2 14 1
11 11 2 5 5 0 3 13 8 1 21
2 2 12 4 5 4 11 4 1 2 2
1 8 8 12 14 2 13 17 11 2 3
0 0 6 1 4 5 2 4 2 8 2
12 8 9 9 25 4 7 4 6 0 3
8 1 2 0 1 3 6 2 3 1 3
12 11 2 13 13 9 6 6 7 15 7
6 9 10 10 2 16 16 10 1 11 10
5 2 2 3 3 2 2 3 5 1 7
7 4 1 6 9 3 0 7 13 17 12
2 16 3 18 8 3 4 15 4 6 2
4 3 1 6 1 7 3 6 1 2 1
4 3 5 1 8 0 5 6 6 16 17
5 3 1 1 6 3 19 6 13 11 14
7 2 16 1 6 4 3 2 2 1 6
2 3 3 0 9 2 5 13 2 13 20
0 6 5 5 3 5 0 1 2 3 1
12 5 8 2 2 18 0 4 2 20 18
7 7 9 0 1 1 1 4 6 15 11
6 3 5 3 6 2 1 3 1 2 0
4 9 4 2 1 11 5 1 4 2 0
2 6 12 5 16 10 4 22 7 2 7
9 2 8 5 4 2 6 6 10 7 2
1 4 10 12 1 3 0 11 5 1 11
4 1 3 1 5 7 3 3 2 9 5
15 3 7 10 2 2 2 3 7 11 4
9 8 13 14 1 22 5 17 3 9 2
2 8 11 4 11 5 5 2 1 2 3
4 18 1 3 10 7 6 3 8 5 13
12 3 2 3 4 12 2 4 2 5 10
3 22 3 2 4 4 13 16 7 19 9
2 5 2 2 1 7 4 3 2 1 1
7 6 12 4 9 17 7 7 22 3 1
4 1 5 11 13 1 4 1 1 3 2
4 5 0 2 7 13 2 4 6 9 19
12 2 8 26 15 2 3 2 9 12 4
8 10 2 10 1 10 16 26 15 6 3
11 2 2 8 12 0 2 7 2 3 18
2 5 3 1 0 0 4 6 7 2 1
6 4 6 1 3 6 3 4 2 5 2
8 2 8 3 8 8 1 11 4 1 10
7 5 6 1 2 7 1 4 3 0 6
13 6 5 9 14 5 2 3 3 11 7
16 4 8 19 6 15 12 17 10 0 6
6 0 28 15 2 4 3 7 11 4 13
2 13 1 4 2 6 5 4 1 12 8
5 0 3 4 1 1 6 2 2 5 3
6 5 1 9 10 4 10 0 2 16 9
5 11 7 6 14 5 11 2 2 6 8
7 7 1 0 12 8 13 6 8 13 5
2 2 2 1 8 3 5 8 2 1 5
4 7 2 5 1 4 2 1 11 6 1
6 22 5 3 2 7 3 2 2 5 4
6 1 5 3 5 4 4 8 0 3 1
25 4 10 11 1 5 15 2 18 11 2
10 1 4 3 3 8 20 8 3 5 3
3 2 5 2 8 2 1 2 4 5 1
11 1 5 8 2 0 5 7 3 5 1
20 15 19 1 4 2 0 4 4 10 16
9 0 5 10 2 4 1 10 4 11 5
1 3 1 5 4 10 1 2 1 1 8
2 5 1 1 11 7 9 5 7 18 11
9 0 4 13 1 3 1 5 4 1 10
4 5 1 8 2 6 1 1 2 2 1
7 3 3 5 2 15 20 6 6 5 3
1 4 1 4 5 9 23 4 0 9 8
17 6 4 0 0 2 13 2 11 9 23
10 1 1 0 4 2 5 6 1 12 10
6 1 13 13 12 6 4 18 2 9 14
6 5 5 5 2 1 3 2 2 3 4
5 4 9 4 12 6 9 3 5 18 1
4 3 1 5 1 1 1 5 7 3 11
1 0 1 5 9 3 2 11 6 1 18
11 2 4 7 6 16 4 7 16 5 5
8 2 5 11 1 3 1 1 3 4 12
7 6 17 17 7 15 2 12 12 2 2
16 17 2 3 4 16 5 0 7 13 19
8 3 3 7 2 13 6 8 11 6 16
1 15 10 1 1 3 0 12 8 4 7
18 1 3 7 12 4 4 5 1 15 0
1 4 0 9 7 10 7 1 8 8 3
8 0 0 7 16 19 5 2 2 8 21
6 5 3 6 2 14 6 11 2 8 11
4 5 4 1 0 1 9 9 1 3 3
15 6 6 3 5 1 6 0 4 1 10
9 12 0 15 4 11 2 0 4 11 11
13 2 10 3 8 0 27 12 12 5 7
4 4 0 2 2 5 3 0 5 2 2
3 20 2 26 13 13 5 2 2 2 8
10 5 8 2 7 1 6 1 9 9 4
1 6 5 3 0 13 7 11 15 21 10
3 4 5 2 9 8 3 1 1 2 6
10 4 5 4 5 4 10 4 6 3 5
0 3 2 2 0 1 8 1 3 1 4
11 2 3 6 9 20 14 3 20 2 7
10 7 16 12 4 1 15 1 1 15 8
3 8 1 3 5 4 21 12 18 16 11
6 12 24 13 5 21 4 4 1 11 5
15 1 19 14 1 4 5 23 7 7 3
10 1 3 8 5 7 2 3 5 0 11
9 12 10 6 1 14 3 4 17 0 22
18 8 11 5 6 12 6 1 6 11 7
4 6 4 10 19 2 12 3 1 5 7
2 4 3 2 7 1 6 0 2 2 0
2 1 2 6 1 26 7 3 9 4 12
13 18 4 2 5 1 13 18 6 0 11
9 7 4 2 26 2 1 7 4 0 7
1 3 3 5 1 3 1 9 2 8 8
2 3 3 6 4 2 2 3 6 3 1
6 11 4 6 7 1 10 6 4 8 6
0 0 6 0 1 2 7 2 1 1 6
3 8 5 2 4 2 6 2 1 4 0
6 7 4 5 2 1 4 1 17 1 15
3 11 2 5 3 6 1 1 2 9 3
3 2 6 4 9 5 5 19 1 11 4
17 5 16 14 1 5 4 10 8 0 6
3 12 2 3 3 4 9 2 5 5 0
2 3 6 11 1 10 7 2 0 3 3
13 1 10 2 3 6 12 10 7 12 8
0 2 1 2 15 4 2 11 6 1 1
11 3 1 5 4 4 3 4 7 1 4
3 7 4 0 1 4 4 1 1 2 4
1 2 1 5 7 3 5 3 1 2 6
7 3 2 8 3 2 3 1 1 3 2
7 14 4 12 16 9 0 11 1 2 1
4 0 10 13 9 9 5 7 17 8 9
11 19 5 2 6 3 5 6 1 6 7
2 6 4 8 2 16 0 7 5 18 12
5 14 10 10 16 3 10 8 10 9 6
6 0 6 10 15 2 4 15 7 3 13
4 5 6 0 1 3 9 12 3 2 2
3 6 0 4 4 0 2 2 3 7 7
9 5 13 6 15 7 23 9 4 6 2
2 7 2 12 7 15 5 5 1 0 1
1 8 10 5 8 2 5 0 5 7 7
9 13 3 2 12 2 7 12 9 5 2
1 5 3 4 2 3 4 5 1 2 7
8 1 1 2 6 5 3 0 3 2 7
2 6 4 17 26 6 2 4 4 1 11
4 7 4 4 1 3 2 2 3 3 2
6 1 11 2 1 0 5 3 8 6 1
2 5 3 2 3 1 3 2 4 6 1
6 11 4 8 10 10 13 6 10 11 4
12 18 5 8 8 8 10 5 4 6 19
6 11 13 15 7 16 4 5 6 7 12
3 2 2 10 7 13 11 5 2 16 11
18 13 7 4 11 18 3 1 3 11 7
2 0 5 5 8 5 4 3 4 1 7
4 0 13 4 5 6 5 7 7 10 0
2 5 2 4 3 2 3 4 13 4 6
10 9 8 7 11 4 11 0 0 2 11
0 11 9 15 8 4 9 5 2 5 3
11 2 4 10 13 5 13 3 11 6 9
3 3 1 4 3 1 3 6 2 4 0
13 6 1 8 3 1 10 22 12 6 12
3 9 10 7 11 1 13 7 13 7 3
7 5 1 5 7 1 11 2 12 5 5
0 3 3 6 7 6 6 0 5 3 4
1 0 18 18 0 9 3 5 1 0 10
3 10 8 4 11 6 11 13 17 7 10
10 20 7 1 17 9 9 3 5 4 15
9 15 3 17 8 5 6 13 11 5 11
1 6 22 10 2 9 13 1 4 1 1
21 3 4 6 8 12 3 12 0 20 2
4 1 6 9 16 6 15 8 11 6 0
8 18 5 15 13 2 15 8 10 5 6
12 7 9 18 0 9 19 4 2 5 12
12 4 8 0 3 10 2 0 18 1 13
14 2 16 7 2 3 14 2 8 2 24
6 4 11 0 2 1 3 1 4 1 5
7 2 3 3 3 0 20 7 1 3 13
9 7 5 1 13 4 3 3 6 14 1
1 4 2 14 7 12 10 17 7 3 0
0 11 0 5 4 8 8 5 5 2 4
6 9 2 22 21 7 2 1 4 13 11
13 1 2 7 3 15 5 3 9 18 7
5 10 0 8 1 9 5 3 8 5 3
1 1 6 4 4 0 15 2 1 2 0
15 11 20 3 1 7 0 1 2 9 18
1 12 4 3 12 2 6 2 7 9 2
6 2 0 5 5 4 2 1 2 0 4
15 9 9 16 2 13 0 16 0 13 14
7 1 10 0 24 9 5 7 7 8 3
2 2 2 2 5 6 3 5 0 3 3
4 2 1 4 6 1 0 2 4 1 1
1 6 5 2 1 8 2 4 4 3 4
16 16 1 7 4 13 11 2 8 14 16
1 3 11 13 4 3 7 0 5 10 3
3 3 6 3 8 1 7 0 3 3 7
0 4 2 5 2 1 3 2 11 3 6
1 9 2 5 4 4 6 0 5 7 0
5 9 1 8 5 0 4 0 7 1 5
2 1 4 4 6 2 12 14 9 5 2
0 15 7 9 4 8 8 14 22 3 3
3 2 2 6 14 13 3 4 9 3 3
19 6 18 5 14 1 5 4 0 8 20
0 5 1 3 1 5 10 4 3 1 4
9 3 20 7 9 1 3 6 6 1 12
14 13 6 7 2 9 6 3 10 5 16
7 2 1 3 3 2 4 8 1 13 6
7 4 2 7 1 7 2 2 0 5 2
22 1 13 1 16 2 2 5 15 13 9
14 9 6 5 8 1 26 1 5 16 11
4 3 2 5 1 2 5 0 2 2 3
1 1 2 6 16 1 3 9 6 2 8
0 1 0 4 1 8 3 2 3 2 3
1 12 1 11 7 9 3 20 2 1 2
3 5 3 1 8 1 3 1 15 7 1
5 16 0 1 7 2 14 3 14 4 0
1 4 7 4 4 11 2 10 1 7 5
4 5 19 1 12 2 14 18 6 10 10
15 1 5 14 1 5 5 4 13 7 3
2 0 6 6 2 2 3 4 3 2 1
16 1 7 0 7 6 10 16 3 3 7
5 5 3 6 14 1 20 0 8 12 4
2 7 5 4 6 5 6 2 8 4 5
0 10 13 3 8 11 10 9 6 5 2
1 2 3 3 12 3 4 6 5 5 7
6 1 1 11 1 4 3 1 1 0 3
2 2 1 1 2 6 2 5 10 2 2
6 1 3 2 6 9 2 1 4 1 4
8 11 5 12 8 5 1 2 13 8 4
7 2 3 1 6 4 4 8 16 3 13
4 5 4 3 8 2 2 5 5 0 4
4 6 3 7 2 1 2 4 4 0 9
17 1 19 13 1 17 3 4 13 11 8
3 9 3 5 1 3 1 8 0 3 4
10 8 10 18 2 4 9 7 5 7 3
1 0 12 5 4 15 8 9 5 17 7
11 12 20 0 9 2 5 2 3 2 14
13 3 7 4 1 12 8 5 1 7 7
1 7 25 10 8 5 7 8 19 11 4
2 5 0 1 1 3 0 8 0 0 0
1 3 7 5 5 6 2 5 4 2 2
13 15 9 18 1 18 8 9 5 3 1
1 3 3 0 5 6 0 6 1 3 2
8 7 6 4 12 2 2 0 1 6 0
8 3 5 2 2 16 15 2 29 5 10
0 2 4 3 4 6 2 5 20 8 11
3 10 4 3 7 1 8 1 3 5 3
0 3 3 3 3 1 1 9 1 7 1
0 1 1 15 9 3 6 1 3 2 11
14 13 6 3 11 1 11 7 22 0 19
2 5 3 0 3 0 8 2 6 3 8
3 1 0 2 4 5 8 2 1 10 2
7 13 9 4 9 5 7 1 17 3 12
2 0 5 0 2 6 0 2 2 6 4
5 10 8 10 16 16 5 6 9 6 10
8 21 9 5 15 11 14 9 6 10 0
4 4 8 5 3 8 9 3 3 4 4
3 4 10 5 4 13 12 5 9 5 11
2 5 5 0 2 3 1 1 0 6 3
1 1 3 20 14 4 1 6 2 6 7
9 14 6 9 21 5 10 3 0 10 7
1 20 4 8 10 1 1 14 2 6 6
7 3 0 8 0 7 5 2 0 3 1
6 3 6 1 3 1 19 10 11 4 9
2 9 4 3 4 10 6 15 1 3 1
8 15 1 1 0 2 12 0 13 3 4
4 15 6 2 19 18 4 13 7 3 5
4 3 2 2 3 3 1 2 1 6 3
4 26 9 10 6 11 8 5 2 10 2
4 1 2 1 2 2 2 3 1 7 6
1 7 3 2 4 1 3 2 1 2 3
4 11 7 6 6 13 4 5 3 4 8
2 2 20 10 2 5 10 4 11 5 3
3 12 1 2 1 7 5 6 10 5 9
4 6 11 3 7 6 10 7 7 2 2
16 13 2 1 9 2 3 7 15 2 3
1 0 6 1 2 2 6 3 1 2 3
10 5 6 2 2 4 17 4 4 7 10
17 0 6 9 3 4 10 3 9 2 17
6 2 1 5 13 3 3 5 3 7 0
0 5 4 1 3 10 5 6 5 13 6
7 3 24 16 2 4 4 13 11 4 8
3 3 5 4 2 0 8 6 10 1 2
16 4 8 7 6 1 2 15 5 6 15
2 4 8 4 15 15 5 8 6 8 24
9 15 5 5 3 8 4 7 5 4 5
1 4 8 2 17 1 10 19 12 1 6
2 1 3 5 3 3 3 4 3 1 5
4 6 17 3 0 4 3 11 1 3 10
4 4 1 6 4 3 1 8 1 5 1
3 3 1 10 6 8 0 5 2 6 1
12 7 6 10 16 3 4 7 9 2 8
7 14 20 0 6 16 11 9 3 12 12
2 19 7 2 8 5 4 3 12 8 10
1 15 3 4 1 1 0 3 5 6 8
13 13 9 10 21 8 9 8 18 4 1
3 2 5 6 4 7 8 8 1 6 1
1 3 2 14 11 18 3 2 2 12 8
2 11 3 11 5 10 12 2 14 25 13
15 13 1 14 18 24 5 1 3 0 3
12 11 5 14 7 12 16 4 5 1 8
7 4 1 1 0 4 7 0 5 4 4
17 22 18 8 3 16 6 5 2 3 4
1 11 4 1 12 6 12 5 0 9 7
2 0 3 8 19 3 1 5 4 1 2
6 6 2 3 4 5 3 4 1 3 5
2 6 2 1 3 2 5 2 4 2 5
10 3 3 9 5 2 1 2 5 4 2
3 2 5 3 11 3 1 8 12 16 17
12 4 2 3 1 0 5 5 2 0 6
19 7 2 2 2 19 5 0 10 5 15
4 5 6 1 3 2 1 1 5 2 1
6 1 4 9 4 0 4 9 9 11 1
17 1 16 13 13 12 4 1 17 1 11
6 6 2 3 0 0 4 7 1 1 4
7 7 5 10 10 2 0 4 8 17 12
5 11 2 6 13 3 2 1 1 0 16
18 7 1 1 8 5 13 19 9 11 10
9 3 2 3 5 2 1 6 9 4 18
23 7 4 1 3 11 6 14 8 5 1
17 12 7 8 6 7 4 0 9 2 9
1 2 2 17 2 5 8 2 3 5 13
0 2 4 1 1 1 1 6 6 6 2
8 1 3 1 0 3 1 2 2 6 2
8 4 0 4 6 3 7 1 9 13 1
2 9 2 7 1 4 1 3 1 0 4
0 7 8 5 5 15 4 6 1 5 6
3 18 2 2 6 7 4 5 9 2 5
14 19 6 7 6 14 22 7 1 10 5
0 1 21 0 10 21 8 3 4 2 3
5 1 1 1 7 3 2 4 4 2 2
8 8 5 5 5 3 5 5 16 19 2
13 18 11 8 2 5 6 9 3 3 4
4 2 3 5 2 1 2 7 4 2 9
7 2 13 3 6 1 4 5 20 26 1
8 7 5 9 5 6 8 6 2 3 5
4 5 7 1 0 7 10 7 3 6 1
6 1 9 1 0 5 1 1 2 1 3
10 6 11 3 4 3 15 3 10 3 3
4 9 5 19 1 17 16 14 3 3 7
3 1 3 3 0 4 10 1 2 2 1
1 7 3 5 9 6 8 6 7 15 4
12 13 3 10 7 11 1 16 15 10 1
2 9 2 1 0 2 4 1 0 5 1
5 14 18 11 2 2 8 2 5 1 2
6 1 5 9 5 3 2 5 1 2 3
19 14 3 1 5 14 5 15 5 5 5
2 0 2 1 0 6 6 4 1 1 9
9 1 5 11 1 8 8 6 1 2 7
5 4 1 1 4 12 11 5 2 3 4
4 3 6 1 3 3 6 8 8 8 0
20 1 2 1 12 8 1 1 10 13 8
8 1 0 1 20 9 3 7 14 7 1
2 12 12 19 12 20 12 12 2 4 5
0 3 3 1 4 8 0 7 1 3 6
5 10 20 5 6 3 2 7 5 0 13
6 10 5 12 11 1 6 7 1 4 8
4 3 12 7 0 2 15 8 7 3 3
4 5 1 3 1 3 3 4 1 5 0
0 5 0 16 6 3 3 3 7 6 1
4 6 10 13 6 22 2 13 16 0 8
1 2 10 13 2 4 8 5 1 3 7
7 10 6 5 3 4 0 1 6 17 14
9 1 4 24 11 3 1 9 3 6 4
8 12 3 2 3 4 9 6 4 0 2
1 3 3 1 2 0 4 5 3 7 7
17 0 1 18 7 6 4 12 8 3 19
13 0 1 0 2 1 6 12 1 0 5
3 13 4 4 5 2 5 1 5 8 1
5 6 4 2 8 13 16 5 9 11 12
13 19 10 4 13 7 3 1 1 19 5
11 1 4 6 2 0 1 4 2 2 2
3 4 20 9 3 6 2 9 4 5 16
5 9 15 5 20 1 11 7 4 7 15
4 4 1 4 5 1 4 3 0 4 5
2 6 1 3 1 1 3 6 3 6 5
3 2 15 7 6 10 1 1 16 9 15
4 7 4 2 5 4 1 1 8 9 6
1 2 15 14 6 7 9 23 2 6 11
5 2 13 4 10 16 8 22 4 8 13
3 3 3 11 2 3 6 0 7 2 3
3 6 7 1 2 1 6 6 1 0 4
9 6 5 5 2 6 6 4 12 1 1
4 1 2 2 7 1 4 0 2 3 4
8 4 3 5 1 4 5 1 6 1 16
4 6 3 4 3 3 11 3 1 3 5
7 5 0 6 2 5 1 7 2 1 3
4 2 4 4 9 4 8 0 6 8 7
3 3 0 2 3 8 1 8 2 1 3
13 17 0 8 4 12 1 17 0 4 5
15 3 11 12 14 6 12 5 0 3 14
9 4 1 4 12 1 0 7 2 7 2
3 12 3 0 4 3 1 3 2 1 2
4 2 5 2 8 3 7 2 3 7 2
1 3 1 1 6 3 2 7 5 8 0
2 2 11 2 11 12 11 7 4 1 4
1 5 1 3 2 4 7 1 1 4 6
11 0 5 8 6 3 6 7 0 6 1
5 10 9 1 10 4 0 2 4 2 7
6 7 4 10 8 3 6 4 1 9 2
10 9 14 10 9 3 7 18 3 10 9
9 4 4 2 6 8 2 4 2 4 1
0 1 5 4 4 2 2 4 8 1 3
9 3 2 5 5 6 6 12 9 19 4
2 2 17 13 6 11 5 4 5 17 9
8 4 6 1 3 7 4 7 2 7 12
7 2 2 2 0 13 1 14 6 6 2
3 1 3 4 5 1 3 2 3 4 6
7 5 5 1 2 3 1 4 4 1 0
4 2 3 4 6 30 2 7 5 7 11
10 7 6 4 4 2 0 15 4 2 6
3 3 7 4 0 1 1 1 6 4 2
7 8 18 2 8 9 7 21 2 2 16
18 11 0 9 4 9 0 3 8 4 12
2 1 4 6 1 7 2 4 2 0 0
1 7 4 5 8 4 4 6 2 3 8
2 1 3 4 7 14 7 2 2 6 1
1 7 3 2 1 4 3 2 1 4 3
1 9 4 2 8 7 2 2 17 5 12
2 9 4 6 4 2 1 11 11 9 8
7 11 1 25 3 6 14 4 2 15 2
17 6 1 7 12 1 6 10 3 5 9
3 0 6 2 11 0 1 2 0 1 2
7 0 5 0 7 2 3 4 3 2 1
15 1 15 10 6 5 1 11 11 5 7
3 10 9 12 7 12 2 10 5 7 12
4 18 7 8 21 5 16 2 8 7 3
12 1 10 6 11 11 7 9 4 5 7
6 4 1 1 5 3 9 3 3 1 16
5 4 9 6 0 0 2 3 5 4 1
13 4 6 0 9 15 16 13 2 1 3
2 6 9 18 14 10 22 12 2 5 2
9 4 2 12 8 1 3 19 21 17 9
3 2 8 12 3 9 23 2 12 15 5
2 11 15 7 5 10 17 4 4 2 3
2 1 2 2 1 4 1 5 1 9 0
2 1 7 9 10 4 6 3 16 24 5
2 1 7 1 9 4 5 1 4 1 7
6 0 6 0 0 0 7 2 4 4 3
7 1 13 3 13 3 7 7 2 2 7
0 1 3 2 2 0 0 4 5 4 4
1 11 6 3 3 3 5 7 4 4 5
0 6 5 8 9 12 13 2 3 9 11
12 1 7 0 10 9 12 11 6 24 6
10 2 6 3 10 6 7 12 1 3 10
3 2 5 3 9 7 16 6 12 27 2
12 8 15 11 5 1 7 8 3 4 11
1 13 3 7 7 0 9 5 4 9 10
10 3 15 2 1 1 6 6 1 4 2
1 3 3 1 15 0 1 7 16 5 5
8 0 4 1 10 9 5 16 22 15 7
17 0 5 9 6 3 3 2 5 6 9
1 1 11 9 1 1 2 3 3 0 4
7 17 1 1 3 3 6 5 2 3 3
13 2 0 11 4 3 13 2 3 5 4
4 0 2 12 8 10 2 7 2 5 5
4 2 9 11 2 7 6 9 9 0 8
16 15 3 6 22 10 7 6 7 2 12
8 1 1 1 13 4 17 10 2 20 13
4 1 5 4 12 0 14 1 15 2 25
6 3 7 16 3 14 7 6 14 12 7
8 4 7 7 17 2 6 0 5 10 24
4 7 7 4 0 5 3 3 8 10 1
0 1 9 1 9 3 6 2 4 2 2
4 1 5 5 2 9 3 1 8 12 4
14 4 3 11 9 15 8 27 0 2 4
17 0 2 6 4 2 12 4 7 4 8
3 1 10 1 1 2 2 1 2 4 1
21 12 7 18 5 21 3 1 1 2 1
20 12 10 2 15 11 16 9 7 0 5
4 3 8 1 1 2 3 0 3 4 3
3 9 10 17 2 4 7 10 6 29 0
7 5 13 3 11 10 15 18 8 8 17
10 0 1 4 7 7 13 3 7 22 22
6 6 5 13 9 3 11 5 1 18 20
8 3 3 8 6 0 4 8 4 5 1
11 4 0 13 1 3 0 3 1 10 5
1 13 5 3 12 3 1 5 8 8 11
2 6 6 3 3 5 0 1 2 2 9
3 0 1 3 3 0 7 4 3 1 4
1 9 9 2 2 3 3 9 7 3 3
20 9 4 13 1 10 13 7 4 1 1
3 11 1 6 13 2 13 0 2 12 0
7 10 6 21 4 11 9 5 1 9 1
5 12 5 16 5 8 16 4 4 4 3
2 14 10 2 18 0 16 7 6 16 4
5 6 3 4 4 10 22 14 6 8 2
17 5 7 15 14 5 14 9 9 1 5
5 6 2 0 2 3 6 5 0 5 5
3 18 1 2 18 3 1 21 3 13 14
3 11 2 9 9 8 11 9 10 5 5
19 4 18 16 1 2 5 0 20 8 10
5 10 6 5 4 1 1 3 8 1 4
4 7 4 7 14 11 11 8 7 8 1
8 17 5 4 8 18 15 6 4 10 5
4 8 10 2 7 18 6 6 15 15 2
2 9 3 3 1 4 7 5 16 3 3
7 11 4 4 18 11 20 16 8 2 1
1 3 2 2 3 7 6 10 18 0 10
5 3 0 0 3 0 7 4 1 3 1
1 9 5 2 7 10 5 0 10 3 0
0 8 11 17 6 7 1 5 0 5 7
0 0 6 6 5 3 0 2 7 7 6
20 8 9 4 9 5 7 15 5 2 16
0 9 11 6 3 0 10 0 4 6 5
7 13 10 16 5 4 21 12 13 10 1
16 19 8 5 11 2 7 2 1 8 7
1 2 2 3 1 6 2 3 7 11 2
3 3 0 2 12 4 1 0 0 4 1
3 7 2 0 10 24 4 6 0 1 23
5 9 3 6 15 11 8 2 7 11 3
7 5 1 3 6 8 8 10 7 15 5
1 5 21 0 8 1 6 8 7 9 18
6 9 15 11 4 16 1 2 5 20 10
6 15 14 2 9 9 19 3 8 6 7
0 3 2 13 10 8 1 2 8 3 8
1 0 19 6 7 12 5 27 1 3 13
20 5 5 4 3 16 1 7 5 2 5
3 6 2 5 8 5 4 11 1 8 0
1 3 5 1 0 1 2 0 1 1 12
16 1 7 3 1 6 1 1 0 0 7
4 8 2 2 19 5 9 4 2 4 7
9 6 6 1 4 3 9 5 4 3 4
2 8 6 1 6 4 4 7 1 1 0
1 4 1 3 5 4 5 2 4 6 1
6 3 27 12 4 12 4 5 11 11 8
7 2 4 22 5 3 1 15 9 16 12
2 2 0 10 4 15 4 8 8 5 4
19 10 9 3 6 1 1 5 0 5 2
8 0 9 2 4 16 3 12 15 20 18
2 7 10 2 10 11 2 6 11 1 0
14 4 7 13 10 8 1 2 1 8 16
17 24 11 7 8 6 5 1 0 6 19
8 1 4 1 2 5 28 7 7 2 2
0 8 2 4 5 7 4 3 12 7 6
3 16 7 1 0 10 11 15 19 18 7
10 13 0 10 1 20 1 11 16 2 2
13 0 22 17 2 5 12 7 3 2 3
7 13 1 6 3 2 9 8 3 4 0
0 11 5 1 2 9 4 2 1 3 8
7 4 4 0 9 3 5 7 2 7 4
12 15 11 7 2 19 3 14 6 20 3
3 5 7 3 1 9 7 1 13 4 18
4 1 6 3 1 3 4 6 7 4 9
4 14 5 1 27 3 10 1 17 2 4
0 21 5 14 3 8 11 5 13 10 13
21 9 18 4 8 6 12 2 16 2 14
14 7 4 6 3 9 17 6 3 15 5
5 9 1 21 5 6 6 8 10 1 8
4 0 1 8 3 1 5 4 10 4 3
6 7 7 1 6 12 4 4 17 2 14
9 2 10 2 10 4 10 4 5 2 4
2 15 9 1 14 7 5 3 5 22 4
10 1 25 9 9 0 8 2 21 3 8
9 2 8 4 9 9 2 5 13 11 0
2 1 1 12 13 3 4 17 13 5 3
1 14 4 5 3 2 2 4 9 6 1
17 15 4 8 7 2 17 15 1 4 4
4 0 3 0 3 2 5 0 4 5 1
16 9 5 2 1 7 5 13 6 3 19
7 20 13 4 12 2 11 4 8 5 12
6 14 7 21 1 12 1 11 2 5 18
4 1 18 0 9 7 9 1 17 9 8
2 7 16 8 7 8 2 7 21 1 4
1 2 2 1 3 2 19 17 0 5 0
7 3 3 11 0 9 4 3 4 4 8
2 0 2 0 5 2 7 1 3 2 6
7 1 5 1 6 9 5 1 4 6 1
6 2 3 2 6 6 4 9 10 4 4
3 3 8 12 14 5 1 5 3 11 2
13 14 4 2 4 10 15 9 20 4 19
12 1 3 0 2 5 1 0 9 9 9
21 11 3 4 6 4 14 8 1 9 9
0 6 18 3 2 18 5 26 5 0 4
9 9 4 3 2 10 14 11 5 3 11
16 10 2 15 7 13 13 16 16 7 5
15 13 7 1 2 1 10 14 6 10 17
2 1 5 1 6 4 2 3 6 3 2
8 3 5 19 6 6 9 2 9 8 2
22 12 7 13 2 4 5 3 1 5 23
17 2 24 11 9 8 7 2 8 10 9
11 4 25 1 2 6 5 3 22 1 3
12 12 11 10 3 1 5 13 9 15 2
6 8 10 7 15 5 5 7 0 9 3
5 7 8 4 16 8 17 8 19 3 4
3 12 11 3 1 2 11 2 2 15 3
6 22 0 1 6 15 7 8 1 16 6
12 9 2 11 3 17 7 6 1 3 5
6 12 2 2 4 2 1 4 0 2 6
14 7 10 2 3 3 1 1 3 19 16
3 2 1 4 2 2 9 0 3 4 7
0 14 5 4 9 4 0 1 8 5 1
7 14 4 1 4 8 14 7 6 16 10
13 1 4 17 1 5 10 2 4 14 8
5 8 6 3 10 4 2 2 5 5 0
1 35
1 95
2 83
2 90
3 45
3 59
5 83
6 61
6 101
7 18
7 24
7 35
8 59
8 88
8 104
9 56
10 93
11 38
11 97
11 105
12 61
13 39
13 63
15 40
15 55
16 58
17 77
17 93
17 116
18 35
18 45
18 118
19 52
19 58
19 90
20 28
20 101
20 110
21 37
21 102
22 48
23 27
23 34
23 67
24 66
24 88
25 75
25 76
26 32
26 70
26 104
27 111
29 89
30 47
30 56
30 64
30 102
30 129
32 80
33 45
33 101
33 132
34 108
36 98
36 119
37 63
37 96
37 103
37 124
38 64
41 61
41 74
41 85
42 64
42 92
42 94
42 129
43 105
43 111
43 131
43 134
46 94
47 126
48 82
48 91
48 121
49 83
51 105
51 138
52 101
52 113
53 58
54 69
54 78
54 93
55 57
56 141
57 61
57 72
59 118
59 146
61 82
61 143
62 69
62 99
64 68
65 99
65 105
65 135
65 156
66 84
66 101
67 86
67 103
67 126
68 151
69 73
69 79
70 73
70 99
70 134
71 121
71 136
71 153
72 92
72 94
72 108
72 136
73 121
75 98
75 142
76 136
77 120
77 130
78 103
78 134
78 176
79 92
79 118
79 121
80 149
80 153
81 104
82 97
83 167
84 166
86 103
86 114
88 106
88 156
89 127
89 145
90 93
91 101
91 177
92 124
92 125
94 191
95 175
96 178
97 119
97 123
97 126
98 179
99 143
99 166
100 102
100 151
100 179
101 144
101 156
101 194
102 118
103 164
104 177
104 189
105 119
107 118
107 120
107 203
108 144
109 110
109 190
110 112
113 117
113 180
113 191
113 192
113 193
114 160
115 155
115 180
116 140
116 157
117 133
117 150
117 164
118 122
118 204
119 144
119 164
122 148
123 209
123 211
126 151
127 164
127 177
127 178
129 161
129 167
130 203
130 214
131 188
131 209
132 139
132 162
133 184
134 155
134 182
135 156
135 207
135 218
137 213
137 227
138 144
138 189
139 215
140 143
141 193
143 176
144 160
145 151
145 178
145 195
145 205
145 225
147 173
147 227
148 163
148 171
148 189
148 231
148 236
149 156
149 183
155 239
156 239
157 209
158 243
159 226
159 252
160 259
166 194
167 202
167 213
167 255
168 169
168 191
168 211
169 190
169 194
169 253
170 201
170 221
171 174
171 221
171 225
171 228
172 183
172 192
172 231
173 192
173 240
174 209
174 226
176 183
176 200
176 202
176 220
176 228
176 237
176 260
176 269
177 199
178 221
178 243
179 216
180 195
180 251
180 268
181 218
181 258
182 234
183 190
183 203
183 245
184 257
186 230
186 254
186 264
187 200
188 213
190 236
191 203
192 269
193 199
193 289
194 237
195 231
195 276
198 204
198 219
198 245
199 263
200 282
200 285
201 259
202 204
203 297
205 210
205 278
206 249
206 287
208 243
208 294
209 228
211 221
212 215
213 244
213 296
214 281
215 277
215 292
216 246
216 289
217 278
218 271
219 234
220 256
220 278
221 241
221 270
221 305
221 308
221 310
221 311
222 266
222 305
223 282
224 297
224 322
225 295
225 306
226 276
227 298
228 245
228 310
229 285
229 312
229 314
233 299
233 328
235 241
235 242
235 273
236 288
237 317
238 266
238 306
238 323
239 261
239 329
240 313
241 255
241 258
241 307
241 319
242 248
243 264
243 282
244 256
244 293
245 340
247 303
247 309
247 311
249 293
250 259
250 292
250 309
250 327
251 287
251 289
251 312
251 342
252 317
253 334
255 270
256 285
256 333
257 282
257 285
258 274
258 350
259 301
260 274
260 328
261 287
261 304
261 358
262 295
263 293
263 320
263 349
264 277
264 282
264 316
264 332
264 358
265 282
265 363
266 361
269 316
270 282
271 277
271 342
272 296
273 371
274 306
275 320
275 339
276 310
276 362
277 296
278 323
278 343
278 363
280 358
281 371
282 303
283 291
283 368
285 315
286 316
287 302
288 306
289 310
289 342
289 367
290 349
291 306
291 358
291 389
292 328
293 311
293 379
293 384
293 390
294 308
295 323
296 335
297 345
298 386
299 328
303 331
303 350
303 361
304 317
304 329
304 331
305 370
306 362
306 395
308 310
309 349
309 353
310 338
311 395
311 397
312 346
312 381
313 329
314 367
314 372
314 405
317 375
317 381
318 327
318 330
318 350
319 361
320 344
320 380
320 407
321 355
321 411
322 373
322 374
323 337
323 357
323 396
324 339
325 397
326 341
326 350
326 407
327 329
327 333
327 341
327 415
328 400
329 381
331 343
332 336
332 402
332 426
333 354
334 399
334 416
335 345
335 381
335 396
335 411
335 418
336 374
337 347
337 364
338 401
339 386
340 353
343 363
343 396
344 381
345 405
347 354
347 408
349 351
349 365
349 424
349 428
350 391
350 395
351 417
353 408
354 373
354 375
355 407
355 415
358 452
361 461
363 386
363 429
364 370
364 402
365 420
365 437
365 439
365 457
366 455
367 371
367 452
368 407
369 466
369 469
370 440
370 461
371 404
372 387
373 456
375 399
375 466
375 469
376 453
378 392
378 457
379 389
379 470
380 450
381 449
382 383
382 389
382 428
382 468
383 469
384 397
384 408
385 394
385 433
385 462
385 467
385 478
386 430
386 439
386 450
386 469
387 445
387 465
388 394
388 445
388 453
388 468
389 401
389 417
389 421
389 441
390 423
391 421
392 397
393 426
393 433
393 476
394 463
395 451
395 454
396 416
397 459
399 471
399 497
401 438
401 493
402 423
403 435
404 471
404 484
408 470
409 501
410 447
412 448
412 476
413 416
413 417
413 469
413 506
414 438
414 439
414 473
415 477
416 417
416 481
416 494
417 491
418 473
423 431
423 446
423 458
425 484
426 460
426 482
426 517
428 508
429 442
429 513
431 439
431 451
431 484
434 462
435 458
435 480
438 448
438 454
438 493
438 528
439 446
440 464
440 537
441 502
442 469
442 484
444 485
445 471
445 515
445 541
446 478
446 489
446 504
447 520
449 450
449 498
449 523
450 502
451 532
453 468
453 515
454 495
454 514
454 524
454 554
455 526
456 474
456 481
456 514
456 536
457 521
457 552
458 539
459 507
459 531
460 525
460 549
461 530
461 545
462 465
462 509
462 520
462 533
463 467
463 482
463 518
464 511
464 520
465 477
465 491
465 493
465 499
466 488
466 504
466 517
466 539
467 518
467 551
468 482
468 510
468 522
468 526
468 531
468 557
468 568
470 519
470 529
471 489
472 479
473 532
474 527
474 566
475 503
475 509
475 515
476 533
476 547
477 522
479 536
479 560
480 559
480 579
480 580
481 498
481 542
481 550
482 570
483 538
483 579
484 533
484 559
485 526
485 529
485 579
486 493
487 526
487 584
488 549
489 501
490 549
490 576
490 579
491 520
491 586
492 501
493 511
493 569
494 497
494 586
495 552
497 523
497 558
499 521
501 554
504 539
504 568
504 600
505 582
506 536
506 590
506 591
507 516
509 543
509 553
509 596
511 532
511 536
512 540
512 603
512 606
513 520
513 531
513 553
513 595
514 540
514 554
514 602
516 529
517 606
518 534
518 558
518 580
519 539
519 549
521 536
521 596
522 584
523 528
523 558
523 563
523 603
525 567
526 543
527 544
528 561
529 623
530 575
531 551
531 582
534 554
534 570
534 589
534 622
535 558
536 554
536 604
537 583
537 604
537 610
537 620
538 577
538 613
539 618
539 623
540 621
541 553
542 614
542 619
543 612
544 546
545 570
545 587
545 635
547 562
547 566
549 643
550 576
550 582
550 620
550 650
552 577
554 591
554 648
555 574
555 598
555 615
556 566
556 649
558 591
559 566
559 582
559 598
560 644
561 595
562 650
563 568
564 661
565 572
565 573
565 581
565 591
566 576
567 624
568 617
569 580
569 649
569 664
570 656
572 617
572 672
573 582
573 649
574 579
574 655
575 653
576 621
577 607
577 610
577 622
578 639
578 665
582 619
582 624
583 596
583 613
583 616
584 636
585 599
587 658
587 664
587 678
588 613
588 625
589 648
589 659
591 631
593 629
593 648
593 693
596 665
598 645
598 695
599 619
599 661
600 610
600 658
600 663
601 662
602 609
602 691
603 692
604 622
605 645
605 664
607 612
607 661
608 707
609 699
610 625
610 627
610 699
611 627
611 641
611 710
612 668
612 698
612 699
613 628
614 637
616 634
618 647
619 651
619 706
620 627
620 639
621 662
621 692
621 712
622 721
623 676
623 683
623 699
625 714
626 646
626 664
626 680
626 698
627 725
629 657
631 636
631 697
631 704
631 729
632 709
636 652
639 669
639 676
639 711
640 645
641 689
641 717
643 671
643 717
644 659
644 667
644 676
647 716
648 724
649 706
649 721
650 703
650 712
650 725
651 667
651 683
653 712
654 712
655 734
657 750
658 722
660 704
660 752
661 698
662 698
662 699
662 706
662 717
663 757
664 725
664 749
665 726
666 721
666 756
667 745
668 694
668 696
668 751
669 679
670 678
670 723
671 693
672 687
673 695
676 724
676 767
677 700
677 722
678 691
678 701
678 703
680 728
681 701
682 686
682 722
683 735
684 691
684 709
684 732
684 780
686 756
687 763
688 722
691 694
691 708
691 769
692 727
692 792
693 709
693 742
695 725
696 752
697 738
697 759
697 789
698 742
699 756
700 706
701 716
701 755
702 747
702 762
704 778
706 741
706 773
707 744
707 757
707 776
708 710
708 722
708 796
708 805
709 758
710 781
710 809
711 782
711 805
712 741
712 753
713 754
715 728
715 730
715 747
716 755
717 731
717 736
718 754
718 759
718 812
718 813
718 815
719 722
719 779
719 804
721 727
721 763
723 792
724 821
726 740
726 821
727 819
727 826
730 747
730 752
730 771
730 822
731 747
731 788
731 800
732 767
732 796
733 795
734 750
734 756
735 755
735 780
736 757
736 793
737 765
737 807
738 787
738 806
738 829
738 830
738 832
740 792
740 795
741 772
742 753
742 803
742 837
743 745
743 788
744 745
744 758
744 814
744 816
744 841
744 844
745 824
746 772
746 820
747 796
748 774
749 798
749 802
749 807
749 820
750 829
751 764
753 766
754 812
754 835
754 845
755 756
755 847
756 774
756 783
756 834
757 841
758 814
759 836
761 797
761 836
762 772
762 793
765 809
766 786
766 795
766 811
766 825
767 779
767 833
767 847
767 853
768 844
768 854
769 794
770 840
770 862
770 865
772 832
773 791
774 870
775 799
776 855
776 873
777 843
778 817
778 820
779 820
779 843
780 818
780 858
781 866
782 879
783 835
784 827
785 864
785 868
786 815
786 877
787 829
787 836
787 837
788 856
788 868
789 870
791 806
792 840
792 844
792 861
793 829
793 860
793 882
794 829
794 882
796 875
797 824
797 871
798 814
798 862
798 898
799 865
800 877
802 814
802 858
802 860
802 874
802 897
802 899
803 846
805 810
805 821
805 831
805 839
805 879
807 884
809 880
810 865
811 819
811 879
811 885
811 890
812 889
814 815
814 849
814 862
814 899
815 856
815 870
816 834
816 882
816 887
817 847
817 869
817 885
817 917
818 850
819 884
819 887
820 889
821 856
821 873
821 918
823 909
824 886
824 920
825 889
825 907
827 871
828 860
828 878
828 915
828 917
830 840
830 902
830 930
831 857
831 908
832 929
834 873
834 926
835 907
835 909
836 899
837 898
837 904
837 937
838 844
838 877
839 902
840 866
841 913
841 932
842 873
843 868
843 885
843 902
843 907
844 846
844 852
844 853
844 876
844 902
844 914
845 868
845 871
845 905
847 942
849 908
850 880
851 861
852 889
852 905
853 920
853 931
854 877
855 909
855 945
856 900
857 899
857 950
857 955
859 869
859 928
859 942
859 958
861 944
861 947
862 878
862 904
863 914
863 934
864 940
864 961
867 948
868 899
869 873
869 891
871 884
871 895
872 897
872 904
873 945
873 969
874 923
876 932
876 950
876 970
877 963
878 891
878 932
881 933
882 957
883 910
883 976
883 979
884 962
885 889
885 917
885 924
886 904
886 920
887 978
887 985
888 914
888 927
888 974
888 985
889 916
889 948
889 961
890 894
890 938
890 943
890 970
890 973
891 901
891 956
894 928
895 910
895 992
896 980
897 899
898 988
899 945
901 916
901 959
901 982
902 906
902 909
902 950
902 974
903 943
903 952
905 958
906 937
906 954
906 996
906 1000
908 941
910 937
911 921
911 934
912 969
913 957
914 941
914 947
914 955
915 971
917 922
919 968
919 986
920 943
920 945
922 944
923 979
925 999
926 948
926 950
927 988
928 996
931 953
932 967
932 969
933 965
935 984
935 991
936 958
937 954
939 960
939 971
940 941
940 984
941 976
941 977
942 954
942 956
942 991
943 968
943 974
944 987
947 956
947 963
947 969
948 950
948 952
951 968
957 975
958 980
962 998
965 1000
967 996
969 995
970 979
979 985
981 994
992 995
996 1000
14 5 23 2 4 19 6 0 5 3 33
2 2 0 1 14 1 13 1 10 2 1
25 0 8 1 3 22 18 8 12 6 12
13 10 4 7 19 2 5 7 9 13 6
13 9 8 3 9 3 1 21 10 8 2
3 1 15 20 5 7 7 5 26 11 4
2 8 20 0 28 5 0 15 6 11 3
7 9 5 6 2 18 5 19 2 19 4
3 5 3 9 0 2 1 8 8 20 1
2 6 3 8 1 13 14 3 9 3 12
17 12 1 13 25 14 6 14 0 28 5
5 9 13 1 31 16 5 27 20 22 3
2 14 3 2 2 9 10 9 12 8 3
18 13 3 8 8 26 10 4 2 22 19
12 4 12 27 12 7 32 24 8 5 1
5 2 0 19 13 26 11 13 1 14 9
10 22 7 5 12 6 3 1 3 10 18
6 14 7 3 3 8 10 4 9 4 5
21 8 8 6 9 18 4 3 14 0 6
14 8 20 7 7 3 0 14 3 21 6
36 51 35 33 36 37 44 42 47 33 44 32 31 32 44 50 20 29 31 41
7 11 4 4 8 5 10 5 11 5 7 4 2 1 1 6 7 1 10 9
9 19 9 3 8 2 10 1 6 1 2 4 3 1 1 4 5 3 5 6
29 48 17 22 17 17 32 20 33 29 15 18 27 25 4 20 31 26 19 21
4 1 7 1 3 4 6 9 12 8 4 1 7 3 1 4 3 5 1 8
12 18 12 1 10 4 13 6 14 9 8 7 10 5 4 9 9 8 6 7
37 71 23 33 37 34 41 34 52 57 25 24 48 26 29 40 43 45 34 23
2 10 2 4 9 1 7 5 14 2 6 2 2 3 3 6 6 1 4 10
17 21 10 3 8 6 15 10 10 10 10 9 11 11 5 9 15 9 8 8
5 19 7 1 2 7 9 1 10 6 1 3 6 1 4 7 2 1 1 1
5 11 5 1 1 2 6 1 5 9 2 1 5 1 1 2 1 3 6 1
10 42 18 20 22 16 17 17 36 19 18 10 18 11 18 23 12 11 15 14
43 65 43 31 31 38 34 35 49 47 31 28 38 32 29 41 23 32 35 26
18 35 15 10 9 15 14 7 20 19 8 5 14 8 5 12 11 13 11 8
9 22 10 13 15 15 21 13 32 15 11 7 15 5 4 11 11 9 7 19
13 32 23 19 21 15 11 27 38 30 23 10 31 22 13 23 16 22 16 11
23 52 23 13 18 26 25 21 37 29 17 19 28 7 22 26 6 21 19 14
46 81 42 44 48 48 58 45 67 51 39 30 54 30 44 43 41 55 38 51
16 24 16 7 12 15 15 16 29 24 9 8 26 11 3 13 4 16 9 13
34 62 31 30 37 30 50 50 57 42 35 37 50 23 21 37 33 43 35 33
20 33 10 12 19 20 31 16 34 19 6 17 21 2 1 8 20 19 14 17
35 45 40 21 36 31 33 37 44 32 18 29 41 19 23 18 20 39 31 31
47 54 31 31 39 44 44 37 51 37 30 36 31 23 17 31 32 33 44 36
14 30 11 2 5 12 13 5 15 16 5 6 10 5 3 13 7 9 9 6
12 21 8 12 18 16 22 23 32 14 21 13 20 8 10 13 12 11 14 19
43 55 31 35 37 18 50 50 55 46 38 34 46 35 9 34 44 42 34 37
11 48 25 31 32 23 23 34 49 34 31 22 40 23 24 28 22 30 26 18
21 59 24 28 23 37 30 24 58 43 15 10 36 19 16 30 33 33 17 21
29 67 25 31 29 41 34 41 56 51 32 29 43 31 30 51 37 37 26 22
18 44 19 16 16 13 26 30 35 30 20 17 34 18 5 29 23 24 12 12
32 39 25 23 30 21 31 34 41 24 30 22 27 22 10 35 30 20 25 26
15 27 10 5 11 4 11 6 9 6 5 9 8 5 5 6 10 9 11 6
14 34 15 17 8 13 5 9 23 22 14 1 15 18 4 18 17 14 15 5
26 62 32 30 32 33 36 38 53 43 37 30 39 36 24 48 42 34 28 22
47 58 43 24 30 36 28 24 38 49 14 10 30 18 32 34 25 33 39 22
21 33 21 16 23 7 28 18 29 19 11 16 24 12 4 9 19 18 13 21
18 28 13 12 19 11 21 16 26 15 18 15 15 9 12 13 13 12 19 15
7 17 9 1 10 6 14 3 11 4 4 7 7 1 6 6 5 3 7 7
37 63 14 31 39 42 50 41 60 38 31 31 36 18 34 40 38 39 29 40
16 40 14 20 20 21 21 24 38 26 21 14 30 10 17 17 8 22 19 19
46 58 44 26 33 41 39 30 52 44 12 29 37 23 22 25 21 34 36 30
38 48 30 28 48 32 42 43 54 31 22 31 43 22 20 17 32 40 39 44
12 46 13 21 25 17 28 11 33 20 16 12 27 7 20 12 15 22 11 18
15 59 23 32 37 34 39 20 45 23 28 23 33 9 36 28 16 30 22 33
22 37 27 17 34 33 23 28 46 22 10 12 30 15 26 18 18 28 23 33
1 15 1 3 3 2 6 2 13 7 7 1 6 3 1 7 1 1 2 3
40 73 34 45 49 42 55 31 53 48 32 20 47 22 39 42 52 44 39 39
43 45 29 29 37 30 40 38 45 30 24 33 39 26 11 14 36 40 41 34
12 12 13 1 9 2 12 8 12 6 1 6 11 1 1 1 6 9 5 6
27 50 11 27 26 27 32 26 43 23 30 15 19 19 21 27 26 21 28 30
24 42 11 19 20 18 33 26 40 29 18 8 24 20 18 23 28 26 12 24
50 78 37 46 44 38 53 48 69 55 47 29 41 39 45 54 36 42 48 49
44 48 44 21 33 22 30 36 44 41 20 23 34 23 18 25 24 32 35 31
21 41 13 13 21 16 34 23 28 25 7 30 32 6 11 12 18 27 15 12
23 32 16 4 7 23 18 19 28 35 7 12 28 13 4 15 12 25 16 9
24 29 25 7 18 24 12 23 33 22 10 7 15 11 17 21 8 12 15 21
11 32 16 15 19 5 18 12 22 13 13 10 19 11 4 15 15 12 11 11
25 48 24 21 32 29 29 12 32 24 11 9 18 5 35 20 19 21 23 25
9 41 13 9 17 25 30 11 29 14 1 19 21 1 16 16 8 15 3 10
48 84 39 58 68 48 67 46 68 47 44 49 58 31 38 30 55 62 60 60
35 59 25 24 35 33 54 40 52 35 31 31 33 18 34 46 30 28 24 36
34 51 34 42 45 14 39 42 49 33 38 34 40 36 1 29 45 35 39 36
33 49 35 18 34 30 28 35 47 36 24 18 36 15 27 28 16 31 34 27
20 43 15 20 13 26 19 10 35 25 10 9 24 12 10 9 18 23 21 12
32 68 29 44 35 32 36 22 53 43 35 14 39 35 22 32 50 41 36 35
33 61 27 29 35 42 37 22 51 41 16 20 44 16 29 12 26 46 30 30
44 63 23 25 38 29 51 41 48 46 25 33 43 24 32 38 41 44 25 34
18 42 20 23 13 17 8 14 33 28 17 4 24 23 7 19 22 22 22 7
14 28 15 10 16 20 23 31 40 26 22 11 28 17 5 27 17 17 10 17
11 28 12 7 11 11 15 1 17 9 5 6 8 1 9 10 7 1 8 10
37 74 37 27 37 31 43 44 52 50 28 33 56 24 25 36 33 50 36 24
10 43 11 23 24 19 32 14 35 19 21 10 25 14 12 23 24 17 9 26
21 48 24 26 24 19 20 29 43 35 34 10 25 32 22 42 31 21 20 21
39 71 33 39 39 25 50 45 63 54 38 20 51 35 33 47 46 50 27 38
36 40 30 9 23 17 28 17 21 35 8 13 32 11 13 13 23 32 28 15
18 33 23 9 17 15 19 16 24 14 10 14 18 6 13 15 8 15 12 13
11 23 12 9 18 1 22 7 18 7 1 12 13 4 1 1 10 8 7 13
17 32 15 12 13 1 13 13 16 21 14 9 20 13 5 15 15 17 18 5
20 23 7 14 17 22 34 31 35 23 21 18 21 13 8 29 25 19 12 24
6 22 5 16 16 6 17 11 26 10 13 5 11 8 6 12 13 7 8 18
7 19 3 3 2 1 4 4 12 13 7 1 6 7 1 7 7 5 8 2
38 67 42 43 51 32 50 54 62 43 51 35 45 37 41 54 42 37 41 40
13 18 6 7 14 4 17 9 15 4 14 11 7 6 3 10 14 4 11 13
45 79 38 38 45 40 58 34 59 49 19 38 41 25 28 32 41 44 38 43
37 40 28 11 20 16 26 20 26 32 18 6 13 15 26 29 23 19 25 22
9 34 14 15 24 18 25 8 33 11 7 8 22 1 15 7 13 17 2 19
39 47 40 36 40 20 42 36 35 31 33 38 37 34 12 27 37 36 34 39
12 63 26 38 42 38 36 32 59 33 35 23 40 24 36 42 31 31 25 31
20 47 15 12 19 31 34 23 38 25 19 23 23 13 19 30 21 19 19 21
12 21 8 7 8 3 18 11 12 9 16 6 11 12 4 17 11 7 2 12
20 40 14 11 11 24 24 9 30 24 9 14 15 8 5 20 17 13 17 12
15 18 1 18 26 18 27 24 27 5 25 21 16 13 11 16 19 14 22 26
11 32 10 12 7 9 18 23 30 26 20 7 23 17 1 27 17 15 7 10
1 22 6 11 10 6 12 2 17 4 8 2 7 4 4 10 4 3 1 10
27 45 23 7 15 21 26 17 32 31 3 17 27 9 5 14 17 27 19 12
1 18 5 5 8 6 7 9 17 6 11 4 10 4 6 10 1 4 3 7
34 62 23 35 36 19 36 37 47 38 38 15 37 28 35 34 32 41 32 34
44 54 40 24 37 40 48 27 40 41 12 27 37 5 28 32 27 35 40 22
52 74 39 44 43 43 51 37 66 48 35 22 37 35 41 41 41 41 40 48
20 53 22 45 46 31 39 39 58 31 43 28 40 35 21 39 46 31 32 37
41 49 29 31 38 35 43 29 47 30 24 29 25 16 17 29 25 25 34 37
12 21 13 4 9 5 13 4 8 5 6 9 10 4 3 9 8 7 6 6
8 46 13 15 16 28 27 22 36 26 19 21 30 9 20 30 9 22 16 10
40 62 27 41 43 43 48 29 56 28 25 30 40 26 17 23 45 39 38 40
4 11 5 1 1 2 5 1 3 1 3 1 1 1 1 6 3 1 1 2
28 57 18 43 45 34 45 36 61 32 43 21 33 28 32 38 43 33 29 45
9 32 12 20 19 8 10 24 28 18 29 11 21 23 14 27 20 15 15 11
47 71 35 47 45 41 49 34 57 45 30 32 51 25 32 12 50 57 44 45
14 21 14 1 10 2 12 7 6 7 4 9 9 4 6 5 6 10 11 6
3 21 1 1 1 6 10 4 13 14 1 6 12 1 1 9 2 4 2 1
48 67 39 34 34 34 33 28 46 44 22 18 48 29 23 20 37 50 42 29
3 11 2 1 2 6 11 7 16 12 5 2 11 1 1 9 2 5 1 4
11 20 9 6 7 8 15 7 11 8 9 8 10 7 1 11 9 5 3 10
63 56 40 29 42 47 45 48 59 53 34 29 37 37 33 42 37 41 49 48
34 60 27 26 16 36 30 18 41 37 20 15 24 25 16 36 26 22 26 24
28 25 28 2 15 26 6 20 29 28 2 2 17 13 15 20 11 17 20 19
20 34 8 21 22 20 28 13 31 12 19 7 11 13 12 17 30 13 13 29
28 38 19 17 13 16 23 25 32 32 26 5 23 27 17 31 26 22 14 19
27 60 17 37 40 29 51 33 53 36 23 31 42 19 16 28 45 36 21 37
14 40 10 24 33 20 30 13 39 22 17 13 24 3 27 7 21 25 19 28
19 46 20 23 26 13 25 16 32 22 15 12 26 17 10 17 25 23 15 18
26 28 21 3 14 18 14 21 25 24 10 6 20 14 13 11 12 20 18 17
36 63 21 31 19 43 37 28 55 51 22 23 47 27 16 35 34 40 25 22
7 12 3 1 3 1 6 1 6 4 1 2 2 1 1 1 4 2 4 1
59 64 43 30 45 50 43 43 62 55 31 33 52 36 23 36 40 49 50 39
52 73 53 40 53 40 46 58 69 54 41 25 52 42 45 52 35 50 42 51
45 74 37 37 43 45 42 51 71 65 33 27 58 38 33 42 49 57 44 35
51 69 59 27 46 38 24 40 53 60 23 15 52 34 39 44 38 50 48 28
5 15 7 2 6 5 8 1 10 3 3 2 1 1 4 6 5 1 6 6
21 42 20 10 22 23 32 20 28 16 16 22 20 5 19 24 9 12 18 20
56 71 40 34 47 41 60 51 68 51 29 33 44 31 29 39 44 45 38 50
40 47 37 30 38 17 45 37 46 30 26 24 26 25 22 31 34 26 24 42
17 36 20 4 11 20 25 16 25 24 5 19 25 3 12 19 9 21 11 5
16 30 8 11 16 6 20 6 16 11 9 7 7 6 7 8 16 11 15 17
6 17 5 4 8 9 10 12 12 3 13 8 8 5 9 11 7 5 7 8
9 19 12 3 12 6 15 5 10 2 3 11 10 1 6 3 4 7 7 5
10 18 13 8 13 12 21 11 19 10 10 12 12 5 4 11 10 6 11 13
21 33 13 12 16 12 31 21 27 21 20 13 19 17 13 26 19 18 10 21
23 34 20 1 10 13 11 3 12 19 1 6 10 1 17 7 6 13 17 1
42 85 46 55 53 46 46 52 76 57 50 28 47 45 52 56 51 53 50 46
27 74 38 43 42 43 38 45 69 57 39 34 58 33 30 40 32 53 46 28
3 14 3 1 5 6 8 2 8 2 2 3 5 1 5 2 1 1 4 2
5 18 4 6 5 6 12 7 16 12 12 5 11 8 4 13 5 1 4 7
14 25 15 1 4 9 9 1 8 11 3 4 6 1 12 10 1 6 10 2
13 41 9 15 13 22 19 10 31 20 9 10 20 7 10 9 12 18 16 10
21 33 11 9 10 5 13 6 19 19 9 7 13 12 4 8 16 15 19 5
5 27 1 7 10 9 16 8 18 5 11 6 8 3 7 9 8 3 5 11
56 69 40 39 35 59 46 43 71 59 37 29 58 40 20 40 42 55 54 40
39 51 38 18 36 31 39 37 42 31 26 27 36 13 31 28 21 35 35 34
54 61 45 25 29 36 30 25 38 44 18 12 41 28 24 24 38 46 40 25
17 46 9 13 20 17 22 1 28 23 5 3 18 6 16 6 18 19 18 12
53 58 40 33 36 43 39 35 58 44 25 19 30 32 28 33 33 36 38 44
14 23 10 5 12 12 13 12 23 13 5 7 11 3 6 3 9 12 13 11
54 69 50 36 52 34 50 41 62 48 24 33 45 27 24 25 39 43 44 49
5 11 7 1 2 1 7 1 1 2 2 3 3 1 1 4 1 2 3 1
16 22 12 7 17 11 14 19 28 16 11 8 15 7 10 7 7 16 16 18
26 59 8 28 31 40 44 33 53 37 25 23 38 18 32 37 37 35 11 34
17 32 13 6 11 18 13 13 24 18 12 8 15 6 14 13 7 17 16 9
12 34 10 6 19 8 25 7 25 15 2 13 18 1 10 4 6 14 12 10
6 27 6 10 16 10 16 11 27 9 12 7 11 2 9 10 5 6 11 14
20 29 13 8 9 9 7 1 13 18 1 1 6 7 7 2 13 15 20 6
14 24 10 19 25 17 27 16 30 6 15 16 12 9 10 13 19 8 14 24
30 49 27 21 28 9 28 30 34 31 23 22 32 24 8 15 28 32 31 21
11 18 7 3 1 8 9 1 13 13 1 1 8 6 1 1 9 7 6 1
51 63 44 25 48 37 35 34 48 45 14 10 48 28 36 31 44 47 40 40
55 55 41 38 51 41 43 62 73 50 48 22 49 49 34 55 50 45 43 55
20 63 32 25 34 28 29 31 47 39 32 26 38 20 30 36 23 33 37 17
19 60 11 24 34 32 46 22 42 27 19 27 37 3 28 17 28 35 18 29
34 53 36 25 15 31 24 17 40 41 21 13 30 26 12 33 24 25 27 15
16 28 18 11 20 12 26 21 17 6 18 20 19 13 13 17 15 16 13 19
29 38 25 3 18 26 22 24 38 30 12 10 26 16 15 24 16 20 18 22
6 20 11 1 3 10 11 1 12 6 1 4 6 1 5 8 1 1 2 2
10 34 12 10 19 16 27 10 29 16 6 15 19 1 11 10 7 13 11 14
40 48 32 36 38 30 31 41 57 37 35 20 38 40 13 32 45 38 33 35
5 14 6 1 4 7 8 4 13 8 1 1 8 1 4 2 2 3 1 1
30 62 26 27 33 32 41 33 49 37 24 31 40 12 19 24 20 37 34 26
25 26 24 3 7 17 9 11 19 21 3 5 17 10 3 11 9 17 12 7
23 28 15 9 18 13 24 10 15 20 12 10 16 6 13 13 19 15 23 14
34 74 24 37 38 40 45 34 57 55 28 22 49 26 29 40 48 49 27 33
36 40 27 17 23 18 25 36 43 40 24 4 34 32 18 33 28 29 21 33
27 36 18 14 21 30 32 20 36 25 13 22 16 10 15 22 18 12 25 20
40 49 19 40 45 34 48 40 61 42 39 18 41 28 25 27 42 42 31 53
15 21 11 4 11 9 13 10 16 9 11 6 4 7 12 15 12 6 13 13
3 40 6 19 21 27 30 11 33 20 13 13 23 4 17 18 19 20 7 22
25 52 20 20 18 29 25 24 43 34 21 15 32 20 15 23 19 28 24 20
9 14 4 1 2 2 4 5 5 6 8 2 1 6 3 8 8 3 8 5
14 35 15 9 13 24 28 20 32 23 16 16 16 11 15 34 11 8 9 18
55 69 57 29 42 38 40 52 61 63 30 32 54 41 26 44 29 48 46 40
11 23 11 1 6 7 11 4 14 16 3 4 11 1 8 7 2 9 10 3
32 58 28 28 24 34 42 20 48 38 13 17 40 22 8 23 37 38 26 24
24 48 19 15 21 34 36 29 43 30 21 24 23 14 21 33 18 20 21 24
27 59 36 21 28 28 25 23 39 47 23 20 34 23 26 36 28 32 37 12
24 42 20 18 15 25 18 26 35 29 24 11 27 21 15 23 19 28 25 18
15 19 9 6 9 8 11 10 16 14 8 5 5 10 4 8 16 10 16 11
7 11 11 1 2 5 6 5 8 4 4 3 5 2 2 7 3 3 1 3
58 64 35 45 50 49 44 53 70 53 45 29 51 44 31 40 48 56 57 53
15 10 12 8 13 11 11 22 27 16 16 5 15 14 3 13 12 11 11 20
32 43 29 20 33 27 34 28 42 22 10 26 24 6 19 13 15 22 28 29
47 79 34 43 43 42 54 37 63 55 30 34 57 27 28 19 49 56 38 42
14 28 14 9 14 9 23 9 16 14 4 16 18 5 1 8 8 14 12 11
24 39 9 21 23 28 35 25 45 26 16 16 23 16 13 17 33 23 19 27
18 18 18 1 16 15 9 17 24 21 4 3 20 7 14 5 3 20 17 13
16 22 6 2 14 5 24 15 20 8 13 12 13 4 4 9 14 6 10 13
56 52 41 24 44 52 41 53 64 50 25 27 44 33 33 43 35 41 46 49
20 41 20 12 26 14 28 13 30 17 11 16 21 2 15 11 12 16 19 16
7 23 7 5 7 4 12 5 12 10 10 8 15 6 5 10 3 5 5 1
10 31 9 10 12 17 19 18 27 13 19 11 17 11 14 22 10 10 8 15
21 36 18 7 12 11 17 7 20 20 1 7 19 1 7 4 9 19 12 9
26 28 17 8 13 21 22 15 27 22 10 12 11 7 10 14 16 11 22 16
7 17 5 2 1 1 4 1 3 5 7 2 4 3 1 8 1 2 5 1
53 55 32 37 45 29 52 41 50 33 37 29 29 36 27 42 47 33 38 47
39 52 23 22 33 33 48 34 45 29 26 33 28 18 20 38 29 27 30 34
42 64 37 28 41 39 40 18 46 46 14 14 44 14 30 18 36 44 33 31
39 63 34 25 20 28 31 15 36 39 14 21 33 25 11 24 28 35 33 19
22 43 23 10 24 33 29 21 48 32 2 12 29 5 21 17 15 27 17 23
19 33 14 14 15 20 23 9 31 19 4 9 16 5 2 6 18 16 12 15
26 54 25 27 23 29 23 23 48 36 20 9 31 25 15 23 29 29 26 21
12 51 21 35 37 25 28 26 47 28 28 20 30 22 22 28 32 23 29 23
7 23 6 4 4 1 3 3 15 12 5 1 7 2 4 6 1 5 6 2
10 10 2 4 6 6 7 4 10 6 5 2 1 4 1 3 12 3 12 7
17 27 17 1 14 5 15 7 13 17 10 9 16 6 13 10 7 15 15 7
48 62 43 30 47 28 26 40 55 53 17 13 49 33 24 26 42 48 47 36
45 63 34 36 43 34 45 31 50 31 21 34 27 20 25 20 34 33 45 38
42 46 34 13 27 27 31 35 43 40 18 15 37 33 16 30 33 35 25 31
46 88 39 45 47 57 54 36 69 63 28 23 53 25 43 45 49 52 46 35
1 12 1 9 8 4 7 1 12 2 1 1 3 1 4 1 5 3 3 8
16 38 11 13 18 16 22 10 29 15 9 10 19 7 8 5 14 17 16 13
13 25 13 1 6 7 9 3 16 12 6 4 8 2 8 12 4 5 7 4
45 64 48 26 42 39 27 38 56 62 23 20 55 36 30 32 41 52 50 22
19 15 10 9 14 6 19 18 24 12 11 6 9 8 3 8 13 11 11 22
27 47 22 31 38 18 37 32 48 26 25 25 37 19 9 18 30 26 28 26
14 32 7 22 29 25 35 24 38 13 23 26 25 5 12 16 15 17 22 26
17 45 21 13 18 17 26 19 28 25 18 18 29 17 8 28 20 21 15 10
12 43 13 19 25 18 27 17 34 15 20 16 19 4 20 18 9 14 21 22
29 47 20 17 20 24 21 21 36 27 20 12 15 17 23 26 19 18 28 23
22 44 5 29 29 24 33 22 45 27 22 18 26 18 7 22 29 22 26 27
36 34 25 17 28 17 31 25 31 22 13 25 25 13 9 10 26 27 30 23
27 47 13 32 34 31 49 31 51 32 29 20 31 16 22 25 41 30 18 42
4 25 4 6 13 8 14 6 22 5 6 2 5 1 6 8 10 1 5 12
16 32 14 6 10 8 11 4 15 10 9 6 6 6 8 15 9 7 9 9
13 23 12 3 10 5 12 1 11 5 2 6 4 1 6 6 7 6 10 7
11 29 11 4 8 13 11 9 17 8 9 8 9 3 12 12 5 7 10 7
22 22 17 4 7 14 12 17 16 18 13 7 15 15 6 15 15 15 9 12
57 64 46 34 28 48 37 41 61 56 36 12 41 43 29 44 37 44 43 42
31 36 28 12 13 30 17 17 33 33 9 9 18 15 16 19 12 18 23 15
18 30 13 2 2 12 1 8 17 21 8 1 10 8 10 13 6 12 12 1
28 40 18 16 19 31 34 18 32 26 6 25 25 9 8 18 29 25 19 15
54 65 41 38 44 30 57 45 62 45 31 34 42 36 19 30 49 42 38 45
13 23 8 10 20 13 20 12 21 10 13 13 12 1 15 6 8 12 21 15
10 18 6 1 6 1 9 3 6 3 7 5 4 3 4 7 4 5 6 5
21 48 19 15 26 26 37 16 39 20 14 14 25 9 22 22 24 19 9 26
45 77 42 47 55 55 56 61 86 60 44 34 57 42 41 55 54 53 40 50
61 67 46 42 39 32 45 47 63 54 40 20 45 45 24 44 51 47 45 43
8 16 2 6 8 1 8 7 16 12 11 2 6 5 5 9 5 5 12 7
36 49 34 25 35 32 48 41 54 38 15 32 40 19 12 26 33 35 23 39
29 66 32 35 39 35 39 27 49 35 28 24 36 21 33 33 25 31 25 31
25 30 19 7 12 12 21 17 16 16 14 11 15 16 9 18 21 16 14 15
33 49 34 17 18 22 8 22 37 42 16 1 28 25 15 24 23 30 29 15
32 64 26 30 39 47 34 52 65 54 26 27 57 26 34 44 29 49 32 38
35 56 37 26 36 14 28 34 38 40 25 18 44 25 21 25 30 39 32 20
29 55 32 32 33 35 21 39 56 45 30 10 42 40 26 37 41 39 27 28
8 27 11 12 8 8 9 9 19 9 15 1 7 11 5 21 11 3 2 11
42 74 47 39 57 41 46 51 66 48 40 29 56 28 41 40 41 54 49 46
20 40 18 21 24 9 31 20 31 23 15 22 28 15 3 16 22 19 19 19
35 67 34 27 23 34 32 29 49 51 16 25 44 24 16 38 34 39 28 14
19 30 14 10 16 14 19 21 22 17 18 15 19 9 19 14 11 20 21 16
15 27 11 4 12 9 16 3 14 9 4 9 12 6 4 3 13 12 12 5
6 25 9 6 14 12 19 5 21 6 3 10 11 1 9 5 4 4 8 10
7 15 5 2 3 3 8 6 9 7 7 4 6 5 4 7 5 2 6 5
44 60 32 19 26 28 37 32 40 51 14 28 45 21 17 24 34 46 30 21
13 25 12 3 3 11 10 3 10 13 9 4 8 5 7 15 5 4 9 4
11 19 17 2 8 7 12 10 12 8 2 9 15 1 4 5 3 10 5 3
19 25 12 6 10 16 27 17 25 17 15 11 11 10 9 25 17 8 8 18
37 60 36 18 33 26 37 22 30 35 15 23 37 10 28 19 22 37 37 19
53 66 43 34 39 24 42 24 34 42 23 20 35 31 23 27 47 42 43 32
5 24 8 9 7 10 11 11 26 17 10 4 18 6 4 13 2 7 1 6
40 87 42 51 54 40 50 37 65 54 34 36 59 32 32 32 48 58 57 33
32 38 25 8 19 8 20 15 18 27 4 13 23 12 10 3 20 27 25 10
20 35 13 19 23 27 33 21 40 28 16 11 29 14 15 15 27 26 9 32
54 53 41 25 45 39 39 41 49 39 22 32 43 26 26 21 36 48 49 37
24 47 17 28 22 24 21 13 41 26 15 7 21 19 15 18 29 23 24 21
32 71 40 29 40 49 34 53 70 57 31 26 57 29 37 52 28 49 38 36
8 19 7 1 5 4 8 3 13 5 4 2 1 1 3 8 7 1 7 5
29 39 23 17 18 14 21 12 22 21 8 17 21 19 7 9 24 23 25 12
15 27 10 5 5 4 8 8 16 14 12 1 5 8 5 17 10 4 11 9
12 10 7 4 6 1 13 14 14 9 16 4 7 12 5 16 13 6 4 14
27 43 32 15 24 23 25 27 42 35 20 15 28 14 19 27 12 21 24 18
14 21 13 1 6 13 11 16 23 22 11 4 19 11 5 14 3 12 9 10
9 10 7 1 4 3 11 8 6 3 11 4 3 8 2 12 7 2 5 10
11 20 11 6 9 8 11 7 14 6 9 5 3 6 5 14 11 1 9 13
2 13 2 4 7 1 9 1 10 1 6 2 3 2 1 6 2 1 1 7
2 14 6 1 2 2 3 1 8 5 1 1 1 1 3 3 1 2 5 2
23 40 23 6 17 26 25 25 42 32 13 14 28 11 13 24 10 21 16 19
20 28 20 3 17 1 17 12 16 18 4 11 20 5 8 4 9 19 16 8
6 26 7 2 9 14 15 8 24 12 5 7 14 1 7 10 4 8 4 6
5 13 8 9 12 7 12 7 15 4 8 5 4 5 5 9 8 1 6 14
45 71 37 51 53 49 58 43 67 41 33 40 54 27 27 26 47 55 52 51
48 46 35 20 35 30 35 35 50 38 26 15 31 25 25 31 30 31 31 39
21 26 18 6 18 10 18 24 29 21 16 10 25 15 6 14 13 18 14 16
18 45 15 18 21 9 30 19 33 25 13 19 28 16 4 16 20 20 12 18
8 25 7 13 20 15 23 9 26 9 7 12 11 1 9 8 11 5 12 17
29 54 23 18 14 42 28 23 44 39 7 23 32 9 21 26 20 29 20 11
22 26 14 12 16 9 21 24 31 19 22 8 18 18 14 21 18 15 5 22
29 52 25 8 18 21 27 12 22 35 6 16 32 8 15 16 18 30 24 3
27 35 11 18 21 10 22 20 29 19 22 15 17 19 5 17 26 18 24 19
8 43 10 17 23 25 33 13 37 27 10 13 26 3 20 15 21 25 11 23
58 65 40 25 46 46 52 48 55 57 24 31 58 30 31 34 48 57 49 36
39 52 27 21 26 30 44 33 41 36 27 27 25 24 20 40 27 23 26 31
31 59 29 22 29 39 38 26 48 37 15 26 29 8 30 25 12 29 30 27
27 49 21 14 24 23 30 7 26 25 6 13 19 5 18 14 21 22 24 17
48 76 58 32 39 38 34 42 52 67 25 32 54 34 30 38 33 52 50 21
55 72 41 36 39 48 41 35 62 58 27 15 42 30 36 38 40 44 45 37
11 25 12 1 4 6 9 1 10 7 3 4 6 1 6 11 2 1 3 1
43 78 42 45 53 52 54 52 66 58 45 39 54 32 48 61 50 49 52 34
45 56 35 20 27 30 41 36 42 40 22 28 32 24 22 30 29 33 29 29
9 19 8 5 8 2 10 1 9 3 6 6 6 2 2 6 5 4 4 6
18 27 16 5 5 16 9 4 15 15 4 6 4 6 11 14 9 6 11 5
30 70 32 40 49 34 61 44 61 40 30 50 53 20 17 32 33 42 36 41
18 45 9 17 22 27 29 15 36 20 14 15 15 9 15 18 21 17 20 21
37 56 33 29 41 23 43 19 34 29 13 19 32 10 22 15 37 32 34 30
35 51 19 19 28 25 41 25 35 40 16 20 32 14 28 30 32 33 22 23
4 7 1 1 5 1 11 1 8 1 1 3 1 1 1 1 5 1 3 6
21 41 10 14 20 17 25 12 25 10 14 8 10 11 19 15 20 17 13 22
19 47 32 19 22 14 21 23 35 32 18 19 35 19 12 26 19 24 20 8
12 22 2 12 19 13 25 14 26 5 15 16 13 7 4 11 15 6 13 18
23 46 22 16 29 35 27 32 50 29 20 12 35 18 23 29 18 26 20 33
6 12 9 4 8 7 8 8 17 6 7 2 3 4 6 11 7 1 4 11
7 15 7 2 6 2 10 3 6 2 7 4 4 3 1 8 6 2 2 7
16 33 11 4 14 9 15 9 11 10 9 12 16 2 14 5 7 17 18 5
44 60 37 30 43 29 47 30 48 38 26 15 30 18 42 36 35 32 31 38
20 40 7 17 23 16 40 31 40 23 25 23 28 15 13 30 27 20 6 21
19 32 15 11 21 11 25 14 20 12 9 18 17 9 7 6 18 17 18 14
12 25 12 7 10 4 15 12 16 11 14 10 17 10 5 14 10 8 6 8
26 50 21 18 23 26 38 27 40 26 20 20 21 14 25 34 18 17 13 25
32 71 28 34 41 43 57 46 63 48 37 36 41 17 46 55 23 38 29 44
14 26 17 8 20 9 29 19 25 16 9 20 25 10 6 9 14 17 12 16
30 55 38 30 33 18 35 37 42 40 36 22 38 38 22 45 41 33 28 26
13 25 19 12 15 9 8 24 30 27 21 4 24 20 8 22 13 19 16 12
17 26 16 3 10 8 14 9 11 11 9 9 11 9 4 13 14 11 12 9
4 17 11 1 3 4 6 4 9 5 8 4 8 4 3 12 1 3 2 1
41 72 47 48 55 32 51 55 63 45 51 41 48 45 37 51 53 42 44 44
59 72 37 47 46 40 50 36 49 46 42 28 52 40 24 39 57 54 60 37
58 84 57 44 50 44 59 63 69 64 49 44 62 42 46 58 32 57 48 47
16 15 8 1 2 2 8 14 16 15 12 1 10 10 1 12 7 8 7 11
29 61 22 34 31 23 31 29 39 28 31 21 34 27 21 27 32 36 34 26
21 45 22 19 20 19 29 21 32 23 14 17 30 14 9 21 21 22 12 20
53 74 54 35 37 34 38 45 65 64 27 30 54 42 14 36 43 51 49 32
38 53 32 23 26 15 41 32 39 35 22 19 30 25 15 31 32 29 20 31
8 17 10 4 8 11 11 14 17 11 11 7 14 6 9 10 6 9 7 7
42 52 34 18 25 14 29 34 36 36 30 12 35 24 30 32 26 35 24 23
28 43 21 18 24 7 29 20 30 18 15 13 18 17 11 17 26 20 14 26
38 71 32 43 55 53 61 48 71 44 40 39 59 21 37 30 43 50 35 55
31 61 26 28 25 39 37 26 53 39 22 24 28 24 20 37 29 22 25 26
9 18 8 5 6 9 10 6 9 8 8 3 5 8 3 10 10 4 7 10
61 73 55 39 44 48 42 29 50 55 16 13 56 30 30 26 49 62 53 34
40 65 25 44 44 36 49 33 56 31 30 31 43 31 19 23 46 39 41 42
10 23 6 1 5 1 4 1 7 11 5 1 5 1 7 5 3 6 10 2
26 33 14 16 26 23 33 22 32 17 19 24 23 16 7 18 27 18 21 23
42 45 33 23 42 38 36 27 47 34 13 16 38 16 21 18 30 38 35 35
26 47 29 13 28 40 28 37 51 34 18 20 41 20 24 33 18 32 20 30
3 17 4 1 6 5 9 2 7 1 3 6 5 1 6 2 1 4 6 2
53 65 39 33 41 26 59 54 61 52 35 36 51 33 24 39 47 47 34 43
40 42 26 21 26 19 26 18 27 23 12 20 20 19 8 12 32 28 36 22
22 32 17 6 15 10 27 20 27 20 13 15 23 10 6 16 15 16 13 16
8 21 10 3 9 8 13 12 20 5 9 3 9 3 5 11 5 4 1 12
20 29 14 12 21 8 29 19 27 11 16 16 17 10 4 14 20 9 13 22
4 28 4 2 6 16 18 11 19 11 5 11 13 1 7 20 8 7 1 6
30 27 28 3 18 14 17 23 23 26 7 9 27 15 11 10 13 25 20 18
32 53 29 31 29 23 39 32 48 36 31 10 38 28 24 37 32 33 15 35
29 51 32 25 30 13 28 16 22 28 15 11 29 16 16 22 27 29 27 18
17 44 22 38 38 28 28 28 54 26 30 17 30 22 21 32 33 26 26 29
6 16 6 1 5 5 12 2 9 5 6 5 7 2 3 7 3 2 2 4
36 51 25 26 34 44 38 33 57 34 24 28 39 21 17 25 25 34 33 32
34 51 15 34 31 25 35 30 47 26 33 22 28 28 18 25 35 29 35 32
13 30 19 18 18 8 17 29 32 25 30 8 23 26 15 32 21 18 13 15
27 51 24 33 34 34 38 36 49 29 36 30 39 22 18 29 29 34 36 30
42 72 35 52 55 40 43 45 69 50 40 33 55 40 27 31 57 57 48 40
24 26 20 17 23 10 26 32 35 20 27 16 26 20 8 23 25 19 15 22
40 64 29 30 29 31 45 38 53 45 24 26 45 31 19 36 40 42 22 28
26 44 15 26 29 16 34 26 34 18 29 13 21 23 27 25 30 25 19 32
12 20 12 4 10 4 11 6 9 8 8 7 7 6 9 8 5 9 11 9
14 45 21 17 16 10 10 14 21 25 15 11 23 18 7 19 20 20 21 1
42 58 28 28 35 26 53 38 48 38 21 29 33 24 22 38 43 34 21 39
29 57 23 21 35 35 49 35 44 34 27 34 37 10 30 31 27 36 34 30
20 20 17 7 7 17 17 19 22 20 14 6 10 12 14 24 12 8 9 16
45 77 37 36 47 30 59 36 61 47 29 24 42 25 40 38 39 41 30 47
9 37 16 17 21 22 24 26 43 26 20 15 34 12 12 21 9 23 14 16
31 79 41 44 48 44 35 31 58 54 28 19 52 24 42 36 41 51 49 21
19 52 30 28 32 33 24 31 52 33 21 14 35 15 29 27 13 32 27 27
29 38 21 23 24 9 28 14 29 22 7 18 21 17 1 1 29 22 25 21
32 72 47 31 45 46 34 41 68 61 27 23 56 30 39 42 36 50 40 27
38 71 26 37 38 36 54 39 58 52 31 25 48 27 28 38 49 50 24 41
27 35 21 12 14 18 23 19 32 30 10 14 29 18 1 13 22 25 18 14
16 45 19 16 23 29 32 17 40 23 12 17 18 6 22 26 10 12 10 22
33 71 30 31 45 35 48 34 60 50 21 26 54 17 24 23 40 49 30 31
6 19 10 1 10 14 21 13 22 14 9 12 16 7 7 15 8 8 4 11
38 67 33 25 32 43 42 15 42 44 7 20 30 11 33 27 31 35 34 23
14 41 2 19 13 13 22 15 32 23 18 2 16 19 9 22 24 16 9 18
5 36 15 15 20 5 12 13 26 15 16 11 21 12 9 16 12 13 12 4
17 53 27 32 35 14 28 29 42 27 23 23 38 19 18 19 23 33 26 20
22 44 13 25 33 32 41 29 47 20 25 28 28 13 14 25 22 23 25 32
32 53 22 27 28 26 36 28 40 33 32 19 30 23 26 28 27 33 35 29
19 57 30 33 39 33 39 44 60 42 36 37 52 24 25 35 30 41 33 23
21 39 17 8 13 15 15 2 21 23 1 3 11 5 13 7 13 14 18 9
42 45 25 27 35 25 39 33 41 31 24 31 34 25 1 20 36 33 36 32
13 21 15 5 12 14 13 14 27 14 7 4 11 5 10 12 6 8 8 15
17 23 10 4 2 7 4 1 8 14 2 1 3 7 5 2 9 11 16 1
14 40 9 12 11 10 16 2 20 17 6 5 14 9 1 9 13 12 11 6
23 31 18 16 27 14 29 18 29 9 12 20 14 9 9 12 19 13 20 24
31 55 21 28 40 39 51 30 55 25 15 33 38 9 18 20 30 32 26 34
10 14 9 1 5 1 9 5 3 2 5 5 5 2 1 7 7 3 5 5
15 40 22 18 23 15 17 18 30 34 21 11 28 15 15 24 22 23 28 7
28 58 33 24 27 45 42 34 48 39 27 32 39 19 29 38 23 36 31 28
11 21 10 15 15 4 14 15 26 13 16 8 14 9 1 11 15 8 13 11
51 43 37 27 26 32 30 36 49 38 26 17 36 38 9 29 42 37 34 34
6 17 1 2 1 1 1 1 9 9 4 1 2 1 1 4 1 2 6 1
34 49 36 14 28 33 23 38 50 41 12 14 43 25 16 36 28 33 21 28
2 13 1 2 6 5 12 3 14 6 4 4 6 1 2 7 4 2 3 6
45 64 41 17 38 36 44 33 49 46 9 25 42 16 25 24 30 41 34 31
42 77 29 43 50 42 51 28 59 39 29 30 45 23 31 26 43 44 43 39
6 18 6 3 8 8 14 9 14 7 10 8 11 5 8 8 6 4 4 7
41 53 30 18 28 30 36 29 33 38 23 19 38 18 31 26 27 40 30 21
48 54 44 25 24 27 29 26 39 41 15 23 29 25 13 21 28 34 37 25
13 23 11 8 12 7 16 1 12 8 4 8 9 5 1 5 10 8 8 10
25 44 24 16 28 26 28 24 32 33 23 15 33 9 28 22 17 32 32 21
40 46 18 30 39 31 44 42 48 33 38 28 34 25 27 30 35 37 40 40
7 33 16 17 18 12 15 20 35 26 21 11 28 16 12 22 13 17 12 7
26 45 27 18 25 30 22 21 35 34 17 15 31 9 25 14 17 37 36 19
3 16 8 2 2 3 3 1 7 2 4 2 4 1 1 8 1 1 1 1
18 74 23 36 40 44 46 20 46 42 23 22 48 2 41 31 25 43 30 24
19 45 17 12 17 21 18 15 23 25 20 10 26 10 23 24 13 20 22 9
3 12 5 1 1 3 5 1 8 8 2 1 8 1 1 4 1 1 1 1
2 21 7 6 9 10 13 1 17 3 4 1 2 1 6 11 5 1 1 12
42 60 43 34 31 41 28 34 59 45 30 10 46 42 17 36 41 44 35 35
18 31 8 6 7 8 22 16 23 23 17 9 17 15 5 21 16 13 12 13
18 42 17 18 17 13 17 18 22 16 17 16 24 18 7 15 19 22 19 9
10 24 6 5 10 2 10 4 17 12 4 2 8 1 8 4 3 7 9 7
25 48 20 11 18 17 30 22 26 31 16 23 32 14 15 27 20 26 18 13
42 85 39 47 41 41 46 24 60 55 28 24 52 31 26 30 50 53 42 35
12 25 20 8 11 11 7 13 29 18 9 1 17 9 4 15 5 11 6 9
26 42 26 19 28 30 33 31 44 24 20 20 23 11 24 26 9 18 23 33
5 39 4 12 16 20 27 11 31 14 6 14 21 1 12 10 9 15 8 13
60 70 47 42 46 53 48 35 53 51 34 30 40 31 42 41 40 45 60 39
4 15 7 6 8 5 9 1 10 1 4 2 1 1 2 7 5 1 2 9
32 58 28 37 36 24 43 35 57 42 36 9 40 32 25 38 44 37 21 41
21 21 23 7 17 11 19 18 24 21 7 12 26 12 4 7 10 20 14 16
12 44 18 22 27 26 28 22 36 20 18 15 26 2 27 16 12 26 21 26
49 58 44 22 36 26 43 47 51 55 28 32 56 36 13 31 35 49 37 35
59 70 37 44 38 44 56 34 59 43 35 21 38 40 18 42 56 44 45 49
18 39 21 10 22 29 31 27 35 27 13 25 37 4 14 15 7 32 21 17
11 14 8 1 6 8 9 8 6 6 12 1 1 10 4 15 13 5 8 11
3 21 1 3 2 3 6 1 13 9 4 1 5 1 1 7 1 1 3 3
17 43 13 19 14 23 21 19 37 27 17 13 28 15 11 16 15 21 14 13
1 25 2 4 5 7 9 1 16 7 6 2 8 1 3 10 1 1 1 2
30 50 31 8 23 28 27 26 38 36 10 21 40 11 18 21 13 34 21 15
52 80 37 53 49 47 67 49 77 55 37 42 62 42 22 38 65 57 38 51
29 67 32 40 44 24 42 47 52 42 45 37 49 41 28 40 42 43 41 32
20 37 19 6 19 14 18 5 22 15 2 9 8 1 20 9 4 9 18 12
4 13 1 1 5 1 11 1 8 3 2 2 3 1 1 2 2 1 5 4
31 42 31 16 33 26 35 22 33 28 11 21 34 4 21 9 18 30 30 20
27 37 24 12 25 26 25 23 43 25 13 15 26 8 14 15 9 17 20 22
37 39 24 15 29 29 28 26 41 31 16 13 26 16 17 18 26 25 29 29
9 12 4 1 4 5 5 4 14 9 1 1 5 1 1 1 6 6 4 3
14 20 10 3 4 6 13 8 9 7 11 3 4 8 6 16 7 5 5 10
19 41 21 15 18 21 24 10 31 22 13 14 13 8 18 24 1 6 16 18
11 23 6 5 5 7 12 4 16 16 5 4 11 7 1 7 9 7 9 6
49 67 24 41 46 30 58 51 57 48 41 37 50 35 27 50 50 48 34 44
27 42 7 24 27 26 36 22 40 26 22 24 23 18 5 22 28 21 28 27
11 15 11 4 1 7 7 11 13 15 11 4 12 7 1 11 5 9 8 6
12 27 5 1 6 7 19 4 13 15 4 10 14 3 1 10 9 11 9 3
26 76 34 36 39 46 38 48 61 57 38 39 51 21 45 56 25 44 38 23
27 47 17 10 15 13 21 10 20 28 9 16 24 13 11 13 17 24 23 7
4 22 7 9 14 8 15 5 18 2 3 8 10 1 9 1 4 7 2 9
30 38 23 17 31 24 26 23 32 25 14 10 25 7 22 14 21 27 30 24
14 36 10 9 16 10 26 15 20 13 10 21 24 7 7 10 11 17 12 10
8 19 13 6 9 6 13 3 8 4 3 8 9 1 2 6 4 6 5 6
23 41 6 25 31 25 37 16 37 16 20 18 21 13 7 17 31 20 21 32
29 40 16 26 35 24 35 24 40 19 19 25 23 12 12 14 25 24 30 30
24 54 19 30 38 43 52 45 52 34 38 39 39 16 35 45 30 38 34 40
13 32 6 2 14 13 19 9 22 21 4 10 19 1 14 5 7 18 18 7
45 73 44 40 39 35 38 37 61 55 29 26 58 35 20 27 34 55 49 32
7 23 11 3 8 9 15 1 14 9 8 8 12 4 6 12 3 4 5 5
31 40 29 18 26 21 24 21 32 35 16 7 31 13 13 19 20 26 27 19
10 23 7 5 11 10 17 12 12 4 13 12 13 6 10 10 8 9 10 10
20 34 19 17 19 24 22 25 31 22 19 19 27 12 17 15 13 28 21 19
26 52 14 20 28 21 42 23 43 30 20 13 31 17 20 24 32 30 11 29
10 35 11 11 17 13 26 14 21 11 13 21 25 5 10 12 5 16 14 10
36 68 37 42 36 26 38 36 55 46 31 20 46 39 18 32 49 45 29 31
28 78 35 38 51 56 62 40 66 49 30 38 49 10 53 45 27 46 37 47
23 56 14 26 35 29 46 25 42 22 25 24 29 14 26 25 28 31 25 35
27 45 22 19 14 25 15 21 30 27 23 11 16 24 18 31 20 15 24 14
36 47 27 11 25 28 33 24 34 43 6 21 40 7 18 19 22 39 23 16
22 29 20 14 22 10 25 18 25 14 11 12 15 9 10 11 19 18 16 23
22 57 28 30 48 43 48 32 60 39 21 28 51 8 37 17 23 48 31 43
22 56 17 24 30 29 35 10 37 21 12 17 25 9 23 12 24 28 25 24
10 18 4 4 7 9 10 2 11 7 5 2 1 4 1 5 12 3 12 7
7 37 13 12 18 26 32 24 38 23 17 23 30 8 17 27 12 19 10 15
27 59 31 23 35 27 41 24 42 30 11 28 34 8 27 18 16 31 28 27
47 59 24 37 35 44 51 52 65 52 44 36 49 42 11 45 50 46 40 38
1 10 5 3 4 4 7 3 9 3 5 1 2 3 1 6 2 1 2 7
47 63 52 39 55 40 54 43 64 42 24 38 48 27 27 25 29 44 38 51
11 27 10 2 5 10 17 16 25 22 13 5 17 9 6 21 7 11 8 9
40 64 27 34 40 31 42 21 38 32 23 9 30 20 38 29 42 38 35 31
5 20 10 6 10 9 11 8 23 10 5 3 12 2 5 6 1 6 1 9
10 27 7 6 12 12 22 14 27 13 12 13 15 4 2 15 11 5 8 12
1 4 1 1 6 1 8 1 7 1 3 2 1 1 1 2 2 1 2 5
36 55 21 39 48 36 62 43 66 35 38 28 47 23 31 31 46 43 21 51
34 62 36 31 44 30 44 36 50 42 28 34 50 22 24 31 33 42 42 22
59 65 36 41 47 41 51 43 55 46 40 27 42 36 36 39 51 49 52 43
36 88 49 49 58 40 49 38 68 59 33 36 58 28 46 37 47 51 44 38
43 78 42 43 33 35 42 40 58 60 36 30 56 47 15 46 55 55 48 28
7 33 7 8 16 11 25 15 25 9 10 17 22 1 7 11 5 14 4 11
28 77 35 45 49 43 60 44 66 41 44 32 48 26 46 54 34 41 27 49
21 62 22 23 31 30 37 28 52 38 18 21 40 11 26 34 24 33 16 22
33 34 29 9 31 26 26 29 38 23 10 18 32 14 13 13 21 26 26 26
1 3 6 1 2 2 5 3 9 3 1 1 2 1 1 3 1 1 1 3
22 49 12 34 44 29 48 27 45 16 32 28 32 9 33 15 35 30 23 44
43 62 34 35 33 56 50 40 64 46 35 37 42 30 28 45 36 39 42 38
29 40 29 6 20 36 12 29 39 36 8 7 34 22 21 27 19 29 20 20
16 30 9 4 7 9 10 3 9 10 6 8 7 4 9 4 7 13 15 2
10 15 11 1 6 4 10 8 7 5 10 7 8 6 1 11 8 6 5 7
27 37 21 5 17 20 25 15 30 23 11 15 16 4 14 16 13 13 19 13
1 11 1 2 8 1 8 3 13 1 6 3 4 1 3 4 3 1 2 5
9 20 13 5 8 10 12 6 17 12 8 5 8 5 7 14 7 4 9 9
17 37 18 16 24 19 35 25 33 17 29 16 24 15 25 31 14 19 12 26
19 33 21 8 12 13 14 6 18 17 6 9 9 1 16 15 1 10 15 10
37 47 30 20 15 22 18 11 36 39 14 7 30 22 12 15 24 32 31 17
27 64 27 28 31 25 37 36 45 40 24 30 43 30 14 37 39 37 22 20
13 20 12 6 10 11 15 9 18 9 7 7 1 1 6 14 7 1 12 14
14 32 15 18 24 7 25 10 24 8 8 14 15 8 7 9 17 12 13 20
29 55 14 24 28 27 35 30 46 38 27 23 33 22 17 27 32 31 33 23
20 13 15 3 5 14 1 14 18 19 3 1 12 15 1 5 13 16 12 11
7 22 6 1 5 8 17 9 17 11 5 9 13 3 1 12 6 6 1 6
2 15 6 1 5 5 5 1 11 2 3 1 2 1 5 8 1 1 1 4
8 13 9 1 9 4 12 6 16 5 1 6 10 1 4 1 3 6 2 4
7 18 10 1 7 6 16 3 10 7 2 9 12 1 1 5 3 6 5 4
39 49 38 17 24 33 24 22 40 38 3 15 29 18 13 18 21 28 26 23
40 59 27 30 36 14 41 39 49 39 30 18 38 31 22 26 36 39 28 36
22 46 20 9 16 28 28 18 38 32 11 18 21 7 19 25 5 16 19 14
29 63 25 26 38 31 35 13 29 24 17 16 33 7 35 19 29 37 30 22
51 56 40 20 34 33 35 42 51 46 25 21 35 29 24 33 32 33 38 34
35 47 28 19 26 31 28 31 43 35 20 19 43 27 14 20 26 37 31 26
16 26 10 13 9 15 12 7 20 15 12 5 9 13 3 12 18 9 17 10
12 23 14 4 10 11 14 9 15 11 8 10 12 4 13 9 4 10 11 6
45 59 34 35 41 41 39 44 61 50 34 28 48 38 8 38 41 45 43 37
22 38 24 20 27 18 29 13 31 17 5 13 23 7 13 9 24 23 11 24
16 34 22 9 15 15 16 19 30 22 18 10 22 12 14 22 9 17 13 11
35 38 27 10 13 32 24 25 38 36 13 11 20 19 11 26 21 21 25 23
5 19 6 1 7 5 10 1 10 1 3 5 4 1 5 4 3 2 3 3
1 15 2 1 6 6 12 6 19 8 2 5 11 1 3 3 1 4 1 3
42 54 45 26 44 33 28 44 51 36 18 24 48 30 26 26 30 43 35 40
4 17 8 1 1 5 6 1 6 2 4 1 3 1 2 9 1 1 1 1
7 20 3 5 5 1 11 10 14 13 16 1 10 12 1 17 11 4 8 8
4 11 5 1 1 3 4 2 4 4 5 1 1 1 1 8 1 1 5 3
41 47 27 16 29 25 35 25 42 28 17 16 24 13 18 22 27 24 26 31
33 69 35 32 43 46 55 42 63 41 30 42 42 8 32 39 18 35 37 39
29 72 32 35 42 29 43 33 57 38 26 23 45 19 27 28 31 38 29 34
36 54 27 30 46 27 45 24 41 26 16 25 37 6 29 9 32 38 36 31
29 68 28 27 36 46 44 29 61 49 16 25 46 7 37 32 20 39 18 31
9 20 8 4 11 5 12 10 21 8 9 7 14 3 5 7 3 8 1 8
16 34 11 10 12 1 10 13 21 24 16 1 16 15 3 16 15 15 17 9
12 19 6 1 7 3 14 11 12 5 12 3 4 8 8 14 10 3 2 10
18 39 20 14 23 29 32 26 46 23 15 22 33 6 12 19 8 21 15 19
32 43 30 19 24 14 26 24 37 28 14 19 24 13 8 18 21 20 24 21
34 39 19 17 31 26 41 39 47 27 23 27 36 18 11 20 25 31 24 33
11 15 8 1 5 5 10 3 7 9 4 5 6 4 1 5 7 5 9 5
41 59 25 28 25 41 49 33 50 36 29 27 38 26 17 34 41 40 37 32
44 42 29 20 26 24 31 36 43 35 31 16 28 29 16 33 33 30 28 30
21 22 12 8 16 14 28 21 28 15 16 13 15 10 8 16 17 11 11 19
10 21 15 8 16 7 17 12 22 9 10 10 13 6 6 11 9 10 8 14
23 58 29 38 43 13 34 33 44 29 30 31 40 28 19 21 33 35 30 26
51 61 35 35 35 36 40 43 61 45 37 20 37 36 29 36 38 39 38 41
32 59 34 30 43 50 43 46 69 43 29 29 42 20 34 41 15 32 35 45
49 68 40 31 36 37 49 41 57 45 25 34 40 28 23 31 34 40 39 38
20 46 32 39 42 23 32 34 45 25 35 29 33 29 17 34 37 29 31 28
46 72 33 32 36 46 46 23 46 55 9 23 50 14 32 29 41 53 31 22
47 39 24 23 33 25 34 39 43 34 27 20 33 32 10 25 37 34 34 39
57 57 40 27 41 41 51 48 58 46 30 37 42 34 20 35 35 38 42 44
34 69 23 40 47 34 57 40 59 32 32 44 47 22 13 30 36 38 37 39
11 47 9 26 25 22 37 32 46 25 31 15 31 19 23 36 20 24 10 29
15 58 25 38 45 37 53 51 60 35 47 45 52 25 26 47 35 41 36 34
2 22 8 8 9 8 10 10 20 14 15 4 15 11 5 18 6 5 5 5
22 36 7 22 30 29 38 25 38 18 25 29 27 13 12 18 23 22 30 27
28 36 27 6 15 25 16 19 29 35 12 6 28 13 15 21 12 25 20 15
38 45 30 32 29 25 34 23 40 26 16 18 28 24 5 14 42 32 31 33
18 29 18 12 20 14 22 12 28 12 9 12 8 6 13 15 15 6 13 20
55 71 58 30 53 41 44 47 60 54 23 33 59 32 35 29 34 55 50 45
26 56 18 18 34 27 46 17 36 29 12 17 36 6 28 21 31 33 20 23
19 33 17 8 17 13 24 9 21 9 8 8 9 6 10 15 15 7 10 19
15 14 7 14 17 10 21 15 23 9 17 15 14 10 1 12 15 9 15 17
18 77 37 39 40 44 39 42 61 50 37 39 50 20 42 52 22 43 39 23
24 24 24 1 10 16 12 17 24 22 8 4 11 8 11 18 6 12 16 17
5 14 8 2 6 4 12 3 14 8 2 6 11 1 3 2 1 4 1 3
45 95 42 44 43 49 52 32 63 56 22 36 60 26 35 34 43 59 46 31
36 49 28 20 30 29 17 34 50 46 18 4 36 33 21 31 32 35 32 34
8 17 7 6 8 3 8 5 15 8 3 3 5 3 4 4 6 5 7 8
8 9 10 1 3 5 8 8 9 9 6 5 10 4 1 6 4 6 3 3
5 24 7 7 8 6 8 2 14 3 8 2 3 4 6 12 6 1 4 8
38 74 34 36 53 52 65 42 63 41 27 42 46 9 45 39 32 43 39 45
16 33 20 13 19 1 17 17 22 20 13 11 20 13 4 13 15 18 20 12
8 19 12 7 13 10 17 15 25 13 13 10 17 6 8 11 6 9 9 11
13 18 10 4 11 7 18 13 14 5 15 9 8 11 10 16 11 7 5 13
10 20 14 2 7 7 11 5 14 9 5 4 4 2 6 12 4 5 9 9
10 19 15 1 8 8 16 8 15 7 4 6 11 2 6 11 5 4 1 7
31 26 14 15 13 16 20 19 27 20 19 11 15 21 3 15 29 18 25 19
49 62 39 38 36 24 42 35 52 40 32 18 28 36 27 41 42 30 35 40
22 26 18 11 21 16 21 19 30 15 10 5 21 13 11 11 19 19 9 26
30 73 43 36 47 51 46 55 71 61 36 42 66 25 41 50 31 58 41 33
6 13 4 5 10 4 11 3 13 1 4 5 1 1 1 3 7 1 5 9
20 53 30 25 31 29 29 40 48 38 35 29 48 27 22 36 26 38 26 17
26 66 26 28 37 40 54 37 56 33 30 36 36 14 33 45 24 29 26 37
20 33 12 2 13 13 18 4 16 23 3 8 16 5 14 4 12 16 19 5
12 29 13 8 12 10 19 4 15 10 4 11 13 1 4 9 7 9 9 9
42 61 26 24 36 34 37 52 58 60 33 20 55 33 35 44 38 52 29 31
44 65 35 31 44 52 56 44 60 49 35 41 55 21 27 44 34 48 43 34
1 9 4 1 4 1 9 1 5 1 1 1 2 1 1 1 1 1 1 2
27 25 21 5 19 20 15 23 27 22 11 11 24 18 12 11 17 25 18 18
7 16 7 9 12 4 13 4 14 1 6 6 5 4 6 5 6 4 5 11
42 52 41 29 22 33 30 17 41 35 11 16 28 22 14 22 31 32 30 26
21 19 16 8 9 9 16 21 19 20 19 1 12 15 12 22 14 16 10 18
34 26 21 19 23 25 33 32 38 24 25 15 15 18 17 29 23 14 21 32
16 40 11 15 13 13 14 5 24 18 7 5 13 10 10 9 14 14 14 10
41 59 38 38 36 41 26 42 60 50 40 21 49 41 21 35 42 49 52 29
28 47 15 16 22 11 38 26 33 29 17 22 27 18 11 26 28 26 16 24
7 14 4 1 4 1 8 1 6 4 7 4 6 3 1 7 3 2 2 2
26 49 14 26 21 33 31 26 52 38 18 21 35 18 11 24 29 29 24 19
38 32 27 13 31 27 31 31 36 29 22 19 32 20 11 21 25 30 31 30
12 24 13 5 11 8 14 12 22 9 12 6 10 8 7 17 9 4 6 13
24 43 21 23 21 21 19 22 41 27 20 6 17 17 10 24 27 18 22 22
14 18 10 1 8 9 8 13 19 13 6 3 12 6 3 4 5 11 9 9
10 20 11 6 12 3 18 5 12 7 1 11 13 3 2 2 6 8 5 8
12 13 4 7 6 3 10 10 12 6 12 1 1 11 5 12 13 4 6 14
1 17 3 5 7 4 11 4 18 7 4 1 7 1 3 5 2 2 1 7
35 48 30 14 18 18 30 26 35 33 17 17 26 17 18 29 18 24 17 22
24 40 13 20 24 21 33 30 38 26 29 15 26 21 23 27 24 26 20 28
7 16 9 1 1 5 5 6 11 9 5 1 8 2 1 8 3 3 1 2
10 26 12 3 12 11 17 8 13 4 10 12 13 2 10 10 6 8 5 6
33 83 29 45 52 31 54 45 63 52 36 35 58 31 39 42 51 55 31 37
16 29 14 3 5 12 10 1 10 10 3 6 6 5 9 11 8 7 10 3
35 59 30 25 29 20 37 29 42 38 24 28 33 25 10 27 32 30 32 25
27 58 20 30 38 21 32 17 39 33 20 10 32 16 25 18 35 34 31 22
16 56 34 28 33 40 31 42 60 44 33 29 46 21 31 45 19 35 29 21
10 45 4 14 19 18 31 11 35 18 8 15 21 2 11 13 15 15 11 15
44 68 47 37 43 19 33 46 53 52 41 21 44 42 33 45 48 48 42 31
5 9 2 1 1 4 1 1 1 2 1 1 1 1 1 1 4 1 2 1
7 20 7 5 4 1 6 5 13 8 8 2 8 5 1 9 3 3 2 4
35 74 32 40 42 38 55 32 58 45 25 34 41 24 21 32 43 38 31 41
8 17 6 5 4 4 2 4 11 8 4 1 4 3 2 5 6 5 7 4
12 22 16 1 2 15 9 9 20 21 3 3 18 4 1 11 1 11 6 4
39 64 23 51 56 35 66 46 69 37 51 32 46 36 41 44 51 43 37 60
28 43 17 22 25 10 30 29 34 24 31 12 22 22 27 27 23 25 23 29
16 22 18 5 11 14 16 12 24 16 10 8 10 4 10 16 7 7 13 12
13 18 6 1 1 5 3 1 3 11 2 1 1 4 1 3 7 7 12 1
16 24 18 12 23 8 26 22 28 12 8 20 25 6 7 2 10 21 15 18
48 70 43 41 49 53 66 65 78 59 50 42 55 33 46 60 41 50 42 55
5 15 5 5 13 9 13 12 17 2 13 8 6 4 8 11 9 3 9 13
14 19 10 9 14 4 14 8 18 14 6 7 8 1 9 1 9 10 17 13
32 54 31 30 34 31 44 43 59 37 37 23 37 25 32 44 23 28 24 39
3 16 1 3 3 1 1 1 9 4 4 1 1 1 2 4 1 1 4 1
37 62 31 24 39 37 40 34 56 37 22 16 43 23 29 27 32 37 26 41
58 69 46 39 47 53 47 46 68 57 34 31 46 37 32 44 35 46 49 49
10 30 8 14 17 7 20 9 26 10 13 9 12 6 4 12 11 3 9 14
23 49 14 32 37 24 40 31 47 18 33 22 30 20 20 26 32 24 25 36
5 17 6 3 2 5 2 1 8 7 5 1 3 3 5 9 1 3 7 2
39 42 33 18 30 15 27 31 35 33 15 25 36 22 11 8 24 36 31 25
45 58 42 17 39 39 34 36 55 44 11 24 40 16 28 28 20 33 36 33
46 53 42 20 23 37 26 25 39 40 16 23 31 22 24 26 18 33 34 19
9 22 11 7 14 7 21 3 14 6 1 10 12 1 1 4 8 7 7 11
33 40 9 27 29 30 38 33 43 27 36 24 27 30 14 29 36 24 32 33
23 40 22 20 15 24 18 6 32 22 8 6 14 15 11 16 24 17 21 18
24 28 16 16 22 24 34 25 34 19 22 17 11 15 19 30 19 9 18 29
37 58 34 26 34 46 28 27 58 44 16 8 35 27 30 28 33 33 27 39
6 16 5 2 2 4 6 2 8 8 3 2 4 1 4 4 2 3 7 2
43 65 41 34 40 30 42 30 50 42 24 27 34 20 30 32 23 32 37 35
4 14 1 1 2 1 5 1 6 4 1 1 2 1 4 1 1 1 4 1
5 13 10 1 4 7 6 3 11 5 4 2 3 1 6 9 2 2 3 4
15 45 16 14 21 19 25 10 35 16 9 9 20 3 17 15 10 12 8 16
23 41 22 28 31 8 24 32 36 24 33 20 24 27 12 29 35 22 27 22
21 36 14 12 19 18 25 17 28 14 15 11 8 11 19 21 16 9 17 24
18 31 15 16 15 13 17 21 31 20 21 7 16 16 3 21 21 11 15 17
34 43 24 14 17 33 34 35 43 41 19 17 26 19 24 40 26 27 14 26
3 11 1 3 6 1 7 2 12 4 6 1 3 3 2 6 5 1 4 6
22 45 10 23 28 30 37 27 42 23 28 28 28 15 15 27 21 22 28 26
20 49 12 25 34 29 50 39 47 25 29 38 39 10 21 33 25 28 21 32
18 17 14 1 5 9 9 9 16 19 1 2 15 4 1 1 2 13 10 6
19 40 15 11 23 15 19 9 24 19 12 6 14 9 20 14 19 17 20 17
38 73 42 44 43 30 42 45 57 51 43 36 52 50 25 40 52 48 45 31
12 13 3 2 5 1 14 8 11 5 13 3 2 9 1 12 14 1 5 12
27 62 23 24 21 38 35 31 46 42 23 29 46 19 19 33 25 41 28 16
29 66 35 38 47 46 42 42 62 45 35 26 49 27 39 34 33 50 40 48
24 51 22 15 22 27 31 16 37 28 15 19 19 13 19 29 14 12 18 21
44 40 31 25 24 35 26 36 52 41 30 10 34 40 15 32 41 35 32 35
8 17 6 2 8 2 11 4 11 4 6 7 7 2 5 6 4 3 3 4
16 51 23 26 23 23 18 21 35 27 25 16 29 24 19 25 23 25 27 11
13 21 9 1 2 6 8 1 5 11 1 4 7 3 1 2 7 8 9 1
20 29 17 11 14 6 16 10 15 15 4 11 15 5 4 5 13 15 14 10
31 45 27 6 21 30 30 33 41 33 15 19 38 21 13 27 22 30 17 22
36 83 38 50 56 51 45 41 74 55 40 31 49 27 47 41 43 48 51 38
35 50 29 24 27 29 32 36 47 34 32 20 24 22 33 38 14 24 25 33
15 29 15 4 10 15 13 10 15 9 10 11 5 2 16 17 1 4 12 8
60 73 49 35 47 46 52 59 72 63 32 27 52 43 32 55 51 49 42 53
20 31 11 13 17 8 20 8 21 17 10 11 12 9 4 8 17 13 18 15
32 53 32 27 42 26 38 23 43 32 13 22 41 11 27 6 26 42 26 33
55 71 45 44 60 41 63 44 55 40 30 32 44 20 48 41 46 48 48 48
40 66 42 33 51 53 55 42 70 53 14 34 55 16 36 28 39 50 28 49
38 64 31 35 46 42 58 41 64 35 26 41 46 20 22 33 38 37 30 42
3 17 5 5 10 8 15 6 16 7 7 6 7 4 4 10 7 2 8 11
34 86 42 49 55 50 58 43 74 56 34 42 56 28 44 54 41 47 36 40
31 35 23 13 25 25 21 22 40 25 11 13 18 8 17 14 13 19 26 24
27 23 24 3 16 15 10 22 22 21 7 8 24 15 9 13 16 23 16 16
7 25 10 4 8 10 13 4 18 9 3 6 10 1 7 8 4 2 5 6
4 13 7 1 8 7 9 5 13 3 6 3 4 3 7 10 5 1 4 7
10 24 12 1 5 8 17 11 12 13 6 12 17 3 1 12 6 11 6 4
33 46 24 17 24 25 27 29 31 36 25 13 32 16 28 23 19 36 31 22
9 28 9 1 11 17 24 10 22 15 7 15 17 4 8 15 11 11 6 8
16 62 13 35 41 47 56 34 59 33 30 32 41 11 40 38 33 38 18 44
1 10 3 1 1 3 2 3 5 5 8 1 4 4 1 11 1 1 1 1
27 32 15 3 11 6 19 11 12 22 11 8 16 13 6 12 19 18 19 11
38 73 38 47 56 37 60 63 78 55 40 37 68 40 36 48 48 60 30 49
10 22 9 1 6 11 13 1 11 9 3 5 7 4 6 8 8 4 6 5
37 54 34 14 27 29 32 26 30 34 19 20 41 12 26 25 20 35 29 17
18 34 28 10 22 30 25 23 36 22 11 18 29 3 21 16 1 22 15 19
46 60 26 30 28 48 42 36 59 46 25 26 43 23 23 34 41 45 38 33
11 35 11 10 14 21 27 24 27 19 21 19 24 7 16 22 9 18 17 17
32 58 15 29 25 41 38 26 48 40 19 21 32 24 20 37 41 33 22 30
24 55 24 20 28 33 44 35 50 32 21 30 37 13 24 39 20 25 13 27
18 35 16 20 31 8 32 21 29 10 15 26 22 7 9 5 15 20 24 24
8 12 1 1 1 1 1 2 1 5 7 1 1 5 1 7 6 2 7 2
4 16 1 1 1 4 7 1 6 8 3 2 5 1 1 6 1 3 5 1
21 25 18 4 13 12 23 15 20 22 11 9 18 8 10 14 14 16 17 14
11 22 14 1 6 7 9 1 9 2 1 6 5 1 7 8 3 3 1 2
15 45 14 18 22 18 23 9 34 18 11 8 21 8 17 14 17 17 9 17
22 32 20 11 17 17 22 19 30 18 14 10 9 11 17 24 10 6 12 22
54 84 39 44 55 58 66 44 74 56 32 47 53 27 36 46 42 50 47 47
10 42 18 36 37 23 22 29 53 32 30 13 35 19 22 21 34 31 20 28
10 13 8 4 4 7 9 10 15 13 7 1 11 5 4 7 7 7 6 6
40 52 32 16 24 21 35 19 30 40 21 8 30 18 28 35 29 30 25 19
27 60 28 21 25 30 35 24 44 37 18 25 29 18 17 36 20 24 25 18
11 24 7 4 11 10 16 8 13 8 11 11 12 6 9 7 8 10 10 7
47 59 41 34 37 22 42 38 42 57 33 9 47 34 35 47 45 45 40 27
17 38 16 9 18 13 25 10 28 16 7 15 19 4 6 13 13 11 12 12
17 31 8 16 16 13 18 11 22 16 16 8 9 11 5 15 17 8 19 17
1 17 1 6 2 1 4 2 12 8 8 1 8 4 1 9 1 1 1 1
19 34 12 19 18 20 30 29 39 21 29 17 24 21 6 33 25 15 17 22
44 70 32 46 49 39 53 27 59 34 27 33 43 29 20 19 50 42 40 43
6 9 3 7 10 3 14 5 11 1 8 7 2 1 1 4 7 1 8 11
33 39 27 10 22 17 21 16 26 25 12 9 19 9 17 16 20 22 23 18
55 74 44 33 29 41 45 34 52 54 23 23 40 30 28 41 42 47 36 34
4 10 6 1 1 5 3 1 4 2 1 1 1 1 2 6 1 1 3 2
20 44 32 23 28 17 26 27 36 28 24 21 25 20 15 32 23 17 24 18
14 26 12 5 9 4 16 7 15 14 6 10 17 5 3 7 9 10 8 5
32 66 23 30 29 47 40 24 57 44 12 21 33 16 28 35 35 33 24 30
6 20 1 10 17 7 16 8 19 3 8 9 8 1 10 4 8 6 9 14
20 43 14 18 28 15 36 16 33 18 12 24 25 10 10 12 21 18 18 21
9 24 4 15 20 13 22 7 28 7 6 6 9 1 7 3 17 6 11 19
15 23 4 4 4 5 10 8 12 16 12 1 5 12 2 13 14 7 14 10
28 43 15 14 24 29 32 33 42 38 15 18 36 12 24 24 20 34 16 24
37 36 22 14 24 25 23 32 41 39 15 4 27 28 19 24 29 32 23 34
50 74 45 50 55 42 50 41 73 52 29 32 52 32 23 22 51 50 45 48
7 23 4 6 9 7 7 4 15 7 4 3 5 3 6 4 8 5 7 5
17 55 30 24 27 28 22 32 44 34 32 22 37 23 26 36 21 29 25 13
32 45 31 11 25 26 31 23 38 31 10 21 32 14 15 16 18 25 24 21
27 37 16 22 26 17 28 26 29 20 30 19 24 26 5 26 33 21 27 22
4 13 4 1 1 2 5 1 2 2 1 1 1 1 1 1 1 1 3 1
25 27 24 11 16 6 21 20 17 17 11 16 19 14 3 10 18 19 17 17
44 77 35 50 47 37 52 41 63 48 39 26 53 38 35 32 55 52 30 45
16 34 14 16 23 3 23 16 26 13 12 17 20 11 4 8 18 14 17 14
24 54 27 16 25 29 29 17 30 30 20 18 32 7 31 29 10 25 27 14
41 51 33 20 25 20 33 30 38 43 17 28 40 26 4 15 27 39 32 22
15 28 12 7 11 18 20 10 25 16 8 10 6 3 8 18 11 3 11 14
9 19 4 1 8 5 9 4 11 7 7 4 4 2 8 6 5 6 10 5
37 68 32 37 42 38 56 48 59 47 27 45 55 24 23 30 38 52 37 39
14 29 6 8 10 20 21 10 27 23 3 13 18 10 7 11 19 17 13 8
18 27 21 4 10 13 16 11 19 19 10 8 8 5 13 20 5 8 15 13
31 50 16 27 37 32 40 31 49 22 28 20 31 14 25 23 30 30 30 38
41 67 46 25 36 44 40 32 54 58 16 22 48 17 34 39 16 40 35 23
11 25 9 1 6 11 19 7 15 15 8 14 17 4 4 14 8 11 6 4
17 61 28 33 35 23 25 32 40 32 33 27 38 24 22 31 25 35 35 17
42 63 44 30 46 45 35 50 65 51 36 27 52 33 35 41 34 47 49 38
10 19 12 1 10 8 15 7 16 10 1 8 12 1 7 6 6 6 7 7
13 22 10 1 7 9 10 4 10 8 5 6 5 5 9 9 7 6 11 5
23 56 26 33 36 14 34 38 46 32 38 18 38 24 30 34 25 37 26 28
14 28 14 3 7 10 11 12 17 15 13 5 11 8 13 17 6 9 10 8
45 72 42 50 43 31 43 39 63 48 37 29 52 39 16 30 48 51 53 36
38 74 35 49 40 45 44 34 70 51 37 17 54 33 26 30 44 53 45 41
13 21 15 8 16 4 21 13 14 7 11 13 12 10 4 12 15 10 11 16
7 20 6 4 7 6 9 3 15 9 7 2 6 6 5 11 8 2 5 6
18 33 13 12 15 14 28 16 27 17 19 12 15 15 9 27 18 11 7 21
4 10 7 1 6 4 10 6 15 9 4 3 9 1 4 4 2 5 4 5
5 33 12 12 21 20 29 17 27 10 19 20 22 4 15 20 5 15 12 19
12 22 10 8 15 12 20 9 21 5 9 12 9 2 7 8 11 3 11 12
9 23 8 1 4 8 10 1 9 8 1 5 7 1 1 4 5 5 3 1
18 27 16 9 17 13 21 20 29 19 16 13 19 9 12 12 11 16 16 18
11 22 7 10 9 9 10 4 14 11 5 4 5 7 6 5 12 7 9 9
38 68 36 30 27 46 42 21 51 42 10 27 37 19 25 29 30 35 31 25
35 62 33 36 48 41 52 52 68 45 28 42 59 24 21 32 34 48 38 39
21 25 17 1 4 18 11 12 19 26 2 7 19 7 3 8 6 19 14 5
11 20 14 4 4 12 7 6 14 11 5 4 4 1 10 15 3 2 6 6
13 19 11 6 8 7 13 11 21 17 10 5 12 5 5 9 7 10 12 10
16 18 10 3 3 7 5 9 10 16 7 1 6 8 5 8 10 12 14 6
17 30 12 21 24 16 19 21 40 20 17 6 20 15 6 12 23 18 15 23
7 19 10 7 14 9 16 7 18 5 6 10 7 1 9 7 7 4 10 11
15 30 7 1 7 8 20 8 19 20 1 11 18 2 1 8 10 15 11 4
16 33 21 11 12 22 13 21 34 25 17 8 24 13 15 23 7 14 10 11
27 38 27 8 16 15 23 14 25 25 7 14 23 6 11 13 14 20 19 13
42 72 43 29 27 36 34 30 56 53 24 22 50 28 19 32 32 47 41 19
10 29 11 9 9 14 17 9 23 18 8 8 15 4 4 14 8 9 8 10
9 14 5 1 3 1 8 8 9 6 12 3 6 8 2 12 8 2 2 7
34 48 24 14 21 21 29 11 26 34 8 8 26 13 16 18 27 28 28 13
28 62 34 32 44 16 33 28 42 36 22 19 43 19 26 21 34 40 35 21
14 45 8 16 20 21 25 14 33 22 17 15 22 9 16 18 11 18 20 17
21 41 12 21 13 23 19 7 25 22 10 6 17 17 11 13 26 21 20 17
9 18 9 1 10 5 14 9 15 9 9 9 12 4 8 8 4 7 7 6
5 19 6 3 1 9 8 3 10 10 9 3 8 5 2 14 5 2 3 3
29 61 20 36 41 38 44 29 49 35 32 28 40 13 38 16 35 41 31 39
19 42 18 10 5 25 15 10 28 27 11 11 24 16 8 21 15 18 14 2
4 14 5 2 1 1 5 5 4 5 11 2 6 7 1 12 2 1 3 3
32 76 44 50 39 50 40 38 74 54 41 26 54 35 30 45 41 49 46 34
27 59 23 24 32 38 46 35 46 29 19 35 37 10 29 35 25 30 19 29
5 15 3 2 5 1 7 1 5 1 2 2 2 1 1 2 2 1 1 3
16 30 17 5 13 15 15 11 24 13 9 10 16 4 11 11 7 13 9 9
14 27 11 17 21 12 23 10 28 13 8 8 15 1 11 7 16 16 12 21
6 18 9 3 5 7 6 1 10 3 4 2 1 1 6 9 2 1 5 5
25 41 21 20 23 20 28 30 40 22 28 11 22 17 26 31 17 22 16 29
34 45 24 11 14 21 21 18 25 26 20 13 18 20 22 24 22 24 23 15
50 59 41 31 44 27 49 28 44 39 19 34 37 18 15 20 36 35 45 35
26 43 20 8 20 33 31 25 39 32 4 22 34 8 12 16 18 32 18 14
9 10 9 2 2 6 4 10 15 14 5 1 13 6 1 6 1 8 3 5
7 14 4 1 2 6 8 6 15 14 7 2 12 3 1 9 3 5 3 3
33 64 26 29 27 25 36 41 49 47 30 28 46 33 18 38 39 42 28 19
35 68 32 32 34 32 36 30 48 35 23 24 38 22 27 27 29 38 32 29
53 52 42 26 42 41 36 47 57 42 28 25 39 32 25 41 29 34 41 46
22 51 16 19 25 25 32 25 48 34 15 17 35 16 9 19 23 30 18 20
5 24 8 13 20 18 25 18 30 10 15 16 18 1 13 11 6 11 14 17
8 23 10 5 5 5 11 7 9 10 13 5 13 9 1 15 7 5 5 4
29 51 16 33 29 43 38 26 58 37 19 20 38 20 12 23 38 36 24 31
56 62 42 45 48 38 44 44 63 47 30 33 49 41 7 25 50 50 49 46
61 72 49 34 36 35 51 36 49 58 29 20 55 36 31 35 48 59 47 33
50 60 29 41 51 26 54 41 50 38 38 33 41 34 22 34 48 40 42 45
29 50 28 34 39 25 34 32 51 27 31 24 30 23 17 35 34 25 29 30
8 14 2 1 1 1 1 1 1 5 1 1 1 1 1 1 1 3 8 1
49 53 39 27 39 20 41 35 38 43 23 14 42 24 32 33 37 41 33 29
7 17 8 7 11 8 11 15 26 13 13 5 16 8 7 11 4 9 4 11
5 16 1 5 8 4 12 6 15 9 11 4 8 6 3 11 7 1 8 9
19 35 19 14 21 18 20 25 41 32 18 11 32 19 9 17 18 23 20 15
2 9 1 1 1 1 1 1 2 1 4 1 1 1 1 4 2 1 2 1
12 28 10 1 6 10 10 4 18 12 6 3 4 5 8 15 6 1 9 6
29 47 24 27 38 29 38 27 46 18 22 25 32 9 23 17 22 31 27 32
47 64 31 34 40 44 44 35 55 54 21 21 47 23 28 32 43 46 43 29
20 42 15 17 18 26 26 20 43 29 12 16 30 13 9 12 15 24 20 17
53 50 31 34 40 31 44 36 43 43 26 18 36 26 27 34 45 40 42 37
24 61 28 24 31 27 37 34 48 38 25 30 43 21 18 33 28 35 30 17
27 37 23 8 22 19 25 19 29 18 12 18 15 1 19 15 10 16 23 16
5 31 9 10 10 8 14 12 24 22 13 7 18 12 2 19 14 12 14 4
28 21 16 4 12 12 11 25 24 24 15 1 16 21 12 18 19 20 14 19
53 66 36 34 37 32 43 34 57 56 31 11 45 37 34 34 46 50 41 38
20 46 14 14 22 23 36 28 36 29 16 29 37 9 17 24 17 29 15 16
8 22 10 7 10 1 10 8 11 7 11 7 14 8 1 11 8 8 4 2
18 31 18 10 15 21 22 11 28 21 8 12 10 6 16 20 8 6 17 16
17 27 10 10 19 14 33 19 29 16 7 24 23 4 1 9 17 17 16 14
20 34 13 10 17 7 20 10 22 16 1 10 18 4 4 1 14 17 12 12
24 44 16 21 26 12 31 23 32 20 22 18 24 23 10 19 28 20 18 24
46 71 42 30 51 59 52 53 73 50 23 36 52 26 42 48 37 47 37 51
50 56 31 34 47 49 46 37 53 49 24 28 50 21 31 24 37 52 54 34
32 43 32 38 48 39 54 56 62 37 50 37 48 32 34 41 33 43 38 53
39 65 26 32 43 17 49 30 47 36 26 22 38 26 26 22 41 36 29 39
26 57 41 23 42 41 41 44 55 46 31 32 54 22 34 36 19 46 40 37
15 29 12 4 5 5 9 6 10 12 12 1 8 8 6 17 5 5 8 8
10 16 11 10 9 7 10 17 25 17 15 4 16 12 4 15 10 11 8 12
19 35 14 11 19 7 21 9 20 17 15 8 15 11 15 15 13 14 15 17
41 68 37 39 34 47 52 28 62 47 16 21 51 25 14 26 48 50 33 37
22 37 8 15 26 25 41 30 38 22 19 31 30 9 14 23 26 22 17 23
3 15 4 7 4 1 5 6 10 10 12 1 9 8 1 12 4 4 7 3
36 75 33 45 48 45 62 39 66 53 25 43 56 19 33 35 41 47 23 45
47 67 30 39 46 58 51 53 77 55 31 34 50 34 29 50 48 45 32 48
4 19 6 7 6 6 9 7 14 11 13 1 10 9 5 14 4 4 7 6
59 75 54 41 46 33 46 34 42 56 23 27 47 35 31 39 52 50 55 32
40 70 34 46 40 48 44 43 70 48 42 25 51 35 21 39 41 49 49 43
36 61 33 38 51 44 58 42 54 43 31 35 51 11 38 35 33 47 47 38
39 63 41 30 45 36 49 33 46 41 22 33 49 8 31 22 27 44 45 30
16 25 11 1 6 9 16 7 12 16 4 8 14 4 1 8 10 13 10 4
20 38 19 6 14 11 23 11 17 20 1 19 23 4 8 7 10 20 16 5
29 39 25 9 15 25 18 26 32 26 18 13 20 12 21 24 8 19 22 20
4 25 9 9 10 11 10 8 19 6 12 9 12 4 11 12 1 5 6 6
9 13 5 5 11 1 15 7 15 7 7 8 7 4 6 6 10 1 8 10
15 30 12 8 4 12 7 9 18 16 15 1 6 16 7 22 14 7 11 8
34 55 20 28 35 35 49 29 46 30 16 34 33 15 15 30 38 31 21 33
33 25 30 7 23 23 22 19 29 25 7 13 21 6 13 11 12 22 26 20
36 58 32 27 34 18 41 21 43 34 15 25 30 15 12 16 29 27 31 31
39 52 31 31 39 25 44 31 48 29 23 31 30 20 13 25 32 23 33 37
55 54 43 25 42 43 31 42 53 52 28 19 39 32 31 40 38 40 50 37
40 52 23 33 30 35 35 24 44 31 25 21 26 27 10 25 40 31 38 33
48 57 32 30 40 40 50 51 61 46 26 38 51 34 14 35 45 44 32 41
11 25 9 5 11 11 14 5 18 11 4 6 8 4 9 9 10 5 12 9
60 71 58 33 37 60 35 40 60 62 27 23 51 35 43 39 31 56 60 39
39 42 26 18 26 24 33 27 38 24 16 18 18 16 14 20 29 20 24 30
37 76 37 42 49 26 57 57 62 54 45 39 59 40 35 52 48 55 37 38
13 25 14 1 4 10 13 9 16 12 12 5 11 8 8 20 6 2 2 7
37 40 26 16 27 27 27 24 37 27 15 12 23 17 12 16 28 27 26 30
37 62 26 31 40 42 46 25 58 39 23 25 34 12 30 27 27 31 30 38
34 60 27 31 34 26 36 24 47 43 28 4 33 22 33 31 40 36 23 33
25 31 18 14 17 11 24 19 26 15 22 7 8 18 18 28 24 11 14 25
58 60 42 37 42 58 44 42 68 50 30 25 46 42 20 42 51 45 46 52
22 35 11 21 24 12 28 23 33 17 23 8 14 21 18 20 27 19 16 28
4 7 2 1 5 3 9 2 10 5 1 1 3 1 1 1 6 1 6 6
11 22 13 9 10 12 16 12 26 11 13 1 7 9 9 20 12 6 4 19
30 55 33 26 29 14 27 27 39 31 19 23 34 21 13 20 24 28 25 19
13 24 8 3 7 2 10 11 14 11 13 8 13 8 7 12 6 9 7 4
32 69 29 35 31 50 42 41 66 50 29 33 52 23 27 43 32 45 28 30
17 33 19 14 20 14 21 17 30 18 20 14 17 12 12 23 15 11 18 14
65 74 44 45 45 37 54 49 62 58 41 37 46 45 19 45 53 48 53 46
35 58 34 20 29 41 42 37 56 48 19 32 41 15 29 37 13 33 26 26
15 22 10 5 8 2 8 6 8 9 9 3 5 6 8 9 8 8 12 10
8 7 12 1 3 8 3 9 13 12 1 1 10 3 1 1 1 8 6 6
17 56 25 37 44 46 42 31 57 34 27 26 42 6 40 19 27 41 26 43
35 43 33 14 30 27 27 23 41 30 13 10 27 14 22 20 22 27 24 31
28 43 20 13 21 20 25 12 28 28 8 8 19 10 15 12 24 20 25 16
22 57 34 33 37 32 25 44 50 44 42 26 42 29 33 41 30 43 43 26
29 76 38 37 45 32 41 24 45 42 23 17 50 15 38 31 34 43 34 22
40 61 32 40 44 41 45 48 67 43 42 30 39 32 25 46 36 31 38 43
19 28 19 11 19 9 21 22 24 11 9 14 21 10 5 7 13 17 10 19
33 73 39 51 43 41 39 35 67 46 39 20 55 38 26 36 46 53 45 33
16 55 9 23 25 34 37 19 41 30 15 21 33 11 23 28 29 27 7 23
24 31 20 7 7 14 10 6 18 21 2 4 12 7 5 6 11 18 16 7
1 18 4 8 12 11 13 9 15 3 13 10 12 3 12 10 1 8 8 9
7 37 6 14 14 19 26 17 31 21 11 20 26 7 13 21 9 15 4 10
23 28 22 5 22 24 14 21 37 21 5 6 20 8 14 12 13 15 18 21
9 27 7 7 10 13 18 11 26 15 12 9 13 6 5 17 11 5 10 10
10 19 9 2 2 8 3 3 15 12 4 1 5 4 2 10 5 4 3 3
4 10 5 1 2 1 5 2 8 4 1 1 1 1 1 3 1 1 4 4
35 77 41 44 52 28 46 45 59 49 42 33 53 40 38 41 49 49 42 37
53 71 42 33 37 30 45 34 43 49 29 32 52 33 23 24 43 52 50 29
20 35 11 16 23 11 26 11 23 13 8 9 16 11 10 6 26 19 13 23
18 42 14 9 6 24 21 19 32 34 8 15 26 6 12 29 13 18 8 6
39 82 30 49 49 44 55 35 59 56 38 19 54 27 48 41 45 56 43 40
22 34 19 19 15 18 17 24 34 24 22 3 19 22 12 27 23 19 9 23
25 63 30 27 32 33 43 37 51 40 19 35 49 12 22 26 16 41 27 26
38 84 48 45 53 58 63 56 78 61 39 52 63 22 47 58 21 53 43 44
33 38 13 28 31 30 38 31 41 28 34 28 27 29 3 32 37 25 32 36
21 32 15 9 15 10 20 16 26 14 15 7 9 11 16 20 14 11 8 18
61 77 43 48 49 43 51 36 58 53 38 18 37 37 46 46 51 43 52 45
36 61 26 32 31 35 46 24 44 36 20 19 30 20 28 28 39 34 20 36
27 60 29 37 41 23 41 41 54 43 33 39 46 33 12 32 44 40 38 25
24 32 18 8 15 21 25 10 23 20 7 15 10 5 9 16 14 8 19 14
11 34 14 14 20 19 20 9 30 11 11 10 10 5 19 17 8 7 11 18
17 28 12 2 7 14 12 8 23 23 6 4 15 6 6 10 9 14 13 8
49 93 46 45 46 55 52 26 58 64 26 24 53 26 42 45 49 54 45 31
11 42 13 27 30 19 36 28 39 15 32 18 21 14 24 30 16 17 18 34
7 24 1 3 7 4 13 8 14 6 13 5 9 7 5 9 7 3 7 8
48 43 42 26 40 38 30 49 60 45 28 10 34 36 36 46 35 31 34 49
54 72 41 43 55 35 59 48 60 40 41 42 37 30 41 41 34 39 48 54
38 74 35 50 53 49 60 66 83 55 54 44 61 36 43 64 47 52 33 47
33 58 19 20 34 33 43 20 42 32 15 26 32 9 19 25 30 30 29 21
40 53 34 26 35 21 44 34 44 32 24 29 33 28 17 22 36 31 29 36
19 20 10 5 13 4 22 14 15 10 13 10 12 11 7 13 18 9 11 16
23 53 20 32 34 28 41 34 53 28 35 15 34 22 33 37 27 27 17 38
11 24 9 10 12 12 17 20 34 21 15 8 20 9 1 15 12 10 9 13
42 53 43 24 36 34 27 28 44 47 16 7 34 17 33 35 23 32 36 26
36 63 43 42 49 28 52 61 67 53 52 36 60 45 35 52 48 51 38 39
29 43 18 16 15 14 25 24 34 35 21 8 26 19 14 25 20 25 14 21
46 38 32 20 20 20 25 28 36 36 16 11 30 33 8 17 35 37 29 28
24 29 19 5 9 14 17 14 16 16 15 10 6 10 13 25 10 5 14 15
46 60 30 27 30 47 45 32 55 44 16 35 39 18 16 34 35 36 35 26
1 7 1 1 2 1 5 1 6 4 4 1 1 1 1 4 1 1 4 4
17 61 19 25 25 41 37 25 49 33 21 25 33 12 24 35 22 30 25 25
40 58 38 32 41 43 44 50 63 44 41 32 44 29 29 44 23 33 40 40
43 86 45 49 50 44 56 38 61 47 33 43 49 27 34 34 34 45 48 44
26 46 24 32 35 13 28 42 53 38 39 13 34 30 25 33 31 32 28 30
35 56 36 32 33 13 30 38 46 37 37 13 35 36 25 42 39 34 23 27
34 30 14 26 20 27 24 17 32 25 19 16 20 24 1 16 34 25 36 24
13 38 13 13 23 12 29 11 23 9 9 17 19 5 9 9 13 13 11 17
5 10 4 4 12 4 12 10 18 6 8 7 8 3 7 6 6 5 7 9
6 22 4 8 10 7 15 6 23 15 8 2 11 4 3 10 6 7 7 12
16 25 6 6 7 8 15 11 21 16 11 2 8 12 4 12 15 8 9 13
31 37 28 10 17 9 12 20 24 31 8 9 29 15 7 10 13 27 22 13
40 74 29 45 50 50 66 53 74 46 45 37 41 27 41 54 42 42 43 55
8 30 2 4 8 12 18 15 21 15 13 11 15 5 11 16 6 13 10 10
36 57 17 21 30 41 43 31 50 37 16 33 33 8 25 28 26 33 27 25
26 67 34 47 34 38 31 21 57 42 36 8 41 38 22 37 50 41 32 32
24 51 14 26 29 37 38 21 47 20 22 23 24 15 18 24 27 22 27 29
59 78 39 44 45 46 63 45 72 53 26 34 50 34 28 39 59 54 40 48
35 68 28 31 32 49 43 36 57 48 29 33 38 18 33 42 28 37 43 30
7 13 5 4 3 2 4 9 13 8 11 1 7 7 2 11 6 4 4 7
31 41 24 19 25 8 36 27 35 27 20 23 27 18 3 15 25 23 24 28
29 77 33 37 46 47 60 44 62 47 28 50 53 15 38 46 27 43 33 39
32 74 39 40 49 35 49 55 67 55 37 42 61 32 32 44 43 53 38 34
21 56 30 37 36 20 36 43 55 44 45 19 40 41 28 53 41 35 26 31
44 66 38 20 24 32 36 26 39 50 19 19 38 26 20 37 36 37 37 18
32 46 31 9 20 22 16 19 37 37 9 7 30 17 13 19 16 27 23 15
50 53 31 34 41 34 42 47 62 43 38 17 40 42 23 41 45 37 34 48
25 39 24 15 22 17 21 13 26 25 15 9 16 7 18 21 16 14 27 13
44 67 38 34 46 46 47 24 53 48 17 22 36 16 45 26 29 38 41 36
19 54 18 20 30 28 42 13 42 24 5 21 29 4 18 15 27 24 14 25
10 25 13 1 6 15 13 6 18 13 1 7 8 1 12 12 2 1 6 4
20 63 28 25 29 38 37 27 40 43 24 24 45 9 35 39 17 38 32 12
5 13 4 4 13 5 17 7 15 2 7 10 6 1 5 2 5 2 9 9
23 27 24 8 8 18 13 19 23 21 15 9 12 11 11 25 6 9 12 15
36 56 23 24 37 36 39 24 44 32 22 21 25 11 29 27 26 24 38 30
34 57 27 23 39 22 48 30 41 34 20 36 40 14 19 17 30 36 35 27
11 21 14 1 1 11 5 9 18 16 7 1 12 5 1 13 1 5 3 5
