1000 20 15 1068
4 1 8 6 1 0 3 13 13 10 12 9 10 9 5
0 5 6 3 1 0 1 4 2 1 5 5 14 4 9
1 12 6 9 7 9 2 14 13 22 8 10 1 12 4
5 2 5 3 11 11 5 7 9 6 6 12 0 4 1
9 1 2 1 7 6 0 5 5 3 2 8 4 3 4
1 10 4 10 3 1 10 6 4 8 1 0 1 1 2
8 3 10 2 1 9 7 6 2 6 15 3 3 1 4
6 6 9 6 12 7 11 6 7 4 2 5 9 10 7
6 9 1 1 5 1 4 1 7 9 9 2 4 18 14
4 9 7 8 1 4 8 8 11 8 0 11 7 17 8
4 2 1 6 1 0 1 3 4 1 1 3 4 0 0
2 9 14 3 4 16 1 1 4 9 13 2 2 8 6
0 1 1 1 5 3 3 7 1 9 0 5 2 2 2
2 4 5 10 5 8 5 8 1 10 5 13 17 4 13
1 4 0 3 3 6 3 5 1 1 2 2 6 1 1
2 2 1 3 2 5 4 1 4 0 5 4 0 3 3
1 0 2 2 2 2 3 4 10 2 5 4 1 2 0
5 5 1 6 4 3 2 2 2 1 6 2 1 4 1
4 10 7 3 0 5 3 4 3 1 1 9 4 2 8
10 10 5 4 0 12 9 9 5 14 15 4 15 0 17
3 4 7 1 0 0 10 1 4 1 8 3 0 9 1
3 2 6 8 6 1 10 3 4 4 1 5 0 2 3
4 3 5 2 6 6 0 3 0 3 2 2 4 2 1
4 4 2 1 17 0 3 13 1 2 3 9 15 2 1
3 1 1 0 4 6 1 0 0 3 2 6 3 1 0
5 2 1 3 2 7 3 6 1 9 3 1 7 2 5
4 25 1 3 0 4 5 4 4 6 9 3 6 3 8
2 5 7 3 1 3 2 3 0 5 0 6 2 2 9
17 3 2 7 20 6 4 4 0 2 6 1 6 11 4
4 10 5 7 0 1 2 13 16 12 2 3 9 8 7
2 1 11 3 9 8 4 3 7 10 8 7 13 6 6
0 13 1 5 3 6 8 2 5 7 7 1 5 13 3
21 9 3 8 1 3 3 3 17 4 6 3 12 8 2
1 13 14 3 15 4 12 10 5 13 2 8 4 9 3
6 8 14 3 11 4 11 6 1 18 7 1 4 3 3
1 4 15 11 14 4 5 4 2 14 12 9 1 5 1
12 5 4 0 5 8 2 8 4 9 2 8 4 12 13
3 2 6 1 1 1 2 2 2 2 1 8 2 5 2
4 5 8 6 3 6 2 3 2 0 1 3 1 0 2
1 19 6 7 8 5 2 7 10 9 3 4 4 13 22
2 2 0 2 2 3 5 3 1 2 2 2 4 2 3
8 13 7 11 7 3 17 4 6 2 7 2 3 12 16
3 5 10 2 0 2 4 5 10 0 1 1 5 3 1
2 13 7 7 3 21 11 2 2 4 1 5 1 3 3
5 3 3 2 6 1 8 3 6 6 3 4 4 4 1
10 17 2 6 0 3 15 1 5 8 2 13 11 8 3
6 4 10 14 10 7 14 2 8 9 4 11 11 12 3
6 6 2 4 4 1 18 2 3 7 1 8 6 7 3
3 4 5 2 2 5 1 0 1 2 2 2 4 0 5
1 5 5 6 2 6 1 11 11 6 21 1 13 17 7
2 3 2 4 5 8 0 6 9 6 9 5 2 4 7
2 8 8 2 5 4 2 1 7 8 1 2 11 3 5
6 6 5 4 6 6 6 1 1 0 1 1 9 6 2
3 2 10 9 5 12 2 4 2 8 11 10 19 11 13
9 12 11 11 5 3 8 6 12 4 4 6 3 7 2
3 0 11 7 7 2 13 5 12 6 11 0 20 3 6
1 3 20 0 1 9 24 6 6 4 1 4 12 6 5
1 6 6 4 4 1 4 3 4 2 5 6 4 4 3
1 7 1 1 4 0 3 0 6 0 1 2 1 1 0
5 18 10 9 1 0 8 6 3 19 7 12 4 1 2
2 1 2 4 0 4 3 3 1 2 2 6 2 5 0
4 1 1 13 11 9 18 12 9 6 5 3 11 11 3
5 1 5 3 2 14 5 3 3 9 16 7 15 8 2
4 4 6 6 3 1 1 1 2 10 1 2 1 4 1
1 9 6 2 8 0 1 2 6 1 2 7 1 3 4
10 2 5 6 3 3 6 1 4 5 4 0 5 0 1
5 1 7 1 1 1 1 1 1 1 0 2 4 2 3
1 1 0 2 1 3 1 0 1 2 0 4 1 0 8
4 4 0 4 4 3 6 1 6 3 9 2 1 6 1
14 17 4 4 3 5 11 2 9 3 5 5 5 1 3
1 1 1 5 17 5 1 8 6 2 2 9 5 4 3
0 4 2 4 3 4 6 0 1 5 4 3 2 2 1
6 8 5 3 8 2 1 2 3 5 3 5 3 5 1
19 2 2 2 2 6 2 4 19 3 1 7 10 6 6
1 5 3 7 3 8 2 0 1 3 1 9 0 1 2
2 3 5 2 6 2 4 2 3 3 1 2 0 4 2
3 7 23 9 3 14 9 6 2 10 3 3 2 2 1
0 3 5 0 3 3 1 0 5 3 4 1 5 4 4
1 12 12 5 2 13 7 5 9 12 4 1 7 0 20
7 3 8 4 2 2 5 5 2 12 3 2 5 1 8
2 2 0 2 7 8 2 2 0 6 0 0 3 3 4
9 10 2 3 5 13 2 18 5 4 5 1 4 8 4
4 8 0 0 4 2 1 0 3 2 3 1 0 6 0
6 11 14 9 2 7 8 7 5 1 1 2 4 19 6
2 5 3 1 6 4 2 2 3 8 2 8 0 2 2
3 3 0 1 2 0 1 2 7 3 5 2 7 2 4
9 0 13 4 4 5 5 15 8 1 18 0 8 17 7
13 5 13 7 6 7 2 11 3 3 4 16 7 22 11
12 20 14 3 5 14 6 8 6 6 5 11 16 3 3
5 6 5 6 1 7 5 1 12 6 4 9 8 5 3
3 9 5 6 3 9 6 10 9 1 8 6 14 15 16
8 1 12 3 2 7 10 11 4 2 7 13 3 6 5
3 6 6 6 1 5 4 4 17 9 8 20 5 16 0
9 9 2 7 2 2 5 7 2 2 5 7 2 2 4
8 0 8 1 2 8 16 20 8 10 11 7 2 2 7
8 4 2 5 0 0 0 14 0 6 2 1 20 8 3
1 3 3 4 10 7 3 2 5 0 3 0 5 4 5
8 5 6 8 7 8 13 3 4 7 2 13 4 14 15
1 11 3 6 4 8 6 10 10 12 6 0 11 5 4
5 2 2 7 1 4 1 8 1 1 3 5 3 4 2
5 4 11 4 15 1 21 12 3 4 5 2 2 7 10
3 9 18 5 0 3 1 2 1 1 5 5 9 2 7
2 1 7 1 1 1 1 2 1 3 5 3 1 0 2
3 0 2 4 5 5 6 6 4 13 2 10 4 5 8
6 8 0 12 2 4 2 14 8 11 10 7 4 10 5
6 10 16 2 12 9 12 3 2 11 1 10 4 13 4
4 11 4 2 4 3 7 6 4 2 1 2 1 7 4
0 2 0 6 3 1 7 5 7 2 1 4 0 4 3
6 0 11 10 13 7 18 3 0 7 0 14 8 0 16
4 4 8 8 1 8 4 1 4 2 5 3 16 2 2
6 0 6 4 18 5 6 15 8 4 3 7 2 0 1
17 3 6 2 7 10 9 3 11 14 2 6 3 3 9
1 5 1 5 2 7 0 3 1 2 0 3 11 4 3
0 8 11 8 1 17 9 3 1 14 1 4 7 1 2
5 1 11 10 4 0 4 4 2 1 5 6 1 9 11
0 8 5 11 13 5 3 0 5 4 2 10 8 2 2
2 10 6 0 7 2 0 6 3 9 6 11 1 1 6
7 4 4 2 1 4 13 1 7 1 0 3 6 6 4
7 6 7 4 6 5 12 10 3 16 11 6 1 18 17
6 4 3 5 1 0 2 1 11 4 11 10 0 3 7
3 0 7 9 3 3 4 2 0 2 0 1 1 0 5
9 3 4 3 7 10 1 5 3 11 6 4 5 9 0
3 6 3 8 6 3 0 5 0 2 1 4 0 5 2
6 0 5 4 1 6 2 4 2 3 1 11 7 6 2
0 2 6 8 12 3 16 7 1 1 3 12 7 12 9
7 0 5 5 4 13 6 1 1 6 5 3 0 4 6
5 4 16 5 22 3 13 2 0 5 9 1 4 3 7
6 6 2 8 19 8 5 7 7 9 11 12 5 9 3
1 14 11 11 1 2 2 2 11 3 16 7 7 4 10
1 6 2 10 4 4 1 5 8 10 9 4 0 8 4
7 10 8 8 9 7 23 3 6 5 21 0 8 5 5
12 3 1 7 2 0 13 1 3 3 11 10 6 9 5
6 7 1 4 2 1 7 3 6 4 9 0 1 0 3
0 1 3 6 4 1 10 3 4 7 4 0 8 6 2
2 10 1 6 10 19 2 7 15 1 7 15 6 11 9
9 1 20 9 6 9 16 3 6 15 12 4 6 6 9
2 5 6 8 5 4 5 14 2 12 8 4 16 8 1
3 2 0 9 6 5 3 0 8 17 10 7 7 2 2
1 5 2 3 4 1 6 3 2 0 0 4 4 2 1
26 9 2 11 7 3 11 7 3 2 0 6 13 6 9
3 1 7 9 7 1 10 7 3 3 3 0 8 16 6
11 2 2 5 1 1 7 6 4 2 0 0 0 3 11
6 2 8 8 0 0 0 8 7 4 4 3 1 0 2
1 11 3 2 9 12 7 2 9 0 6 14 8 10 2
4 1 10 9 16 11 22 5 11 4 10 10 5 6 2
17 0 13 4 19 4 2 7 5 5 0 2 1 9 9
6 0 7 13 10 5 11 10 8 5 2 7 1 2 3
3 1 13 6 22 11 3 7 8 2 15 5 7 6 10
2 3 6 4 4 5 1 7 4 1 2 1 3 0 1
14 3 1 2 9 2 2 1 9 6 2 7 1 10 7
4 0 3 3 1 2 0 4 4 1 9 3 2 0 3
2 8 6 7 7 4 0 4 5 8 13 7 5 3 7
4 3 1 3 4 4 6 6 2 3 4 1 0 6 1
11 4 20 5 16 12 9 9 3 2 7 3 17 2 2
1 3 2 1 1 1 2 6 3 7 2 3 1 2 3
1 2 3 6 4 7 4 2 1 6 4 0 3 4 6
16 9 2 6 17 8 14 8 1 6 5 1 5 1 2
2 3 6 6 13 0 7 12 1 2 6 4 12 11 5
4 1 5 2 4 6 2 17 9 5 6 3 4 9 6
17 1 8 11 14 8 1 3 9 11 5 9 10 2 6
3 5 2 4 2 2 1 2 0 2 3 2 11 3 2
8 9 0 13 3 6 7 4 8 12 5 4 3 6 4
4 1 9 1 1 9 15 1 0 13 1 2 8 2 19
1 2 2 3 1 0 4 5 6 3 2 2 1 1 1
6 3 12 11 3 2 10 12 15 15 7 4 7 5 1
3 3 7 10 3 1 16 19 9 4 7 6 10 4 2
8 12 11 4 6 12 2 1 4 12 2 16 1 2 21
1 2 7 2 3 6 6 6 10 10 2 1 8 5 5
1 14 2 5 7 6 5 3 2 0 11 9 1 1 1
6 5 5 11 2 11 4 5 10 16 1 16 2 9 3
4 4 3 4 2 3 0 4 1 2 0 10 2 13 6
4 11 6 3 9 5 8 3 15 18 6 11 3 11 4
4 2 1 4 1 12 5 2 3 2 5 1 0 0 2
15 3 1 3 14 16 0 4 6 5 7 3 5 0 4
1 1 2 1 1 5 3 4 4 1 3 0 2 4 3
17 0 15 13 1 1 3 7 9 10 8 2 2 3 11
2 2 8 1 3 2 2 2 2 3 1 3 8 4 2
3 10 7 0 14 13 6 9 5 4 9 13 10 1 5
2 3 1 7 6 2 1 1 5 2 3 9 2 3 1
11 5 10 3 11 0 12 7 1 9 4 4 5 6 0
4 7 3 1 11 5 11 8 8 16 20 14 4 5 7
5 6 5 4 1 4 4 9 6 1 8 3 2 5 2
4 4 2 5 2 4 11 2 1 2 13 1 1 4 1
6 10 2 4 6 4 6 4 0 6 4 4 3 7 7
1 1 4 5 11 5 1 0 1 6 0 2 5 2 1
7 7 6 10 2 1 1 3 10 13 3 11 1 5 18
6 7 7 13 5 1 9 3 10 15 3 8 6 0 2
13 8 9 3 1 8 4 5 5 4 0 7 4 6 5
13 1 6 3 11 1 2 7 1 2 6 7 8 1 0
5 10 12 2 4 6 0 3 4 16 1 8 5 1 5
0 2 9 0 4 4 1 8 5 2 12 2 6 4 3
1 4 0 8 2 5 6 11 4 1 7 8 13 10 15
4 15 17 2 4 2 6 11 7 19 6 12 4 1 5
3 6 12 8 14 3 11 3 21 12 3 4 2 5 2
2 15 10 9 1 4 2 4 2 1 5 2 0 11 3
2 8 17 8 14 6 11 5 1 9 2 8 1 4 14
1 2 2 2 0 3 1 5 1 0 1 6 2 1 2
3 5 10 3 1 17 6 3 3 14 10 4 6 6 7
1 1 1 6 5 8 5 1 4 3 6 10 0 4 2
14 11 5 4 25 3 5 1 1 2 13 3 9 2 6
2 7 8 21 10 19 11 8 4 5 3 7 5 11 1
2 11 3 3 0 7 5 2 2 4 4 12 5 3 6
5 2 1 1 5 4 6 1 7 1 1 3 7 9 15
7 3 4 3 4 6 3 0 4 1 6 4 8 16 8
5 6 7 1 5 2 1 0 1 3 5 4 8 8 1
2 6 6 3 7 4 4 4 0 2 5 4 2 3 6
10 5 2 0 6 12 5 1 2 4 5 5 2 1 17
4 2 8 1 0 4 16 10 4 5 2 16 1 4 1
1 6 0 6 7 0 0 1 2 3 8 19 7 2 6
2 4 4 2 1 4 5 7 7 11 8 1 3 8 1
24 6 2 1 1 6 8 10 3 4 2 12 13 1 3
0 5 4 4 10 1 0 5 3 12 7 3 0 5 4
8 10 4 10 1 3 1 6 15 2 6 6 4 7 0
1 23 3 13 3 2 11 2 5 4 4 1 4 2 5
0 0 4 6 5 1 1 2 1 2 0 5 8 5 0
4 2 5 1 4 3 2 2 2 1 0 1 3 0 4
5 3 3 1 4 4 1 5 6 4 2 4 2 1 4
2 18 5 10 4 5 13 10 3 22 1 1 14 2 1
3 1 7 8 14 2 7 6 1 12 1 5 1 7 0
2 6 3 7 1 3 5 4 3 1 7 4 3 4 6
8 0 3 4 3 4 5 0 5 2 2 2 1 7 0
2 7 5 1 2 3 3 11 3 9 5 13 4 0 10
0 12 3 8 8 4 5 3 8 10 5 4 7 0 1
1 0 1 3 3 0 4 11 3 8 5 2 5 7 7
2 3 1 1 1 2 6 3 5 1 2 0 4 2 0
3 1 2 0 3 1 6 7 6 2 6 1 4 5 8
9 2 5 5 3 1 11 21 12 13 1 5 5 8 4
4 13 4 1 2 2 3 2 1 4 1 5 1 7 1
4 2 4 8 1 10 4 3 2 6 3 4 2 7 4
0 0 3 1 1 2 3 3 1 1 3 4 4 4 2
6 8 4 3 5 13 4 10 4 5 11 3 2 8 10
8 0 4 8 3 10 9 1 8 10 9 11 9 3 1
12 5 4 5 3 3 1 4 4 6 8 2 5 4 3
11 3 4 4 3 3 6 5 3 3 3 6 2 1 8
1 0 12 2 4 11 1 8 4 1 7 5 7 4 8
8 16 5 13 15 16 1 9 2 2 3 3 5 1 13
10 10 24 1 6 15 1 11 2 4 4 7 0 2 1
5 1 8 6 6 11 11 4 5 1 7 5 2 2 2
6 5 10 14 3 4 10 6 4 7 7 4 8 5 1
8 1 8 15 7 1 1 11 2 16 2 1 2 9 3
10 13 7 7 8 1 2 2 8 0 10 1 5 1 10
5 3 9 4 13 12 4 12 6 2 14 4 7 2 5
2 9 0 19 1 0 9 3 3 4 8 3 2 4 2
9 1 2 0 2 1 4 1 1 4 2 2 7 5 3
14 4 1 13 4 1 0 2 5 2 0 6 6 0 5
5 1 3 1 3 0 2 2 4 5 5 3 1 1 4
14 6 1 5 2 3 10 11 16 3 6 13 7 1 6
3 9 3 0 2 4 4 1 7 1 5 10 6 1 6
0 6 14 3 0 8 1 2 5 7 4 3 3 1 0
12 4 13 1 4 3 1 4 4 7 20 3 14 1 7
1 5 4 21 1 5 6 8 16 12 13 10 6 5 1
7 10 4 7 2 7 1 2 8 5 11 2 1 1 3
1 2 2 4 2 3 12 6 1 5 4 0 6 7 2
8 10 2 10 1 2 5 4 3 0 2 4 9 1 1
2 3 1 1 2 3 6 13 3 10 2 5 3 1 0
0 6 1 0 3 1 3 2 3 4 5 0 2 2 0
17 3 1 22 0 6 2 9 3 5 3 9 3 7 6
10 17 5 1 15 11 10 5 3 9 7 3 1 13 4
3 6 20 12 7 3 5 4 17 12 3 8 15 12 5
5 6 6 2 4 21 0 13 4 8 16 12 2 3 1
13 16 3 3 3 1 3 1 1 1 4 1 8 3 8
17 8 11 6 8 8 12 7 18 2 5 8 0 12 13
4 6 6 13 6 1 7 7 2 16 9 4 12 8 13
6 7 12 12 12 0 7 15 9 17 2 16 9 2 8
4 4 8 2 2 4 2 3 2 8 8 3 10 6 6
4 1 1 0 9 2 3 1 2 8 1 8 2 2 4
1 3 4 4 9 2 1 4 8 1 2 1 0 3 6
14 15 1 8 5 5 9 11 6 13 4 12 10 3 3
7 3 12 15 11 2 18 2 11 7 2 4 4 12 5
12 6 1 13 1 2 0 3 6 0 16 12 0 5 2
2 1 1 14 7 6 2 21 3 3 13 9 5 11 7
13 17 16 8 11 1 11 6 2 5 21 1 0 4 5
8 0 0 3 1 12 1 0 13 7 7 0 12 7 1
4 5 3 4 5 9 6 1 5 9 5 8 11 4 12
23 3 4 8 17 3 1 5 10 5 7 6 16 5 11
2 10 5 2 3 6 5 7 5 4 3 10 2 5 3
5 5 3 4 5 7 0 7 9 3 3 8 6 1 10
3 2 3 4 1 1 4 1 1 1 2 2 3 0 6
0 0 8 7 6 10 13 2 11 12 17 6 8 2 11
9 4 18 9 4 1 13 6 8 5 8 11 16 1 9
2 2 5 6 4 2 1 1 5 2 1 0 2 2 1
2 1 5 1 2 4 2 0 1 1 5 2 0 4 8
6 4 0 5 1 1 1 4 1 7 5 1 2 0 7
5 4 1 1 3 11 1 1 10 0 5 5 2 4 4
5 2 5 15 2 15 20 12 6 4 7 10 5 9 7
1 5 9 2 5 4 3 2 2 3 0 4 5 2 0
2 14 15 3 1 6 0 1 15 5 10 8 2 4 5
6 6 1 6 6 12 5 1 17 4 12 2 9 6 3
1 1 2 6 2 1 3 4 1 1 4 3 4 8 3
10 6 0 10 3 1 5 4 5 5 2 6 1 10 8
3 4 6 9 10 5 7 6 10 2 5 3 1 4 0
2 4 4 11 9 6 23 10 7 11 7 9 2 9 6
9 0 4 8 6 5 2 0 9 1 0 9 1 8 9
2 9 4 3 3 6 4 9 1 5 2 3 2 6 9
0 3 1 1 3 9 6 3 9 1 1 9 1 5 8
5 6 10 3 10 9 18 11 3 6 2 4 2 14 8
3 3 4 8 2 4 3 6 0 4 6 0 12 6 1
2 4 3 5 1 1 20 3 11 11 4 3 3 2 0
9 3 10 14 13 0 3 0 13 2 10 6 5 9 14
2 3 1 1 1 3 4 2 3 6 14 2 8 3 8
13 1 0 3 2 6 6 13 1 2 14 8 3 9 15
6 4 0 13 3 20 14 17 9 1 5 6 3 2 2
0 5 7 1 5 16 6 5 10 3 14 0 7 1 11
1 2 1 11 0 0 8 2 10 4 12 7 2 10 8
7 11 10 13 4 12 1 0 2 4 5 0 7 2 2
5 3 4 9 8 4 2 2 0 3 2 5 2 3 4
4 2 0 4 0 2 2 0 3 11 3 6 2 2 0
5 1 6 1 4 8 4 3 2 4 5 2 0 3 3
9 10 3 4 0 9 1 5 1 6 4 3 3 2 7
2 7 5 7 3 0 3 6 2 2 3 4 5 3 1
6 7 5 7 7 3 0 2 2 2 4 0 11 8 7
0 4 6 0 5 5 3 8 1 1 5 1 7 2 10
18 3 1 10 6 0 9 10 12 12 9 0 15 12 12
3 1 3 5 10 3 6 2 1 6 3 3 3 2 6
4 2 18 11 5 2 4 6 8 3 2 18 5 0 9
0 7 1 3 3 3 5 4 8 4 4 3 2 4 3
2 13 1 1 18 6 19 0 2 11 0 6 1 8 7
1 1 2 2 2 0 6 2 4 3 4 1 0 2 4
13 16 7 3 5 15 4 6 2 6 13 4 0 4 1
4 1 5 0 17 12 2 6 2 6 12 6 2 15 4
17 13 3 5 9 1 4 8 10 1 13 5 16 12 4
5 6 3 10 1 5 5 11 15 1 5 1 1 4 7
3 2 1 3 10 0 3 20 6 10 14 13 2 11 13
6 2 2 2 2 3 3 3 7 7 4 3 0 6 8
7 5 9 11 5 9 2 3 13 3 7 2 5 6 1
1 0 3 2 0 4 4 1 5 2 4 1 2 5 1
2 11 10 2 6 6 3 8 7 6 1 12 3 9 8
5 5 4 0 8 0 3 7 2 3 4 24 10 17 2
2 1 9 0 1 0 8 2 1 1 4 2 3 3 3
7 3 6 4 3 11 10 2 4 8 7 9 8 2 4
1 5 5 4 2 0 7 2 7 2 0 1 4 4 4
5 6 2 2 4 4 0 5 4 6 4 1 12 4 3
2 3 6 4 1 8 8 4 5 11 1 5 4 0 7
1 5 2 5 0 3 2 6 6 1 4 3 3 3 5
1 5 7 1 1 2 1 11 7 3 0 10 2 3 5
8 10 5 9 9 9 1 1 7 7 0 2 7 3 5
4 19 11 5 3 4 7 10 7 7 12 4 0 6 5
3 1 6 3 1 5 3 3 0 7 2 8 9 10 20
0 13 8 17 6 5 14 2 2 2 10 15 12 3 6
1 3 4 1 4 2 2 0 3 4 6 1 2 3 1
3 13 10 1 6 8 6 10 3 6 2 12 2 19 3
6 1 2 2 7 7 2 1 2 1 5 1 3 1 0
3 3 17 17 5 7 6 4 18 3 1 6 13 10 3
3 3 4 8 3 10 3 9 1 5 3 9 8 3 4
20 6 11 2 7 0 9 12 5 11 4 14 13 11 6
2 2 2 5 5 4 6 3 2 6 9 5 2 1 8
3 1 0 13 11 5 8 7 4 3 10 2 2 6 2
1 10 9 3 2 5 10 5 1 5 13 6 6 8 7
2 5 8 2 5 4 1 0 1 2 5 3 5 5 1
7 9 3 3 19 2 1 1 12 4 20 19 3 4 2
0 2 2 2 2 2 6 1 1 3 3 6 1 4 0
0 4 2 3 3 6 0 3 4 0 5 0 4 2 0
4 3 7 11 2 4 9 8 3 7 8 10 5 13 6
6 11 1 0 18 1 3 2 8 13 8 2 3 16 2
6 0 1 4 0 6 1 6 3 5 3 7 8 1 1
7 0 2 5 8 2 5 6 3 1 3 5 0 12 2
0 4 4 1 0 4 1 0 3 7 1 1 9 11 7
10 13 2 18 0 11 3 6 6 5 17 3 6 2 7
0 1 5 3 2 2 5 2 7 2 1 1 1 1 1
22 16 10 5 3 0 10 6 2 9 3 5 7 15 4
2 4 5 3 3 3 7 2 8 1 0 3 8 6 4
2 4 1 2 2 11 4 2 1 3 1 3 4 6 6
1 3 11 8 1 3 4 15 8 14 0 5 0 15 2
10 7 5 6 0 1 2 1 1 0 1 1 2 1 6
4 0 0 0 17 5 6 6 7 9 1 0 5 12 6
2 0 1 1 0 2 7 2 7 3 1 6 1 1 0
1 5 5 2 1 4 1 9 13 3 5 11 3 0 6
8 4 4 4 7 2 3 7 5 4 1 5 3 5 1
4 15 10 8 7 5 11 2 10 4 15 8 11 10 4
6 1 2 2 6 2 1 2 3 2 2 1 12 6 0
1 3 1 4 1 0 2 4 1 3 4 3 3 8 0
1 2 3 2 11 3 14 13 13 9 13 17 3 11 10
1 1 12 6 12 15 16 7 4 3 12 3 1 10 4
10 9 1 3 1 5 5 5 13 4 3 0 2 7 1
7 1 3 1 0 1 5 2 3 4 2 1 3 1 4
2 6 1 7 0 0 4 6 5 1 4 2 1 6 14
8 7 7 2 1 7 12 17 1 19 3 9 12 7 7
1 7 8 6 1 9 13 9 5 3 8 7 4 13 7
0 7 1 5 8 9 4 15 2 11 7 2 1 5 8
2 11 12 6 4 13 6 12 4 2 3 6 0 2 7
8 1 0 4 2 2 3 2 1 1 1 2 6 5 3
23 9 16 1 7 8 8 7 2 8 0 3 10 12 7
5 12 3 2 9 5 4 4 1 1 3 10 8 2 3
4 1 15 4 3 4 3 18 6 1 15 5 2 9 7
1 3 3 8 1 8 4 1 3 5 5 1 0 2 1
7 4 3 4 10 11 3 18 14 8 5 7 16 1 5
1 0 9 1 0 0 10 8 1 1 11 1 9 6 2
5 10 7 17 9 3 7 1 7 1 20 5 3 5 6
0 14 10 5 3 4 9 13 2 0 12 0 7 20 16
0 2 1 0 3 3 6 3 4 6 0 8 9 8 8
2 5 2 5 1 1 2 3 2 1 2 1 1 7 6
11 0 0 0 13 4 2 1 1 4 4 5 6 8 1
12 11 7 8 3 8 5 4 6 8 2 1 5 1 2
3 4 5 7 12 7 1 12 1 2 0 0 8 2 0
4 8 1 1 4 1 8 1 0 2 1 4 3 1 4
16 4 24 5 7 15 3 8 0 4 12 4 3 5 5
6 7 6 3 1 1 5 6 2 2 2 2 4 2 6
9 10 4 10 5 4 9 7 3 8 13 14 6 10 4
3 4 0 3 4 4 2 2 2 4 1 2 0 4 2
10 11 6 14 4 5 15 7 4 9 5 1 14 1 1
15 2 3 2 7 3 0 26 6 8 1 2 8 21 1
4 14 1 0 2 0 2 2 2 7 1 0 1 7 1
7 2 6 9 5 9 1 4 5 6 11 4 2 2 4
5 11 1 2 2 13 2 1 10 3 5 2 0 3 2
2 2 1 2 2 3 1 1 4 4 0 1 4 6 1
5 2 3 2 1 2 1 1 0 1 4 6 0 3 3
14 5 4 2 3 4 6 1 1 6 4 16 6 9 17
12 2 9 12 5 6 7 12 10 8 7 19 13 8 4
4 1 7 3 1 3 7 1 0 10 3 3 3 2 2
3 10 6 10 1 6 5 10 2 9 4 10 3 1 7
9 4 0 7 3 1 2 3 4 3 3 0 2 1 2
3 5 7 3 16 8 5 0 8 4 9 10 2 0 3
0 1 1 2 2 6 2 0 1 0 4 3 3 1 4
2 2 2 0 2 1 4 4 2 5 4 3 2 0 2
1 5 0 2 4 2 4 4 3 3 3 2 0 7 1
7 9 2 4 10 9 7 1 1 4 1 14 8 6 4
3 0 4 3 3 10 11 3 5 0 5 0 3 4 10
1 0 8 3 0 3 3 2 5 6 3 5 8 8 9
8 7 1 10 2 1 0 8 8 17 3 1 4 9 12
1 4 4 6 4 2 10 10 7 3 6 6 5 3 9
4 1 21 2 18 14 10 5 2 2 1 4 1 4 4
5 3 6 4 2 2 3 4 10 2 7 7 0 3 3
2 2 2 3 1 0 1 3 1 0 0 8 1 3 4
3 11 8 0 17 1 4 8 7 4 9 13 6 6 2
4 1 1 10 8 2 2 1 9 6 2 14 2 1 3
19 12 8 7 6 2 4 3 6 2 3 3 14 4 5
1 2 6 11 3 1 3 7 9 7 4 1 4 4 3
6 12 3 11 5 1 3 17 10 0 18 11 15 10 5
4 3 4 6 6 4 5 2 7 1 1 7 4 9 26
15 3 11 9 5 0 15 3 3 8 2 13 9 6 11
10 5 7 7 4 2 5 14 6 11 6 2 9 3 1
3 1 10 3 5 6 4 14 2 9 12 4 1 6 2
2 1 4 2 11 8 7 4 6 0 0 7 3 2 8
9 3 11 5 17 8 3 6 5 5 10 18 13 8 1
0 8 18 14 10 10 0 5 2 0 2 6 16 19 8
6 5 1 2 3 0 3 0 1 3 3 2 0 1 2
0 5 7 4 4 12 1 3 4 2 2 2 5 13 3
0 5 20 2 7 3 7 7 5 11 12 5 15 8 5
12 3 6 5 2 13 4 6 11 3 0 3 4 6 2
7 6 5 7 11 17 4 1 14 3 11 10 7 13 4
1 1 6 2 8 4 1 12 3 9 1 10 1 15 14
7 3 15 4 4 5 2 2 10 6 3 7 0 14 2
8 2 12 5 1 11 4 1 1 9 8 1 7 4 0
0 8 1 2 8 1 6 6 2 4 2 2 2 1 2
3 8 11 3 5 3 21 4 10 3 9 18 6 8 1
2 4 2 9 3 1 1 2 1 1 2 4 10 0 11
2 2 1 3 3 6 1 1 7 1 2 1 1 2 1
5 7 3 4 9 3 5 1 6 9 10 4 17 4 9
1 1 2 2 3 3 1 2 2 2 7 3 1 4 2
4 9 1 1 2 0 11 2 0 4 6 1 0 0 9
1 12 1 2 0 4 6 1 2 12 3 3 2 1 0
13 12 4 2 3 6 3 2 1 3 6 1 8 11 11
1 2 2 2 2 6 3 1 1 2 2 7 0 1 3
6 3 4 3 3 8 9 5 13 14 7 10 12 0 26
1 6 1 15 10 10 9 5 1 3 21 12 7 4 19
10 4 3 18 15 3 1 6 1 11 12 14 0 3 17
5 5 3 2 6 1 8 1 0 10 4 2 2 0 9
4 3 4 2 5 1 6 6 2 5 6 6 6 1 1
9 9 1 17 6 9 2 3 1 7 1 1 1 5 18
10 1 2 3 10 12 1 3 9 14 5 11 10 9 10
1 3 5 2 1 1 6 4 4 2 11 2 0 5 4
7 9 3 5 8 1 4 19 0 0 2 3 13 2 3
7 3 9 2 3 5 12 19 6 1 4 16 15 7 4
3 1 13 7 2 2 1 4 6 3 16 9 4 4 3
1 3 1 1 8 9 17 7 15 9 2 2 6 0 11
3 2 4 8 2 1 3 5 0 0 3 8 2 2 8
2 2 4 1 0 5 7 5 3 2 2 4 3 7 4
7 6 3 13 5 8 6 6 2 6 9 14 10 15 1
6 8 4 11 4 7 2 3 5 8 1 2 4 4 2
5 1 8 2 8 3 8 5 9 6 12 3 1 8 12
1 17 8 7 25 3 10 0 0 1 1 1 9 4 11
3 3 3 0 7 8 4 2 2 8 13 9 6 7 5
2 1 2 2 3 3 1 6 2 5 1 5 8 0 1
0 3 2 3 2 6 5 6 2 6 3 2 0 5 3
2 6 5 8 10 1 13 12 8 6 28 6 3 0 0
1 3 0 1 3 2 3 4 4 0 0 5 1 1 4
5 0 0 6 3 6 4 9 5 4 9 14 6 4 20
7 0 10 3 3 5 4 2 5 2 3 4 4 6 1
4 0 4 20 2 1 1 2 8 7 10 19 2 7 18
10 3 7 4 11 5 5 8 12 5 1 4 11 3 3
0 2 4 1 5 1 4 3 1 2 4 4 3 5 2
2 0 3 8 1 8 1 1 6 1 6 1 1 5 8
5 6 5 1 4 0 8 1 9 14 1 6 0 0 3
20 8 1 11 17 2 12 5 7 3 14 0 7 8 6
4 4 2 9 1 4 4 10 6 5 0 2 6 9 6
6 1 11 11 3 9 0 4 2 3 8 0 7 3 3
6 14 8 9 8 5 12 6 7 9 8 9 14 16 11
5 5 1 4 4 3 12 10 6 5 28 1 2 14 3
2 1 6 3 4 1 1 3 3 2 3 2 1 2 2
3 1 2 6 1 5 2 8 4 11 6 3 8 24 6
6 3 6 2 8 1 3 3 6 4 3 0 2 1 1
12 1 12 17 11 6 5 11 10 6 6 4 15 13 7
3 1 7 4 5 0 6 8 7 1 2 9 3 3 8
4 8 7 5 1 1 3 4 5 5 7 3 6 10 7
14 1 2 4 10 9 13 9 1 16 4 6 14 2 7
5 4 4 1 2 9 2 1 14 5 3 2 4 2 8
2 1 3 0 5 1 3 3 2 1 5 1 1 0 8
1 3 1 1 2 2 3 3 7 0 0 4 5 4 5
4 9 10 11 3 8 2 2 4 2 6 2 2 2 5
7 0 3 5 6 2 1 3 2 1 6 1 0 5 5
3 1 3 9 1 13 19 2 10 2 5 11 8 10 0
8 2 0 3 7 2 2 1 4 13 11 1 1 6 4
2 1 16 11 6 9 3 6 6 4 6 0 13 9 12
4 3 7 1 3 8 1 4 2 3 4 7 5 10 3
10 6 3 3 3 2 1 7 0 2 1 2 1 7 3
7 6 2 9 1 3 9 19 2 4 10 15 2 10 0
7 4 7 6 6 4 3 3 5 5 4 9 2 0 3
7 6 1 8 3 9 0 4 11 18 6 0 4 2 3
0 2 6 3 13 4 6 7 4 5 12 14 11 18 17
0 1 2 4 5 5 2 1 1 2 2 3 0 3 4
2 5 6 9 5 1 4 6 4 2 2 1 6 2 3
5 10 1 18 1 5 14 11 2 6 5 1 11 8 5
2 1 6 10 11 1 4 0 9 14 14 2 18 10 11
3 3 1 4 7 5 5 1 2 11 2 3 8 2 13
10 9 0 6 2 0 3 5 5 7 6 1 1 10 3
5 2 3 2 1 4 2 1 0 5 4 1 3 1 4
7 12 6 9 15 11 5 12 4 2 8 2 1 5 3
4 6 2 14 4 4 5 1 21 12 7 2 8 8 10
13 1 4 4 6 3 9 7 9 5 2 8 14 1 2
4 1 3 1 2 1 3 2 2 5 4 3 7 3 2
2 1 1 2 3 0 4 1 5 2 1 5 1 8 5
7 3 7 4 2 4 1 1 4 0 8 2 0 3 7
16 20 2 2 4 2 5 1 3 3 1 2 6 3 12
3 2 4 2 4 1 1 4 2 7 6 2 5 6 5
2 2 2 3 1 0 4 4 1 5 3 4 1 1 4
6 11 1 6 8 14 7 4 11 4 3 5 0 14 18
13 4 10 9 1 4 15 6 1 9 7 11 8 22 11
8 6 8 4 6 5 16 10 1 11 6 4 16 0 2
1 8 2 2 3 2 9 5 4 3 1 12 11 0 3
9 0 5 0 18 9 0 12 5 7 3 6 6 1 5
5 2 5 4 6 4 2 9 3 3 1 3 6 7 5
10 16 5 5 1 10 14 16 10 1 6 4 3 3 11
4 3 4 5 10 12 1 20 2 10 3 1 2 3 5
2 3 3 6 9 6 3 5 9 1 12 4 9 3 2
11 13 9 9 5 7 4 5 2 9 0 8 2 4 1
6 8 4 3 0 2 4 7 1 3 2 11 7 0 4
4 5 3 1 4 5 2 1 0 5 0 6 0 0 4
0 1 13 2 18 5 0 6 0 6 2 8 4 13 2
20 7 10 8 6 4 4 0 7 15 11 12 7 4 7
1 7 1 2 2 6 1 6 2 0 6 2 4 1 2
3 1 6 1 6 2 0 4 8 1 11 5 8 0 8
17 5 7 5 1 15 0 4 3 8 9 4 9 9 6
2 2 1 2 2 8 3 5 4 6 2 5 2 4 2
3 7 5 9 1 2 8 1 2 5 4 1 2 4 0
1 0 4 5 8 7 3 4 2 3 2 3 6 6 3
1 7 10 4 4 10 4 1 3 2 7 1 12 2 5
5 2 12 11 4 13 6 13 4 18 6 2 3 0 0
7 2 3 2 4 4 3 5 4 1 2 6 5 0 0
9 7 3 5 7 7 2 10 1 4 8 3 2 9 3
14 1 6 0 6 7 9 2 0 1 10 5 1 4 19
6 3 5 1 1 7 5 1 3 0 1 0 14 5 2
2 3 0 1 2 2 2 0 4 3 7 1 2 1 0
1 13 8 2 1 12 3 10 0 4 11 0 5 2 2
1 2 1 0 3 4 4 3 2 5 0 0 2 6 4
9 12 3 0 0 1 0 9 24 5 7 3 3 9 4
5 4 3 3 9 13 2 14 1 3 0 13 5 1 10
6 9 9 2 15 2 5 12 2 3 2 10 5 9 1
12 9 2 23 1 5 6 8 4 5 2 0 9 1 3
4 11 5 9 1 14 1 3 2 4 5 9 1 14 1
10 7 14 8 2 2 11 3 5 7 3 4 6 13 3
0 6 1 8 1 7 1 5 1 2 2 4 0 4 0
17 2 3 6 6 12 9 0 0 9 8 8 12 11 9
6 13 6 3 0 10 12 22 2 5 6 10 8 1 13
2 5 8 4 2 14 6 5 7 1 8 8 11 11 2
3 6 18 11 6 8 7 4 1 9 12 11 6 6 11
2 3 2 8 8 3 5 9 11 6 6 6 15 9 6
0 8 13 2 5 1 3 0 1 4 6 2 4 6 3
1 13 21 1 5 4 10 2 5 5 1 19 0 11 6
2 0 15 11 4 4 5 11 9 5 16 5 12 10 2
2 7 0 12 4 1 6 6 6 4 9 2 7 6 17
12 0 6 2 4 10 14 6 10 0 9 20 9 10 15
4 12 8 2 7 8 6 2 7 6 5 11 14 8 4
6 0 5 3 1 6 3 8 10 4 5 3 3 5 1
0 6 0 1 7 2 3 2 3 1 4 4 1 4 4
3 2 4 4 1 4 3 7 4 4 0 4 2 9 5
1 6 13 1 1 12 1 19 0 0 18 8 7 16 3
2 3 7 1 2 3 2 1 3 5 2 2 1 1 2
20 0 11 1 3 14 6 5 12 17 13 10 7 5 1
4 3 0 10 2 1 4 6 3 6 2 3 2 5 3
21 3 8 6 8 4 1 0 10 12 7 11 5 10 4
3 4 6 2 3 5 2 2 7 3 3 1 1 4 1
9 3 5 6 16 5 2 3 7 7 5 2 4 10 2
3 1 4 8 9 10 6 7 0 8 2 3 7 2 4
4 11 3 4 11 10 10 1 1 13 0 8 20 2 3
5 0 21 9 4 9 3 12 3 7 3 3 7 4 10
6 13 21 3 1 5 11 16 1 9 10 10 8 7 5
4 3 6 1 2 1 4 2 3 5 1 1 2 10 3
0 1 3 2 8 11 4 5 6 9 7 4 8 8 1
10 3 10 5 4 2 2 3 1 14 10 0 14 1 0
1 5 1 5 4 1 8 2 20 8 5 12 8 14 13
7 1 9 2 7 14 7 9 7 11 10 1 10 10 2
4 4 1 2 2 7 9 8 9 1 2 9 7 16 7
15 4 1 9 10 5 15 13 17 1 2 9 6 1 9
3 15 6 2 3 12 5 5 7 5 4 14 7 2 11
1 2 2 4 2 2 5 8 1 2 3 2 7 5 1
16 2 4 3 5 11 14 9 14 14 4 3 4 10 4
3 8 0 3 2 3 0 2 1 3 1 2 4 6 2
1 1 0 5 1 1 4 1 5 2 2 1 5 4 4
1 4 0 1 5 0 3 7 2 0 2 2 2 1 1
8 4 0 0 3 4 4 3 4 2 0 2 3 2 7
5 6 2 4 1 2 10 0 0 1 4 4 8 1 14
3 3 2 10 3 1 4 1 5 8 0 3 1 2 8
0 4 2 18 2 2 12 5 2 3 7 3 20 5 0
2 0 6 7 4 9 0 1 6 6 2 8 2 6 6
10 5 2 3 9 7 10 8 15 14 3 4 18 0 11
13 16 5 9 2 8 1 10 7 4 12 6 4 9 4
2 9 10 12 2 17 3 4 24 2 5 2 0 4 14
4 1 1 7 3 2 3 2 1 2 5 2 3 3 1
11 5 7 9 7 11 5 12 1 11 18 10 4 6 1
3 11 3 10 12 5 4 1 2 6 4 4 3 4 3
20 4 0 6 2 2 3 4 1 13 7 13 3 13 17
0 0 4 9 7 7 5 10 0 6 9 2 1 2 7
7 1 6 6 0 6 6 20 2 2 3 5 11 1 12
2 0 9 5 2 5 1 4 5 1 4 4 5 1 1
0 2 10 0 10 8 2 0 10 2 1 6 4 2 3
1 5 3 1 3 5 0 4 7 4 3 1 1 1 3
9 5 2 3 10 13 5 1 0 8 8 1 10 5 2
1 0 6 2 2 11 3 2 0 2 2 1 1 8 2
8 13 11 0 3 5 12 5 2 6 11 3 3 8 4
5 1 1 5 1 0 4 3 1 2 5 2 8 2 6
1 3 4 12 17 14 6 12 5 4 7 16 2 10 13
5 2 1 6 1 1 2 5 5 0 1 4 3 1 1
8 9 1 4 4 4 6 14 25 9 11 1 5 15 5
1 7 9 14 8 8 6 2 21 14 11 11 5 9 4
2 13 7 3 7 2 7 10 11 12 5 14 6 4 8
11 6 7 5 0 2 3 5 2 5 2 10 7 10 4
2 0 17 7 14 2 3 10 10 17 15 6 2 8 14
15 1 0 6 16 10 4 4 7 11 20 7 6 1 11
3 1 10 8 1 3 3 4 12 1 6 5 3 22 4
1 1 5 2 1 4 2 2 1 3 8 1 3 4 4
3 1 0 4 4 1 6 7 2 6 4 6 0 7 3
6 2 13 2 3 2 5 9 11 1 2 2 2 4 4
4 3 4 1 1 3 1 2 5 4 3 0 5 5 3
1 3 3 5 3 1 1 5 7 3 1 3 5 2 2
2 9 1 11 1 10 17 13 9 4 11 1 4 5 16
1 14 3 4 3 3 13 2 6 17 4 2 0 1 3
5 1 6 4 5 4 2 7 4 3 4 5 6 0 1
1 0 10 8 6 2 0 4 0 7 3 13 3 2 16
13 2 2 11 10 4 1 6 13 5 15 2 13 1 13
5 14 16 2 7 8 3 9 21 11 10 12 2 4 8
1 2 1 2 2 1 6 0 0 1 1 2 4 7 7
13 7 11 4 12 6 5 6 0 10 1 1 15 20 5
0 16 0 5 6 2 4 2 7 4 2 8 13 25 6
13 4 0 1 4 4 1 2 4 2 8 3 7 0 5
2 12 8 6 4 4 6 11 6 15 5 7 5 7 25
12 17 10 4 0 4 11 0 5 1 8 7 2 5 4
4 12 2 5 1 17 8 10 7 3 3 11 1 5 3
2 0 5 0 13 6 2 10 11 9 1 6 7 2 14
15 1 0 11 6 4 11 7 12 8 4 6 4 5 2
3 8 8 16 2 4 4 11 13 10 6 16 6 17 9
1 4 9 4 2 2 8 2 6 3 2 0 15 1 5
4 1 7 8 0 10 21 8 4 5 5 3 8 8 8
1 13 15 1 2 3 6 6 1 5 1 6 4 7 4
2 2 24 17 14 2 3 5 6 5 1 2 5 1 1
7 7 0 10 5 5 1 11 3 0 10 6 6 2 8
4 6 1 4 6 5 4 12 6 6 6 7 10 20 1
7 1 2 3 5 9 4 7 5 2 4 9 8 3 1
14 13 1 10 6 4 1 13 5 12 15 8 15 12 2
0 1 0 1 4 2 2 7 1 4 8 3 7 6 5
3 8 9 0 12 4 4 5 3 7 9 7 7 28 5
12 4 1 1 0 22 8 20 9 11 0 2 11 1 1
2 6 2 3 1 6 13 5 2 9 5 1 15 7 4
0 5 4 1 2 0 3 7 1 2 7 5 4 2 1
10 2 6 5 10 10 1 10 15 3 11 4 1 14 2
3 19 18 11 3 2 0 0 14 5 4 7 0 14 13
4 4 1 1 2 5 0 4 0 4 0 0 4 1 3
10 5 13 5 10 3 11 3 3 1 9 19 11 2 7
8 7 7 3 11 2 7 10 7 6 3 3 17 13 13
2 3 5 1 3 5 3 1 12 2 2 1 6 8 4
1 3 2 12 2 3 1 0 5 10 12 7 3 9 8
9 5 7 2 7 3 1 3 0 7 3 8 7 3 7
3 2 13 7 4 2 1 4 2 4 9 21 1 4 4
1 16 5 8 12 4 2 13 9 2 15 7 2 2 3
2 4 3 4 0 14 1 5 7 3 3 2 1 1 3
4 1 3 1 6 5 2 5 3 3 2 6 5 2 3
9 5 2 3 11 4 0 12 7 14 9 2 12 0 0
4 11 12 1 4 1 11 9 13 5 4 12 1 1 6
15 0 10 5 0 1 8 3 18 1 11 5 13 4 4
3 1 6 3 2 2 0 3 2 4 7 4 2 8 2
0 2 4 5 1 2 5 1 5 2 1 1 2 1 1
0 12 1 2 7 6 0 2 5 2 8 6 9 5 6
1 8 5 2 1 5 5 5 3 2 7 0 8 12 4
21 2 9 6 1 9 13 11 8 6 9 0 9 1 3
6 2 8 2 5 6 7 4 8 7 6 2 4 5 5
5 9 1 3 3 10 4 2 3 2 0 5 3 2 12
2 2 7 3 1 4 1 2 5 5 2 7 1 3 2
18 1 4 0 8 1 11 2 10 6 2 5 2 5 6
3 7 5 5 3 4 6 1 12 4 3 2 10 2 1
5 14 8 7 2 2 8 9 11 18 14 5 1 6 1
0 6 8 14 10 4 9 3 20 4 12 1 5 21 6
11 6 10 1 12 18 15 7 8 8 4 2 1 4 3
4 1 1 2 1 3 2 2 11 9 9 9 0 0 2
3 4 3 0 2 6 1 7 1 2 1 4 4 2 0
1 2 4 7 1 1 3 2 6 4 0 1 1 8 0
13 17 11 9 3 2 2 2 10 7 13 6 7 11 4
2 5 0 5 0 1 5 4 4 3 1 1 2 1 0
1 5 10 3 3 1 0 5 11 8 2 3 1 3 2
4 11 12 2 8 10 12 11 5 13 15 6 3 16 10
3 2 2 5 2 4 7 3 4 2 3 2 3 10 1
1 0 3 2 4 4 3 2 2 4 2 1 2 0 7
7 10 8 6 2 3 0 3 5 3 7 10 7 5 2
4 2 7 18 9 1 6 9 11 0 9 7 7 4 11
0 4 3 1 3 0 3 5 3 1 4 0 0 4 0
2 2 12 14 9 0 5 3 0 1 1 4 4 8 26
6 4 3 6 14 2 6 1 1 5 6 5 10 14 7
1 0 6 3 3 0 1 1 2 0 1 1 2 5 1
3 3 0 3 1 6 5 5 6 2 4 1 2 2 2
1 3 3 4 2 2 4 1 5 4 2 2 4 1 8
2 8 2 5 6 7 6 1 2 14 6 4 2 0 5
9 6 2 2 5 5 0 3 3 2 7 3 0 3 2
7 5 11 3 1 0 2 7 10 6 3 5 10 11 4
4 5 6 10 5 8 7 10 6 15 1 1 3 14 4
0 2 3 3 5 2 4 2 2 2 1 2 1 4 1
5 6 0 1 6 0 4 4 2 2 4 9 0 2 3
2 5 3 17 14 0 11 4 1 4 2 6 8 5 3
1 4 10 6 0 7 5 1 2 10 6 2 5 16 3
0 0 1 5 1 5 3 2 9 5 0 1 1 4 4
2 2 7 13 9 13 5 15 2 1 21 14 8 12 2
2 3 3 5 4 4 0 0 3 1 3 0 5 0 1
12 2 10 6 12 2 3 8 6 0 3 1 13 14 4
2 5 5 1 0 5 1 1 3 1 2 5 0 0 2
2 3 1 2 2 5 5 1 5 1 2 2 3 3 4
8 3 2 1 1 6 20 0 9 3 3 1 4 8 8
1 8 2 10 5 1 1 1 0 1 4 3 3 1 1
4 3 6 2 1 3 0 2 3 5 3 0 5 2 1
3 4 1 9 14 6 1 9 2 5 7 5 8 0 2
7 0 1 3 0 6 2 1 2 3 2 7 1 2 4
12 2 8 5 4 4 1 8 0 2 13 11 8 3 5
1 5 2 6 9 2 5 3 2 6 6 1 2 5 2
2 8 7 2 2 8 0 1 4 2 11 9 6 9 10
5 1 5 16 11 22 4 14 3 7 4 14 2 1 7
2 3 6 2 4 0 1 1 4 1 2 2 3 0 4
2 13 14 0 8 1 3 6 12 7 0 4 3 13 3
5 4 2 5 5 8 2 7 9 13 14 25 0 10 3
3 2 1 2 4 3 2 2 2 2 2 3 5 2 1
3 1 1 6 8 7 2 2 2 6 5 5 5 6 3
2 6 0 1 6 23 8 10 13 12 0 14 6 9 10
2 4 6 6 4 2 3 6 3 7 1 1 2 2 4
14 4 3 14 6 10 6 1 11 1 4 7 4 6 3
4 0 2 3 0 7 0 1 5 4 2 3 4 0 0
4 8 2 4 14 12 7 3 6 8 0 12 0 1 7
8 1 16 8 1 2 3 2 8 10 7 5 14 22 1
1 8 1 1 2 12 5 9 5 1 1 2 8 4 2
11 5 2 0 5 4 2 4 3 5 5 7 9 1 4
3 4 4 7 1 8 4 12 7 4 9 12 0 14 9
6 12 9 4 10 3 8 7 7 2 0 9 1 3 2
4 1 10 2 1 0 3 6 4 10 15 4 3 3 5
15 10 4 13 17 5 13 2 1 1 4 0 6 3 14
5 5 11 15 2 8 9 7 2 1 4 0 6 7 7
5 1 1 2 5 7 2 4 3 5 14 3 11 9 9
2 2 15 2 8 10 12 2 4 9 0 18 3 7 15
1 15 7 18 6 1 7 8 13 10 11 3 1 2 1
5 5 8 2 1 2 1 7 8 3 0 2 13 5 7
5 13 3 8 4 6 11 8 1 1 0 12 9 2 16
15 2 6 16 6 6 8 1 4 20 3 6 5 3 5
5 2 7 6 1 0 5 1 10 2 2 4 10 11 1
2 2 3 12 5 3 8 13 3 8 3 4 5 11 2
2 8 2 23 6 1 1 12 5 8 13 4 8 2 8
6 5 5 3 3 5 2 6 4 1 3 2 0 4 1
0 7 8 7 6 3 4 3 0 4 5 1 9 3 6
5 8 1 19 7 4 1 1 11 6 10 4 3 11 0
4 8 11 5 4 1 6 8 21 1 8 4 8 2 14
2 1 10 2 1 1 0 4 3 1 4 2 9 3 1
3 5 9 16 10 8 1 5 4 7 10 1 6 0 5
7 9 9 1 3 6 11 3 0 11 1 13 2 10 2
9 1 2 1 11 11 1 3 2 8 12 3 2 2 11
0 3 2 8 3 1 7 4 3 3 3 1 2 10 2
1 3 1 1 5 9 2 5 3 2 0 4 0 9 2
3 5 4 12 10 13 1 2 6 2 6 2 5 9 17
2 2 1 6 15 2 2 5 12 4 3 12 5 0 1
1 3 2 0 4 0 4 0 4 5 1 0 6 1 2
18 9 9 10 12 6 15 8 2 6 7 9 12 3 14
3 3 7 4 5 1 4 8 0 1 8 5 21 0 2
6 2 24 5 1 11 5 1 4 6 0 11 22 0 6
4 8 5 10 2 0 7 13 2 3 2 6 5 5 2
13 1 3 4 3 8 7 7 10 7 10 7 5 4 1
2 6 9 13 12 6 6 6 4 2 8 2 6 3 9
10 2 1 16 4 9 4 13 1 8 18 3 7 3 12
3 14 1 10 5 5 5 1 10 23 7 4 3 3 9
8 13 3 15 3 15 11 6 0 2 9 2 5 7 15
10 1 4 7 6 3 7 3 4 1 9 1 3 3 9
0 4 7 1 0 1 0 0 3 7 1 0 3 4 0
6 3 1 1 5 1 1 0 4 3 3 1 5 3 3
11 1 3 1 2 1 16 0 2 1 3 1 9 3 5
5 3 2 5 3 3 3 1 2 2 2 2 0 3 2
6 5 9 16 12 8 6 3 13 8 24 3 6 3 2
6 9 1 5 7 2 12 10 17 9 16 5 1 11 2
2 0 0 7 2 6 0 5 3 3 0 1 2 1 0
5 4 4 1 2 7 0 2 4 4 1 4 3 3 3
8 1 2 5 6 2 1 3 1 2 3 1 1 4 2
4 16 4 13 6 1 12 13 3 3 5 13 8 12 4
6 3 5 13 3 8 1 5 8 9 6 3 7 10 5
0 1 3 1 4 1 2 1 2 2 4 0 2 4 5
1 6 1 4 0 4 4 9 4 2 10 10 3 2 1
3 11 4 1 17 1 13 4 11 15 0 0 12 2 4
2 4 12 0 0 8 1 3 9 7 6 5 1 3 0
3 0 6 14 2 8 8 7 5 4 3 1 1 2 1
1 0 0 1 10 7 7 1 3 7 7 3 1 5 3
2 8 3 5 5 7 13 10 3 3 9 12 10 23 9
3 2 3 1 2 3 0 3 2 1 1 0 5 4 2
2 0 3 1 6 2 6 4 9 11 5 7 10 16 10
1 5 6 3 10 1 9 0 8 1 2 0 1 2 4
3 2 4 1 5 0 2 1 1 1 11 5 3 2 1
22 6 4 5 5 6 3 8 1 6 6 21 1 7 5
3 0 3 0 3 22 8 6 11 6 8 5 2 6 3
10 3 3 10 1 4 3 0 4 7 10 2 10 2 2
7 4 9 13 12 9 9 9 9 16 1 20 7 5 1
7 4 6 4 11 2 1 4 16 9 8 1 5 1 29
10 3 1 2 4 7 3 0 7 12 14 4 12 10 4
7 1 4 5 3 1 2 10 6 1 4 3 0 1 1
1 6 6 6 8 4 2 0 5 8 2 3 2 0 6
3 7 2 14 2 14 14 10 0 5 1 2 9 3 21
8 11 12 7 1 11 3 17 12 11 3 10 15 4 13
4 5 6 2 8 10 3 4 3 5 4 2 4 2 4
0 4 1 2 3 2 1 1 1 5 6 0 0 2 2
3 10 5 0 2 0 0 10 5 5 2 10 12 5 2
6 6 19 10 2 9 14 4 4 10 0 8 10 15 3
12 6 0 1 9 2 4 2 7 7 9 1 3 7 11
3 6 3 9 3 2 1 2 5 7 2 2 2 1 3
5 3 5 16 7 3 4 6 1 9 6 9 3 4 3
5 7 9 6 7 3 11 5 5 0 5 5 2 10 7
1 7 4 2 0 1 2 3 2 3 5 6 6 0 5
16 4 6 5 1 7 8 2 1 3 11 12 6 0 5
15 4 4 2 2 4 10 4 10 9 11 1 5 10 23
13 2 13 6 2 1 2 20 1 3 9 1 6 15 7
13 9 1 6 11 9 2 12 6 0 4 9 23 2 10
7 9 7 12 9 6 4 13 11 22 8 6 11 4 1
4 1 2 1 5 4 1 3 7 7 1 1 5 1 1
10 7 21 2 2 7 18 4 15 16 5 1 1 9 2
2 11 2 3 3 1 2 8 5 6 18 11 11 3 2
4 0 4 1 4 0 1 2 4 1 3 4 8 2 4
7 19 9 4 2 2 8 8 4 8 11 8 12 8 12
5 5 8 6 8 6 5 1 3 2 3 2 7 10 0
15 2 13 1 13 1 6 8 5 2 21 15 0 3 6
4 2 12 8 3 7 7 2 10 11 2 7 3 2 7
3 6 5 2 3 3 1 2 1 2 0 3 3 2 0
3 5 5 6 4 5 1 19 3 5 15 9 6 11 6
4 6 2 4 1 0 7 2 3 7 2 5 3 2 0
8 18 5 4 2 3 5 1 15 6 3 2 8 0 0
10 6 4 1 0 3 2 4 4 7 1 4 3 1 3
0 3 0 0 0 3 1 0 3 4 3 2 8 11 3
0 1 4 0 0 1 2 8 2 8 0 6 3 0 1
1 1 1 0 2 2 1 5 8 3 1 3 4 3 2
1 1 0 0 3 3 4 1 3 4 3 3 1 7 2
3 0 6 4 1 9 3 9 6 9 10 1 1 1 5
12 9 13 5 6 8 8 7 16 6 8 5 14 5 5
15 4 0 6 3 4 5 5 8 2 10 9 2 7 13
5 5 3 4 5 1 4 5 3 1 6 5 11 2 2
3 14 2 3 4 9 7 18 4 9 7 8 15 7 2
3 4 7 10 4 1 8 1 4 0 1 3 2 2 6
5 4 6 1 1 1 4 5 9 2 6 6 5 8 1
2 2 3 5 1 0 4 3 5 3 3 0 1 0 4
9 0 10 11 2 11 5 11 3 4 10 5 0 25 2
8 6 3 5 1 6 18 1 3 8 8 14 0 10 1
0 2 5 6 18 5 3 3 4 3 13 4 2 3 5
3 13 6 3 6 7 7 3 3 6 11 12 5 14 4
3 10 8 14 1 6 3 27 2 5 11 6 3 2 7
0 8 4 10 1 5 8 3 1 0 3 9 2 7 2
1 6 5 0 1 3 5 9 2 8 9 0 3 5 0
16 1 3 4 6 5 13 3 16 3 5 14 1 3 1
7 2 7 0 3 13 1 7 7 3 0 7 1 2 5
7 0 1 1 1 1 0 1 2 5 0 5 2 2 4
1 4 5 5 16 3 7 2 7 8 0 4 6 9 5
13 11 5 3 17 10 15 5 8 0 5 5 5 3 15
12 5 2 6 4 14 4 9 6 2 6 1 3 11 1
2 0 4 2 4 1 6 6 0 0 3 2 3 2 3
2 3 3 6 0 5 2 2 3 2 0 1 2 1 1
1 1 1 3 1 4 3 1 1 2 1 0 4 2 6
1 4 7 3 1 5 2 6 5 3 3 0 1 5 6
11 2 14 7 4 1 16 9 14 1 1 20 13 4 4
4 6 2 5 7 1 5 0 8 4 6 7 6 3 3
6 3 3 4 9 0 1 1 2 3 1 0 8 1 5
2 1 5 2 5 4 4 8 1 2 1 4 1 10 4
7 4 9 7 8 6 1 4 5 10 3 12 2 3 1
1 4 3 6 5 2 8 3 2 4 2 7 3 10 5
2 5 2 1 6 4 11 6 1 3 3 0 5 0 3
0 12 18 5 17 3 6 6 13 1 0 7 10 10 2
1 12 7 10 12 2 1 2 8 11 3 1 1 2 7
8 3 6 4 5 15 8 17 13 3 8 12 3 4 4
5 3 12 5 1 11 7 3 12 9 1 5 7 0 9
7 2 10 2 5 6 0 14 13 0 3 2 4 5 8
4 5 8 6 5 5 7 9 6 1 4 26 15 3 4
1 1 4 11 5 3 2 8 1 14 3 5 2 1 7
1 6 1 2 0 6 1 2 3 4 6 2 0 4 8
3 1 21 5 3 17 8 3 12 11 4 2 5 6 12
11 3 9 7 0 9 12 7 11 6 2 6 4 12 4
10 4 6 18 7 5 5 8 0 8 1 8 1 2 4
5 7 0 4 6 3 6 4 3 7 7 4 4 4 7
3 3 5 2 3 2 2 3 2 2 0 4 1 5 1
0 10 2 3 2 0 3 5 1 6 3 4 3 1 5
0 0 4 3 5 3 1 2 0 4 1 0 0 2 8
6 7 6 7 4 12 4 14 0 2 8 4 4 9 9
2 4 7 15 1 8 0 3 6 10 4 0 1 7 5
12 2 5 10 2 5 3 4 9 2 3 1 4 0 0
2 1 7 4 8 9 2 13 3 11 0 3 8 5 9
7 1 0 1 2 14 3 11 11 1 19 7 3 16 7
3 2 4 2 4 3 3 1 4 3 0 0 11 1 2
3 1 4 4 0 3 2 1 2 3 5 2 2 1 1
6 4 4 13 5 0 2 1 1 5 5 3 7 1 2
0 3 3 16 6 4 10 7 0 0 15 1 4 6 9
6 1 0 16 1 2 6 4 2 8 4 10 2 10 8
8 9 12 4 5 4 4 0 10 18 14 16 7 2 2
20 8 3 4 7 4 1 1 1 1 16 3 2 6 4
3 2 3 5 11 15 5 2 1 1 7 6 4 6 13
13 2 4 7 10 18 3 9 9 1 18 7 4 0 8
4 7 5 2 3 8 4 2 3 4 5 1 3 12 4
2 1 4 4 2 7 4 6 3 8 3 9 2 3 9
11 0 14 8 8 2 2 2 13 12 15 4 4 5 10
4 4 2 3 2 0 6 1 0 3 3 0 4 4 4
7 4 1 7 8 12 2 1 3 5 6 4 9 11 2
3 4 3 12 5 4 6 4 13 2 2 3 1 3 12
8 4 4 1 8 3 4 10 8 7 10 3 4 4 2
2 3 4 1 5 4 10 9 7 1 6 2 4 1 4
14 2 1 9 4 3 9 15 2 4 3 9 17 0 10
5 5 11 4 5 2 7 11 8 21 7 17 0 6 11
6 2 12 4 16 0 4 16 4 15 1 1 10 1 6
3 7 15 9 2 5 5 8 5 9 3 2 9 3 5
14 4 1 6 14 3 8 1 7 9 2 7 6 7 9
11 1 0 8 9 1 10 2 12 0 13 13 9 0 4
0 5 2 6 2 1 0 1 2 0 1 1 1 5 3
1 4 5 5 4 3 2 7 7 3 1 1 4 1 9
6 2 3 3 13 1 3 4 1 11 0 10 1 0 10
1 4 1 8 2 2 0 4 1 4 3 2 5 3 3
2 0 5 4 7 0 9 3 0 0 0 7 6 5 12
2 1 4 6 1 2 1 3 1 1 3 1 0 5 2
14 5 5 1 6 0 12 2 4 1 19 5 1 5 1
17 15 1 9 15 0 7 3 12 9 13 2 5 9 6
3 1 1 4 3 4 4 5 2 2 6 2 2 8 1
9 5 10 10 3 7 9 9 1 5 5 3 20 5 13
3 7 14 3 3 5 9 5 11 9 9 14 7 1 3
1 4 9 10 7 1 1 9 12 5 4 7 13 7 10
5 9 4 1 2 4 1 3 3 4 6 3 3 5 4
3 1 3 3 5 3 1 2 1 4 3 1 0 2 2
5 0 7 8 9 4 1 11 13 0 10 7 11 8 5
2 3 3 12 10 4 6 6 8 5 4 4 10 0 2
2 1 3 2 3 3 2 3 0 3 8 4 5 3 4
9 4 0 0 7 1 14 2 8 2 1 7 0 3 7
2 2 9 10 5 15 5 8 3 11 22 15 5 11 2
1 1 4 3 5 4 3 0 2 2 5 3 9 2 6
8 8 5 5 6 5 3 6 5 3 17 2 1 7 9
5 2 4 14 4 4 1 10 5 2 7 5 16 12 1
2 11 8 4 5 3 7 12 17 5 0 1 0 10 1
1 2 4 1 1 2 4 16 2 5 2 0 7 1 1
4 2 6 3 11 6 0 7 1 0 3 2 2 9 3
1 10 0 0 3 1 4 1 9 7 3 2 3 1 5
1 5 11 6 2 5 1 13 9 16 13 13 4 2 7
9 10 17 5 6 0 4 7 4 4 18 13 4 7 7
15 10 1 9 4 9 2 1 6 4 2 3 8 5 8
8 7 0 2 17 5 9 11 13 3 5 7 5 3 2
1 8 1 2 2 1 4 4 3 4 2 4 0 7 4
10 3 0 2 6 13 2 7 0 4 3 7 7 11 11
1 4 1 8 14 14 13 12 3 15 2 3 10 2 3
6 2 1 2 5 3 0 3 3 0 4 2 2 8 5
18 2 6 14 9 0 0 1 1 19 22 3 1 1 2
15 4 2 3 4 7 3 9 10 7 8 1 12 11 8
3 3 4 2 9 5 3 3 3 7 3 8 6 2 1
0 4 6 2 0 4 0 4 1 1 2 5 0 3 0
2 2 2 9 3 5 7 7 4 2 0 4 2 3 5
6 4 7 1 1 3 0 1 1 1 5 5 2 3 1
2 0 9 3 4 1 1 1 4 4 4 8 7 5 8
5 17 7 6 1 3 9 11 4 1 8 3 6 1 3
3 5 3 1 3 4 4 7 6 1 2 2 1 2 10
4 9 1 8 7 6 19 1 5 1 6 4 5 0 7
4 7 6 1 4 2 1 25 3 4 17 1 0 0 9
0 3 6 2 3 2 2 1 2 4 4 4 1 3 8
15 8 8 6 5 4 10 6 2 2 9 2 11 7 8
7 15 1 5 1 12 9 2 1 6 5 8 7 19 1
10 0 8 9 10 4 16 6 2 17 12 7 6 14 14
12 10 4 10 1 0 1 6 0 3 4 5 7 3 1
6 10 15 13 7 8 3 9 7 17 3 12 2 13 3
3 16 14 4 6 1 1 1 1 2 9 9 5 2 3
2 1 8 2 3 6 3 9 3 3 1 0 8 3 12
0 9 0 5 5 6 2 7 3 0 10 2 6 8 4
3 11 7 2 7 13 2 9 11 14 2 10 4 7 17
3 3 13 4 1 4 5 2 10 18 0 3 19 11 8
9 4 13 8 0 4 5 13 7 3 4 10 7 4 1
10 0 3 6 13 1 11 6 3 2 12 9 10 24 10
7 7 7 6 9 1 1 6 10 9 8 5 2 2 5
13 4 9 5 1 9 3 8 0 7 7 4 7 15 2
3 13 2 4 4 0 6 6 1 0 3 3 8 4 1
3 4 0 0 15 20 4 2 0 4 2 19 8 2 4
6 2 2 1 0 3 2 3 5 2 5 7 3 15 3
0 17 13 9 1 1 2 4 1 1 3 6 5 1 17
3 0 7 1 5 6 8 1 13 4 5 4 7 2 1
3 2 16 4 3 12 6 5 3 24 1 13 0 6 2
16 4 8 20 1 4 4 2 6 3 6 0 6 1 3
1 3 13 12 8 13 7 14 1 0 14 6 8 3 2
2 6 2 1 2 11 1 4 3 6 3 1 0 4 3
0 3 7 2 4 2 5 10 2 4 3 4 7 11 6
6 1 2 14 8 2 2 7 3 7 8 8 6 4 2
5 9 5 12 2 2 6 22 9 10 1 8 2 4 7
8 5 0 8 1 22 0 3 1 5 11 9 13 0 10
6 2 1 9 12 1 4 5 0 1 13 3 25 10 10
0 1 4 0 6 9 2 6 2 4 6 4 0 5 9
9 11 5 0 0 5 8 4 6 21 7 12 1 14 5
2 11 5 3 10 10 4 7 5 4 9 7 23 8 3
3 3 1 0 1 5 6 8 1 1 4 1 5 5 6
7 1 5 9 11 4 7 7 2 5 13 2 19 1 18
3 2 6 1 2 3 2 1 2 0 0 1 0 4 4
6 1 7 4 3 1 2 5 4 8 6 1 9 1 0
2 95
2 102
4 43
4 102
6 33
6 92
8 63
9 105
11 50
12 22
15 84
15 100
17 74
18 95
18 114
20 66
21 48
23 52
24 48
24 54
25 111
28 106
28 121
30 79
31 51
32 118
32 128
34 129
34 130
35 87
36 74
36 130
38 51
39 81
39 100
39 134
40 73
41 81
42 92
43 123
45 64
45 109
47 61
48 77
48 138
49 59
49 81
51 142
52 125
52 150
54 119
54 141
55 124
56 152
57 112
57 136
57 156
59 91
60 86
60 87
60 102
61 76
62 102
62 156
63 107
64 68
64 161
66 139
66 164
67 94
67 102
67 123
67 139
68 100
75 161
76 87
76 127
77 113
78 98
80 120
80 155
81 111
81 132
83 91
84 152
85 178
86 158
87 186
89 95
89 128
89 144
90 119
90 153
93 102
93 129
93 144
93 155
94 118
95 97
95 112
95 173
97 182
98 141
98 160
99 125
99 198
100 107
100 161
101 109
101 126
101 136
101 142
101 170
101 180
103 108
104 131
104 204
105 125
106 196
106 202
107 122
108 142
108 158
108 192
109 188
113 122
113 194
114 182
115 125
115 148
115 167
116 130
116 207
118 204
119 189
120 169
120 207
120 219
124 174
124 194
125 163
125 164
125 211
126 177
127 172
127 173
128 192
132 162
132 216
133 155
133 187
134 234
135 180
136 148
136 172
137 173
138 203
140 173
142 223
143 214
143 217
144 148
144 152
144 197
145 169
145 171
145 202
145 230
146 242
148 170
148 178
148 206
148 213
149 249
150 155
150 178
151 169
152 157
152 219
153 175
153 246
155 178
155 214
155 230
156 216
156 252
157 216
158 223
159 181
160 200
160 245
161 165
161 171
162 249
162 256
163 195
163 217
163 225
164 201
165 248
166 169
166 222
168 226
168 262
170 234
172 254
175 197
175 274
176 266
177 179
179 276
180 190
180 240
180 278
183 214
184 231
184 235
185 213
185 275
186 256
186 259
187 189
187 256
187 275
188 279
190 213
190 269
190 270
190 289
191 199
191 206
191 267
191 274
192 210
192 243
192 245
193 221
193 263
194 277
196 252
198 209
201 218
203 210
203 235
204 247
204 265
207 228
209 217
209 233
209 295
211 231
211 253
211 302
212 226
212 295
213 251
214 314
215 235
215 303
216 274
217 242
217 287
218 234
220 305
220 317
221 247
221 267
225 254
226 239
226 263
226 268
226 293
226 315
227 236
227 327
230 316
231 249
233 270
233 313
234 291
235 272
237 302
237 332
238 240
241 269
241 298
242 342
243 274
243 291
244 263
244 298
246 310
247 291
247 305
248 272
248 293
249 306
250 301
251 315
251 320
252 273
252 290
252 337
253 262
253 290
254 306
258 356
259 276
259 308
259 313
259 357
261 309
262 352
265 351
266 352
267 337
268 318
269 341
270 279
271 335
273 310
274 280
274 331
274 339
274 356
275 293
275 310
275 314
275 360
276 304
277 324
278 322
279 328
279 336
279 338
279 372
280 331
280 349
280 354
281 320
284 339
284 348
284 353
285 318
285 329
285 335
286 321
286 322
286 351
287 375
290 337
293 304
293 370
294 380
296 393
298 396
299 319
299 387
301 354
301 360
301 391
302 330
303 373
305 338
305 339
305 392
306 307
306 377
306 380
307 398
308 339
308 342
308 402
311 386
312 363
312 364
314 321
314 380
315 394
316 396
317 380
317 391
317 400
320 330
320 339
322 323
322 408
325 413
326 329
326 412
326 425
328 415
330 353
331 339
332 349
332 354
332 355
332 375
332 388
333 418
334 434
335 379
338 419
339 365
340 370
340 431
342 377
343 404
344 367
344 385
345 359
345 382
347 409
348 436
349 411
351 387
352 363
352 437
353 372
353 434
354 442
354 444
355 425
356 377
356 378
356 413
357 400
359 369
359 399
359 404
360 364
360 409
360 421
361 382
361 417
362 377
362 405
364 370
364 379
364 384
367 431
370 464
372 466
372 469
374 430
375 439
376 420
378 407
378 443
379 395
380 381
386 407
386 437
387 463
388 452
388 468
388 481
389 394
390 404
392 460
395 416
395 484
398 494
399 411
399 427
399 481
400 414
400 457
401 460
402 468
403 486
404 447
405 473
407 415
408 460
408 470
409 459
409 486
410 465
411 417
411 455
412 493
414 454
415 426
417 420
417 470
417 509
418 456
419 441
420 423
420 452
421 506
421 507
422 494
422 509
423 487
423 490
425 431
427 472
427 480
429 432
429 451
429 508
430 459
432 465
432 485
432 510
433 491
435 458
435 488
435 505
435 507
436 513
438 456
439 498
440 487
442 503
443 460
443 477
445 483
446 514
448 517
448 536
451 485
451 504
452 487
453 462
453 526
453 541
454 516
455 483
458 554
459 523
460 510
460 529
462 499
463 483
463 518
463 525
463 529
464 465
464 497
464 559
466 483
466 501
468 538
470 483
470 494
470 501
470 568
471 545
471 558
472 534
473 483
477 521
479 534
480 552
481 500
482 497
482 502
482 541
482 553
482 581
483 508
484 518
485 574
487 549
488 543
489 510
489 554
490 503
490 546
491 571
492 515
495 595
496 527
497 584
498 562
500 570
501 538
501 584
502 532
502 576
503 510
503 543
504 586
507 552
507 576
508 563
509 551
509 602
510 590
511 553
512 517
512 537
512 602
514 536
514 540
514 544
515 569
516 542
518 533
518 569
519 602
520 583
520 595
521 582
522 552
523 581
523 585
524 577
525 625
528 543
528 623
529 561
529 609
531 586
532 552
532 598
533 626
535 587
537 604
538 552
538 554
539 594
541 572
541 581
541 593
543 595
543 630
543 638
543 642
544 548
545 609
545 632
545 639
546 582
546 641
548 572
548 610
548 614
548 633
549 584
550 592
551 574
551 578
552 572
554 574
555 594
555 610
556 573
556 635
556 640
557 614
559 629
560 574
560 657
562 653
563 573
563 616
566 567
566 631
567 616
568 666
569 663
569 668
570 669
571 636
571 662
572 620
572 671
573 643
573 668
574 672
577 585
580 606
580 636
581 593
582 592
583 599
583 642
584 635
587 637
589 629
589 672
591 610
593 629
593 682
596 625
596 677
598 624
598 626
598 680
599 614
599 615
600 607
602 613
604 614
605 626
605 677
605 687
609 621
609 653
612 674
613 614
613 676
613 705
614 639
615 621
616 622
617 653
620 628
620 673
622 719
623 641
624 675
625 629
625 718
626 633
626 673
626 683
627 645
628 704
630 706
631 720
632 666
632 683
632 717
633 665
636 736
637 673
638 671
638 701
640 689
643 655
643 704
643 737
644 736
645 703
646 653
646 705
647 703
649 653
649 704
649 735
651 697
651 700
651 708
651 728
653 656
653 725
654 742
656 670
656 741
657 703
658 720
659 663
659 685
659 703
660 743
661 665
661 739
662 666
662 750
663 681
665 737
667 735
668 675
669 677
670 677
670 683
673 725
674 693
676 776
677 724
677 739
678 704
678 715
678 732
679 708
681 708
681 716
682 706
683 719
683 721
683 780
684 783
685 762
685 780
686 732
687 756
688 749
688 781
691 779
691 790
692 771
692 783
693 720
695 715
695 793
697 770
697 778
697 779
699 745
699 789
700 720
700 743
700 749
701 735
703 757
703 771
703 781
704 744
705 733
706 758
706 788
706 797
707 731
707 744
709 725
711 738
711 739
711 761
712 766
712 770
712 799
712 807
713 808
715 778
715 802
715 814
716 742
718 796
718 800
719 768
719 812
719 819
720 772
721 780
722 792
722 812
723 779
723 802
724 755
725 771
727 767
727 795
729 743
733 769
734 833
735 763
735 813
737 800
739 810
740 798
742 827
743 759
744 772
744 782
745 795
745 826
745 845
750 793
751 760
752 814
754 819
756 812
757 783
757 812
762 809
762 843
763 819
763 858
764 809
764 833
764 863
765 790
766 861
767 807
767 826
768 789
768 852
769 864
770 868
773 837
774 853
775 817
775 874
777 823
777 867
778 841
779 816
779 863
780 803
780 857
782 788
782 849
782 856
783 799
783 820
784 863
786 871
787 793
788 864
789 859
790 836
795 798
795 826
795 838
797 879
798 809
798 817
798 863
800 821
802 827
804 813
804 818
804 866
805 896
806 807
808 902
809 820
811 814
813 896
814 851
814 914
816 849
817 833
819 879
819 886
819 887
820 823
820 843
821 826
821 840
821 883
825 834
825 874
828 910
829 871
830 884
832 878
833 932
834 836
835 932
836 891
837 927
839 860
839 883
839 894
840 899
841 889
841 904
843 864
843 901
844 864
844 892
844 902
844 938
845 891
846 853
847 915
849 887
850 909
851 910
851 948
852 859
853 888
853 914
856 937
857 911
857 948
859 893
860 866
860 908
863 930
864 867
864 907
865 886
865 942
865 944
865 951
867 937
868 937
870 951
870 957
873 906
874 904
874 911
878 923
879 962
879 977
881 934
884 890
885 946
886 952
890 921
890 981
893 912
894 898
894 948
896 938
897 963
897 991
898 980
899 919
899 952
899 975
900 956
902 941
902 970
902 988
905 920
905 960
906 944
908 979
908 985
909 915
909 916
909 949
909 995
910 957
910 986
911 959
911 971
911 981
913 937
918 989
919 974
919 992
920 929
921 951
921 971
922 961
923 984
924 930
925 977
926 946
926 980
928 963
928 972
929 946
931 933
931 988
934 968
934 1000
935 981
936 950
936 972
938 941
938 956
939 940
942 988
942 989
943 989
944 973
945 983
946 953
947 992
950 973
957 986
958 961
958 968
962 1000
963 991
968 999
974 992
981 987
1 2 15 9 27 0 7 4 7 11 3 9 13 13 0
26 4 3 10 24 4 26 13 22 7 9 3 1 2 26
9 17 7 10 9 21 2 16 15 21 18 1 4 7 1
6 0 10 14 0 6 2 6 13 8 29 4 14 13 28
4 7 15 5 7 5 3 2 10 13 7 1 11 9 14
14 17 5 6 22 2 15 6 5 6 20 26 2 7 1
6 4 6 8 5 7 1 18 12 10 1 6 1 8 6
0 1 5 8 1 7 2 10 3 11 2 3 3 4 5
6 4 11 1 12 8 12 4 7 7 2 10 5 1 7
6 25 11 11 9 5 12 24 2 4 8 6 4 15 8
28 2 1 9 19 8 10 10 7 20 2 6 20 22 5
20 11 1 5 26 7 17 27 3 8 6 4 0 20 5
6 4 6 5 5 6 1 8 14 8 11 7 1 9 1
10 15 3 6 6 11 9 8 7 3 5 15 1 4 0
6 1 1 0 9 1 9 7 11 12 3 2 4 2 22
1 2 2 6 4 4 3 13 7 3 6 7 6 2 4
3 7 4 8 12 3 0 5 8 0 9 1 2 5 2
2 7 7 1 1 11 2 9 6 4 1 2 6 6 2
6 1 9 0 6 9 10 1 7 4 4 2 13 6 7
6 16 6 9 1 25 0 13 13 0 11 9 2 9 4
35 36 25 20 31 39 32 52 49 33 32 44 31 52 53 45 60 57 51 28
13 19 20 5 7 19 19 23 18 9 13 22 20 23 27 20 25 22 15 17
55 48 17 49 49 50 41 67 64 36 37 44 46 52 74 65 69 71 75 34
25 18 14 28 27 12 23 40 17 21 17 20 18 12 33 33 34 36 31 22
18 10 9 14 15 8 10 22 5 8 2 10 11 7 16 14 22 21 14 13
16 7 8 20 18 6 16 22 17 5 11 9 20 12 22 25 23 25 27 20
34 19 12 13 25 15 29 34 18 14 23 22 23 25 35 36 41 33 25 23
31 31 34 31 29 29 36 57 24 17 17 27 41 38 48 52 51 50 32 42
38 26 27 22 17 31 37 55 38 20 23 21 34 41 31 49 46 50 38 38
39 41 38 31 37 40 37 58 43 25 27 36 43 44 55 57 64 55 54 38
3 3 2 3 4 2 3 7 5 2 1 6 4 3 8 3 7 8 10 4
39 40 13 27 19 31 34 47 37 25 39 33 31 40 54 52 46 41 38 24
8 5 6 10 9 6 3 7 6 5 1 4 5 9 6 7 18 13 15 16
36 34 37 27 31 40 38 47 40 31 22 43 44 39 50 49 61 56 45 45
13 10 7 11 8 11 11 13 7 6 5 9 10 9 16 7 15 9 13 13
9 1 5 4 2 3 5 9 5 1 1 1 3 1 11 2 8 10 5 3
9 3 6 5 7 7 8 16 10 10 9 11 4 5 10 5 12 15 13 8
14 3 1 9 3 1 7 16 13 1 7 2 3 2 17 9 6 16 13 6
22 18 14 14 11 12 15 24 8 2 18 16 19 13 27 21 27 19 21 9
72 46 40 39 50 52 68 76 64 53 43 55 67 58 63 78 86 74 65 59
14 12 13 13 11 5 19 29 15 3 15 10 11 15 25 26 21 21 13 13
12 8 17 20 18 8 13 24 11 5 8 13 18 13 21 21 24 28 17 22
14 10 4 12 6 9 8 15 5 4 8 11 7 9 16 14 14 12 9 13
19 22 30 37 35 22 35 48 28 24 12 23 37 33 39 31 42 43 38 36
9 8 6 8 7 6 4 10 1 2 1 6 3 3 10 5 14 10 5 9
16 9 6 5 5 15 8 11 8 8 1 6 12 15 11 13 25 16 12 17
41 24 19 25 23 18 37 42 31 4 30 24 34 27 37 36 40 39 36 25
18 11 15 10 8 13 9 17 8 4 15 16 14 18 21 18 24 16 18 15
32 18 32 38 36 21 44 56 42 27 9 11 43 41 53 48 45 56 46 44
37 26 14 23 23 38 22 41 45 26 25 33 33 44 42 44 51 44 47 26
20 35 26 20 16 34 33 46 24 24 18 36 33 41 43 42 48 46 25 40
22 23 12 19 13 13 28 35 27 5 13 7 23 19 35 31 33 32 28 21
45 22 27 30 33 34 43 61 55 38 23 32 40 42 59 53 51 54 48 36
32 42 35 56 39 29 49 62 38 24 29 31 52 47 58 62 65 61 59 50
34 29 19 41 23 26 44 53 28 18 24 27 42 40 40 54 47 53 42 48
24 35 28 40 34 28 46 56 40 29 34 41 40 48 60 57 50 65 59 47
37 24 25 23 25 28 24 42 28 21 14 20 28 31 35 45 53 41 38 33
3 10 6 5 5 1 2 9 2 1 5 9 2 5 14 8 11 5 7 2
16 10 6 10 7 10 6 15 8 3 12 11 8 9 25 16 14 13 15 8
51 37 33 30 36 46 46 64 58 28 44 45 51 54 48 66 65 66 66 46
8 4 7 8 5 6 9 9 3 1 1 5 10 7 6 4 12 8 6 11
53 26 37 37 38 32 55 73 51 19 42 32 56 46 55 68 59 69 54 46
15 16 9 10 7 16 15 26 11 12 18 24 15 18 21 21 18 14 17 14
41 34 16 42 37 25 35 44 31 17 32 27 40 22 52 46 48 38 37 19
10 8 11 17 12 5 15 26 7 8 6 11 13 9 12 20 23 23 12 23
45 43 39 46 44 18 52 66 45 31 31 33 53 33 62 61 68 63 51 44
31 42 42 33 38 38 48 70 36 29 26 40 50 50 63 67 67 70 46 53
22 15 25 28 22 8 24 39 16 12 13 10 25 22 30 32 40 35 26 30
14 6 5 6 1 9 4 8 1 1 6 8 7 10 13 9 12 7 5 7
50 45 29 17 37 44 44 60 61 37 34 44 42 61 66 56 61 59 55 41
30 12 13 14 16 19 14 29 20 16 16 19 12 20 28 23 25 31 26 16
15 20 12 12 1 21 16 27 13 15 12 21 20 24 26 25 28 19 12 25
16 17 9 15 5 11 15 27 13 5 7 12 16 13 26 25 20 18 8 17
43 53 44 25 37 54 54 67 53 39 35 57 51 61 71 67 72 69 54 48
33 26 16 28 31 20 30 55 35 12 28 30 31 25 47 48 45 49 41 26
39 32 38 27 32 39 50 64 41 34 30 49 47 55 50 57 56 66 40 52
40 39 51 40 39 47 51 58 37 38 36 44 56 52 59 58 69 47 35 54
9 12 8 13 6 4 11 19 10 1 11 11 9 8 21 10 15 16 15 10
6 4 3 13 2 2 6 15 4 5 6 5 6 1 8 6 5 5 8 7
39 44 21 43 41 24 49 56 42 21 35 43 48 35 55 57 60 61 59 37
2 4 3 1 3 1 1 4 4 1 1 2 1 1 12 1 8 6 7 2
44 29 38 39 47 44 49 65 50 32 22 30 54 52 58 58 64 66 50 51
33 43 20 17 30 28 39 48 39 33 23 38 31 40 53 48 55 46 34 31
5 6 1 7 1 3 1 8 9 4 5 7 1 9 14 16 13 13 13 11
9 11 7 18 7 3 8 22 6 3 11 10 9 7 19 14 12 16 16 7
15 7 7 14 11 5 17 23 12 9 7 12 15 10 20 18 23 24 13 21
11 10 6 5 5 9 7 11 4 1 9 13 9 13 10 12 14 7 4 8
14 4 13 5 6 11 5 8 5 1 6 7 10 11 9 7 15 12 8 10
13 2 3 10 4 1 11 24 13 3 7 5 3 5 17 13 10 18 10 10
44 21 21 38 32 12 39 54 29 16 24 21 37 18 43 41 46 47 36 28
13 14 20 26 25 12 21 29 17 17 4 14 21 19 29 19 26 30 31 23
8 1 6 11 5 2 9 11 6 1 5 3 6 4 13 7 14 14 9 13
16 15 6 19 10 3 13 26 13 4 13 10 11 12 23 25 18 22 19 16
45 22 34 29 36 39 34 54 39 41 18 34 36 41 48 45 57 48 39 38
14 12 10 16 14 9 7 15 8 7 9 11 10 4 28 12 19 16 19 8
7 5 5 12 3 2 5 12 5 2 6 5 6 5 12 11 10 9 6 13
31 34 22 37 30 34 36 42 33 24 31 34 40 32 48 51 50 43 43 35
12 11 7 9 1 10 10 13 8 7 10 14 10 13 15 9 13 10 5 12
49 38 33 33 27 53 52 60 44 40 46 51 57 49 44 62 67 56 51 48
21 16 15 15 11 21 19 25 14 12 14 21 24 28 18 30 37 31 22 30
12 6 2 10 2 9 5 9 2 4 1 3 9 9 10 11 15 10 6 14
49 29 6 37 32 29 23 46 40 14 25 13 33 24 47 38 45 35 39 20
13 10 1 14 3 1 8 19 12 3 9 1 6 4 14 15 8 10 9 8
39 43 33 33 35 39 39 54 41 14 25 26 47 40 57 58 56 49 45 34
8 5 6 13 5 3 4 14 1 5 5 4 3 5 14 11 16 14 14 13
6 3 4 2 1 7 7 14 3 5 1 8 6 7 5 1 9 7 2 7
51 44 29 26 39 45 48 69 55 27 36 39 49 58 65 57 65 65 51 45
56 52 52 47 49 48 54 73 57 34 33 40 60 52 77 68 79 72 65 55
54 58 38 55 51 40 63 79 51 38 42 52 61 39 76 70 80 66 57 47
22 21 15 14 14 18 17 34 19 19 16 25 17 19 35 29 35 30 23 15
47 38 39 24 32 47 46 64 54 26 28 39 47 46 58 54 60 57 49 36
37 28 29 30 34 22 32 43 25 14 24 25 33 24 46 39 52 44 32 27
41 44 34 34 39 32 44 63 51 37 40 45 35 44 65 58 60 60 62 39
27 11 13 22 23 6 19 29 22 5 13 9 19 7 28 19 26 31 31 12
57 27 32 40 49 38 36 58 37 26 37 28 43 47 51 54 69 62 48 42
26 23 16 17 22 26 19 33 35 17 4 18 26 32 37 30 39 32 31 24
15 11 9 17 7 14 15 20 9 9 6 11 18 15 20 16 15 20 13 18
44 33 44 37 39 33 44 63 35 25 28 33 50 42 53 66 68 66 50 50
36 31 16 31 21 35 32 42 42 28 20 28 36 32 43 39 47 43 40 32
12 4 3 4 11 5 2 7 12 1 1 5 3 3 16 5 11 12 16 1
41 14 39 45 38 27 44 60 35 18 33 21 49 48 47 56 55 59 45 50
25 31 27 19 10 28 31 38 25 13 30 30 32 31 43 32 35 34 28 25
7 5 4 3 3 4 6 8 4 1 10 8 3 7 11 7 10 6 5 6
20 20 20 20 16 19 18 26 16 15 8 20 23 22 21 27 39 36 27 30
39 25 13 22 30 31 23 44 45 15 21 24 27 38 47 38 46 50 53 20
34 50 41 51 39 35 50 67 30 24 31 31 54 47 60 72 69 63 51 52
24 16 12 23 16 7 16 29 19 5 15 8 19 11 25 26 23 21 21 15
3 1 8 8 9 2 4 11 7 3 1 3 7 1 9 4 11 14 11 9
42 26 53 38 43 37 54 66 29 32 35 42 62 52 52 67 72 73 50 63
23 27 21 14 17 29 28 33 25 20 15 31 29 27 43 31 35 30 19 25
20 8 16 31 32 13 19 40 19 13 10 12 23 23 32 28 36 40 33 26
48 25 31 43 35 38 37 57 32 39 19 34 44 40 39 60 65 59 42 49
11 14 9 6 3 14 9 12 12 7 1 9 12 11 23 11 16 10 10 10
28 37 16 32 25 35 35 36 27 23 23 34 42 33 46 46 51 36 37 31
20 20 25 12 16 24 22 37 26 5 22 26 25 30 35 34 36 43 29 23
15 21 19 27 21 14 28 36 18 14 15 25 30 23 41 29 29 34 32 27
25 20 16 26 18 10 19 32 16 12 24 16 19 18 28 29 30 33 32 20
20 8 16 15 13 9 16 28 7 7 6 11 19 14 21 22 26 19 8 17
58 34 39 39 41 43 50 69 54 26 30 31 48 56 55 71 74 74 63 54
30 13 18 14 19 15 19 38 22 19 26 26 13 21 30 28 31 39 30 13
9 3 5 4 4 9 4 9 7 1 5 10 11 11 16 11 12 15 9 9
24 24 7 21 17 19 20 33 25 18 11 15 17 21 34 36 36 33 29 25
12 6 4 12 9 4 3 15 14 1 6 5 7 5 22 14 5 15 19 7
14 21 13 7 14 9 11 19 10 8 8 17 11 11 28 18 27 16 15 11
27 28 44 37 40 24 43 53 32 17 22 27 47 41 49 48 51 58 45 44
25 11 9 14 14 14 14 22 14 9 11 9 16 11 25 26 31 27 12 16
31 19 41 45 31 22 53 63 31 23 34 26 50 51 51 59 51 64 43 56
33 29 28 39 41 20 41 61 39 32 19 27 36 38 56 54 51 61 56 37
45 40 25 21 31 33 47 60 48 25 50 54 44 46 60 51 53 57 53 30
23 14 9 14 15 19 14 30 32 15 16 18 14 26 35 27 24 36 37 17
61 37 34 43 49 31 63 77 52 37 48 43 61 56 71 74 65 72 55 57
35 24 34 31 36 14 41 53 34 20 20 22 35 31 47 42 50 55 39 32
23 6 10 17 12 6 20 31 16 8 15 10 14 11 19 21 18 25 20 15
7 11 13 13 9 8 19 21 15 9 4 12 18 16 18 18 24 24 11 26
57 46 28 46 46 43 52 74 55 39 44 46 49 42 65 60 61 64 65 30
51 41 38 42 40 46 58 71 49 40 38 49 59 60 64 74 76 76 52 61
28 32 19 27 26 34 29 43 47 20 18 30 33 43 52 41 49 48 44 36
25 24 13 23 19 28 29 40 32 27 12 34 25 33 36 30 37 47 37 32
3 3 5 11 5 1 7 12 2 1 2 3 7 2 8 4 9 9 9 9
54 26 50 49 51 39 56 72 54 32 16 33 64 48 62 65 68 70 54 58
20 27 28 22 25 28 32 41 32 8 10 21 37 36 36 40 42 43 28 37
26 3 19 15 17 12 18 26 19 12 9 10 23 14 15 24 29 29 22 23
14 7 6 6 15 12 7 18 15 7 11 17 8 12 21 16 18 19 19 8
31 39 24 39 29 22 42 59 32 24 27 29 37 20 50 44 43 43 37 25
47 33 44 51 57 37 61 79 46 42 43 48 56 54 71 71 66 73 59 52
35 20 38 37 34 27 40 57 39 31 19 22 44 49 50 59 55 56 47 51
29 13 22 27 36 22 24 41 21 12 14 24 29 26 35 36 42 46 35 31
38 34 35 33 38 34 53 67 46 38 36 43 50 54 62 58 57 61 51 47
10 5 1 7 4 5 2 8 5 1 5 8 1 5 14 6 8 6 11 5
27 14 22 25 21 15 20 44 22 20 8 14 22 27 28 37 38 43 30 30
14 1 4 1 6 2 9 12 9 3 9 8 3 8 13 7 5 14 12 1
31 24 16 21 20 18 27 40 27 17 28 29 23 32 42 34 33 42 39 25
15 7 7 14 10 5 11 20 14 1 6 1 8 6 16 14 16 17 13 15
46 41 45 54 49 44 65 75 49 42 30 42 62 50 70 68 69 67 53 60
6 1 3 3 5 2 1 2 2 3 1 1 2 6 4 4 12 5 11 8
16 9 9 11 6 13 10 12 12 6 7 9 14 13 20 14 21 21 12 18
46 14 30 53 46 15 50 59 35 27 16 9 49 32 50 54 52 56 50 50
21 27 31 30 30 28 36 48 38 15 15 21 39 41 47 38 44 49 38 37
35 20 12 18 20 30 12 33 30 11 20 17 20 32 34 27 39 33 29 20
39 32 37 39 41 42 46 63 41 45 21 42 52 53 59 62 64 71 52 53
10 13 10 8 2 11 14 18 14 8 6 13 13 13 19 12 14 13 10 14
35 25 17 26 27 27 29 43 36 22 18 23 33 28 39 44 44 48 41 31
39 22 36 21 20 40 40 42 24 29 26 35 48 46 26 52 62 43 25 50
4 1 5 7 7 3 6 9 5 6 3 7 5 3 7 3 10 7 10 9
41 31 23 34 38 45 41 60 49 31 32 47 42 52 53 56 64 64 54 45
36 23 28 34 39 32 33 54 42 16 29 29 41 41 52 40 52 52 44 37
55 39 36 40 35 39 47 63 40 39 47 47 53 37 49 68 71 63 55 47
15 18 11 10 7 24 13 22 15 18 8 22 18 26 20 25 33 22 16 25
27 20 11 29 23 4 29 38 23 7 25 15 18 8 39 26 25 37 35 11
38 39 20 32 34 31 27 48 39 34 23 41 33 31 52 54 55 49 51 28
14 18 19 11 14 11 9 24 14 3 8 10 12 15 29 21 23 24 24 9
42 41 23 45 34 34 44 67 43 32 31 37 40 43 53 63 61 66 56 41
18 7 3 11 8 10 12 15 9 7 6 4 10 2 17 12 16 12 9 6
42 19 20 39 36 25 40 52 29 34 17 21 38 33 43 43 42 46 40 33
5 1 1 1 1 2 2 1 1 1 1 1 2 1 5 1 4 1 1 1
44 22 33 23 30 41 42 53 49 35 34 42 45 52 46 57 58 63 54 46
6 15 9 6 3 11 11 14 7 5 8 16 12 15 18 12 18 7 5 16
45 40 33 49 44 30 53 65 35 32 35 38 50 36 59 54 57 51 47 39
8 11 11 17 13 4 10 21 12 9 8 14 9 6 21 11 14 23 19 11
25 22 24 36 31 15 37 50 23 16 19 18 35 31 37 50 47 47 36 46
54 39 30 45 45 24 54 70 41 38 35 43 50 45 52 64 62 69 59 54
27 11 8 15 15 10 16 25 23 7 17 14 11 13 30 20 18 19 25 8
27 9 12 18 17 5 25 31 21 8 18 12 15 14 29 25 22 31 22 19
23 12 11 18 11 7 16 30 15 1 11 4 18 13 23 27 28 30 19 19
8 8 6 14 7 8 12 15 7 7 5 10 12 16 17 15 15 18 14 22
40 25 29 24 25 36 30 51 41 35 35 45 37 41 37 55 52 57 53 35
28 30 22 32 28 30 33 52 30 27 23 40 36 35 38 47 50 52 43 39
35 28 21 26 26 19 25 39 22 17 18 21 29 23 44 39 44 29 29 24
21 16 18 25 26 10 29 39 21 16 12 18 23 21 31 27 32 37 30 29
31 38 20 31 19 31 27 40 20 22 24 32 32 34 41 42 48 39 37 32
20 16 7 8 12 14 19 23 18 9 18 22 11 21 26 15 21 17 16 14
35 28 39 21 28 40 38 49 46 22 22 34 41 42 48 38 53 52 44 33
49 52 32 57 42 41 53 67 46 35 43 50 56 45 60 59 72 67 64 48
33 24 32 46 36 36 44 62 39 36 34 41 46 51 51 65 52 65 54 53
23 27 10 16 17 16 24 32 32 1 25 17 24 20 46 34 27 29 33 9
34 29 44 43 32 34 45 57 32 25 34 34 52 46 51 63 58 64 54 54
4 2 4 2 6 1 1 3 1 1 1 3 1 1 8 1 4 3 9 1
37 37 16 25 21 36 37 43 31 25 29 35 36 41 47 49 52 40 34 29
13 12 12 16 14 6 13 20 11 8 7 8 10 2 25 11 21 24 15 12
39 20 34 45 40 14 57 67 45 32 29 19 52 45 58 58 51 64 49 48
48 53 35 53 57 46 57 71 51 32 40 46 57 50 73 69 69 62 62 46
25 22 18 21 17 11 22 27 13 7 18 14 24 9 32 23 33 24 22 15
21 11 23 9 5 23 19 35 16 13 8 19 23 24 14 25 32 28 12 25
24 22 21 9 11 23 22 36 23 6 8 12 21 26 34 28 34 33 18 22
14 21 9 12 5 10 15 30 16 5 14 15 11 17 28 23 22 18 12 16
18 9 11 16 7 9 13 22 10 1 14 9 14 12 22 17 17 21 16 15
40 9 21 22 19 23 28 41 19 17 20 18 30 17 22 35 41 36 22 28
33 23 33 35 39 13 31 39 22 20 26 24 31 21 41 38 50 37 35 33
24 23 25 27 19 9 29 38 24 15 23 25 27 19 35 23 29 39 32 25
19 16 7 15 11 15 17 25 24 15 14 18 12 22 25 26 26 24 27 20
44 23 41 41 45 29 44 52 34 33 9 24 46 30 50 45 62 46 41 42
17 13 9 22 11 12 17 23 22 13 14 11 16 24 23 27 19 32 31 24
31 17 4 16 25 16 20 41 36 14 23 25 16 19 41 33 29 36 40 9
40 28 25 38 35 22 43 47 37 8 33 31 47 29 44 42 44 48 40 34
1 11 6 4 3 4 5 10 10 2 1 11 6 7 17 6 11 12 8 11
12 6 5 8 1 7 5 10 1 1 6 9 8 10 10 8 10 9 5 9
11 1 3 4 4 3 1 11 1 1 1 4 1 3 7 4 10 8 6 5
50 47 25 53 48 42 55 59 57 32 28 46 62 50 64 64 70 63 60 55
8 17 15 26 23 11 19 30 23 14 7 16 24 27 29 38 32 39 34 34
17 6 10 9 8 7 13 16 15 1 11 8 14 10 23 13 13 20 19 8
10 4 3 7 6 1 6 17 10 4 1 4 5 2 15 14 15 15 6 10
30 18 20 23 19 18 21 28 19 13 23 21 25 22 28 25 39 30 35 23
15 15 6 22 12 13 22 31 21 12 13 17 23 16 28 25 26 34 30 24
15 9 9 9 10 15 11 15 18 5 5 6 15 21 14 13 28 21 18 19
2 1 2 6 2 1 7 9 1 1 1 4 6 1 2 3 7 3 3 7
15 4 9 7 6 9 13 19 10 2 6 9 13 11 5 10 16 16 7 14
40 27 22 37 37 35 22 50 41 22 20 23 37 43 40 47 62 55 48 39
15 15 3 15 8 1 9 21 13 1 12 5 9 4 23 20 18 12 16 6
20 17 11 12 16 16 12 18 19 10 9 14 17 17 31 25 28 23 20 13
7 9 8 5 7 6 10 7 7 1 6 9 9 8 11 6 12 8 8 9
47 22 13 25 25 24 27 43 35 15 27 21 25 27 42 42 42 37 36 18
26 24 19 22 27 21 31 43 26 27 15 32 28 21 40 39 45 47 29 29
22 5 4 11 9 3 15 24 17 8 9 8 10 13 25 20 18 23 21 15
21 3 16 15 16 6 13 24 9 4 6 8 16 9 18 18 26 28 18 18
28 27 20 15 17 31 25 31 21 13 23 29 25 26 37 26 37 26 22 21
60 34 25 47 50 40 52 63 50 28 40 40 60 43 60 64 60 61 62 36
50 42 24 51 43 37 41 58 40 28 42 34 41 30 61 53 59 47 50 32
27 17 17 24 24 15 26 37 16 11 18 20 23 14 34 30 32 34 20 21
26 22 21 15 24 21 32 43 27 11 21 27 29 30 43 40 42 42 31 33
29 27 10 24 26 31 22 35 40 18 14 27 30 40 39 45 44 46 43 33
40 19 12 26 19 19 36 52 32 16 32 30 34 28 38 42 31 47 37 24
39 24 16 28 33 28 36 50 29 22 25 29 35 36 48 38 44 43 37 28
25 15 17 20 24 12 30 32 30 7 21 16 27 18 33 30 26 33 32 21
9 6 5 5 4 4 10 14 6 3 1 5 11 8 7 11 18 10 1 14
26 12 20 19 24 16 19 34 22 16 7 19 26 22 31 24 31 35 30 23
13 1 8 7 6 6 8 14 6 6 8 7 7 9 9 10 16 16 8 12
50 16 32 39 42 25 39 59 37 30 24 28 39 28 45 40 57 56 48 34
21 16 17 18 11 12 20 31 8 10 16 18 20 10 24 15 24 22 16 12
12 18 8 11 4 16 15 18 8 11 18 18 13 16 29 23 25 15 17 16
44 37 32 20 31 31 49 61 38 38 37 46 44 54 55 56 59 58 41 51
49 41 30 35 49 44 49 61 58 46 45 58 41 52 64 58 64 65 69 43
34 13 4 15 16 12 18 32 24 14 22 17 13 15 35 29 22 30 28 9
13 10 13 14 13 6 19 21 14 3 5 7 17 15 19 16 24 19 14 22
17 13 9 14 17 9 21 27 19 6 8 13 23 11 28 22 23 25 24 13
13 6 7 18 17 12 7 13 11 6 3 5 13 13 13 11 28 18 23 17
4 1 1 7 1 1 6 8 3 1 4 1 2 1 4 2 4 4 4 6
44 24 30 27 43 29 30 41 41 25 16 23 36 34 51 43 54 48 49 31
47 35 26 50 46 21 51 66 43 22 27 17 49 35 58 70 60 61 52 42
37 57 49 41 39 64 57 79 61 48 41 65 60 72 73 77 78 81 66 63
52 38 8 37 45 26 35 52 41 33 42 37 30 33 59 47 53 47 54 16
38 22 18 29 20 15 35 43 31 13 23 20 37 21 35 36 37 38 28 25
66 33 51 52 53 48 60 89 56 39 44 41 59 54 71 81 80 83 68 56
42 38 35 29 29 45 49 62 56 31 31 47 51 58 52 64 63 68 54 54
47 47 42 56 50 51 54 78 50 40 39 57 69 61 64 72 78 82 71 64
17 16 11 3 1 17 16 24 15 7 13 17 14 27 28 25 28 22 13 20
8 6 10 14 8 4 8 17 1 5 1 5 10 12 6 13 20 22 12 18
10 2 5 12 4 8 5 17 6 6 6 9 9 11 11 12 6 18 13 12
47 35 29 51 45 26 46 61 48 31 20 31 52 29 55 54 67 65 57 43
36 29 41 35 40 38 46 68 38 27 31 35 51 57 54 68 63 71 51 55
39 24 18 21 37 9 34 49 40 26 28 29 27 23 51 40 32 47 48 18
49 40 31 31 48 43 38 56 54 17 35 31 44 51 63 46 59 63 59 37
55 37 28 47 50 15 63 75 53 25 47 36 60 47 67 75 61 77 64 52
32 26 10 11 17 31 27 42 34 33 17 30 21 30 37 39 41 34 23 22
27 23 27 20 12 28 28 41 22 23 16 27 30 26 33 36 46 41 23 34
47 21 48 40 44 40 54 75 56 48 17 40 56 60 62 65 60 77 59 59
25 24 17 26 23 10 20 30 18 11 20 17 19 11 34 26 31 23 28 15
29 14 18 16 15 23 14 33 14 15 15 23 17 17 24 21 31 29 25 17
12 5 11 8 5 9 9 10 6 1 6 9 13 11 10 9 14 14 8 11
47 35 32 28 34 41 49 61 42 40 38 52 49 54 50 59 68 68 46 52
43 39 53 40 43 42 59 77 43 37 39 56 59 53 63 64 72 77 53 58
6 5 1 8 3 1 3 10 8 5 6 11 4 6 14 6 6 10 9 8
15 4 8 3 1 9 7 9 7 1 10 7 8 10 12 10 12 11 3 8
17 1 6 5 4 7 6 14 7 3 7 4 7 12 10 14 16 20 15 11
25 11 6 12 10 16 8 25 11 13 10 13 8 7 20 17 18 17 12 2
57 35 40 43 56 44 49 65 49 30 39 41 54 48 69 58 73 64 56 37
9 14 9 13 5 11 12 19 5 3 13 15 12 12 22 13 20 12 11 18
42 36 22 29 26 31 37 53 38 26 47 42 29 36 57 49 47 48 46 20
46 28 16 28 28 34 39 59 43 34 31 38 31 35 49 48 46 47 35 29
6 10 7 5 6 6 9 11 15 1 4 7 9 11 16 7 13 15 13 8
20 10 16 15 18 11 14 33 22 5 5 10 20 17 28 30 32 35 29 19
17 7 9 20 18 13 17 33 20 10 14 18 16 14 28 28 20 33 27 19
46 25 40 49 48 38 44 61 47 30 32 34 48 50 60 60 64 71 62 49
26 16 19 16 18 20 13 36 23 16 14 24 20 20 33 32 32 40 26 18
28 13 12 17 13 15 13 20 19 3 14 9 18 16 26 24 28 18 23 16
22 16 21 20 18 20 14 28 10 16 12 19 19 13 23 22 30 24 17 15
46 30 39 43 42 36 42 59 34 16 28 19 49 47 55 63 64 56 46 48
14 17 10 7 9 15 19 23 26 9 9 19 17 20 32 19 21 22 18 19
19 3 17 23 18 14 22 30 20 21 17 16 21 22 20 30 34 35 29 29
42 27 34 23 32 40 47 73 47 31 39 49 44 57 54 62 55 72 54 43
27 16 17 9 12 17 28 29 21 16 19 22 23 30 24 24 31 28 20 26
54 22 32 26 40 29 40 54 47 24 28 26 38 40 46 45 60 58 50 32
59 30 24 48 58 44 39 62 47 28 36 34 49 38 58 49 61 60 56 28
47 30 19 26 26 38 42 54 33 33 40 45 38 40 42 45 48 42 35 31
22 16 22 10 22 19 26 40 32 12 18 26 22 30 33 31 36 45 33 19
38 34 13 25 25 31 35 45 33 16 32 32 36 27 52 43 41 36 32 25
10 2 4 9 7 5 4 14 7 1 1 7 9 8 18 12 12 21 14 9
3 6 3 5 3 3 3 7 7 6 1 5 3 7 8 9 17 16 14 11
15 6 3 7 5 7 6 13 3 1 6 4 5 5 14 13 17 11 2 9
35 14 9 17 18 15 18 25 18 10 16 10 21 13 29 29 31 25 24 15
8 10 4 10 8 3 10 14 13 1 9 10 10 7 20 10 12 12 19 9
24 24 17 17 7 21 22 37 27 10 16 22 26 28 36 34 26 34 20 23
25 12 15 14 8 22 18 23 15 7 17 19 19 21 20 17 26 20 16 21
56 32 46 40 47 57 60 81 73 49 24 46 63 69 58 77 80 88 67 66
11 2 12 15 8 7 14 18 6 3 4 6 17 15 11 17 19 27 13 24
28 32 37 28 28 29 35 50 27 24 33 48 41 34 44 40 50 52 42 39
12 5 6 12 5 5 10 17 10 5 7 6 9 5 14 10 11 13 13 10
39 26 40 55 41 22 44 59 35 26 24 14 51 43 49 63 60 60 49 52
4 1 6 6 2 2 7 8 3 1 2 1 7 3 3 2 10 10 2 9
55 35 10 40 43 16 44 57 45 25 39 27 35 25 60 57 53 49 50 25
31 29 23 27 36 20 36 48 34 20 17 18 29 39 48 48 44 46 41 30
50 38 32 38 44 30 56 78 62 34 25 33 48 46 64 62 59 70 60 41
37 4 8 16 21 27 15 32 31 12 20 21 20 21 32 28 29 34 33 11
43 32 31 35 39 32 37 61 49 26 34 29 42 50 46 51 59 67 62 44
17 4 10 5 5 11 7 20 9 8 6 8 9 14 12 17 22 21 10 15
31 21 5 14 18 27 22 43 29 17 25 32 19 26 43 38 33 34 27 18
6 4 2 2 1 2 7 8 7 3 4 6 4 3 11 5 7 6 2 6
34 37 27 31 25 26 28 47 26 17 30 30 31 28 47 44 50 39 39 29
34 49 43 41 40 22 47 62 43 28 28 35 43 38 53 51 55 53 47 46
9 12 14 11 9 10 18 17 7 1 13 14 17 14 13 17 20 15 4 16
26 21 20 22 21 18 27 38 14 17 14 21 24 19 35 32 45 36 21 24
6 7 7 11 3 6 9 15 6 4 6 11 12 8 13 11 13 11 8 11
15 13 8 8 3 12 14 23 14 10 5 12 13 15 20 17 18 17 11 17
17 15 15 15 13 19 12 18 6 12 7 17 20 20 20 25 36 23 18 23
14 4 6 5 6 7 7 10 11 4 6 7 8 7 15 5 10 11 15 5
19 15 14 18 19 14 8 20 11 10 15 19 14 14 26 14 26 15 24 8
27 18 6 22 16 20 19 34 19 15 11 19 27 21 34 36 31 31 24 22
45 32 19 33 33 22 38 53 41 13 38 29 34 33 55 49 51 51 48 27
25 23 33 5 13 32 27 35 26 20 20 31 29 39 29 37 49 37 29 32
47 44 44 42 44 29 60 68 46 24 45 46 58 40 71 60 63 69 50 46
6 2 1 6 1 1 6 9 5 1 7 4 1 4 10 4 5 7 4 8
41 49 34 45 43 31 41 56 37 18 28 24 43 33 61 57 62 49 50 36
17 8 1 12 7 9 12 18 7 5 7 7 9 6 14 14 14 18 7 13
33 46 42 29 36 56 44 67 49 38 35 57 47 56 68 61 66 62 48 48
24 23 18 21 25 24 19 25 22 15 12 24 24 19 38 22 37 27 29 18
45 46 53 54 49 43 58 79 53 41 27 39 64 56 67 74 85 77 59 65
19 3 15 12 10 9 16 23 12 3 11 10 13 16 19 15 23 31 19 20
21 7 10 16 23 9 25 32 25 5 9 12 20 19 27 27 20 35 27 22
34 31 24 22 24 18 36 46 28 8 29 25 31 33 47 41 46 40 32 28
12 14 5 11 3 9 12 20 10 2 14 13 8 12 24 15 14 12 9 13
47 34 29 42 48 7 52 74 48 44 43 41 42 40 60 61 50 67 61 42
3 6 10 11 9 1 8 11 6 1 3 5 6 1 12 6 15 13 8 11
9 4 1 6 1 5 6 9 5 2 5 5 2 2 13 3 4 7 8 3
31 30 32 23 35 29 35 47 35 12 23 29 34 38 51 45 54 52 45 33
29 30 22 39 27 22 43 60 42 26 17 16 38 43 40 56 43 55 48 42
12 11 8 1 11 8 8 14 7 6 1 9 5 8 16 9 23 15 13 10
9 9 10 10 14 3 11 25 16 1 1 1 9 9 18 19 19 27 19 14
13 18 15 4 2 20 12 18 14 9 7 14 16 27 24 23 27 16 12 20
66 40 23 30 50 35 54 63 55 36 44 45 53 41 65 58 62 58 59 37
1 1 1 3 1 1 1 5 1 2 1 6 1 1 5 2 5 4 1 5
46 42 42 47 48 32 56 70 53 24 24 25 57 48 65 70 75 68 59 52
14 16 17 15 9 16 16 27 14 13 10 20 19 19 24 20 23 19 12 19
21 15 10 14 10 17 11 17 10 7 7 10 17 12 21 18 25 10 10 13
25 34 21 27 30 40 21 39 42 18 19 27 33 44 50 42 51 45 51 33
22 7 7 12 8 6 10 18 13 5 11 9 16 10 21 20 15 18 17 9
15 16 22 21 19 20 24 38 19 18 1 10 29 34 22 37 37 37 26 38
3 3 10 7 9 2 6 14 1 5 1 7 6 1 6 5 15 10 6 10
27 12 14 15 19 18 12 26 16 15 21 24 12 16 27 17 29 24 29 8
14 7 4 15 12 1 7 22 11 4 4 8 7 6 18 17 18 18 18 15
46 50 34 37 37 32 57 79 51 26 43 49 51 48 72 67 65 72 52 41
7 15 8 7 3 10 13 22 13 9 1 13 12 13 16 17 17 17 3 18
1 6 1 2 2 1 4 7 10 1 1 1 1 4 12 5 9 7 10 4
54 32 44 47 54 34 53 75 52 39 43 42 51 57 57 64 72 80 68 53
42 33 32 41 44 30 51 60 41 26 36 30 45 45 61 58 55 59 48 40
30 13 5 18 17 12 18 36 26 16 15 13 15 13 27 32 28 26 27 14
8 1 3 2 2 1 5 7 1 1 1 2 7 4 1 7 13 8 1 8
23 7 17 9 9 15 17 25 25 10 16 15 21 18 18 22 21 24 25 16
55 51 36 51 48 50 46 65 48 33 29 39 60 56 65 68 83 64 54 54
40 34 33 31 36 30 39 50 36 12 28 26 38 35 57 45 54 44 42 30
40 20 13 35 23 31 23 34 36 14 22 13 32 31 37 36 41 41 41 31
35 25 17 33 28 27 24 38 25 8 27 20 33 19 45 32 44 34 35 17
13 9 7 7 6 7 10 15 11 5 1 7 12 10 13 11 16 13 8 12
46 39 45 45 37 45 53 69 44 32 21 28 58 53 62 74 76 61 48 60
26 26 20 32 23 14 31 42 17 11 20 20 30 16 34 30 33 35 30 23
37 30 20 20 25 30 25 47 39 12 34 28 29 42 51 37 46 47 41 24
11 3 1 7 6 7 7 8 10 4 5 5 7 4 20 10 13 13 11 8
52 34 28 41 45 52 36 65 45 39 28 38 44 48 56 52 67 63 53 44
19 22 18 12 19 16 32 32 24 10 19 24 23 27 30 28 31 25 17 23
48 37 25 30 41 24 49 66 46 25 43 43 47 44 59 58 47 64 50 39
59 44 41 38 42 47 61 71 63 20 45 36 60 57 66 63 68 67 62 44
13 21 26 15 13 18 19 28 14 13 7 19 23 25 22 22 37 27 16 27
8 3 2 3 1 2 1 7 8 1 2 1 4 6 12 8 6 7 9 2
19 16 16 22 20 10 25 37 19 14 5 10 22 22 27 29 30 32 20 30
33 23 11 28 25 20 27 38 24 21 18 21 31 22 41 41 40 34 34 28
19 12 7 23 19 18 14 24 18 9 8 14 21 20 32 21 21 23 27 20
14 6 11 17 8 3 12 20 3 1 5 2 15 5 9 13 17 15 9 13
62 44 35 50 48 44 56 68 55 40 45 43 51 51 73 67 68 65 60 47
18 8 8 10 8 7 10 17 7 1 10 9 14 11 13 17 19 13 13 10
44 35 27 35 43 18 45 61 46 22 30 30 39 32 59 55 58 63 56 36
10 2 2 8 1 3 1 9 5 1 2 1 2 3 11 7 8 6 7 9
42 29 27 33 38 27 47 57 43 26 26 29 47 36 54 56 58 57 45 47
51 43 38 49 51 48 42 66 59 32 21 17 51 57 61 60 67 61 60 57
14 13 1 14 5 1 9 19 14 1 10 2 9 6 16 22 17 12 16 8
26 11 5 10 19 13 14 27 19 12 14 19 11 19 33 26 26 32 24 11
33 17 2 20 14 17 18 32 21 16 20 13 16 7 27 26 24 19 20 6
2 4 1 1 1 1 1 5 3 1 1 2 1 4 6 3 5 1 1 5
8 2 5 3 4 1 1 9 3 1 2 2 1 1 10 4 8 10 5 1
45 27 44 32 31 24 44 59 37 31 30 33 44 36 44 53 62 56 43 46
47 43 41 37 48 40 48 72 56 40 32 49 51 50 71 63 77 75 57 50
11 12 11 12 9 12 14 15 10 9 10 14 15 18 15 22 27 21 13 22
32 22 18 25 28 23 22 29 25 10 22 22 29 24 41 34 44 38 41 20
11 1 1 8 6 1 5 14 8 3 1 3 6 2 11 9 9 15 13 8
24 17 21 32 25 13 31 47 15 21 21 23 25 24 41 36 31 40 31 26
10 3 4 2 2 7 5 2 2 1 1 2 5 5 8 1 9 7 2 3
8 4 8 9 8 4 10 11 5 4 6 6 8 8 7 7 14 11 9 13
7 7 4 12 5 1 7 15 10 2 5 1 5 5 13 10 11 10 11 11
30 31 25 37 28 15 33 48 21 17 16 20 36 17 42 41 44 39 28 31
26 9 16 14 12 16 21 25 11 8 12 14 23 13 19 24 25 24 9 18
12 20 19 2 4 19 16 23 15 10 12 22 19 28 25 22 33 22 13 22
36 22 12 21 18 34 25 41 42 24 14 29 32 38 30 45 42 45 46 30
23 7 20 20 19 15 19 30 17 5 11 17 22 16 24 15 31 32 24 22
30 30 36 45 38 30 43 52 26 27 25 27 47 37 48 54 51 48 36 43
20 11 12 12 12 11 12 29 16 12 18 19 7 14 25 17 21 27 23 9
3 4 8 5 6 1 1 6 2 1 1 4 2 2 10 1 8 8 10 1
30 33 28 43 37 14 46 62 34 25 32 31 38 32 51 47 43 46 46 36
17 13 16 20 20 11 17 31 16 18 12 24 20 16 24 24 27 38 29 22
37 29 30 34 30 27 43 56 41 28 19 28 47 34 53 50 49 51 36 40
13 10 5 8 12 17 12 19 21 11 12 22 14 21 21 18 22 24 24 17
55 49 28 34 51 38 48 78 67 31 42 47 52 52 74 60 65 75 67 34
31 12 33 12 18 30 27 46 29 21 23 33 31 32 27 36 41 45 33 32
37 30 49 39 39 28 49 64 36 31 28 37 55 47 55 64 71 69 47 58
25 16 7 24 20 21 21 36 32 17 14 20 26 26 35 30 40 37 34 29
30 21 10 18 23 22 19 32 30 11 24 18 17 31 40 32 39 36 33 24
15 9 18 20 17 13 16 26 1 8 5 14 21 14 17 20 23 25 14 20
38 48 42 43 46 26 58 76 47 43 33 46 49 48 75 67 66 69 55 54
41 63 51 39 43 61 58 71 56 31 32 49 65 64 80 72 66 67 59 53
10 1 3 9 3 1 5 14 3 1 4 1 4 2 6 8 10 10 6 8
15 25 7 12 10 20 14 23 17 7 10 14 15 18 34 24 25 13 17 11
33 50 41 36 30 43 52 63 48 37 35 49 48 59 59 61 65 63 49 56
35 21 10 22 26 23 20 37 28 25 17 25 22 20 37 36 39 27 29 18
45 41 23 36 41 37 47 72 46 35 35 43 39 44 66 60 56 63 53 27
26 22 27 21 23 30 19 35 29 13 17 19 27 37 33 37 48 42 41 31
21 32 25 20 17 29 23 47 28 19 23 27 20 33 45 42 45 43 35 29
24 27 11 16 13 25 29 33 24 18 21 26 24 25 40 37 40 31 23 27
10 4 5 19 9 1 13 17 6 1 5 1 13 5 8 13 12 13 15 16
42 36 41 45 38 21 52 73 39 30 47 42 43 38 62 57 56 59 50 44
14 9 18 6 6 20 15 21 16 8 8 20 22 22 20 16 22 25 18 18
8 2 1 5 1 6 1 9 3 6 1 5 1 1 9 3 5 6 4 4
34 27 29 25 19 30 41 54 35 27 21 33 38 41 40 47 44 53 34 44
9 2 3 4 2 2 6 8 9 1 6 3 1 4 12 3 5 10 7 5
25 4 16 19 9 7 22 29 10 1 15 3 22 12 13 23 24 25 14 20
12 11 3 17 7 5 15 15 12 5 8 4 15 7 14 19 23 18 19 15
45 30 26 26 20 27 40 52 40 18 26 21 39 33 47 47 48 44 35 33
12 9 12 11 10 9 7 11 4 5 5 7 7 6 17 5 18 13 11 9
59 32 51 29 42 59 57 75 49 56 42 62 57 59 45 69 81 78 57 60
60 39 45 33 54 38 67 75 54 40 48 54 65 51 60 66 68 75 65 57
55 26 43 39 51 33 54 69 55 44 42 45 53 52 56 69 63 83 75 57
19 5 15 19 7 12 16 26 9 7 11 10 20 17 9 27 28 31 14 28
12 10 12 15 13 5 16 25 9 4 9 12 11 11 17 13 23 22 17 20
51 21 25 25 29 37 34 48 41 27 30 29 43 35 40 55 49 50 45 40
37 36 26 31 25 38 38 58 36 39 17 37 40 39 43 54 59 58 41 41
14 7 8 8 10 3 15 18 14 5 14 10 8 13 19 15 14 17 14 8
33 24 19 34 29 27 27 44 35 11 19 16 38 29 39 33 39 41 36 30
43 42 41 40 45 34 40 64 38 23 29 35 49 39 60 50 67 56 39 42
22 30 18 13 23 16 30 38 27 19 31 38 23 30 44 30 33 39 35 21
45 15 31 36 33 40 38 51 27 35 26 30 42 43 28 48 58 49 38 49
10 5 13 7 11 7 7 13 9 1 7 13 12 10 16 9 14 22 18 6
9 8 9 5 8 5 7 10 5 1 1 4 9 8 14 11 17 9 7 8
37 41 33 29 41 28 45 61 46 22 24 33 39 34 64 55 57 59 51 39
24 17 5 15 15 17 13 24 20 11 13 17 18 18 31 30 26 24 26 19
35 17 24 18 20 23 32 51 29 20 29 30 27 38 30 47 42 50 31 35
32 29 40 50 37 25 57 64 43 24 34 30 64 47 56 62 54 61 46 52
24 23 14 17 16 14 24 35 17 15 15 19 18 25 33 30 36 34 23 23
10 12 11 8 11 10 10 14 9 8 4 13 10 13 15 8 20 12 14 17
14 7 8 10 10 8 8 10 11 5 5 3 8 9 16 13 19 13 14 14
46 28 27 35 52 20 48 63 45 30 40 39 45 45 56 52 52 65 62 46
6 1 7 7 5 2 1 8 1 1 1 2 4 3 6 1 8 7 8 4
47 21 37 19 33 31 39 48 39 28 31 38 37 32 36 37 53 51 45 36
12 16 8 6 7 10 13 23 9 4 10 15 11 13 23 20 24 18 8 15
52 35 46 24 41 36 48 63 55 44 50 58 46 52 53 60 59 71 61 45
26 16 17 22 22 24 24 44 23 23 11 25 26 28 33 37 41 38 29 33
3 6 5 8 4 1 7 10 5 1 4 5 5 5 10 6 9 10 5 10
21 8 8 4 7 17 9 15 17 8 10 14 13 13 24 16 14 19 12 7
15 12 11 22 10 12 11 29 9 15 8 16 15 16 14 27 30 28 20 23
52 22 39 49 52 24 63 81 55 36 23 26 61 54 64 69 58 76 61 57
21 12 12 11 14 21 10 22 23 7 4 15 19 23 28 20 30 21 25 15
24 21 10 8 15 25 23 29 21 7 19 27 22 25 38 28 28 29 20 17
47 49 46 39 44 43 61 83 54 25 34 44 61 56 70 77 77 82 60 54
50 33 29 24 44 23 46 61 49 25 31 27 39 44 53 52 53 57 52 42
3 2 1 4 1 1 1 6 3 1 5 5 1 4 7 4 5 6 4 5
28 31 25 15 21 35 27 31 40 19 5 16 29 39 39 34 46 40 38 33
5 1 1 9 1 1 5 18 1 1 4 7 3 5 6 12 9 12 5 11
49 46 48 34 49 59 58 79 61 39 31 49 63 69 74 74 79 82 61 63
15 14 20 18 18 15 15 27 11 9 13 22 18 15 20 19 29 28 20 18
23 23 16 12 8 17 23 34 25 8 21 19 21 28 35 30 31 27 26 19
46 29 37 45 44 37 49 58 38 35 8 28 55 45 46 57 71 66 43 60
32 11 10 12 12 27 14 29 13 19 19 25 16 23 20 28 32 23 15 17
9 1 5 4 1 4 5 10 1 1 5 3 6 5 1 4 7 12 1 9
7 6 8 5 3 8 5 11 2 5 1 8 9 8 8 3 11 7 6 7
28 18 9 14 12 20 20 28 20 5 22 19 23 19 38 28 25 27 23 13
16 3 4 7 4 4 7 17 13 1 6 2 6 7 15 13 9 22 10 9
35 33 35 34 40 33 44 57 40 33 28 37 42 32 57 49 56 52 41 31
21 10 1 14 6 8 16 27 22 14 7 10 11 21 18 27 23 33 21 21
30 38 33 17 17 48 42 53 43 26 29 46 45 49 53 50 54 50 33 43
15 23 11 10 11 15 11 24 10 4 9 14 9 16 30 20 27 16 14 10
24 10 7 17 15 6 9 23 20 7 9 6 11 9 23 22 19 17 22 12
45 32 29 41 50 22 36 57 50 14 33 24 38 29 60 48 54 58 58 29
17 12 12 18 14 7 13 29 9 9 14 17 12 11 28 20 26 29 21 16
35 20 1 22 17 30 20 35 30 27 12 26 23 27 30 35 33 38 36 22
43 43 55 35 44 40 63 74 53 38 35 45 56 60 60 65 70 74 60 60
6 1 2 3 1 3 1 1 2 1 1 1 1 1 8 1 7 8 2 5
8 7 4 10 7 8 9 16 11 2 6 14 13 12 18 11 13 14 16 12
48 32 33 33 38 35 44 53 49 19 26 25 50 43 56 52 59 54 47 40
36 41 33 25 28 47 53 66 57 43 27 55 52 69 53 66 60 73 51 57
22 13 22 17 5 27 23 28 18 17 10 20 29 30 16 29 38 36 22 38
20 10 4 13 10 3 15 29 25 7 8 1 12 11 26 25 22 27 28 13
15 4 5 5 3 8 8 10 5 3 6 7 8 10 11 9 15 12 6 10
40 18 9 39 37 18 32 48 38 12 23 15 35 23 52 45 36 43 44 19
42 21 25 22 20 45 37 56 49 33 31 43 39 51 44 52 53 59 46 42
28 22 32 29 33 22 35 50 27 30 10 30 34 26 35 38 49 48 30 41
4 4 4 1 1 3 8 9 3 1 1 6 6 7 6 5 13 7 1 11
6 8 11 7 5 5 3 14 8 3 1 4 7 9 11 9 16 13 7 9
25 7 9 8 7 12 12 23 14 5 17 13 10 16 24 20 17 23 13 9
49 24 29 39 30 22 43 53 37 19 28 25 48 30 38 46 51 46 38 39
14 12 9 9 6 11 12 18 13 7 10 11 11 20 17 16 19 19 14 18
4 1 7 4 5 2 4 6 2 1 1 1 5 5 6 3 13 10 9 8
48 28 30 31 34 39 40 66 44 25 30 27 44 35 41 60 58 59 49 34
52 42 57 40 50 42 61 75 54 32 30 36 62 61 72 75 83 80 65 61
42 31 34 40 36 34 46 56 39 28 24 29 46 43 52 54 63 57 43 53
19 25 29 28 23 13 30 37 16 17 15 23 31 15 30 24 36 29 25 28
30 15 20 32 35 22 25 39 20 24 8 16 32 32 35 35 45 39 33 32
15 9 5 8 7 10 4 14 12 1 1 7 9 13 19 12 21 13 12 12
69 27 26 47 48 34 44 64 49 22 43 28 53 33 57 57 65 60 55 30
40 24 12 38 31 35 18 34 33 17 22 15 33 34 39 39 42 41 42 31
20 13 8 11 13 14 23 34 22 15 13 22 15 20 30 20 19 31 25 18
28 26 11 29 28 13 22 37 26 12 19 19 26 16 46 43 42 40 39 23
20 17 16 16 17 7 17 25 10 6 12 15 18 9 24 17 28 20 23 12
12 2 5 8 2 3 1 11 1 1 2 1 2 3 12 7 14 9 7 7
7 28 27 24 24 18 29 38 21 13 12 18 27 37 42 39 39 38 36 34
52 39 38 46 39 39 55 72 50 44 33 47 54 52 68 67 68 75 59 55
21 11 5 12 9 10 14 16 13 4 12 7 10 9 19 10 11 10 18 7
18 11 12 5 7 14 17 30 11 10 15 24 12 22 19 17 18 26 13 13
44 31 21 24 28 32 36 49 41 30 22 25 33 41 58 53 53 45 41 27
9 6 3 5 7 4 2 6 2 4 1 2 3 3 12 7 15 6 9 7
8 5 3 11 6 1 12 15 13 1 8 7 12 5 20 19 12 16 13 10
8 11 5 8 5 9 9 12 8 2 1 7 11 11 19 11 16 13 9 15
27 30 20 20 10 30 33 37 24 17 24 28 32 28 43 31 35 29 18 27
36 30 9 34 33 41 33 42 38 23 23 35 39 37 48 44 55 48 45 34
14 10 10 13 14 8 11 21 6 7 5 13 10 7 17 10 20 18 15 14
32 12 4 20 16 11 16 30 28 3 11 4 13 14 36 28 26 28 30 13
46 9 32 22 28 22 37 49 29 21 25 23 34 29 29 47 47 51 28 36
13 18 11 5 6 15 14 20 10 10 2 15 16 15 23 22 22 12 1 14
10 3 1 7 1 1 10 13 7 4 8 6 4 5 10 5 7 9 8 8
42 31 7 28 28 24 35 36 33 14 34 27 29 24 47 34 39 24 36 15
8 5 5 7 2 5 4 8 5 1 1 2 7 9 8 7 13 7 4 11
49 19 16 29 33 28 32 51 46 26 34 28 27 33 43 46 45 43 47 20
44 25 23 38 36 32 27 44 24 19 26 28 38 26 40 35 50 40 41 28
27 32 26 42 36 18 35 54 28 14 24 22 36 32 49 45 47 44 44 32
46 29 29 33 39 33 42 48 43 28 24 31 46 34 50 46 52 46 47 40
32 39 17 28 33 24 30 43 39 14 27 23 28 22 59 45 42 38 44 12
25 33 32 28 27 26 39 53 33 17 22 26 41 38 51 53 53 49 40 41
12 8 3 8 11 7 3 6 13 2 4 3 6 2 23 11 10 10 19 3
44 35 42 37 38 38 51 66 47 34 18 31 50 44 59 62 71 69 43 51
67 42 42 50 52 44 51 69 45 20 49 33 61 44 63 61 79 63 57 43
28 42 26 25 27 33 39 53 35 25 26 37 32 32 57 42 46 38 34 23
43 46 41 37 35 43 53 66 44 31 46 52 52 53 66 66 67 68 56 51
28 27 29 23 26 35 30 50 41 25 14 33 33 41 43 38 47 52 40 36
13 21 10 17 2 12 21 27 16 2 22 16 18 20 28 23 22 19 15 20
39 51 48 51 38 26 48 66 37 26 44 39 51 37 62 62 66 58 48 47
30 40 27 17 31 39 43 58 52 27 32 48 39 53 63 48 57 57 48 39
38 18 29 18 23 31 40 50 43 21 30 35 40 39 34 40 40 45 41 37
66 43 57 43 52 39 64 85 55 49 46 54 60 52 65 74 80 77 57 54
31 45 30 33 25 28 41 60 30 26 26 35 40 31 55 51 55 48 31 35
18 6 1 1 8 9 5 15 13 6 7 11 1 7 16 14 19 13 12 5
14 8 10 17 6 6 12 18 10 4 9 4 12 8 15 12 12 17 13 13
15 11 11 6 9 10 5 13 15 3 4 7 8 14 21 14 21 14 17 9
54 62 32 38 51 49 50 67 58 27 49 42 51 58 81 59 68 54 63 35
7 4 2 5 1 4 3 7 1 2 7 7 3 8 11 9 11 3 4 9
58 49 32 46 53 48 61 78 54 59 37 56 53 57 69 75 81 72 62 53
11 4 6 7 12 6 7 12 15 3 2 7 11 12 16 15 17 19 20 12
36 27 27 34 27 29 36 59 40 34 18 30 34 43 52 53 55 62 49 40
8 4 1 5 1 4 1 12 3 3 6 8 1 2 14 9 7 5 4 5
19 15 13 23 19 13 25 41 25 19 9 14 22 28 37 38 31 40 32 31
19 14 12 19 20 21 19 22 16 12 5 16 25 21 24 26 32 29 23 27
38 44 36 50 37 36 50 60 35 35 16 35 54 39 52 59 62 58 43 52
34 28 26 22 24 44 29 37 33 20 26 35 40 42 45 41 55 44 36 36
59 56 43 54 51 45 57 75 55 28 53 44 60 57 77 71 83 73 66 49
6 10 5 5 1 4 4 14 7 1 4 5 5 13 14 17 16 9 7 9
18 24 11 18 15 21 24 32 23 20 11 20 20 23 31 29 34 28 23 27
25 30 16 19 16 27 37 44 34 28 20 35 30 38 42 43 44 47 33 41
35 28 43 29 29 40 44 64 44 35 31 39 41 46 44 52 63 64 50 47
36 40 19 30 29 40 42 56 41 32 24 38 37 43 49 56 58 49 36 39
28 27 31 22 27 29 25 43 22 14 7 18 28 25 34 34 46 36 29 24
58 13 41 53 57 39 47 72 43 35 28 34 56 48 54 56 68 74 62 48
45 39 29 37 33 28 42 55 30 27 38 41 44 23 48 46 56 43 40 29
8 10 8 10 10 8 13 13 15 4 3 9 11 9 15 7 17 11 13 14
51 24 25 42 42 37 39 58 45 38 17 26 40 42 47 60 68 58 48 44
15 13 4 12 4 6 9 16 13 1 8 6 10 9 18 14 10 7 13 8
3 4 4 2 1 4 6 5 5 2 1 5 8 6 6 1 9 7 3 7
3 1 1 8 3 1 1 6 1 1 1 1 1 1 1 1 3 3 7 4
21 3 10 12 8 10 9 19 4 5 5 7 14 10 9 14 20 16 8 15
28 10 28 15 11 19 29 35 17 10 16 18 31 22 19 27 34 33 18 27
11 1 9 6 6 11 5 14 10 5 4 10 13 15 12 15 20 23 16 17
29 29 35 25 35 29 45 46 41 22 18 34 42 36 49 40 44 48 37 42
18 20 14 13 15 17 8 21 14 14 11 21 14 18 32 23 28 24 17 13
50 26 33 38 36 48 46 65 41 43 16 40 50 48 39 62 70 67 47 58
52 33 13 32 42 21 35 53 50 18 27 29 33 30 64 49 51 50 54 15
64 34 32 37 41 61 52 67 58 44 60 59 55 53 65 67 63 61 60 37
8 3 2 5 3 2 8 10 11 1 3 5 6 4 11 5 8 15 9 8
46 36 11 37 46 24 40 56 47 29 31 36 39 37 63 57 61 58 58 35
18 10 7 22 15 7 21 28 18 2 11 7 23 15 31 28 20 32 27 20
52 31 48 37 40 38 52 65 57 41 28 33 52 52 53 64 71 75 68 55
23 1 7 12 16 15 13 16 19 2 9 10 16 18 24 19 24 30 23 17
38 22 28 19 28 37 24 38 32 11 21 23 38 35 38 33 53 43 32 31
5 9 3 1 2 7 7 11 3 1 7 12 4 8 18 6 12 9 7 6
13 16 10 15 10 19 13 26 3 11 11 22 16 19 21 20 24 20 12 18
8 1 1 5 1 4 1 9 1 2 3 4 1 1 8 3 4 3 5 3
32 24 12 29 20 23 36 46 28 23 16 20 31 27 39 43 38 39 27 34
16 19 6 11 9 15 10 15 14 9 11 13 11 12 26 20 21 9 10 9
40 27 19 28 27 13 38 50 27 6 31 19 31 29 45 50 47 44 33 27
15 10 15 7 7 14 17 19 14 7 7 12 18 16 14 12 22 22 11 17
51 36 45 51 56 40 55 71 57 37 39 43 60 50 70 64 69 73 69 47
4 1 1 1 5 1 1 6 3 1 1 3 1 1 6 1 5 7 10 1
61 30 27 42 46 48 46 71 63 34 38 33 44 56 60 61 67 69 66 43
48 44 31 41 41 49 53 73 54 43 45 58 48 59 71 71 69 74 65 47
42 38 29 45 34 31 41 58 40 29 37 41 45 35 45 52 61 57 53 41
25 30 24 21 23 16 26 39 26 16 17 22 26 26 44 36 43 34 35 24
46 40 35 37 36 47 52 70 60 45 41 56 53 71 59 69 68 80 72 58
49 27 32 35 45 27 54 67 44 48 24 37 52 51 52 59 65 73 58 56
24 29 24 11 22 32 25 40 35 15 16 25 25 37 44 35 36 42 36 20
10 3 1 1 1 3 7 4 7 1 7 6 3 8 13 4 7 7 4 3
9 7 10 11 12 2 7 17 13 1 1 1 6 8 13 12 21 21 16 14
21 14 14 15 14 21 14 29 16 12 17 23 17 21 21 25 29 25 20 16
7 5 1 1 1 3 3 9 2 1 2 7 3 7 9 7 7 2 1 5
4 3 3 5 4 5 3 10 5 5 2 10 4 5 10 1 8 7 11 8
62 17 28 33 41 40 47 59 52 25 40 32 51 44 50 53 57 55 54 34
29 18 12 35 20 13 30 36 24 16 17 15 31 19 29 35 37 38 32 30
11 8 4 6 8 6 7 16 7 2 5 11 4 7 16 7 18 14 11 11
19 16 27 12 16 21 23 30 18 15 25 32 28 28 26 31 37 42 32 30
54 22 31 22 39 41 52 70 55 44 33 50 49 58 50 59 58 73 55 51
64 46 36 54 46 50 55 77 55 44 60 59 52 53 70 76 77 76 71 47
6 6 9 6 2 6 7 11 5 1 1 4 12 11 6 9 15 10 2 11
41 50 44 42 38 46 54 69 49 35 17 29 59 61 66 75 69 66 54 65
34 52 41 40 35 36 48 63 48 26 20 32 50 41 59 51 59 58 46 42
29 7 14 16 13 12 21 31 16 13 9 11 18 18 24 19 25 27 18 20
56 37 39 38 40 50 51 66 58 37 45 50 57 55 53 61 74 67 66 53
40 25 21 32 30 7 39 52 29 7 29 21 34 19 50 44 43 46 34 20
43 33 19 42 41 24 33 46 34 23 27 25 35 13 49 39 48 38 43 14
32 16 26 21 22 36 24 39 24 29 18 32 32 42 24 37 47 41 37 39
38 14 25 31 40 24 32 51 37 26 13 24 33 31 37 45 51 57 43 40
55 51 44 37 48 54 50 72 64 37 45 52 55 60 73 67 77 73 74 48
15 23 26 16 12 25 28 33 16 18 13 29 31 28 30 27 35 28 13 32
41 23 33 26 34 34 37 44 36 21 25 28 42 39 49 48 57 44 33 37
17 29 17 23 15 13 23 32 18 2 22 19 26 21 35 31 37 24 27 20
21 31 31 33 31 33 41 49 31 29 30 42 44 46 47 45 42 47 45 49
37 11 12 18 23 21 20 35 29 4 16 18 22 23 36 23 29 37 36 13
30 33 26 29 27 30 32 51 40 17 10 15 29 33 49 35 48 44 42 33
23 22 17 21 24 17 22 33 17 18 10 21 19 11 29 21 35 28 20 20
53 47 27 41 52 36 54 75 72 37 28 39 53 54 76 66 72 77 73 45
15 10 9 6 8 10 14 15 16 3 6 9 11 17 15 9 19 15 12 15
37 44 39 38 35 35 50 64 39 23 26 27 44 53 59 57 53 57 50 48
58 42 25 52 52 55 44 63 51 47 31 38 57 49 54 61 76 56 54 44
27 26 26 21 19 24 33 37 28 19 12 18 33 32 37 38 43 35 25 36
12 8 6 11 10 4 13 15 11 1 12 10 7 8 16 7 14 12 18 9
42 22 11 25 37 29 29 54 44 24 22 24 20 33 52 48 44 49 47 22
51 50 42 38 39 51 52 77 63 29 57 56 53 59 71 73 69 75 68 42
16 7 5 9 5 10 6 12 1 1 5 7 8 10 11 10 13 7 10 10
44 39 50 48 40 26 61 75 36 31 40 45 57 43 62 62 62 73 48 56
37 34 40 32 32 41 48 67 44 29 20 35 52 52 48 62 62 59 45 54
15 13 6 6 1 17 7 22 12 11 9 18 9 19 19 16 20 13 9 10
21 18 14 7 15 18 18 29 30 12 16 24 16 32 35 28 32 40 34 18
24 20 19 22 16 18 21 36 13 14 17 22 23 25 30 32 37 34 24 29
25 29 28 25 25 11 29 39 28 17 33 34 25 25 47 33 35 44 38 26
41 22 8 35 39 14 33 50 41 15 34 29 32 29 53 35 34 51 56 16
20 9 2 11 12 15 8 16 10 13 10 13 9 5 21 13 16 9 15 3
13 9 9 10 9 9 8 15 3 3 3 10 9 8 13 8 18 14 10 14
34 21 13 33 26 30 35 50 37 31 15 28 33 37 39 40 41 49 43 39
41 28 33 40 36 26 36 58 26 22 39 34 37 29 42 48 56 51 43 33
36 22 31 18 32 30 45 59 41 34 26 40 36 42 49 49 53 57 35 35
11 12 6 4 5 4 8 16 15 1 11 9 3 14 22 15 13 15 13 6
5 4 5 8 4 1 7 8 6 5 5 9 7 5 12 6 9 9 8 9
30 27 18 24 15 19 28 39 26 12 20 20 26 22 38 28 29 33 26 20
22 26 17 14 11 19 27 31 27 7 17 15 23 25 37 27 28 23 24 18
51 18 31 36 42 34 47 57 40 33 20 28 46 42 56 51 61 54 42 43
19 12 10 11 9 16 15 29 9 9 11 15 14 19 20 26 29 27 11 22
31 13 15 17 11 18 17 27 13 8 14 12 23 12 21 24 30 22 19 15
8 10 8 7 7 6 4 12 5 6 8 13 3 9 20 10 17 10 12 8
28 4 24 28 24 11 24 42 16 19 5 11 28 24 20 39 39 43 21 35
20 17 14 17 9 20 22 35 22 19 18 26 20 21 28 26 28 26 19 23
45 35 9 34 37 23 38 57 51 27 33 38 33 36 52 57 54 57 57 30
53 39 40 40 48 52 61 79 60 35 42 48 56 67 70 73 64 76 63 56
46 24 22 47 41 27 44 61 28 32 29 24 44 34 47 62 54 51 41 41
19 9 10 9 12 12 13 26 15 19 15 18 6 17 18 19 24 29 25 12
14 7 4 8 10 8 4 10 5 2 5 7 4 4 13 8 14 5 12 7
2 8 3 5 3 4 3 11 14 5 4 10 5 8 18 11 11 10 12 8
46 43 23 30 36 27 48 70 54 26 39 43 43 48 69 63 61 66 59 33
3 1 1 6 2 1 4 8 3 1 1 1 4 1 7 4 6 5 10 6
10 9 5 7 5 13 5 19 10 12 15 17 5 17 17 20 18 17 20 13
64 56 41 53 51 49 64 82 58 31 46 43 64 64 73 83 85 79 70 59
8 11 10 10 8 7 13 19 15 3 3 6 10 10 19 15 18 18 13 13
11 1 7 5 1 8 5 7 1 1 4 6 9 9 7 5 13 11 3 13
22 25 12 17 15 8 23 37 21 9 22 22 18 14 41 26 26 28 27 11
37 22 29 23 32 36 38 56 40 22 31 44 38 43 41 43 45 57 46 34
5 3 2 9 4 1 6 9 7 2 7 3 3 1 10 6 5 7 9 7
35 26 44 19 32 46 46 57 43 25 40 48 54 56 41 57 55 60 49 52
17 20 29 21 19 18 32 48 26 9 7 13 32 34 38 39 39 49 28 37
1 6 1 2 1 1 1 4 5 1 4 6 1 5 10 6 2 3 2 2
10 1 1 4 3 3 5 10 3 2 1 2 3 1 8 4 7 6 6 4
8 1 7 4 1 6 6 9 1 1 3 8 10 9 6 5 14 10 4 12
24 15 10 24 9 16 19 25 18 11 10 8 21 17 25 26 30 33 25 25
23 4 3 14 8 4 11 23 13 4 10 2 6 4 21 16 12 19 16 9
20 30 22 11 15 28 23 42 27 18 18 29 23 35 37 38 44 34 30 25
28 28 13 27 25 34 21 36 35 16 7 22 31 35 42 45 47 40 40 31
3 2 3 9 2 1 3 7 5 1 2 3 3 1 9 5 7 8 5 10
15 11 15 22 15 5 15 28 8 6 12 8 13 6 17 16 20 24 19 14
22 24 35 36 37 22 40 49 29 18 17 27 44 36 44 43 41 49 40 45
16 29 17 11 11 26 23 28 25 8 13 15 23 32 40 34 39 31 26 27
10 2 3 1 1 9 1 6 8 7 1 6 4 7 10 6 12 10 8 7
57 61 35 43 66 45 62 78 68 38 50 56 62 59 87 68 75 74 73 48
4 1 1 4 1 2 3 7 2 1 1 4 1 2 10 1 2 6 4 4
19 28 26 21 24 26 36 51 34 19 7 23 37 38 45 43 40 46 32 37
9 4 3 4 2 2 1 6 1 1 5 3 1 2 14 6 7 2 6 1
12 5 8 9 4 8 8 11 4 4 2 6 10 7 10 7 13 9 5 9
34 8 23 21 19 20 25 40 18 15 15 14 28 25 25 36 40 34 17 28
12 8 4 15 10 7 13 18 17 1 12 11 13 9 22 13 10 20 20 10
11 10 4 7 1 8 9 13 6 6 10 13 7 13 15 13 14 9 9 11
21 11 14 22 23 17 23 32 23 11 7 14 22 25 35 24 26 34 35 25
17 7 10 5 11 8 5 12 5 4 2 5 6 5 15 9 21 16 10 7
37 26 23 22 31 18 33 44 32 21 24 30 26 28 48 33 44 45 38 26
7 2 1 14 3 1 12 18 11 1 5 1 9 8 15 13 8 20 16 16
33 32 21 17 16 23 29 42 26 15 29 29 23 30 46 36 37 31 29 14
58 41 32 52 61 47 47 61 47 38 43 46 58 48 65 60 70 71 64 39
3 2 1 4 1 2 1 6 1 1 3 6 2 6 6 3 5 4 1 3
22 33 18 25 19 25 28 49 30 15 28 26 29 35 38 47 43 39 40 29
52 46 30 39 42 24 40 62 52 45 37 43 33 41 60 58 61 65 63 40
5 3 2 5 1 3 5 8 1 1 1 4 4 4 6 1 8 6 4 9
17 16 10 14 11 13 15 22 16 8 6 10 15 17 25 19 24 26 18 21
60 52 37 56 50 57 50 72 53 52 41 54 57 52 57 69 82 65 64 43
9 2 2 7 3 3 1 8 6 2 5 6 5 10 13 9 13 12 15 11
39 22 22 30 35 27 31 53 35 27 19 30 33 25 47 44 45 49 36 28
9 5 1 1 3 6 3 6 1 4 1 6 3 3 10 6 12 5 3 5
30 21 26 40 30 18 30 47 15 25 18 18 35 20 37 43 43 43 37 33
26 51 39 23 28 47 47 61 53 36 21 43 45 57 63 60 63 64 48 50
28 24 12 25 21 23 23 27 22 17 13 18 26 14 30 23 30 11 22 16
21 11 14 16 13 10 18 30 11 11 6 11 16 13 23 17 29 26 17 21
36 23 25 21 31 27 24 42 35 13 21 22 26 27 50 35 44 43 43 18
23 20 17 33 27 8 25 45 15 8 20 18 25 11 33 35 32 36 31 21
24 22 13 7 17 16 24 27 23 17 24 26 20 33 28 31 36 34 29 25
49 14 40 44 39 25 57 67 42 25 26 23 62 44 51 63 54 67 50 54
37 31 27 22 28 35 34 44 30 12 26 32 40 35 47 46 47 41 31 32
32 26 20 8 15 25 29 39 30 19 17 24 24 36 35 36 41 39 23 29
39 41 48 43 32 35 48 61 30 34 39 45 54 45 49 65 71 60 44 57
41 27 14 33 39 27 39 55 50 26 42 40 33 35 49 53 49 58 58 31
17 18 14 4 6 21 13 27 15 12 10 24 18 23 23 24 26 16 10 17
45 25 37 33 35 27 40 52 33 17 28 32 47 25 42 45 55 52 44 34
41 31 27 38 39 36 40 51 39 33 12 35 47 43 49 55 63 63 45 52
7 22 15 5 8 18 17 32 22 13 8 23 16 23 29 26 30 26 16 17
21 19 19 22 30 26 22 33 34 9 11 16 28 31 37 30 42 40 38 30
50 32 29 31 40 40 43 55 53 30 39 41 45 51 54 46 53 59 59 42
13 3 1 5 4 1 1 11 6 1 5 2 1 1 14 11 8 7 9 2
14 15 11 13 2 15 19 24 16 3 14 17 22 19 28 20 21 23 14 22
36 27 17 21 26 27 32 54 45 22 29 30 25 36 48 47 37 52 47 27
49 22 36 29 27 45 47 65 45 31 47 49 43 48 46 51 55 58 50 41
3 15 8 1 2 11 14 14 8 5 10 17 11 15 17 12 14 9 5 11
36 26 18 22 26 32 35 44 29 21 29 34 34 42 48 44 37 45 40 35
29 36 27 34 28 17 30 46 22 16 23 22 31 25 44 52 53 42 35 33
41 14 16 22 25 23 32 41 24 24 22 21 28 31 29 42 39 44 32 32
6 11 11 13 12 8 13 18 19 3 5 8 14 13 21 17 17 22 19 15
16 16 9 14 13 13 7 18 13 8 5 5 8 10 23 17 20 12 15 11
39 22 21 20 20 37 35 50 37 22 28 34 38 38 41 46 38 44 38 29
11 11 16 23 23 8 21 36 15 21 10 21 19 18 24 21 25 35 33 24
6 8 8 12 4 8 11 15 4 8 5 11 12 12 8 7 16 9 6 19
61 31 56 53 54 41 71 85 54 38 38 40 72 60 73 80 81 86 67 68
26 29 27 23 25 27 34 42 32 20 17 33 28 32 41 30 37 38 31 32
42 57 53 40 40 53 52 62 38 46 34 58 57 51 66 61 76 59 43 53
19 14 10 22 24 13 15 26 24 1 12 14 23 16 33 21 29 25 31 13
34 15 16 22 30 16 28 42 27 25 14 22 19 20 35 34 43 42 34 26
32 20 24 23 24 28 38 46 28 12 27 30 39 37 43 41 35 44 36 36
62 29 26 25 47 43 47 57 56 35 35 40 51 52 56 53 68 66 58 47
46 29 14 35 25 36 38 52 45 26 26 36 42 38 43 50 50 60 50 37
68 36 32 39 48 41 59 70 57 27 46 42 60 43 61 68 65 65 57 39
24 1 11 13 12 8 21 29 18 5 11 13 20 14 20 24 20 36 17 20
1 5 1 1 1 1 1 2 1 1 5 6 1 7 9 10 8 1 4 6
13 8 6 11 5 8 9 19 6 6 5 9 9 10 8 11 14 14 6 14
24 8 24 21 19 11 29 32 15 13 8 10 31 20 20 28 34 31 11 30
12 3 5 9 4 4 5 12 8 1 4 3 5 4 13 8 10 13 9 9
55 42 29 28 50 42 57 76 51 47 49 57 51 62 68 73 64 74 62 55
53 28 24 39 46 27 44 70 54 31 36 30 35 45 54 62 60 69 63 41
8 3 1 2 6 5 1 3 7 2 1 4 3 2 12 4 6 7 11 4
17 9 6 8 7 9 3 12 3 5 6 8 6 8 17 14 16 8 8 7
12 3 2 10 6 2 6 15 11 3 3 3 5 3 12 12 9 18 10 11
43 40 34 45 49 25 48 65 50 11 33 30 53 33 64 52 62 64 57 34
27 24 14 8 18 30 18 34 30 18 13 25 21 33 40 36 38 38 31 22
5 1 2 3 1 2 3 3 3 1 2 2 4 4 4 2 5 7 1 6
20 10 9 15 18 4 18 22 17 6 14 12 9 7 27 10 20 20 29 6
27 24 27 43 27 25 44 58 30 34 16 27 49 44 34 55 49 53 40 51
19 19 12 12 11 21 15 28 12 17 22 23 11 19 31 27 29 22 21 17
17 8 7 8 19 13 13 18 15 6 8 15 15 10 23 21 24 20 17 15
15 7 11 17 12 9 18 22 10 8 6 3 15 15 17 22 22 26 13 24
54 46 52 47 48 41 57 70 53 26 29 30 55 47 70 60 70 67 58 50
4 3 1 1 1 2 1 4 1 1 1 4 2 3 6 2 1 1 1 2
17 28 31 16 15 32 30 45 29 21 10 26 31 38 28 38 48 47 29 40
8 1 8 19 6 4 12 24 2 4 6 8 14 9 10 17 11 20 9 16
8 4 1 5 5 1 10 16 7 1 9 9 1 7 13 7 7 15 9 5
55 28 38 47 45 18 40 57 47 34 26 23 38 31 62 53 59 59 57 42
36 22 10 23 29 25 27 41 28 25 23 27 23 24 32 36 40 35 28 13
23 9 9 8 14 15 25 30 26 16 11 21 20 23 33 26 29 33 24 22
50 52 40 57 58 43 55 75 49 49 34 58 61 51 69 76 77 74 66 63
50 9 29 18 28 43 42 63 40 41 43 47 39 56 31 58 51 64 53 49
36 36 22 20 23 32 37 52 41 36 16 31 32 42 46 47 54 52 35 39
13 1 1 7 11 3 3 12 11 3 3 4 2 2 12 6 12 14 14 4
16 9 9 16 6 12 10 19 10 9 12 13 15 19 22 21 21 24 20 21
57 23 39 30 42 48 49 54 47 30 34 39 60 46 45 56 65 51 50 46
60 53 38 42 45 64 48 73 60 45 47 57 64 58 71 73 87 72 67 48
24 16 8 21 12 17 18 26 10 10 15 15 19 17 24 25 26 20 16 20
8 1 1 6 1 1 4 8 5 1 5 1 1 4 8 3 5 8 7 7
22 32 21 25 24 18 25 35 26 19 19 27 26 23 38 30 36 25 30 20
37 55 49 42 43 49 52 68 46 32 32 44 58 57 73 73 78 66 55 55
34 9 15 23 13 14 30 47 25 18 17 16 27 29 24 40 32 42 29 33
12 4 4 10 6 7 6 14 11 7 7 11 10 12 18 15 12 17 19 11
22 19 17 19 24 16 22 32 25 12 18 23 22 24 35 31 34 43 37 26
29 23 27 27 21 17 29 48 24 6 22 19 30 26 40 41 35 44 29 27
10 9 8 6 3 5 10 13 5 1 8 8 10 8 16 5 14 9 12 7
43 24 32 32 36 18 40 49 28 25 24 26 34 27 51 42 52 49 38 31
59 19 42 26 36 41 53 71 51 43 37 41 48 57 41 68 67 69 54 54
41 32 27 27 33 37 35 53 49 9 28 21 42 49 57 46 55 53 48 37
57 38 42 50 50 44 53 71 50 41 23 39 60 44 63 56 64 66 57 46
51 42 16 43 42 49 46 69 59 36 30 49 49 54 65 63 66 70 65 47
9 5 2 7 2 9 5 15 1 10 2 11 5 10 7 9 14 11 7 16
52 37 31 48 36 44 50 71 49 44 41 39 47 52 61 76 70 65 56 53
31 32 15 20 28 9 37 45 35 24 28 30 27 25 44 32 40 38 42 25
6 8 9 3 2 8 8 14 4 5 3 11 9 11 9 6 13 12 3 10
47 43 34 31 35 29 52 68 49 21 40 42 46 45 58 63 69 64 51 39
15 24 13 18 10 17 22 35 20 7 13 17 20 21 35 32 29 28 18 24
52 38 45 47 57 20 61 77 45 43 44 44 55 47 63 66 66 75 62 57
18 20 20 17 13 29 16 30 14 17 15 30 25 29 29 34 43 41 26 28
11 8 4 11 4 4 6 12 6 1 10 9 6 6 16 11 9 7 11 8
41 34 20 25 34 27 25 47 43 12 31 24 29 41 58 37 49 48 50 25
10 9 12 16 11 5 14 19 9 7 8 8 13 9 16 18 23 20 19 18
34 23 9 27 23 18 32 47 31 21 29 31 28 23 37 41 42 39 33 24
22 9 9 13 14 8 12 20 9 12 10 10 14 13 20 22 24 17 21 17
6 15 10 2 2 12 11 14 13 4 1 7 10 17 16 12 18 9 6 12
8 9 7 7 13 7 5 5 7 6 5 10 5 11 10 9 21 10 17 13
4 2 1 1 3 4 1 6 2 4 1 7 2 4 1 1 6 2 4 5
2 2 2 3 1 1 2 6 4 1 1 1 1 3 5 4 9 5 1 7
25 8 2 6 11 16 10 15 16 12 11 13 8 17 23 19 25 19 20 10
53 40 37 40 40 45 54 76 51 40 37 46 50 49 67 69 71 69 51 51
44 15 31 26 30 20 35 55 38 27 24 27 31 30 42 41 44 55 45 29
14 13 14 13 9 10 19 29 16 8 9 14 15 13 23 15 20 25 17 18
44 45 25 43 41 35 39 59 49 23 28 27 45 36 61 49 63 53 49 36
10 2 10 11 9 8 8 18 7 1 7 12 16 12 17 17 16 21 11 12
15 17 10 10 11 10 13 31 15 9 14 19 8 16 24 20 23 20 19 10
4 1 4 4 1 2 4 7 4 2 2 4 5 3 7 2 8 9 7 6
48 40 29 30 50 42 43 56 54 21 25 28 41 43 69 57 62 56 54 34
40 25 33 36 36 13 39 53 35 23 29 16 30 25 54 52 53 54 45 35
22 12 19 23 24 9 30 34 26 18 17 17 25 30 39 29 27 42 34 28
34 40 25 32 31 17 40 54 33 13 29 23 32 28 55 49 50 49 42 27
60 39 29 36 48 44 39 54 53 12 49 29 47 50 68 51 60 58 62 34
16 19 16 21 21 9 20 26 21 4 15 16 21 12 37 26 24 27 28 10
21 13 6 16 14 10 19 20 22 8 18 13 12 18 25 23 22 18 25 17
44 14 33 42 43 17 40 60 33 34 26 27 33 21 45 47 53 60 42 40
24 14 7 14 19 17 6 23 7 12 9 17 10 8 22 18 29 15 14 6
11 3 7 3 7 3 2 9 2 2 1 3 5 7 5 8 15 11 6 6
13 19 26 28 19 18 26 40 21 21 9 17 29 35 35 37 37 40 31 38
58 22 44 53 48 28 60 77 41 37 34 28 62 42 54 68 62 68 54 52
34 19 6 25 25 18 24 39 34 16 11 12 21 14 41 31 34 30 33 15
5 1 5 6 6 1 7 8 3 1 2 4 7 4 3 4 8 9 5 8
8 2 1 3 1 3 2 4 5 1 3 5 3 2 14 4 6 5 9 4
9 2 5 2 1 8 4 3 2 1 1 4 9 8 5 1 11 6 2 8
14 7 4 4 3 9 3 10 8 2 9 9 6 10 18 12 14 7 10 7
44 39 51 46 51 34 53 73 48 44 37 52 56 46 64 62 74 71 54 53
12 9 10 16 5 6 16 31 11 6 8 12 12 9 19 12 18 25 16 16
9 5 6 10 2 8 9 19 4 2 1 8 13 13 10 13 14 18 7 17
10 8 8 7 8 7 2 12 11 1 1 2 4 9 17 11 18 12 12 8
18 22 13 23 20 13 16 33 15 17 17 24 17 18 35 35 34 38 32 25
7 11 16 15 11 5 10 21 11 1 2 6 12 11 22 16 24 25 17 16
16 4 11 19 11 6 17 22 3 1 5 5 17 8 11 13 19 16 10 21
24 42 37 42 33 32 48 69 44 31 32 39 46 47 62 58 54 58 54 42
23 18 11 29 17 22 24 37 26 18 23 25 32 32 33 41 29 43 38 30
55 31 21 44 49 37 33 61 42 29 38 36 37 31 56 48 61 57 50 25
33 29 28 21 21 42 28 45 22 29 27 40 35 38 38 46 57 42 32 35
34 14 9 14 18 32 11 35 22 11 21 24 19 29 28 29 34 31 23 14
40 45 45 41 41 26 46 60 41 35 32 48 47 35 60 47 59 55 44 44
20 13 12 16 18 23 13 17 23 11 9 21 21 26 23 23 32 35 32 26
23 8 10 8 4 13 11 15 13 4 13 5 11 12 19 15 17 14 13 11
42 41 31 33 25 55 44 57 42 42 41 52 49 53 46 62 67 57 42 45
34 25 25 22 34 27 27 47 28 18 14 24 31 31 45 48 56 45 36 29
30 15 19 25 31 20 19 35 24 14 15 20 24 22 38 36 43 43 40 29
20 6 10 14 6 7 16 26 11 1 9 4 15 13 17 21 22 28 18 20
7 7 4 7 5 1 2 10 6 1 6 6 2 5 15 10 9 7 9 7
16 11 10 15 11 7 14 15 12 4 12 6 16 12 17 14 21 18 22 14
10 1 6 4 1 7 1 6 3 1 5 5 6 9 7 7 10 11 4 12
46 26 15 27 28 32 25 44 39 8 28 22 31 31 50 39 45 40 40 17
21 19 7 8 12 24 10 21 23 15 14 21 17 26 35 32 28 25 25 16
16 3 1 8 12 10 12 22 15 10 5 16 13 10 22 18 19 23 19 12
26 21 12 20 16 33 16 24 24 15 12 21 29 34 30 31 43 29 26 30
59 42 25 26 49 41 42 62 52 34 33 38 39 47 56 52 63 57 53 27
4 8 6 4 1 8 9 14 4 6 1 12 10 10 12 6 12 8 1 15
7 1 1 1 1 1 5 5 5 1 5 4 1 2 10 3 5 7 4 4
16 11 10 10 13 14 17 26 18 7 13 19 17 19 26 21 23 28 20 21
41 21 24 22 33 25 40 45 40 15 29 32 38 37 42 41 39 51 39 35
27 26 32 17 31 25 28 39 31 16 19 25 31 33 37 41 48 51 39 30
48 49 26 42 34 32 53 72 46 44 43 55 45 45 62 62 65 68 58 49
43 13 13 26 25 8 33 46 37 19 19 11 26 26 45 40 30 43 36 24
35 22 23 28 22 28 35 45 28 18 23 26 35 30 37 38 38 44 32 28
63 34 22 41 54 36 51 68 50 42 38 47 49 46 61 56 60 68 61 36
19 18 7 11 4 12 14 23 15 1 9 5 13 14 28 24 22 16 13 11
21 15 20 13 17 17 14 18 13 13 13 16 17 18 23 22 34 28 24 20
42 30 22 22 26 37 42 60 47 37 38 49 41 56 47 62 57 70 52 47
6 2 4 7 1 2 7 11 3 1 1 2 8 4 6 7 11 10 3 9
22 23 10 16 15 20 23 37 26 12 7 13 21 21 38 32 33 32 23 21
28 2 18 12 16 26 16 34 23 15 19 26 22 23 23 29 29 38 29 22
27 6 4 19 18 11 19 33 19 12 13 15 13 19 23 26 25 30 27 21
22 5 13 20 16 13 18 26 10 6 9 12 17 12 16 13 22 21 14 18
42 23 41 37 46 36 41 56 42 25 13 30 53 40 47 43 65 63 45 46
47 38 32 44 35 36 42 64 44 34 35 45 45 44 52 59 66 67 57 49
24 26 22 36 25 36 31 47 30 24 15 27 46 51 38 46 54 52 41 50
20 26 20 19 12 31 26 32 27 16 19 29 32 33 39 36 41 33 32 31
30 18 34 38 31 20 36 56 28 29 9 21 41 37 38 48 51 58 40 49
38 23 31 33 40 20 46 64 36 33 24 38 41 33 42 46 48 67 43 37
5 2 1 5 1 1 1 4 8 1 2 1 2 2 12 4 1 5 8 1
20 8 11 12 8 17 10 19 12 9 13 19 15 17 17 13 20 18 19 18
14 8 20 22 16 11 16 29 7 14 8 14 22 22 15 29 32 39 29 30
7 5 4 6 6 7 6 8 10 1 3 8 9 10 14 6 9 11 14 8
13 12 24 15 11 13 20 28 11 5 10 18 24 19 16 22 28 29 15 25
8 7 4 5 5 4 5 7 13 1 7 7 5 7 16 9 5 10 11 5
39 19 21 31 36 1 40 55 31 22 27 21 30 26 43 47 40 49 35 35
48 26 26 45 45 24 54 77 57 36 28 29 52 51 57 72 60 78 65 46
10 6 3 5 4 2 8 14 14 1 3 1 3 6 15 8 10 14 11 7
45 30 37 25 33 44 45 55 43 24 21 39 51 44 53 57 64 56 39 48
34 35 33 33 26 29 42 58 29 30 38 43 36 35 48 48 53 52 45 39
26 28 27 18 23 39 28 50 39 24 25 44 33 45 45 42 49 49 38 34
20 9 3 9 4 4 10 17 11 1 12 4 8 8 20 15 13 12 12 5
6 1 1 5 1 1 1 7 3 1 2 1 1 2 6 4 4 8 3 8
34 26 19 18 28 34 27 51 42 22 23 38 26 43 49 39 41 52 41 21
13 10 15 15 18 18 24 34 19 13 7 22 25 22 27 23 26 34 25 29
14 7 8 5 6 8 13 14 10 2 9 10 9 12 16 6 14 15 11 11
26 5 24 29 22 9 20 41 8 12 10 10 24 14 17 29 33 37 18 28
46 57 27 33 52 36 53 63 57 40 43 54 48 50 74 65 72 66 65 44
12 9 13 7 2 14 14 16 10 5 7 13 15 15 17 8 19 19 5 18
44 21 11 18 21 12 29 46 36 16 30 23 24 27 42 41 35 42 36 25
25 30 23 11 28 31 29 43 44 16 11 30 27 35 51 33 40 43 37 26
31 19 10 30 25 24 21 45 36 15 27 20 22 27 41 40 40 35 39 22
16 11 6 16 16 16 11 15 15 5 10 11 18 19 19 10 26 13 19 18
16 14 8 15 12 11 11 23 15 4 7 8 10 18 24 24 15 21 19 11
17 9 8 16 6 11 14 22 10 11 12 10 16 14 10 17 21 19 15 16
43 34 20 30 31 36 33 48 39 29 36 45 35 44 53 42 56 55 56 32
50 50 33 41 42 24 55 73 50 31 52 47 49 44 67 64 65 68 60 46
38 20 18 25 23 24 28 41 31 20 11 19 36 24 42 39 41 36 28 27
36 13 23 41 38 20 35 57 29 23 16 18 33 26 37 39 44 48 43 33
12 11 9 13 8 4 9 16 12 2 7 1 11 9 17 14 17 12 16 10
35 26 22 22 25 29 27 43 28 17 12 20 29 25 35 37 49 36 30 27
40 30 29 53 46 42 46 51 41 36 16 30 57 48 51 53 62 58 53 52
13 6 5 6 3 5 3 16 9 1 1 1 4 9 11 12 9 16 6 4
52 33 21 35 49 30 53 63 58 45 31 43 49 58 60 67 58 75 65 56
46 25 28 24 26 38 36 56 45 32 17 27 35 44 48 49 56 52 41 40
9 12 10 17 10 8 15 23 4 8 7 13 12 14 19 16 23 22 18 22
7 7 5 6 7 4 2 7 4 1 8 7 1 4 18 8 9 6 12 2
12 2 10 9 14 9 6 11 11 1 1 6 13 7 16 9 18 18 16 10
15 10 6 8 8 5 8 18 7 1 13 11 4 8 20 15 13 13 10 4
8 17 16 5 4 13 13 22 8 4 12 20 14 19 21 15 25 20 7 17
41 24 15 32 32 16 36 43 34 6 30 24 35 22 44 34 40 38 39 18
23 2 13 12 8 14 10 20 9 7 11 12 14 11 11 14 18 15 15 14
39 13 28 34 26 20 36 47 24 13 23 15 39 26 38 37 38 47 31 33
56 28 19 32 35 30 31 50 43 14 46 22 36 44 47 43 45 46 48 33
13 6 11 7 4 9 7 12 7 1 12 10 9 13 15 12 18 15 8 13
44 25 31 31 28 23 45 59 41 18 24 26 43 37 52 52 50 53 35 41
44 49 31 42 43 29 50 62 45 21 24 22 45 28 61 57 64 53 48 33
55 40 46 42 51 45 66 80 60 36 34 45 64 70 65 80 82 90 70 69
21 13 7 15 21 6 20 28 26 6 11 13 20 11 33 24 25 26 30 13
42 56 31 45 42 47 46 67 52 33 33 46 51 48 71 70 71 68 67 46
26 33 18 31 19 14 36 47 26 8 37 31 29 23 46 35 34 41 36 19
25 16 18 9 9 28 18 21 17 11 15 23 24 26 22 21 34 18 16 25
29 21 9 17 14 15 22 29 30 8 17 12 16 20 35 22 22 25 29 12
51 39 22 37 30 45 37 58 42 37 37 45 44 43 44 61 65 51 55 36
30 47 36 24 18 54 41 55 43 38 18 50 47 60 51 59 65 55 40 52
23 22 18 23 27 23 24 40 25 14 20 29 28 21 46 28 43 37 35 21
45 39 53 41 52 33 64 78 52 32 22 32 58 54 61 66 67 81 58 58
25 10 6 17 13 12 15 36 21 12 18 18 14 23 25 31 25 38 34 19
35 31 22 20 28 28 33 44 37 17 16 18 28 34 54 45 52 39 39 31
16 18 10 21 15 6 23 28 21 4 13 11 21 8 24 20 21 22 22 15
37 38 32 49 41 26 46 55 27 37 26 35 48 33 48 46 53 47 40 37
15 19 16 7 15 12 15 27 17 4 5 9 11 16 25 18 25 23 19 11
33 30 28 23 24 30 39 43 34 12 40 41 45 36 42 42 46 45 46 27
18 13 12 11 12 19 19 33 12 15 15 23 14 18 21 23 31 25 10 22
37 54 31 48 39 42 43 53 40 42 32 47 46 41 60 60 66 53 52 48
38 20 24 23 28 28 37 46 34 25 24 31 37 34 48 38 42 42 36 34
40 38 23 36 44 40 46 57 45 21 37 43 47 44 65 47 55 55 51 34
18 10 1 12 7 10 7 12 8 8 8 4 8 5 18 16 15 5 12 7
14 19 17 13 14 19 15 23 19 2 8 13 19 25 27 20 34 21 19 21
23 17 15 15 26 16 25 34 27 12 15 23 21 25 32 27 32 41 36 26
42 28 24 36 39 35 21 46 41 15 31 26 40 38 47 46 54 53 54 31
53 42 30 32 42 45 50 60 47 40 37 49 48 46 62 55 61 60 50 27
39 36 40 27 38 38 53 65 52 31 21 41 50 57 53 57 51 69 49 48
20 7 8 7 8 12 9 14 10 2 9 6 10 10 16 15 20 16 8 13
43 42 25 39 37 27 43 59 41 27 22 27 41 34 53 60 62 58 51 38
41 46 30 39 37 32 48 62 45 29 25 37 42 39 62 52 52 49 45 37
19 8 10 10 9 13 12 15 10 1 4 6 14 11 12 12 19 12 9 12
47 24 40 24 39 40 56 63 48 34 28 47 54 56 44 59 59 70 48 56
7 3 1 2 1 3 1 4 1 1 3 3 2 5 9 6 4 2 1 1
10 13 5 4 5 11 15 21 13 11 10 16 10 18 18 18 23 21 14 20
