1000 20 13 1266
9 2 1 11 8 1 4 1 8 3 4 2 1
7 2 6 8 18 2 1 11 25 8 6 7 7
5 1 7 3 6 2 1 1 3 7 1 5 1
7 2 11 11 6 5 3 4 6 2 1 1 1
6 23 2 3 22 9 2 1 12 3 8 6 12
6 12 2 1 1 0 2 10 19 4 16 13 8
2 4 4 1 1 2 1 12 1 2 15 7 6
3 1 2 13 4 9 8 0 10 0 1 0 9
2 0 7 0 1 2 8 3 0 2 4 2 5
7 4 21 1 8 12 13 2 13 1 9 14 10
2 4 5 4 4 1 7 10 1 8 3 3 6
1 0 4 5 3 4 4 1 2 1 0 10 0
3 9 8 2 2 6 2 8 4 9 0 12 4
0 2 1 8 4 1 3 0 0 1 0 3 0
12 17 6 8 2 10 2 1 6 5 3 11 0
2 11 9 4 5 2 5 2 3 1 16 0 3
1 12 8 1 12 4 3 7 5 10 7 15 10
9 2 11 3 6 4 1 9 1 4 19 0 13
7 4 2 3 3 0 2 2 4 1 6 2 5
2 7 7 20 5 13 10 11 19 0 4 7 13
12 6 8 2 4 4 13 8 3 9 24 11 1
5 1 5 5 9 8 19 5 11 2 3 0 5
6 7 2 10 8 2 5 5 2 1 6 4 2
8 1 0 11 6 6 4 4 9 10 4 1 2
1 12 6 1 3 5 10 9 1 10 5 13 2
3 0 1 1 10 9 12 12 4 3 4 23 0
0 2 1 7 1 3 5 1 3 14 6 1 3
2 7 2 10 0 5 2 6 3 8 10 5 0
10 6 1 5 2 0 6 1 1 7 12 11 5
1 0 2 1 0 5 6 5 5 6 2 2 0
5 1 0 1 0 8 0 1 1 5 3 6 4
2 6 10 8 4 17 5 5 6 1 17 4 18
3 3 5 5 2 25 9 10 13 2 16 6 1
2 1 1 4 0 0 3 11 10 9 4 4 1
8 14 8 15 0 7 1 3 7 6 7 6 2
4 4 2 12 2 13 4 11 4 1 9 9 3
10 10 14 10 8 10 6 1 13 2 2 8 1
3 5 10 0 2 9 1 2 1 9 9 18 17
1 3 2 4 3 4 7 6 0 10 3 7 5
4 11 13 8 11 17 4 23 1 5 6 4 3
10 2 1 7 3 11 2 16 21 15 2 9 6
4 4 4 2 5 1 1 3 1 17 4 1 7
11 5 6 3 0 9 1 0 4 0 1 3 2
4 10 17 6 11 14 6 2 5 8 7 12 11
8 19 0 0 11 8 23 1 1 10 7 1 6
16 11 9 15 12 5 1 0 1 7 1 3 1
5 9 6 1 10 8 4 1 11 4 13 13 9
9 4 1 5 7 17 8 9 7 12 4 6 10
3 2 3 4 9 8 22 10 6 6 2 9 8
12 0 1 4 19 0 6 11 2 9 15 6 12
1 10 20 2 8 4 19 12 7 10 1 7 6
4 4 2 5 2 2 9 3 0 6 1 2 8
1 3 8 1 11 9 3 11 10 0 5 1 2
2 5 4 19 14 9 1 11 9 9 5 16 2
5 0 7 2 7 12 2 0 6 4 1 6 1
6 1 1 7 3 8 7 5 8 2 3 3 1
12 12 12 7 9 10 8 10 5 1 16 15 13
8 8 1 18 6 13 0 2 7 20 5 4 4
9 2 3 5 1 4 11 7 12 6 2 2 1
6 11 1 8 9 1 7 6 2 4 8 3 4
10 16 11 10 20 1 11 12 2 16 5 8 2
12 7 9 10 3 6 13 8 6 5 13 5 8
3 8 0 4 14 15 6 9 1 0 2 5 7
2 4 17 15 1 9 5 7 2 9 5 4 0
6 5 1 4 2 4 2 10 3 2 2 2 1
2 3 1 10 6 4 3 11 3 3 5 1 1
4 10 1 0 3 0 1 9 4 8 8 2 2
0 17 14 6 10 1 3 11 21 2 2 4 5
11 0 5 3 4 10 5 4 8 13 1 3 5
4 11 5 9 2 0 8 4 5 4 7 9 6
2 4 7 5 4 2 2 2 8 9 7 0 1
0 8 4 12 4 3 9 3 3 4 3 5 3
8 9 1 20 9 5 19 8 6 3 1 3 10
14 9 14 10 19 12 6 5 8 8 10 10 1
11 2 2 9 5 11 2 2 13 6 4 1 10
2 0 1 3 8 2 5 0 2 2 5 2 3
3 0 2 10 1 3 7 1 5 0 4 2 4
11 1 0 3 2 4 8 2 2 6 1 2 6
1 5 4 3 0 10 0 1 3 1 2 9 11
3 6 6 9 4 13 8 18 7 12 9 2 15
15 6 2 2 3 20 2 13 1 11 11 4 5
5 1 2 1 6 5 3 1 3 4 2 2 0
9 8 2 14 9 7 11 18 0 16 18 2 2
3 3 1 1 4 5 3 5 3 3 1 2 5
5 2 4 1 3 4 6 3 1 5 6 2 4
13 10 6 12 6 6 8 6 21 3 9 5 2
9 11 12 1 2 1 5 6 13 10 2 7 9
0 8 1 3 11 9 2 4 3 2 0 2 2
14 7 8 5 9 1 4 8 0 12 1 20 1
2 5 4 5 2 7 3 4 1 5 3 1 3
8 14 5 0 12 4 19 2 1 20 11 6 13
7 0 5 7 9 1 1 15 5 7 1 9 1
6 5 0 2 1 3 3 5 1 9 2 5 4
19 16 6 0 1 5 12 1 5 0 1 7 4
3 12 12 6 1 8 4 19 12 10 9 14 3
7 1 3 0 5 6 10 6 3 2 7 2 4
4 11 4 6 12 1 11 6 10 6 1 8 20
2 5 7 7 1 15 3 3 8 10 1 3 15
15 6 3 6 12 7 12 3 19 0 2 14 5
13 7 7 0 12 7 7 14 10 5 3 8 17
4 5 9 1 12 2 3 2 0 3 1 1 9
12 1 9 2 0 9 3 4 9 1 10 2 15
4 4 2 7 6 3 0 1 5 2 9 1 8
9 16 7 4 1 8 2 11 15 4 7 3 7
2 4 3 2 12 6 7 13 8 5 10 6 15
4 4 6 19 4 8 7 7 0 11 17 23 1
2 14 9 11 1 5 7 6 11 4 8 20 4
3 5 0 5 5 5 9 17 11 6 1 1 15
0 2 2 4 2 9 8 2 1 5 3 5 6
2 3 4 4 5 2 1 0 2 2 4 0 0
5 2 0 5 3 1 0 10 2 0 4 0 4
3 4 6 2 9 9 1 2 1 5 10 5 3
6 0 16 1 1 13 2 3 4 19 2 6 1
2 1 1 5 5 6 1 16 5 3 11 2 4
0 1 7 0 4 4 7 14 3 0 4 3 4
1 4 3 5 0 1 6 5 6 5 3 1 7
4 9 2 3 1 5 4 4 5 1 2 2 4
17 16 10 8 5 8 6 19 16 3 5 8 5
0 3 6 9 0 11 4 6 6 5 8 4 2
6 1 2 12 7 2 2 7 11 10 4 15 1
6 14 15 12 6 10 6 4 0 7 4 19 12
0 4 9 5 12 11 5 6 1 4 2 5 16
5 14 7 3 2 1 2 11 9 20 1 4 5
12 6 2 8 31 6 0 4 14 4 8 0 4
5 4 5 12 3 2 11 5 0 6 7 10 10
8 10 11 7 20 12 3 3 3 4 17 1 5
4 2 8 22 25 15 1 4 7 1 2 1 3
21 1 2 2 0 19 13 5 1 5 19 4 4
6 1 7 2 1 2 7 1 1 2 2 3 7
2 10 6 3 1 7 2 2 3 0 14 1 4
3 9 0 13 22 7 1 16 6 16 3 1 5
3 28 3 7 4 6 11 15 6 7 2 10 12
2 0 4 2 0 5 4 4 0 1 3 1 2
8 3 7 16 13 1 21 9 7 9 6 2 3
5 4 4 7 11 0 1 4 1 3 3 4 2
0 7 5 10 10 9 16 13 13 7 3 1 1
30 6 1 0 8 5 7 6 4 17 1 10 2
11 15 7 2 8 10 23 3 1 2 16 6 12
0 0 5 9 8 3 10 3 5 3 7 1 2
8 2 6 3 2 2 6 8 7 9 5 19 13
10 0 1 3 6 1 1 5 3 8 3 10 8
1 1 2 6 3 1 4 2 1 0 4 3 7
10 9 7 2 2 4 4 3 3 5 8 7 3
4 7 6 0 1 2 7 1 7 3 9 3 2
6 11 11 7 6 3 2 1 4 0 1 0 3
3 4 1 8 0 2 12 5 0 2 6 6 1
1 3 6 9 9 1 4 3 7 5 1 5 2
4 8 13 9 13 13 16 9 11 5 2 14 1
2 26 0 3 8 6 14 6 14 8 2 14 0
8 7 5 4 2 4 4 0 3 1 6 4 5
14 6 7 6 12 4 18 4 10 11 3 11 5
7 12 2 1 11 14 13 3 4 3 2 5 8
3 9 10 5 5 1 4 6 9 2 0 5 0
14 4 2 0 9 2 9 4 7 9 8 17 5
1 5 1 4 7 2 4 0 2 5 2 1 4
4 3 3 9 3 7 6 2 8 3 6 5 6
10 4 15 4 1 9 10 10 1 14 6 15 6
6 0 16 3 8 9 4 13 6 1 3 8 12
3 1 7 1 1 0 1 4 2 0 3 4 2
3 2 1 2 1 0 8 1 6 5 1 1 2
10 19 1 15 3 17 2 12 4 9 6 7 7
1 3 1 6 1 1 1 1 3 5 2 5 3
0 8 21 3 7 10 3 15 0 6 3 10 14
3 2 4 3 2 8 1 8 4 3 2 5 4
6 9 1 10 12 4 1 20 3 5 9 14 4
0 5 5 7 6 3 4 5 4 7 2 2 5
9 6 14 4 10 19 15 9 12 1 6 4 11
1 2 2 2 4 1 6 2 4 6 5 0 4
5 6 3 21 3 4 12 7 6 10 10 4 5
3 3 4 1 2 1 1 1 15 8 9 2 1
6 1 4 2 4 2 2 5 2 2 2 4 1
3 0 5 3 6 1 11 4 0 4 5 1 3
3 3 3 2 1 2 8 3 8 5 3 1 1
9 4 4 13 1 2 2 5 9 5 3 4 10
13 0 2 5 9 2 2 4 4 2 5 9 8
1 3 5 8 18 2 2 6 3 1 3 3 13
0 18 14 6 1 7 2 6 12 12 14 3 5
4 7 5 10 0 3 5 10 1 13 9 17 13
0 7 3 3 7 7 0 7 3 5 5 6 9
9 3 15 22 5 6 2 4 11 6 7 19 7
2 8 6 2 24 0 3 0 7 6 15 10 10
3 5 2 1 4 2 3 3 6 6 1 0 7
2 4 3 1 3 2 2 0 4 3 4 1 5
2 4 1 6 4 5 3 4 4 0 2 2 7
12 5 16 11 0 3 1 7 10 0 7 4 0
14 1 3 6 0 12 0 7 1 1 14 7 2
2 1 4 1 4 4 0 5 6 2 1 0 6
6 18 5 19 1 5 8 5 1 18 10 4 11
3 16 2 1 10 9 7 1 3 6 7 4 13
9 3 0 3 11 11 22 10 2 1 11 10 16
1 1 7 4 4 10 4 9 5 15 6 9 2
11 3 5 6 9 8 0 4 9 3 1 17 1
4 9 0 6 12 7 15 14 7 1 15 17 17
9 5 18 0 4 0 5 5 3 6 1 12 8
21 5 0 3 2 1 11 1 5 3 1 1 8
4 7 3 1 3 3 7 1 4 14 2 11 7
10 12 15 2 6 7 6 18 14 8 14 15 0
1 4 18 11 6 10 11 2 15 2 16 5 9
14 13 13 10 5 2 3 4 16 16 12 9 2
2 3 2 6 3 1 11 3 8 7 4 1 4
5 3 1 5 1 2 3 9 2 7 0 6 2
4 9 6 6 5 8 0 13 10 3 5 2 1
3 3 6 3 5 7 2 1 1 2 3 6 0
2 5 3 5 6 10 9 1 18 9 3 2 10
4 5 0 2 1 3 0 2 1 6 3 5 1
3 2 4 7 2 5 3 4 5 5 3 8 1
9 4 0 3 9 13 8 2 1 9 5 0 0
7 3 1 1 1 5 3 3 6 5 2 6 3
17 7 9 7 4 2 8 2 4 8 5 0 0
2 1 4 4 6 3 1 3 3 1 3 8 6
2 5 3 2 9 3 6 5 3 1 3 7 4
1 4 4 2 1 8 0 9 4 2 1 2 1
1 13 14 7 9 1 7 9 1 2 7 5 3
3 13 7 1 6 6 4 2 2 7 2 5 7
8 1 5 0 5 3 7 2 0 8 2 1 1
10 8 3 2 6 6 4 0 0 2 3 1 3
12 0 3 6 0 4 3 10 10 5 3 3 6
20 12 15 17 13 6 0 1 1 6 7 0 6
6 4 4 1 7 0 5 7 8 3 2 1 6
6 5 6 1 14 6 3 1 1 0 2 3 11
2 8 1 2 6 3 5 5 7 1 4 2 8
7 11 3 1 9 7 6 1 10 2 7 3 12
7 3 2 9 13 6 4 6 2 5 9 13 6
17 2 4 11 7 2 18 6 9 0 9 13 9
13 3 2 4 11 5 6 2 7 4 4 8 11
2 3 1 3 10 5 13 14 2 12 3 6 3
1 23 1 6 6 6 9 9 14 1 4 6 4
0 7 3 2 1 3 1 1 1 2 0 9 0
3 3 2 3 11 6 6 2 5 16 16 15 16
3 5 10 7 1 6 0 3 7 2 5 8 3
4 0 11 13 17 16 7 18 5 9 2 9 10
5 8 1 5 2 1 0 4 4 1 6 1 5
1 21 15 1 6 5 2 17 10 3 1 2 7
4 15 1 2 5 1 6 1 4 8 2 1 4
7 2 3 11 1 7 6 0 2 9 2 2 8
0 5 2 2 4 1 0 7 0 1 6 3 2
4 18 3 8 2 4 12 11 1 5 5 8 4
5 8 9 9 12 4 11 2 23 14 8 2 3
10 4 2 2 1 4 6 4 0 6 3 1 3
13 12 2 17 18 11 8 4 13 6 9 5 7
1 7 15 1 5 8 1 10 14 7 9 3 6
6 8 4 8 8 1 16 5 12 5 2 1 11
8 6 6 13 0 4 9 11 1 7 2 14 9
5 5 2 2 16 3 1 6 4 3 9 4 10
4 5 23 14 7 3 9 4 4 11 3 7 2
12 1 6 0 4 3 6 1 10 6 6 0 2
7 3 0 4 2 2 4 4 23 9 3 12 17
5 6 1 6 1 4 0 3 3 3 1 1 2
10 2 3 5 1 3 20 1 4 4 1 1 13
3 3 1 3 5 5 5 4 3 2 5 3 4
6 3 0 4 2 6 3 3 0 3 3 14 1
7 1 2 3 3 3 5 5 2 5 3 2 3
3 18 3 4 9 2 1 13 6 8 7 3 13
6 1 5 4 4 3 20 9 2 2 5 15 6
10 15 6 0 11 4 4 13 23 1 7 15 10
1 1 2 1 0 1 5 5 1 6 3 1 6
12 9 5 1 8 3 20 5 1 6 6 1 3
11 4 6 5 3 15 10 3 15 6 10 1 1
13 2 15 9 3 11 6 8 18 9 1 8 10
2 4 4 7 1 2 7 7 1 8 7 4 4
1 4 3 1 4 4 4 1 0 7 1 1 3
3 3 3 16 1 3 6 10 7 6 7 1 3
4 3 3 1 4 5 1 6 2 5 8 3 3
2 3 6 9 5 1 0 1 11 7 5 5 3
6 3 10 13 13 6 12 3 9 7 18 8 2
20 6 9 0 12 7 4 15 3 5 1 3 6
2 0 2 3 2 4 2 6 2 9 1 0 3
3 1 6 2 1 7 3 0 4 4 2 4 2
1 8 3 3 2 7 3 5 11 5 5 10 1
1 5 10 4 4 0 13 20 8 13 6 12 4
8 6 5 9 7 2 1 2 6 5 4 6 9
12 14 4 8 15 4 0 2 7 17 11 1 6
7 1 6 12 1 2 7 5 1 3 3 1 2
7 3 4 1 3 3 3 3 3 4 3 4 8
16 7 11 13 4 1 10 10 18 1 6 5 8
11 8 20 4 1 4 1 1 5 3 2 17 2
12 7 13 3 2 6 18 3 5 9 13 13 11
8 12 3 6 8 7 3 1 3 11 3 5 13
1 4 6 2 1 8 3 2 1 2 1 2 3
0 1 3 3 1 5 6 0 11 4 3 1 1
10 4 12 11 9 4 4 11 5 7 11 7 15
9 11 9 9 1 6 9 6 3 2 1 5 9
1 6 10 6 2 1 1 1 9 1 5 8 15
7 4 7 5 1 1 3 1 5 7 1 8 1
8 5 9 12 14 2 11 13 2 6 17 1 10
3 2 6 4 2 5 1 0 4 0 2 6 7
1 4 13 9 1 20 10 11 6 7 8 2 3
7 2 19 3 15 2 7 12 3 14 4 8 7
8 2 11 3 9 1 2 4 4 12 9 1 2
7 8 12 3 3 8 7 5 3 1 2 7 0
7 3 1 18 0 8 6 4 17 8 15 3 12
3 4 6 4 4 2 8 3 3 5 10 4 2
1 3 1 6 2 13 29 11 2 0 2 5 2
2 0 0 6 3 4 7 0 4 2 3 5 3
11 10 6 3 1 4 9 2 8 9 19 4 0
0 8 6 10 14 1 5 14 11 17 4 7 1
7 4 7 13 10 15 3 1 9 10 5 3 1
9 2 3 1 11 10 2 6 17 5 1 8 4
8 16 4 11 8 0 9 20 3 8 8 5 13
6 3 7 1 6 1 0 5 0 0 3 7 4
1 3 10 5 7 4 6 1 2 7 1 3 3
11 1 1 16 3 1 8 6 9 3 1 16 3
0 12 11 5 7 1 9 14 9 11 5 23 4
7 0 7 3 0 3 4 2 2 9 1 5 0
2 3 3 10 10 15 5 1 2 1 1 8 8
8 11 2 0 1 2 2 3 0 12 6 3 5
2 3 2 5 2 4 0 2 4 6 4 1 1
0 1 5 3 0 1 4 1 0 2 3 3 6
8 6 6 1 1 3 1 11 1 3 5 23 1
3 7 7 6 4 10 19 4 9 20 6 4 7
1 3 8 3 2 1 0 11 1 3 5 1 0
5 0 7 11 6 1 2 13 2 5 9 7 11
5 4 4 3 1 1 2 3 0 2 1 6 2
3 4 9 4 5 6 8 2 6 5 17 5 10
1 12 3 11 9 5 9 2 4 7 12 8 2
2 5 12 5 5 11 9 5 4 7 11 4 15
10 10 1 6 5 5 5 3 3 0 2 4 12
3 6 3 4 5 6 9 10 4 3 3 5 3
3 7 12 14 4 1 16 12 13 6 9 4 3
10 15 10 13 7 2 0 4 11 10 7 6 7
7 1 11 8 1 11 3 7 14 17 20 4 15
0 3 5 0 5 3 6 3 2 4 3 5 12
4 13 5 4 9 17 4 4 12 2 15 6 9
11 8 4 5 0 6 2 9 5 1 9 3 3
12 14 5 9 7 3 9 11 5 13 18 18 6
5 3 2 6 4 0 3 2 13 4 4 13 3
3 12 14 11 5 1 6 6 4 20 17 6 9
16 4 10 5 24 4 1 5 4 7 14 5 4
3 8 3 2 16 6 9 4 3 7 3 1 3
16 14 12 8 6 4 15 6 5 2 3 17 3
6 4 4 6 1 6 1 1 0 4 1 2 2
1 12 19 15 0 9 2 11 1 1 13 5 11
16 4 1 0 8 8 14 2 4 9 1 1 22
10 7 5 1 3 2 2 2 6 2 5 1 2
16 3 2 2 3 3 5 5 4 8 4 3 10
5 5 9 10 4 1 1 2 1 4 3 11 2
1 5 13 12 19 3 11 4 5 7 2 18 17
10 4 1 1 2 7 2 12 1 11 7 5 6
1 3 4 4 5 1 13 9 7 0 3 0 4
1 5 5 0 1 1 8 8 2 3 5 1 1
4 4 12 1 1 7 25 3 2 4 1 16 2
0 22 8 12 11 15 5 9 0 4 7 4 4
2 2 14 5 10 6 2 11 8 17 5 6 1
3 2 1 1 4 7 8 2 1 5 0 3 6
4 0 3 3 2 7 2 15 3 4 1 0 6
11 13 2 8 2 9 3 1 6 1 7 2 0
4 19 2 10 9 12 2 4 9 1 2 2 12
3 6 2 4 9 6 3 5 2 10 0 1 4
16 7 8 11 6 4 12 4 17 4 8 9 4
4 6 8 5 9 13 1 17 6 3 24 9 10
1 0 0 3 1 8 6 0 5 2 2 8 11
1 1 1 14 9 15 2 2 8 6 8 2 17
2 10 11 13 10 3 5 3 1 11 7 13 4
16 8 10 1 15 2 6 8 7 5 1 3 3
15 0 18 1 0 5 4 3 2 5 5 3 15
10 12 11 8 5 12 3 11 2 6 2 10 8
1 3 1 9 3 4 5 8 6 20 2 4 7
5 0 9 9 7 1 4 0 4 3 0 0 4
13 1 6 8 4 14 18 11 6 3 10 2 9
12 5 2 1 1 2 10 6 17 12 19 1 20
2 2 1 2 6 6 2 2 1 0 0 4 4
1 10 15 1 26 15 6 6 6 7 0 3 6
4 3 2 9 5 6 7 4 1 2 0 1 1
1 0 1 6 3 6 2 5 4 4 1 0 7
0 7 8 6 5 6 0 9 8 17 18 17 5
5 4 6 1 9 7 7 6 3 1 14 0 11
5 9 11 8 3 10 18 3 0 8 12 5 6
7 5 8 3 2 15 3 1 10 8 10 13 4
4 0 2 2 4 17 16 2 17 12 11 3 13
1 2 3 2 8 17 6 6 10 4 1 0 5
7 5 4 11 5 13 0 3 6 9 9 0 6
12 8 11 17 19 9 16 5 5 9 5 9 6
3 1 4 6 3 10 3 8 1 8 1 5 11
18 14 1 0 6 1 8 0 1 3 0 9 0
0 8 8 3 12 8 1 1 1 7 6 17 11
8 4 2 6 11 3 4 3 5 4 4 2 3
6 5 11 14 12 3 3 4 12 6 7 8 1
6 7 2 5 7 11 13 3 14 2 6 4 9
5 4 2 3 4 1 9 2 9 5 3 6 6
14 13 1 10 4 21 5 9 4 16 7 4 5
13 6 4 3 4 1 1 4 3 7 1 1 1
9 12 12 6 1 1 5 3 7 7 13 6 2
4 6 0 0 2 1 2 1 2 5 9 0 1
14 8 7 25 0 6 10 0 9 3 15 8 3
1 14 6 6 13 17 10 18 2 3 3 3 11
5 5 0 9 4 7 10 0 7 1 10 8 9
1 7 3 10 7 4 3 6 2 5 3 4 2
12 0 3 12 1 5 1 1 5 0 18 21 6
3 2 12 10 3 5 8 6 2 0 4 13 17
5 3 6 11 9 9 3 4 13 7 9 1 15
13 3 2 0 3 5 8 18 2 2 2 3 5
8 3 8 10 3 3 3 2 13 4 1 1 9
0 10 1 8 4 2 2 0 3 2 15 1 11
1 7 8 4 3 11 6 5 0 4 8 2 8
6 0 16 9 1 1 4 5 4 3 3 6 6
1 0 5 4 5 0 1 7 5 0 4 1 4
2 2 0 4 4 1 6 3 4 2 4 2 0
2 16 1 15 5 4 8 9 9 1 9 16 7
3 3 2 3 4 1 5 1 9 3 6 2 3
7 5 9 1 9 5 2 3 4 11 6 4 9
6 2 1 3 2 0 0 7 2 6 2 0 0
3 12 5 12 11 12 15 20 3 6 3 5 3
1 3 12 4 7 1 1 4 5 5 3 3 1
2 0 3 2 1 3 3 8 4 1 4 0 1
5 3 6 5 2 3 1 4 4 0 8 1 2
0 6 3 1 3 0 1 5 18 6 6 11 7
6 3 7 4 2 13 3 4 8 2 8 11 15
7 6 0 27 5 13 13 1 14 2 1 1 1
3 0 5 1 3 10 1 1 5 1 0 1 4
5 0 0 6 9 7 4 12 2 3 0 6 1
3 3 4 10 3 6 4 1 5 1 4 4 8
8 15 3 4 10 4 13 9 5 12 7 2 1
6 3 4 3 3 3 1 10 1 7 4 5 7
3 14 8 3 7 6 8 1 2 1 8 19 4
4 1 5 3 5 0 3 2 0 8 4 2 1
7 4 8 9 2 4 2 3 2 13 7 8 9
0 1 14 13 12 5 4 4 4 5 16 1 5
3 2 0 5 5 2 1 8 1 1 8 8 8
1 1 13 0 1 13 1 2 8 2 5 5 4
2 4 2 2 4 4 1 5 4 4 2 9 3
8 7 4 3 2 3 4 7 3 7 2 7 9
23 9 5 10 6 15 15 11 10 3 4 7 10
7 11 20 11 8 5 19 8 7 10 2 12 9
1 6 1 4 1 3 2 3 3 1 2 2 7
7 2 6 1 2 2 0 1 2 3 4 3 7
4 5 10 11 13 4 11 7 16 5 6 1 2
4 1 7 2 4 1 1 9 6 8 2 2 6
2 7 9 13 3 9 15 6 9 8 7 14 1
7 12 3 1 1 6 11 2 1 3 6 6 5
9 1 8 16 10 14 17 4 8 6 2 17 13
8 4 14 10 11 0 12 7 1 3 14 18 16
6 4 9 10 8 0 8 9 2 1 20 13 4
9 5 3 2 3 7 13 11 4 24 9 17 3
2 12 0 1 12 1 7 0 6 8 0 0 6
2 2 3 5 9 3 4 7 0 3 1 3 8
5 9 9 11 10 4 5 4 12 10 7 2 12
0 1 1 1 3 6 1 5 2 4 2 0 1
0 3 2 2 1 6 0 15 11 12 7 9 2
21 8 5 5 4 2 23 1 13 15 5 1 5
4 3 7 7 5 5 1 2 4 5 4 3 1
2 5 3 4 4 3 4 9 14 8 7 1 8
19 7 6 2 0 19 8 4 13 7 3 14 4
1 0 15 4 4 3 7 0 8 10 9 4 6
1 6 8 0 9 4 7 3 7 10 4 2 2
5 4 4 19 11 5 1 14 7 14 7 13 7
3 1 8 1 0 4 6 1 5 4 1 3 0
4 1 7 0 1 2 2 7 6 5 4 5 8
1 5 1 5 3 3 4 3 1 1 2 3 0
0 0 14 2 6 7 4 23 7 7 5 0 7
8 5 7 2 2 3 24 1 12 1 5 10 7
3 1 3 3 5 2 4 9 1 5 10 4 2
7 12 5 8 14 9 5 8 8 1 14 3 3
0 13 8 3 13 7 2 19 9 18 9 1 3
0 1 5 9 1 2 2 5 2 10 9 1 2
1 4 7 2 0 5 1 2 3 3 0 1 5
10 3 7 10 9 26 0 1 11 4 4 1 12
4 10 8 11 8 2 17 4 0 6 3 3 20
7 3 7 5 10 10 3 11 3 3 1 9 3
4 8 4 10 10 14 6 15 11 6 16 7 3
15 20 9 4 4 3 19 1 8 1 9 2 12
11 2 13 4 5 5 8 3 1 10 12 11 5
5 3 4 10 10 3 3 14 3 7 4 9 5
11 11 1 4 7 0 12 1 6 5 0 11 7
12 2 11 6 6 15 8 11 3 0 4 9 2
5 8 3 2 6 2 6 2 6 2 13 3 8
2 3 6 8 11 6 5 8 17 6 7 4 12
2 2 0 0 1 3 0 3 10 3 4 4 1
8 11 13 0 14 0 5 9 7 23 4 13 14
1 3 2 0 1 0 5 2 5 1 11 4 7
4 9 11 12 10 15 4 20 1 2 4 6 6
5 1 9 19 14 2 2 2 9 3 1 6 1
4 3 1 1 3 3 1 4 4 3 2 4 0
2 6 3 3 11 6 5 14 1 0 5 4 10
1 0 8 12 13 4 6 4 8 10 6 0 2
7 13 23 9 3 7 2 6 17 5 1 13 9
8 15 3 10 7 5 17 14 3 3 4 17 6
3 5 9 3 0 10 2 12 10 8 5 0 2
1 22 9 15 9 0 8 7 0 1 15 3 9
0 0 6 9 2 1 7 6 11 0 6 3 9
1 13 4 6 4 3 7 5 4 0 7 2 7
2 24 4 2 6 2 3 13 2 10 5 4 0
8 7 4 8 2 13 2 7 10 16 5 3 13
10 5 3 2 7 1 4 2 3 0 0 3 1
3 15 15 10 10 18 5 2 10 16 1 3 0
1 1 1 1 5 1 4 1 0 4 3 2 6
9 3 1 5 13 9 3 7 16 5 14 7 14
5 7 2 4 2 8 7 3 0 0 2 1 2
5 7 1 4 9 15 7 3 12 2 3 2 10
1 14 14 15 9 11 7 5 7 13 12 12 5
4 1 6 8 1 2 3 1 10 0 2 5 5
16 4 11 6 7 23 1 17 8 1 2 2 11
17 0 15 7 6 1 1 13 5 11 11 8 10
7 3 2 1 1 3 3 2 7 6 5 0 4
19 5 3 9 4 1 8 4 7 0 8 10 2
17 8 9 4 3 10 2 2 2 16 14 2 12
6 1 2 4 2 0 3 7 11 8 8 4 2
6 2 16 13 1 0 8 17 3 3 6 0 13
3 8 9 6 4 7 2 6 1 7 8 3 8
4 4 8 13 8 4 1 5 3 5 3 1 13
6 9 2 1 1 2 9 0 7 7 4 5 14
15 5 0 4 7 5 15 8 2 10 9 1 0
6 8 9 3 5 7 4 1 3 1 5 2 1
0 7 3 3 10 1 1 6 1 5 8 10 6
1 18 10 2 16 11 4 3 3 4 3 2 14
3 1 8 4 5 3 7 8 7 3 0 7 1
7 1 4 2 12 2 1 6 5 0 7 18 5
0 11 9 3 6 16 7 5 3 13 6 6 5
11 1 17 12 1 11 7 0 11 2 24 2 0
11 2 11 7 19 9 4 6 5 4 5 5 2
1 1 1 4 3 9 7 7 7 0 2 4 0
2 10 3 7 11 2 9 1 9 20 6 14 2
15 13 5 9 18 7 2 9 2 3 10 8 5
6 6 1 1 1 7 5 8 9 6 1 9 1
11 7 11 5 1 1 8 6 17 3 4 13 2
7 13 2 2 3 3 0 5 8 9 13 4 8
11 7 7 7 4 5 2 0 10 4 6 11 4
0 14 14 5 5 8 15 5 13 6 7 8 8
1 4 5 1 2 7 3 1 2 1 0 6 2
8 1 3 15 5 10 7 5 15 7 6 12 4
2 16 20 6 11 11 3 17 1 5 3 13 7
0 2 3 5 1 6 8 5 2 0 4 10 3
3 5 8 10 3 7 0 3 1 2 3 6 7
12 11 9 6 1 16 10 1 6 13 7 6 10
8 1 1 1 4 5 0 2 2 7 6 3 4
4 6 2 2 12 5 2 0 4 4 6 8 8
5 2 6 11 10 11 12 1 0 1 24 8 16
1 5 2 16 8 1 5 10 18 2 5 9 4
3 1 1 1 3 2 3 1 8 4 1 1 4
13 1 26 6 4 3 1 4 3 18 1 5 6
5 12 10 11 13 4 9 0 1 2 4 2 4
5 9 5 5 0 1 1 4 6 5 0 2 8
3 2 1 4 3 21 3 1 5 20 17 4 2
17 12 3 1 3 7 6 6 18 6 5 0 10
1 6 1 11 2 11 10 1 8 1 8 10 1
5 12 1 8 7 1 17 1 3 1 22 7 8
2 4 4 0 3 4 1 9 2 3 11 2 1
13 3 2 9 6 4 12 6 7 0 3 3 2
4 0 1 1 7 8 1 13 8 3 1 1 2
5 7 15 21 4 7 10 11 4 9 5 4 8
8 16 1 0 3 6 1 8 20 1 21 5 12
6 4 2 4 2 4 0 2 1 0 6 1 4
6 5 12 4 2 7 1 2 2 2 1 1 2
10 3 7 5 5 4 6 7 12 3 7 0 7
2 7 3 4 1 1 5 2 2 0 3 2 0
5 1 13 4 5 6 6 11 10 1 8 6 7
8 6 2 10 6 4 1 11 8 11 4 6 8
20 8 3 2 3 5 1 16 12 0 10 10 1
8 4 3 4 11 8 12 4 6 4 3 5 1
2 0 14 16 1 1 1 0 7 1 4 5 10
4 5 10 8 4 6 5 4 8 5 2 4 2
7 2 13 10 5 8 2 11 1 2 6 10 2
4 4 11 3 5 1 0 3 4 8 3 4 17
7 1 4 13 15 2 0 6 13 0 1 23 13
6 15 6 7 5 1 3 15 4 4 2 16 14
19 0 6 11 2 2 16 3 10 2 1 3 6
1 4 4 5 0 4 1 3 2 5 4 2 10
10 6 10 1 8 2 10 4 5 4 2 2 12
0 1 1 2 4 3 4 2 4 0 5 4 2
6 1 4 0 6 14 15 3 7 4 6 12 8
3 1 2 8 2 1 6 2 5 3 6 1 5
14 6 14 10 17 1 10 3 15 1 11 5 11
9 5 13 2 4 2 9 7 4 16 2 3 2
5 2 4 2 4 2 9 3 4 2 4 5 8
7 2 2 2 2 0 6 6 1 4 3 3 1
5 16 15 15 10 2 13 10 7 9 2 1 9
14 14 1 19 8 12 11 1 3 2 9 4 8
7 15 3 4 5 13 7 4 19 5 10 5 10
13 15 5 9 11 15 0 7 10 7 2 0 3
5 4 3 1 2 4 3 7 2 3 0 2 6
5 2 3 7 2 12 6 6 2 3 21 5 7
9 8 9 10 4 1 15 2 0 1 0 7 4
3 29 3 1 5 2 8 16 16 6 2 7 6
8 10 1 6 12 4 1 9 14 6 0 2 2
4 2 1 4 8 5 8 5 17 2 0 30 9
4 15 3 1 2 10 5 3 3 7 3 10 4
6 17 10 4 8 18 21 9 6 5 7 11 4
1 1 1 5 2 7 3 4 0 0 1 11 2
8 3 1 10 1 8 2 4 3 14 4 10 11
1 1 10 4 8 24 5 3 15 1 3 7 0
2 3 8 3 3 3 2 3 0 3 1 1 3
6 7 4 3 3 1 2 5 2 0 6 1 6
5 5 4 4 5 8 5 3 2 5 1 4 2
2 13 3 9 8 8 3 2 8 0 1 7 2
0 5 3 12 12 2 0 3 5 3 3 15 10
1 8 1 1 0 8 2 7 2 5 6 4 3
1 15 2 5 11 4 12 16 11 16 0 0 8
13 28 3 11 2 15 3 6 6 3 9 6 5
5 3 1 4 1 1 4 2 6 4 2 4 5
4 7 8 4 2 20 4 6 2 4 3 4 5
1 2 17 2 12 5 7 6 8 3 1 17 2
8 3 3 4 6 0 1 1 7 6 2 1 13
2 1 1 6 1 1 3 17 8 12 10 12 13
7 4 0 11 8 6 5 5 2 10 2 6 9
7 0 2 3 1 6 9 5 11 0 8 12 13
6 5 15 2 7 3 2 12 2 20 14 1 8
11 5 12 16 7 8 18 5 3 2 5 1 8
3 2 5 13 4 11 3 4 11 9 7 16 7
3 13 3 17 15 0 18 13 1 8 1 4 7
9 5 4 1 6 2 9 2 9 10 1 16 0
1 5 11 6 1 6 5 1 7 1 2 2 1
4 2 5 7 6 8 1 8 5 9 3 2 1
6 4 1 2 0 6 1 2 10 7 3 4 0
1 2 5 8 5 8 7 5 10 1 3 3 1
16 2 0 1 3 5 6 6 4 6 2 1 5
10 4 6 2 8 2 10 5 10 4 4 1 6
1 0 10 1 5 10 6 1 17 11 1 4 2
4 12 7 23 4 9 3 1 12 14 11 11 3
12 9 14 8 11 5 13 4 11 1 18 5 1
6 11 3 1 16 14 4 8 1 4 0 14 9
11 2 5 2 9 2 9 3 8 16 1 3 10
2 13 2 15 12 3 1 12 7 6 9 7 23
2 10 8 4 11 12 17 5 8 9 0 16 1
4 2 9 4 4 5 27 1 5 12 18 13 1
6 4 1 9 5 6 1 15 14 4 5 1 4
5 3 4 8 6 9 5 1 8 4 2 6 3
9 0 11 4 3 1 2 1 14 5 0 9 5
3 0 4 2 2 2 6 6 1 0 6 5 10
8 2 1 8 7 8 13 4 11 9 3 5 17
6 9 5 5 6 3 4 3 5 8 2 9 1
19 25 1 0 6 9 12 3 10 3 7 1 3
3 1 4 2 0 2 5 3 7 5 0 0 0
10 1 5 1 6 6 0 3 5 1 3 1 3
1 1 3 5 18 2 2 1 14 0 9 3 1
3 3 1 0 3 5 13 12 6 0 22 1 8
3 6 1 1 2 3 12 6 3 5 2 9 5
8 2 4 7 8 0 6 0 4 6 5 3 1
1 2 3 4 4 2 9 1 1 2 1 3 7
4 1 2 1 4 3 3 5 7 15 1 4 1
2 4 6 3 5 0 8 6 2 3 9 4 9
14 1 0 2 5 10 1 13 7 6 7 4 5
0 16 18 9 14 9 9 12 6 2 3 8 11
2 4 11 9 12 11 4 0 4 5 1 7 9
5 2 6 4 15 1 10 1 3 3 4 5 9
2 3 6 2 12 2 8 6 1 9 6 8 6
6 3 11 2 2 8 1 9 0 11 1 4 16
3 17 7 7 2 1 17 3 7 3 10 16 0
5 22 5 6 3 2 1 16 4 5 5 8 2
7 2 15 4 6 17 3 4 15 6 2 4 11
0 3 2 1 2 2 5 6 2 2 5 4 3
3 6 13 4 1 1 5 0 7 4 1 8 8
2 2 14 1 23 1 0 2 11 6 7 6 11
5 5 1 1 4 3 14 11 12 9 6 0 1
4 1 1 1 2 5 3 1 11 1 4 5 2
3 3 1 3 10 6 2 2 1 2 3 5 6
3 5 15 2 5 6 22 20 7 6 7 8 11
4 3 1 12 3 0 8 1 3 5 3 6 11
3 1 6 7 0 10 6 6 3 5 14 8 3
3 6 1 12 1 4 6 5 3 12 9 6 7
1 1 16 0 9 12 2 10 13 24 2 7 3
1 4 7 0 1 2 0 1 1 2 4 4 0
6 13 16 5 5 2 0 7 6 7 9 8 11
3 1 5 5 13 12 15 4 0 13 4 11 8
10 5 3 3 2 7 2 4 10 1 1 8 2
5 0 1 8 16 5 7 1 2 6 4 4 11
7 14 3 16 9 7 3 5 9 10 10 3 11
4 5 1 1 4 1 3 2 8 3 3 4 7
4 1 5 0 3 5 1 5 4 1 1 4 1
4 2 7 4 7 1 3 1 3 4 11 12 13
2 3 19 7 2 6 6 8 2 6 5 1 0
3 4 7 8 0 7 11 0 1 3 4 14 3
4 2 2 5 1 2 3 3 3 4 1 4 3
7 7 15 4 22 5 7 19 3 2 3 9 3
3 5 4 5 7 2 4 11 2 3 2 0 1
17 2 3 1 6 3 1 2 0 4 1 3 6
2 3 5 3 4 1 5 1 3 8 2 0 0
8 9 11 0 1 3 2 2 4 14 2 3 10
3 6 1 4 15 7 9 1 4 3 11 2 6
9 1 0 11 6 9 3 3 2 2 1 3 10
1 12 10 16 11 6 9 11 5 13 5 14 1
2 13 3 1 1 1 2 8 9 21 7 2 3
5 12 6 3 5 1 1 14 1 1 5 2 1
17 9 5 12 4 12 4 11 7 17 10 16 0
7 6 8 10 0 2 3 3 3 5 3 2 1
1 5 7 4 3 11 8 2 4 2 4 3 1
2 5 5 3 0 2 1 1 15 10 2 6 10
4 2 6 2 2 1 7 5 4 5 3 3 0
6 0 4 7 10 10 5 18 6 5 7 3 3
12 7 2 6 9 8 0 8 5 12 5 0 4
10 4 6 3 9 1 2 11 9 1 10 3 2
11 6 4 4 6 1 6 0 1 3 9 5 1
7 4 1 13 0 2 5 4 1 8 1 8 4
6 5 13 11 2 1 5 1 9 9 1 10 0
4 2 1 0 9 5 8 4 10 5 19 0 4
6 10 7 6 4 15 1 6 3 3 4 1 8
4 1 5 2 1 5 2 8 4 0 3 2 4
2 1 3 5 2 5 3 1 4 8 2 8 3
8 4 6 10 5 6 5 7 14 3 14 8 13
7 4 13 2 15 3 2 8 4 3 2 11 8
2 1 4 0 2 3 3 4 2 3 0 7 1
3 6 10 1 21 14 7 9 2 8 7 11 1
3 2 0 2 1 4 3 3 3 3 1 5 3
4 1 1 9 12 5 1 1 8 4 8 1 3
4 13 10 2 21 9 2 0 5 9 8 13 9
3 8 11 3 2 9 3 9 4 7 3 11 13
6 1 16 2 1 4 1 0 4 5 2 2 2
22 1 7 4 9 4 6 3 6 11 4 1 8
19 0 12 3 11 9 9 16 0 6 7 8 3
10 2 23 3 2 2 7 0 2 6 0 18 8
4 4 3 1 5 1 11 8 2 17 4 2 1
10 9 7 8 2 1 12 7 9 7 3 2 22
12 3 0 16 9 3 10 2 16 4 10 14 8
10 6 2 14 18 1 5 1 3 20 3 9 10
20 7 18 1 11 3 10 9 6 14 10 3 11
1 1 3 6 1 7 2 5 1 3 1 4 1
1 8 13 8 6 0 1 3 7 1 5 3 12
14 5 3 4 3 4 1 3 5 12 3 1 13
4 1 4 6 8 2 9 0 5 0 1 2 2
7 1 15 4 12 0 8 9 2 1 20 5 5
9 1 8 8 3 5 6 8 5 5 5 7 3
12 11 3 4 18 2 15 5 7 7 16 2 6
4 4 5 1 1 3 2 2 0 6 4 2 9
5 3 3 2 4 1 13 0 11 0 2 3 19
1 9 10 2 0 4 10 8 4 8 0 4 3
1 3 1 1 5 3 0 8 0 4 4 3 2
7 2 9 4 16 5 7 10 5 8 4 5 11
12 4 12 7 3 3 20 0 6 0 8 1 4
5 12 4 7 5 14 2 4 6 2 7 8 1
3 7 15 0 19 4 0 1 8 6 28 5 1
17 9 2 3 6 1 8 15 2 0 2 1 9
3 2 2 3 4 1 6 5 0 1 3 3 5
11 4 1 9 6 0 2 7 2 8 2 9 12
1 1 3 2 9 7 9 4 4 5 10 14 3
0 0 8 2 11 0 8 3 6 15 5 23 6
5 4 11 11 14 0 16 2 11 7 9 9 1
3 14 5 4 8 0 5 6 7 1 7 3 1
9 4 0 4 4 28 10 3 14 8 4 3 11
11 9 2 5 6 3 9 6 2 4 2 4 2
15 12 0 1 8 2 6 9 14 8 9 16 12
15 21 4 10 8 10 3 8 15 3 4 4 13
3 4 3 12 9 5 13 4 5 2 12 6 3
0 1 1 2 3 5 3 1 6 1 0 4 6
8 4 2 1 12 12 10 10 12 7 8 0 4
3 7 1 5 2 14 9 11 11 8 3 1 11
4 7 10 1 8 2 3 11 12 4 7 2 4
5 6 4 24 3 12 5 1 1 3 6 3 17
1 7 5 4 7 2 1 2 9 1 4 3 2
8 14 1 5 6 1 2 17 0 3 2 12 16
11 0 9 3 2 8 2 0 2 2 6 2 3
0 0 2 2 6 2 4 6 5 3 1 11 3
22 2 3 5 4 0 2 2 17 22 7 8 8
11 14 7 7 10 2 10 8 7 1 1 4 5
4 7 2 1 1 2 2 10 6 8 12 2 10
2 8 3 3 6 7 7 4 7 7 6 2 7
9 2 2 4 1 1 3 3 6 6 5 5 5
0 4 6 7 2 6 4 5 1 6 6 2 3
5 1 9 7 2 4 4 0 5 0 1 2 0
8 4 4 9 3 8 8 4 1 4 1 11 7
4 6 1 9 4 3 0 3 3 4 0 4 4
4 5 11 9 1 1 10 4 1 15 5 0 3
5 4 2 4 7 3 2 1 0 1 5 5 2
7 3 4 5 5 6 8 0 5 5 4 3 2
5 3 4 2 1 3 4 2 3 4 0 2 5
2 5 6 1 7 2 2 5 2 8 2 1 1
0 10 3 6 3 5 4 6 6 7 3 2 1
12 2 1 4 2 2 2 2 8 3 0 7 2
4 1 3 2 4 1 7 4 0 7 14 5 8
16 0 4 6 1 2 1 2 2 2 1 13 2
4 0 2 1 7 1 4 2 0 4 1 2 5
2 2 3 12 4 12 7 13 8 2 4 6 5
20 12 2 13 4 7 8 17 9 3 9 15 5
20 2 6 14 9 1 10 1 14 8 7 2 4
8 4 18 2 14 4 2 0 1 13 21 0 11
2 2 2 10 3 12 9 6 2 1 1 4 6
3 10 7 5 6 6 12 2 10 2 8 10 10
2 19 18 9 7 2 10 8 5 2 6 4 4
2 2 4 1 1 4 1 2 7 2 2 1 0
12 1 8 5 0 1 0 2 3 11 10 2 1
3 6 4 2 6 5 1 5 6 5 16 4 14
6 2 11 1 1 5 2 21 2 6 6 11 7
2 0 8 3 11 3 5 3 2 3 8 7 2
25 1 4 10 5 4 5 2 11 9 10 17 3
4 8 4 3 7 2 1 3 1 1 1 6 4
11 2 4 13 26 0 6 15 8 3 11 6 10
1 6 4 0 1 2 0 3 2 6 2 8 1
9 8 9 4 1 3 7 3 1 5 4 4 7
18 11 5 2 4 2 1 15 6 5 7 7 3
2 3 3 4 6 4 2 3 4 2 8 1 4
4 16 12 2 4 12 10 9 10 2 6 17 19
6 3 4 6 1 1 6 4 2 4 0 6 6
4 7 1 6 2 8 1 3 2 3 10 11 0
2 2 1 0 1 2 5 2 1 4 3 2 6
3 0 2 1 3 7 6 1 9 9 5 3 7
0 5 6 10 8 7 3 0 0 5 1 4 1
2 8 3 3 3 1 2 7 3 1 1 5 10
3 0 15 7 15 18 6 0 1 0 2 4 3
15 0 5 8 4 6 1 11 2 1 2 3 7
2 23 13 12 11 4 4 10 12 0 3 2 2
3 10 9 14 5 11 3 2 5 9 26 1 10
3 7 6 7 4 6 12 6 1 3 2 6 15
9 5 9 3 15 1 4 1 14 11 4 15 13
2 10 4 1 3 0 17 4 1 5 17 1 6
10 0 3 8 1 3 3 7 8 6 10 10 4
12 9 16 5 7 7 11 1 2 12 3 7 15
9 1 10 5 4 3 6 3 2 9 4 1 4
0 12 2 1 3 6 6 9 0 2 2 5 6
2 6 3 1 10 4 2 0 3 1 6 1 3
8 7 2 8 4 6 1 1 6 14 17 2 0
6 3 3 1 3 5 10 2 1 2 4 2 6
14 8 8 4 9 12 2 4 15 18 3 16 2
0 6 2 0 2 6 4 8 6 0 1 1 9
7 12 3 2 15 11 2 11 3 4 12 2 8
3 5 11 5 6 1 11 2 8 14 10 2 4
4 8 8 10 3 6 9 22 8 9 19 9 6
3 2 0 7 6 9 6 0 4 1 1 2 7
0 6 10 10 11 5 10 18 17 2 2 5 12
1 14 17 5 6 8 0 4 4 7 5 17 4
6 4 2 0 4 5 0 7 1 1 2 1 7
3 0 3 1 4 0 5 9 2 12 9 5 7
9 8 6 4 18 6 3 0 3 11 0 7 4
5 3 2 3 3 0 4 0 5 3 5 1 0
5 2 4 13 9 9 2 13 3 2 0 8 7
16 2 3 8 2 16 7 11 15 3 4 2 9
5 1 2 9 0 12 11 5 10 11 3 2 4
9 2 15 2 11 10 8 18 10 10 9 6 4
11 5 20 0 6 4 12 7 3 2 3 13 15
2 0 2 3 5 3 3 2 1 0 2 3 5
14 7 2 8 2 7 0 7 2 6 3 6 6
0 13 2 2 0 18 4 6 3 1 16 2 15
4 3 0 3 6 2 2 12 12 14 3 12 5
4 13 14 12 8 10 7 2 5 6 4 2 15
16 9 12 7 4 4 0 14 8 3 12 16 12
2 8 3 2 1 4 2 1 6 2 0 1 5
13 8 6 2 0 10 8 3 5 6 2 3 3
14 11 3 15 4 6 8 5 4 6 1 12 2
0 0 4 1 0 3 6 2 5 6 2 2 1
6 4 5 4 12 5 19 9 3 8 1 19 5
18 7 15 6 4 15 5 4 5 6 9 21 5
1 1 11 2 1 2 3 7 8 4 4 0 2
0 3 6 11 8 3 3 3 6 5 12 3 0
5 2 0 17 12 7 12 9 5 11 9 6 8
6 3 12 8 4 5 10 2 5 14 5 1 6
13 7 14 4 12 2 23 11 8 0 13 11 5
1 3 3 5 0 2 0 10 0 1 4 2 0
10 14 9 1 6 4 16 3 6 11 10 1 8
8 1 9 9 10 15 12 4 8 3 16 0 19
3 5 3 1 1 1 6 4 6 2 1 1 1
3 2 1 5 3 1 1 3 5 0 3 1 4
5 6 3 1 4 2 5 0 7 3 3 4 2
7 0 9 21 17 3 2 2 14 7 16 0 8
9 7 1 8 8 2 7 18 18 4 8 19 6
11 14 7 15 16 5 15 7 5 10 0 12 7
6 10 1 6 0 9 1 7 9 4 10 7 3
3 18 9 11 10 0 1 3 5 6 9 2 1
1 4 2 2 4 3 1 5 1 1 3 5 3
0 2 1 12 10 4 9 10 13 5 2 4 11
1 3 1 4 1 6 3 1 2 3 8 7 1
1 8 4 1 0 4 3 3 1 4 4 0 2
1 9 11 4 11 12 10 13 4 6 16 1 13
6 2 1 4 4 1 1 11 6 6 9 6 1
4 6 2 11 18 1 2 10 1 7 2 5 3
15 6 6 10 10 1 14 2 10 7 10 1 0
7 9 8 6 10 6 0 3 14 0 4 9 5
2 16 8 19 4 4 3 16 5 6 6 1 3
3 3 1 6 3 6 1 9 3 2 4 1 4
2 1 7 4 1 5 1 0 2 1 14 5 2
13 7 5 0 8 13 12 8 2 7 7 4 17
7 2 22 2 11 1 2 6 2 10 4 2 4
8 6 1 1 7 3 2 0 5 3 1 9 11
0 7 4 2 8 0 0 5 3 1 0 1 8
13 5 19 6 6 4 13 3 5 12 3 13 3
0 2 0 1 8 2 1 2 17 11 0 0 4
5 5 4 2 9 9 3 2 5 8 6 1 5
2 16 8 5 6 17 3 11 15 10 10 9 12
1 0 3 5 4 6 4 5 1 3 1 7 8
7 1 2 3 0 4 2 5 2 4 8 1 1
2 2 4 4 1 3 0 6 2 7 3 7 2
6 12 4 3 6 6 3 6 11 1 15 0 12
3 0 2 17 1 12 2 16 4 1 7 6 9
2 2 9 6 0 8 15 15 1 3 4 23 12
4 10 5 19 7 3 14 4 6 5 16 7 4
0 1 2 8 11 0 0 2 0 1 4 2 9
6 1 3 6 7 4 5 4 7 7 4 4 7
3 16 8 7 5 1 4 11 17 4 8 1 3
9 1 4 3 1 8 8 0 3 1 11 1 2
2 6 21 4 12 7 4 8 12 4 2 19 0
1 1 8 8 8 1 1 11 9 4 1 1 3
6 5 14 1 1 4 14 13 1 5 14 4 8
13 2 9 18 18 3 6 12 9 1 0 9 1
2 12 4 15 8 9 16 2 3 2 2 2 7
2 3 1 4 1 1 1 3 8 6 1 7 3
22 8 1 8 5 7 3 7 4 13 12 7 11
3 1 2 2 5 8 6 8 1 9 1 8 4
9 3 2 6 2 1 3 3 1 1 1 3 4
1 0 3 5 1 0 1 4 8 3 0 7 0
7 5 2 5 0 8 7 7 4 7 6 8 5
12 15 13 14 1 21 2 14 3 5 0 8 1
1 4 1 7 3 0 2 2 3 1 3 4 1
1 5 1 5 4 8 2 6 6 2 9 7 1
13 7 6 4 4 4 3 7 9 10 1 0 1
1 4 1 2 3 1 11 4 4 0 1 4 1
5 6 2 0 1 3 6 2 0 3 1 7 3
5 6 3 13 5 20 2 19 3 3 13 9 1
0 3 2 4 4 0 1 9 9 4 11 1 1
0 4 2 3 4 1 9 4 2 2 3 3 3
14 5 8 4 4 5 1 2 1 6 3 1 8
6 3 10 9 3 1 4 4 1 7 4 5 4
5 13 1 0 0 4 0 9 0 8 6 5 2
7 8 6 2 7 15 5 10 2 12 6 12 2
5 7 10 3 7 8 0 9 8 18 10 3 9
16 13 13 11 8 5 0 11 2 6 8 14 5
2 5 3 6 7 9 6 2 10 7 9 10 4
3 2 1 6 5 0 11 21 16 6 10 21 4
7 6 4 10 0 0 3 9 9 8 0 2 7
4 0 4 7 2 3 1 1 2 1 4 2 0
4 0 2 9 7 11 5 8 5 6 3 2 1
5 2 5 22 9 2 2 1 3 3 3 12 10
2 10 3 3 13 3 6 2 2 7 2 12 2
19 2 10 12 1 6 12 2 3 4 3 5 3
1 9 11 4 0 2 0 10 7 4 2 10 14
1 5 5 4 1 5 4 2 8 4 2 4 0
5 5 1 2 3 10 13 16 4 15 4 9 7
5 10 5 10 5 3 1 5 2 10 5 1 0
1 14 1 8 2 9 30 7 2 0 15 0 5
2 2 5 6 3 1 2 4 1 3 1 0 3
22 10 3 7 0 8 2 8 3 5 12 3 1
12 4 13 21 10 4 12 3 13 14 6 4 7
1 4 14 13 14 14 5 18 1 0 12 5 2
0 2 3 0 8 5 3 4 0 1 5 1 0
3 5 7 4 4 1 7 1 2 5 1 9 0
20 2 6 6 1 1 6 7 18 17 10 2 16
2 9 2 0 1 3 4 6 8 1 0 2 5
11 5 1 4 1 20 2 6 3 1 20 1 10
3 4 3 5 6 23 9 11 2 17 20 5 5
3 2 7 3 12 9 3 8 10 7 8 5 1
5 4 7 6 4 4 5 2 4 0 1 6 3
2 3 3 9 1 5 2 4 2 0 9 10 4
3 3 4 14 3 1 23 12 6 6 3 9 8
3 4 3 6 1 5 4 3 1 4 6 4 5
13 5 23 0 4 8 7 17 9 4 1 9 4
10 1 4 13 1 11 10 5 2 23 16 1 9
6 3 10 17 7 3 19 7 7 3 6 10 5
4 5 1 7 0 3 7 11 4 9 4 9 4
4 10 1 4 15 18 2 7 6 4 2 19 4
10 1 9 1 5 4 5 2 5 2 2 2 3
22 16 7 12 2 1 4 4 2 6 16 0 1
1 3 10 4 5 1 9 2 0 2 2 4 1
6 1 1 1 8 1 4 5 2 3 2 1 3
9 1 7 7 3 3 3 7 1 0 11 0 6
6 1 8 3 4 8 7 10 2 7 3 5 0
4 4 5 3 6 2 1 1 1 4 1 1 0
0 5 4 6 2 2 1 1 1 4 3 0 5
12 5 17 17 2 6 3 11 11 14 4 4 5
6 7 10 7 18 1 4 6 14 4 5 1 9
8 2 14 17 6 0 8 3 21 6 16 2 2
1 4 11 6 4 3 13 2 1 4 4 3 2
6 20 6 4 9 6 2 18 17 7 4 4 1
2 10 1 6 2 1 3 4 2 2 1 2 1
1 5 0 5 1 1 2 6 0 4 0 5 0
5 13 13 11 12 9 1 15 4 6 3 14 2
16 3 3 5 8 12 8 6 1 0 13 5 8
2 7 7 4 7 12 0 4 2 9 9 3 8
8 3 1 5 5 3 1 9 1 7 4 2 6
0 1 4 2 4 2 5 3 0 5 1 3 2
1 5 2 3 2 2 10 2 8 3 2 1 7
10 3 15 11 5 3 3 1 8 7 7 1 10
9 0 0 13 4 9 2 4 4 1 1 11 2
6 0 11 7 10 4 1 16 0 7 1 2 5
4 3 9 28 6 4 2 8 10 21 1 1 7
0 7 1 4 10 4 3 9 0 7 5 5 14
10 5 11 7 4 1 0 2 1 2 11 4 1
4 0 8 9 0 10 1 4 0 6 4 1 6
9 2 10 6 4 0 12 2 10 1 0 1 9
3 21 3 7 3 7 6 9 2 6 17 2 2
2 2 4 8 1 5 3 5 7 2 1 0 8
4 1 0 4 5 1 2 1 1 3 2 6 5
5 9 7 0 2 7 1 2 6 2 1 0 1
6 1 0 2 0 2 3 5 9 3 4 3 4
2 8 1 24 16 7 4 12 9 12 10 0 6
12 10 3 9 1 7 4 11 3 13 5 4 2
5 13 5 0 5 10 6 7 7 5 11 3 13
11 2 14 4 4 0 8 2 1 10 20 5 1
7 7 11 7 2 7 15 11 9 2 2 20 2
5 3 5 5 5 1 2 4 8 2 0 2 3
2 6 18 13 8 6 5 13 7 13 15 7 12
10 3 0 12 1 12 10 1 3 8 4 21 7
9 14 1 3 14 4 0 7 11 13 2 2 19
9 8 10 6 9 1 1 2 8 1 2 12 16
2 4 2 23 9 5 1 5 11 17 4 20 7
12 0 4 1 1 12 2 7 3 2 2 3 4
2 1 4 7 14 2 1 18 1 1 14 7 23
11 6 5 9 4 17 8 6 11 12 17 1 14
3 6 10 7 16 9 14 2 3 3 5 13 6
0 1 2 0 6 2 0 2 4 8 1 2 5
17 10 26 0 4 3 14 0 4 8 7 6 9
1 19 14 7 13 8 5 7 11 15 4 5 6
1 4 10 3 8 1 2 10 2 6 7 6 2
3 0 7 2 0 0 9 11 5 11 1 15 6
3 10 14 3 0 13 4 6 4 14 8 3 3
3 3 8 11 7 8 11 7 3 11 4 6 10
8 19 6 2 2 5 3 6 16 3 21 1 16
2 5 2 19 13 23 5 7 4 1 10 11 2
1 3 10 1 1 3 1 5 3 10 1 2 4
0 7 1 5 4 4 6 1 2 1 8 4 3
1 13 4 4 4 3 7 8 11 2 5 4 7
15 17 9 22 3 0 1 14 11 1 6 3 12
4 0 1 5 5 1 6 3 4 0 1 1 7
0 4 5 4 3 8 1 4 3 0 1 1 2
9 3 3 8 6 3 11 5 10 9 21 9 4
5 12 6 2 5 4 7 3 5 1 7 3 4
14 3 14 5 2 14 13 8 3 7 19 5 4
2 39
2 60
2 61
2 64
3 10
3 68
4 104
5 55
5 103
6 65
6 90
7 53
10 54
12 29
12 37
13 34
14 94
14 105
15 37
16 28
16 67
17 65
17 108
18 97
18 100
19 39
19 48
19 80
20 97
21 62
21 76
23 59
23 77
24 100
25 44
26 67
27 47
27 120
27 123
30 38
30 53
30 85
32 122
33 66
35 98
36 96
37 42
37 104
39 54
40 66
40 92
40 97
40 108
40 122
42 87
42 134
43 69
43 112
45 138
46 80
46 133
46 144
47 84
47 108
47 145
48 98
49 112
50 114
51 104
51 105
52 75
52 92
52 145
53 57
54 67
55 62
55 128
56 115
56 140
57 71
58 92
60 103
61 69
61 89
61 92
62 87
62 99
62 111
63 103
67 80
67 113
69 101
69 120
69 160
70 74
70 111
70 137
70 167
71 118
71 171
72 108
73 101
73 133
73 168
75 94
75 171
76 141
78 145
79 99
79 178
81 91
82 173
83 161
84 113
84 135
85 108
86 87
86 113
86 151
88 104
90 101
91 97
92 122
92 175
92 178
93 189
94 97
94 164
96 140
97 190
98 100
98 102
98 172
101 141
101 176
102 130
102 196
102 197
103 127
103 180
106 135
107 127
108 126
108 165
108 186
108 194
109 171
109 188
110 157
111 178
112 192
112 210
113 141
113 144
113 199
114 117
114 158
114 181
114 188
115 165
117 124
118 209
119 185
122 208
122 218
123 201
124 169
124 188
125 166
126 155
126 210
128 133
128 174
129 164
129 181
130 144
130 194
130 219
131 138
131 158
133 198
133 209
133 218
135 192
135 235
138 161
138 178
138 223
139 149
139 197
140 154
141 146
141 170
142 166
142 234
143 157
143 199
143 202
143 237
144 228
144 239
145 208
145 219
146 161
146 191
149 176
151 177
151 247
152 216
153 251
155 236
156 237
157 237
157 240
159 201
159 213
160 218
160 252
161 258
163 215
163 243
165 263
166 235
166 256
168 182
168 219
168 231
168 241
169 259
170 212
170 256
172 249
173 174
173 249
173 263
173 264
174 206
175 195
177 255
178 266
179 228
179 235
181 182
181 194
181 246
182 261
183 265
183 270
186 280
187 243
187 256
188 272
189 211
191 198
191 279
192 202
192 215
192 267
192 274
194 227
194 288
195 272
196 208
196 254
199 293
200 216
200 230
200 265
201 217
202 272
203 283
203 301
204 207
204 221
204 281
205 251
205 279
206 241
206 269
206 275
209 286
210 234
212 254
212 297
213 298
214 283
214 314
215 297
215 299
216 294
217 273
218 282
220 249
220 265
220 303
220 307
221 228
221 281
221 283
222 295
223 239
223 302
224 274
224 281
228 280
229 252
229 292
229 299
229 325
230 237
230 325
231 279
231 286
231 323
232 282
232 313
233 249
233 304
233 323
233 329
234 276
235 296
235 315
236 272
236 274
236 303
236 336
237 293
237 330
237 333
238 330
239 336
241 262
241 284
242 267
243 326
247 329
248 282
249 257
251 316
252 255
253 287
253 341
254 256
254 290
254 341
256 346
256 352
257 266
257 294
257 305
257 317
258 295
258 302
258 327
259 335
260 339
261 353
262 305
262 328
263 352
265 339
266 353
266 363
268 311
268 365
269 349
271 296
272 334
273 353
273 358
274 331
275 276
275 315
275 329
275 351
276 322
276 369
277 281
277 367
278 321
278 353
279 283
280 325
283 362
284 309
286 289
286 314
288 312
288 358
288 362
290 378
291 302
291 344
292 391
292 392
293 336
295 359
295 389
296 339
296 343
297 310
297 380
299 389
300 326
300 394
301 358
302 394
304 319
304 352
305 364
305 382
305 393
309 336
309 340
309 348
311 376
311 378
311 379
312 356
313 326
313 392
314 397
315 357
316 341
316 372
317 386
318 326
318 358
320 406
320 416
321 329
321 339
321 410
322 356
323 411
323 417
324 350
325 349
325 408
326 344
327 377
328 347
329 355
329 383
329 387
329 411
330 343
331 368
331 401
333 422
334 343
334 370
334 380
335 379
335 416
336 424
337 420
338 344
340 350
340 397
341 423
343 432
344 365
344 366
344 401
345 444
347 352
347 359
348 448
349 427
350 414
351 414
352 357
353 413
355 356
355 425
355 427
358 414
359 372
359 457
360 385
360 392
360 438
361 457
362 376
362 396
362 447
364 383
365 379
365 394
365 398
365 458
366 367
367 392
367 459
368 373
368 428
369 456
370 448
371 382
371 408
371 467
372 456
373 380
373 405
374 446
377 403
377 450
378 399
380 434
381 462
381 468
385 413
386 454
386 481
387 421
387 454
387 463
388 430
389 433
391 415
391 481
392 401
392 411
392 416
393 402
394 413
394 463
395 406
396 400
397 475
398 457
399 412
399 452
400 410
400 420
400 445
400 492
402 403
404 432
404 473
405 410
406 460
407 451
407 457
409 423
409 496
410 414
410 473
410 487
412 464
412 507
414 442
417 420
418 461
419 439
421 492
422 507
423 441
425 505
426 487
427 445
428 429
428 454
428 463
431 526
432 485
432 521
433 483
434 442
434 451
434 506
435 501
437 486
438 441
438 494
438 525
439 464
441 462
441 516
442 507
443 475
443 520
444 447
444 491
445 460
445 461
445 465
446 471
446 532
447 481
447 525
448 474
448 547
449 545
450 489
450 499
451 484
451 534
451 543
452 548
453 536
454 528
455 489
455 505
455 538
457 552
458 538
460 503
461 491
461 496
462 528
465 527
466 510
466 563
467 479
467 515
467 529
467 538
467 558
468 485
470 472
470 497
470 567
471 546
472 510
472 564
473 531
474 492
474 508
474 518
474 532
474 546
474 555
475 496
475 519
476 499
477 534
477 566
478 491
478 528
479 526
479 537
479 570
480 522
480 546
480 580
481 528
482 502
482 550
482 581
483 516
483 532
483 536
484 496
484 542
484 555
486 507
487 488
487 519
487 540
487 548
488 561
488 569
488 584
490 558
492 560
494 548
494 554
495 503
495 589
496 502
496 520
496 592
497 510
497 540
497 585
498 586
500 530
501 510
501 558
501 569
502 517
502 593
504 506
505 512
505 524
505 526
505 531
507 561
507 567
507 601
508 525
509 571
511 590
513 556
513 566
513 606
514 517
514 588
515 578
515 606
516 558
516 616
519 530
519 531
521 534
521 592
522 557
522 571
522 583
523 586
523 588
524 580
524 595
524 619
525 563
526 624
527 601
528 536
529 608
530 605
531 574
531 626
533 534
533 594
534 567
534 574
535 558
536 560
536 599
539 560
539 591
539 639
540 572
540 599
542 599
542 638
544 613
544 614
544 630
545 591
546 585
547 640
548 633
549 584
549 625
549 646
550 553
550 560
550 609
552 573
552 593
552 617
553 568
553 635
554 582
554 589
554 618
555 588
556 593
556 607
556 650
557 571
557 609
557 618
557 653
558 638
559 625
561 587
563 631
565 609
566 657
567 624
568 575
569 574
570 619
570 641
571 609
572 664
573 663
574 598
575 609
575 673
577 622
577 623
577 627
578 611
580 581
580 604
580 614
580 671
581 597
582 640
583 614
584 605
585 598
585 647
586 587
587 622
587 681
588 638
590 650
591 606
591 677
593 613
594 667
594 681
595 646
595 672
596 619
600 697
601 613
601 681
602 621
602 667
603 646
603 671
604 624
604 665
604 701
606 672
607 650
608 617
608 622
608 635
609 633
610 613
610 624
610 641
610 698
611 626
611 633
611 650
612 664
614 645
614 680
619 623
621 626
621 707
622 666
624 705
627 630
630 699
630 716
632 678
633 729
634 727
638 702
638 732
640 714
642 645
642 681
642 728
642 730
643 651
643 678
643 720
645 656
646 721
646 728
647 685
647 719
648 718
650 717
652 676
652 706
652 729
654 696
654 723
655 728
655 754
656 753
657 662
657 671
657 675
657 718
657 743
658 687
658 753
659 723
660 702
661 741
661 751
661 756
662 729
663 680
663 725
663 736
663 755
665 680
665 686
665 709
665 735
666 757
667 678
667 730
668 673
669 696
669 715
669 719
669 744
670 749
672 680
672 681
672 770
673 685
673 697
673 730
673 772
674 694
677 688
679 684
679 771
680 714
681 772
685 761
685 773
686 689
686 692
686 785
686 786
687 696
688 713
688 721
688 778
690 699
690 750
692 781
693 766
694 712
695 739
696 760
698 744
698 757
698 788
699 705
699 715
699 718
699 750
700 727
701 703
701 718
701 737
702 733
702 774
702 796
703 726
703 737
705 787
707 789
708 715
710 723
711 757
712 775
713 781
713 782
713 806
714 797
718 727
718 795
720 750
721 756
721 779
721 807
721 811
723 744
725 814
726 760
726 780
728 771
728 786
728 795
730 823
731 766
731 794
732 755
732 767
733 747
733 752
733 827
734 742
734 804
734 830
735 815
736 770
738 778
738 803
738 808
738 836
739 755
739 773
741 841
742 774
743 756
743 782
743 787
743 792
744 791
745 773
745 811
746 838
747 815
747 838
749 806
751 763
751 767
751 777
751 787
751 848
753 828
753 832
754 756
754 838
755 850
756 828
757 826
757 844
759 790
759 835
759 848
761 818
762 796
762 843
762 852
763 781
765 861
765 862
766 827
767 859
769 784
769 815
773 792
777 875
778 842
780 799
783 794
783 806
784 799
785 857
786 844
786 864
788 850
788 858
789 854
790 869
791 813
791 822
791 851
791 868
793 821
793 877
793 883
794 800
795 833
795 851
796 861
797 822
798 807
799 833
800 811
800 855
800 892
800 895
803 873
803 889
803 894
804 805
804 876
805 810
805 848
805 896
806 832
809 861
810 814
810 871
811 822
813 861
813 889
814 832
814 841
814 874
816 916
817 843
817 854
818 851
818 866
818 881
818 897
819 852
819 915
820 867
820 901
821 841
821 859
821 874
821 905
822 906
823 848
823 852
825 852
825 925
829 871
830 863
831 842
832 866
832 885
834 865
835 894
836 930
837 902
838 851
839 875
840 898
842 902
844 850
844 942
845 854
846 886
847 873
848 887
849 932
849 943
849 947
850 875
852 886
852 896
853 872
853 935
853 951
854 874
855 865
856 874
856 900
858 869
858 902
859 873
859 907
860 927
861 887
861 904
861 923
862 876
862 925
863 899
863 928
864 888
864 958
865 869
865 887
865 922
865 939
867 902
868 887
869 940
870 952
871 947
872 951
875 956
875 971
876 882
877 893
877 895
877 961
878 885
878 901
879 964
880 906
881 927
883 917
883 971
884 917
884 967
884 971
884 973
886 893
887 907
887 982
888 924
888 946
888 972
888 973
889 908
890 928
890 949
890 969
893 896
894 915
894 944
895 955
896 905
896 938
899 966
900 926
901 962
902 942
903 970
903 971
904 948
905 939
905 950
905 984
906 908
907 948
907 985
908 959
909 922
909 931
909 950
910 922
912 977
913 952
913 969
915 982
916 929
916 972
917 927
917 984
918 925
918 954
919 927
919 932
919 967
919 969
920 971
921 966
921 973
926 932
926 937
926 975
927 966
928 950
929 937
929 972
929 1000
931 949
933 968
935 986
935 995
936 960
938 941
939 953
939 978
942 995
942 998
943 998
944 951
945 983
945 989
945 997
946 995
947 994
953 959
953 975
953 989
956 976
958 966
964 970
967 981
970 996
972 978
982 992
986 996
991 994
992 993
1 2 0 1 2 5 13 10 16 2 8 3 3
1 7 2 3 10 5 14 1 2 10 7 14 5
12 5 3 7 1 2 17 7 5 9 10 7 5
0 9 2 6 15 1 10 12 2 7 2 13 4
16 7 5 2 13 4 22 0 11 3 1 4 14
1 11 9 6 9 4 14 6 13 4 5 6 2
8 19 3 4 9 4 16 2 11 7 2 17 5
1 4 2 14 8 11 3 11 3 6 19 10 15
9 5 11 22 1 9 4 8 3 11 15 3 27
25 17 18 13 3 6 1 6 11 22 21 30 10
4 6 5 9 10 14 11 15 11 2 2 5 19
5 11 9 2 3 5 7 2 10 2 7 13 1
30 8 11 6 15 27 14 10 4 15 3 13 1
15 6 5 13 12 6 8 1 4 5 1 6 23
3 5 13 13 19 9 6 2 10 1 2 3 5
21 14 25 12 22 6 26 8 8 11 13 6 6
0 6 9 0 3 13 1 1 4 4 11 4 4
10 10 6 20 8 4 4 4 3 6 9 9 2
7 0 17 16 10 7 6 16 7 0 5 8 1
16 10 15 9 30 10 10 4 16 15 5 25 13
27 23 15 23 14 14 11 15 13 9 11 20 11 8 11 1 33 6 9 3
61 60 49 50 52 47 48 46 48 36 40 61 38 49 47 24 73 48 45 19
22 8 7 10 7 5 2 8 5 1 6 7 1 2 8 1 13 1 6 1
32 31 22 30 21 15 19 19 9 6 12 19 8 12 8 1 31 10 5 3
67 55 60 59 42 48 36 47 51 32 40 52 46 45 44 22 64 51 59 16
42 45 36 41 45 37 30 29 33 10 37 34 36 49 54 22 53 38 48 19
21 21 10 18 27 20 23 2 6 4 13 21 17 24 27 5 21 16 19 16
27 27 24 30 15 20 17 13 13 10 3 24 20 8 5 8 34 22 15 3
11 9 5 12 9 5 8 12 5 8 5 7 6 8 7 1 13 9 9 1
61 51 55 65 46 46 40 50 50 28 39 47 35 53 48 23 63 55 46 15
22 15 9 9 19 13 13 10 8 11 7 22 5 14 18 2 28 15 18 6
14 2 6 4 8 2 1 1 7 1 3 1 1 2 5 2 13 1 1 1
37 21 21 19 30 20 16 20 16 4 21 18 5 24 28 7 30 18 26 5
7 2 1 1 3 1 1 1 1 1 1 4 1 1 1 1 8 1 1 1
53 37 28 38 33 29 16 30 26 3 28 25 11 23 33 10 40 18 31 5
36 27 25 30 30 16 23 20 15 9 26 18 21 28 23 6 26 16 28 15
57 30 41 34 41 32 28 31 34 14 36 36 22 38 45 15 51 33 44 9
50 47 36 49 37 40 43 19 12 11 32 45 30 34 43 16 44 33 36 21
17 11 4 16 10 12 6 9 5 3 9 9 9 8 10 1 15 6 12 3
63 68 62 63 56 49 58 42 41 43 28 63 45 50 51 39 73 52 47 26
56 41 29 48 46 41 38 37 32 17 47 43 20 46 60 15 58 36 48 25
33 32 26 37 16 18 16 34 33 28 12 34 18 28 23 7 48 34 27 12
30 18 14 17 20 12 15 12 13 11 10 20 10 12 15 1 32 4 12 5
32 28 20 32 27 22 18 20 13 8 18 29 14 18 20 3 41 14 17 4
37 19 26 20 38 20 19 28 28 14 28 22 9 35 42 10 42 24 34 9
36 26 35 25 37 29 22 26 40 25 20 35 11 36 38 22 50 36 24 8
18 8 5 14 21 12 13 9 3 3 15 18 5 13 16 2 20 9 18 1
30 20 11 23 33 18 23 9 7 4 19 24 14 21 26 1 27 9 23 11
38 17 9 22 27 28 14 17 14 6 28 23 14 19 33 6 33 12 31 8
9 10 6 11 13 6 7 8 7 8 7 10 4 10 11 1 17 9 9 4
14 7 6 13 11 11 5 4 3 2 6 9 3 4 10 2 9 6 10 1
62 58 49 62 50 46 56 26 20 25 24 51 36 39 42 28 47 47 47 26
41 54 41 53 51 36 46 33 36 31 26 43 20 51 46 27 51 47 41 30
11 17 6 11 19 8 10 8 8 4 6 15 5 20 17 2 26 14 10 4
47 38 26 41 37 23 22 25 13 1 28 24 20 23 27 1 37 10 21 9
36 36 25 33 45 33 35 9 17 17 16 33 17 30 29 15 36 20 20 19
53 44 40 44 31 23 24 37 31 13 22 28 15 26 20 8 49 23 21 1
58 35 40 48 45 46 36 26 18 12 34 37 29 35 44 28 39 38 48 10
20 5 4 8 19 9 7 7 8 5 10 17 3 12 18 1 25 11 17 1
68 56 56 48 59 42 52 41 40 37 30 54 23 49 43 24 57 42 35 26
55 58 44 53 55 52 44 40 40 25 33 58 28 50 54 32 67 49 43 17
35 19 18 24 23 24 19 19 13 5 20 27 12 20 25 10 29 19 30 5
26 21 11 26 8 16 12 17 4 4 9 13 2 5 9 4 15 8 13 1
74 44 52 49 50 44 40 39 39 22 35 45 23 41 42 19 57 42 42 8
57 33 38 48 31 42 22 49 43 34 43 51 29 41 51 7 59 43 56 24
60 38 36 36 24 29 27 33 22 9 32 36 10 12 25 1 46 14 27 5
53 34 43 43 32 33 25 29 33 14 28 29 28 34 37 17 44 31 41 10
50 40 31 41 37 38 32 27 25 23 19 48 11 30 42 15 54 38 37 10
41 30 27 30 24 28 20 25 36 32 18 44 16 31 37 8 55 37 32 17
60 47 35 40 42 52 46 29 30 29 39 61 29 36 50 12 67 42 45 18
56 41 40 40 38 31 32 47 46 29 35 49 24 48 47 3 64 47 39 20
17 7 1 6 6 8 2 6 3 5 1 14 4 1 10 1 22 8 17 1
25 31 33 28 25 14 26 18 22 20 9 24 12 28 14 10 30 26 12 9
61 44 48 38 54 42 38 28 33 23 33 50 23 42 37 22 62 32 32 15
32 23 24 28 16 15 15 16 18 14 9 16 5 13 14 9 19 15 12 5
17 23 12 22 17 11 12 15 11 9 4 13 6 13 10 3 28 14 7 2
81 65 57 63 59 57 52 42 41 24 45 59 34 51 61 25 76 53 53 19
61 45 41 51 47 44 37 33 24 13 34 49 23 35 38 20 49 27 38 15
19 27 9 24 15 11 8 26 16 12 10 22 8 19 23 4 40 19 20 4
34 22 17 18 26 14 16 19 19 14 17 25 15 19 25 1 38 11 24 8
82 61 54 48 63 51 49 61 52 33 53 66 23 55 57 13 86 48 51 17
49 44 23 48 35 32 36 32 19 12 28 42 21 29 42 1 50 31 37 14
39 28 33 20 26 26 25 19 27 28 7 36 6 22 20 11 39 29 26 10
48 40 31 41 49 31 42 24 10 12 30 39 19 33 25 8 42 25 17 13
10 14 4 8 11 7 6 4 1 3 1 9 1 8 10 1 18 4 5 4
19 20 15 14 24 11 19 2 9 11 6 22 8 15 15 4 28 8 7 9
16 14 6 11 21 10 11 9 6 1 13 12 5 19 23 1 17 5 19 5
54 57 55 43 48 31 36 48 49 27 33 49 37 51 38 22 62 48 40 22
34 27 17 33 18 25 16 24 11 6 15 27 5 16 20 3 33 20 22 1
39 26 17 25 30 18 18 23 22 10 19 20 19 21 29 6 39 14 28 6
21 13 8 19 17 6 10 12 6 1 12 9 6 15 11 1 17 7 14 1
28 16 14 13 19 8 12 13 14 10 9 19 9 8 14 1 27 7 18 4
56 48 38 46 30 38 32 39 31 34 28 56 32 31 43 13 71 33 40 25
82 63 54 60 58 53 53 52 47 27 51 57 23 49 44 10 71 43 46 9
42 41 30 45 26 32 26 22 20 12 17 39 24 21 27 16 43 28 33 3
13 4 10 9 8 5 6 6 11 12 6 11 7 7 7 1 17 5 7 1
15 13 5 15 13 9 9 9 6 7 4 12 10 5 4 1 21 8 5 2
22 15 7 19 9 19 7 18 10 10 14 20 8 5 19 1 29 12 21 1
28 14 17 20 14 18 13 3 7 5 4 16 10 8 13 12 16 15 20 1
62 57 47 57 54 52 56 33 28 33 22 60 35 44 52 28 60 51 47 24
53 44 31 47 45 51 45 30 24 20 33 51 13 40 53 17 43 38 46 23
10 3 6 8 2 3 1 2 3 3 1 3 1 1 3 1 9 1 3 1
67 53 46 52 61 53 52 35 33 27 42 67 30 49 59 20 74 41 44 31
9 7 6 9 6 6 4 2 3 3 1 9 4 4 5 1 12 5 10 1
11 6 3 12 8 6 4 7 2 3 6 5 4 5 9 1 12 2 9 1
52 56 40 56 42 33 40 46 39 21 36 43 33 36 44 14 63 30 41 15
50 45 32 43 33 28 26 44 26 9 32 33 24 36 39 12 53 34 40 6
23 11 21 10 12 8 10 8 14 13 4 17 2 9 7 4 18 9 15 1
65 37 35 33 40 38 27 41 34 12 40 42 8 33 48 16 61 29 39 5
15 8 5 9 12 4 6 2 1 1 2 10 1 4 5 1 11 2 10 1
74 47 46 59 38 51 38 54 47 30 50 61 36 45 66 16 71 50 68 24
43 33 23 20 32 25 21 20 26 18 15 34 10 23 32 13 46 18 11 14
22 12 4 13 16 15 8 12 5 5 12 17 6 12 19 1 23 9 20 4
46 37 27 42 21 30 18 48 38 14 32 30 15 24 40 6 47 31 40 14
58 50 46 48 62 39 40 43 36 16 39 40 28 59 50 22 60 43 40 18
13 13 7 18 13 11 10 13 9 10 7 14 6 12 17 1 22 11 11 3
55 40 37 31 25 26 23 34 34 27 13 42 26 20 39 16 65 37 44 9
47 38 31 42 29 32 32 20 11 16 11 38 19 22 26 18 36 34 38 7
52 39 39 41 27 35 22 48 51 27 29 43 18 29 38 18 67 42 42 3
60 52 46 46 28 42 38 38 36 29 19 48 24 25 45 20 64 44 38 12
31 16 20 16 5 12 12 14 10 10 6 17 7 4 6 2 21 13 17 1
39 45 27 53 23 34 35 24 9 10 20 30 26 24 29 13 35 30 30 7
22 14 8 20 13 13 12 4 6 2 6 16 14 8 11 1 18 7 16 3
40 49 35 47 37 29 27 35 24 10 26 34 28 39 39 13 46 33 37 13
41 36 34 34 29 32 34 17 27 27 14 41 28 25 37 14 49 37 32 16
73 53 50 58 73 58 53 35 29 17 54 56 38 55 59 31 69 38 48 26
50 42 39 43 49 27 25 38 35 4 35 28 31 43 39 15 53 32 39 9
34 38 32 31 24 28 26 22 25 25 5 40 27 24 33 20 53 39 32 14
17 7 9 11 14 10 7 5 7 10 4 15 5 6 10 3 16 13 16 1
13 5 6 8 6 2 4 4 5 3 3 5 2 4 4 1 9 1 6 1
9 14 4 6 15 9 10 3 3 3 2 13 3 11 11 1 18 7 4 5
29 14 18 23 20 14 16 7 10 9 12 18 9 14 14 3 14 8 18 5
51 42 36 48 44 38 37 37 23 10 33 36 11 37 34 17 36 35 27 10
23 28 20 25 33 23 28 10 16 14 13 30 20 28 27 10 27 22 15 20
11 16 13 10 16 7 15 9 9 12 1 13 5 15 12 3 17 13 2 7
17 14 4 11 13 7 8 8 6 6 5 16 9 9 11 2 22 12 16 2
13 9 5 9 7 4 1 9 4 1 1 4 3 6 5 1 15 3 11 1
69 72 57 65 56 48 48 59 53 26 43 56 36 54 57 24 77 53 45 21
27 28 17 29 32 16 27 10 8 10 12 24 13 22 19 7 22 14 18 8
44 31 27 30 39 28 19 23 27 7 26 32 17 31 33 13 54 22 23 7
84 56 60 57 61 54 41 43 39 16 46 54 36 45 50 25 71 44 48 9
48 33 37 29 25 24 32 14 16 24 8 39 15 15 22 15 36 31 29 6
50 46 36 39 41 34 29 42 32 9 32 38 24 43 43 16 52 38 43 19
56 53 44 52 40 42 42 46 44 30 39 53 35 38 36 14 60 39 48 3
42 26 18 28 31 27 24 16 17 11 19 31 20 19 33 9 46 18 29 8
72 55 51 54 51 46 48 37 31 27 43 53 28 44 35 12 51 38 48 16
64 60 58 54 50 46 51 41 33 39 31 55 30 40 23 21 55 36 33 17
50 47 32 56 42 49 45 35 33 22 41 54 16 43 57 16 51 45 53 29
18 13 7 16 5 11 7 15 4 7 5 8 7 4 8 2 18 10 11 1
26 19 17 26 23 15 18 11 5 2 17 13 16 20 17 2 14 10 22 9
67 55 55 44 58 52 51 41 43 32 37 66 30 46 39 17 70 47 43 19
67 55 50 46 55 49 35 44 51 34 33 58 40 49 62 32 77 54 54 31
6 6 4 9 7 2 5 4 1 3 1 3 1 5 3 1 10 1 2 1
57 49 34 46 37 39 39 45 35 37 38 58 26 40 43 6 71 37 35 25
30 17 14 12 14 10 12 12 14 11 7 20 5 8 11 1 26 6 12 1
43 40 38 35 35 23 29 35 39 35 16 48 19 38 34 14 58 40 33 17
61 42 39 45 40 46 36 46 45 15 45 49 2 35 55 18 64 38 49 17
74 57 50 68 39 52 44 48 45 35 47 59 42 49 64 16 68 51 65 31
17 11 9 13 13 2 10 9 12 11 3 15 6 8 9 1 23 5 7 1
49 37 28 39 36 39 25 31 24 11 30 36 24 33 47 21 56 35 36 5
37 20 14 20 22 26 13 14 16 6 21 28 10 16 31 9 37 13 23 4
12 6 4 6 9 5 6 1 2 3 2 10 7 4 4 1 14 5 7 1
32 21 12 26 20 16 14 21 11 4 23 13 9 16 27 2 25 3 23 4
17 15 8 22 11 8 11 19 10 7 11 5 11 14 14 1 15 8 17 5
35 24 20 22 16 9 11 22 12 4 13 13 6 11 9 1 24 8 13 1
14 10 1 11 17 4 10 10 10 10 5 13 4 12 16 1 27 8 12 3
26 16 14 12 13 3 8 9 13 8 3 17 6 5 6 1 25 4 8 1
64 49 51 44 45 35 33 48 51 33 28 48 13 48 39 17 68 49 40 12
52 38 48 42 47 31 17 51 60 30 41 44 29 53 55 26 72 48 55 22
25 14 9 22 9 13 8 16 6 5 11 11 9 8 14 1 19 5 16 3
62 38 31 43 26 34 23 51 45 25 36 47 13 33 44 6 69 39 47 7
46 30 34 34 22 27 18 33 36 30 15 37 13 24 33 12 44 33 39 11
29 27 20 19 18 4 13 23 17 6 9 11 7 19 12 2 29 13 14 3
45 23 20 31 28 33 14 32 34 12 33 33 14 27 42 9 51 26 37 1
13 1 3 1 2 1 1 1 3 4 1 9 1 1 1 1 10 1 10 1
23 19 12 25 17 13 12 11 10 5 4 14 14 10 9 1 25 13 12 1
61 43 37 47 55 49 40 43 29 17 43 48 15 48 52 18 62 45 41 8
50 46 42 42 36 36 37 25 25 20 17 40 21 32 30 16 50 37 14 10
8 8 2 7 6 1 5 5 1 1 1 1 1 5 2 1 5 1 1 1
10 9 4 10 6 6 1 13 10 10 6 8 6 5 9 1 18 10 13 1
69 58 44 54 62 55 42 34 32 20 39 59 29 45 57 23 63 37 46 29
15 7 1 5 12 5 5 1 5 1 6 12 5 4 9 1 12 4 13 1
68 50 57 44 52 47 49 29 36 28 30 54 30 45 49 25 57 47 38 20
17 18 11 16 17 12 13 7 6 6 3 16 5 12 12 4 16 13 11 6
56 36 38 28 48 39 32 25 36 21 30 43 23 36 45 18 56 25 31 19
22 10 5 6 12 4 5 4 3 3 2 17 2 4 6 1 18 3 13 1
59 57 50 62 38 40 43 50 42 36 25 56 22 47 44 20 65 56 43 17
8 1 1 4 7 2 1 2 4 4 5 6 3 4 6 1 10 3 9 1
47 38 23 44 44 36 35 32 17 22 32 46 30 36 42 11 54 25 38 24
13 18 11 25 17 11 12 17 12 3 16 12 16 21 18 6 18 13 22 3
11 9 2 7 4 3 2 5 2 1 1 3 1 3 6 1 12 1 1 1
17 10 9 12 12 5 9 15 14 15 7 16 6 12 15 1 24 10 13 3
12 13 5 14 9 5 4 15 11 9 6 7 6 10 10 1 21 11 13 1
38 37 17 34 21 25 21 17 8 2 14 31 22 12 21 7 40 16 23 6
38 24 16 25 18 23 16 16 21 9 18 28 11 12 27 7 39 13 18 1
38 29 27 20 18 21 27 12 16 18 8 36 16 12 12 6 38 22 23 1
56 53 44 56 57 36 39 42 27 5 45 46 37 56 44 12 50 45 49 20
60 40 35 41 51 48 39 27 23 13 34 47 28 39 54 24 61 35 47 13
26 11 14 13 16 9 12 1 8 3 5 20 7 9 18 1 19 10 17 1
74 61 56 67 61 55 45 47 33 13 52 53 44 50 49 28 71 37 41 16
58 35 41 36 33 37 33 26 34 20 36 39 30 34 35 9 47 32 46 7
17 10 6 11 6 9 3 6 6 3 4 12 8 5 8 1 16 8 17 1
9 3 1 8 2 3 1 2 2 1 2 4 4 2 3 1 4 3 10 1
13 9 6 9 8 5 5 1 2 1 1 11 4 2 2 1 15 5 8 1
40 46 22 45 32 25 33 32 15 1 25 27 19 28 22 1 41 21 14 7
39 38 17 39 36 33 34 16 13 8 25 34 13 27 36 9 33 21 25 15
9 11 7 12 4 4 4 5 5 1 1 8 6 5 4 1 11 7 7 1
69 54 43 59 56 52 44 42 23 13 46 56 41 42 57 21 67 34 54 25
45 24 35 33 24 28 19 20 24 19 19 32 24 20 31 12 38 27 39 8
58 47 42 52 36 53 44 31 39 44 31 61 31 42 59 21 68 51 50 28
39 30 28 33 44 27 32 20 20 14 26 32 8 36 35 15 37 26 25 9
47 33 31 33 26 26 14 28 31 9 21 27 10 22 27 15 45 21 23 1
65 51 53 49 50 51 42 37 47 36 31 60 38 49 62 28 79 58 53 26
51 34 28 32 31 33 24 31 22 7 31 30 16 26 33 10 43 25 27 6
30 25 12 28 6 25 15 30 21 9 17 28 7 9 27 1 38 25 33 5
39 15 19 22 23 26 12 24 22 9 22 21 9 19 30 12 35 22 34 1
70 63 58 62 65 51 46 55 49 21 53 49 36 66 64 24 74 51 45 22
57 58 54 66 52 42 52 38 37 23 35 54 46 49 39 19 59 53 44 19
70 62 46 64 57 45 45 53 40 6 56 50 31 52 55 13 69 37 51 9
18 14 7 13 16 8 7 17 16 12 9 19 10 16 16 1 29 17 21 3
18 14 2 6 18 10 8 5 4 5 7 16 1 10 18 1 25 6 11 5
31 35 28 27 28 14 23 21 20 11 8 21 12 28 21 9 33 20 16 9
22 11 15 17 13 8 10 9 10 7 6 8 1 7 8 4 14 6 8 1
35 29 30 36 24 24 21 26 25 21 14 36 22 24 25 17 42 36 39 1
10 1 1 4 5 2 1 1 1 1 2 1 1 1 6 1 7 1 8 1
21 15 7 15 19 8 9 7 9 3 8 11 3 9 13 3 22 4 8 1
36 19 21 28 24 24 17 21 18 22 17 29 4 18 25 9 33 19 25 5
17 15 7 18 12 12 5 12 9 5 10 11 7 8 15 1 20 8 13 1
44 30 16 32 21 21 22 34 18 8 27 25 3 15 28 1 38 17 27 1
18 6 7 8 9 5 2 1 8 1 2 9 3 4 6 1 15 2 5 1
23 10 12 10 13 7 7 10 17 14 6 15 6 10 11 4 25 9 12 4
11 16 10 13 14 8 13 4 3 6 1 11 1 11 9 4 12 11 8 6
43 33 32 26 39 17 29 29 28 18 24 30 18 33 28 4 44 24 23 13
34 15 21 18 16 12 6 16 13 4 12 15 9 11 16 1 23 10 24 1
19 9 5 12 6 9 1 14 5 6 8 9 1 3 11 1 19 3 9 1
26 14 14 19 7 14 7 17 11 8 11 13 4 6 14 1 22 5 17 1
23 31 9 25 16 18 14 17 10 4 10 25 9 15 21 2 36 17 16 4
82 59 57 62 49 54 52 51 37 17 55 60 31 36 44 8 66 35 45 19
20 20 11 16 8 10 7 14 12 9 3 16 9 11 11 1 27 13 13 3
38 23 29 25 9 24 19 19 16 17 10 26 13 7 12 8 30 20 22 1
18 14 14 15 9 7 8 11 13 7 4 13 11 12 11 2 24 12 16 1
37 29 32 38 15 22 16 26 24 15 14 22 25 19 24 10 39 25 30 4
45 23 24 23 33 30 22 14 21 12 23 33 13 20 29 6 45 16 24 5
57 48 31 52 33 43 34 42 44 21 37 50 28 37 51 11 73 40 43 17
45 29 26 34 16 29 19 25 28 17 20 33 17 12 29 10 48 25 27 1
30 16 22 17 29 20 20 22 28 27 14 38 6 27 34 7 47 29 24 13
34 38 36 32 37 18 18 34 41 21 21 34 27 37 35 14 53 36 35 16
17 3 7 5 8 5 1 6 10 1 7 1 1 6 11 5 10 1 12 1
66 37 48 50 48 54 40 28 34 21 41 52 34 39 54 29 63 48 55 17
24 19 11 22 20 6 13 12 6 1 8 7 5 13 7 1 17 8 6 1
80 65 62 54 63 60 60 42 44 42 33 70 27 47 44 28 76 56 38 24
15 10 2 10 11 6 5 7 3 1 5 7 5 8 9 1 14 2 12 1
48 51 51 44 40 31 30 41 39 17 26 39 34 45 35 17 50 44 32 22
31 16 17 16 18 16 4 23 20 10 18 18 13 16 21 4 29 15 29 8
35 22 14 27 21 27 17 15 4 8 14 29 14 8 17 5 34 16 20 4
10 8 5 6 14 4 11 3 5 4 6 9 6 13 11 1 11 5 10 6
37 28 20 22 36 20 14 25 28 15 20 31 16 30 39 7 48 23 30 15
57 48 48 54 45 35 40 56 45 32 40 49 30 46 43 19 66 44 51 12
15 9 1 11 6 9 2 9 1 2 8 10 1 3 12 1 19 1 12 1
74 64 55 62 51 52 48 49 47 34 45 64 40 43 47 17 77 42 56 16
36 41 38 43 40 27 36 29 24 12 27 36 26 43 31 11 36 36 32 11
44 37 27 35 18 21 17 35 33 24 15 41 24 25 33 11 58 33 40 9
54 37 29 30 40 39 27 26 22 15 25 41 19 25 41 17 59 27 33 13
36 26 23 25 19 25 25 16 19 15 17 31 18 19 23 6 33 21 29 8
58 39 34 40 45 31 35 35 26 16 33 42 19 30 30 1 55 26 24 11
26 26 15 33 13 17 14 28 18 9 20 16 13 16 21 5 29 14 20 4
50 46 39 48 40 45 32 37 33 25 33 45 38 37 52 35 65 44 51 14
17 12 5 11 9 6 5 8 3 1 4 9 3 4 8 1 15 1 12 1
32 25 9 31 2 23 12 25 15 19 14 32 15 9 29 4 40 25 32 7
11 7 8 12 11 6 7 5 6 7 4 9 6 8 7 1 16 5 9 1
21 8 11 12 18 14 3 8 11 1 12 6 1 11 17 7 23 6 11 1
13 9 2 9 9 7 3 7 2 3 6 10 1 5 11 1 18 2 7 1
51 40 37 35 38 34 26 26 30 18 24 45 32 36 45 17 53 35 41 20
39 27 22 30 28 29 19 32 34 25 26 33 17 35 43 12 53 33 31 17
68 63 64 60 53 53 42 57 60 32 46 54 46 58 65 36 80 53 56 25
6 2 1 1 7 3 2 1 1 1 2 9 2 4 7 1 11 3 9 1
40 26 17 31 15 21 17 36 30 24 28 34 12 25 39 1 46 20 37 12
37 42 26 48 32 28 29 35 26 20 23 33 16 33 35 14 40 29 37 8
66 68 49 66 52 53 52 49 37 22 39 60 33 45 49 24 72 54 44 10
18 10 1 9 20 8 12 6 1 4 8 16 5 12 16 1 22 7 15 2
12 1 5 5 5 4 1 3 3 4 5 8 2 2 6 1 9 2 13 1
26 31 16 27 34 22 26 13 9 13 17 29 20 23 22 7 39 14 14 16
9 7 3 12 13 6 8 1 1 1 6 8 4 9 12 1 9 1 10 2
25 19 14 20 17 7 10 13 13 1 8 16 13 13 11 2 23 9 15 1
59 46 41 50 45 36 38 33 33 20 38 46 27 37 36 8 61 34 34 18
58 49 43 42 31 42 41 40 33 25 28 50 13 27 39 11 52 38 34 18
15 9 6 10 16 10 9 7 4 4 10 17 5 12 15 1 19 9 14 5
11 7 5 12 3 2 3 4 1 1 1 2 1 1 1 1 4 1 3 1
21 15 16 18 20 6 7 11 17 1 11 8 7 20 19 6 24 11 17 1
51 39 37 38 52 35 37 44 42 29 36 44 22 54 52 22 61 48 40 22
43 27 18 28 18 20 15 17 15 6 12 27 16 8 21 5 34 12 22 1
65 45 36 47 38 42 32 42 33 9 42 49 23 34 41 3 56 31 49 9
26 25 10 21 20 14 17 16 5 8 11 19 9 9 13 1 31 6 8 6
22 16 9 19 8 14 8 10 5 4 8 14 9 6 15 4 18 8 16 1
51 59 39 53 37 37 44 46 34 18 31 48 28 35 41 12 67 41 37 10
52 34 30 37 31 30 18 39 28 1 35 23 13 28 32 9 40 23 26 3
64 41 30 56 38 47 35 45 31 15 47 45 24 42 56 9 60 44 53 13
54 28 29 33 24 29 18 21 16 11 20 36 16 15 33 8 44 21 36 2
13 9 10 13 8 6 8 5 1 5 2 6 3 5 2 3 7 6 10 1
10 13 12 18 8 4 5 15 13 8 6 7 10 12 8 6 18 14 12 1
67 56 40 53 47 47 48 26 21 21 33 57 32 33 47 15 63 34 36 19
43 36 22 32 24 20 22 28 13 8 14 26 14 15 26 3 42 20 26 3
36 28 24 30 19 16 22 16 13 5 11 19 21 16 19 12 28 23 23 2
32 19 8 18 17 14 8 17 10 5 16 13 4 10 18 5 25 7 14 1
63 52 40 43 45 45 48 29 25 26 32 60 30 36 44 11 65 39 40 23
21 14 12 19 10 11 9 10 8 1 5 11 9 5 8 4 15 10 11 1
43 46 34 43 52 34 45 30 24 27 24 45 14 44 35 16 44 40 32 19
66 49 46 41 50 48 46 46 40 28 42 56 20 45 46 13 69 47 33 15
41 28 22 34 31 24 25 27 13 10 30 30 10 27 28 4 34 16 23 7
31 22 17 22 19 11 13 21 10 5 11 9 1 14 12 1 25 11 8 1
53 59 43 65 51 52 49 31 18 22 39 57 50 42 47 27 64 40 47 22
18 10 3 14 14 5 9 8 5 5 9 9 5 9 13 1 15 2 14 2
35 37 29 33 34 30 34 29 36 41 19 45 18 40 39 14 47 42 34 30
12 9 7 11 10 5 6 9 11 9 4 9 5 5 8 1 18 8 8 1
43 34 20 42 29 27 23 32 20 6 34 26 20 31 40 4 42 22 39 12
58 47 45 33 47 33 40 40 43 25 29 49 20 43 40 18 65 38 35 15
55 40 39 48 38 33 33 29 23 20 23 40 16 27 24 13 44 26 26 11
34 34 30 33 23 24 18 25 29 18 17 33 15 23 26 14 41 26 25 2
68 54 43 46 50 48 40 37 36 29 32 60 39 39 59 20 74 39 46 26
22 14 9 12 12 8 8 10 9 3 7 10 3 9 11 1 17 4 6 1
27 12 17 14 15 7 10 14 10 11 12 17 4 9 8 1 21 10 14 1
38 34 21 28 29 28 16 26 24 7 23 28 17 20 29 12 53 18 19 6
67 49 53 41 62 40 37 53 53 23 45 49 31 61 58 27 72 52 49 15
23 11 4 15 11 10 5 14 1 2 11 9 1 6 13 1 19 3 8 1
45 25 32 28 27 28 24 13 24 23 8 35 14 14 17 16 36 23 22 9
30 15 9 21 21 19 10 20 7 1 23 18 10 19 27 1 25 10 29 2
11 5 2 8 10 2 2 1 1 1 5 6 1 4 6 1 9 1 8 1
10 4 3 6 4 4 4 4 1 3 1 6 5 2 3 1 8 4 8 1
37 28 23 25 33 27 19 24 22 3 25 21 11 30 38 18 36 19 23 5
57 44 38 55 40 37 38 48 39 25 35 50 26 48 46 17 58 49 54 17
10 13 7 7 16 2 14 3 1 2 4 8 1 14 11 1 11 6 3 4
43 36 24 29 36 30 34 10 13 11 16 37 23 22 33 10 42 18 18 14
16 9 2 8 7 5 3 7 4 2 3 4 2 3 8 1 14 1 8 1
42 32 28 41 30 26 29 18 16 10 23 29 26 24 29 9 34 29 33 13
43 21 24 25 35 18 17 17 25 13 25 28 18 22 30 1 40 13 29 10
49 38 32 43 36 32 38 19 13 19 20 41 22 28 33 13 37 35 38 9
36 25 19 24 12 20 13 17 12 8 10 23 13 7 21 6 36 12 24 1
17 14 10 10 15 7 9 10 13 12 1 16 1 10 15 1 25 13 12 4
42 46 31 42 41 25 35 36 30 22 28 43 27 43 36 8 56 34 32 20
62 47 36 50 41 32 28 38 26 2 36 40 29 33 37 4 56 24 38 9
67 71 52 76 60 57 62 35 22 13 42 64 42 55 57 30 65 58 55 20
24 14 16 16 9 12 13 8 10 11 5 18 13 6 16 8 20 14 20 1
57 50 49 55 42 35 35 32 36 21 25 42 33 43 42 20 50 39 48 20
24 27 8 26 21 18 19 16 6 2 14 19 7 17 23 1 26 9 17 7
81 59 48 57 66 60 44 47 48 17 56 64 36 57 74 22 84 49 63 24
25 18 16 17 20 11 5 16 22 4 14 11 11 19 19 11 32 14 19 1
75 58 48 58 64 48 54 40 31 7 51 57 39 51 53 16 66 44 52 23
70 55 43 53 45 48 49 44 36 24 51 57 26 40 44 6 57 39 49 13
31 14 21 11 15 14 11 21 22 20 13 24 2 13 14 1 33 16 25 1
65 48 39 48 40 35 25 55 48 16 43 43 16 41 50 10 70 39 44 10
16 8 2 10 5 4 2 4 1 1 1 6 1 1 3 1 9 1 6 1
64 61 52 57 62 48 59 27 21 14 38 54 43 48 44 15 54 41 36 28
51 35 31 46 17 41 28 34 22 29 22 51 18 11 43 15 55 41 49 10
21 18 8 22 7 10 8 19 9 2 11 7 6 9 14 1 17 4 14 1
35 28 14 31 15 29 21 22 13 6 22 31 12 13 32 6 38 21 31 3
34 16 13 14 21 10 10 10 8 1 12 9 2 9 11 2 21 2 10 1
80 53 59 48 52 52 45 46 46 35 40 64 36 39 42 25 79 54 54 10
33 27 17 30 33 34 28 18 11 11 23 34 14 27 38 8 36 23 28 13
14 18 11 14 15 7 11 18 20 19 5 22 8 20 17 3 32 22 15 10
10 11 4 8 13 3 12 10 5 10 5 9 3 12 14 1 16 9 11 5
44 28 29 36 27 28 20 39 33 23 32 28 14 35 35 9 44 35 34 13
59 46 49 41 52 34 38 30 33 26 28 48 24 39 36 15 47 33 37 24
50 42 42 41 48 30 40 34 32 16 31 43 15 42 35 12 52 38 23 12
14 7 10 12 8 11 5 8 8 10 4 13 6 3 8 2 17 12 15 1
22 24 17 19 22 21 19 10 10 13 4 25 12 17 20 10 26 20 11 13
33 28 17 33 23 20 16 21 13 4 18 17 12 17 20 2 29 11 21 4
56 48 48 46 35 35 25 28 33 19 16 44 33 30 29 20 52 36 40 14
31 11 17 14 19 15 11 12 12 11 11 26 6 12 16 1 28 13 22 4
53 49 37 54 36 33 35 48 43 21 38 44 27 36 46 13 64 33 44 9
74 64 60 62 63 56 60 31 43 30 35 62 42 57 59 37 60 54 48 38
21 15 16 21 13 18 13 8 12 11 6 17 14 9 15 12 24 20 16 1
51 43 45 50 40 41 41 14 21 26 18 51 35 25 32 24 46 34 37 19
57 23 34 27 43 26 25 25 22 8 33 30 13 28 28 5 47 16 28 3
49 43 33 32 20 28 29 43 32 21 29 37 7 23 28 1 50 30 31 6
49 44 33 51 26 40 39 33 15 10 32 39 25 21 37 11 44 33 30 7
65 49 41 40 47 40 35 28 26 16 28 44 15 35 42 16 53 30 36 12
31 26 18 24 30 23 23 16 13 3 15 34 13 22 25 7 39 24 26 6
26 17 12 15 9 7 9 11 5 5 4 13 4 2 2 1 19 4 4 1
50 54 29 56 36 44 44 36 31 30 25 55 23 39 49 13 56 44 41 23
54 59 38 65 44 54 50 43 27 24 41 61 47 44 66 29 71 57 68 23
8 1 7 5 2 3 1 1 4 2 1 5 1 1 1 1 7 2 3 1
68 55 60 49 50 44 48 51 48 40 39 56 27 49 34 16 57 53 49 10
17 12 9 11 12 7 8 6 6 7 1 11 2 2 4 1 23 4 5 1
12 10 6 9 10 5 7 1 1 1 1 14 4 2 6 1 13 7 8 1
60 42 43 45 59 42 39 29 32 2 44 45 26 53 52 20 52 42 48 17
36 30 27 36 24 26 29 14 12 15 15 30 22 21 26 8 34 24 26 12
54 36 26 45 39 32 32 34 22 20 32 40 20 38 39 3 44 33 43 14
48 33 30 44 39 35 25 29 24 11 29 25 16 37 35 18 33 29 37 10
44 44 39 61 37 44 38 39 35 33 30 52 32 47 51 25 54 55 57 17
24 24 25 25 18 14 15 15 22 19 3 25 8 20 13 11 27 25 21 7
43 31 20 39 33 31 26 15 9 7 17 34 16 21 23 5 29 17 27 7
82 56 47 58 51 51 47 54 42 36 50 66 23 44 45 9 79 43 48 13
36 28 21 25 27 26 25 9 8 12 9 34 13 17 25 12 33 24 25 7
44 27 25 26 17 26 13 35 36 13 30 24 9 17 37 6 44 19 34 9
53 18 38 25 29 28 19 19 25 9 25 29 14 22 30 15 34 25 35 1
28 17 12 16 12 11 8 14 13 12 10 21 5 7 12 1 29 7 13 1
53 42 37 42 38 26 31 30 27 15 30 34 22 29 25 10 52 20 22 9
32 29 28 38 19 19 18 27 29 22 10 31 19 26 27 12 43 32 34 3
21 13 8 15 9 9 2 16 17 9 6 12 10 9 14 1 28 15 19 1
72 61 47 62 62 59 53 48 40 26 47 64 21 50 62 24 68 47 59 26
31 20 8 18 11 17 10 19 10 3 16 19 1 7 21 1 25 6 21 1
48 39 21 38 37 23 24 33 16 4 35 25 19 32 34 1 40 18 30 10
10 4 1 10 10 7 6 4 1 1 9 4 5 7 12 1 5 1 14 3
64 57 41 63 46 47 46 46 28 21 47 47 38 39 50 18 63 31 45 26
62 51 55 39 44 40 44 38 44 42 19 58 23 41 45 25 61 50 45 24
32 24 17 32 23 24 20 16 18 11 12 24 21 17 23 6 36 21 23 5
29 16 16 13 21 8 14 7 12 9 9 23 8 11 15 1 27 5 16 6
57 44 32 53 47 51 35 26 27 1 44 42 36 34 45 21 52 31 37 17
45 33 32 33 34 29 31 19 14 11 15 29 19 19 27 15 47 29 22 4
47 43 37 48 31 31 33 17 15 15 15 42 31 23 27 14 47 27 33 5
29 32 20 27 23 31 25 27 23 22 15 32 15 21 32 13 41 28 22 17
37 39 26 39 19 21 20 26 15 7 15 27 24 16 18 11 38 22 25 4
33 23 20 25 23 21 23 6 8 3 17 25 26 18 25 7 25 15 32 10
27 18 18 24 22 13 21 9 5 7 9 18 9 17 16 4 16 15 22 2
33 29 13 25 24 16 20 18 6 1 13 21 10 14 13 1 30 13 5 1
10 11 4 7 10 1 7 3 4 1 1 10 3 8 5 1 12 5 1 1
6 6 3 6 8 1 3 5 6 6 2 4 1 5 4 1 14 3 4 1
50 42 41 40 50 36 26 30 38 13 33 38 36 42 43 17 63 32 38 20
10 9 7 14 7 4 4 10 10 5 5 5 10 10 6 1 16 8 11 1
41 22 23 33 21 22 20 21 10 7 20 26 11 17 24 3 29 18 25 1
13 12 2 7 13 9 6 6 2 2 7 12 1 9 14 1 18 4 9 4
64 50 49 43 51 39 41 40 47 44 26 60 25 43 47 20 67 43 41 30
22 15 13 13 15 2 10 10 7 2 9 12 1 11 5 1 15 6 6 1
7 13 4 11 13 5 10 5 3 6 4 8 3 12 10 1 15 7 3 6
16 17 6 20 16 8 13 10 3 1 9 8 7 12 11 1 14 2 8 4
28 25 24 26 29 20 18 21 28 9 23 23 25 31 33 18 33 25 35 6
46 41 35 48 34 37 33 20 20 16 18 30 25 30 36 23 39 32 34 10
49 52 47 57 40 39 37 46 36 40 28 49 33 38 37 30 60 38 41 26
13 12 11 17 6 9 7 6 4 3 1 7 3 4 1 3 4 9 6 1
25 21 19 12 22 14 16 8 16 17 4 24 3 13 18 6 34 13 4 9
25 19 14 24 15 15 15 8 6 4 4 17 14 5 7 3 22 11 12 2
46 32 28 36 36 27 20 41 34 24 32 41 14 38 47 5 59 31 39 17
27 21 12 18 22 20 16 11 9 7 12 24 10 17 26 6 28 15 19 9
45 20 34 29 34 23 13 30 33 9 29 18 18 29 31 11 38 22 32 5
16 4 3 7 8 4 2 5 1 1 5 6 1 4 7 1 13 1 6 1
48 29 21 37 35 31 28 21 10 3 27 31 17 23 33 9 39 18 29 4
46 35 34 37 39 28 37 15 13 9 29 40 24 24 18 1 37 21 20 12
21 17 11 16 24 17 18 4 11 6 11 21 14 18 22 6 27 12 15 9
25 27 25 34 25 16 23 19 14 8 12 16 12 25 11 8 12 24 14 4
17 8 8 8 13 6 4 3 11 2 7 9 3 9 13 4 15 4 12 2
35 22 11 20 18 21 12 16 9 6 14 24 10 13 28 6 34 13 25 5
72 68 52 65 45 52 50 53 54 31 33 66 23 47 61 21 80 57 57 25
80 57 52 58 53 49 41 57 50 27 48 61 33 53 58 9 86 53 49 21
11 5 3 6 5 4 2 1 1 1 1 8 5 2 3 1 10 4 12 1
16 11 5 16 4 10 6 9 1 1 6 8 6 3 9 1 10 4 10 1
37 39 33 36 30 16 29 35 29 23 19 36 18 29 22 5 52 29 26 4
19 18 8 13 14 11 10 10 4 1 5 16 4 13 13 1 20 12 11 2
53 37 36 45 49 30 32 37 34 19 35 36 20 44 40 15 56 36 38 15
28 16 13 24 18 15 8 25 19 12 17 15 13 17 27 1 30 16 27 6
77 56 53 61 45 53 37 44 43 34 34 63 30 40 51 27 77 48 46 15
74 53 48 53 51 52 46 38 34 24 40 60 36 42 55 21 75 48 47 16
51 37 31 32 46 33 34 18 24 12 30 35 21 35 37 12 51 26 27 18
58 44 38 51 58 54 39 48 44 22 50 53 24 56 68 30 68 49 55 25
28 11 18 10 8 11 3 20 22 13 12 19 9 9 14 1 30 16 26 1
18 10 9 6 7 5 6 1 5 7 1 19 4 3 7 1 23 7 9 1
58 44 43 49 36 31 35 36 26 17 27 42 32 32 34 13 58 32 40 7
7 7 8 7 11 4 7 1 4 1 4 8 1 7 8 1 7 5 7 3
29 29 26 30 40 27 28 21 25 12 22 29 20 40 39 17 39 30 26 16
61 50 36 60 28 42 35 65 50 24 48 55 23 45 57 8 71 51 63 17
20 12 8 15 12 3 7 6 2 1 4 7 1 3 4 1 12 1 5 1
23 26 18 27 25 17 19 17 15 10 14 27 21 27 26 9 36 24 29 7
62 51 45 55 42 47 35 54 48 23 40 44 14 44 54 27 61 47 56 13
34 24 22 35 28 21 24 27 17 8 26 25 20 28 22 1 31 26 22 5
29 15 21 22 18 8 13 23 18 14 15 18 7 18 16 1 26 16 20 1
68 48 49 47 59 53 46 33 34 23 38 56 31 45 51 25 71 36 36 23
15 14 10 18 8 5 8 16 7 8 8 5 4 7 6 1 13 9 8 1
20 21 8 20 15 11 14 11 5 2 7 15 10 13 17 2 19 13 13 3
11 6 5 5 9 1 4 4 4 5 1 6 1 5 3 1 13 1 8 1
45 45 43 42 45 35 42 32 29 26 27 44 29 43 35 19 46 42 22 21
38 32 23 43 14 24 16 41 35 22 26 26 24 32 35 7 48 34 36 12
15 13 5 12 20 10 14 3 5 7 10 16 7 16 19 1 19 5 11 9
49 46 37 40 37 30 33 29 25 19 24 38 22 34 28 3 49 28 30 14
61 53 56 49 56 42 48 47 45 26 41 53 31 57 50 21 59 48 46 26
19 12 2 14 24 10 17 4 1 1 12 18 7 14 16 1 17 2 13 2
16 10 10 15 8 7 8 8 1 1 6 8 7 6 5 1 8 8 14 1
65 58 52 63 37 45 43 38 34 28 25 54 23 32 37 29 54 42 44 17
61 42 37 42 31 32 32 35 26 32 22 50 30 23 41 15 62 34 47 17
37 27 25 20 25 20 19 11 17 16 8 27 1 17 20 8 34 15 10 5
62 56 50 51 57 44 47 31 41 31 25 55 33 50 48 24 62 43 40 29
59 52 37 62 25 39 28 55 41 21 41 44 35 38 51 9 61 45 55 20
52 30 25 41 40 37 29 32 21 10 40 34 16 32 39 6 46 26 33 8
45 29 25 21 36 28 24 14 23 19 15 38 15 23 30 11 48 18 17 13
41 19 17 20 14 19 3 28 31 13 20 24 9 14 32 4 46 18 33 1
45 41 29 35 37 29 33 26 24 21 18 34 1 28 31 12 44 26 16 9
25 17 12 23 12 15 11 12 10 5 11 13 16 14 17 1 23 12 22 5
39 40 37 40 31 26 34 23 25 21 16 42 29 27 30 14 51 33 32 6
5 13 8 16 8 3 5 10 10 1 5 4 9 13 8 4 12 9 10 1
86 64 65 57 57 60 52 60 52 26 55 62 33 57 64 31 84 60 60 18
10 9 2 15 11 10 10 3 3 3 8 9 14 11 11 1 9 9 15 5
69 56 56 48 57 44 52 36 37 36 24 55 26 43 39 24 59 41 31 27
49 41 37 35 28 24 28 30 24 20 23 31 20 20 15 10 46 17 15 12
7 7 2 7 4 2 1 3 3 1 1 2 1 3 5 1 7 1 5 1
31 21 26 18 20 20 23 11 18 19 3 30 14 16 21 9 35 23 15 9
35 24 25 26 26 14 23 20 16 12 18 28 11 18 12 1 38 15 13 1
72 66 60 62 58 48 43 54 47 14 46 50 42 52 52 21 72 51 48 15
60 41 37 38 44 39 20 40 46 25 32 48 25 42 54 15 72 38 41 20
26 30 21 28 29 15 23 17 9 8 10 20 8 29 18 7 25 23 17 5
64 53 49 49 54 39 43 33 30 22 40 53 44 43 44 17 61 37 44 32
23 31 19 28 22 14 23 19 15 9 8 23 24 21 17 9 35 23 17 6
26 19 15 19 21 9 13 16 15 7 12 16 15 17 19 1 28 13 22 6
42 30 30 25 39 25 21 27 28 17 27 33 19 37 41 13 43 25 32 21
52 47 33 50 36 39 36 28 16 9 19 45 20 32 39 18 48 37 42 4
19 10 4 10 1 7 1 10 5 5 4 7 1 1 5 1 18 1 6 1
74 58 62 60 55 43 42 54 45 23 38 52 22 49 36 20 63 48 45 15
12 4 8 7 7 7 5 4 7 8 6 12 8 5 8 1 12 7 13 1
50 50 40 50 35 41 39 23 26 22 27 52 33 33 43 18 58 40 43 10
19 12 11 14 12 10 7 13 8 10 4 9 3 8 8 4 20 9 12 1
39 34 37 38 21 25 21 27 30 24 7 32 19 24 23 19 42 34 34 7
82 57 61 62 73 52 51 44 43 22 54 59 37 59 52 19 70 47 50 22
19 19 8 19 9 7 6 13 8 1 1 9 11 7 2 1 21 9 7 1
73 75 60 67 49 58 60 49 43 35 31 66 23 47 50 33 67 59 44 28
68 58 37 54 51 53 53 38 29 10 44 59 26 43 56 11 63 42 36 16
16 14 5 19 11 12 5 12 6 4 12 11 10 11 14 1 18 8 14 1
40 33 16 33 26 27 23 28 27 7 25 26 11 20 32 3 47 17 24 5
71 53 44 64 44 55 51 39 21 9 47 53 25 39 54 18 50 43 59 13
19 24 9 24 23 15 14 17 12 5 16 19 15 25 25 5 31 15 19 8
53 56 39 48 46 44 51 32 20 23 26 50 36 34 39 19 60 40 23 21
36 24 20 26 29 17 24 14 6 3 17 24 12 21 22 3 25 15 25 5
45 33 29 32 24 23 27 10 8 9 12 35 20 10 18 9 37 15 22 6
32 21 15 24 10 20 11 21 15 12 12 21 18 12 29 8 35 22 32 1
37 26 15 35 27 29 25 32 24 21 31 41 8 28 44 1 51 26 37 14
29 18 20 25 16 10 14 19 9 8 13 8 4 13 11 3 18 8 11 1
34 11 18 12 25 16 15 9 21 10 18 24 13 20 27 7 28 12 25 8
57 40 50 38 29 31 29 28 27 23 23 40 21 27 26 14 41 36 42 7
22 22 14 17 17 6 12 17 16 11 7 12 4 15 14 2 29 14 6 5
38 22 23 24 26 26 14 22 28 9 23 24 14 24 28 12 39 20 19 4
50 29 34 35 42 24 30 29 25 18 26 32 9 35 35 11 35 29 38 8
58 64 46 71 50 48 52 40 28 12 42 46 38 45 37 17 55 43 33 23
54 46 35 41 36 30 38 35 26 24 29 42 11 28 22 5 48 28 24 4
8 14 9 12 13 4 8 6 8 8 1 9 1 11 5 1 18 13 2 1
58 29 39 33 43 31 24 43 48 18 38 37 20 40 44 20 62 35 46 8
69 53 43 46 46 47 44 39 40 23 41 54 25 36 45 7 63 33 44 16
22 21 13 19 19 15 9 15 14 7 10 13 5 17 21 5 30 14 15 4
42 41 28 37 33 23 24 44 32 13 31 25 15 35 37 16 53 30 32 3
38 30 19 35 28 26 18 22 15 1 27 26 25 30 37 1 34 21 37 11
39 25 19 31 19 18 13 24 20 1 20 15 11 17 23 5 32 12 23 1
50 41 40 47 41 23 27 42 40 18 33 39 28 46 41 9 55 42 43 10
13 6 9 11 7 4 6 4 5 4 2 4 2 2 4 2 7 4 7 1
48 43 36 45 46 37 29 29 30 19 31 40 27 35 37 21 58 29 30 9
81 58 67 48 67 52 48 45 53 30 42 60 32 57 54 26 70 54 43 27
16 9 8 9 20 8 9 7 12 8 8 11 4 12 15 5 23 10 9 2
29 18 14 20 18 11 15 6 2 1 3 14 7 5 5 1 17 7 10 1
66 48 36 57 43 42 40 47 30 19 36 45 18 37 51 16 54 42 53 9
19 11 9 19 15 17 8 11 6 4 16 15 9 11 18 1 17 7 16 4
30 8 17 16 9 14 9 8 16 8 9 16 8 5 15 2 22 10 18 1
67 49 50 59 46 51 50 24 32 31 29 58 40 34 47 27 62 45 46 26
35 38 34 30 40 24 30 20 31 23 21 38 29 33 29 19 54 24 22 15
5 6 3 8 1 2 1 5 5 1 1 3 5 2 1 1 8 5 7 1
66 52 38 53 45 47 44 48 31 9 46 53 23 37 45 8 57 39 39 14
44 26 30 24 20 15 18 29 22 16 17 24 11 14 13 1 39 16 21 2
27 20 9 15 10 10 7 14 6 1 6 14 9 7 14 1 22 8 20 1
50 41 38 53 52 46 44 27 27 16 39 46 20 46 46 27 39 40 48 27
46 51 38 53 30 36 32 44 35 14 34 41 30 34 47 16 57 40 49 8
29 22 22 29 31 20 21 15 23 15 14 20 15 23 21 10 32 20 22 7
55 37 30 43 37 35 29 30 38 22 36 44 36 38 48 13 58 35 49 27
14 17 10 18 21 12 19 5 5 5 12 14 10 20 20 3 12 9 15 13
26 27 11 26 14 14 14 24 20 13 10 27 6 13 20 1 43 16 15 3
16 24 21 18 17 14 15 10 16 13 1 20 8 18 14 7 25 18 6 9
65 55 46 53 56 47 52 41 23 27 37 57 32 43 45 18 65 39 35 22
53 64 52 66 50 50 44 39 39 14 43 51 54 54 61 29 61 52 59 31
10 4 1 10 6 5 1 2 1 1 3 3 3 3 4 1 8 1 5 1
26 20 16 23 15 12 13 17 3 2 10 10 3 10 5 2 15 10 9 1
27 32 17 34 17 15 18 24 14 7 13 22 16 20 21 3 37 18 20 3
14 6 4 6 8 3 3 9 5 6 4 4 1 6 5 1 14 3 9 1
31 37 28 37 31 22 28 24 20 11 15 24 19 30 21 5 40 29 13 9
41 31 20 28 29 26 21 16 14 5 14 36 14 20 30 2 45 20 23 5
47 51 37 49 40 41 38 40 42 13 35 36 23 45 53 18 55 36 35 23
34 23 20 26 17 16 12 26 26 24 12 28 5 16 22 5 40 21 20 5
36 33 24 34 24 21 27 16 6 1 15 25 23 15 10 5 30 17 7 4
28 24 16 23 18 7 13 17 8 3 6 13 5 11 6 1 24 10 10 1
44 39 32 35 44 30 35 19 18 12 23 31 13 31 27 11 42 21 11 11
44 30 26 32 22 26 25 19 8 11 15 30 18 15 25 13 32 25 30 6
66 57 54 48 41 48 37 39 45 18 33 55 39 35 40 31 75 45 40 7
61 45 40 32 40 38 25 28 32 14 22 40 26 32 48 23 59 33 37 14
39 42 20 44 15 28 22 41 29 14 22 37 17 20 28 1 54 31 31 10
17 8 5 11 8 6 7 1 1 1 2 13 7 2 9 1 12 5 15 1
37 27 19 27 8 17 15 25 14 13 10 26 9 9 21 3 35 19 25 1
6 4 5 8 7 1 4 3 6 5 4 3 4 6 5 1 8 2 3 1
37 24 25 36 24 26 16 25 31 22 16 28 11 28 34 13 38 31 30 7
14 11 2 13 13 8 8 7 5 5 5 11 10 7 6 1 19 7 9 1
65 61 47 58 36 44 48 52 42 25 37 56 35 36 37 9 70 47 46 4
40 32 19 31 28 24 24 36 15 9 26 30 3 26 28 4 41 25 26 3
16 11 5 14 5 8 5 11 9 7 1 9 6 4 12 1 21 10 12 1
8 8 1 5 6 3 2 6 1 2 3 5 1 4 9 1 16 1 3 1
65 53 46 47 46 38 35 46 36 22 33 57 29 41 41 7 74 43 37 18
65 50 44 57 42 48 40 38 33 28 36 55 33 32 47 16 61 30 48 22
55 54 46 59 45 41 34 42 41 25 33 46 40 45 51 25 56 44 55 18
64 56 45 49 40 39 32 43 39 20 27 51 20 35 39 14 58 36 44 15
15 14 6 13 9 11 8 7 3 5 4 13 7 8 12 1 18 9 14 5
43 40 27 43 43 37 39 14 17 14 24 40 28 34 37 18 39 32 35 23
40 24 14 24 17 15 12 30 20 14 17 23 7 14 21 1 39 15 22 5
52 55 49 45 50 40 30 51 57 36 35 50 44 53 56 32 70 52 51 31
36 36 30 25 23 17 16 29 29 16 18 33 14 24 27 8 48 21 28 6
47 43 49 45 40 39 27 42 52 18 31 43 38 41 45 36 68 48 46 7
39 22 24 24 31 24 10 20 22 10 22 20 12 25 29 11 31 18 32 7
74 58 55 61 57 48 40 57 59 42 48 57 27 64 65 23 72 56 58 35
14 6 9 6 16 7 5 1 8 2 5 7 1 8 9 5 17 4 4 1
45 28 20 33 33 35 24 12 7 1 21 35 12 18 32 11 42 19 28 1
42 43 46 46 39 24 33 35 39 31 22 33 11 39 26 26 42 37 27 14
11 6 5 7 4 1 3 4 1 1 1 2 1 2 1 1 5 1 5 1
17 9 3 11 8 7 6 7 1 1 4 7 5 7 10 1 14 2 10 1
25 13 12 15 12 10 7 10 7 9 5 13 2 5 9 3 19 6 13 1
35 23 25 22 21 10 8 15 23 8 8 17 12 14 11 2 32 11 15 2
46 22 28 19 25 25 17 12 24 8 16 31 17 13 20 12 40 19 25 2
11 7 6 9 16 5 10 1 1 1 6 10 2 12 14 1 9 5 14 1
53 44 47 38 40 34 29 46 49 29 26 56 28 46 49 19 72 52 49 20
67 62 42 63 56 51 42 43 39 21 42 54 36 45 54 22 59 39 52 30
11 7 1 7 3 4 1 5 1 1 1 5 3 1 3 1 13 3 8 1
37 28 24 29 28 20 24 20 13 15 11 25 2 23 21 12 23 21 26 10
44 32 42 31 33 24 23 36 40 16 28 28 16 33 26 12 49 35 20 5
31 21 14 22 6 19 7 11 8 5 7 23 14 4 17 6 28 14 21 1
45 39 29 35 47 42 38 20 24 16 27 44 30 42 51 23 55 39 36 18
41 22 19 24 25 25 18 11 10 8 13 35 12 9 22 2 43 14 21 2
33 32 26 39 26 31 22 25 25 14 19 26 27 28 37 19 49 33 29 7
58 47 40 48 50 46 48 32 21 9 40 51 27 47 47 14 51 40 39 20
60 50 36 56 36 39 41 40 25 28 33 53 26 32 35 10 61 34 33 18
49 35 35 43 44 36 27 20 24 6 25 35 25 33 31 18 47 28 33 5
67 49 44 35 44 44 38 44 45 43 36 66 32 42 48 14 78 43 48 31
42 22 22 27 23 26 7 35 31 13 26 22 10 24 33 13 47 24 32 1
22 20 16 22 16 6 14 18 7 6 8 9 5 12 1 1 18 14 8 1
31 26 17 24 28 18 21 14 10 10 11 27 5 19 19 5 30 16 15 7
17 16 10 21 11 11 4 14 9 1 9 8 7 12 12 3 19 11 15 1
20 25 20 24 19 8 16 16 16 12 3 16 10 16 7 6 29 17 10 3
21 21 8 22 10 20 12 18 11 4 15 22 3 7 21 1 29 14 20 1
30 27 17 28 11 14 12 28 22 15 12 24 13 17 21 3 39 19 24 2
27 27 31 35 24 16 21 28 20 15 18 23 12 26 17 11 28 29 23 1
73 57 56 65 65 50 47 45 33 19 52 49 41 55 52 28 63 35 53 24
61 55 44 59 41 35 41 50 43 21 40 47 29 45 43 9 67 41 41 17
57 34 43 27 34 37 25 27 35 24 22 38 11 30 36 17 49 33 40 7
44 32 25 36 16 30 20 35 25 14 21 38 14 18 32 9 51 30 35 1
66 54 50 45 51 46 46 25 28 27 29 59 44 30 51 22 68 37 44 28
57 31 39 35 36 26 18 42 46 27 29 37 9 41 40 13 56 39 42 7
64 43 42 59 51 48 42 48 45 30 57 47 32 58 62 17 63 51 56 33
29 39 28 33 33 23 27 21 23 15 11 34 24 29 27 14 42 27 19 12
29 21 17 23 16 12 10 13 14 10 4 17 8 8 8 3 26 12 12 1
33 29 20 30 18 17 11 27 18 3 20 18 13 18 19 8 32 18 18 1
16 14 7 16 12 11 14 7 5 5 4 13 12 10 15 4 22 12 10 3
46 39 31 45 26 33 25 30 25 25 14 48 25 23 38 16 61 39 40 7
39 19 16 17 21 14 7 20 19 8 17 16 4 15 23 5 34 6 20 1
53 52 46 60 37 42 30 57 52 27 43 46 31 46 52 18 62 47 57 24
9 10 2 10 4 2 1 9 4 3 2 3 2 4 4 1 14 4 5 1
22 21 14 25 10 15 11 17 11 6 10 15 6 8 12 1 20 8 10 1
23 24 25 24 19 13 19 21 27 18 17 23 18 23 10 5 31 20 19 3
25 34 25 37 33 31 33 18 24 18 21 37 29 38 39 14 42 39 33 27
21 11 8 12 17 12 7 16 19 14 11 19 7 16 24 6 30 16 25 7
26 14 7 15 11 9 6 12 9 9 10 16 2 4 12 1 26 2 8 1
14 6 7 8 5 7 4 9 10 11 1 13 8 3 8 3 19 12 15 1
21 17 12 19 17 14 11 16 12 3 13 17 3 17 19 4 26 14 16 1
25 18 13 20 18 14 20 12 11 11 11 21 16 16 22 5 26 15 23 8
32 35 22 35 28 33 28 19 20 13 19 35 14 26 34 9 36 26 23 11
73 62 63 48 55 46 49 46 50 31 33 60 34 48 44 18 73 56 40 19
51 30 34 31 25 25 27 16 18 17 13 35 11 12 14 9 34 24 23 1
37 21 23 19 12 19 17 24 24 23 12 28 11 11 18 5 38 22 24 1
36 15 18 17 24 18 19 19 22 18 19 28 10 19 26 4 38 19 24 5
42 35 28 36 27 33 32 18 1 9 15 35 13 20 30 11 35 31 28 6
47 33 25 37 38 24 14 41 40 13 36 26 23 43 44 10 51 30 41 16
48 41 30 30 44 27 23 30 32 14 26 32 22 36 44 17 46 24 27 23
54 55 49 57 38 39 38 38 31 22 25 47 26 38 34 24 50 44 37 8
7 8 4 7 13 4 10 5 6 7 6 9 7 12 12 1 13 7 10 5
35 23 18 24 16 15 14 22 14 5 14 16 13 14 13 5 27 19 18 1
54 45 48 46 35 36 39 39 39 24 35 43 35 38 28 12 50 43 40 5
17 22 13 25 21 13 14 26 23 18 14 24 10 31 31 5 41 27 26 10
8 14 12 21 8 6 5 13 13 4 4 4 11 12 8 5 17 11 9 1
19 4 13 10 7 8 4 3 10 7 1 13 4 2 4 1 17 7 9 1
61 54 47 58 45 47 49 48 47 38 38 56 39 55 57 19 69 58 43 30
31 19 13 19 17 19 15 8 9 8 8 24 16 2 17 5 33 13 20 3
33 28 16 30 37 22 28 9 8 9 19 26 14 25 26 7 28 16 20 11
34 20 11 26 32 23 23 11 5 3 19 29 16 17 25 1 35 12 26 6
56 55 57 54 56 41 48 44 45 21 37 55 25 56 44 27 56 54 38 18
7 2 1 6 3 1 3 2 1 1 1 1 1 2 1 1 1 1 3 1
58 45 33 43 43 33 32 32 25 4 35 37 28 38 43 7 49 29 34 11
54 26 34 33 34 34 27 30 35 29 25 47 8 32 38 14 54 38 40 6
26 25 14 27 14 16 9 20 16 4 11 13 9 14 16 7 29 12 15 1
38 20 24 20 16 24 19 15 18 19 12 32 13 7 16 4 40 20 22 1
65 51 44 56 47 44 37 32 25 15 36 53 40 37 44 13 63 31 43 19
16 13 9 15 5 9 4 10 10 4 3 9 11 8 8 2 17 11 16 1
10 12 7 13 6 4 6 7 4 1 1 3 1 4 5 1 8 3 2 1
43 23 25 29 25 27 22 11 16 10 21 25 21 19 31 14 32 18 29 7
30 28 20 26 34 16 28 19 9 6 19 24 9 24 18 1 31 19 9 6
30 12 15 18 22 14 11 17 16 9 12 14 4 15 18 7 29 15 18 1
15 11 1 9 10 7 5 6 4 5 5 11 5 5 9 1 16 4 11 1
67 54 55 43 51 46 47 51 50 41 38 51 25 47 40 17 69 46 31 18
21 17 12 7 16 8 12 7 10 13 2 18 2 12 12 4 26 8 9 8
25 16 9 19 1 17 7 14 10 1 12 19 2 1 15 1 21 8 18 1
14 2 2 4 5 2 1 5 1 2 3 5 1 1 4 1 11 1 8 1
41 27 20 31 19 24 17 27 5 1 22 23 7 17 24 4 28 19 30 1
35 20 25 25 21 24 22 21 24 24 18 31 16 18 19 4 32 25 31 9
35 29 23 30 19 28 21 10 7 10 9 32 16 7 15 9 35 15 18 4
67 43 51 39 60 37 40 39 39 23 41 47 18 45 47 16 69 36 34 15
37 36 28 36 41 28 28 35 27 6 34 32 25 44 42 14 43 32 43 18
30 27 22 18 26 14 19 20 18 11 12 17 11 25 25 7 30 13 14 13
82 67 55 66 70 66 57 50 47 18 56 63 26 58 70 28 77 48 57 23
28 20 7 18 16 9 11 12 1 1 9 12 2 5 9 1 20 1 9 1
19 14 14 19 15 6 12 11 8 11 3 8 1 10 6 4 12 12 12 1
32 25 21 31 19 20 17 24 18 7 16 26 23 20 25 14 33 27 35 1
12 12 3 10 9 3 6 11 4 5 4 5 1 6 9 1 16 4 7 1
40 38 31 34 38 30 33 22 25 28 14 40 18 30 30 15 45 28 15 17
43 28 19 29 28 26 23 22 15 9 21 38 5 21 30 2 40 20 27 3
29 33 19 29 22 19 22 20 18 12 15 25 14 25 24 4 35 15 16 12
31 17 9 22 13 16 13 19 14 10 17 16 8 10 22 1 26 5 19 6
31 17 5 14 22 19 10 8 4 2 14 22 8 6 16 1 33 3 13 2
45 31 22 31 30 23 19 28 17 4 24 21 12 21 18 5 41 18 18 2
24 24 23 31 23 19 18 14 21 11 18 25 23 25 24 6 33 23 27 12
41 33 26 31 27 20 24 18 12 8 10 26 8 21 23 9 26 18 26 5
7 12 3 11 8 5 7 4 1 1 1 6 1 6 5 1 11 5 1 1
21 8 7 12 17 11 5 7 9 4 11 13 4 8 14 4 19 7 13 1
50 52 36 54 38 37 39 24 21 13 25 43 37 32 41 16 56 33 36 13
46 31 30 23 23 26 22 23 22 12 20 29 6 21 20 4 41 24 19 1
10 6 3 6 7 2 3 3 5 2 3 3 1 4 8 1 10 1 4 1
57 37 45 35 49 38 41 34 37 34 32 40 9 43 35 13 48 38 37 10
6 5 2 7 4 3 1 2 2 2 1 4 2 2 5 1 10 1 7 1
24 18 19 23 17 14 15 12 16 9 10 21 14 11 10 1 26 11 13 3
69 38 50 44 44 43 34 39 38 20 42 39 23 41 37 11 51 39 49 4
47 33 32 31 34 30 28 17 13 10 19 30 11 27 32 15 38 29 31 4
22 18 12 22 11 10 10 17 3 1 13 9 3 9 7 1 13 8 4 1
52 37 30 44 24 34 28 38 26 11 31 42 10 22 35 3 52 30 34 6
58 46 41 44 43 43 44 40 37 27 34 50 11 37 46 11 60 39 26 15
55 34 32 38 33 40 23 39 29 8 38 33 21 28 38 11 50 32 32 5
23 15 10 15 22 15 15 20 14 11 14 24 1 22 27 3 34 19 23 4
51 48 28 42 28 32 30 39 17 21 18 44 26 21 43 14 61 36 45 11
57 48 42 54 44 46 35 41 44 26 42 52 40 38 50 25 73 37 46 15
77 46 45 44 44 55 42 39 37 22 44 61 27 29 42 20 72 35 49 12
75 63 52 66 48 59 59 61 45 23 53 69 28 51 64 11 77 59 57 19
12 10 5 8 12 3 8 1 1 2 1 10 1 5 6 1 12 4 4 1
36 28 25 27 19 13 22 16 11 2 10 22 17 16 11 3 28 18 17 1
46 33 20 39 19 35 24 26 13 6 24 37 16 15 35 11 41 26 39 1
17 10 7 9 3 2 2 12 13 12 1 11 1 1 3 1 23 6 4 1
52 45 37 41 43 38 42 31 29 21 35 46 27 39 37 10 54 38 27 22
29 27 10 25 25 14 18 17 8 5 14 19 5 14 21 1 32 10 8 2
62 47 34 47 37 41 33 48 44 31 46 56 30 44 50 5 69 43 58 20
17 8 4 13 5 9 5 3 1 1 3 9 6 2 9 1 11 4 15 1
25 26 21 31 4 19 12 25 18 20 1 24 23 11 22 14 40 32 30 7
28 22 17 18 23 11 17 26 15 14 17 21 6 23 25 1 30 21 26 7
7 7 6 5 12 2 8 1 4 4 4 11 2 10 11 1 11 4 8 4
50 40 35 34 31 33 33 31 26 26 23 43 15 26 32 9 54 36 29 8
40 36 16 45 19 26 26 41 25 19 30 32 18 28 29 1 43 29 29 13
44 34 29 36 37 23 24 23 27 14 18 22 14 30 30 13 34 18 26 11
63 49 53 53 46 41 46 41 42 21 48 45 35 48 35 13 48 42 44 21
43 37 27 26 21 33 27 31 29 20 17 39 15 21 38 11 53 30 30 13
8 4 1 3 6 3 2 3 3 4 1 7 2 4 2 1 15 4 5 1
44 27 14 21 23 29 19 10 11 5 15 36 12 11 31 7 45 14 26 1
32 14 23 22 31 21 16 16 28 18 23 24 13 25 31 12 34 20 25 8
53 27 38 32 40 33 25 38 40 14 37 37 18 37 40 20 52 38 37 1
51 36 30 38 32 25 24 38 36 23 31 36 17 34 29 3 57 29 31 9
28 23 20 21 21 7 11 21 21 9 13 14 13 22 18 1 32 11 17 8
52 52 44 58 40 46 38 45 39 36 30 54 22 42 49 33 61 52 56 18
33 22 13 16 16 13 11 24 20 14 15 24 5 13 26 1 38 11 24 5
58 49 43 49 41 46 31 43 46 17 43 48 33 44 63 22 73 43 57 10
66 67 54 63 40 46 39 42 40 21 31 59 38 37 50 22 71 46 52 13
35 26 21 33 31 20 24 19 25 21 19 34 21 23 26 1 43 20 25 16
8 6 8 11 3 6 3 4 7 3 1 6 8 3 3 1 9 9 8 1
36 38 33 37 32 32 28 31 33 31 20 43 18 36 36 14 49 38 36 13
34 36 29 32 29 28 26 22 22 20 6 38 16 30 32 17 44 39 37 9
29 32 28 29 25 14 23 24 22 14 15 23 17 31 23 8 33 23 22 10
58 46 43 53 39 46 45 23 9 28 21 46 37 22 35 29 46 28 39 22
15 9 11 11 4 1 1 9 11 1 1 4 4 7 1 1 13 3 8 1
56 41 38 28 36 39 25 24 30 19 20 41 26 29 49 23 59 32 36 18
23 19 12 28 13 15 16 16 2 2 14 11 4 10 12 1 14 8 9 1
14 6 7 2 11 4 2 2 13 4 5 8 1 9 12 3 19 5 6 1
62 56 43 63 47 54 45 53 47 9 53 56 32 47 61 26 70 49 59 17
48 40 27 31 24 22 19 40 33 20 19 36 16 24 30 1 55 27 29 10
28 27 14 27 27 27 25 12 8 6 18 29 21 27 34 7 30 23 32 14
26 14 16 20 17 12 10 14 14 9 10 18 11 15 17 1 27 15 22 1
20 14 1 16 12 12 4 10 4 1 11 14 7 8 16 1 22 5 13 1
21 15 10 16 23 9 17 7 3 5 11 17 8 13 14 1 18 6 15 4
21 20 11 21 11 7 11 16 5 5 7 7 4 7 4 1 18 7 3 1
41 25 19 25 25 26 16 17 16 11 14 26 11 12 24 10 39 17 23 1
20 10 5 8 9 6 4 3 3 1 1 12 4 1 5 1 14 1 11 1
39 27 17 28 34 21 27 30 11 10 23 30 8 26 25 5 39 22 27 1
19 6 8 11 9 5 4 5 9 6 5 8 4 5 8 1 16 1 7 1
21 13 8 18 9 8 5 14 9 8 7 12 2 3 11 1 22 7 10 1
14 8 2 11 3 7 1 7 1 3 3 6 4 1 5 1 12 3 11 1
18 6 6 5 9 2 4 5 3 2 4 10 1 6 7 1 13 1 10 1
20 14 9 9 18 2 6 10 8 1 8 11 2 13 14 1 21 5 15 1
18 17 2 17 5 10 2 14 11 1 9 9 3 4 13 1 23 5 10 1
27 17 10 21 22 21 17 9 8 7 17 22 18 18 27 3 27 15 25 9
37 24 14 22 18 25 14 23 20 1 23 19 4 12 27 10 35 13 20 1
16 6 8 7 5 8 1 6 8 9 4 12 6 3 6 1 16 5 10 1
35 39 30 33 39 28 32 17 25 23 9 36 21 28 24 14 43 31 18 17
71 63 52 59 60 58 47 50 53 21 47 56 36 51 63 22 81 48 49 28
50 44 33 48 30 34 32 42 34 17 34 47 23 26 36 6 61 30 37 9
72 50 51 59 44 55 51 38 28 13 51 58 35 43 47 15 57 46 49 19
27 24 19 22 25 20 22 11 14 17 4 29 12 15 15 9 30 22 19 8
38 26 29 34 23 17 16 27 30 12 16 20 20 26 28 8 43 25 33 3
52 46 39 40 46 27 31 42 37 18 31 41 29 42 36 6 55 36 31 18
2 6 2 9 1 1 1 4 1 1 1 1 1 2 1 1 4 1 1 1
34 25 7 31 25 23 22 22 3 1 28 22 7 19 27 1 25 10 22 5
41 33 29 40 26 30 31 12 14 10 20 34 31 24 35 14 33 27 38 16
42 35 30 34 42 35 33 24 20 15 27 31 19 36 40 18 41 29 22 17
24 10 15 15 16 6 13 11 14 11 12 12 5 12 12 1 21 5 7 2
65 51 41 59 49 52 36 48 45 8 51 49 26 44 55 20 69 39 50 17
23 7 9 6 6 4 1 8 11 3 2 8 2 3 7 1 16 1 11 1
69 67 49 55 51 57 57 42 44 37 38 67 44 42 47 16 78 47 41 21
16 3 2 3 10 3 1 3 5 1 6 4 1 5 11 1 8 1 11 1
36 23 14 25 17 16 14 25 9 8 18 18 9 13 22 3 29 13 24 1
49 45 29 39 35 34 33 37 35 13 32 35 19 34 50 11 49 27 34 19
16 11 10 17 15 9 10 6 9 7 9 13 11 12 11 1 15 6 14 6
70 63 65 64 57 52 43 52 47 29 34 49 41 56 60 36 72 64 59 21
25 16 4 12 13 11 8 12 7 7 7 16 7 5 14 1 26 8 14 1
30 16 15 21 29 19 17 9 13 4 18 14 9 21 24 9 22 9 21 7
6 2 1 5 4 4 1 2 1 3 2 6 4 2 4 1 8 4 10 1
20 15 15 26 16 17 12 16 12 8 12 17 15 16 15 5 24 21 19 1
28 11 16 12 12 6 10 3 6 6 3 16 2 1 3 1 16 1 8 1
20 13 8 8 8 8 8 4 5 1 1 13 7 6 13 2 19 9 16 1
47 34 39 31 29 27 32 29 27 26 16 35 4 23 9 9 35 30 15 5
34 35 19 28 20 28 26 17 12 6 11 33 9 11 23 4 37 19 15 7
57 59 57 49 49 31 36 46 43 24 33 47 34 46 31 17 65 40 32 24
72 56 51 63 58 50 53 26 23 14 43 54 42 44 44 23 52 39 52 26
37 25 21 25 17 17 21 17 15 16 4 30 14 11 26 8 40 24 29 5
67 43 48 46 34 43 31 46 38 22 39 45 26 36 43 23 65 44 50 1
32 22 15 28 24 20 19 22 21 15 27 29 23 31 37 3 34 24 42 18
35 32 10 31 33 27 21 17 15 5 25 28 18 26 34 6 40 14 22 10
68 40 38 47 32 40 34 41 27 17 32 48 17 25 44 9 60 38 42 1
32 20 11 23 20 16 14 22 5 6 19 20 4 14 17 1 28 11 15 1
19 15 16 10 18 10 10 11 14 8 6 14 9 15 18 1 23 15 19 7
16 3 12 11 5 4 5 6 10 8 4 9 5 5 5 1 11 3 10 1
46 32 24 42 37 34 29 22 14 2 33 34 19 29 36 8 37 22 35 13
14 9 7 16 7 11 5 14 9 10 5 10 7 7 12 1 20 12 15 1
70 51 53 56 48 44 34 52 48 14 44 48 15 47 52 27 64 43 52 2
12 15 11 13 9 10 11 5 4 4 1 14 9 8 10 2 16 15 13 3
52 43 40 37 38 39 36 23 27 24 27 45 22 36 39 11 44 33 40 18
36 24 18 31 28 18 21 30 17 10 23 27 11 29 23 1 35 25 30 3
67 58 47 56 65 51 53 38 39 24 41 55 41 56 59 23 69 49 47 33
21 15 15 18 11 14 11 7 9 12 1 19 8 4 3 5 22 14 12 1
54 57 56 47 42 36 47 43 45 39 18 56 38 40 40 27 69 54 38 18
58 33 42 35 49 29 22 32 33 3 38 32 19 40 36 11 42 29 32 4
14 12 7 12 8 11 7 4 2 1 1 12 5 6 9 1 15 8 10 2
21 14 7 16 24 19 18 8 5 5 14 23 9 20 26 1 26 14 19 6
54 25 29 26 22 29 19 31 24 17 27 34 6 16 23 1 42 19 32 1
14 10 5 14 8 7 6 10 7 6 8 5 6 8 10 1 15 5 9 1
42 34 30 26 32 29 27 8 17 16 7 37 15 16 20 11 43 19 11 12
47 62 41 57 39 46 46 40 36 28 24 54 26 38 46 26 62 50 43 16
33 32 21 35 32 26 23 27 19 18 13 35 14 29 26 10 43 32 30 6
60 55 48 56 52 47 48 48 40 32 36 54 28 51 47 17 64 50 33 19
57 43 38 45 32 40 34 39 32 20 30 42 21 32 46 14 60 41 37 10
12 4 7 7 6 6 1 3 6 6 1 9 6 4 1 1 13 5 6 1
37 25 10 23 21 23 18 14 9 1 15 29 5 9 26 1 33 12 23 1
48 45 41 48 43 41 43 18 19 21 26 43 33 40 46 25 39 40 51 27
33 26 25 22 33 26 17 21 28 9 19 30 12 34 34 15 47 29 28 6
65 48 48 50 39 36 36 29 23 19 24 44 29 25 28 12 53 34 36 7
71 62 48 57 49 52 47 42 37 9 42 50 32 47 59 20 66 45 46 15
14 8 7 12 3 5 1 10 7 2 3 5 7 5 5 1 11 7 15 1
33 26 14 28 14 20 14 26 13 10 15 20 2 11 21 3 28 15 26 1
58 40 31 36 38 35 25 33 31 13 35 36 16 21 41 12 59 19 34 11
9 7 3 8 7 3 2 8 5 6 5 5 2 5 6 1 11 5 7 1
56 31 33 32 33 38 20 40 44 31 33 48 16 36 47 15 66 41 43 15
81 60 52 66 61 60 50 54 47 16 55 56 25 53 59 26 64 48 55 13
14 21 11 19 17 3 15 14 5 3 10 10 6 19 10 1 17 13 7 3
28 21 16 23 24 11 19 5 8 5 14 21 14 14 13 1 22 4 13 7
52 41 35 44 47 43 42 29 27 30 31 58 27 34 44 11 66 35 35 21
42 29 22 37 31 25 25 32 15 10 24 31 11 24 24 3 41 27 26 1
69 57 44 56 41 49 45 56 54 35 49 58 30 55 57 7 77 54 47 27
7 11 2 4 15 3 10 1 1 3 1 10 1 11 9 1 14 5 3 5
55 40 30 53 33 34 26 49 32 20 42 42 26 41 50 4 54 36 52 17
65 60 51 67 44 48 51 36 27 34 23 60 36 37 47 23 62 51 47 22
8 10 1 8 4 2 2 10 5 5 1 2 2 5 3 1 14 5 7 1
6 6 1 4 5 1 1 1 1 1 1 4 1 2 1 1 8 1 2 1
18 13 9 16 5 7 4 16 13 8 6 6 7 8 10 1 17 8 13 1
65 60 52 60 48 47 48 38 25 23 45 57 44 42 36 17 63 35 41 20
55 50 44 45 51 44 34 43 50 27 35 50 37 49 56 30 74 43 43 16
80 52 47 49 48 49 36 54 48 30 48 62 24 41 53 10 85 43 53 18
28 28 13 27 29 15 17 14 12 1 15 18 13 25 25 2 27 13 22 5
47 32 29 31 35 18 19 24 21 5 26 27 19 25 23 1 35 12 25 11
11 6 6 6 10 3 6 1 7 3 3 8 4 8 8 1 11 4 9 3
31 34 32 26 24 20 24 17 26 21 7 42 24 19 24 11 52 31 25 8
8 1 1 9 12 3 5 1 1 1 6 2 2 5 9 1 7 1 6 1
15 8 9 11 11 1 7 9 6 5 9 7 5 10 12 1 11 1 16 1
60 49 50 45 47 41 49 26 28 31 26 56 27 43 47 19 53 48 46 20
21 23 9 18 27 17 17 9 13 7 15 20 10 22 28 4 28 11 13 12
43 29 26 13 31 26 25 17 23 21 16 40 11 19 19 3 45 19 24 9
49 37 24 43 24 27 25 41 33 20 29 40 17 25 35 2 55 26 37 10
45 34 35 35 27 18 18 32 32 12 20 25 18 26 23 11 43 22 23 1
51 48 40 40 51 31 36 29 22 17 30 41 31 39 38 15 50 21 26 27
10 13 6 9 16 7 11 1 1 1 1 13 2 9 8 1 15 7 6 3
21 16 13 25 21 13 19 8 4 1 16 12 14 17 16 3 12 9 14 11
58 44 38 50 32 45 41 34 28 34 23 55 22 29 54 20 55 42 52 17
48 33 31 33 34 30 31 34 22 14 32 39 16 31 29 1 43 28 22 10
30 14 14 18 3 17 4 9 13 4 7 16 9 2 18 6 25 9 19 1
21 10 13 7 5 6 7 5 9 5 1 15 7 5 8 2 16 7 15 1
66 42 36 48 44 41 33 54 42 19 47 47 14 41 49 11 67 41 42 10
19 19 23 22 18 15 12 21 23 13 17 26 18 22 19 11 29 23 28 3
32 15 17 25 18 18 12 13 11 12 12 21 9 14 14 4 23 14 21 2
69 63 60 63 64 50 50 41 45 27 40 59 38 62 63 32 66 55 61 25
21 12 11 12 14 10 10 3 8 5 4 17 8 6 13 4 22 10 11 2
9 8 1 13 11 6 6 3 1 1 8 6 2 8 13 1 12 1 5 1
19 11 4 9 19 7 8 6 6 1 10 14 3 12 17 3 19 5 12 4
42 42 35 46 28 28 27 23 20 7 21 31 34 32 35 11 44 30 38 14
43 45 34 42 48 41 45 13 16 22 16 45 30 32 34 23 44 29 18 25
54 44 42 43 48 41 39 36 37 26 28 49 27 46 52 31 62 52 40 15
57 42 34 46 45 32 34 32 30 24 37 46 34 38 45 12 59 23 41 26
23 10 14 8 10 10 11 2 9 7 2 21 10 3 5 2 21 9 10 1
28 19 12 20 15 13 8 13 12 8 9 22 10 11 16 1 32 11 14 1
35 45 34 36 40 19 27 33 30 14 25 31 28 41 34 12 46 28 33 15
23 21 11 31 18 21 18 18 7 12 17 17 12 15 20 5 22 13 17 9
56 44 52 40 44 31 30 42 44 16 32 38 21 43 33 15 57 42 29 7
27 31 24 19 24 11 21 15 19 13 8 27 13 21 15 7 32 19 12 10
40 38 25 41 36 32 36 30 18 19 28 40 23 39 42 7 44 37 33 21
64 62 49 46 44 44 46 45 41 33 36 51 24 36 33 16 74 34 24 19
43 27 29 31 23 20 16 22 23 22 14 35 18 18 19 4 44 21 29 11
17 13 6 11 14 8 4 9 12 1 9 12 9 11 13 4 20 9 15 1
69 53 37 57 49 55 50 35 29 9 45 60 23 38 61 12 64 40 55 18
21 9 9 9 19 14 9 5 8 8 7 18 1 12 16 1 25 12 11 1
17 13 1 9 7 10 4 8 1 2 5 12 3 2 7 1 19 2 9 1
13 13 4 9 11 2 4 7 10 1 4 7 5 9 9 2 17 6 5 1
27 16 4 18 24 17 11 10 6 6 12 19 4 14 22 1 29 12 16 1
80 73 56 62 67 57 55 48 40 27 45 60 23 50 55 28 68 43 41 33
13 8 4 6 11 3 6 1 5 3 3 7 3 5 4 1 12 1 7 1
21 19 13 22 27 12 19 7 13 7 12 16 11 21 19 6 21 12 15 9
39 33 19 33 20 22 19 32 18 7 22 27 8 21 29 4 41 19 28 6
9 8 5 7 7 1 5 12 14 13 1 9 1 9 11 1 19 11 12 4
13 3 1 5 3 4 1 7 5 3 2 1 1 1 7 1 12 1 9 1
63 56 47 52 64 52 54 25 34 31 32 53 27 48 51 30 54 36 35 38
12 19 9 15 21 8 15 5 9 3 10 15 12 22 18 1 17 12 14 10
8 3 3 1 7 1 3 6 8 9 1 8 2 6 7 1 15 6 11 1
36 22 14 27 11 20 14 18 6 1 16 21 5 5 18 1 24 11 23 1
31 20 9 17 22 12 14 13 2 1 12 17 5 11 13 1 24 5 11 1
25 19 13 18 27 15 13 16 12 4 19 17 10 24 31 2 26 11 24 10
54 33 37 35 46 37 32 29 29 22 29 36 5 40 46 19 47 28 35 13
53 44 39 50 43 38 41 32 21 9 31 43 22 42 40 13 45 38 40 13
74 52 48 49 56 49 42 40 39 11 49 51 24 43 53 12 67 33 42 16
37 22 23 28 31 21 16 16 24 14 19 24 17 26 22 11 35 20 28 6
50 52 46 46 62 47 41 47 58 35 42 56 44 63 64 39 75 55 51 26
34 33 14 25 23 23 18 19 9 6 11 30 16 17 22 4 40 19 23 7
16 12 6 14 12 7 9 8 4 1 5 8 5 6 6 1 14 1 4 1
25 22 15 18 24 14 16 4 8 12 2 24 1 13 12 2 28 11 7 2
55 33 36 34 32 35 27 19 18 17 24 37 26 18 29 21 49 15 25 14
38 8 22 5 18 13 3 18 27 14 18 16 2 14 19 5 35 10 24 1
43 37 22 41 25 27 28 34 19 10 26 34 7 15 27 1 44 23 25 7
44 38 32 29 31 25 28 21 20 11 19 30 20 29 34 17 41 31 31 10
12 9 6 12 5 1 1 8 4 1 1 2 2 4 2 1 11 4 8 1
41 30 26 33 39 36 29 27 28 23 20 41 10 37 45 17 50 39 34 12
39 23 18 23 29 16 19 19 11 4 19 23 10 19 24 1 33 7 22 4
53 49 39 53 50 43 44 40 39 36 43 56 43 56 54 12 60 50 57 40
12 9 3 4 7 1 5 3 1 1 1 8 1 2 3 1 11 1 6 1
50 47 26 45 41 38 39 30 20 7 37 41 14 33 46 5 45 25 40 19
73 61 52 70 50 49 50 60 38 30 49 66 37 47 49 20 81 45 49 17
61 55 53 47 59 44 59 28 32 33 28 56 26 45 32 17 52 40 23 27
7 2 8 6 7 1 4 1 5 5 1 5 1 5 3 1 8 1 1 1
23 5 6 5 9 3 1 9 9 4 6 3 1 2 8 1 17 1 9 1
61 68 42 69 47 56 57 52 33 18 46 64 37 46 64 25 75 55 62 18
14 16 10 13 10 6 6 14 11 5 5 10 11 14 10 1 20 12 17 4
49 48 31 53 41 47 44 19 16 13 29 47 24 36 44 23 41 36 45 25
63 51 46 53 65 55 55 31 38 31 40 65 22 57 60 31 61 54 57 35
29 26 25 27 25 15 21 16 17 13 12 23 8 24 17 2 31 19 16 4
21 13 7 13 8 3 4 10 6 3 2 5 1 1 3 1 17 2 4 1
23 14 9 18 27 16 16 3 8 2 13 15 13 16 17 5 22 5 13 5
51 45 30 38 38 39 35 31 37 32 29 52 31 38 46 14 66 39 37 29
16 7 2 12 13 6 7 3 1 2 5 10 6 6 8 1 14 3 12 1
58 58 45 52 44 45 43 49 42 24 34 45 26 43 44 14 59 47 29 20
68 59 42 66 60 62 58 37 24 17 47 68 38 46 58 26 67 47 56 27
52 42 30 45 37 30 31 35 31 26 32 42 25 37 37 8 61 29 26 20
31 22 10 16 33 22 19 15 16 14 16 27 9 23 30 9 40 19 22 10
63 43 51 35 48 42 30 38 50 29 32 46 16 44 42 28 56 42 47 14
19 18 10 21 5 8 6 18 6 4 8 7 1 5 6 1 17 5 6 1
63 54 35 52 47 43 40 37 24 1 49 45 25 36 49 4 55 24 46 24
21 13 14 12 13 4 10 17 13 13 8 10 1 11 8 1 20 12 11 1
15 11 9 8 8 8 5 8 9 10 5 14 4 7 10 1 21 4 8 3
30 30 11 30 26 22 25 15 4 5 18 25 16 20 23 1 28 12 16 11
30 26 20 23 28 19 21 19 13 16 14 22 1 21 24 7 32 19 13 9
18 6 7 8 3 3 2 6 5 3 2 6 1 1 4 1 10 1 8 1
16 5 2 5 8 3 4 3 1 1 3 10 4 2 4 1 7 3 13 1
61 61 41 59 51 47 48 43 22 8 39 54 27 42 40 11 64 38 30 14
48 44 37 36 27 22 31 36 28 19 22 38 22 29 21 7 51 32 32 1
57 62 47 63 54 43 48 44 30 23 48 52 44 47 42 20 65 36 37 23
21 12 11 16 15 1 11 18 11 12 11 15 1 14 11 1 22 13 15 2
56 57 54 50 50 36 31 49 49 29 34 48 35 51 51 26 65 43 40 26
18 13 9 6 14 4 7 10 9 5 7 9 5 10 11 1 20 1 15 1
13 9 1 3 13 1 7 3 4 3 4 11 1 7 11 1 15 4 11 4
75 54 58 43 61 45 42 40 43 24 37 50 22 46 43 21 65 39 33 19
47 38 26 42 29 36 34 21 22 17 22 43 16 23 37 7 44 29 33 11
43 24 27 33 32 26 28 15 13 12 19 33 15 26 27 10 25 20 34 8
25 19 9 15 20 18 12 9 6 6 12 26 7 14 22 2 29 11 17 6
11 5 5 4 6 2 3 5 5 6 4 7 2 3 6 1 11 2 8 1
14 11 8 13 6 7 4 15 14 11 3 13 12 10 10 3 23 18 21 1
53 44 32 50 33 36 34 31 17 7 31 39 29 25 28 7 47 26 28 7
31 24 17 23 24 22 14 7 9 2 12 20 5 8 13 6 31 5 6 1
44 34 29 25 32 26 27 23 18 18 15 39 12 24 24 9 42 24 12 13
66 62 53 60 55 48 51 45 27 20 41 59 39 47 43 28 68 41 44 28
36 19 25 17 21 20 21 7 15 17 10 35 16 16 30 10 37 21 28 7
37 29 14 31 25 20 24 21 7 3 23 19 11 19 20 1 23 9 18 8
28 21 13 23 23 15 18 6 1 1 6 20 6 11 9 1 17 9 11 1
31 32 19 32 11 16 14 32 18 12 11 23 14 16 16 5 40 26 22 2
44 39 30 36 48 31 28 21 21 11 32 37 27 39 41 11 44 27 38 26
19 22 12 21 14 12 14 9 6 4 1 18 14 9 9 4 25 14 13 3
12 1 1 2 3 3 1 1 4 1 1 6 1 1 3 1 11 1 5 1
22 20 17 22 11 9 9 19 10 3 8 4 5 11 9 3 13 9 13 1
7 15 3 15 7 6 4 10 5 1 4 7 8 11 9 1 18 8 8 1
61 52 50 46 56 49 51 34 28 31 38 62 35 47 41 16 67 37 43 25
48 40 23 36 41 34 33 29 17 12 29 40 12 30 42 9 50 22 32 10
43 40 32 43 30 30 29 22 18 14 19 32 27 29 36 10 37 30 38 11
54 40 28 47 43 39 38 35 22 11 45 39 23 37 43 10 48 31 36 18
47 42 34 39 39 29 23 43 37 17 26 33 13 42 39 16 59 40 30 9
14 15 6 11 4 2 2 9 6 1 1 6 3 4 2 1 17 3 5 1
74 61 55 61 64 54 61 32 29 16 41 65 41 49 51 15 70 49 39 24
59 38 34 45 47 50 30 33 31 18 36 48 24 32 46 25 58 36 45 8
62 51 48 47 32 43 31 43 32 21 28 54 31 32 47 18 68 45 55 13
61 41 40 38 26 32 24 32 28 15 22 33 22 22 32 19 52 30 34 6
73 52 59 57 63 54 43 43 43 19 49 62 43 53 54 38 77 44 53 20
22 26 10 25 15 21 17 13 5 7 7 21 2 12 17 5 19 14 14 4
60 52 46 42 48 49 54 23 26 35 24 60 41 32 49 28 61 45 38 32
69 64 46 70 49 56 54 38 27 21 33 63 35 44 57 25 66 52 61 20
55 27 37 31 33 27 26 34 36 29 26 36 9 30 25 10 49 35 35 4
12 1 3 3 5 5 1 1 4 1 4 11 2 2 5 1 7 4 11 1
68 49 41 61 38 46 42 60 45 22 53 51 29 42 59 4 63 47 55 18
71 57 58 54 55 40 40 53 46 21 42 57 30 53 42 16 69 53 49 14
27 17 17 14 27 9 20 8 12 10 15 20 5 21 21 2 24 10 13 8
36 24 20 20 33 28 19 26 23 14 22 28 10 30 36 13 45 31 27 8
47 38 33 44 47 31 38 33 17 11 32 34 13 42 34 11 34 30 36 9
48 32 28 35 36 27 32 21 16 17 17 43 15 23 30 6 49 29 29 6
59 68 55 72 48 50 44 43 35 16 44 52 57 52 62 32 65 52 64 31
61 47 47 45 57 46 49 26 34 36 34 52 19 42 39 27 56 30 35 29
20 13 9 15 17 9 13 12 1 1 13 15 3 14 12 1 13 11 16 1
14 4 8 10 12 5 8 7 9 7 8 8 8 9 10 1 13 4 14 4
22 24 19 21 17 6 9 20 20 6 7 15 17 22 20 1 33 20 23 4
73 79 58 69 53 55 54 53 34 19 43 60 50 49 57 28 76 45 48 31
14 10 5 8 5 7 3 6 6 6 1 11 5 1 3 1 20 7 5 1
17 14 13 14 13 7 11 6 5 5 1 11 4 8 5 5 10 7 9 1
50 40 25 44 42 36 29 29 31 13 35 44 29 40 47 13 60 32 42 18
22 15 13 20 12 6 6 19 13 5 10 4 9 13 13 1 21 6 16 1
62 58 38 62 55 51 53 41 31 24 45 60 24 51 57 16 58 50 50 27
