1000 20 12 1496
7 15 15 11 4 10 2 13 12 7 12 1
3 7 4 13 6 8 5 1 8 4 5 2
8 0 1 4 2 6 2 1 1 3 5 3
7 0 6 5 5 3 13 5 5 7 2 2
4 1 2 3 6 13 6 0 0 6 11 7
7 7 9 14 1 11 0 0 4 7 21 10
5 2 5 0 3 2 5 2 4 2 1 7
5 2 1 3 7 9 6 7 0 9 11 13
2 1 17 5 1 7 7 7 14 12 5 1
2 2 15 9 0 4 5 24 23 1 5 12
0 11 10 5 3 7 16 1 5 2 10 1
7 6 12 7 2 2 18 4 27 0 4 3
3 6 19 12 2 12 1 13 4 8 16 18
12 3 1 2 1 7 11 1 3 1 1 10
6 9 10 4 4 12 1 2 3 7 7 15
4 1 0 7 4 2 10 1 1 1 5 7
3 0 8 7 12 1 10 7 10 10 20 5
5 0 2 9 2 1 4 12 19 0 3 4
10 6 8 5 7 7 8 3 2 7 4 5
3 13 7 5 2 11 15 7 2 7 8 13
2 7 0 3 0 0 5 7 8 4 4 0
6 5 6 9 0 6 3 6 6 11 4 16
13 0 15 8 21 1 1 9 12 8 8 1
4 6 9 6 5 1 3 6 11 9 6 13
0 3 3 7 2 3 8 1 2 9 3 1
1 5 1 2 1 9 5 4 0 6 6 0
7 0 13 6 0 3 7 9 11 3 9 12
14 12 2 5 18 6 8 3 9 4 4 22
1 2 0 1 0 4 2 1 1 1 8 8
7 5 24 4 4 8 0 5 11 19 12 7
9 18 6 13 0 2 5 4 24 9 10 2
1 10 8 2 16 0 5 13 4 4 11 3
1 3 0 5 6 3 1 1 8 1 3 3
1 17 3 1 6 11 2 2 2 13 12 8
5 9 5 4 5 18 7 13 3 7 4 10
9 5 7 14 9 1 3 6 11 1 3 10
11 0 0 1 4 6 2 1 1 5 6 6
4 10 4 5 13 7 1 6 2 10 4 2
3 17 1 0 5 13 5 1 2 4 2 6
3 3 12 4 23 3 1 5 6 15 4 5
0 2 0 7 16 11 14 7 0 7 19 2
0 4 6 0 4 15 12 13 7 5 15 8
8 9 4 6 5 16 9 3 5 11 1 4
5 1 0 2 7 0 0 8 2 2 6 4
1 5 7 1 10 9 5 3 4 6 8 6
1 1 7 16 18 5 3 4 1 1 9 12
23 16 3 8 2 2 2 6 3 2 2 9
1 4 2 6 1 4 4 5 2 8 6 3
2 3 2 3 1 1 2 0 6 7 5 2
20 3 6 10 2 1 7 3 17 2 8 2
4 2 8 0 2 4 0 2 3 8 3 6
11 6 13 11 8 1 4 4 6 3 2 0
5 6 3 1 3 9 0 4 7 5 4 8
4 3 12 4 21 4 1 6 1 4 6 4
1 1 2 3 4 0 1 7 9 14 1 1
0 5 7 6 19 7 1 4 6 4 3 10
15 20 2 2 0 16 7 0 4 8 11 5
2 3 1 18 3 18 12 5 7 6 5 10
6 5 3 0 12 3 5 8 1 3 0 4
2 7 10 5 22 1 16 3 0 2 2 7
13 4 4 13 5 11 1 4 12 1 7 1
2 6 4 16 8 3 3 6 7 3 8 2
9 13 8 1 5 16 0 4 14 2 5 17
4 0 5 2 3 4 2 9 11 1 6 8
8 6 3 1 5 11 10 1 0 6 1 6
2 3 1 7 2 3 1 2 6 2 3 1
11 5 5 2 19 4 14 13 1 5 8 17
4 3 3 3 11 2 6 7 4 2 1 2
3 6 6 5 8 3 2 6 2 3 5 0
6 4 5 11 7 7 5 1 1 5 14 18
3 5 11 6 1 5 1 13 7 10 13 7
2 4 9 3 10 0 5 6 1 7 2 3
4 4 6 0 7 2 7 13 30 3 4 9
1 5 5 4 5 10 7 13 8 14 7 3
3 1 4 14 2 3 10 13 7 4 11 8
1 5 1 3 3 0 6 3 3 13 14 17
5 9 17 1 6 10 5 5 5 7 2 3
4 17 27 2 2 12 8 5 5 8 2 9
1 0 7 1 10 4 21 13 17 16 8 5
2 14 4 4 8 9 8 7 8 9 6 8
5 8 2 1 8 10 2 3 4 9 0 6
7 16 10 9 1 8 3 9 2 5 9 13
9 2 9 0 4 10 2 7 2 9 2 5
4 1 5 2 0 7 5 7 2 1 3 1
3 8 1 1 18 2 10 1 1 8 3 5
5 2 2 9 2 15 7 10 8 14 8 11
15 4 2 15 8 6 17 1 9 7 1 11
3 13 2 8 18 9 7 3 12 10 7 19
1 3 5 8 4 5 5 4 7 7 7 4
1 7 2 5 3 7 4 2 0 1 8 13
2 3 4 11 16 5 4 13 2 1 9 9
4 1 1 0 5 2 1 5 1 5 0 1
9 18 2 21 11 0 2 7 16 10 2 1
3 13 2 12 9 15 18 3 13 7 9 6
2 1 9 9 10 6 1 5 3 17 16 5
5 4 5 13 3 0 0 6 0 1 6 2
3 2 10 7 8 5 6 16 2 3 0 3
12 11 11 10 8 19 3 7 11 2 7 18
11 4 12 5 3 5 2 2 5 2 1 3
5 1 22 7 9 3 3 1 12 7 8 2
2 13 0 8 17 0 6 1 3 11 1 8
5 1 4 7 12 12 1 4 9 5 9 7
1 3 1 2 6 6 6 1 5 2 4 6
2 3 5 2 1 3 0 2 3 5 1 5
8 0 5 3 6 13 12 7 1 4 8 3
1 4 10 2 8 4 3 5 1 6 9 4
8 24 5 2 9 8 2 5 8 3 0 2
4 5 0 0 6 7 0 7 5 14 6 2
6 1 3 7 0 4 1 4 1 4 0 2
6 8 7 6 0 5 3 1 2 2 0 3
8 13 2 4 1 6 4 2 9 7 11 4
2 4 12 1 5 4 5 0 7 7 14 10
3 4 4 6 5 0 6 1 2 1 0 3
11 16 4 15 2 9 12 7 13 9 8 15
3 7 3 7 3 5 3 6 8 11 2 5
6 14 14 7 5 22 14 2 6 0 0 10
1 2 6 6 3 0 3 0 2 2 3 1
3 5 17 12 6 1 1 3 0 3 7 3
3 5 1 2 3 1 3 1 2 1 5 6
15 9 7 16 10 10 1 11 0 1 10 4
2 3 17 13 9 8 3 23 1 9 9 14
11 3 5 1 2 7 4 1 4 1 7 2
1 2 7 1 0 0 9 0 1 5 3 1
1 2 2 5 1 5 2 8 1 3 4 7
6 17 0 5 25 13 3 4 6 8 12 2
6 5 6 2 8 3 13 8 5 8 1 12
19 10 0 3 17 4 12 4 3 1 2 3
13 7 13 1 13 7 12 5 3 11 15 6
14 2 2 5 5 6 0 4 5 1 6 5
3 10 6 9 3 14 7 9 8 2 1 8
13 13 2 8 1 9 14 2 4 12 7 2
1 5 2 3 6 3 4 4 3 1 4 6
15 22 8 5 7 10 13 1 1 15 1 1
1 1 1 4 0 4 3 3 1 6 3 2
7 4 1 4 4 2 5 4 4 18 2 9
6 10 3 1 1 8 2 3 10 1 5 7
8 7 3 6 0 4 0 3 10 1 8 11
2 3 0 10 4 1 4 5 5 2 4 4
5 7 5 0 2 0 1 0 1 1 2 2
1 0 4 4 6 0 6 5 8 5 0 1
3 3 7 2 2 3 4 3 6 5 5 0
4 2 1 2 8 5 2 2 3 1 2 2
12 1 1 1 4 13 10 3 20 16 16 5
4 5 3 2 6 4 1 3 5 6 0 3
0 0 0 2 1 2 6 1 1 7 3 1
2 4 6 4 0 5 6 1 0 7 5 9
3 28 3 14 1 14 11 7 3 10 1 4
1 4 5 2 6 3 5 8 4 3 1 3
4 17 5 8 10 8 0 0 2 9 0 3
2 1 14 6 10 12 1 6 11 5 16 3
17 1 1 6 0 5 8 13 18 5 2 7
4 4 1 4 5 4 3 3 0 0 4 2
19 22 2 4 1 16 2 3 7 6 12 9
5 8 6 3 7 3 9 1 0 0 9 2
5 14 3 7 5 12 0 1 1 5 7 7
9 1 5 1 5 7 2 2 2 6 4 5
0 5 17 10 2 13 18 7 6 22 8 3
1 24 7 12 6 2 6 3 3 5 18 13
1 8 3 6 3 0 2 21 11 14 1 5
10 12 12 4 1 12 4 3 2 7 8 10
1 4 5 3 5 2 5 1 2 4 3 3
1 2 6 5 6 2 2 2 2 2 4 6
2 8 13 12 2 2 1 12 8 6 0 4
1 2 1 4 4 2 1 5 3 8 8 0
1 4 0 5 4 8 5 4 0 2 2 1
3 3 20 7 17 5 7 10 3 16 1 10
9 9 9 3 4 1 1 4 3 3 0 5
5 3 0 8 0 6 6 7 0 8 2 4
2 1 5 5 8 10 1 1 1 4 1 8
1 10 5 9 13 13 27 8 4 8 2 7
1 4 0 3 1 5 9 11 6 1 2 5
0 3 4 7 6 8 9 6 2 5 3 9
7 2 3 7 1 2 3 2 4 2 0 9
11 5 2 7 1 11 7 9 6 4 5 4
17 9 1 1 9 11 8 9 13 3 3 7
4 2 1 6 7 4 10 2 0 6 11 6
0 4 4 6 1 7 6 5 14 1 13 4
3 11 9 8 7 4 1 12 6 7 7 14
1 4 5 10 20 7 10 4 6 2 0 2
2 4 1 4 7 7 7 9 1 5 9 1
1 22 9 2 6 2 2 7 9 16 9 3
1 5 4 20 8 12 8 1 6 1 3 18
6 12 6 10 15 7 2 3 17 1 1 14
4 1 0 5 5 2 4 2 1 3 7 9
1 4 3 0 9 6 2 1 3 3 3 4
4 1 5 20 12 3 6 1 7 16 1 6
2 6 3 3 1 6 0 0 5 7 3 0
8 10 11 6 1 0 3 7 1 11 3 8
14 0 10 6 3 5 7 4 5 4 2 3
1 5 2 3 3 4 5 2 2 2 1 2
15 3 3 1 3 7 21 3 0 5 3 2
6 1 1 5 8 3 6 9 8 12 4 4
5 10 3 2 18 4 3 1 11 3 5 5
13 9 0 4 4 6 1 3 7 11 9 9
10 2 14 4 5 19 1 0 5 2 11 20
1 1 6 11 12 8 10 16 10 11 8 1
5 1 4 7 1 7 5 6 0 0 2 3
5 20 15 9 1 8 3 11 12 19 7 0
10 6 1 3 3 2 2 1 1 4 7 4
7 14 6 1 9 3 4 3 6 3 4 9
8 7 0 13 2 1 9 2 7 1 8 10
1 10 4 6 3 0 10 4 0 1 5 13
6 12 2 16 3 6 16 12 3 1 4 1
18 16 4 0 5 13 2 3 14 1 14 6
2 2 5 3 7 4 0 3 0 2 1 1
7 0 14 1 16 22 11 8 2 6 8 1
11 5 7 20 10 19 11 5 12 4 6 9
6 4 2 4 2 4 3 1 3 2 1 4
8 3 8 16 19 11 12 15 8 0 3 2
4 8 4 12 7 20 3 11 12 8 3 9
4 2 0 1 2 8 0 3 2 1 3 0
15 11 11 1 3 3 4 7 11 0 3 5
0 9 0 9 12 2 15 0 9 14 9 1
5 5 13 4 13 16 8 2 12 1 11 7
5 12 6 1 0 9 4 7 6 9 6 2
3 3 3 1 5 7 1 4 3 1 3 2
4 4 4 9 6 7 8 4 4 1 6 15
10 3 2 5 8 6 1 2 10 6 6 17
11 0 14 4 20 2 13 4 9 9 20 5
4 4 4 1 2 8 0 1 1 2 1 0
8 15 8 1 5 6 6 17 5 15 16 3
0 1 7 8 9 2 0 0 2 1 1 1
2 5 4 5 2 2 3 1 8 4 3 1
2 11 3 7 13 10 4 8 9 3 4 1
5 11 14 9 2 9 13 18 23 0 7 4
5 4 10 10 4 2 10 4 6 3 14 2
14 4 3 7 2 4 1 5 10 5 2 1
7 1 2 4 3 2 4 0 2 0 6 0
4 0 6 1 1 0 11 16 0 1 5 8
6 5 0 10 3 3 2 3 9 7 15 12
3 3 9 4 4 8 4 1 1 3 2 1
2 11 1 8 3 6 3 6 5 0 2 5
2 3 2 3 1 6 5 3 5 2 0 1
8 11 4 3 1 12 1 6 4 5 3 11
3 9 1 6 14 3 1 2 8 7 21 5
2 5 0 11 14 10 4 2 12 25 4 17
3 10 17 20 14 4 5 14 2 8 2 5
0 5 5 7 10 9 3 6 9 1 5 2
3 2 11 4 1 7 8 8 2 4 0 7
1 3 14 3 14 3 5 1 4 9 8 3
12 2 13 5 0 5 4 3 4 1 1 2
3 9 2 6 10 12 0 9 5 8 3 0
1 7 15 10 5 3 6 7 1 6 1 1
3 1 3 1 12 3 2 4 6 5 3 3
4 1 4 8 2 5 4 2 5 4 4 2
2 6 6 7 6 11 5 1 3 6 19 1
5 18 8 5 8 17 10 0 5 21 11 11
11 2 1 8 4 5 1 7 2 1 5 5
1 2 3 20 0 5 24 5 12 11 2 4
1 1 2 4 2 3 3 2 4 1 5 5
8 3 2 5 2 3 1 5 0 0 5 3
0 4 4 7 6 1 5 4 3 5 3 3
3 5 5 1 9 6 4 10 7 1 6 1
2 1 5 0 0 1 1 1 3 5 2 6
5 5 5 4 10 5 4 5 2 11 5 10
6 3 13 5 7 6 10 4 14 8 14 7
1 13 20 2 8 15 12 8 11 5 3 12
5 7 15 2 0 8 8 21 10 16 2 6
5 6 5 0 6 9 3 9 7 3 1 2
2 9 3 1 8 2 2 2 1 7 2 9
12 1 12 4 5 19 4 6 5 6 1 21
3 4 0 10 16 14 21 5 5 2 7 5
13 2 4 15 7 3 5 3 4 5 14 7
23 3 0 5 4 3 19 8 8 4 3 1
7 3 4 1 6 8 3 8 10 8 7 7
2 3 6 2 1 5 6 1 2 3 4 2
5 6 1 7 10 3 3 3 0 1 5 4
16 1 10 13 1 13 5 14 19 13 6 8
13 9 5 7 8 6 12 10 6 8 2 20
0 7 9 11 2 5 9 2 9 5 8 0
7 10 19 20 5 0 6 9 2 7 1 2
2 2 6 2 1 1 0 4 1 4 5 14
5 3 2 2 3 2 3 2 3 0 2 5
0 11 10 5 7 6 8 11 20 5 2 13
9 6 7 7 3 10 5 6 2 7 16 9
1 9 0 7 0 0 5 10 4 10 10 5
16 10 1 2 12 3 18 12 7 4 15 14
2 16 6 3 6 17 5 18 21 2 4 9
3 5 0 2 3 0 6 7 4 1 2 10
7 6 10 17 6 2 0 6 5 12 4 4
1 2 0 3 12 6 2 7 7 3 10 2
4 3 0 3 4 3 2 2 6 2 0 4
1 5 0 1 2 8 3 2 5 2 5 6
28 4 9 6 1 8 3 8 6 9 12 2
2 7 3 5 7 6 7 2 8 2 2 0
3 7 8 10 11 8 3 6 9 4 4 3
5 10 5 1 8 1 3 2 7 4 2 3
4 12 10 10 19 16 10 1 7 6 2 6
2 2 2 1 3 2 2 1 6 5 1 9
3 12 5 18 14 15 8 10 3 5 3 5
12 3 3 9 3 16 1 15 7 5 2 16
6 16 13 0 4 0 8 1 7 9 7 3
0 3 0 9 3 7 0 2 2 4 5 1
2 3 7 5 1 6 3 3 0 3 3 7
1 2 6 0 10 6 2 22 17 9 23 5
2 3 3 4 8 9 12 10 8 15 3 1
6 3 5 0 11 5 12 27 2 14 5 6
0 1 3 2 1 1 7 1 5 6 4 3
3 7 0 6 3 0 2 9 7 4 12 9
4 4 8 6 1 4 4 2 4 4 5 12
21 1 1 5 9 5 6 18 0 4 6 2
9 4 13 2 10 1 3 6 16 0 3 7
9 2 6 10 0 4 7 7 9 0 7 1
16 13 5 1 3 5 3 12 24 2 8 4
2 7 12 2 6 4 8 8 8 7 12 7
7 4 1 3 8 2 2 7 1 3 0 4
0 3 2 4 1 0 6 0 1 1 7 3
4 4 2 1 1 2 8 6 4 9 10 0
2 1 3 3 3 6 15 6 8 12 6 9
1 4 2 4 8 6 10 8 2 9 3 8
12 16 14 2 17 11 20 5 9 7 3 7
25 6 5 3 5 5 15 17 6 3 10 1
1 1 4 8 6 1 13 9 3 2 3 3
1 5 7 12 6 3 3 8 4 7 4 4
1 14 1 14 3 6 2 7 13 2 12 4
2 15 1 12 5 1 0 12 26 6 1 6
9 17 6 9 9 0 8 5 4 4 5 2
4 3 0 3 4 1 1 1 6 3 3 0
16 9 7 2 14 1 10 2 16 2 6 11
4 4 3 3 1 2 3 3 2 0 6 2
9 4 10 9 3 4 4 7 4 2 6 7
1 4 2 7 9 1 3 3 4 3 0 0
2 11 9 27 8 12 2 5 12 9 10 2
13 12 2 1 5 5 18 11 7 6 10 1
8 12 8 7 5 0 14 10 16 8 22 8
0 2 4 2 4 3 5 9 8 6 2 4
1 7 1 3 3 2 1 5 1 3 3 4
22 5 1 9 12 0 3 10 10 11 10 10
0 9 6 6 17 2 11 6 11 7 2 24
2 3 3 8 1 4 7 8 2 0 11 5
5 1 4 4 0 1 3 7 2 4 8 5
4 1 9 0 1 4 1 3 5 5 7 3
4 2 8 0 24 16 16 7 4 5 2 5
3 1 9 3 5 9 2 1 0 2 3 1
3 5 0 4 1 0 0 2 11 13 6 2
5 2 2 11 9 1 10 5 8 3 4 4
0 5 11 10 4 1 17 18 4 12 8 9
2 9 5 14 10 2 13 1 8 13 1 2
9 10 1 7 12 1 4 10 1 13 1 0
5 6 14 1 12 11 21 4 20 2 5 2
4 2 10 5 6 5 9 7 10 1 11 12
1 17 6 10 6 11 14 7 12 6 1 16
6 3 4 1 2 1 2 3 0 1 1 4
8 1 8 5 5 13 1 14 6 1 12 9
6 2 4 1 4 1 4 6 1 6 2 3
8 1 10 18 7 2 10 7 1 3 13 12
6 0 3 4 2 0 1 0 1 5 0 5
3 0 1 1 1 1 2 10 3 9 2 3
8 7 9 7 5 3 6 9 5 23 13 1
12 5 8 2 1 11 12 8 10 8 7 11
15 3 9 3 6 1 2 4 6 2 8 2
18 5 7 14 1 3 0 1 5 3 8 4
8 9 5 10 15 11 7 14 3 17 9 16
2 1 2 5 14 6 3 12 1 5 8 2
1 7 3 8 5 13 8 8 0 17 4 2
0 8 1 8 13 1 2 1 6 7 3 3
4 15 13 6 11 9 6 6 12 9 14 1
1 1 12 5 5 21 5 16 5 0 3 14
1 8 13 6 4 3 10 7 2 14 3 1
16 8 2 2 7 3 2 11 5 5 18 2
2 2 6 2 4 3 3 4 3 3 1 1
9 13 9 7 2 13 8 3 2 12 1 3
4 7 3 2 10 2 7 5 5 2 1 3
5 5 8 8 4 17 12 15 9 12 9 3
9 3 2 2 0 7 8 2 9 9 17 10
19 8 13 3 0 6 12 1 9 4 10 6
13 13 15 5 16 1 1 3 8 11 6 10
1 9 13 9 3 20 20 4 13 10 6 2
4 7 1 7 13 1 10 9 7 13 4 16
2 6 8 3 2 1 2 4 4 8 3 3
4 9 5 2 3 3 2 3 5 5 4 7
2 2 5 4 1 14 5 3 15 8 9 13
2 7 3 3 6 2 2 6 1 2 3 20
3 5 0 8 6 17 4 18 13 7 8 6
11 2 6 22 2 7 14 4 2 8 20 9
1 3 1 3 6 0 6 8 5 8 1 3
3 2 4 2 8 6 6 2 4 1 3 4
2 10 0 15 16 8 7 6 1 9 11 0
0 8 3 1 2 0 4 5 15 3 0 4
1 2 4 3 1 5 3 5 0 1 3 3
0 4 16 9 6 14 11 7 10 2 11 1
1 1 5 1 2 1 4 1 6 3 0 3
7 1 1 6 16 13 9 3 2 11 5 2
1 2 1 10 0 1 2 4 1 6 3 1
2 18 8 0 11 0 0 1 10 6 2 18
7 1 3 14 18 0 1 5 7 10 3 3
0 7 21 3 10 14 2 8 1 2 5 8
9 9 8 16 0 8 12 5 13 2 7 6
12 6 16 19 11 1 7 5 6 11 11 4
10 4 5 2 5 22 5 6 6 13 13 2
10 5 1 0 3 8 1 17 1 2 1 1
16 4 10 12 8 7 9 18 2 1 17 11
0 11 11 4 7 12 6 4 9 0 8 1
3 2 0 4 12 4 1 3 4 1 2 2
2 4 5 4 0 1 3 3 4 7 1 7
3 4 2 2 3 2 3 4 1 6 4 2
5 4 2 16 3 10 3 11 6 6 11 8
9 3 10 16 15 18 1 12 9 5 5 12
0 1 9 14 7 5 12 9 9 7 15 20
26 2 0 5 1 5 6 7 26 7 3 3
2 15 14 0 9 7 10 2 6 10 1 27
5 15 0 8 10 8 9 4 3 6 8 6
7 12 9 4 2 8 21 16 1 10 0 5
6 4 6 14 9 4 12 3 5 13 13 16
3 7 0 1 0 1 4 2 1 2 2 3
4 0 0 8 1 11 12 3 5 2 5 19
4 2 1 3 0 2 1 0 4 1 8 5
2 4 27 13 1 1 3 2 8 3 4 3
1 0 7 4 5 3 5 3 2 0 6 7
11 2 15 8 12 1 3 3 9 10 4 2
9 3 3 0 8 1 1 7 1 8 1 6
8 8 9 4 17 6 7 3 2 6 5 8
2 0 4 6 0 5 5 6 9 1 1 5
2 20 9 7 7 3 6 18 1 5 6 0
4 4 2 1 7 1 8 2 4 7 5 13
0 2 5 2 2 0 5 4 5 4 4 1
9 8 10 12 7 0 4 3 15 1 1 9
3 4 3 8 1 7 5 0 10 6 6 12
2 10 6 1 17 9 6 4 11 23 6 8
1 18 17 7 4 1 1 16 16 7 16 3
9 9 3 17 13 21 4 13 6 7 6 16
23 5 1 7 3 8 1 6 5 8 9 10
1 9 8 14 13 3 9 2 6 2 2 6
12 9 4 1 2 12 4 8 1 11 12 3
0 5 3 3 3 1 4 2 3 5 4 3
10 0 6 13 4 14 17 4 5 6 13 8
3 8 4 0 12 3 3 5 9 6 1 11
3 2 20 7 9 17 15 15 1 11 4 5
1 6 4 0 1 21 1 2 4 9 7 4
7 10 26 16 2 10 1 5 1 6 5 4
1 9 9 11 20 4 11 2 12 10 4 5
12 3 2 3 7 2 9 13 2 2 5 19
17 12 0 1 6 18 13 9 12 0 4 12
0 3 1 2 0 2 5 3 4 0 8 4
19 16 3 21 10 2 14 2 7 4 0 12
4 4 9 10 2 3 3 9 6 2 4 8
16 1 4 2 4 16 13 8 1 10 9 0
1 9 12 3 4 10 14 16 3 12 13 3
5 5 2 0 0 5 10 5 5 2 8 0
3 0 8 2 8 7 1 3 5 3 1 0
5 1 4 1 2 1 6 4 1 4 5 5
3 1 7 7 5 1 1 5 4 10 9 6
6 1 9 3 0 2 1 3 6 7 17 8
6 5 0 4 1 2 5 1 0 6 1 6
3 9 9 0 4 6 5 0 9 4 3 8
1 5 1 6 7 1 1 14 13 4 4 1
2 7 8 7 6 17 22 12 6 19 1 6
5 8 7 16 12 25 14 6 2 9 5 2
3 1 12 5 0 11 4 13 7 8 6 5
5 10 1 2 15 4 14 9 5 6 2 0
7 2 1 3 3 9 0 3 1 4 10 0
1 6 2 1 4 7 4 4 8 8 4 7
4 9 1 14 6 6 13 26 14 2 9 9
10 3 2 6 13 10 4 1 12 7 2 3
1 6 0 6 4 5 7 3 13 5 2 3
4 2 2 4 1 5 3 3 1 3 1 2
4 19 12 10 4 6 7 11 9 10 6 8
7 1 1 4 1 12 10 6 1 9 1 14
11 23 15 6 6 3 2 4 2 16 10 10
7 17 0 3 5 2 21 17 10 2 0 2
6 3 2 4 2 8 14 0 1 3 8 6
1 0 0 4 1 2 0 7 7 8 1 10
1 3 3 0 2 0 3 3 5 5 4 2
11 6 3 0 7 7 0 4 2 11 6 0
3 8 7 6 9 6 2 7 3 3 7 5
2 3 3 1 2 1 0 6 1 2 6 4
8 1 2 9 13 7 5 6 1 8 5 6
1 7 10 2 13 0 2 5 12 7 10 4
1 3 5 2 6 2 1 1 2 2 3 0
1 1 6 2 5 3 2 9 4 2 1 6
1 3 11 1 7 9 5 11 4 3 2 3
6 13 19 16 7 8 9 4 3 4 1 8
1 1 3 4 6 7 6 1 1 6 12 13
0 1 6 3 9 9 1 3 8 12 1 1
3 0 13 0 0 1 4 13 3 9 4 0
3 4 7 5 8 5 2 3 9 3 2 5
0 7 8 5 2 3 6 2 6 10 6 14
8 12 2 2 11 1 2 8 3 1 4 4
5 20 4 11 2 8 3 19 1 19 7 11
1 5 5 5 0 19 10 1 5 12 10 1
9 9 8 2 6 1 11 2 9 16 11 10
1 9 7 6 7 16 4 9 0 2 12 8
11 6 8 9 12 15 5 8 8 3 8 2
5 3 30 3 6 3 2 14 2 9 7 3
25 5 3 13 10 0 1 3 4 2 16 7
11 3 3 16 13 10 0 15 3 6 12 21
7 18 4 7 15 1 4 7 12 13 10 5
13 0 13 9 14 7 12 10 6 7 9 2
11 3 8 8 6 10 3 3 9 8 0 8
4 2 14 0 0 3 4 6 1 12 11 3
10 21 14 9 4 3 22 2 3 3 13 4
9 9 11 11 2 7 5 2 4 1 7 0
8 4 3 2 6 3 2 1 0 9 4 5
5 1 3 1 7 3 2 3 11 20 13 8
13 12 2 3 11 4 19 4 13 1 17 11
8 4 4 4 1 8 5 6 13 10 12 0
12 12 1 9 12 9 8 9 3 4 3 5
2 5 4 6 3 1 0 4 9 4 9 14
7 1 12 6 1 1 3 16 9 12 0 11
2 14 3 3 2 13 9 28 3 3 2 0
11 2 2 2 10 0 0 7 13 11 14 6
2 3 1 3 6 3 2 6 0 1 8 2
17 5 19 1 9 2 11 1 9 1 13 7
4 7 13 2 15 19 4 6 8 4 15 4
2 4 1 5 4 2 6 1 7 3 3 4
1 8 0 1 5 4 2 3 1 2 5 13
6 7 6 3 6 0 7 1 28 12 6 7
12 0 0 14 1 11 3 5 19 11 2 6
4 1 2 4 1 1 1 7 0 1 2 3
7 4 5 1 9 3 9 11 5 10 0 11
8 1 9 6 16 6 3 15 24 1 4 3
1 20 8 0 5 1 1 6 6 2 3 4
3 4 6 3 8 12 1 3 7 3 3 1
7 0 3 3 1 1 7 11 7 4 9 4
15 4 11 3 4 13 1 19 2 5 7 7
11 10 16 3 2 7 11 10 4 0 5 1
12 0 2 5 12 23 2 18 5 4 3 18
1 5 2 9 4 1 6 6 0 3 3 5
3 3 7 16 4 2 2 10 7 5 4 8
12 12 9 2 6 5 5 1 3 1 16 14
3 5 1 16 1 3 2 7 12 5 8 11
6 3 1 5 2 1 4 2 2 11 2 1
4 4 8 5 12 6 4 2 4 7 1 9
3 3 1 5 22 6 4 16 0 16 4 5
1 4 5 3 10 14 26 5 7 3 9 1
1 7 18 14 1 2 4 2 9 11 15 18
5 9 6 7 10 12 10 2 16 3 2 1
2 0 3 6 5 3 1 2 8 1 4 2
1 9 7 6 8 16 8 22 1 11 1 17
2 6 3 13 3 17 10 4 4 3 6 4
11 14 2 16 3 3 3 15 0 1 7 10
0 0 6 15 26 4 14 2 10 8 5 7
2 4 4 6 4 1 5 0 4 3 3 7
10 1 0 6 3 14 2 2 2 7 10 5
5 3 2 4 4 2 5 0 15 8 2 6
14 8 5 0 3 4 13 7 7 13 6 4
2 1 5 2 3 3 1 3 1 2 6 1
8 22 5 8 2 3 6 1 12 1 14 14
2 12 6 12 9 13 5 0 5 4 12 11
5 2 2 7 4 8 10 3 5 5 2 4
3 7 1 6 4 0 7 2 2 4 2 6
9 9 15 8 4 3 1 17 10 7 5 3
10 5 4 10 20 14 8 4 10 6 19 9
13 8 8 9 13 4 2 6 11 25 8 12
15 9 4 7 24 9 4 2 9 3 21 0
9 3 4 6 0 3 13 7 2 4 1 1
11 3 9 13 9 15 14 13 14 6 2 17
4 2 12 1 9 3 0 2 6 1 18 0
14 1 9 3 18 2 24 15 3 6 3 10
2 2 1 4 0 3 3 4 9 3 1 4
6 3 3 5 6 1 7 2 1 4 2 1
2 3 3 5 4 2 0 1 2 4 0 4
17 22 10 1 2 1 2 18 5 1 14 5
4 9 4 1 7 4 1 2 2 1 11 7
11 6 1 0 17 1 10 1 7 3 6 19
12 4 7 2 7 3 5 1 5 4 6 2
2 1 1 1 4 0 1 3 5 0 8 3
2 12 0 6 1 7 5 6 6 4 12 5
6 7 17 10 1 7 9 10 13 2 1 11
4 1 8 4 2 5 7 1 1 0 3 1
2 4 1 2 4 3 2 0 8 1 0 3
5 6 13 11 6 13 2 3 16 12 11 5
2 2 3 5 6 5 10 5 1 12 3 8
3 5 6 9 2 11 27 1 8 4 15 9
6 5 5 3 4 3 4 7 0 1 0 5
6 9 1 14 12 11 7 0 3 2 5 1
1 18 1 8 10 8 9 2 0 12 9 5
7 4 10 4 4 9 6 6 2 1 3 2
7 9 7 11 8 12 6 1 0 5 7 18
0 6 0 4 1 10 10 8 7 18 0 3
13 2 2 2 1 4 1 18 11 2 13 14
0 2 3 3 4 5 3 6 8 8 0 7
8 4 9 1 12 9 1 4 0 5 3 1
3 2 3 6 5 4 2 1 4 1 9 1
1 3 4 1 3 2 2 8 5 2 4 6
6 1 4 2 3 3 1 1 4 6 3 2
1 5 1 3 2 9 5 1 4 7 4 5
2 3 2 2 1 3 3 2 3 2 4 6
13 11 6 1 4 5 2 5 3 4 6 5
4 4 10 0 7 3 3 4 4 2 3 2
7 0 14 1 1 10 20 8 17 1 10 19
2 8 14 11 1 1 9 6 0 5 1 7
9 7 16 21 3 1 1 1 3 1 2 0
1 3 4 2 1 2 2 5 4 3 3 2
2 3 1 0 3 6 2 2 3 1 3 4
6 9 1 2 1 9 10 3 7 7 3 3
19 12 8 8 10 2 22 0 9 13 4 3
1 0 1 0 5 1 3 13 3 2 0 1
3 0 2 4 5 1 1 3 4 2 6 3
0 3 7 2 7 4 4 1 5 1 2 5
2 7 0 4 7 3 2 6 1 2 2 10
2 1 2 4 0 3 4 4 6 3 4 3
3 7 8 1 2 8 6 2 0 1 0 7
17 13 13 7 6 9 12 4 1 8 6 0
2 2 5 2 3 3 8 2 3 1 3 2
5 6 6 0 4 2 2 8 10 5 4 11
7 7 4 1 10 4 9 3 7 1 10 3
10 3 3 6 10 5 2 15 3 1 2 13
6 2 9 13 2 6 15 8 1 16 7 8
4 7 7 5 12 7 5 6 2 10 11 28
1 4 4 4 1 8 1 14 17 1 3 5
1 8 6 17 3 14 5 3 15 4 13 7
3 5 7 7 4 1 11 7 31 0 4 2
7 10 7 6 4 7 10 5 7 22 7 4
10 17 8 3 5 3 7 1 1 11 4 5
3 2 9 6 4 4 3 5 7 4 6 11
3 0 7 0 17 10 16 7 3 20 2 7
7 6 8 6 7 9 4 7 9 3 6 4
2 3 4 2 2 1 3 4 5 16 0 2
14 5 5 2 16 10 8 0 7 18 13 10
6 2 0 0 1 5 5 2 2 4 3 1
8 3 15 14 2 22 7 3 12 1 13 7
0 0 3 6 4 2 9 5 0 5 4 3
8 6 3 2 2 2 4 2 5 1 0 7
6 6 3 5 6 6 14 5 12 6 8 3
10 12 5 4 1 3 5 12 21 5 9 1
6 4 6 18 12 2 12 3 5 1 15 10
1 1 9 22 5 16 2 12 4 10 9 5
2 0 8 9 1 1 1 2 2 5 3 14
3 8 4 20 7 2 3 15 15 10 9 1
5 0 5 7 2 1 2 1 1 2 4 0
2 3 6 2 9 3 0 2 0 0 4 3
1 3 11 7 5 12 3 1 3 3 2 6
5 10 2 1 6 17 11 15 2 3 1 9
3 0 2 3 9 7 0 5 1 7 1 0
3 11 0 10 9 3 10 0 3 14 11 5
0 7 3 12 4 2 1 6 3 16 2 6
12 1 4 8 3 3 1 3 13 16 5 5
11 17 6 3 6 1 4 9 6 3 6 21
3 0 4 14 5 13 7 3 10 9 8 9
5 4 8 3 8 14 9 2 3 3 1 4
15 4 7 9 9 10 1 1 13 15 5 8
3 10 23 1 3 1 4 5 1 13 2 7
0 5 7 2 15 4 2 21 13 3 3 2
8 2 1 10 3 3 4 5 0 2 1 1
2 3 3 7 2 7 1 0 10 3 2 6
7 5 2 4 5 5 0 6 6 3 3 1
3 1 0 1 7 1 3 1 2 1 0 6
1 8 4 4 14 4 1 4 9 7 9 10
2 1 2 4 4 2 1 3 3 2 3 7
7 3 0 8 12 9 4 26 11 7 8 5
20 6 12 5 5 2 5 13 1 9 3 8
10 5 3 1 6 0 1 15 8 3 4 4
14 12 1 7 8 5 5 19 1 13 12 1
9 2 8 3 14 9 8 5 2 6 5 4
13 2 12 4 1 4 4 4 7 1 4 1
9 11 10 2 16 9 24 9 3 11 0 3
7 9 5 16 12 8 16 1 11 2 19 14
4 8 3 3 2 0 7 5 17 7 5 0
2 0 7 7 9 4 2 4 0 0 0 4
7 2 6 5 5 0 5 3 10 1 8 20
0 16 2 1 5 8 3 8 10 2 4 7
5 17 7 9 0 15 10 7 6 2 1 5
13 6 0 12 4 4 6 4 5 11 9 19
1 7 5 9 1 16 6 11 9 8 6 3
4 17 10 9 2 3 2 3 5 4 10 8
7 4 5 1 2 4 3 3 12 1 9 4
2 12 7 3 14 0 2 10 7 12 8 10
5 2 5 5 4 2 1 3 5 2 4 2
2 3 1 6 4 20 2 6 4 7 8 9
3 1 12 2 1 7 4 10 16 6 10 12
19 2 0 5 3 15 4 6 10 15 1 5
7 1 0 2 5 5 5 5 4 2 2 3
3 6 1 13 10 10 6 1 7 8 5 11
15 0 1 4 17 3 3 10 4 5 10 11
3 13 1 4 3 7 15 9 0 7 2 11
9 6 1 1 3 3 6 1 3 6 0 3
1 10 6 28 7 8 7 11 6 12 3 5
7 6 6 12 13 10 4 4 12 18 10 4
9 23 6 14 10 7 5 14 4 10 2 4
2 4 4 5 11 2 9 5 16 3 2 10
5 4 0 3 16 14 15 0 15 8 6 9
14 15 8 8 0 12 2 2 5 15 3 2
10 4 19 12 16 2 11 4 0 18 2 1
1 8 4 16 7 15 12 6 5 6 7 7
6 7 10 1 14 2 5 4 1 6 3 2
16 2 3 12 10 5 3 2 2 12 14 4
3 2 6 0 2 8 2 2 0 5 5 14
1 2 17 2 4 17 2 2 1 5 9 3
2 1 2 5 5 9 3 3 5 2 2 1
5 3 6 6 5 6 4 4 7 5 3 2
2 6 12 2 9 10 1 6 24 14 19 5
9 11 2 9 4 9 4 6 5 1 4 9
1 0 11 13 6 9 8 6 1 14 0 5
1 3 3 17 6 8 22 1 9 19 4 3
12 1 13 12 1 14 6 4 4 7 11 10
3 14 6 11 7 10 1 17 4 3 9 0
2 2 4 4 5 1 7 19 3 11 2 4
6 6 6 4 4 3 2 10 1 2 4 2
15 6 17 24 3 2 2 7 4 0 5 1
11 3 4 1 2 10 1 2 4 7 2 1
5 11 6 5 4 13 12 2 3 1 5 10
11 14 6 1 23 4 14 1 10 4 9 9
12 6 9 0 9 3 11 15 2 6 1 10
3 4 6 1 1 4 3 1 3 0 3 3
0 1 9 1 1 6 6 6 9 4 4 8
1 10 9 2 6 5 1 3 9 3 3 2
3 10 0 6 7 4 2 3 1 6 4 0
9 2 20 16 8 5 4 1 2 5 11 15
3 3 1 12 3 1 1 2 8 1 1 0
15 7 4 0 6 2 1 14 0 20 17 12
4 3 4 2 4 6 4 2 4 6 4 1
17 1 3 1 19 4 14 9 7 1 4 0
0 0 1 2 5 1 3 0 8 1 1 1
7 6 1 6 7 8 1 3 3 0 15 1
6 2 1 12 6 28 15 1 6 11 2 3
10 0 6 9 3 1 3 0 4 1 1 10
11 13 6 1 9 2 3 14 5 10 10 2
0 6 9 1 3 9 8 8 25 9 4 8
5 11 10 12 5 3 0 5 2 8 11 9
3 4 2 1 13 7 24 3 6 9 5 17
7 6 2 4 6 2 9 8 1 4 10 11
4 7 6 4 7 6 7 9 0 13 6 4
10 10 0 15 9 6 6 11 2 2 2 6
8 4 27 5 5 7 6 2 3 17 2 11
7 2 8 1 5 8 7 0 1 1 21 7
2 3 6 2 3 7 0 6 5 3 0 1
1 5 18 2 5 18 18 22 5 1 8 5
7 1 2 4 1 2 3 1 5 1 6 0
0 18 6 2 7 3 16 4 16 4 9 7
1 1 3 2 2 2 4 0 6 3 5 8
6 9 1 8 3 0 0 5 13 1 1 0
10 12 2 14 5 4 4 3 0 18 7 3
10 22 7 6 5 5 11 12 6 2 0 16
12 1 21 3 1 16 14 7 3 19 7 4
6 4 11 2 6 1 4 6 0 2 5 9
9 6 23 4 6 5 21 8 3 8 1 3
4 4 2 1 4 2 0 1 2 6 6 0
6 2 5 5 7 2 5 7 8 14 2 7
10 2 5 3 3 6 3 2 3 9 4 2
0 0 1 2 2 3 3 5 1 3 8 1
5 8 0 7 8 6 11 5 5 23 5 2
3 3 3 6 6 1 5 1 3 2 3 3
4 17 5 5 3 12 9 11 0 9 8 9
10 4 13 11 4 0 2 13 20 6 12 11
1 6 6 15 9 8 3 1 13 1 13 10
0 1 1 3 7 2 3 4 1 6 1 4
5 8 19 17 12 3 1 9 2 10 2 2
3 12 8 7 3 17 18 1 3 9 24 2
5 6 1 4 1 5 1 2 0 1 5 8
3 2 4 3 7 16 0 3 5 5 4 4
5 5 10 0 4 1 8 5 5 1 2 1
0 8 3 12 2 3 9 9 5 5 7 2
2 4 3 20 4 6 6 19 9 19 8 1
3 13 4 3 1 10 5 25 1 3 10 2
7 0 5 6 1 3 5 5 2 6 2 3
1 1 3 4 3 3 6 4 6 5 1 4
7 9 6 7 4 9 5 6 9 2 1 2
2 1 1 6 4 1 1 3 1 2 4 4
2 8 2 1 8 4 3 4 13 2 3 3
4 2 8 6 10 4 9 11 4 13 10 18
4 0 6 0 5 12 8 6 12 10 8 12
2 2 12 6 12 1 7 4 7 12 7 8
2 2 1 3 1 1 2 4 4 0 6 3
5 9 1 3 10 4 1 1 7 4 1 2
6 15 13 2 2 14 4 4 9 5 4 5
5 19 2 12 13 4 7 9 7 5 9 7
1 4 2 1 5 4 4 5 1 4 2 2
4 12 2 2 1 8 7 3 1 4 15 8
2 13 4 3 4 10 8 2 5 9 1 0
5 2 3 1 9 3 1 1 1 6 1 2
4 4 1 2 6 2 6 4 4 4 7 2
5 3 1 5 8 14 5 13 12 1 15 7
5 4 0 1 7 1 9 5 11 2 6 5
10 2 9 4 7 3 3 3 1 2 5 4
6 0 12 13 0 3 3 7 3 5 4 7
4 1 0 2 3 0 7 1 6 2 5 1
10 5 1 8 2 5 2 13 4 3 1 4
3 11 2 1 3 5 4 2 1 4 6 8
10 17 3 1 6 2 5 4 3 0 1 6
4 0 0 5 5 6 10 1 1 7 1 1
8 6 5 3 10 3 8 7 4 2 1 15
11 5 5 10 11 1 1 5 2 2 7 7
4 4 10 3 1 6 4 13 4 2 3 3
7 5 0 0 4 7 5 2 7 3 1 10
1 2 3 2 22 6 17 10 4 4 6 7
4 10 3 16 5 5 11 3 20 2 19 11
7 15 2 10 7 3 9 8 2 11 10 6
11 15 10 6 4 5 0 9 4 11 2 11
15 3 4 16 4 2 2 1 11 13 7 4
7 10 6 2 5 2 3 10 6 1 7 7
2 0 1 4 3 5 6 7 2 2 2 2
6 14 1 9 2 2 3 9 1 5 13 7
16 4 11 3 6 1 5 5 17 8 17 1
12 2 1 8 9 4 17 2 5 8 14 10
3 2 11 7 5 3 10 11 2 0 9 9
2 21 6 6 6 2 10 3 3 7 5 14
8 0 1 3 1 1 3 2 4 1 3 3
11 6 1 5 3 2 1 2 2 5 4 1
8 0 4 4 7 1 12 14 17 4 0 25
7 14 12 1 0 3 9 11 1 20 4 16
7 2 5 1 5 5 1 1 7 8 1 8
6 3 3 4 1 2 3 8 0 1 5 1
1 3 4 9 5 7 13 7 6 7 1 3
15 3 11 22 8 2 9 7 18 4 1 14
6 23 4 2 7 3 1 0 4 2 2 4
9 8 9 14 7 10 2 6 21 11 5 3
9 3 5 10 5 4 14 15 3 17 5 11
8 6 22 5 16 1 10 9 2 10 2 7
1 10 4 3 1 7 3 4 4 4 7 6
1 8 6 8 10 1 2 5 15 1 2 3
4 4 8 2 15 2 5 18 11 7 15 17
7 11 2 17 4 10 0 9 18 12 0 19
0 4 4 3 5 7 4 2 12 4 3 6
7 1 4 5 3 5 3 4 9 5 3 4
5 12 0 0 8 11 12 8 8 13 9 1
9 18 2 2 3 15 4 17 9 6 6 11
2 14 6 19 7 2 3 6 20 14 6 2
0 2 1 1 2 4 6 5 1 3 2 2
12 6 9 11 1 3 12 1 4 8 3 15
1 1 20 1 11 11 1 8 11 6 2 2
3 3 3 10 9 8 4 8 4 9 3 9
1 6 2 13 1 8 15 2 14 5 16 4
1 18 5 2 3 9 12 4 6 6 4 25
1 2 3 12 0 1 4 0 9 2 12 2
10 8 3 5 5 1 4 0 6 20 2 0
4 3 11 5 8 0 2 4 12 3 1 12
5 8 8 18 8 2 6 11 4 28 3 5
18 6 9 0 4 7 8 7 1 6 10 13
1 1 0 3 3 1 5 0 2 5 1 6
8 9 20 12 7 7 5 1 10 11 13 1
2 4 2 6 2 2 2 3 5 1 2 13
10 4 4 7 6 7 17 16 21 13 4 6
8 4 7 13 1 7 3 6 14 7 7 0
15 6 8 20 5 8 5 16 0 6 2 4
1 7 4 8 3 2 2 3 5 8 7 2
6 9 4 16 7 2 12 3 1 2 21 3
8 14 3 2 10 7 2 27 15 5 2 11
1 2 6 6 3 2 4 1 4 1 1 3
1 7 3 1 16 3 26 2 21 2 2 13
7 13 5 5 5 7 0 10 4 9 3 16
12 7 1 7 9 7 9 16 5 1 7 9
1 1 5 4 6 0 2 3 4 2 5 3
1 12 5 6 7 5 4 1 11 18 24 7
8 4 8 2 10 25 1 3 1 11 1 20
2 7 0 0 5 4 4 22 11 9 1 16
14 14 2 3 1 8 11 2 0 2 5 3
5 16 15 19 0 7 0 1 8 9 3 4
1 10 4 3 11 7 8 18 7 0 7 27
9 0 1 7 3 2 1 6 3 5 3 2
2 2 5 11 7 21 12 2 8 12 8 4
2 1 1 7 4 6 14 0 5 7 1 7
1 5 1 3 0 3 1 2 1 3 5 5
0 4 0 10 2 14 24 0 2 4 6 19
8 4 10 4 14 4 4 2 7 2 2 5
12 3 5 6 3 3 5 16 5 1 4 3
6 9 4 6 3 10 14 0 0 10 5 8
1 8 4 7 0 9 1 0 8 3 3 4
8 8 15 13 15 14 0 6 0 17 13 12
4 5 3 3 0 3 7 1 7 0 8 2
7 4 10 8 12 3 3 2 5 9 12 0
1 2 3 2 3 4 4 3 4 2 1 4
10 2 11 6 5 11 14 2 0 11 11 4
2 7 4 3 5 7 6 7 11 13 3 4
4 17 4 6 16 25 8 1 2 1 3 8
7 11 7 7 8 12 3 16 14 12 10 2
0 2 13 3 3 3 23 12 4 16 7 11
3 0 8 6 0 5 6 2 1 2 1 1
2 1 3 4 7 7 14 1 10 3 4 5
3 5 4 1 2 0 2 1 1 7 4 4
3 0 1 8 8 1 6 2 5 18 14 1
4 0 19 1 1 11 12 4 7 6 5 18
1 17 15 8 14 1 12 10 9 0 10 3
6 6 1 2 0 3 9 2 3 2 3 4
2 1 7 7 1 5 1 6 3 4 5 2
6 7 2 4 4 2 2 1 2 1 0 4
1 1 0 11 0 6 2 2 5 2 8 2
3 2 2 6 4 3 2 6 2 9 2 1
6 5 7 4 5 14 3 4 12 2 5 1
3 7 6 4 3 11 6 2 5 0 7 1
14 1 11 6 16 8 9 23 2 15 1 6
17 11 4 7 13 3 7 5 1 14 6 2
2 21 1 14 6 7 2 3 4 2 12 3
1 15 5 3 2 0 5 6 0 21 14 8
7 7 1 8 5 1 7 1 1 7 2 4
4 1 2 1 2 0 2 7 2 6 2 1
5 3 1 1 11 2 6 13 18 2 6 7
1 11 5 2 4 18 3 4 25 1 2 6
3 1 3 3 9 11 12 7 1 3 2 11
11 15 11 10 0 16 3 9 0 1 18 2
10 0 9 10 1 8 3 5 4 2 11 26
10 2 9 5 8 4 2 4 7 1 3 1
5 15 12 6 11 5 4 9 6 1 7 4
3 4 0 1 3 0 2 6 11 1 2 4
4 2 10 16 6 7 10 7 1 10 12 5
2 4 0 3 9 3 6 3 5 3 1 2
8 2 3 1 1 0 8 7 4 1 3 1
5 4 5 6 4 9 1 2 10 0 2 4
18 22 2 3 10 7 9 7 11 3 13 9
3 10 12 0 1 9 3 9 10 5 1 1
4 1 3 1 1 3 6 9 4 2 2 3
15 5 11 7 1 14 3 9 3 1 3 3
2 1 1 4 1 5 5 3 4 0 5 2
10 19 5 0 9 0 1 1 6 17 7 1
8 1 11 13 12 12 5 1 2 4 1 1
27 2 2 8 17 3 5 12 11 5 4 7
10 11 6 17 2 21 2 2 2 1 20 10
5 1 4 2 2 7 3 1 3 4 2 6
4 10 1 10 5 4 10 7 3 2 5 18
6 2 0 2 2 5 1 1 1 6 4 5
1 3 5 1 2 0 8 2 0 6 18 7
1 7 1 0 4 2 1 4 1 2 3 5
1 9 13 12 12 2 1 12 3 9 5 9
11 1 4 11 2 1 5 5 8 6 8 0
8 3 0 15 1 1 4 1 6 8 6 4
8 6 0 0 6 1 6 1 12 5 9 6
2 6 7 17 2 15 2 1 4 2 23 18
10 6 1 3 7 3 2 2 2 1 3 2
2 2 0 8 2 1 1 9 5 2 2 2
8 12 3 5 18 1 4 12 5 5 1 2
3 1 2 2 5 6 6 5 4 10 4 10
1 18 9 8 2 7 19 1 13 1 18 14
7 8 1 11 2 9 5 9 4 25 8 7
3 11 1 2 7 8 9 4 2 10 11 13
2 6 18 4 9 7 2 10 5 3 8 5
8 4 5 5 8 4 6 5 1 18 8 6
3 5 7 5 2 3 1 12 0 5 14 1
9 6 8 1 9 0 10 1 2 4 7 6
5 15 17 3 2 7 22 12 7 8 1 8
0 5 1 4 2 0 10 4 3 4 8 6
6 2 0 3 8 14 0 10 15 2 5 2
4 3 1 6 1 4 13 8 11 18 1 6
3 12 2 6 2 7 18 15 6 9 5 12
6 11 1 1 2 11 2 1 6 5 3 1
8 1 7 1 2 6 8 2 4 3 1 5
4 6 3 7 6 1 5 1 11 8 5 4
0 13 5 8 4 6 1 6 8 4 9 6
4 0 1 8 1 8 1 4 5 5 6 0
5 26 10 6 7 2 2 9 9 3 3 1
3 6 1 4 4 0 3 3 5 7 4 3
1 2 3 1 1 3 0 2 5 6 2 5
1 3 3 5 1 1 6 2 2 3 0 4
3 3 5 8 4 4 0 7 6 2 3 2
9 6 8 13 1 1 1 16 21 13 0 8
0 0 1 1 2 1 7 1 2 1 7 0
21 9 1 1 7 8 18 10 6 10 12 3
7 16 14 2 2 20 15 16 7 2 1 3
10 1 0 3 3 2 1 5 5 11 5 18
11 14 7 6 4 8 9 5 5 6 5 17
1 3 1 1 7 0 5 0 6 3 1 3
7 7 13 2 15 6 3 7 5 5 4 3
5 20 7 14 2 3 3 9 5 10 5 5
0 5 8 3 2 7 2 2 1 3 1 2
5 2 2 2 10 14 3 19 15 2 2 19
4 6 6 1 2 4 5 0 1 2 5 1
2 4 2 7 1 7 5 3 3 2 1 1
9 2 3 4 1 6 1 2 2 1 1 6
21 12 8 15 7 13 0 5 1 2 5 3
23 10 1 13 5 4 3 3 17 13 4 4
3 9 10 2 1 3 15 8 3 4 4 19
8 4 3 16 7 5 8 5 13 9 4 6
4 4 7 3 2 0 1 6 2 5 0 0
0 6 4 0 3 3 4 13 4 7 7 23
13 1 18 6 14 6 1 20 16 7 10 5
7 0 1 10 5 14 16 6 11 20 9 8
1 1 1 5 8 2 4 1 6 2 4 5
13 6 11 10 5 2 9 12 2 13 1 9
8 1 2 20 2 2 1 18 7 9 9 1
1 11 11 1 5 7 14 9 5 6 16 13
5 1 8 1 5 3 0 2 3 2 0 2
19 1 14 12 12 13 3 5 12 1 14 2
7 3 19 9 8 5 9 1 8 8 10 19
3 2 8 5 4 6 1 3 2 1 2 3
1 4 8 7 8 5 2 7 11 9 3 8
8 6 5 5 1 11 2 3 2 2 9 1
25 9 9 5 15 7 12 1 7 2 7 10
2 1 2 4 5 6 2 4 1 3 1 1
0 13 2 3 12 3 2 12 4 4 6 7
2 10 6 12 3 5 23 9 8 4 7 5
9 2 0 1 4 5 8 4 4 7 8 5
3 7 8 6 1 6 1 2 9 1 6 2
3 0 9 11 12 5 7 4 14 13 10 11
5 0 3 5 4 5 1 0 0 3 2 2
1 9 3 3 1 10 4 3 3 8 4 0
0 4 2 8 12 5 0 3 1 10 4 2
6 7 5 1 7 3 1 8 4 7 1 5
3 1 3 4 1 4 1 4 1 10 5 7
5 11 8 2 1 14 11 14 3 10 14 22
1 14 10 2 12 6 4 6 15 13 8 2
27 8 6 2 8 13 4 2 8 3 12 2
7 5 0 5 0 4 1 4 6 6 11 8
7 15 4 0 4 3 10 6 7 1 2 4
3 3 4 6 1 7 3 7 2 4 12 11
16 5 14 2 1 15 5 17 3 10 16 8
10 7 3 1 1 4 8 7 4 15 4 1
8 18 13 12 2 3 10 6 5 8 3 17
15 2 10 7 4 2 3 5 2 7 4 1
5 0 16 11 22 5 13 4 4 2 3 0
6 3 4 1 1 3 4 4 3 8 0 2
6 6 12 3 5 10 5 5 10 15 12 7
1 1 0 5 0 2 0 0 3 4 7 5
2 4 11 1 16 0 8 6 2 9 12 6
9 9 4 5 4 6 1 9 4 1 2 1
2 1 4 3 2 4 5 5 1 1 2 3
6 6 4 5 6 9 3 2 7 1 7 3
12 1 7 6 6 12 3 10 11 0 8 14
6 10 11 1 3 1 5 3 0 7 5 1
14 12 1 3 9 17 8 3 5 3 5 6
3 5 0 1 2 1 3 6 3 8 5 0
4 10 9 11 9 1 9 13 1 6 1 3
1 15
1 71
3 25
3 37
3 54
3 58
3 93
4 13
4 21
4 27
4 58
5 6
5 34
5 93
6 36
7 8
7 95
8 15
8 37
8 62
9 63
9 70
9 77
10 18
11 85
11 109
12 106
13 71
14 47
14 72
14 91
14 103
15 21
15 29
15 111
16 25
16 47
16 54
16 63
17 32
17 37
17 95
17 115
18 55
18 85
19 67
19 76
19 94
20 32
20 78
20 87
20 95
20 108
21 35
21 62
21 97
22 59
22 73
22 93
22 97
22 101
23 24
23 26
23 48
23 62
23 85
23 117
24 43
24 97
25 108
26 65
26 114
26 123
27 85
28 74
29 108
29 121
29 125
30 67
30 81
30 105
30 119
31 53
31 100
33 36
33 107
34 114
35 78
35 82
35 98
36 55
37 93
38 110
39 56
40 119
41 57
43 62
44 72
44 109
44 125
45 64
45 78
45 85
46 82
46 145
48 77
49 55
50 148
51 67
51 74
54 81
54 101
54 152
55 146
57 147
58 130
59 135
60 126
61 125
61 153
62 142
63 111
63 154
64 142
65 138
65 139
68 126
69 162
70 129
71 78
71 91
72 146
73 103
74 105
75 77
75 105
76 152
76 161
77 120
78 164
79 108
79 168
80 93
81 164
81 180
83 135
83 150
83 165
84 147
84 171
85 149
85 175
87 183
88 94
88 110
89 95
89 104
89 125
90 161
90 173
91 175
91 181
92 95
94 106
95 121
95 159
96 116
96 151
97 100
98 129
98 148
98 197
99 148
99 156
101 169
101 172
102 108
103 144
105 170
108 148
108 155
109 121
109 208
110 142
110 210
111 195
111 202
112 121
112 181
113 127
114 197
114 203
116 175
116 176
116 195
116 214
117 120
117 171
117 193
120 211
121 129
123 176
123 191
123 216
124 148
124 169
125 176
125 199
126 211
127 188
127 199
128 150
128 198
129 135
129 163
130 143
130 184
130 204
131 183
131 196
132 149
132 171
133 155
133 162
133 169
134 145
135 203
135 224
136 142
136 176
136 200
136 227
136 233
137 155
139 143
139 201
140 219
141 147
141 171
143 150
143 200
144 149
144 165
144 200
144 239
145 209
145 234
146 194
147 168
147 191
148 161
149 158
149 180
149 243
150 217
151 212
152 184
153 191
153 249
155 170
155 216
155 252
156 221
158 251
159 212
161 191
161 197
161 255
162 184
163 178
163 197
163 202
164 185
164 187
164 208
164 242
164 258
166 173
166 202
166 203
166 204
166 248
168 190
168 228
169 194
170 218
172 240
172 252
173 181
174 207
174 228
174 243
175 252
177 179
177 196
177 197
178 203
179 196
180 193
180 201
180 249
183 236
183 278
184 202
184 229
185 205
185 229
185 230
186 211
186 266
187 193
187 209
189 198
190 195
190 268
192 267
193 205
193 240
194 216
194 261
195 286
196 287
198 297
199 285
200 219
200 269
201 237
201 253
202 232
202 243
205 215
205 226
205 263
205 264
205 273
205 286
206 269
207 231
207 263
208 253
208 292
208 296
212 237
212 256
213 223
213 267
213 278
213 303
214 247
214 273
214 296
214 311
215 240
216 297
217 310
218 232
218 237
218 253
218 254
218 307
219 318
220 223
220 230
221 247
221 267
221 306
222 264
222 282
224 308
225 235
226 231
226 271
226 322
227 230
227 327
228 303
229 231
229 252
232 282
233 251
234 299
234 313
235 281
236 259
236 260
237 301
237 303
237 310
238 253
238 263
238 310
239 309
241 284
242 310
245 252
245 321
245 342
246 252
246 263
247 312
247 320
248 274
249 250
249 320
249 324
249 335
250 269
251 257
251 285
252 255
253 270
253 299
253 312
254 280
255 294
255 296
255 348
256 354
257 273
257 279
259 335
261 331
261 351
261 353
262 356
263 284
265 287
265 297
266 352
267 283
267 332
269 335
269 363
271 291
271 315
271 333
272 352
272 355
274 283
274 329
274 345
275 320
276 368
277 295
277 302
278 313
278 378
279 298
279 328
279 364
280 297
280 306
280 331
280 336
283 378
284 343
285 287
285 335
286 344
286 362
287 330
287 335
288 373
289 298
289 329
291 316
292 389
292 391
294 299
294 317
294 369
295 317
296 340
296 353
296 383
296 391
297 364
300 343
300 362
300 374
301 334
302 397
303 333
304 380
305 350
305 362
305 390
306 382
306 400
307 365
307 406
308 353
308 386
310 394
310 401
311 323
311 400
312 343
312 375
313 355
313 385
313 412
314 346
314 349
316 358
316 400
317 332
317 371
318 386
319 357
320 351
320 389
321 342
321 373
321 412
321 419
323 368
323 416
324 395
325 337
325 353
327 422
329 359
329 372
329 419
331 335
332 362
332 400
333 363
333 364
333 365
333 372
336 435
337 345
337 379
339 390
341 389
343 420
343 432
344 368
345 361
345 367
345 401
347 436
348 398
349 397
350 444
351 377
351 395
352 424
352 428
352 445
354 395
354 425
354 448
355 383
355 427
356 407
356 425
357 393
357 441
358 386
358 430
359 451
360 397
360 407
361 373
361 421
362 370
362 385
362 405
362 411
364 382
364 415
364 416
364 437
366 403
367 422
368 385
368 416
368 423
369 449
369 455
369 465
370 375
370 398
371 454
372 409
373 387
373 434
373 468
374 395
374 402
374 410
374 459
375 405
376 444
376 456
377 430
377 450
378 436
378 465
379 415
381 476
382 395
382 409
382 439
383 478
385 442
386 412
387 390
387 472
388 410
388 444
390 421
390 430
390 455
390 490
391 482
392 411
394 460
394 493
395 441
396 410
396 415
396 460
396 494
397 461
398 399
398 440
398 450
399 408
399 419
399 432
399 466
400 446
400 476
401 403
402 443
405 433
405 452
405 460
405 496
406 498
408 410
409 482
409 498
410 435
411 412
411 430
411 501
412 441
412 484
413 414
413 438
413 508
413 511
415 461
415 489
419 433
420 457
421 473
423 486
423 509
424 425
424 432
424 436
424 477
424 483
424 516
425 500
426 501
426 525
427 511
429 445
429 473
429 491
429 505
430 451
430 470
431 508
431 525
432 434
432 448
432 487
432 530
433 436
436 528
436 535
437 438
438 510
438 525
439 451
439 488
439 514
439 520
440 441
440 450
440 479
440 483
440 495
441 448
442 484
443 511
444 447
445 469
445 506
445 515
446 456
447 466
448 474
449 488
449 545
450 488
452 512
453 460
453 530
454 487
454 494
454 526
454 534
455 489
455 540
455 548
456 507
456 532
457 481
457 529
458 496
458 512
458 547
459 509
459 538
460 540
460 560
461 466
462 520
463 525
464 472
465 472
465 555
466 474
466 546
467 491
467 546
469 554
470 471
470 486
470 525
472 478
472 545
473 489
473 505
474 477
474 489
474 525
475 515
478 545
479 505
480 502
480 519
481 501
482 493
482 576
483 493
483 542
485 503
486 561
487 558
487 577
488 513
488 568
489 532
489 570
491 502
491 563
492 540
492 543
492 546
494 511
494 579
495 552
495 558
495 562
497 567
497 572
500 515
500 597
501 528
502 601
503 506
503 515
503 520
503 524
503 581
504 533
504 565
504 586
505 574
506 566
506 567
506 592
506 604
507 531
507 589
508 585
508 589
509 579
509 609
510 528
510 543
511 531
512 528
512 551
512 556
514 556
514 599
516 565
516 578
516 587
516 599
517 546
517 553
518 568
518 577
518 607
519 544
519 560
519 566
519 590
520 540
521 536
521 587
522 525
522 559
522 560
523 570
523 581
525 546
525 596
526 542
529 576
530 597
530 608
531 579
532 597
532 627
533 595
534 625
535 615
535 616
535 626
535 630
536 537
536 549
536 568
536 574
536 616
537 547
537 584
537 625
539 549
539 595
539 620
541 580
541 594
541 617
542 549
542 583
543 605
544 560
544 578
544 579
544 613
546 558
549 552
550 608
552 589
553 607
554 644
555 571
556 597
556 605
556 638
556 652
557 581
557 589
557 616
558 586
558 615
558 646
559 580
559 624
560 568
560 586
560 610
561 639
562 600
562 615
562 626
563 575
564 589
565 610
565 650
566 587
567 581
567 613
568 604
569 576
569 600
569 656
569 658
570 617
570 660
570 663
571 577
571 599
571 665
571 668
574 626
575 590
576 579
576 581
576 591
576 617
578 590
578 650
578 654
579 600
579 668
580 597
580 642
580 652
582 677
583 640
583 654
583 678
584 618
584 623
585 614
585 644
586 659
587 595
587 625
587 670
588 643
589 642
589 658
590 610
592 604
592 642
593 610
593 647
594 641
594 690
595 596
595 611
595 658
595 676
595 694
596 695
597 653
597 677
600 626
602 622
602 699
603 639
603 657
603 666
603 691
606 609
608 646
609 658
609 709
611 694
612 664
613 661
613 712
614 701
615 631
615 702
616 692
618 647
619 662
619 667
622 713
623 629
624 673
624 707
625 658
626 651
626 675
627 647
627 701
627 721
628 698
628 711
629 648
629 723
630 684
631 726
632 651
632 698
633 641
633 733
634 702
634 724
635 674
635 731
636 652
636 674
637 674
637 680
637 698
637 705
638 675
640 673
641 646
641 739
642 664
642 707
643 681
643 683
643 705
644 660
644 677
646 715
648 686
648 726
649 738
649 748
650 664
650 694
651 680
652 658
653 695
654 710
658 717
659 732
659 738
659 745
660 738
660 742
662 724
663 718
663 740
664 716
664 727
665 728
666 697
666 728
667 716
667 741
668 698
669 687
669 689
669 719
669 746
670 684
670 716
671 687
671 730
672 759
673 739
674 683
674 704
674 756
675 692
675 738
675 751
675 768
676 681
676 707
676 757
677 684
677 695
677 774
678 682
678 710
679 725
679 765
682 690
682 740
684 692
685 694
688 705
688 706
688 782
689 724
692 775
694 727
695 718
695 741
695 751
696 723
696 755
696 790
698 724
698 736
698 786
699 726
699 744
700 765
700 795
701 763
702 752
703 711
703 729
703 799
705 720
707 719
707 723
708 713
708 794
710 739
711 753
712 752
715 727
715 728
715 772
715 800
716 791
716 801
717 796
718 724
719 787
720 758
721 763
722 803
722 822
723 739
723 805
724 749
724 763
725 743
725 770
725 805
728 791
728 804
728 806
730 739
730 756
730 798
731 750
732 767
732 780
732 822
734 752
734 785
735 760
735 770
735 802
736 792
736 801
737 771
737 801
738 782
740 779
740 784
741 749
741 822
742 803
743 793
743 841
744 773
744 794
744 842
745 752
745 779
745 828
746 774
746 779
746 819
747 825
748 751
749 753
749 769
749 803
751 766
751 813
751 829
752 761
753 766
754 847
755 824
756 792
756 835
758 857
759 794
759 813
759 854
760 783
760 795
760 855
761 807
762 837
763 849
763 852
764 768
764 814
764 835
764 846
764 856
765 804
765 806
767 770
767 781
767 833
769 855
770 811
770 840
771 777
771 791
771 840
771 857
771 871
772 825
773 781
774 823
775 787
775 855
775 869
776 803
776 828
776 843
777 868
778 803
778 845
779 782
779 793
779 847
781 873
782 783
783 791
783 813
783 815
784 803
785 848
785 863
786 841
786 850
787 813
787 815
787 850
788 824
788 825
788 829
788 832
789 867
789 869
789 885
790 877
791 796
791 834
791 863
792 801
792 803
792 831
793 807
793 808
795 837
795 891
797 806
798 881
802 879
802 898
803 817
804 886
805 841
805 853
805 903
806 903
807 817
807 883
807 905
808 816
808 827
809 817
809 839
810 815
810 860
810 906
812 832
812 876
812 885
812 887
812 905
815 818
815 839
815 854
816 864
816 914
817 825
817 888
818 841
818 897
819 831
821 921
822 824
823 826
823 857
824 869
824 894
825 833
825 850
826 841
826 896
827 838
829 858
829 894
830 864
830 922
830 925
832 885
833 872
833 892
834 854
834 889
834 894
834 898
834 912
835 900
836 850
836 935
837 843
837 864
837 928
838 915
839 858
841 846
842 888
842 900
842 939
843 879
844 890
844 901
844 921
845 863
846 859
846 917
846 920
846 924
848 867
848 873
848 890
848 894
848 940
849 856
849 872
849 890
849 902
850 870
850 889
851 893
851 919
852 895
852 945
853 862
853 896
853 937
854 897
854 939
855 931
856 865
856 877
856 885
856 921
857 889
858 898
858 944
859 900
860 863
860 885
860 898
860 943
861 950
862 959
863 912
863 931
866 963
867 893
868 909
868 936
868 944
869 879
869 932
870 907
871 892
871 963
872 921
874 921
874 941
875 884
875 975
877 883
877 961
879 903
879 964
882 914
884 978
885 913
885 937
885 977
886 924
887 916
887 975
888 932
889 947
889 974
890 957
892 991
893 899
893 991
894 895
895 935
895 959
895 977
895 980
896 926
899 920
899 922
899 965
900 914
901 989
901 993
902 949
902 977
903 972
904 919
906 979
907 981
907 998
909 953
909 982
909 990
911 981
912 955
913 997
913 998
913 999
914 949
914 952
915 948
915 967
916 949
917 938
917 939
917 1000
918 920
918 943
918 989
919 953
919 981
919 983
920 943
921 950
921 976
922 942
923 926
924 951
924 993
924 997
925 998
928 998
930 977
932 998
935 996
938 954
938 987
941 943
941 948
941 959
942 995
944 964
945 949
945 955
947 958
950 956
952 994
954 960
956 963
959 976
962 970
963 985
964 989
965 970
966 967
968 972
972 995
974 999
978 988
978 990
980 995
985 990
985 995
992 993
14 6 6 15 28 12 12 3 1 9 6 16
3 4 1 3 1 14 17 14 14 4 0 3
0 7 2 12 6 7 1 15 4 20 2 5
5 5 18 2 11 4 4 10 4 2 6 18
10 30 19 8 8 8 7 0 1 9 18 3
2 13 1 1 3 0 4 2 5 11 10 11
0 15 2 21 2 8 8 1 7 0 10 2
38 3 1 23 21 4 8 16 14 2 14 10
19 17 2 2 6 12 38 8 3 3 5 7
3 16 7 11 19 8 2 1 13 1 23 13
15 4 3 16 19 25 9 13 26 12 2 19
19 21 1 6 24 13 6 12 5 4 15 10
5 1 19 9 3 4 8 8 16 6 8 1
12 2 2 4 5 10 12 25 21 10 9 12
18 14 1 29 6 20 8 1 17 11 26 13
4 22 6 14 21 2 10 13 7 2 20 18
10 2 3 7 5 4 13 0 2 3 7 12
6 5 3 1 6 4 4 4 4 7 10 10
6 2 2 5 9 4 10 1 6 2 14 1
21 12 29 18 20 10 9 23 0 19 6 13
47 57 52 51 31 64 52 39 49 34 35 32 37 38 29 32 69 60 64 23
11 29 21 27 16 34 17 16 22 11 10 16 21 20 6 12 28 27 27 11
1 11 11 7 1 14 11 2 1 6 2 1 6 1 1 8 2 6 6 1
6 19 23 19 14 30 29 14 12 24 6 14 10 5 13 11 14 18 17 8
8 26 28 23 11 26 27 16 13 17 11 5 23 8 3 17 19 16 21 10
24 59 46 45 24 50 45 33 45 20 30 27 45 37 10 23 47 42 52 22
6 16 17 4 12 13 20 7 7 10 5 7 10 6 8 4 9 6 13 7
7 32 28 18 16 26 36 13 18 19 7 6 26 3 5 13 23 17 28 3
32 32 37 30 24 46 43 30 39 34 18 35 10 19 24 34 46 43 43 15
50 51 55 39 54 66 63 31 59 42 24 47 33 18 41 36 57 60 66 22
18 27 33 26 11 29 16 25 15 15 26 16 20 20 14 12 26 30 23 13
40 41 60 46 42 63 52 38 40 43 24 47 31 30 35 38 48 55 52 37
41 68 55 42 42 69 69 48 63 44 35 41 51 47 38 32 71 63 76 24
1 16 26 16 15 24 23 5 2 17 1 4 23 1 2 13 7 16 19 4
7 40 33 18 17 30 38 30 21 16 14 14 30 17 9 18 29 24 40 5
1 17 18 11 8 17 14 2 5 9 4 5 9 3 2 1 1 12 8 2
27 47 45 37 25 47 50 20 43 21 21 25 28 24 18 10 44 42 36 22
30 22 27 27 35 40 33 9 30 24 4 21 13 8 17 16 34 34 34 22
5 35 28 23 9 37 35 20 16 24 11 14 24 15 12 20 23 24 30 4
19 40 47 37 30 41 43 39 22 29 26 22 40 23 20 21 38 41 52 13
10 5 10 8 12 9 11 4 5 10 3 1 4 3 4 1 17 10 13 6
8 37 25 19 25 31 38 22 29 20 4 20 25 15 11 13 30 25 40 7
29 62 56 41 37 66 67 21 53 36 21 28 30 35 38 30 58 56 56 16
14 37 30 17 24 28 41 19 30 15 10 20 20 12 11 12 30 24 39 9
3 17 11 18 5 17 12 11 14 16 3 12 7 7 4 10 10 14 13 4
1 8 10 9 4 12 10 10 3 11 4 1 8 2 2 10 14 6 14 1
26 37 45 20 28 42 43 15 33 25 17 21 15 13 20 16 30 33 38 14
20 62 62 43 45 58 58 26 37 31 13 19 58 36 24 22 50 54 57 18
1 12 10 1 5 3 7 1 3 1 5 1 7 1 1 1 1 1 6 2
46 63 49 44 34 59 65 46 55 43 39 44 39 37 35 48 63 51 62 17
40 60 57 60 32 53 45 37 48 35 25 36 39 33 19 29 60 54 60 34
25 40 34 22 25 35 40 17 30 20 21 9 33 28 30 5 45 33 38 10
10 13 9 10 11 16 11 1 11 1 4 6 10 6 1 5 12 11 8 11
25 49 33 39 18 27 36 37 22 20 27 14 47 27 11 23 43 30 45 17
24 37 37 34 35 47 51 32 26 38 12 17 42 21 19 25 44 38 53 14
11 39 31 20 27 40 36 5 28 12 3 17 25 19 11 7 30 29 36 8
1 19 15 9 3 14 20 3 1 10 2 1 12 1 1 12 4 5 13 1
6 31 15 18 10 27 29 18 16 12 6 6 24 16 12 10 30 22 28 1
14 23 25 25 11 22 22 26 3 13 14 1 33 19 4 14 27 23 32 11
17 49 32 27 31 44 54 24 42 25 16 21 33 32 34 20 47 38 44 7
21 43 46 47 28 56 47 25 35 29 24 18 42 29 24 20 44 47 39 21
25 27 39 34 33 44 42 22 26 30 16 14 35 14 18 15 41 36 40 21
15 33 32 40 22 40 39 33 22 34 8 18 36 20 8 29 36 36 40 13
8 17 12 1 12 16 23 1 4 12 6 1 9 4 10 3 12 8 12 4
6 29 23 12 12 24 27 17 16 11 11 8 21 13 12 12 26 14 25 6
9 57 41 28 34 47 39 12 43 12 14 21 38 33 24 9 36 37 43 7
26 50 40 37 29 41 41 17 15 28 22 10 43 32 16 21 37 39 50 11
6 17 11 13 9 16 17 11 13 16 7 8 10 7 8 11 15 10 18 5
4 8 7 7 4 4 8 5 7 5 2 4 3 1 1 4 8 3 6 5
24 41 49 41 31 49 38 8 30 29 14 23 20 19 9 26 36 42 38 19
6 21 14 8 9 15 25 15 13 12 8 13 10 8 10 12 15 8 20 5
16 42 32 22 16 43 37 19 28 24 15 21 21 28 20 18 33 33 33 9
5 16 14 10 14 16 20 11 6 8 2 3 15 3 3 9 18 7 22 5
11 42 35 16 22 44 46 15 31 18 17 13 25 29 33 12 35 31 35 4
15 13 4 16 18 14 23 11 16 17 1 13 7 2 8 12 23 15 19 7
5 36 24 17 25 35 35 11 27 4 4 5 30 22 20 6 31 25 34 4
28 49 53 52 19 43 41 37 20 37 26 10 51 30 8 32 47 43 50 24
18 36 42 46 44 49 36 23 33 37 9 28 39 24 9 27 40 44 49 19
8 21 20 7 16 28 32 8 10 18 4 5 20 14 18 7 21 14 21 4
11 43 45 30 32 48 49 24 29 25 22 21 41 37 37 13 37 43 42 11
14 35 34 36 27 49 31 12 25 19 7 18 25 16 7 24 34 36 36 15
14 35 23 23 22 34 20 9 27 15 11 17 20 23 12 6 31 26 27 11
28 47 55 34 39 49 53 36 31 24 17 26 46 28 14 28 49 45 59 25
16 18 22 7 24 24 27 4 14 9 6 10 8 3 12 6 20 15 23 11
1 22 26 24 13 30 30 21 7 24 6 11 27 9 7 20 18 19 26 5
5 8 5 7 7 10 5 1 8 2 1 2 2 4 1 1 7 8 4 6
16 55 59 33 47 62 70 23 37 41 15 22 54 28 40 17 43 48 57 13
6 13 14 2 12 22 21 1 7 11 1 1 10 7 12 1 15 11 10 3
4 21 13 5 7 22 21 9 9 7 8 5 10 12 12 2 16 12 14 2
9 50 38 24 18 40 38 18 34 14 13 17 35 24 9 9 28 28 33 13
31 39 30 28 26 39 44 23 39 27 22 21 27 20 24 18 45 34 43 16
9 25 20 10 11 25 33 17 19 19 9 14 16 17 20 11 26 18 25 4
40 39 48 34 49 53 59 24 40 38 10 33 35 18 32 25 49 43 52 31
26 30 25 34 30 42 40 27 31 35 13 22 30 13 22 24 44 37 43 12
23 33 33 33 35 42 32 9 33 28 13 20 24 16 19 5 33 35 35 15
13 38 28 20 21 15 34 18 28 20 12 14 31 14 6 9 27 19 30 13
20 33 30 17 11 36 38 33 21 27 19 19 20 23 20 25 40 27 39 5
40 55 58 42 30 54 56 56 36 45 39 34 44 44 35 39 62 54 68 14
44 43 48 48 53 61 67 35 43 49 25 45 39 24 39 37 58 55 57 30
21 39 35 33 23 35 35 28 21 23 17 15 35 19 13 17 42 35 43 12
8 25 16 19 14 23 31 22 12 17 7 9 29 12 8 19 29 16 29 7
21 48 39 27 18 39 37 29 25 17 23 13 32 25 16 13 38 36 51 6
8 26 20 17 12 31 38 21 13 24 6 13 19 7 14 23 25 20 33 2
7 10 14 6 10 22 16 9 5 12 5 6 5 5 12 7 14 12 14 4
1 29 25 21 15 23 31 12 16 14 5 7 29 18 13 5 24 21 24 1
24 37 35 39 38 44 45 25 35 36 8 21 32 14 13 27 41 40 48 15
16 46 49 50 41 58 50 21 31 39 10 31 48 26 14 32 38 48 50 19
26 64 59 50 45 55 57 36 51 26 17 29 57 38 24 24 60 58 65 23
9 24 17 18 12 23 19 11 20 13 8 12 9 9 8 9 19 15 21 9
1 24 16 8 10 12 13 9 10 1 7 2 19 5 1 3 10 10 19 1
17 44 31 24 34 45 41 7 35 17 11 12 35 24 28 6 36 34 40 8
1 4 2 1 3 7 14 1 1 7 1 1 1 1 2 1 5 1 5 1
38 59 47 56 39 57 46 26 45 36 19 33 45 39 16 29 64 59 61 25
33 46 56 62 43 59 48 39 36 34 27 34 51 36 18 34 58 58 58 33
27 56 29 36 22 46 49 29 45 24 27 27 34 33 24 24 46 39 41 15
4 25 14 12 12 24 16 6 16 10 7 12 9 15 10 2 17 17 20 1
16 20 17 13 15 40 34 9 21 22 8 12 15 12 24 9 25 28 27 1
36 69 68 46 49 73 68 43 49 39 22 36 57 44 25 36 64 66 74 28
9 23 22 10 6 28 25 12 14 14 8 10 11 12 11 15 17 19 20 4
32 49 47 27 19 49 47 29 47 27 28 35 14 30 27 31 42 39 37 17
13 45 29 33 21 25 36 21 28 16 11 11 40 30 13 11 36 34 40 6
12 34 32 25 24 39 36 14 25 13 8 9 24 14 12 16 31 26 30 14
7 15 13 8 11 15 14 5 5 8 5 1 15 5 1 7 11 9 11 8
4 10 7 5 8 10 16 9 7 7 4 7 8 6 7 6 10 5 14 5
8 23 35 26 18 42 36 20 10 30 12 11 22 8 15 20 22 27 27 10
12 31 23 10 9 25 30 17 20 16 17 14 15 16 18 13 25 14 24 7
28 38 38 32 14 43 36 31 19 20 23 11 38 30 22 15 44 37 40 21
13 23 9 16 16 20 28 17 14 20 7 10 19 8 9 17 28 14 25 5
1 7 5 6 2 16 12 2 5 7 1 1 1 2 3 4 3 4 7 1
6 18 16 11 4 22 16 14 11 7 10 8 13 15 8 8 14 15 17 4
22 33 33 32 13 23 23 20 20 16 20 10 26 15 4 17 32 23 29 17
19 38 35 16 12 23 33 16 29 13 20 15 20 16 10 12 26 16 26 14
1 7 7 3 1 10 7 1 3 1 1 1 4 3 1 1 1 5 4 1
29 62 64 62 46 64 54 38 43 40 23 37 54 31 18 31 58 64 73 25
15 24 12 23 19 23 27 18 21 18 5 15 18 12 9 15 28 21 31 10
33 49 60 45 35 59 50 48 33 37 26 32 49 41 22 34 48 56 58 25
1 11 6 2 1 8 6 3 6 1 2 3 1 4 3 1 1 6 3 1
12 38 23 12 7 33 28 19 27 15 20 22 12 27 18 12 26 25 30 1
1 9 7 1 3 1 7 1 1 1 2 1 7 1 1 1 2 1 6 1
15 53 38 36 26 57 40 15 28 26 14 13 43 30 17 19 47 46 49 1
34 68 48 38 40 66 67 38 61 44 31 43 48 31 42 34 62 58 70 5
3 19 21 9 4 19 14 6 5 9 6 3 11 3 3 11 9 9 12 4
1 10 15 8 2 11 12 10 7 11 5 10 2 5 7 4 6 9 8 1
8 14 9 8 15 19 19 6 6 12 5 4 11 4 11 7 12 12 18 4
27 61 58 56 34 55 52 36 41 29 32 9 58 45 28 26 65 52 53 28
9 29 31 16 26 33 45 19 17 27 7 17 27 10 18 11 24 22 33 8
13 41 45 35 30 48 44 12 13 30 14 7 44 28 20 20 35 40 37 7
26 65 59 44 28 59 66 36 39 43 32 28 51 35 30 35 54 50 54 18
3 24 17 13 12 25 22 1 4 12 2 1 16 1 2 12 11 13 15 3
19 25 30 29 28 41 31 22 20 20 9 13 27 21 13 13 38 38 43 12
15 39 38 47 18 38 32 31 17 34 18 18 37 19 8 29 33 41 41 10
6 17 10 4 12 14 16 6 4 8 6 4 15 7 7 4 12 5 14 6
24 55 50 56 18 58 53 48 25 44 28 24 53 36 23 35 49 57 55 13
1 6 4 6 3 8 9 4 5 8 1 2 1 1 2 6 6 3 7 1
14 31 16 22 23 22 38 18 21 28 7 15 27 11 11 20 24 17 31 5
16 23 26 19 19 23 21 16 11 8 12 10 23 12 7 14 26 18 28 13
11 28 26 16 19 22 23 6 18 6 8 7 18 7 3 8 16 15 24 11
4 13 6 7 10 12 10 1 8 5 1 2 5 5 2 1 10 9 11 3
1 11 7 1 1 6 8 7 2 1 4 3 6 7 3 1 6 3 8 1
11 12 14 13 14 19 19 8 13 14 3 9 5 5 9 6 17 13 13 10
7 14 17 6 9 14 16 10 11 9 8 9 3 7 9 6 15 8 12 7
1 7 4 1 1 10 9 1 1 1 1 1 5 1 1 1 4 1 1 1
39 50 59 64 43 59 63 35 44 48 21 34 47 18 14 48 56 54 53 36
2 9 4 3 5 11 16 6 4 6 1 2 7 3 2 4 11 1 10 3
1 5 5 6 1 4 6 4 3 9 1 2 1 1 1 4 4 2 4 1
1 22 20 12 9 17 22 14 14 12 8 10 15 8 7 10 13 11 22 1
30 44 43 59 26 56 43 47 32 44 25 28 51 40 24 26 57 58 63 24
5 7 5 1 8 15 16 3 1 9 1 1 5 3 8 1 12 5 12 1
13 38 23 30 4 33 28 30 20 11 16 12 33 28 12 14 34 32 36 8
32 43 45 33 23 54 48 27 42 21 26 22 26 29 23 26 51 44 40 24
27 25 37 38 39 50 47 5 23 38 1 14 23 4 10 27 36 41 43 15
1 12 10 4 5 14 11 3 4 6 4 1 8 4 4 4 7 5 7 1
38 59 62 59 33 52 52 37 28 38 33 10 60 37 13 34 58 51 61 30
8 29 29 15 6 25 18 14 13 12 17 11 17 15 10 5 17 17 14 6
10 35 26 27 10 27 24 25 11 11 16 5 30 19 3 15 24 24 33 7
2 23 16 12 6 21 26 12 7 13 5 7 14 4 6 15 11 9 19 3
45 55 51 58 46 72 62 60 52 61 43 54 45 48 46 53 68 69 71 26
31 67 50 44 17 44 43 35 41 17 38 20 49 44 16 4 48 45 53 25
37 33 19 39 40 37 46 26 39 35 16 29 34 15 27 26 49 41 51 13
13 43 42 27 13 33 39 31 20 24 21 12 32 20 11 25 33 29 46 4
4 14 12 7 5 14 15 10 8 9 6 7 10 8 7 5 9 8 12 5
1 16 6 1 3 11 13 2 4 1 2 2 6 3 3 1 3 4 7 1
25 29 18 23 24 38 33 21 33 23 14 23 17 25 23 12 42 36 44 8
5 15 6 9 6 8 14 5 9 10 5 3 3 1 3 5 11 4 9 4
1 4 3 5 1 13 5 2 1 4 1 1 5 1 1 3 7 6 6 1
27 56 40 28 33 58 66 31 49 39 18 30 36 37 41 28 52 50 59 1
8 23 17 9 7 20 26 14 7 12 10 7 16 13 10 8 17 14 24 2
3 13 9 15 7 22 20 7 10 18 1 5 8 4 5 10 15 14 20 1
1 17 11 9 6 21 21 10 8 3 1 2 16 5 4 8 11 12 16 1
30 50 50 54 48 66 61 47 26 46 28 34 57 44 39 36 60 61 66 27
11 2 9 8 18 20 14 1 5 15 1 2 10 1 9 1 16 15 15 4
1 19 13 14 12 26 21 8 8 13 1 5 15 4 6 6 12 15 22 1
3 16 14 7 11 15 18 2 9 7 1 3 11 4 3 3 4 7 13 4
9 18 24 23 17 36 26 10 8 25 2 2 19 5 7 16 23 26 28 5
22 32 43 35 35 49 47 12 12 31 6 8 38 15 9 27 43 41 45 12
2 23 21 16 5 19 20 3 11 12 7 3 12 3 1 3 8 10 8 3
20 18 26 24 17 30 17 5 23 7 10 10 12 8 5 10 27 23 21 19
23 47 31 22 28 38 45 25 34 20 18 18 32 24 21 10 40 34 48 8
3 27 26 25 23 43 26 7 25 10 1 10 24 23 20 2 30 33 25 4
6 14 13 11 6 21 17 4 7 14 4 1 9 1 6 5 17 12 13 1
41 52 36 39 22 37 44 41 35 29 35 25 37 34 27 19 56 41 52 22
13 47 42 33 39 52 31 22 37 25 8 29 46 33 11 17 40 45 46 16
25 55 50 39 42 56 51 27 45 13 14 28 45 35 20 20 52 51 57 21
1 17 13 2 5 7 15 1 4 3 2 1 7 1 1 1 1 1 7 1
5 17 10 6 8 17 17 9 7 5 4 5 17 10 8 8 13 8 12 6
15 46 27 35 30 43 34 15 41 26 7 29 32 29 12 18 38 38 38 6
4 10 5 10 4 10 10 12 8 6 3 5 8 5 2 9 13 6 12 5
16 40 27 22 15 27 41 27 23 27 16 18 25 21 17 19 32 28 43 2
11 29 31 22 14 38 33 14 17 27 9 12 14 14 14 21 22 27 27 7
3 7 7 4 5 10 7 5 3 7 3 3 7 5 4 4 7 5 7 4
13 27 40 36 25 43 40 24 6 40 16 21 32 17 20 33 25 32 34 15
15 24 18 19 19 28 34 9 19 25 1 10 15 5 10 13 26 21 22 7
16 36 35 22 25 33 34 12 23 7 11 10 30 24 16 10 33 27 30 13
17 44 32 34 23 27 38 20 23 25 15 12 36 12 5 25 33 26 39 13
31 61 62 33 35 58 60 41 45 36 24 32 48 34 23 36 44 48 53 29
25 40 33 42 36 56 45 19 44 32 12 29 29 18 27 20 50 50 44 12
3 11 11 9 6 24 13 6 7 10 1 4 5 5 8 6 10 13 14 1
51 58 45 51 31 62 55 50 51 41 38 37 37 43 36 36 71 64 70 19
1 18 15 9 1 11 16 4 3 9 6 1 12 3 1 7 5 6 12 1
15 39 34 16 17 24 32 19 14 12 17 8 31 22 12 7 28 20 30 10
9 34 31 26 22 26 19 5 21 15 9 12 23 14 2 4 19 24 26 9
2 26 23 12 14 15 18 12 9 8 8 7 20 10 5 1 11 17 23 1
19 28 29 35 28 45 24 17 15 30 14 18 30 23 17 11 34 41 37 7
34 49 57 49 30 49 45 23 21 21 26 10 48 28 5 30 52 45 50 27
1 11 6 1 3 15 14 4 5 3 2 4 5 5 7 2 7 5 5 1
29 53 63 41 38 69 66 41 41 49 22 32 39 38 38 39 55 54 53 21
28 60 68 58 54 79 60 30 49 46 17 40 56 40 19 41 59 65 67 27
3 9 9 4 5 13 11 3 3 6 1 2 8 3 2 5 5 4 6 4
22 47 51 49 49 79 53 18 45 38 11 29 47 34 38 22 57 65 56 12
29 42 36 44 44 56 53 30 40 32 6 27 43 28 14 29 56 48 61 22
1 2 3 1 1 8 4 1 1 1 1 1 2 1 1 3 4 1 3 1
23 34 37 21 22 35 36 16 15 22 14 14 22 19 14 19 36 31 40 9
24 43 36 45 28 39 35 27 36 28 22 28 35 28 18 21 40 43 36 20
29 47 60 35 33 58 50 28 41 25 22 26 37 32 22 29 51 47 45 25
17 28 27 23 15 25 27 28 16 21 17 13 22 16 13 17 37 24 35 8
1 7 3 1 4 12 9 3 1 1 1 1 6 1 3 3 7 1 7 1
7 36 30 17 24 36 30 15 22 15 8 16 26 16 11 8 21 24 31 9
9 38 33 19 24 34 40 13 25 16 3 14 29 9 7 16 23 24 31 13
29 65 69 49 32 66 70 28 52 35 31 31 44 36 32 24 54 56 51 24
1 8 9 6 3 15 10 10 4 4 3 5 9 6 5 8 10 7 10 3
44 56 43 47 26 49 54 36 39 39 36 23 48 30 27 26 60 48 55 17
1 17 5 3 1 18 10 3 11 1 1 5 3 10 6 1 6 11 5 1
4 7 8 6 5 9 6 4 8 1 1 3 1 3 1 1 9 6 6 5
18 29 27 25 23 38 28 17 19 13 9 7 26 21 16 11 38 34 33 9
53 51 63 56 50 77 59 43 52 49 33 48 41 30 42 41 67 73 71 29
20 37 38 27 16 39 29 15 30 20 22 20 16 23 16 8 29 30 22 17
14 24 24 26 21 35 30 9 18 22 1 12 15 11 9 21 24 24 27 13
1 14 14 4 1 11 8 1 3 6 4 1 2 1 1 3 1 4 1 2
14 19 26 14 26 29 34 9 14 26 12 15 19 5 24 5 20 23 28 3
19 42 34 30 24 29 35 12 35 13 16 15 27 17 4 12 30 23 32 20
5 16 16 9 3 23 17 15 11 8 8 10 9 10 10 12 14 15 15 3
14 20 11 17 14 19 13 12 10 8 9 4 18 15 7 6 23 20 25 7
2 1 5 3 5 9 4 1 1 4 1 1 2 1 1 2 7 4 3 3
13 29 28 23 23 29 35 25 12 20 11 7 33 15 10 19 30 24 41 8
24 46 35 34 19 33 37 17 36 6 23 11 36 29 8 7 41 31 31 22
29 62 44 50 55 59 63 39 59 34 17 41 59 40 28 37 62 58 67 23
30 58 39 35 33 62 52 27 50 40 23 34 41 46 35 24 61 56 64 2
8 20 16 12 14 31 17 8 15 4 3 6 14 11 10 6 25 21 20 6
10 14 20 10 13 30 27 14 11 19 7 11 9 8 16 11 19 21 26 1
14 40 32 15 11 31 36 21 32 19 18 19 19 23 22 17 32 25 28 7
7 21 23 8 5 29 23 10 12 16 7 9 7 9 11 15 15 18 18 1
16 28 19 26 22 36 34 24 19 22 9 8 29 19 16 19 40 31 34 10
11 28 16 13 6 32 26 19 21 20 12 17 6 21 17 11 27 25 30 1
9 20 17 9 16 21 26 8 15 10 4 7 14 11 14 7 20 11 15 9
1 11 9 7 3 14 8 3 8 4 1 2 1 3 1 2 6 7 7 2
14 36 30 30 6 34 27 23 25 10 21 11 25 22 4 12 31 26 25 16
39 70 59 59 35 57 61 56 46 41 37 32 64 45 24 36 61 59 63 25
7 25 16 15 13 29 25 3 8 16 5 4 15 6 8 12 12 18 21 4
33 37 42 57 49 57 41 29 37 46 20 49 38 31 23 38 49 54 54 30
2 9 5 1 6 6 5 1 2 1 2 1 3 1 1 1 3 2 4 3
1 12 9 4 3 15 11 1 1 7 1 1 5 1 3 3 4 5 7 1
5 18 9 11 8 18 17 9 11 12 4 7 10 10 8 5 13 10 16 5
16 22 22 8 20 30 26 11 16 14 10 9 17 13 19 7 29 19 21 10
5 13 9 6 9 8 17 10 8 7 5 8 8 6 7 6 9 5 14 6
8 39 26 15 20 28 42 19 23 21 9 14 29 15 15 16 27 18 33 5
28 44 50 35 23 50 50 21 39 27 22 28 24 19 17 25 42 37 36 22
41 51 63 41 42 63 64 51 40 43 32 38 46 39 34 38 63 62 70 22
45 44 40 42 42 60 62 42 47 52 28 43 39 25 40 42 64 56 66 11
13 15 16 11 17 29 25 14 9 15 5 7 16 9 13 10 27 17 24 8
1 23 10 7 6 7 22 11 7 5 3 3 20 9 3 3 14 4 20 1
27 53 56 34 43 61 68 43 40 47 13 32 46 30 26 40 49 49 62 24
17 34 45 41 40 56 44 23 23 29 16 19 43 31 26 22 41 47 42 21
11 50 37 33 20 41 36 6 28 23 13 13 31 21 6 14 28 28 30 12
26 28 44 40 38 51 46 11 11 45 17 18 30 18 21 30 33 42 36 18
13 25 23 17 19 28 34 11 14 17 4 10 17 2 8 16 26 15 29 9
1 8 12 3 1 12 8 6 3 5 4 4 3 4 4 3 5 6 7 1
1 24 15 7 7 21 19 4 10 6 6 2 16 13 7 3 13 12 13 1
41 58 58 63 58 78 74 35 55 58 15 42 48 28 27 52 70 71 80 23
17 51 46 35 38 56 59 30 31 41 9 24 48 23 24 21 42 48 55 14
13 28 25 26 14 31 15 16 26 13 14 20 9 18 9 10 27 28 25 10
31 55 42 35 24 55 44 32 42 45 28 37 29 43 28 29 52 50 57 6
1 19 16 1 13 10 23 9 10 5 4 7 12 4 7 1 8 6 20 1
1 7 5 1 4 5 8 1 1 2 1 1 4 1 1 1 2 1 4 1
39 46 47 38 44 56 55 34 43 33 17 33 38 24 26 27 55 53 61 23
17 47 41 34 17 42 44 24 29 24 22 13 34 21 13 21 35 31 42 14
18 27 15 22 16 15 23 14 20 21 13 7 20 11 9 8 29 20 30 8
33 54 64 44 47 58 65 21 29 41 26 15 60 30 25 20 51 53 54 23
50 46 55 51 53 63 60 40 40 38 22 31 54 26 28 34 68 61 71 32
9 14 15 4 19 11 21 4 6 12 3 1 15 5 8 1 14 8 20 6
16 47 23 29 23 40 38 22 34 29 12 28 27 28 15 20 40 33 43 5
14 21 19 12 17 24 20 3 16 8 8 2 15 8 12 5 24 16 14 11
6 6 8 4 9 10 12 1 5 4 1 2 7 2 2 2 8 5 6 7
5 11 10 6 10 9 9 7 3 4 5 1 14 4 2 7 13 6 14 6
36 56 53 49 34 59 56 23 39 46 32 26 41 33 28 43 56 50 54 22
6 13 12 12 7 20 10 6 8 5 1 4 10 7 2 3 15 14 9 6
17 34 27 24 22 44 33 20 29 13 13 18 24 26 20 15 40 35 37 12
9 20 17 9 7 14 19 12 9 6 7 5 15 13 6 2 20 11 16 6
22 54 54 50 36 62 51 38 42 27 18 26 49 46 26 24 57 59 57 16
4 10 8 4 11 3 14 3 6 3 1 2 8 1 1 2 6 1 10 5
23 49 43 46 40 62 44 29 36 35 15 23 50 43 23 22 58 57 60 10
19 35 33 34 42 53 52 20 31 35 1 17 40 14 16 24 40 43 54 13
23 41 40 26 7 25 29 31 22 22 26 20 21 24 13 15 35 29 34 11
1 10 1 9 1 12 3 2 5 1 1 1 2 3 1 4 6 8 8 1
4 18 15 9 10 20 20 12 11 8 8 9 13 10 11 9 13 13 20 1
51 54 50 50 46 62 68 31 59 32 32 39 46 22 29 32 68 54 58 33
23 27 26 35 32 45 42 27 27 37 10 25 30 13 24 26 40 39 36 14
27 45 38 36 41 54 63 29 35 49 21 32 45 13 39 30 45 43 49 6
6 10 12 10 7 9 10 8 8 12 4 7 4 3 4 6 9 7 9 7
19 26 21 17 21 17 25 6 19 11 13 2 19 10 8 2 25 17 25 13
2 22 20 3 11 16 22 9 14 5 5 6 11 7 5 3 9 9 20 1
23 39 37 33 31 53 50 6 21 43 16 9 35 15 24 28 36 40 37 1
22 33 38 13 24 40 44 12 25 18 8 20 17 15 18 18 34 29 35 13
14 26 30 22 18 38 22 6 21 18 9 15 7 11 12 10 21 27 22 11
45 49 55 46 44 54 54 27 33 39 20 25 41 23 24 34 57 51 59 29
26 39 36 22 21 35 39 21 27 25 23 20 21 20 19 15 39 27 36 15
2 10 8 2 6 17 22 1 1 10 1 1 11 3 6 2 10 6 11 1
1 9 10 5 1 6 2 1 4 4 5 1 4 1 1 1 1 5 3 2
11 18 20 16 11 14 19 10 13 21 9 9 9 4 7 8 20 9 15 9
15 23 28 27 29 28 35 20 18 28 9 21 22 5 14 19 24 25 32 13
3 19 13 14 14 24 28 10 8 20 1 7 19 2 9 8 18 16 22 1
35 62 74 56 43 74 72 49 32 46 34 33 61 46 41 41 68 68 74 24
36 44 53 47 44 62 56 16 26 52 31 24 45 23 33 33 47 50 48 19
7 14 14 13 15 28 21 6 7 18 4 10 9 6 14 1 11 20 16 5
7 27 8 13 14 27 24 11 18 13 5 13 12 15 11 5 25 17 28 2
30 36 30 38 26 35 20 13 29 10 20 16 27 25 6 10 44 38 39 21
41 40 31 46 42 45 43 26 38 28 9 27 36 24 19 21 55 49 58 27
15 42 35 28 10 36 29 20 15 19 18 9 26 27 14 6 31 33 32 8
8 10 10 7 9 10 12 4 7 6 4 4 6 4 1 4 9 7 5 9
20 52 61 35 39 49 55 16 30 25 14 21 41 24 16 21 41 45 47 16
1 7 9 1 2 7 5 1 1 2 2 1 2 1 2 1 3 1 4 1
14 36 29 14 18 36 34 13 20 21 14 15 16 18 18 14 23 24 32 7
1 10 3 3 4 12 10 1 6 2 1 1 6 6 3 1 8 6 4 1
36 60 51 57 38 60 42 34 53 33 31 40 46 44 13 37 69 58 63 26
29 35 45 41 30 43 41 24 14 40 24 16 36 17 20 23 40 38 40 19
51 64 70 62 44 65 70 41 52 40 41 41 50 37 25 30 63 64 67 40
11 9 8 7 15 17 19 5 9 14 1 6 4 1 9 4 17 10 17 6
6 12 5 7 9 10 14 8 4 9 7 1 12 8 7 4 13 8 16 4
29 60 48 43 44 49 62 10 40 38 15 17 47 26 18 29 52 45 56 14
23 54 52 38 49 55 59 32 47 30 14 32 48 36 34 15 52 52 58 23
13 22 20 16 13 25 16 4 15 14 11 7 11 10 11 4 16 17 18 9
4 13 12 3 7 12 17 2 5 9 4 1 1 1 6 1 7 4 11 1
10 19 19 7 9 17 21 13 15 11 13 11 4 9 12 10 16 9 16 8
14 35 49 37 42 60 59 30 28 36 14 18 43 32 36 25 47 47 49 18
2 14 13 5 1 21 15 12 7 3 6 7 6 6 7 9 11 12 11 1
12 15 12 18 14 10 19 11 19 11 4 13 10 4 1 13 22 14 19 9
9 24 23 20 20 33 24 4 17 16 3 13 14 11 10 3 19 24 16 9
33 47 38 41 42 51 56 33 42 47 28 39 39 25 37 27 48 49 59 14
12 36 26 37 23 37 29 23 31 23 9 28 30 26 12 12 35 39 34 9
18 40 24 29 21 36 44 21 26 32 10 13 34 24 20 19 38 35 39 4
35 41 64 40 42 68 59 40 33 40 26 41 37 31 36 40 57 56 53 31
21 36 41 19 26 39 37 12 28 16 15 18 19 11 15 9 27 28 29 14
28 46 51 49 43 59 51 42 33 30 21 32 48 33 23 22 54 58 66 26
1 12 12 4 7 12 16 6 5 8 4 6 9 6 8 5 8 4 11 1
26 37 37 28 31 48 46 17 29 25 17 11 33 14 21 19 38 35 39 16
5 15 13 7 8 15 24 9 7 17 3 7 7 4 10 8 12 5 15 3
19 58 51 34 30 54 46 15 39 32 22 28 35 29 19 14 34 42 42 10
1 13 10 9 5 12 18 8 8 10 1 6 8 4 5 8 5 6 11 4
11 9 6 9 14 12 24 9 10 19 1 7 9 1 11 9 19 10 20 5
34 55 34 40 26 48 51 32 42 40 30 27 33 31 27 28 48 42 44 15
14 33 47 32 32 45 49 24 21 34 11 20 31 7 15 27 35 36 48 12
11 32 30 14 13 29 30 7 13 17 11 8 15 11 10 13 21 18 20 7
14 45 35 32 23 41 31 12 25 23 17 17 28 27 9 20 30 33 36 10
24 67 47 48 46 65 68 35 50 42 17 27 61 35 32 26 61 59 70 7
11 25 18 15 18 32 30 6 20 16 6 2 18 10 20 7 26 22 22 3
14 30 16 35 21 39 33 29 21 33 9 18 28 19 14 25 36 35 40 2
9 29 14 20 13 21 21 12 22 8 7 8 22 20 9 7 26 21 22 8
39 57 56 45 22 56 49 37 45 26 34 25 37 38 24 27 64 54 51 24
33 41 42 29 45 57 55 33 40 38 14 28 41 25 29 29 48 49 56 18
17 33 21 23 14 33 34 29 24 31 16 24 16 21 21 18 32 32 34 1
28 43 36 31 21 40 44 13 21 27 21 5 36 21 12 16 41 31 34 17
1 7 6 1 4 10 12 4 2 4 1 3 1 2 6 1 6 2 6 1
16 38 36 41 14 41 37 38 23 33 16 20 34 27 12 30 39 42 47 7
7 16 16 6 11 20 20 6 7 11 3 3 15 11 10 1 18 12 13 5
33 39 44 50 40 61 55 36 43 47 18 34 38 22 26 34 55 54 56 22
18 35 40 33 17 30 35 13 26 20 14 13 29 8 1 18 28 24 29 19
23 42 53 36 23 46 41 22 21 32 26 19 31 22 14 29 36 40 41 13
25 70 55 37 30 47 62 33 43 30 25 24 47 38 26 28 54 49 60 9
43 49 62 63 46 69 59 57 47 51 33 53 44 44 30 52 67 69 70 37
20 49 39 32 43 44 55 26 39 35 10 25 44 26 25 14 44 44 49 14
4 15 8 6 5 10 18 14 11 9 6 9 7 8 8 6 18 7 19 2
5 19 13 6 9 9 18 11 5 5 7 3 12 8 4 2 15 6 19 3
21 31 44 35 35 37 42 26 36 22 11 24 28 10 8 28 38 33 44 24
11 33 23 8 26 25 35 19 18 16 8 15 31 18 17 5 23 19 33 11
35 33 36 44 43 53 51 23 39 35 13 24 37 16 18 32 53 44 54 23
28 66 63 62 38 67 53 29 49 44 35 41 54 38 17 33 48 56 59 28
7 8 5 8 10 11 19 4 6 16 1 2 7 1 5 4 16 8 14 3
2 13 12 3 5 17 14 4 4 4 1 2 10 4 5 3 9 7 7 3
15 52 37 45 24 46 34 21 38 25 18 18 41 35 18 17 50 44 44 9
15 6 13 12 17 12 15 6 10 7 1 9 7 4 3 6 21 12 21 12
1 5 5 1 4 12 8 3 2 4 1 2 3 1 6 2 6 4 8 1
31 38 47 36 28 59 40 30 37 32 25 30 23 29 25 27 48 49 42 22
3 3 7 1 4 4 6 3 4 2 1 3 1 1 2 1 5 2 4 4
1 31 31 31 18 39 37 16 20 25 1 7 28 14 10 20 28 31 27 2
3 14 5 14 8 14 12 6 13 10 3 8 4 8 5 6 12 11 14 3
22 47 40 20 25 29 42 31 30 10 16 19 39 31 18 6 42 34 46 18
7 41 24 30 26 38 37 8 34 18 1 16 26 22 16 9 35 31 33 5
22 41 36 15 22 48 47 33 26 27 23 20 31 32 30 26 45 39 48 4
24 44 51 47 36 59 38 24 35 30 21 34 35 28 18 26 44 52 52 20
27 70 54 43 28 59 52 26 52 44 26 36 40 41 23 31 57 53 55 11
30 46 46 45 30 49 52 35 35 42 15 24 42 25 14 38 49 40 45 26
15 15 14 17 18 32 30 8 10 25 6 6 23 4 17 17 25 22 28 2
33 67 58 48 39 74 65 20 46 41 28 27 55 33 29 26 54 60 60 13
24 35 38 28 19 40 26 29 24 18 24 17 25 25 17 20 42 36 35 16
6 17 12 6 13 21 19 1 12 5 1 1 14 10 11 5 15 12 9 7
6 16 12 10 13 12 22 13 13 12 5 10 13 8 9 8 16 8 21 7
3 11 9 6 6 9 15 8 5 11 4 5 6 4 6 6 11 3 12 3
18 35 27 31 30 39 30 11 29 24 8 13 28 15 10 14 38 30 39 10
28 61 56 46 54 76 68 28 54 39 10 31 54 39 29 32 62 63 71 17
31 61 55 43 46 64 57 30 55 37 24 40 43 34 29 18 53 55 56 29
41 43 54 54 48 61 59 18 37 52 12 31 36 20 23 49 52 52 54 31
34 63 58 38 36 51 59 55 45 39 31 41 55 44 34 30 59 55 63 24
12 38 31 29 11 32 25 19 14 15 15 5 29 20 7 9 30 28 31 6
33 37 42 47 34 56 56 43 25 50 30 34 47 27 37 35 52 54 61 14
18 65 52 43 39 54 56 30 51 36 21 37 49 34 22 20 45 46 48 21
1 2 3 1 1 1 4 1 1 1 1 1 5 2 1 1 4 1 5 1
7 27 37 23 31 37 32 20 20 23 6 17 29 12 12 12 21 32 32 15
3 9 8 1 3 4 6 1 3 1 4 1 3 1 1 1 1 1 2 4
29 41 37 26 23 43 34 29 42 27 27 37 18 37 28 24 41 41 42 9
1 20 15 2 7 15 15 5 7 4 7 5 7 4 7 1 6 7 12 1
15 45 36 23 14 42 45 19 35 25 11 23 18 21 19 23 35 35 35 6
6 25 15 12 12 22 36 10 10 21 1 8 20 7 12 13 18 11 24 3
5 45 38 22 17 40 43 18 23 18 12 10 32 24 20 14 31 29 37 1
9 7 11 9 14 20 13 2 10 6 1 5 3 2 6 3 13 13 14 7
31 44 34 32 17 45 40 29 28 30 30 15 32 29 31 11 45 43 46 8
4 27 24 10 17 15 29 11 13 15 4 10 21 6 4 6 14 9 21 5
4 8 9 3 7 7 9 5 5 8 3 3 1 2 6 1 9 4 7 4
18 40 35 26 25 40 38 13 31 14 9 23 24 22 10 15 34 34 41 13
8 23 24 19 17 23 22 11 22 7 3 12 16 6 1 11 16 18 27 9
28 56 43 45 42 49 57 37 44 29 23 29 51 36 30 31 60 48 60 14
60 59 53 50 30 59 58 39 56 35 44 35 36 40 34 27 72 62 66 31
26 65 55 49 55 70 64 33 51 45 7 29 65 41 22 29 64 61 73 17
22 50 40 40 33 42 48 15 26 35 19 12 41 20 13 34 39 34 49 13
12 42 31 27 25 41 28 16 30 15 12 21 31 33 18 5 35 38 34 8
15 36 33 33 15 32 38 25 16 31 15 9 33 14 9 26 38 28 40 8
5 13 9 7 7 8 12 10 7 10 6 6 9 7 6 6 11 5 13 6
21 47 55 53 36 60 51 30 33 40 24 28 43 28 19 31 41 48 49 26
12 29 25 13 25 23 36 13 21 10 5 10 26 15 13 7 29 17 32 9
36 48 50 45 38 73 72 48 46 59 27 43 44 36 43 45 59 65 65 14
11 23 20 24 17 22 26 28 18 20 6 14 26 15 3 24 30 19 32 14
24 54 41 36 20 55 42 39 38 36 29 34 31 41 26 34 51 48 58 1
17 51 43 44 34 52 47 24 45 21 15 30 37 35 25 18 50 51 50 13
15 38 39 18 35 44 50 12 20 36 4 15 38 11 22 10 26 33 38 9
36 47 65 53 55 63 62 33 24 46 19 24 60 28 16 40 54 59 66 27
2 6 7 1 4 2 1 1 1 2 3 1 2 1 1 1 4 1 3 3
26 63 62 56 45 61 47 22 31 39 23 26 62 43 13 25 48 60 61 16
14 26 20 10 21 30 27 9 20 13 8 13 12 15 16 4 24 22 29 6
18 38 48 45 31 52 52 30 19 50 15 21 36 15 17 39 38 42 44 16
39 45 44 47 33 55 55 42 39 48 36 34 45 28 36 34 58 54 57 18
6 10 19 8 10 16 11 4 3 13 6 3 5 1 5 2 11 7 6 6
6 15 12 5 7 22 20 11 10 5 5 7 8 9 11 8 17 12 12 5
4 16 18 7 9 14 20 8 6 15 7 6 7 5 9 6 9 6 14 4
7 29 13 13 9 16 26 11 19 10 8 10 9 5 7 6 17 11 21 4
22 39 36 23 16 28 38 19 31 16 24 17 21 18 13 13 30 20 27 20
1 13 13 10 6 12 18 8 7 13 3 4 12 5 1 8 9 6 14 1
13 23 24 13 12 20 23 17 14 7 11 11 17 13 7 10 22 17 27 8
24 15 14 20 27 31 30 5 23 17 5 11 15 8 15 10 32 26 27 14
44 48 44 61 56 72 71 57 41 61 30 46 60 43 42 48 67 68 73 28
24 58 56 57 44 73 58 46 45 50 17 42 55 48 29 39 61 64 64 23
22 25 27 22 24 40 39 24 28 29 13 18 18 12 23 21 39 33 40 8
18 28 33 26 29 39 40 19 17 29 13 12 30 22 25 13 36 33 32 12
3 15 16 13 3 16 14 6 6 9 7 1 9 1 1 11 11 7 9 4
8 18 12 14 15 14 20 13 10 12 4 8 17 4 4 12 22 9 24 8
40 46 49 53 54 63 51 20 44 39 26 35 47 17 27 24 54 57 59 21
14 31 34 33 22 44 39 15 27 20 1 14 29 14 11 27 33 33 32 15
15 14 19 24 18 26 20 10 19 14 5 13 12 9 5 15 24 22 23 16
1 4 6 4 3 12 9 3 2 6 1 1 3 1 3 4 4 4 5 1
39 57 47 44 30 54 51 40 41 36 31 29 39 36 29 23 59 55 65 19
1 20 28 23 22 31 37 19 13 28 1 11 26 2 6 18 20 24 32 3
42 81 57 49 23 54 66 51 47 44 46 31 55 47 34 35 58 52 69 20
42 27 44 44 39 51 45 27 16 40 28 24 42 23 31 20 47 50 47 26
7 20 30 23 13 29 22 15 8 20 14 12 21 6 10 16 10 20 18 11
13 16 12 14 23 15 26 9 17 16 1 9 14 1 9 9 20 13 25 10
7 11 10 7 10 6 12 8 8 10 5 6 6 5 7 6 12 4 11 8
2 29 15 17 6 22 29 15 9 19 4 7 21 6 4 19 20 12 23 1
8 28 16 9 10 27 25 12 12 6 11 4 17 15 13 4 22 18 23 2
3 10 7 1 7 7 12 2 2 6 4 2 5 2 7 1 7 2 10 1
6 39 26 25 18 40 39 13 22 23 6 11 26 16 16 18 27 27 32 4
21 37 32 20 21 29 37 17 32 12 17 18 21 21 19 13 41 25 34 15
4 15 8 1 5 13 13 7 6 4 6 7 8 8 7 1 8 6 7 5
8 12 6 1 14 17 21 4 5 8 2 4 7 3 12 1 13 8 16 3
13 15 14 5 12 30 27 13 11 17 5 7 13 9 18 10 26 19 25 1
25 56 47 36 22 57 43 36 35 34 26 32 37 43 24 26 49 50 56 5
7 33 26 18 12 22 26 13 20 10 11 8 23 7 3 10 15 14 21 8
7 19 10 17 12 24 24 17 19 11 1 13 14 7 8 15 27 19 20 5
22 24 22 13 18 28 38 22 25 31 15 21 11 14 27 17 33 24 33 6
6 16 13 7 10 23 21 6 13 1 1 7 10 8 7 4 17 13 15 6
9 36 26 17 19 20 29 23 27 16 12 18 23 14 9 11 25 22 33 7
11 27 19 8 12 21 25 8 3 10 8 1 23 14 11 2 23 17 22 1
39 63 36 53 38 54 56 43 45 41 33 29 57 34 33 28 60 56 73 8
15 27 31 36 19 31 26 30 26 27 9 19 26 16 4 24 33 30 28 16
22 50 43 36 25 33 47 27 31 29 22 25 37 19 13 21 36 32 41 13
20 39 34 26 22 40 37 24 23 19 19 9 36 25 15 15 39 33 40 12
20 44 46 35 29 59 46 23 31 29 14 16 33 28 21 25 46 46 45 16
37 48 39 25 26 52 60 36 43 46 33 36 27 30 42 34 49 41 51 4
23 63 46 40 31 50 48 5 33 26 24 15 48 37 14 20 42 40 41 17
26 68 52 46 51 71 66 23 53 42 14 28 62 34 31 26 58 57 66 17
38 63 51 50 34 49 55 32 44 29 27 23 47 38 27 22 60 50 57 25
22 53 52 39 30 66 56 24 39 41 20 25 31 26 33 28 47 52 47 12
10 34 30 29 19 41 41 19 24 21 5 17 26 12 9 25 30 29 39 9
21 35 30 17 11 26 37 25 29 28 22 23 14 18 21 21 32 21 31 8
39 62 65 51 18 59 50 43 28 39 49 29 45 47 32 25 47 57 53 29
10 35 27 20 6 33 18 17 19 12 16 13 15 21 9 13 24 27 27 3
1 22 11 9 2 14 24 9 6 12 1 6 15 3 1 11 9 4 15 1
25 41 26 29 26 28 43 17 33 20 16 21 27 14 11 21 34 21 30 16
39 58 73 53 44 60 61 27 34 32 35 27 59 34 22 28 52 55 53 36
23 28 35 34 20 36 34 17 29 23 12 18 19 8 9 25 37 28 31 20
16 41 35 35 24 49 40 18 17 29 11 7 39 24 16 19 39 43 44 5
10 27 23 12 21 16 24 9 22 5 7 9 16 7 5 2 18 13 25 11
30 36 31 27 35 41 55 22 41 36 12 28 26 14 27 24 41 38 50 9
38 31 39 45 39 51 41 38 25 43 27 23 45 21 32 29 52 51 52 15
27 43 38 33 28 36 51 11 32 25 13 17 31 12 12 23 40 31 34 22
5 13 9 3 6 12 12 1 4 5 6 1 6 2 5 1 9 4 7 2
31 58 65 32 25 55 55 23 34 35 32 27 36 33 24 29 44 45 41 18
32 49 54 34 30 56 54 32 41 26 24 19 41 39 24 25 59 46 48 24
7 10 12 10 9 12 10 3 8 7 2 3 8 4 1 2 9 10 8 8
3 24 15 4 14 10 20 9 7 4 8 4 22 8 3 3 11 7 21 2
28 45 43 38 32 38 49 30 37 31 9 34 31 16 14 30 42 36 44 25
24 39 38 52 41 53 48 23 38 38 1 31 34 14 8 40 48 48 55 22
2 3 2 1 5 10 10 1 1 5 1 1 1 1 5 1 5 4 6 1
12 29 27 16 26 31 46 14 21 29 1 13 28 8 17 11 28 22 33 4
40 48 51 41 48 72 64 22 51 35 12 32 37 25 41 32 58 58 55 26
23 30 22 16 11 21 23 23 11 10 21 7 23 23 17 1 32 23 31 13
9 18 21 16 16 31 25 18 14 11 7 10 19 14 12 14 27 21 21 12
17 16 24 15 18 24 24 4 14 22 7 5 9 1 12 5 19 16 18 10
27 44 43 35 36 58 61 28 28 45 21 20 42 19 30 38 47 45 58 8
26 37 43 24 20 50 39 30 20 37 26 22 25 24 29 25 39 43 42 8
30 52 51 39 56 68 72 30 42 47 4 23 60 25 30 34 54 56 62 21
6 19 10 13 12 20 17 7 10 14 5 7 12 11 9 4 14 15 20 1
16 33 22 21 30 36 31 10 29 19 7 20 20 19 16 7 32 29 38 8
19 55 49 24 14 35 40 22 23 13 26 11 41 25 7 12 31 30 37 12
18 31 28 27 34 31 28 6 32 15 7 19 21 15 6 11 32 27 39 14
6 18 12 16 8 12 21 12 14 19 1 10 11 6 4 14 14 11 14 5
6 32 24 12 16 29 36 16 23 12 6 11 24 17 15 12 25 18 28 5
20 43 25 36 39 49 57 17 40 35 12 16 45 25 36 22 49 43 49 2
30 34 53 43 41 57 46 37 21 39 29 30 42 31 33 32 47 47 41 34
35 69 54 38 34 49 53 40 64 33 32 45 41 45 24 24 59 53 62 24
15 26 38 33 23 47 33 21 23 17 6 18 22 18 9 18 36 40 31 16
8 14 10 9 10 16 10 3 11 2 3 6 4 4 4 3 9 10 7 9
28 51 43 43 45 60 65 44 45 47 16 33 58 27 31 31 59 58 69 9
12 29 30 35 28 42 26 24 22 27 10 20 30 24 10 19 32 35 36 15
24 51 36 37 33 44 37 14 28 30 19 16 44 26 17 14 39 42 53 5
9 53 49 48 45 59 49 20 47 29 16 31 41 36 30 19 46 52 50 19
1 13 8 3 4 8 11 2 4 2 1 1 7 3 1 1 2 4 9 1
6 26 25 27 10 26 27 14 14 19 7 3 21 6 1 22 18 18 24 9
13 16 20 19 16 20 26 7 18 13 1 14 9 1 1 14 18 15 20 14
16 36 36 34 27 37 43 24 17 39 14 21 30 14 16 25 33 33 40 10
1 15 12 1 6 12 13 7 7 6 9 7 1 6 9 4 8 6 8 4
33 56 58 42 21 43 38 25 37 14 30 16 41 32 11 8 41 44 45 29
15 48 39 34 20 36 31 24 30 10 19 10 41 30 6 11 38 36 40 12
1 11 13 16 8 23 15 7 6 13 1 4 8 1 2 7 9 14 11 3
4 16 12 13 8 12 16 8 7 11 5 3 14 9 3 4 10 12 16 4
32 41 32 29 23 49 48 23 36 33 21 26 22 21 27 24 46 42 50 7
24 63 66 58 40 70 63 23 51 27 19 20 55 39 19 24 58 56 58 26
34 76 52 51 49 64 73 36 57 39 27 38 54 40 32 39 61 58 70 18
26 67 65 57 34 66 56 24 46 22 29 13 56 45 21 24 59 58 51 27
8 15 25 21 16 34 28 12 9 28 7 12 13 8 16 13 12 23 20 8
29 50 62 52 58 83 75 33 50 50 8 41 53 30 30 35 60 70 73 25
23 38 35 14 8 31 31 15 29 7 25 15 17 23 15 7 30 22 15 18
30 57 63 47 56 73 82 29 34 55 25 32 57 35 51 34 54 60 66 19
8 2 8 7 12 11 11 1 7 5 1 3 3 1 2 3 10 7 9 8
1 13 12 8 1 16 15 3 4 11 1 2 5 3 2 3 4 6 4 1
4 11 6 8 6 12 14 7 8 6 1 5 9 6 5 5 6 7 10 5
49 61 56 45 30 53 56 29 33 39 43 15 52 37 33 21 61 53 59 22
10 31 21 10 8 15 20 10 10 3 16 4 22 14 6 3 17 8 17 8
10 49 53 25 37 41 49 16 29 25 8 16 46 24 20 10 31 36 38 15
2 24 24 8 4 22 23 6 7 12 5 3 12 6 4 9 12 11 13 2
3 8 6 1 4 1 4 1 2 1 3 1 1 1 1 1 4 1 1 4
17 22 20 22 10 17 13 11 12 8 15 1 19 12 2 4 26 19 22 9
29 36 42 26 32 55 46 23 37 28 15 30 22 24 24 22 44 47 52 11
4 15 19 8 3 22 12 10 10 9 8 10 3 8 9 7 9 14 9 3
7 3 7 4 7 8 7 1 5 1 1 3 6 2 1 2 8 5 6 8
33 54 46 48 33 57 54 38 51 31 23 38 34 32 17 40 60 50 58 26
6 26 17 21 17 25 32 16 15 24 3 15 21 6 10 14 17 18 24 3
33 46 60 54 40 58 48 38 31 33 37 34 47 36 26 31 47 52 50 38
3 12 11 1 8 18 20 5 3 10 2 3 9 5 9 2 11 6 15 1
3 33 27 26 13 38 19 11 16 13 6 7 28 23 4 9 27 31 24 2
18 47 32 41 11 33 29 30 24 21 21 13 40 27 11 16 39 38 39 9
11 23 26 14 11 36 27 18 13 20 11 12 15 13 17 17 23 23 25 5
9 55 46 31 25 49 45 33 33 23 16 22 44 32 15 19 37 41 49 10
23 20 18 37 31 37 33 30 24 37 12 23 30 15 19 27 41 37 39 11
30 37 41 28 40 43 49 5 31 27 14 15 35 5 17 18 36 34 40 17
10 13 9 12 17 17 22 9 12 13 1 9 11 1 7 10 18 10 21 8
3 27 23 11 8 33 33 16 14 14 6 8 19 15 16 16 25 18 24 1
9 21 15 10 7 17 11 5 13 1 10 5 7 6 5 5 8 8 5 10
12 15 11 4 18 14 20 6 7 11 6 6 10 6 13 1 16 9 18 8
5 15 11 7 6 13 17 9 8 10 4 7 4 4 5 9 9 4 9 6
1 8 6 9 4 9 9 9 3 7 1 1 11 1 1 9 12 5 14 1
4 10 9 1 9 7 11 3 1 5 4 3 9 3 4 3 6 3 9 5
6 30 23 14 9 22 27 13 3 14 11 2 21 11 6 11 20 15 28 1
7 18 15 1 6 19 21 9 9 8 7 8 7 11 12 4 16 7 13 3
45 50 77 43 56 71 69 44 44 49 31 49 42 29 39 41 58 61 66 39
16 34 28 23 18 36 33 25 26 26 18 25 19 28 22 14 32 34 41 1
21 48 34 27 18 45 27 21 35 27 23 32 24 38 17 24 36 40 40 8
3 4 3 1 6 7 8 2 1 4 1 1 1 1 5 1 7 1 7 2
2 6 4 2 5 6 7 2 1 1 1 1 7 1 1 4 6 2 7 3
7 12 21 22 11 21 17 16 6 18 5 7 17 5 2 12 22 17 20 6
32 60 59 58 35 61 60 38 29 46 30 35 52 42 25 39 53 62 58 19
10 2 1 1 13 12 16 1 3 12 1 1 5 1 10 1 12 7 10 1
1 9 4 1 3 6 8 1 1 1 1 1 1 1 1 1 2 1 1 1
6 17 11 2 8 16 15 7 9 3 5 7 11 9 8 4 12 8 11 6
5 20 10 5 14 15 23 5 7 7 4 1 20 8 7 2 14 9 20 2
9 9 12 8 12 13 12 5 8 10 5 5 5 1 7 5 11 8 9 9
4 16 18 9 7 19 17 16 7 7 9 8 17 12 9 9 17 14 23 1
18 54 51 44 17 55 48 37 22 41 28 23 38 31 19 35 43 49 51 5
2 9 13 4 5 12 8 4 3 7 3 6 2 3 5 1 5 7 5 3
17 28 27 13 28 25 38 15 20 16 10 15 19 11 15 10 28 18 35 13
11 29 32 16 13 27 22 8 15 13 12 8 20 13 10 5 22 16 14 11
13 33 23 14 28 41 44 5 21 20 1 7 33 9 19 10 23 27 34 2
22 49 39 43 36 55 52 34 37 45 24 39 35 28 30 31 40 47 53 11
25 66 52 34 38 52 62 40 49 34 26 31 53 37 33 25 53 45 57 23
26 11 17 22 31 37 29 10 23 16 2 16 17 3 15 16 35 30 35 16
27 43 46 49 36 50 34 23 42 22 19 27 36 31 7 25 52 47 51 26
38 38 50 42 44 56 46 31 41 36 17 41 27 24 32 29 46 50 46 36
30 51 37 47 31 49 47 41 37 40 29 33 39 30 26 32 47 46 49 15
18 47 37 33 8 32 38 33 18 27 23 18 35 25 13 21 32 33 41 9
13 30 27 11 21 26 31 13 23 12 12 13 14 11 14 9 19 18 27 9
25 47 42 45 47 60 67 41 36 44 22 35 51 34 43 36 53 52 58 14
13 28 27 17 16 38 31 15 17 15 10 10 18 13 13 14 29 25 29 8
13 17 8 16 16 13 24 18 18 20 6 16 14 10 12 15 23 13 22 6
20 63 54 48 35 54 60 26 41 34 18 20 56 29 19 32 50 46 51 12
1 3 8 2 1 7 8 1 1 7 1 1 1 1 1 4 1 1 1 1
35 54 63 49 36 67 49 30 50 35 21 37 37 38 16 36 55 57 55 29
5 16 14 15 10 21 17 9 10 18 5 9 7 6 10 6 10 14 14 1
5 15 16 6 11 12 17 6 4 9 3 3 15 6 4 5 10 6 15 6
18 25 35 32 24 40 34 18 20 25 14 20 20 10 13 20 28 27 28 20
36 35 44 38 30 43 41 21 31 31 15 19 24 11 17 22 45 40 44 22
17 57 53 37 34 52 41 12 42 23 22 24 43 34 18 9 38 41 37 18
27 47 32 42 37 54 41 25 44 38 16 30 37 28 16 30 53 47 56 14
1 25 15 7 12 16 23 11 19 4 3 12 10 10 6 2 10 14 24 1
34 44 32 45 39 49 39 14 48 32 15 33 31 23 15 21 56 46 51 17
1 13 9 3 1 12 8 2 6 1 2 3 1 4 2 1 1 6 3 1
1 15 9 1 1 13 13 3 5 1 3 3 8 7 7 1 8 5 6 1
6 22 17 13 9 29 23 18 13 10 7 10 16 14 9 15 18 21 25 4
23 26 33 32 36 45 46 26 15 37 11 14 44 17 19 21 38 37 46 12
5 16 9 12 9 23 24 12 11 13 1 7 13 7 11 13 19 12 15 4
19 47 30 39 17 31 32 24 30 23 21 20 36 27 10 15 34 34 32 11
12 33 1 25 21 24 27 19 23 20 6 19 24 19 11 13 29 23 36 2
16 35 23 33 23 34 39 14 28 23 5 22 18 9 7 26 28 29 35 10
25 53 48 23 31 40 49 29 22 27 20 15 44 27 22 9 40 38 51 17
12 37 35 39 29 41 34 19 33 23 7 22 27 15 5 21 35 34 41 15
5 17 27 16 12 35 29 19 10 18 4 10 21 14 10 15 22 23 22 6
23 56 44 48 36 58 59 29 41 31 13 31 44 27 16 42 50 50 56 16
26 44 31 20 16 28 46 39 30 33 26 30 25 31 27 27 42 31 49 1
34 34 34 28 43 53 50 17 40 25 17 26 33 21 38 21 52 43 46 16
5 18 14 14 10 24 18 1 11 15 1 7 8 9 7 8 11 15 14 1
6 9 7 12 9 17 10 3 10 1 1 5 7 2 1 6 9 12 14 7
10 16 12 10 13 23 20 7 7 13 4 4 11 5 8 9 16 11 13 8
3 11 9 1 7 8 15 1 3 3 1 1 11 4 3 1 5 3 7 4
13 39 28 20 24 26 34 12 28 8 11 9 28 16 13 8 32 19 32 11
2 12 5 2 9 8 13 1 2 3 1 1 7 1 3 1 4 3 8 3
34 44 41 43 42 59 56 19 44 37 18 24 40 12 30 31 53 47 51 15
23 50 39 31 29 50 61 22 27 46 18 19 38 24 26 30 43 41 55 2
21 23 19 17 25 31 37 7 15 25 7 10 24 7 18 12 27 21 30 10
33 57 40 50 28 51 54 25 36 45 26 18 49 25 23 31 53 49 51 8
5 34 35 21 15 43 40 16 18 23 8 11 24 15 19 18 27 28 30 2
14 27 32 14 14 34 28 12 17 21 12 14 10 12 15 18 22 23 22 8
33 53 58 51 41 68 70 49 29 52 31 36 58 43 45 41 63 63 67 20
32 68 72 58 45 72 56 32 53 26 32 39 63 46 20 22 57 65 59 33
19 18 27 24 20 23 25 14 19 19 6 17 8 6 5 14 29 21 26 16
1 18 10 4 5 23 18 5 12 2 3 6 8 11 11 2 11 12 12 1
16 41 43 17 30 33 39 16 31 17 11 21 25 14 15 9 24 26 31 20
25 26 23 22 22 26 22 19 8 10 15 7 28 15 11 10 35 26 36 15
27 34 42 41 28 51 35 36 21 28 21 19 36 33 20 18 46 49 48 20
11 54 38 33 31 37 44 19 34 32 7 20 39 19 7 19 34 33 46 12
24 28 30 38 31 46 36 29 32 32 12 21 28 22 17 25 47 42 48 18
22 44 34 25 12 26 25 24 23 9 27 11 24 28 13 6 33 27 37 13
17 22 30 16 18 24 23 8 19 10 12 14 12 8 9 13 22 14 20 18
28 53 38 29 35 33 51 28 38 23 21 19 42 29 27 14 51 38 52 12
1 12 8 1 4 12 11 1 5 2 1 1 1 1 3 1 5 4 3 2
17 30 27 28 28 31 36 22 23 24 7 11 29 14 6 24 31 24 37 17
30 32 41 21 32 38 45 20 36 22 15 24 16 9 18 22 40 31 45 18
26 35 36 47 39 49 53 24 25 44 7 18 39 18 10 44 46 44 50 15
4 9 10 3 7 16 16 1 1 11 1 1 6 1 3 5 7 4 7 3
8 40 30 31 26 36 32 18 30 17 7 16 36 20 6 16 34 32 38 9
15 48 42 25 35 41 53 4 27 26 8 2 38 16 20 15 34 30 39 8
13 22 26 26 22 26 32 23 8 24 12 10 31 11 12 12 26 28 39 4
5 15 17 14 6 15 20 10 6 18 5 5 14 7 1 13 12 9 16 6
36 58 38 54 44 61 45 34 49 46 25 40 52 43 20 33 65 60 66 19
25 57 40 49 36 57 52 30 50 29 19 32 43 33 22 32 58 48 54 16
34 61 41 52 29 64 56 38 42 43 25 25 56 42 33 22 64 60 67 17
14 23 31 18 29 33 35 5 23 13 1 14 18 8 10 7 25 25 27 13
20 35 56 45 43 54 56 26 34 31 11 25 44 21 18 33 44 46 48 26
24 51 39 50 23 47 43 43 29 34 23 23 44 35 16 38 51 50 56 13
25 67 49 46 31 70 67 40 54 51 26 45 41 48 43 38 55 61 59 4
17 43 39 45 37 52 38 30 30 35 16 26 42 30 16 24 44 45 50 17
4 31 25 9 8 27 33 15 17 15 9 9 17 20 18 8 26 16 24 1
11 53 32 37 16 41 41 10 30 24 10 13 35 22 5 22 32 32 31 7
1 23 21 7 13 17 25 16 13 6 6 10 18 6 7 9 13 11 25 1
22 35 37 22 14 38 37 35 29 27 24 24 21 25 20 32 36 31 37 14
2 7 5 7 6 15 8 4 3 3 1 1 5 1 1 5 9 8 5 3
9 20 18 14 12 27 22 12 16 13 6 10 9 9 10 10 19 15 18 9
50 62 55 52 40 63 69 47 59 36 30 44 48 35 29 43 74 58 64 37
10 31 23 21 16 28 23 12 9 12 7 2 26 12 4 10 23 23 32 3
10 34 17 29 17 42 34 24 28 28 7 26 21 20 15 21 34 35 40 1
30 45 36 59 43 59 42 37 38 44 23 48 46 35 24 40 49 55 52 22
19 52 50 40 27 53 49 28 38 36 20 23 34 26 16 33 42 41 52 14
29 42 28 36 26 47 34 25 29 21 25 16 36 26 23 14 49 43 46 10
17 20 11 20 21 26 35 12 20 30 4 15 19 1 18 12 26 23 29 1
9 20 15 6 12 26 25 10 10 15 9 7 12 10 16 5 19 15 20 3
27 57 45 32 30 58 39 19 37 40 26 33 29 41 21 31 48 49 52 9
3 17 16 17 8 22 23 14 7 17 1 6 15 3 4 20 17 12 20 4
10 33 40 28 23 36 32 28 13 20 18 13 35 19 12 16 26 32 36 11
20 58 67 46 37 52 54 24 33 25 27 16 52 34 26 18 45 48 51 21
16 38 37 24 30 47 57 18 23 39 12 18 37 15 28 19 34 34 45 4
2 8 10 1 3 10 8 6 4 1 4 5 5 6 5 2 7 3 8 3
13 16 21 10 18 23 23 11 14 13 7 11 8 6 12 10 21 16 25 8
15 22 17 12 11 22 19 17 13 6 13 12 14 16 10 9 26 18 23 9
4 21 10 13 3 15 16 11 8 7 8 2 13 12 3 6 16 11 15 1
24 72 58 32 26 59 55 31 53 35 29 38 39 41 26 30 43 47 53 12
6 11 6 13 12 15 6 1 14 1 1 8 4 8 1 1 13 14 10 7
34 64 38 44 38 49 70 29 41 43 27 24 58 28 24 29 52 43 60 11
2 12 10 5 4 12 14 8 5 8 2 4 4 2 3 7 10 3 9 3
16 37 48 32 39 55 49 7 18 33 8 11 34 21 28 18 35 41 34 11
8 6 7 5 8 8 6 1 6 2 1 4 3 1 1 2 7 6 3 9
9 28 20 18 3 26 17 6 13 4 13 1 20 12 1 7 20 15 11 10
29 43 46 60 43 61 52 43 40 50 12 41 49 34 18 45 48 55 50 33
4 29 22 13 12 23 25 6 16 9 4 9 15 10 6 7 8 16 22 5
25 44 33 29 19 32 43 21 25 29 19 11 35 18 19 14 44 31 40 8
29 34 39 35 36 44 46 31 33 33 7 32 26 12 20 32 49 40 53 22
19 54 32 29 18 34 38 25 33 19 25 21 30 29 15 14 37 29 44 9
21 47 53 37 47 50 59 38 29 39 21 35 54 30 33 29 45 44 51 28
10 32 30 17 19 26 33 9 13 22 11 6 24 7 10 6 18 16 25 6
12 33 20 21 15 33 37 23 20 27 12 16 24 15 17 16 32 26 34 1
12 37 24 27 22 44 32 8 18 25 5 8 35 22 12 10 32 36 38 1
28 57 41 32 25 50 60 43 43 43 26 37 37 32 30 42 43 43 55 1
20 43 44 27 10 39 36 21 25 13 27 17 31 21 10 15 26 27 27 19
8 8 8 6 11 18 16 10 7 8 4 6 6 6 11 7 17 11 15 6
46 42 56 40 46 69 62 46 38 55 37 41 45 30 45 42 60 60 63 21
7 15 17 8 8 14 11 4 8 8 7 4 5 1 4 6 7 8 4 8
34 39 51 41 31 42 40 31 23 24 30 25 35 25 20 17 44 41 46 31
8 16 16 6 13 9 14 6 8 7 6 6 10 4 5 4 7 6 12 9
20 19 20 23 20 25 21 9 19 10 8 13 12 14 7 11 27 24 24 16
14 50 23 39 16 34 32 24 27 29 17 21 35 26 8 22 33 33 41 1
31 51 53 38 34 58 55 35 30 37 24 19 51 31 31 11 45 54 58 21
41 57 61 54 42 74 75 58 45 70 38 49 46 39 43 61 60 66 70 18
6 27 23 1 10 21 31 9 9 13 9 8 13 10 13 5 15 9 22 1
35 47 52 38 30 65 65 47 30 57 36 43 36 37 44 44 50 52 57 17
2 14 9 5 3 7 13 7 5 7 5 4 5 3 2 5 7 1 7 3
17 32 21 22 24 31 41 17 24 26 5 18 21 11 15 16 29 23 30 9
5 25 20 18 7 23 27 16 13 20 7 12 15 6 8 20 16 15 21 6
1 6 5 1 2 4 4 1 1 4 3 1 1 1 1 1 3 1 2 1
22 41 25 39 27 42 41 31 29 37 20 25 35 25 21 27 39 38 37 11
2 13 9 5 3 13 11 2 5 4 1 2 7 5 2 1 4 6 5 3
24 44 43 41 26 43 44 37 23 34 24 15 42 24 21 20 46 43 54 12
45 61 57 46 46 62 68 27 59 40 23 39 37 26 30 33 58 55 66 29
18 46 38 33 27 43 29 11 40 4 15 21 34 26 7 12 40 36 37 19
2 11 4 6 6 11 17 5 6 10 1 3 8 3 5 5 10 4 11 2
28 60 37 31 27 59 53 34 49 40 24 38 33 46 35 29 58 52 58 5
39 54 63 64 29 59 52 56 41 35 44 38 54 47 17 36 58 61 57 37
1 16 12 5 8 12 14 5 4 4 6 1 14 5 2 5 8 6 14 1
11 20 21 20 19 30 30 21 15 17 6 10 23 13 9 20 26 20 25 14
13 20 24 8 13 24 23 14 13 18 11 14 8 14 16 8 21 16 18 8
13 24 16 23 19 28 15 11 18 20 9 12 13 15 11 4 25 25 26 6
38 47 28 52 46 56 41 22 52 46 20 39 38 25 25 32 57 52 55 10
33 33 36 36 27 40 34 29 25 31 30 16 38 14 27 21 46 39 45 8
5 17 16 13 8 23 23 10 12 18 4 8 6 7 10 10 12 12 17 4
7 9 10 10 11 14 14 6 9 12 1 5 4 2 6 5 11 8 11 7
14 22 24 22 15 35 23 16 15 14 8 10 17 14 10 12 28 27 28 9
1 11 4 4 4 8 10 1 4 3 2 1 4 2 2 1 3 5 6 1
17 17 19 14 18 22 22 8 14 7 7 11 16 11 8 10 26 16 20 15
24 55 44 26 38 49 59 28 45 37 15 28 39 24 30 16 43 41 47 14
19 35 43 32 34 39 47 25 30 27 11 24 27 8 12 25 37 32 44 18
15 43 33 20 20 32 41 19 34 22 12 20 21 19 19 14 32 29 33 6
2 4 5 1 5 3 4 1 1 1 2 1 1 1 1 1 4 1 3 2
12 20 17 13 12 21 20 11 13 8 8 5 19 15 7 8 22 16 15 10
30 37 45 32 23 42 39 40 24 27 26 21 32 31 19 29 49 39 50 19
29 54 43 39 29 48 39 21 31 24 23 12 40 34 22 7 49 44 47 18
5 10 7 5 8 13 15 7 4 12 1 4 9 5 8 7 11 4 12 4
16 31 33 26 9 22 22 18 13 12 22 3 30 17 4 9 27 21 27 11
10 20 20 26 8 19 17 25 10 16 9 9 21 12 3 14 28 23 26 5
1 14 8 3 1 13 18 5 6 6 1 3 7 4 4 5 7 2 5 1
7 15 16 7 9 14 17 5 6 13 7 1 9 5 5 4 12 5 10 7
35 33 44 37 37 53 48 14 34 26 16 12 38 18 17 21 48 42 39 28
14 18 27 14 21 24 26 4 12 16 6 11 14 6 8 7 20 16 17 13
2 27 22 6 3 26 27 7 9 12 8 7 12 8 10 9 10 13 15 1
11 32 22 14 17 34 31 13 22 20 10 18 10 18 16 11 24 23 32 2
7 10 17 7 8 9 9 1 5 9 5 4 1 1 1 1 7 8 1 8
12 15 10 15 16 30 26 3 11 20 1 2 17 6 11 9 19 20 26 3
7 23 19 11 9 9 17 14 5 8 13 3 20 11 4 7 15 9 22 3
14 31 26 18 9 22 24 16 1 14 13 2 29 17 8 6 21 17 28 8
1 13 15 18 6 22 18 11 9 17 3 9 9 3 4 11 9 14 9 4
4 30 29 6 22 32 37 9 14 17 1 8 26 12 13 2 20 20 27 3
1 38 23 12 13 31 31 3 15 10 5 5 22 15 10 4 17 19 25 1
20 16 19 9 19 33 30 15 18 22 11 13 15 13 24 11 29 23 29 7
5 15 18 9 14 15 20 5 6 9 1 1 18 2 1 8 12 7 18 6
17 35 42 30 43 51 51 18 24 32 17 15 41 25 38 16 38 40 42 16
35 57 59 54 41 56 44 23 48 23 23 35 45 29 8 17 49 52 51 33
19 47 31 36 16 33 33 21 20 26 17 13 32 21 9 11 35 32 38 7
22 49 31 28 21 36 47 30 24 27 16 15 36 22 16 21 39 36 53 5
18 49 35 44 30 43 39 15 37 30 8 29 31 22 6 29 37 39 43 13
18 31 26 11 20 25 30 13 12 15 15 7 22 13 15 4 26 19 29 8
2 2 4 2 5 12 8 1 1 8 1 1 1 1 3 1 5 6 5 1
18 35 25 24 11 22 24 11 15 13 18 1 23 18 5 2 28 22 30 7
33 49 54 40 24 50 55 20 38 32 21 25 26 21 11 30 49 40 42 25
16 46 48 40 25 43 48 14 27 31 19 16 39 17 12 22 27 34 31 20
14 30 29 12 18 34 31 9 20 19 13 12 14 9 19 3 18 24 26 3
18 50 42 32 20 34 40 35 24 23 25 17 40 29 18 6 34 35 45 15
1 6 9 2 3 7 9 1 1 5 1 1 3 1 1 2 2 2 3 2
4 22 16 16 7 18 21 9 8 16 7 4 14 8 4 13 12 13 16 5
36 40 55 39 57 63 69 27 44 47 11 38 42 17 33 26 46 53 56 32
31 56 43 33 35 46 60 45 37 46 27 34 46 34 32 26 51 48 64 5
8 24 18 14 14 20 29 13 15 13 4 12 17 5 6 14 16 10 21 9
6 12 13 4 9 18 16 3 4 12 4 3 4 3 10 3 10 8 10 1
10 17 17 26 19 35 25 16 16 23 5 17 15 9 14 13 22 26 26 10
36 66 69 53 58 79 67 23 56 51 16 48 48 38 23 39 60 68 71 25
17 31 22 16 1 22 22 20 7 8 17 2 27 22 10 1 23 18 23 12
32 56 46 53 38 64 56 37 48 38 15 41 40 28 20 41 62 57 64 23
24 48 34 42 42 55 61 26 36 48 17 33 43 19 30 28 37 46 55 8
21 54 46 27 26 55 64 31 38 42 19 28 34 33 38 25 47 47 52 1
6 16 11 9 7 11 11 12 4 4 9 1 14 7 3 4 16 8 20 2
16 24 20 18 19 31 25 9 24 4 5 15 14 17 11 6 31 27 27 13
37 58 58 34 49 58 71 23 57 32 23 29 49 29 37 16 61 49 58 24
38 59 49 56 58 64 61 40 54 44 10 44 56 33 19 38 68 64 78 26
8 10 12 11 13 18 16 6 10 3 1 7 10 1 1 9 16 11 18 9
8 15 16 13 12 22 21 6 12 11 1 7 5 2 5 10 14 11 15 8
26 36 39 41 28 39 40 32 22 35 20 19 36 18 16 25 47 39 40 16
34 40 45 41 37 45 50 30 24 35 19 12 48 18 18 25 51 44 60 17
36 56 40 51 38 49 40 31 48 31 19 40 37 34 14 27 61 53 59 20
3 4 6 4 6 10 8 2 1 11 1 1 3 1 5 4 6 4 7 2
5 45 40 30 25 42 43 25 29 29 11 27 33 20 13 19 26 36 44 8
28 32 34 19 24 49 47 29 33 27 16 26 16 24 30 30 49 39 43 11
5 28 13 16 17 29 31 10 18 14 1 8 21 9 9 10 25 19 30 1
24 29 39 48 27 45 27 18 33 19 20 26 29 21 7 19 39 42 36 28
27 48 52 39 37 44 45 47 28 33 27 28 50 32 27 20 47 46 57 27
12 21 18 19 10 18 6 1 22 2 8 10 7 10 1 1 15 16 10 13
20 39 19 33 18 29 36 27 26 30 14 21 30 20 13 26 29 28 31 9
15 28 29 10 22 29 38 11 26 8 6 17 16 12 13 9 24 22 29 10
35 62 32 46 43 60 56 36 51 49 26 41 48 45 34 31 61 55 63 11
17 52 50 31 28 45 52 23 23 36 21 17 38 21 16 28 37 34 50 7
1 4 3 2 1 1 8 1 1 4 1 1 2 1 1 1 1 1 5 1
37 66 52 47 19 58 50 39 54 34 35 39 34 42 22 37 59 54 52 19
5 18 13 6 18 12 17 6 13 3 1 5 16 6 4 1 10 10 18 6
41 43 48 59 52 71 70 33 42 56 14 43 47 15 32 45 55 61 65 28
18 31 31 33 24 44 32 15 33 20 9 25 14 16 11 22 37 33 38 15
19 47 33 42 32 62 45 16 33 43 12 25 41 27 20 30 48 49 58 1
5 23 9 15 6 12 13 12 16 8 8 8 8 10 4 5 17 11 18 5
21 53 47 44 21 50 35 22 35 23 30 27 41 37 12 9 38 42 35 21
46 51 50 46 51 59 65 32 42 37 24 29 55 20 32 34 62 54 67 21
5 13 10 6 6 14 10 7 11 4 5 7 5 8 7 1 8 10 9 6
37 50 64 48 61 60 64 36 37 36 22 43 56 34 37 33 53 56 59 40
15 42 26 21 24 33 43 28 22 22 10 13 37 17 14 13 36 30 47 6
16 36 31 27 28 45 40 5 19 28 8 5 36 9 16 13 30 35 36 3
4 16 9 3 7 12 14 5 7 4 6 5 6 5 7 1 9 6 8 5
43 63 44 53 30 45 50 40 50 20 38 33 50 40 12 27 57 48 52 29
18 54 48 32 38 53 67 45 41 39 3 33 55 34 22 37 49 44 59 20
32 36 32 30 47 39 55 25 39 36 14 29 42 11 26 24 48 37 55 16
10 29 37 32 12 33 23 21 3 24 17 8 33 16 7 19 24 32 30 6
27 50 36 39 17 45 28 34 38 23 25 32 31 39 13 25 51 47 53 10
35 52 49 32 50 56 52 30 42 35 23 28 54 29 37 17 54 52 57 20
8 19 13 15 11 22 23 6 10 18 4 5 8 6 8 11 12 14 17 6
23 44 43 52 36 53 45 37 41 37 13 36 39 27 14 34 45 49 46 26
4 13 16 21 13 21 20 11 9 16 3 10 14 3 4 11 8 17 17 8
1 6 2 1 2 3 6 1 1 1 2 1 6 1 1 1 3 1 7 1
20 39 50 43 44 53 45 40 26 39 21 34 50 33 24 31 36 50 53 29
13 35 33 14 19 38 37 13 25 15 10 14 24 22 21 13 28 26 26 10
19 26 25 21 24 39 35 6 19 29 9 10 21 8 21 14 26 29 30 7
3 29 29 30 12 29 30 26 11 23 11 14 29 10 6 19 19 26 32 2
11 17 13 20 11 23 12 16 14 5 8 9 17 13 5 11 20 21 23 10
29 80 55 51 39 70 73 44 60 40 30 35 61 51 32 38 68 63 74 9
9 13 21 10 8 15 6 5 10 7 8 6 6 5 3 2 11 9 7 10
13 45 33 22 9 34 36 16 34 16 16 15 20 23 15 14 32 25 24 10
2 5 4 1 6 7 8 1 1 4 1 1 3 1 3 1 4 1 5 3
14 43 45 40 15 47 46 32 27 37 22 25 32 17 17 33 30 39 38 11
21 25 19 28 24 31 34 23 23 24 8 20 23 12 13 22 37 28 37 13
27 56 57 48 35 58 48 40 32 27 17 19 59 47 23 25 51 55 55 24
38 47 43 50 35 57 55 31 44 35 21 27 41 24 23 33 63 53 58 19
37 46 43 36 45 50 62 41 35 52 32 41 39 27 42 34 46 48 58 18
5 14 17 10 5 23 15 11 13 10 8 10 4 11 11 8 11 16 12 4
10 14 24 21 18 30 22 11 10 13 6 14 16 4 8 12 14 22 16 14
1 11 6 3 1 2 12 8 4 4 2 4 6 3 1 3 7 1 11 1
18 37 20 30 12 24 29 13 31 19 15 13 20 17 7 13 28 24 17 10
19 38 52 20 30 47 50 38 32 36 19 33 25 21 27 25 38 39 48 13
42 58 59 41 32 60 47 35 43 31 39 29 40 45 41 16 60 61 55 24
1 7 13 5 5 11 10 2 1 10 1 1 8 2 1 1 5 5 6 1
8 17 12 10 10 23 18 11 13 10 9 9 4 10 13 8 15 15 18 5
1 10 5 3 1 9 9 3 1 1 1 1 9 3 1 1 4 3 6 1
7 17 10 15 10 17 5 3 15 3 7 6 6 8 2 5 13 14 11 8
6 16 6 13 9 17 21 10 12 15 1 8 7 4 8 10 14 11 15 4
14 19 30 20 20 37 29 17 17 13 7 13 16 11 8 19 30 24 26 15
7 19 23 16 10 23 13 17 11 9 12 6 14 11 7 10 21 19 18 8
33 64 52 54 48 79 80 36 51 59 22 36 57 30 48 45 63 68 70 3
12 53 37 37 19 43 45 20 23 33 13 12 38 28 14 23 38 39 42 1
27 48 32 40 15 37 22 24 27 14 30 11 40 36 12 8 43 37 38 22
31 51 31 38 22 26 39 34 31 27 33 20 41 31 19 18 45 34 46 12
1 22 13 18 2 18 19 9 10 15 3 6 14 9 1 8 11 13 17 1
2 4 2 1 5 5 13 2 1 9 1 1 1 1 4 1 7 1 7 1
26 25 34 18 36 38 43 3 25 23 3 13 22 6 17 11 35 29 32 17
36 34 43 41 41 46 42 37 31 26 9 29 39 24 15 34 52 44 53 33
7 23 31 20 27 38 39 18 12 24 6 12 30 9 18 15 21 27 30 8
34 54 53 46 18 59 43 36 33 27 33 18 43 41 17 24 55 55 55 19
25 58 52 32 35 54 50 30 43 30 24 30 40 31 27 25 40 43 51 24
7 24 21 8 7 30 24 5 13 9 4 7 8 8 10 8 15 16 12 4
27 45 38 18 18 42 35 24 25 17 25 12 27 31 25 10 42 37 38 10
16 8 14 10 20 14 19 4 11 8 1 9 9 5 8 7 20 12 18 14
19 51 38 40 24 52 42 25 39 35 21 32 31 27 20 22 42 42 43 11
7 12 14 8 11 17 17 5 9 11 1 1 13 9 8 5 15 11 9 8
10 13 20 10 14 20 19 5 5 20 4 7 7 4 11 7 12 12 12 7
9 15 16 15 13 27 17 10 14 4 2 9 12 7 5 11 19 18 19 10
39 60 65 52 33 59 55 23 26 34 30 9 56 33 18 22 56 54 54 26
22 16 23 16 16 30 27 23 17 16 12 14 12 15 16 16 38 27 35 7
11 7 12 4 14 18 18 4 5 16 1 4 5 3 12 3 13 9 13 6
14 28 32 23 20 48 38 20 15 29 8 10 25 20 16 26 34 36 41 5
4 7 10 5 7 11 5 2 4 6 4 1 3 1 3 4 7 6 5 5
27 54 35 37 15 31 41 35 27 26 27 18 40 31 18 21 42 35 39 14
7 38 34 27 16 51 36 21 28 22 9 18 25 28 17 22 32 38 33 5
31 54 52 46 51 66 66 3 38 41 13 17 46 30 31 30 52 54 56 16
31 68 61 57 34 60 47 36 46 27 29 29 61 48 7 28 54 56 62 27
3 12 11 6 7 15 16 9 4 7 2 4 9 3 4 9 8 6 13 4
9 35 29 16 26 32 30 14 16 18 7 13 28 17 10 1 22 28 33 6
1 9 5 3 1 7 12 2 1 5 1 1 4 1 1 6 2 1 6 1
12 29 29 20 7 16 24 12 19 12 18 11 18 13 5 4 19 14 19 12
2 11 2 2 6 5 11 4 1 4 4 1 11 5 3 1 9 2 12 1
20 52 26 23 27 43 48 24 38 25 17 22 34 32 28 13 47 40 53 2
12 31 28 27 17 31 25 8 23 21 8 14 9 10 8 13 22 23 24 11
3 26 18 22 12 20 16 4 20 16 2 12 14 10 1 9 17 17 20 4
11 22 26 17 12 16 23 3 12 10 6 5 14 2 1 9 17 10 17 12
27 61 54 43 39 56 44 36 52 18 27 34 55 46 10 19 53 52 57 30
4 21 16 10 6 20 20 6 5 11 6 1 18 9 5 10 11 11 13 5
9 7 2 6 12 14 11 1 8 8 1 1 2 3 7 1 12 12 11 4
20 37 31 27 27 39 42 15 25 23 9 4 35 26 26 8 41 35 38 6
5 21 14 11 15 15 27 10 10 16 1 6 16 1 4 11 15 8 22 3
43 56 68 55 33 58 46 42 41 19 43 35 51 42 21 20 54 62 59 39
27 48 25 43 34 44 44 31 34 38 21 24 40 26 20 31 47 41 53 10
12 39 33 27 17 23 33 23 19 18 15 11 37 13 4 13 30 23 35 6
26 39 30 11 18 42 41 25 29 23 24 18 21 25 30 19 41 33 38 8
13 43 25 26 17 35 43 21 26 30 14 18 28 17 17 22 28 24 32 3
21 28 23 19 15 31 31 14 26 18 20 10 17 17 20 8 31 23 25 11
6 35 35 16 11 28 34 16 14 20 15 13 24 16 14 11 17 20 22 6
44 44 54 42 37 59 58 50 29 49 37 37 43 37 41 34 60 58 67 22
8 17 19 15 15 14 16 9 9 17 11 7 14 6 8 5 13 12 16 9
21 14 27 21 28 41 35 9 17 19 1 9 18 5 9 20 34 29 27 17
23 20 22 34 34 37 40 19 25 34 8 25 22 10 17 23 31 34 36 13
31 36 39 44 42 45 48 34 27 40 24 26 47 20 27 24 45 48 56 17
8 13 16 17 7 14 12 16 3 8 6 1 16 8 1 12 21 13 17 5
2 13 18 8 6 20 18 7 4 12 2 6 7 3 5 8 8 10 13 2
9 23 18 19 11 20 22 10 18 10 4 12 12 8 1 9 19 15 20 10
23 36 24 28 19 28 22 21 22 11 21 12 24 21 12 10 34 28 36 15
8 16 13 17 11 22 15 10 14 11 7 6 7 7 6 12 17 15 16 8
36 43 38 29 15 45 40 31 27 23 28 16 28 34 28 10 47 42 43 21
4 13 8 9 7 6 15 8 8 9 4 3 9 4 2 5 14 5 13 5
7 11 6 8 11 8 15 9 9 9 1 7 8 4 6 8 11 4 13 8
2 6 8 7 5 10 9 4 5 8 1 3 6 4 4 2 4 7 8 3
9 15 9 8 12 23 16 4 12 7 3 7 4 8 10 2 15 14 14 6
39 48 37 50 50 59 63 28 54 44 11 43 40 22 28 35 60 56 69 21
5 11 14 7 5 7 4 1 5 8 8 4 1 1 1 1 4 6 1 6
33 46 52 52 36 54 56 26 20 50 28 19 52 25 21 37 53 49 51 19
47 38 58 48 41 68 56 48 31 51 31 34 49 38 36 36 63 65 65 26
12 38 29 18 28 24 44 19 24 28 5 17 29 9 11 17 24 22 36 12
15 50 47 32 25 43 43 32 23 27 16 17 40 23 14 17 36 40 50 10
4 6 7 3 4 5 9 1 3 4 1 1 7 2 1 1 6 3 3 5
17 39 33 15 19 42 44 22 25 22 16 14 25 27 28 18 40 30 37 6
29 52 34 39 25 42 39 34 33 30 26 23 36 36 23 14 51 44 55 16
4 12 9 7 4 18 12 15 9 6 8 9 10 11 10 10 15 12 17 3
37 38 49 33 59 63 66 26 43 38 8 30 49 18 31 30 56 52 58 27
1 14 15 2 1 12 10 8 4 5 8 5 5 8 5 2 7 5 8 1
1 5 5 8 4 15 5 4 4 5 1 1 5 4 2 4 8 9 8 2
4 16 14 11 9 21 19 7 6 10 1 5 15 4 6 12 7 11 15 5
20 58 47 47 30 62 46 27 25 35 24 20 50 43 17 33 52 54 58 6
36 60 47 61 45 57 56 24 42 44 20 35 47 34 12 45 58 56 63 22
20 34 43 18 34 39 46 33 21 32 20 27 33 25 29 13 33 36 47 15
15 38 33 38 29 47 37 11 32 28 2 27 26 17 7 22 36 35 40 13
4 8 8 3 6 13 18 9 7 9 3 6 2 6 10 3 13 7 14 1
22 38 29 16 37 30 44 25 31 31 13 21 34 18 26 12 36 25 46 16
49 67 63 49 47 80 80 31 63 50 31 40 41 30 45 47 71 66 70 21
31 43 44 58 47 59 57 34 38 46 20 35 43 22 20 41 48 52 55 24
8 18 13 8 11 15 15 1 11 6 5 4 12 7 5 1 11 11 7 9
16 46 31 32 27 48 54 22 30 41 8 23 33 20 21 22 37 41 52 1
28 41 28 41 35 45 33 9 41 38 15 27 27 15 17 21 43 39 41 11
29 46 47 31 27 41 47 33 29 26 31 21 39 25 21 15 43 39 48 17
6 15 13 1 6 17 19 9 8 7 7 9 5 8 10 6 10 7 10 5
37 65 67 52 40 79 62 24 49 36 29 28 44 44 26 41 65 65 57 25
26 64 59 30 26 56 56 34 52 35 23 39 32 33 26 26 44 46 49 17
5 16 11 7 6 22 17 11 11 5 7 9 8 9 11 8 12 13 14 4
18 33 23 22 24 36 40 18 30 17 8 21 21 16 17 18 35 28 38 13
3 21 22 16 6 25 17 13 9 10 10 3 15 8 5 12 17 15 17 5
27 68 70 49 44 67 62 24 37 38 32 25 59 41 31 34 50 59 57 18
1 7 3 5 4 14 11 4 2 5 1 1 4 1 4 5 6 5 6 1
18 30 18 13 22 24 29 12 13 13 12 1 30 17 17 2 32 23 32 4
27 35 38 40 36 48 36 28 21 31 26 29 31 29 26 17 41 46 47 21
7 23 23 17 11 20 25 7 9 22 7 6 13 1 4 14 13 9 17 7
11 19 18 13 10 23 13 13 17 2 12 11 9 13 8 8 21 19 19 9
22 51 43 36 33 46 49 18 49 20 12 30 28 22 16 21 44 40 46 15
1 9 4 3 1 13 9 2 2 2 1 1 1 1 1 3 1 3 2 1
7 17 14 19 9 17 16 22 9 15 9 8 18 10 6 16 24 15 24 5
1 25 6 14 6 21 20 9 17 9 1 7 16 11 7 9 19 15 18 1
12 25 13 11 16 24 34 16 12 19 8 10 19 13 15 11 26 12 27 7
2 18 9 10 9 12 22 10 10 12 3 8 10 1 5 10 11 6 18 1
37 55 61 47 46 59 67 48 45 49 30 33 60 34 32 29 63 58 68 26
33 46 40 34 26 40 43 32 37 22 22 26 30 28 20 25 56 42 49 17
31 54 59 47 33 56 51 22 29 36 31 18 50 36 19 38 53 47 47 25
9 23 19 14 12 15 21 4 14 10 8 1 14 4 1 7 16 6 16 9
17 23 28 20 15 25 20 16 5 16 12 8 21 14 10 3 24 22 24 10
12 27 24 16 17 24 27 10 19 11 12 5 20 9 10 8 19 16 26 9
41 59 60 49 39 66 74 38 44 56 32 28 55 32 30 46 66 57 70 19
11 24 17 21 14 24 29 16 11 30 5 12 17 8 9 18 23 18 26 1
26 61 52 38 30 52 51 41 38 37 25 32 42 39 26 17 49 52 62 15
9 36 28 21 12 35 37 15 18 27 10 14 14 15 14 21 22 24 29 3
17 51 50 32 32 65 51 24 42 31 23 29 29 41 41 20 43 51 42 12
2 9 10 6 5 11 18 8 6 14 1 6 5 2 5 8 11 1 12 2
30 48 42 36 27 45 51 34 38 32 25 28 34 23 20 33 50 37 48 17
5 13 8 8 6 8 10 4 8 5 7 1 6 3 1 4 4 6 8 6
16 46 40 23 20 34 46 19 33 24 19 18 29 26 26 13 39 29 36 9
11 20 12 12 11 27 21 10 6 13 5 2 15 9 10 8 20 18 21 3
1 5 7 1 4 12 9 2 2 6 1 2 1 1 6 1 5 4 7 1
6 21 19 13 8 24 15 10 10 5 7 4 15 7 3 8 17 13 14 7
20 42 46 28 37 53 50 18 29 24 10 16 33 12 16 23 37 40 47 16
9 29 25 12 3 17 25 22 13 18 17 13 11 17 12 12 23 14 24 1
12 35 41 33 22 39 36 20 8 27 8 3 41 20 2 23 34 35 36 9
4 10 7 5 7 5 15 7 4 12 3 3 5 2 4 5 14 2 13 2
20 37 28 29 22 46 41 23 30 30 15 22 28 29 27 10 41 41 42 4
