2 1
3 1
5 1
7 1
11 1
13 1
17 1
19 1
23 1
29 1
31 1
37 1
41 1
43 1
47 1
53 1
59 1
61 1
67 1
71 1
73 1
79 1
83 1
89 1
97 1
101 1
103 1
107 1
109 1
113 1
127 1
131 1
137 1
139 1
149 1
151 1
157 1
163 1
167 1
173 1
179 1
181 1
191 1
193 1
197 1
199 1
211 1
223 1
227 1
229 1
233 1
239 1
241 1
251 1
257 1
263 1
269 1
271 1
277 1
281 1
283 1
293 1
307 1
311 1
313 1
317 1
331 1
337 1
347 1
349 1
353 1
359 1
367 1
373 1
379 1
383 1
389 1
397 1
401 1
409 1
419 1
421 1
431 1
433 1
439 1
443 1
449 1
457 1
461 1
463 1
467 1
479 1
487 1
491 1
499 1
503 1
509 1
521 1
523 1
541 1
547 1
557 1
563 1
569 1
571 1
577 1
587 1
593 1
599 1
601 1
607 1
613 1
617 1
619 1
631 1
641 1
643 1
647 1
653 1
659 1
661 1
673 1
677 1
683 1
691 1
701 1
709 1
719 1
727 1
733 1
739 1
743 1
751 1
757 1
761 1
769 1
773 1
787 1
797 1
809 1
811 1
821 1
823 1
827 1
829 1
839 1
853 1
857 1
859 1
863 1
877 1
881 1
883 1
887 1
907 1
911 1
919 1
929 1
937 1
941 1
947 1
953 1
967 1
971 1
977 1
983 1
991 1
997 1
1009 1
1013 1
1019 1
1021 1
1031 1
1033 1
1039 1
1049 1
1051 1
1061 1
1063 1
1069 1
1087 1
1091 1
1093 1
1097 1
1103 1
1109 1
1117 1
1123 1
1129 1
1151 1
1153 1
1163 1
1171 1
1181 1
1187 1
1193 1
1201 1
1213 1
1217 1
1223 1
1229 1
1231 1
1237 1
1249 1
1259 1
1277 1
1279 1
1283 1
1289 1
1291 1
1297 1
1301 1
1303 1
1307 1
1319 1
1321 1
1327 1
1361 1
1367 1
1373 1
1381 1
1399 1
1409 1
1423 1
1427 1
1429 1
1433 1
1439 1
1447 1
1451 1
1453 1
1459 1
1471 1
1481 1
1483 1
1487 1
1489 1
1493 1
1499 1
1511 1
1523 1
1531 1
1543 1
1549 1
1553 1
1559 1
1567 1
1571 1
1579 1
1583 1
1597 1
1601 1
1607 1
1609 1
1613 1
1619 1
1621 1
1627 1
1637 1
1657 1
1663 1
1667 1
1669 1
1693 1
1697 1
1699 1
1709 1
1721 1
1723 1
1733 1
1741 1
1747 1
1753 1
1759 1
1777 1
1783 1
1787 1
1789 1
1801 1
1811 1
1823 1
1831 1
1847 1
1861 1
1867 1
1871 1
1873 1
1877 1
1879 1
1889 1
1901 1
1907 1
1913 1
1931 1
1933 1
1949 1
1951 1
1973 1
1979 1
1987 1
1993 1
1997 1
1999 1
2003 1
2011 1
2017 1
2027 1
2029 1
2039 1
2053 1
2063 1
2069 1
2081 1
2083 1
2087 1
2089 1
2099 1
2111 1
2113 1
2129 1
2131 1
2137 1
2141 1
2143 1
2153 1
2161 1
2179 1
2203 1
2207 1
2213 1
2221 1
2237 1
2239 1
2243 1
2251 1
2267 1
2269 1
2273 1
2281 1
2287 1
2293 1
2297 1
2309 1
2311 1
2333 1
2339 1
2341 1
2347 1
2351 1
2357 1
2371 1
2377 1
2381 1
2383 1
2389 1
2393 1
2399 1
2411 1
2417 1
2423 1
2437 1
2441 1
2447 1
2459 1
2467 1
2473 1
2477 1
2503 1
2521 1
2531 1
2539 1
2543 1
2549 1
2551 1
2557 1
2579 1
2591 1
2593 1
2609 1
2617 1
2621 1
2633 1
2647 1
2657 1
2659 1
2663 1
2671 1
2677 1
2683 1
2687 1
2689 1
2693 1
2699 1
2707 1
2711 1
2713 1
2719 1
2729 1
2731 1
2741 1
2749 1
2753 1
2767 1
2777 1
2789 1
2791 1
2797 1
2801 1
2803 1
2819 1
2833 1
2837 1
2843 1
2851 1
2857 1
2861 1
2879 1
2887 1
2897 1
2903 1
2909 1
2917 1
2927 1
2939 1
2953 1
2957 1
2963 1
2969 1
2971 1
2999 1
3001 1
3011 1
3019 1
3023 1
3037 1
3041 1
3049 1
3061 1
3067 1
3079 1
3083 1
3089 1
3109 1
3119 1
3121 1
3137 1
3163 1
3167 1
3169 1
3181 1
3187 1
3191 1
3203 1
3209 1
3217 1
3221 1
3229 1
3251 1
3253 1
3257 1
3259 1
3271 1
3299 1
3301 1
3307 1
3313 1
3319 1
3323 1
3329 1
3331 1
3343 1
3347 1
3359 1
3361 1
3371 1
3373 1
3389 1
3391 1
3407 1
3413 1
3433 1
3449 1
3457 1
3461 1
3463 1
3467 1
3469 1
3491 1
3499 1
3511 1
3517 1
3527 1
3529 1
3533 1
3539 1
3541 1
3547 1
3557 1
3559 1
3571 1
3581 1
3583 1
3593 1
3607 1
3613 1
3617 1
3623 1
3631 1
3637 1
3643 1
3659 1
3671 1
3673 1
3677 1
3691 1
3697 1
3701 1
3709 1
3719 1
3727 1
3733 1
3739 1
3761 1
3767 1
3769 1
3779 1
3793 1
3797 1
3803 1
3821 1
3823 1
3833 1
3847 1
3851 1
3853 1
3863 1
3877 1
3881 1
3889 1
3907 1
3911 1
3917 1
3919 1
3923 1
3929 1
3931 1
3943 1
3947 1
3967 1
3989 1
4001 1
4003 1
4007 1
4013 1
4019 1
4021 1
4027 1
4049 1
4051 1
4057 1
4073 1
4079 1
4091 1
4093 1
4099 1
4111 1
4127 1
4129 1
4133 1
4139 1
4153 1
4157 1
4159 1
4177 1
4201 1
4211 1
4217 1
4219 1
4229 1
4231 1
4241 1
4243 1
4253 1
4259 1
4261 1
4271 1
4273 1
4283 1
4289 1
4297 1
4327 1
4337 1
4339 1
4349 1
4357 1
4363 1
4373 1
4391 1
4397 1
4409 1
4421 1
4423 1
4441 1
4447 1
4451 1
4457 1
4463 1
4481 1
4483 1
4493 1
4507 1
4513 1
4517 1
4519 1
4523 1
4547 1
4549 1
4561 1
4567 1
4583 1
4591 1
4597 1
4603 1
4621 1
4637 1
4639 1
4643 1
4649 1
4651 1
4657 1
4663 1
4673 1
4679 1
4691 1
4703 1
4721 1
4723 1
4729 1
4733 1
4751 1
4759 1
4783 1
4787 1
4789 1
4793 1
4799 1
4801 1
4813 1
4817 1
4831 1
4861 1
4871 1
4877 1
4889 1
4903 1
4909 1
4919 1
4931 1
4933 1
4937 1
4943 1
4951 1
4957 1
4967 1
4969 1
4973 1
4987 1
4993 1
4999 1
5003 1
5009 1
5011 1
5021 1
5023 1
5039 1
5051 1
5059 1
5077 1
5081 1
5087 1
5099 1
5101 1
5107 1
5113 1
5119 1
5147 1
5153 1
5167 1
5171 1
5179 1
5189 1
5197 1
5209 1
5227 1
5231 1
5233 1
5237 1
5261 1
5273 1
5279 1
5281 1
5297 1
5303 1
5309 1
5323 1
5333 1
5347 1
5351 1
5381 1
5387 1
5393 1
5399 1
5407 1
5413 1
5417 1
5419 1
5431 1
5437 1
5441 1
5443 1
5449 1
5471 1
5477 1
5479 1
5483 1
5501 1
5503 1
5507 1
5519 1
5521 1
5527 1
5531 1
5557 1
5563 1
5569 1
5573 1
5581 1
5591 1
5623 1
5639 1
5641 1
5647 1
5651 1
5653 1
5657 1
5659 1
5669 1
5683 1
5689 1
5693 1
5701 1
5711 1
5717 1
5737 1
5741 1
5743 1
5749 1
5779 1
5783 1
5791 1
5801 1
5807 1
5813 1
5821 1
5827 1
5839 1
5843 1
5849 1
5851 1
5857 1
5861 1
5867 1
5869 1
5879 1
5881 1
5897 1
5903 1
5923 1
5927 1
5939 1
5953 1
5981 1
5987 1
6007 1
6011 1
6029 1
6037 1
6043 1
6047 1
6053 1
6067 1
6073 1
6079 1
6089 1
6091 1
6101 1
6113 1
6121 1
6131 1
6133 1
6143 1
6151 1
6163 1
6173 1
6197 1
6199 1
6203 1
6211 1
6217 1
6221 1
6229 1
6247 1
6257 1
6263 1
6269 1
6271 1
6277 1
6287 1
6299 1
6301 1
6311 1
6317 1
6323 1
6329 1
6337 1
6343 1
6353 1
6359 1
6361 1
6367 1
6373 1
6379 1
6389 1
6397 1
6421 1
6427 1
6449 1
6451 1
6469 1
6473 1
6481 1
6491 1
6521 1
6529 1
6547 1
6551 1
6553 1
6563 1
6569 1
6571 1
6577 1
6581 1
6599 1
6607 1
6619 1
6637 1
6653 1
6659 1
6661 1
6673 1
6679 1
6689 1
6691 1
6701 1
6703 1
6709 1
6719 1
6733 1
6737 1
6761 1
6763 1
6779 1
6781 1
6791 1
6793 1
6803 1
6823 1
6827 1
6829 1
6833 1
6841 1
6857 1
6863 1
6869 1
6871 1
6883 1
6899 1
6907 1
6911 1
6917 1
6947 1
6949 1
6959 1
6961 1
6967 1
6971 1
6977 1
6983 1
6991 1
6997 1
7001 1
7013 1
7019 1
7027 1
7039 1
7043 1
7057 1
7069 1
7079 1
7103 1
7109 1
7121 1
7127 1
7129 1
7151 1
7159 1
7177 1
7187 1
7193 1
7207 1
7211 1
7213 1
7219 1
7229 1
7237 1
7243 1
7247 1
7253 1
7283 1
7297 1
7307 1
7309 1
7321 1
7331 1
7333 1
7349 1
7351 1
7369 1
7393 1
7411 1
7417 1
7433 1
7451 1
7457 1
7459 1
7477 1
7481 1
7487 1
7489 1
7499 1
7507 1
7517 1
7523 1
7529 1
7537 1
7541 1
7547 1
7549 1
7559 1
7561 1
7573 1
7577 1
7583 1
7589 1
7591 1
7603 1
7607 1
7621 1
7639 1
7643 1
7649 1
7669 1
7673 1
7681 1
7687 1
7691 1
7699 1
7703 1
7717 1
7723 1
7727 1
7741 1
7753 1
7757 1
7759 1
7789 1
7793 1
7817 1
7823 1
7829 1
7841 1
7853 1
7867 1
7873 1
7877 1
7879 1
7883 1
7901 1
7907 1
7919 1
7927 1
7933 1
7937 1
7949 1
7951 1
7963 1
7993 1
8009 1
8011 1
8017 1
8039 1
8053 1
8059 1
8069 1
8081 1
8087 1
8089 1
8093 1
8101 1
8111 1
8117 1
8123 1
8147 1
8161 1
8167 1
8171 1
8179 1
8191 1
8209 1
8219 1
8221 1
8231 1
8233 1
8237 1
8243 1
8263 1
8269 1
8273 1
8287 1
8291 1
8293 1
8297 1
8311 1
8317 1
8329 1
8353 1
8363 1
8369 1
8377 1
8387 1
8389 1
8419 1
8423 1
8429 1
8431 1
8443 1
8447 1
8461 1
8467 1
8501 1
8513 1
8521 1
8527 1
8537 1
8539 1
8543 1
8563 1
8573 1
8581 1
8597 1
8599 1
8609 1
8623 1
8627 1
8629 1
8641 1
8647 1
8663 1
8669 1
8677 1
8681 1
8689 1
8693 1
8699 1
8707 1
8713 1
8719 1
8731 1
8737 1
8741 1
8747 1
8753 1
8761 1
8779 1
8783 1
8803 1
8807 1
8819 1
8821 1
8831 1
8837 1
8839 1
8849 1
8861 1
8863 1
8867 1
8887 1
8893 1
8923 1
8929 1
8933 1
8941 1
8951 1
8963 1
8969 1
8971 1
8999 1
9001 1
9007 1
9011 1
9013 1
9029 1
9041 1
9043 1
9049 1
9059 1
9067 1
9091 1
9103 1
9109 1
9127 1
9133 1
9137 1
9151 1
9157 1
9161 1
9173 1
9181 1
9187 1
9199 1
9203 1
9209 1
9221 1
9227 1
9239 1
9241 1
9257 1
9277 1
9281 1
9283 1
9293 1
9311 1
9319 1
9323 1
9337 1
9341 1
9343 1
9349 1
9371 1
9377 1
9391 1
9397 1
9403 1
9413 1
9419 1
9421 1
9431 1
9433 1
9437 1
9439 1
9461 1
9463 1
9467 1
9473 1
9479 1
9491 1
9497 1
9511 1
9521 1
9533 1
9539 1
9547 1
9551 1
9587 1
9601 1
9613 1
9619 1
9623 1
9629 1
9631 1
9643 1
9649 1
9661 1
9677 1
9679 1
9689 1
9697 1
9719 1
9721 1
9733 1
9739 1
9743 1
9749 1
9767 1
9769 1
9781 1
9787 1
9791 1
9803 1
9811 1
9817 1
9829 1
9833 1
9839 1
9851 1
9857 1
9859 1
9871 1
9883 1
9887 1
9901 1
9907 1
9923 1
9929 1
9931 1
9941 1
9949 1
9967 1
9973 1
1
